300 300 450 235 0 0 0
300 300 453 232 0 0 0
300 300 456 229 0 0 0
300 300 459 226 0 0 0
300 300 462 223 0 0 0
300 300 465 220 0 0 0
300 300 468 217 0 0 0
300 300 471 214 0 0 0
300 300 474 211 0 0 0
300 300 477 208 0 0 0
300 300 480 205 0 0 0
300 300 483 202 0 0 0
300 300 486 199 0 0 0
300 300 489 196 0 0 0
300 300 492 193 0 0 0
300 300 495 190 0 0 0
300 300 498 187 0 0 0
300 300 501 184 0 0 0
300 300 504 181 0 0 0
300 300 507 178 0 0 0
300 300 510 175 0 0 0
300 300 513 172 0 0 0
300 300 516 169 0 0 0
300 300 519 166 0 0 0
300 300 522 163 0 0 0
300 300 525 160 0 0 0
300 300 528 157 0 0 0
300 300 531 154 0 0 0
300 300 534 151 0 0 0
300 300 537 148 0 -8 0
300 292 540 145 0 -8 0
300 284 543 142 0 -8 0
300 276 546 139 0 -8 0
300 268 549 136 0 -8 0
300 260 552 133 0 -8 0
300 252 555 130 0 -8 0
300 244 558 127 0 -8 0
300 236 561 124 0 -8 0
300 228 564 121 0 -8 0
300 220 567 118 0 -8 0
300 212 570 115 0 -8 0
300 204 573 112 0 -8 0
300 196 576 109 0 -8 0
300 188 579 106 0 -8 0
300 180 582 103 0 -8 0
300 172 585 100 0 -8 0
300 164 588 97 0 -8 0
300 156 591 94 0 -8 0
300 148 594 91 0 -8 0
300 140 597 88 0 -8 0
300 132 600 85 0 -8 0
300 124 603 82 0 -8 0
300 116 606 79 0 -8 0
300 108 609 76 0 -8 0
300 100 612 73 0 -8 0
300 92 615 70 0 -8 0
300 84 618 67 0 -8 0
300 76 621 64 0 -8 0
300 68 624 61 0 -8 0
300 60 627 58 0 -8 0
300 60 630 55 0 -8 0
300 60 633 52 0 -8 0
300 60 636 49 0 -8 0
300 60 639 46 0 -8 0
300 60 642 43 0 -8 0
300 60 645 40 0 -8 0
300 60 648 37 0 -8 0
300 60 651 34 0 -8 0
300 60 654 31 0 -8 0
300 60 657 28 0 0 0
300 60 660 25 0 0 0
300 60 663 22 0 0 0
300 60 666 19 0 0 0
300 60 669 16 0 0 0
300 60 672 13 0 0 0
300 60 675 10 0 0 0
300 60 678 13 0 0 0
300 60 681 16 0 0 0
300 60 684 19 0 0 0
300 60 687 22 0 0 0
300 60 690 25 0 0 0
300 60 693 28 0 0 0
300 60 696 31 0 0 0
300 60 699 34 0 0 0
300 60 702 37 0 0 0
300 60 705 40 0 0 0
300 60 708 43 0 0 0
300 60 711 46 0 0 0
300 60 714 49 0 0 0
300 60 717 52 0 0 0
300 60 720 55 0 0 0
300 60 723 58 0 0 0
300 60 726 61 0 0 0
300 60 729 64 0 0 0
300 60 732 67 0 0 0
300 60 735 70 0 0 0
300 60 738 73 0 0 0
300 60 741 76 0 0 0
300 60 744 79 0 0 0
300 60 747 82 0 8 0
300 68 750 85 0 8 0
300 76 753 88 0 8 0
300 84 756 91 0 8 0
300 92 759 94 0 8 0
300 100 762 97 0 8 0
300 108 765 100 0 8 0
300 116 768 103 0 8 0
300 124 771 106 0 8 0
300 132 774 109 0 8 0
300 140 777 112 0 8 0
300 148 780 115 0 8 0
300 156 783 118 0 8 0
300 164 780 121 0 8 0
300 172 777 124 0 8 0
300 180 774 127 0 8 0
300 188 771 130 0 0 0
300 188 768 133 0 0 0
300 188 765 136 0 0 0
300 188 762 139 0 0 0
300 188 759 142 0 0 0
300 188 756 145 0 0 0
300 188 753 148 0 0 0
300 188 750 151 0 0 0
300 188 747 154 0 0 0
300 188 744 157 0 0 0
300 188 741 160 0 0 0
300 188 738 163 0 0 0
300 188 735 166 0 0 0
300 188 732 169 0 0 0
300 188 729 172 0 0 0
300 188 726 175 0 0 0
300 188 723 178 0 0 0
300 188 720 181 0 0 0
300 188 717 184 0 0 0
300 188 714 187 0 0 0
300 188 711 190 0 0 0
300 188 708 193 0 0 0
300 188 705 196 0 0 0
300 188 702 199 0 0 0
300 188 699 202 0 0 0
300 188 696 205 0 0 0
300 188 693 208 0 0 0
300 188 690 211 0 0 0
300 188 687 214 0 0 0
300 188 684 217 0 0 0
300 188 681 220 0 0 0
300 188 678 223 0 0 0
300 188 675 226 0 0 0
300 188 672 229 8 0 0
308 188 669 232 8 0 0
316 188 666 235 8 0 0
324 188 663 238 8 0 0
332 188 660 241 8 0 0
340 188 657 244 8 0 0
348 188 654 247 8 0 0
356 188 651 250 8 0 0
364 188 648 253 8 0 0
372 188 645 256 8 0 0
380 188 642 259 8 0 0
388 188 639 262 8 0 0
396 188 636 265 8 0 0
404 188 633 268 8 0 0
412 188 630 271 8 0 0
420 188 627 274 8 0 0
428 188 624 277 8 0 0
436 188 621 280 8 0 0
444 188 618 283 8 0 0
452 188 615 286 8 0 0
460 188 612 289 8 0 0
468 188 609 292 8 0 0
476 188 606 295 8 0 0
484 188 603 298 8 0 0
492 188 600 301 8 0 0
500 188 597 304 8 0 0
508 188 594 307 8 0 0
516 188 591 310 8 0 0
524 188 588 313 8 0 0
532 188 585 316 8 0 0
540 188 582 319 8 0 0
540 188 579 322 8 0 0
540 188 576 325 8 0 0
540 188 573 328 8 0 0
540 188 570 331 8 0 0
540 188 567 334 8 0 0
540 188 564 337 8 0 0
540 188 561 340 8 0 0
540 188 558 343 8 0 0
540 188 555 346 0 0 0
540 188 552 349 0 0 0
540 188 549 352 0 0 0
540 188 546 355 0 0 0
540 188 543 358 0 0 0
540 188 540 361 0 0 0
540 188 537 364 0 0 0
540 188 534 367 0 0 0
540 188 531 370 0 0 0
540 188 528 373 0 0 0
540 188 525 376 0 0 0
540 188 522 379 0 0 0
540 188 519 382 0 0 0
540 188 516 385 0 0 0
540 188 513 388 0 0 0
540 188 510 391 0 0 0
540 188 507 394 0 0 0
540 188 504 397 0 0 0
540 188 501 400 0 0 0
540 188 498 403 0 0 0
540 188 495 406 0 0 0
540 188 492 409 0 0 0
540 188 489 412 0 0 0
540 188 486 415 0 0 0
540 188 483 418 0 0 0
540 188 480 421 0 0 0
540 188 477 424 0 0 0
540 188 474 427 0 0 0
540 188 471 430 0 0 0
540 188 468 433 0 0 0
540 188 465 436 0 0 0
540 188 462 439 0 0 0
540 188 459 442 0 0 0
540 188 456 445 0 0 0
540 188 453 448 0 0 0
540 188 450 451 0 0 0
540 188 447 454 0 0 0
540 188 444 457 0 0 0
540 188 441 460 0 0 0
540 188 438 463 0 0 0
540 188 435 466 0 0 0
540 188 432 469 0 0 0
540 188 429 472 0 0 0
540 188 426 475 0 0 0
540 188 423 478 0 0 0
540 188 420 481 0 0 0
540 188 417 484 0 0 0
540 188 414 487 0 0 0
540 188 411 490 0 0 0
540 188 408 493 0 0 0
540 188 405 496 0 0 0
540 188 402 499 0 0 0
540 188 399 502 0 0 0
540 188 396 505 0 0 0
540 188 393 508 0 0 0
540 188 390 511 0 0 0
540 188 387 514 0 0 0
540 188 384 517 0 0 0
540 188 381 520 0 0 0
540 188 378 523 0 0 0
540 188 375 526 0 0 0
540 188 372 529 0 0 0
540 188 369 532 0 0 0
540 188 366 535 0 0 0
540 188 363 538 0 0 0
540 188 360 541 0 0 0
540 188 357 544 0 0 0
540 188 354 547 -8 0 0
532 188 351 550 -8 0 0
524 188 348 553 -8 0 0
516 188 345 556 -8 0 0
508 188 342 559 -8 0 0
500 188 339 562 -8 0 0
492 188 336 565 -8 0 0
484 188 333 568 -8 0 0
476 188 330 571 -8 0 0
468 188 327 574 -8 0 0
460 188 324 577 -8 0 0
452 188 321 580 -8 0 0
444 188 318 583 -8 0 0
436 188 315 586 -8 0 0
428 188 312 589 -8 0 0
420 188 309 592 -8 0 0
412 188 306 589 -8 0 0
404 188 303 586 -8 0 0
396 188 300 583 -8 0 0
388 188 297 580 -8 0 0
380 188 294 577 -8 0 0
372 188 291 574 -8 0 0
364 188 288 571 -8 0 0
356 188 285 568 -8 0 0
348 188 282 565 -8 0 0
340 188 279 562 -8 0 0
332 188 276 559 -8 0 0
324 188 273 556 -8 0 0
316 188 270 553 -8 0 0
308 188 267 550 -8 0 0
300 188 264 547 -8 0 0
292 188 261 544 -8 0 0
284 188 258 541 -8 0 0
276 188 255 538 -8 0 0
268 188 252 535 -8 0 0
260 188 249 532 -8 0 0
252 188 246 529 -8 0 0
244 188 243 526 -8 0 0
236 188 240 523 0 0 0
236 188 237 520 0 0 0
236 188 234 517 0 0 0
236 188 231 514 0 0 0
236 188 228 511 0 0 0
236 188 225 508 0 0 0
236 188 222 505 0 0 0
236 188 219 502 0 0 0
236 188 216 499 0 0 0
236 188 213 496 0 0 0
236 188 210 493 0 0 0
236 188 207 490 8 0 0
244 188 204 487 8 0 0
252 188 201 484 8 0 0
260 188 198 481 8 0 0
268 188 195 478 8 0 0
276 188 192 475 8 0 0
284 188 189 472 8 0 0
292 188 186 469 8 0 0
300 188 183 466 8 0 0
308 188 180 463 8 0 0
316 188 177 460 8 0 0
324 188 174 457 8 0 0
332 188 171 454 8 0 0
340 188 168 451 8 0 0
348 188 165 448 8 0 0
356 188 162 445 8 0 0
364 188 159 442 8 0 0
372 188 156 439 8 0 0
380 188 153 436 8 0 0
388 188 150 433 0 0 0
388 188 147 430 0 0 0
388 188 144 427 0 0 0
388 188 141 424 0 0 0
388 188 138 421 0 0 0
388 188 135 418 0 0 0
388 188 132 415 0 0 0
388 188 129 412 0 0 0
388 188 126 409 0 0 0
388 188 123 406 0 0 0
388 188 120 403 0 0 0
388 188 117 400 0 0 0
388 188 114 397 0 0 0
388 188 111 394 0 0 0
388 188 108 391 0 0 0
388 188 105 388 0 0 0
388 188 102 385 0 0 0
388 188 99 382 0 0 0
388 188 96 379 0 0 0
388 188 93 376 0 0 0
388 188 90 373 0 0 0
388 188 87 370 0 0 0
388 188 84 367 0 0 0
388 188 81 364 0 0 0
388 188 78 361 0 0 0
388 188 75 358 0 0 0
388 188 72 355 0 0 0
388 188 69 352 -8 0 0
380 188 66 349 -8 0 0
372 188 63 346 -8 0 0
364 188 60 343 -8 0 0
356 188 57 340 -8 0 0
348 188 54 337 -8 0 0
340 188 51 334 -8 0 0
332 188 48 331 -8 0 0
324 188 45 328 -8 0 0
316 188 42 325 0 0 0
316 188 39 322 0 0 0
316 188 36 319 0 0 0
316 188 33 316 0 0 0
316 188 30 313 0 0 0
316 188 27 310 0 0 0
316 188 24 307 0 0 0
316 188 21 304 0 0 0
316 188 18 301 0 0 0
316 188 21 298 0 0 0
316 188 24 295 0 0 0
316 188 27 292 0 0 0
316 188 30 289 0 0 0
316 188 33 286 0 0 0
316 188 36 283 0 0 0
316 188 39 280 0 0 0
316 188 42 277 0 0 0
316 188 45 274 0 0 0
316 188 48 271 0 0 0
316 188 51 268 0 0 0
316 188 54 265 0 0 0
316 188 57 262 0 0 0
316 188 60 259 0 0 0
316 188 63 256 0 0 0
316 188 66 253 0 0 0
316 188 69 250 0 0 0
316 188 72 247 0 0 0
316 188 75 244 0 0 0
316 188 78 241 0 8 0
316 196 81 238 0 8 0
316 204 84 235 0 8 0
316 212 87 232 0 8 0
316 220 90 229 0 8 0
316 228 93 226 0 8 0
316 236 96 223 0 8 0
316 244 99 220 0 8 0
316 252 102 217 0 8 0
316 260 105 214 0 8 0
316 268 108 211 0 8 0
316 276 111 208 0 8 0
316 284 114 205 0 8 0
316 292 117 202 0 8 0
316 300 120 199 0 8 0
316 308 123 196 0 8 0
316 316 126 193 0 8 0
316 324 129 190 0 8 0
316 332 132 187 0 8 0
316 340 135 184 0 8 0
316 348 138 181 0 8 0
316 356 141 178 0 8 0
316 364 144 175 0 8 0
316 372 147 172 0 8 0
316 380 150 169 0 8 0
316 388 153 166 0 8 0
316 396 156 163 0 8 0
316 404 159 160 0 8 0
316 412 162 157 0 8 0
316 420 165 154 0 8 0
316 428 168 151 0 8 0
316 436 171 148 0 8 0
316 444 174 145 0 8 0
316 452 177 142 0 8 0
316 460 180 139 0 8 0
316 468 183 136 0 8 0
316 476 186 133 0 8 0
316 484 189 130 0 8 0
316 492 192 127 0 8 0
316 500 195 124 0 8 0
316 508 198 121 0 8 0
316 516 201 118 0 8 0
316 524 204 115 0 8 0
316 532 207 112 0 8 0
316 540 210 109 0 8 0
316 540 213 106 0 8 0
316 540 216 103 0 8 0
316 540 219 100 0 8 0
316 540 222 97 0 8 0
316 540 225 94 0 8 0
316 540 228 91 0 8 0
316 540 231 88 0 8 0
316 540 234 85 0 0 0
316 540 237 82 0 0 0
316 540 240 79 0 0 0
316 540 243 76 0 0 0
316 540 246 73 0 0 0
316 540 249 70 0 0 0
316 540 252 67 0 0 0
316 540 255 64 0 0 0
316 540 258 61 0 0 0
316 540 261 58 0 0 0
316 540 264 55 0 0 0
316 540 267 52 0 0 0
316 540 270 49 0 0 0
316 540 273 46 0 0 0
316 540 276 43 0 0 0
316 540 279 40 0 0 0
316 540 282 37 0 0 0
316 540 285 34 0 0 0
316 540 288 31 0 0 0
316 540 291 28 0 0 0
316 540 294 25 0 0 0
316 540 297 22 0 0 0
316 540 300 19 0 0 0
316 540 303 16 0 0 0
316 540 306 13 0 0 0
316 540 309 10 0 0 0
316 540 312 13 0 0 0
316 540 315 16 0 0 0
316 540 318 19 0 0 0
316 540 321 22 0 0 0
316 540 324 25 0 0 0
316 540 327 28 0 0 0
316 540 330 31 0 0 0
316 540 333 34 0 0 0
316 540 336 37 0 0 0
316 540 339 40 0 0 0
316 540 342 43 0 0 0
316 540 345 46 0 0 0
316 540 348 49 0 0 0
316 540 351 52 0 0 0
316 540 354 55 0 0 0
316 540 357 58 0 0 0
316 540 360 61 0 0 0
316 540 363 64 0 0 0
316 540 366 67 0 0 0
316 540 369 70 0 0 0
316 540 372 73 0 0 0
316 540 375 76 0 0 0
316 540 378 79 0 0 0
316 540 381 82 0 -8 0
316 532 384 85 0 -8 0
316 524 387 88 0 -8 0
316 516 390 91 0 -8 0
316 508 393 94 0 -8 0
316 500 396 97 0 -8 0
316 492 399 100 0 -8 0
316 484 402 103 0 -8 0
316 476 405 106 0 -8 0
316 468 408 109 0 -8 0
316 460 411 112 0 -8 0
316 452 414 115 0 -8 0
316 444 417 118 0 -8 0
316 436 420 121 0 -8 0
316 428 423 124 0 -8 0
316 420 426 127 0 -8 0
316 412 429 130 0 -8 0
316 404 432 133 0 -8 0
316 396 435 136 0 -8 0
316 388 438 139 0 -8 0
316 380 441 142 0 -8 0
316 372 444 145 0 -8 0
316 364 447 148 0 -8 0
316 356 450 151 0 -8 0
316 348 453 154 0 -8 0
316 340 456 157 0 -8 0
316 332 459 160 0 -8 0
316 324 462 163 0 -8 0
316 316 465 166 0 -8 0
316 308 468 169 0 -8 0
316 300 471 172 0 -8 0
316 292 474 175 0 -8 0
316 284 477 178 0 -8 0
316 276 480 181 0 -8 0
316 268 483 184 0 -8 0
316 260 486 187 0 -8 0
316 252 489 190 0 -8 0
316 244 492 193 0 -8 0
316 236 495 196 0 -8 0
316 228 498 199 0 -8 0
316 220 501 202 0 -8 0
316 212 504 205 0 -8 0
316 204 507 208 0 -8 0
316 196 510 211 0 -8 0
316 188 513 214 0 -8 0
316 180 516 217 0 -8 0
316 172 519 220 0 -8 0
316 164 522 223 0 -8 0
316 156 525 226 0 -8 0
316 148 528 229 0 -8 0
316 140 531 232 0 -8 0
316 132 534 235 0 -8 0
316 124 537 238 0 -8 0
316 116 540 241 0 -8 0
316 108 543 244 0 -8 0
316 100 546 247 0 -8 0
316 92 549 250 0 -8 0
316 84 552 253 0 -8 0
316 76 555 256 0 -8 0
316 68 558 259 0 -8 0
316 60 561 262 0 -8 0
316 60 564 265 0 -8 0
316 60 567 268 0 -8 0
316 60 570 271 0 -8 0
316 60 573 274 0 -8 0
316 60 576 277 0 -8 0
316 60 579 280 0 -8 0
316 60 582 283 0 -8 0
316 60 585 286 0 -8 0
316 60 588 289 0 -8 0
316 60 591 292 0 -8 0
316 60 594 295 0 -8 0
316 60 597 298 0 -8 0
316 60 600 301 0 -8 0
316 60 603 304 0 -8 0
316 60 606 307 0 -8 0
316 60 609 310 0 -8 0
316 60 612 313 0 -8 0
316 60 615 316 0 -8 0
316 60 618 319 0 -8 0
316 60 621 322 0 -8 0
316 60 624 325 0 0 0
316 60 627 328 0 0 0
316 60 630 331 0 0 0
316 60 633 334 0 0 0
316 60 636 337 0 0 0
316 60 639 340 0 0 0
316 60 642 343 0 0 0
316 60 645 346 0 0 0
316 60 648 349 0 0 0
316 60 651 352 0 0 0
316 60 654 355 0 0 0
316 60 657 358 0 0 0
316 60 660 361 0 0 0
316 60 663 364 0 0 0
316 60 666 367 0 0 0
316 60 669 370 0 0 0
316 60 672 373 0 0 0
316 60 675 376 0 0 0
316 60 678 379 0 0 0
316 60 681 382 0 0 0
316 60 684 385 0 0 0
316 60 687 388 0 0 0
316 60 690 391 0 0 0
316 60 693 394 0 0 0
316 60 696 397 0 0 0
316 60 699 400 0 0 0
316 60 702 403 0 0 0
316 60 705 406 0 0 0
316 60 708 409 0 0 0
316 60 711 412 0 0 0
316 60 714 415 0 0 0
316 60 717 418 0 0 0
316 60 720 421 0 0 0
316 60 723 424 0 0 0
316 60 726 427 0 0 0
316 60 729 430 0 0 0
316 60 732 433 0 0 0
316 60 735 436 0 0 0
316 60 738 439 0 0 0
316 60 741 442 0 0 0
316 60 744 445 0 0 0
316 60 747 448 0 0 0
316 60 750 451 0 0 0
316 60 753 454 0 0 0
316 60 756 457 0 0 0
316 60 759 460 0 0 0
316 60 762 463 0 0 0
316 60 765 466 0 0 0
316 60 768 469 0 0 0
316 60 771 472 0 0 0
316 60 774 475 0 0 0
316 60 777 478 0 0 0
316 60 780 481 0 0 0
316 60 783 484 0 0 1
