392 77 406 441 0 0 0
392 77 403 438 0 -8 0
392 69 400 435 0 8 0
392 77 397 432 0 0 0
392 77 394 429 0 0 0
392 77 391 426 0 -8 0
392 69 388 423 0 -8 0
392 61 385 420 0 -8 0
392 60 382 417 0 0 0
392 60 379 414 0 8 0
392 68 376 411 0 0 0
392 68 373 408 0 0 0
392 68 370 405 0 8 0
392 76 367 402 0 0 0
392 76 364 399 0 0 0
392 76 361 396 0 -8 0
392 68 358 393 0 0 0
392 68 355 390 0 0 0
392 68 352 387 0 -8 0
392 60 349 384 0 0 0
392 60 346 381 0 -8 0
392 60 343 378 0 -8 0
392 60 340 375 0 -8 0
392 60 337 372 0 8 0
392 68 334 369 0 0 0
392 68 331 366 0 8 0
392 76 328 363 0 8 0
392 84 325 360 0 -8 0
392 76 322 357 0 8 0
392 84 319 354 0 8 0
392 92 316 351 0 0 0
392 92 313 348 0 0 0
392 92 310 345 0 8 0
392 100 307 342 0 8 0
392 108 304 339 -8 0 0
384 108 301 336 0 8 0
384 116 298 333 -8 8 0
376 124 295 330 0 0 0
376 124 292 327 0 -8 0
376 116 289 324 -8 0 0
368 116 286 321 0 0 0
368 116 283 318 0 -8 0
368 108 280 315 -8 8 0
360 116 277 312 0 8 0
360 124 274 309 -8 8 0
352 132 271 306 0 0 0
352 132 268 303 0 -8 0
352 124 265 300 -8 -8 0
344 116 262 297 0 8 0
344 124 259 294 0 0 0
344 124 256 291 -8 0 0
336 124 253 288 0 -8 0
336 116 250 285 -8 8 0
328 124 247 282 0 8 0
328 132 244 279 0 -8 0
328 124 241 276 -8 0 0
320 124 238 273 0 -8 0
320 116 235 270 0 8 0
320 124 232 267 -8 8 0
312 132 229 264 0 0 0
312 132 226 261 -8 8 0
304 140 223 258 0 0 0
304 140 220 255 0 8 0
304 148 217 252 -8 0 0
296 148 214 249 0 -8 0
296 140 211 246 0 -8 0
296 132 208 243 -8 -8 0
288 124 205 240 0 8 0
288 132 202 237 -8 8 0
280 140 199 234 0 0 0
280 140 196 231 0 -8 0
280 132 193 228 -8 -8 0
272 124 190 225 0 0 0
272 124 187 222 0 0 0
272 124 184 219 -8 -8 0
264 116 181 216 0 8 0
264 124 178 213 -8 0 0
256 124 175 210 0 8 0
256 132 172 207 0 0 0
256 132 169 204 -8 0 0
248 132 166 201 0 0 0
248 132 163 198 0 0 0
248 132 160 195 -8 0 0
240 132 157 192 0 -8 0
240 124 154 189 -8 -8 0
232 116 151 186 0 -8 0
232 108 148 183 0 0 0
232 108 145 180 -8 0 0
224 108 142 177 0 8 0
224 116 139 174 0 0 0
224 116 136 171 -8 -8 0
216 108 133 168 0 -8 0
216 100 130 165 -8 -8 0
208 92 127 162 0 0 0
208 92 124 159 0 8 0
208 100 121 156 -8 0 0
200 100 118 153 0 8 0
200 108 115 150 0 0 0
200 108 112 147 -8 0 0
192 108 109 144 0 8 0
192 116 106 141 -8 -8 0
184 108 103 138 0 -8 0
184 100 100 135 0 8 0
184 108 97 132 -8 0 0
176 108 94 129 0 -8 0
176 100 91 126 0 0 0
176 100 88 123 -8 8 0
168 108 85 120 0 0 0
168 108 82 117 -8 0 0
160 108 79 114 0 -8 0
160 100 76 111 0 0 0
160 100 73 108 -8 8 0
152 108 70 105 0 -8 0
152 100 67 102 0 0 0
152 100 64 99 -8 -8 0
144 92 61 96 0 0 0
144 92 58 93 -8 0 0
136 92 55 90 0 -8 0
136 84 52 87 0 0 0
136 84 49 84 -8 -8 0
128 76 46 81 0 8 0
128 84 43 78 0 8 0
128 92 40 75 -8 -8 0
120 84 37 72 0 8 0
120 92 34 69 -8 -8 0
112 84 31 66 0 -8 0
112 76 28 63 0 8 0
112 84 25 60 -8 8 0
104 92 22 57 0 0 0
104 92 19 54 0 0 0
104 92 22 51 -8 8 0
96 100 25 48 0 -8 0
96 92 28 45 -8 -8 0
88 84 31 42 0 8 0
88 92 34 39 0 -8 0
88 84 37 36 -8 -8 0
80 76 40 33 0 0 0
80 76 43 30 0 0 0
80 76 46 27 -8 -8 0
72 68 49 24 0 0 0
72 68 52 21 -8 0 0
64 68 55 18 0 -8 0
64 60 58 15 0 0 0
64 60 61 12 -8 0 0
60 60 64 9 -8 8 0
60 68 67 12 0 8 0
60 76 70 15 0 0 0
60 76 73 18 0 -8 0
60 68 76 21 0 -8 0
60 60 79 24 0 -8 0
60 60 82 27 0 -8 0
60 60 85 30 0 0 0
60 60 88 33 0 0 0
60 60 91 36 0 0 0
60 60 94 39 0 -8 0
60 60 97 42 0 8 0
60 68 100 45 0 -8 0
60 60 103 48 0 8 0
60 68 106 51 0 0 0
60 68 109 54 0 8 0
60 76 112 57 0 0 0
60 76 115 60 0 -8 0
60 68 118 63 0 0 0
60 68 121 66 0 8 0
60 76 124 69 0 8 0
60 84 127 72 0 0 0
60 84 130 75 0 0 0
60 84 133 78 0 0 0
60 84 136 81 0 0 0
60 84 139 84 0 -8 0
60 76 142 87 0 0 0
60 76 145 90 0 8 0
60 84 148 93 0 0 0
60 84 151 96 0 8 0
60 92 154 99 0 -8 0
60 84 157 102 0 0 0
60 84 160 105 0 -8 0
60 76 163 108 0 -8 0
60 68 166 111 8 8 0
68 76 169 114 0 8 0
68 84 172 117 0 -8 0
68 76 175 120 8 8 0
76 84 178 123 0 8 0
76 92 181 126 0 8 0
76 100 184 129 8 0 0
84 100 187 132 0 0 0
84 100 190 135 8 0 0
92 100 193 138 0 -8 0
92 92 196 141 0 -8 0
92 84 199 144 8 8 0
100 92 202 147 0 0 0
100 92 205 150 0 0 0
100 92 208 153 8 8 0
108 100 211 156 0 0 0
108 100 214 159 8 0 0
116 100 217 162 0 0 0
116 100 220 165 0 0 0
116 100 223 168 8 8 0
124 108 226 171 0 0 0
124 108 229 174 0 8 0
124 116 232 177 8 -8 0
132 108 235 180 0 8 0
132 116 238 183 8 -8 0
140 108 241 186 0 0 0
140 108 244 189 0 0 0
140 108 247 192 8 0 0
148 108 250 195 0 0 0
148 108 253 198 0 -8 0
148 100 256 201 8 -8 0
156 92 259 204 0 0 0
156 92 262 207 8 0 0
164 92 265 210 0 8 0
164 100 268 213 0 -8 0
164 92 271 216 8 8 0
172 100 274 219 0 0 0
172 100 277 222 0 -8 0
172 92 280 225 8 0 0
180 92 283 228 0 0 0
180 92 286 231 8 8 0
188 100 289 234 0 0 0
188 100 292 237 0 -8 0
188 92 295 240 8 0 0
196 92 298 243 0 8 0
196 100 301 246 0 -8 0
196 92 304 249 8 -8 0
204 84 307 252 0 -8 0
204 76 310 255 8 8 0
212 84 313 258 0 8 0
212 92 316 261 0 0 0
212 92 319 264 8 0 0
220 92 322 267 0 8 0
220 100 325 270 0 8 0
220 108 328 273 8 -8 0
228 100 331 276 0 0 0
228 100 334 279 8 0 0
236 100 337 282 0 8 0
236 108 340 285 0 0 0
236 108 343 288 8 0 0
244 108 346 291 0 8 0
244 116 349 294 0 0 0
244 116 352 297 8 0 0
252 116 355 300 0 -8 0
252 108 358 303 8 -8 0
260 100 361 306 0 8 0
260 108 364 309 0 0 0
260 108 367 312 8 -8 0
268 100 370 315 0 -8 0
268 92 373 318 0 -8 0
268 84 376 321 8 -8 0
276 76 379 324 0 -8 0
276 68 382 327 8 8 0
284 76 385 330 0 8 0
284 84 388 333 0 -8 0
284 76 391 336 8 0 0
292 76 394 339 0 0 0
292 76 397 342 0 0 0
292 76 400 345 8 0 0
300 76 403 348 0 0 0
300 76 406 351 8 8 0
308 84 409 354 0 -8 0
308 76 412 357 0 0 0
308 76 415 360 8 8 0
316 84 418 363 0 0 0
316 84 421 366 0 -8 0
316 76 424 369 8 8 0
324 84 427 372 0 0 0
324 84 430 375 8 0 0
332 84 433 378 0 -8 0
332 76 436 381 0 0 0
332 76 439 384 8 0 0
340 76 442 387 0 0 0
340 76 445 390 0 -8 0
340 68 448 393 8 -8 0
348 60 451 396 0 0 0
348 60 454 399 8 0 0
356 60 457 402 0 8 0
356 68 460 405 0 8 0
356 76 463 408 8 8 0
364 84 466 411 0 8 0
364 92 469 414 0 -8 0
364 84 472 417 8 0 0
372 84 475 420 0 -8 0
372 76 478 423 8 0 0
380 76 481 426 0 0 0
380 76 484 429 0 0 0
380 76 487 432 8 8 0
388 84 490 435 0 8 0
388 92 493 438 0 -8 0
388 84 496 441 8 -8 0
396 76 499 444 0 8 0
396 84 502 447 8 0 0
404 84 505 450 0 0 0
404 84 508 453 0 8 0
404 92 511 456 8 -8 0
412 84 514 459 0 -8 0
412 76 517 462 0 8 0
412 84 520 465 8 -8 0
420 76 523 468 0 0 0
420 76 526 471 8 -8 0
428 68 529 474 0 8 0
428 76 532 477 0 8 0
428 84 535 480 8 8 0
436 92 538 483 0 8 0
436 100 541 486 0 -8 0
436 92 544 489 8 0 0
444 92 547 492 0 0 0
444 92 550 495 8 0 0
452 92 553 498 0 -8 0
452 84 556 501 0 8 0
452 92 559 504 8 0 0
460 92 562 507 0 -8 0
460 84 565 510 0 -8 0
460 76 568 513 8 8 0
468 84 571 516 0 -8 0
468 76 574 519 8 0 0
476 76 577 522 0 8 0
476 84 580 525 0 0 0
476 84 583 528 8 8 0
484 92 586 531 0 8 0
484 100 589 534 0 0 0
484 100 592 537 8 0 0
492 100 595 540 0 0 0
492 100 598 543 8 8 0
500 108 601 546 0 8 0
500 116 604 549 0 0 0
500 116 607 552 8 8 0
508 124 610 555 0 8 0
508 132 613 558 0 8 0
508 140 616 561 8 -8 0
516 132 619 564 0 8 0
516 140 622 567 8 8 0
524 148 625 570 0 -8 0
524 140 628 573 0 8 0
524 148 631 576 8 8 0
532 156 634 579 0 0 0
532 156 637 582 0 8 0
532 164 640 585 8 0 0
540 164 643 588 0 -8 0
540 156 646 591 8 0 0
540 156 649 588 0 8 0
540 164 652 585 0 0 0
540 164 655 582 0 8 0
540 172 658 579 0 0 0
540 172 661 576 0 -8 0
540 164 664 573 0 0 0
540 164 667 570 0 -8 0
540 156 670 567 0 -8 0
540 148 673 564 0 8 0
540 156 676 561 0 0 0
540 156 679 558 0 -8 0
540 148 682 555 0 8 0
540 156 685 552 0 8 0
540 164 688 549 0 0 0
540 164 691 546 0 -8 0
540 156 694 543 0 8 0
540 164 697 540 0 8 0
540 172 700 537 0 8 0
540 180 703 534 0 8 0
540 188 706 531 0 -8 0
540 180 709 528 0 -8 0
540 172 712 525 0 0 0
540 172 715 522 0 0 0
540 172 718 519 0 8 0
540 180 721 516 0 -8 0
540 172 724 513 0 8 0
540 180 727 510 0 0 0
540 180 730 507 0 8 0
540 188 733 504 0 0 0
540 188 736 501 0 0 0
540 188 739 498 0 -8 0
540 180 742 495 0 0 0
540 180 745 492 0 8 0
540 188 748 489 -8 0 0
532 188 751 486 0 8 0
532 196 754 483 0 0 0
532 196 757 480 -8 -8 0
524 188 760 477 0 0 0
524 188 763 474 0 0 0
524 188 766 471 -8 -8 0
516 180 769 468 0 8 0
516 188 772 465 -8 -8 0
508 180 775 462 0 8 0
508 188 778 459 0 -8 0
508 180 781 456 0 0 1
508 180 781 456 0 0 1
508 180 781 456 0 0 1
508 180 781 456 0 0 1
508 180 781 456 0 0 1
