169 495 577 483 0 0 0
169 495 580 480 8 0 0
177 495 583 477 8 -8 0
185 487 586 474 8 0 0
193 487 589 471 8 8 0
201 495 592 468 8 0 0
209 495 595 465 8 -8 0
217 487 598 462 8 -8 0
225 479 601 459 8 8 0
233 487 604 456 8 0 0
241 487 607 453 8 -8 0
249 479 610 450 8 0 0
257 479 613 447 8 0 0
265 479 616 444 8 -8 0
273 471 619 441 8 8 0
281 479 622 438 8 0 0
289 479 625 435 8 -8 0
297 471 628 432 8 8 0
305 479 631 429 8 8 0
313 487 634 426 8 0 0
321 487 637 423 8 -8 0
329 479 640 420 8 -8 0
337 471 643 417 8 8 0
345 479 646 414 8 -8 0
353 471 649 411 8 0 0
361 471 652 408 0 0 0
361 471 655 405 0 8 0
361 479 658 402 0 0 0
361 479 661 399 0 8 0
361 487 664 396 0 0 0
361 487 667 393 0 0 0
361 487 670 390 0 -8 0
361 479 673 387 0 8 0
361 487 676 384 0 8 0
361 495 679 381 0 8 0
361 503 682 378 0 8 0
361 511 685 375 0 0 0
361 511 688 372 0 8 0
361 519 691 369 0 8 0
361 527 694 366 0 -8 0
361 519 697 363 0 8 0
361 527 700 360 0 -8 0
361 519 703 357 0 -8 0
361 511 706 354 0 8 0
361 519 709 351 0 0 0
361 519 712 348 0 0 0
361 519 715 345 0 -8 0
361 511 718 342 0 8 0
361 519 721 339 0 8 0
361 527 724 336 0 0 0
361 527 727 333 0 -8 0
361 519 730 330 0 -8 0
361 511 733 327 0 -8 0
361 503 736 324 0 -8 0
361 495 739 321 0 0 0
361 495 742 318 0 0 0
361 495 745 315 0 -8 0
361 487 748 312 0 0 0
361 487 751 309 -8 -8 0
353 479 754 306 0 0 0
353 479 757 303 0 8 0
353 487 760 300 -8 -8 0
345 479 763 297 0 -8 0
345 471 766 294 -8 -8 0
337 463 769 291 0 8 0
337 471 772 288 0 -8 0
337 463 775 285 -8 -8 0
329 455 778 282 0 0 0
329 455 781 279 0 0 1
329 455 781 279 0 0 1
329 455 781 279 0 0 1
329 455 781 279 0 0 1
329 455 781 279 0 0 1
