334 282 148 240 0 0 0
334 282 145 237 -8 0 0
326 282 142 234 -8 0 0
318 282 139 231 -8 -8 0
310 274 136 228 -8 0 0
302 274 133 225 -8 -8 0
294 266 130 222 -8 0 0
286 266 127 219 -8 -8 0
278 258 124 216 -8 -8 0
270 250 121 213 -8 8 0
262 258 118 210 -8 8 0
254 266 115 207 0 -8 0
254 258 112 204 0 -8 0
254 250 109 201 -8 -8 0
246 242 106 198 0 -8 0
246 234 103 195 -8 0 0
238 234 100 192 0 0 0
238 234 97 189 0 8 0
238 242 94 186 -8 0 0
230 242 91 183 0 8 0
230 250 88 180 0 0 0
230 250 85 177 -8 8 0
222 258 82 174 0 0 0
222 258 79 171 -8 8 0
214 266 76 168 0 8 0
214 274 73 165 0 0 0
214 274 70 162 -8 8 0
206 282 67 159 0 8 0
206 290 64 156 0 0 0
206 290 61 153 -8 8 0
198 298 58 150 0 8 0
198 306 55 147 -8 -8 0
190 298 52 144 0 0 0
190 298 49 141 0 -8 0
190 290 46 138 -8 0 0
182 290 43 135 0 0 0
182 290 40 132 0 0 0
182 290 37 129 -8 -8 0
174 282 34 126 0 0 0
174 282 31 123 -8 8 0
166 290 28 120 0 8 0
166 298 25 117 0 -8 0
166 290 22 114 -8 0 0
158 290 19 111 0 0 0
158 290 22 108 0 0 0
158 290 25 105 -8 -8 0
150 282 28 102 0 -8 0
150 274 31 99 -8 0 0
142 274 34 96 0 0 0
142 274 37 93 0 0 0
142 274 40 90 -8 -8 0
134 266 43 87 0 -8 0
134 258 46 84 0 0 0
134 258 49 81 -8 0 0
126 258 52 78 0 8 0
126 266 55 75 -8 0 0
118 266 58 72 0 -8 0
118 258 61 69 0 0 0
118 258 64 66 -8 0 0
110 258 67 63 0 0 0
110 258 70 60 0 0 0
110 258 73 57 -8 8 0
102 266 76 54 0 -8 0
102 258 79 51 -8 0 0
94 258 82 48 0 -8 0
94 250 85 45 0 8 0
94 258 88 42 -8 0 0
86 258 91 39 0 8 0
86 266 94 36 0 0 0
86 266 97 33 -8 0 0
78 266 100 30 0 8 0
78 274 103 27 -8 8 0
70 282 106 24 0 8 0
70 290 109 21 0 0 0
70 290 112 18 -8 8 0
62 298 115 15 0 8 0
62 306 118 12 0 -8 0
62 298 121 9 -8 -8 0
60 290 124 12 0 0 0
60 290 127 15 0 0 0
60 290 130 18 0 0 0
60 290 133 21 0 -8 0
60 282 136 24 0 8 0
60 290 139 27 0 -8 0
60 282 142 30 0 -8 0
60 274 145 33 0 0 0
60 274 148 36 0 8 0
60 282 151 39 0 0 0
60 282 154 42 0 8 0
60 290 157 45 0 8 0
60 298 160 48 0 8 0
60 306 163 51 0 8 0
60 314 166 54 0 8 0
60 322 169 57 0 0 0
60 322 172 60 0 8 0
60 330 175 63 0 0 0
60 330 178 66 0 0 0
60 330 181 69 0 0 0
60 330 184 72 0 8 0
60 338 187 75 0 0 0
60 338 190 78 0 -8 0
60 330 193 81 0 -8 0
60 322 196 84 0 8 0
60 330 199 87 0 8 0
60 338 202 90 0 -8 0
60 330 205 93 0 -8 0
60 322 208 96 0 8 0
60 330 211 99 0 8 0
60 338 214 102 0 0 0
60 338 217 105 0 -8 0
60 330 220 108 0 -8 0
60 322 223 111 8 0 0
68 322 226 114 0 -8 0
68 314 229 117 0 -8 0
68 306 232 120 8 8 0
76 314 235 123 0 0 0
76 314 238 126 0 0 0
76 314 241 129 8 -8 0
84 306 244 132 0 8 0
84 314 247 135 8 8 0
92 322 250 138 0 -8 0
92 314 253 141 0 -8 0
92 306 256 144 8 8 0
100 314 259 147 0 0 0
100 314 262 150 0 0 0
100 314 265 153 8 8 0
108 322 268 156 0 8 0
108 330 271 159 8 0 0
116 330 274 162 0 0 0
116 330 277 165 0 0 0
116 330 280 168 8 0 0
124 330 283 171 0 0 0
124 330 286 174 0 -8 0
124 322 289 177 8 8 0
132 330 292 180 0 8 0
132 338 295 183 8 0 0
140 338 298 186 0 -8 0
140 330 301 189 0 8 0
140 338 304 192 8 -8 0
148 330 307 195 0 8 0
148 338 310 198 0 8 0
148 346 313 201 8 0 0
156 346 316 204 0 -8 0
156 338 319 207 8 -8 0
164 330 322 210 0 -8 0
164 322 325 213 0 0 0
164 322 328 216 8 -8 0
172 314 331 219 0 -8 0
172 306 334 222 0 0 0
172 306 337 225 8 0 0
180 306 340 228 0 0 0
180 306 343 231 8 -8 0
188 298 346 234 0 0 0
188 298 349 237 0 0 0
188 298 352 240 8 8 0
196 306 355 243 0 -8 0
196 298 358 246 0 -8 0
196 290 361 249 8 -8 0
204 282 364 252 0 0 0
204 282 367 255 8 0 0
212 282 370 258 0 8 0
212 290 373 261 0 0 0
212 290 376 264 8 0 0
220 290 379 267 0 0 0
220 290 382 270 0 8 0
220 298 385 273 8 8 0
228 306 388 276 0 0 0
228 306 391 279 8 8 0
236 314 394 282 0 -8 0
236 306 397 285 0 8 0
236 314 400 288 8 -8 0
244 306 403 291 0 8 0
244 314 406 294 0 -8 0
244 306 409 297 8 8 0
252 314 412 300 0 0 0
252 314 415 303 8 -8 0
260 306 418 306 0 -8 0
260 298 421 309 0 0 0
260 298 424 312 8 0 0
268 298 427 315 0 -8 0
268 290 430 318 0 0 0
268 290 433 321 8 0 0
276 290 436 324 0 8 0
276 298 439 327 8 -8 0
284 290 442 330 0 8 0
284 298 445 333 0 -8 0
284 290 448 336 8 -8 0
292 282 451 339 0 0 0
292 282 454 342 0 -8 0
292 274 457 345 8 -8 0
300 266 460 348 0 8 0
300 274 463 351 8 0 0
308 274 466 354 0 -8 0
308 266 469 357 0 8 0
308 274 472 360 8 -8 0
316 266 475 363 0 0 0
316 266 478 366 0 0 0
316 266 481 369 8 0 0
324 266 484 372 0 -8 0
324 258 487 375 8 8 0
332 266 490 378 0 -8 0
332 258 493 381 0 0 0
332 258 496 384 8 -8 0
340 250 499 387 0 -8 0
340 242 502 390 0 8 0
340 250 505 393 8 0 0
348 250 508 396 0 8 0
348 258 511 399 8 8 0
356 266 514 402 0 8 0
356 274 517 405 0 -8 0
356 266 520 408 8 -8 0
364 258 523 411 0 8 0
364 266 526 414 0 8 0
364 274 529 417 8 -8 0
372 266 532 420 0 8 0
372 274 535 423 8 -8 0
380 266 538 426 0 0 0
380 266 541 429 0 0 0
380 266 544 432 8 8 0
388 274 547 435 0 0 0
388 274 550 438 0 0 0
388 274 553 441 8 8 0
396 282 556 444 0 0 0
396 282 559 447 8 0 0
404 282 562 450 0 -8 0
404 274 565 453 0 -8 0
404 266 568 456 8 8 0
412 274 571 459 0 -8 0
412 266 574 462 0 -8 0
412 258 577 465 8 -8 0
420 250 580 468 0 8 0
420 258 583 471 8 0 0
428 258 586 474 0 -8 0
428 250 589 477 0 0 0
428 250 592 480 8 -8 0
436 242 595 483 0 8 0
436 250 598 486 0 0 0
436 250 601 489 8 0 0
444 250 604 492 0 -8 0
444 242 607 495 8 0 0
452 242 610 498 0 0 0
452 242 613 501 0 -8 0
452 234 616 504 8 -8 0
460 226 619 507 0 -8 0
460 218 622 510 0 -8 0
460 210 625 513 8 -8 0
468 202 628 516 0 0 0
468 202 631 519 8 -8 0
476 194 634 522 0 8 0
476 202 637 525 0 8 0
476 210 640 528 8 0 0
484 210 643 531 0 8 0
484 218 646 534 0 8 0
484 226 649 537 8 -8 0
492 218 652 540 0 0 0
492 218 655 543 8 -8 0
500 210 658 546 0 8 0
500 218 661 549 0 0 0
500 218 664 552 8 0 0
508 218 667 555 0 -8 0
508 210 670 558 0 0 0
508 210 673 561 8 -8 0
516 202 676 564 0 8 0
516 210 679 567 8 0 0
524 210 682 570 0 -8 0
524 202 685 573 0 8 0
524 210 688 576 8 8 0
532 218 691 579 0 8 0
532 226 694 582 0 0 0
532 226 697 585 8 0 0
540 226 700 588 0 -8 0
540 218 703 591 8 0 0
540 218 706 588 0 -8 0
540 210 709 585 0 8 0
540 218 712 582 0 0 0
540 218 715 579 0 -8 0
540 210 718 576 0 0 0
540 210 721 573 0 0 0
540 210 724 570 0 -8 0
540 202 727 567 0 -8 0
540 194 730 564 0 -8 0
540 186 733 561 0 0 0
540 186 736 558 0 8 0
540 194 739 555 0 -8 0
540 186 742 552 0 0 0
540 186 745 549 0 -8 0
540 178 748 546 0 0 0
540 178 751 543 0 -8 0
540 170 754 540 0 -8 0
540 162 757 537 0 8 0
540 170 760 534 0 -8 0
540 162 763 531 0 0 0
540 162 766 528 0 -8 0
540 154 769 525 0 0 0
540 154 772 522 0 -8 0
540 146 775 519 0 8 0
540 154 778 516 0 -8 0
540 146 781 513 0 0 1
540 146 781 513 0 0 1
540 146 781 513 0 0 1
540 146 781 513 0 0 1
540 146 781 513 0 0 1
