295 97 106 450 0 0 0
295 97 109 453 8 8 0
303 105 112 456 8 0 0
311 105 115 459 8 8 0
319 113 118 462 8 0 0
327 113 121 465 8 -8 0
335 105 124 468 8 0 0
343 105 127 471 8 8 0
351 113 130 474 8 -8 0
359 105 133 477 8 -8 0
367 97 136 480 8 0 0
375 97 139 483 8 8 0
383 105 142 486 8 8 0
391 113 145 489 8 0 0
399 113 148 492 8 8 0
407 121 151 495 8 0 0
415 121 154 498 8 -8 0
423 113 157 501 8 8 0
431 121 160 504 8 8 0
439 129 163 507 8 0 0
447 129 166 510 8 0 0
455 129 169 513 8 0 0
463 129 172 516 8 -8 0
471 121 175 519 0 -8 0
471 113 178 522 8 0 0
479 113 181 525 0 0 0
479 113 184 528 0 0 0
479 113 187 531 8 -8 0
487 105 190 534 0 -8 0
487 97 193 537 0 -8 0
487 89 196 540 8 8 0
495 97 199 543 0 0 0
495 97 202 546 8 0 0
503 97 205 549 0 -8 0
503 89 208 552 0 -8 0
503 81 211 555 8 -8 0
511 73 214 558 0 -8 0
511 65 217 561 0 -8 0
511 60 220 564 8 0 0
519 60 223 567 0 0 0
519 60 226 570 8 0 0
527 60 229 573 0 -8 0
527 60 232 576 0 8 0
527 68 235 579 8 -8 0
535 60 238 582 0 8 0
535 68 241 585 0 8 0
535 76 244 588 8 -8 0
540 68 247 591 8 -8 0
540 60 250 588 0 8 0
540 68 253 585 0 0 0
540 68 256 582 0 8 0
540 76 259 579 0 8 0
540 84 262 576 0 8 0
540 92 265 573 0 0 0
540 92 268 570 0 0 0
540 92 271 567 0 -8 0
540 84 274 564 0 8 0
540 92 277 561 0 8 0
540 100 280 558 0 8 0
540 108 283 555 0 8 0
540 116 286 552 0 -8 0
540 108 289 549 0 0 0
540 108 292 546 0 8 0
540 116 295 543 0 0 0
540 116 298 540 0 0 0
540 116 301 537 0 8 0
540 124 304 534 0 0 0
540 124 307 531 0 8 0
540 132 310 528 0 -8 0
540 124 313 525 0 8 0
540 132 316 522 0 0 0
540 132 319 519 0 -8 0
540 124 322 516 0 -8 0
540 116 325 513 0 0 0
540 116 328 510 0 0 0
540 116 331 507 0 0 0
540 116 334 504 0 0 0
540 116 337 501 0 8 0
540 124 340 498 0 -8 0
540 116 343 495 0 0 0
540 116 346 492 0 -8 0
540 108 349 489 -8 8 0
532 116 352 486 0 8 0
532 124 355 483 0 0 0
532 124 358 480 -8 0 0
524 124 361 477 0 0 0
524 124 364 474 0 0 0
524 124 367 471 -8 0 0
516 124 370 468 0 -8 0
516 116 373 465 -8 0 0
508 116 376 462 0 8 0
508 124 379 459 0 -8 0
508 116 382 456 -8 -8 0
500 108 385 453 0 -8 0
500 100 388 450 0 8 0
500 108 391 447 -8 0 0
492 108 394 444 0 -8 0
492 100 397 441 -8 8 0
484 108 400 438 0 -8 0
484 100 403 435 0 0 0
484 100 406 432 -8 -8 0
476 92 409 429 0 0 0
476 92 412 426 0 8 0
476 100 415 423 -8 -8 0
468 92 418 420 0 8 0
468 100 421 417 -8 0 0
460 100 424 414 0 8 0
460 108 427 411 0 -8 0
460 100 430 408 -8 -8 0
452 92 433 405 0 8 0
452 100 436 402 0 8 0
452 108 439 399 -8 -8 0
444 100 442 396 0 -8 0
444 92 445 393 -8 -8 0
436 84 448 390 0 8 0
436 92 451 387 0 0 0
436 92 454 384 -8 8 0
428 100 457 381 0 0 0
428 100 460 378 0 0 0
428 100 463 375 -8 0 0
420 100 466 372 0 -8 0
420 92 469 369 -8 0 0
412 92 472 366 0 0 0
412 92 475 363 0 -8 0
412 84 478 360 -8 8 0
404 92 481 357 0 8 0
404 100 484 354 0 8 0
404 108 487 351 -8 8 0
396 116 490 348 0 8 0
396 124 493 345 -8 8 0
388 132 496 342 0 8 0
388 140 499 339 0 0 0
388 140 502 336 -8 0 0
380 140 505 333 0 0 0
380 140 508 330 0 8 0
380 148 511 327 -8 -8 0
372 140 514 324 0 -8 0
372 132 517 321 -8 8 0
364 140 520 318 0 8 0
364 148 523 315 0 -8 0
364 140 526 312 -8 8 0
356 148 529 309 0 -8 0
356 140 532 306 0 -8 0
356 132 535 303 -8 -8 0
348 124 538 300 0 8 0
348 132 541 297 -8 0 0
340 132 544 294 0 -8 0
340 124 547 291 0 0 0
340 124 550 288 -8 0 0
332 124 553 285 0 8 0
332 132 556 282 0 -8 0
332 124 559 279 -8 8 0
324 132 562 276 0 0 0
324 132 565 273 -8 -8 0
316 124 568 270 0 -8 0
316 116 571 267 0 8 0
316 124 574 264 -8 8 0
308 132 577 261 0 0 0
308 132 580 258 0 -8 0
308 124 583 255 -8 0 0
300 124 586 252 0 0 0
300 124 589 249 -8 -8 0
292 116 592 246 0 8 0
292 124 595 243 0 8 0
292 132 598 240 -8 0 0
284 132 601 237 0 0 0
284 132 604 234 0 8 0
284 140 607 231 -8 0 0
276 140 610 228 0 0 0
276 140 613 225 -8 8 0
268 148 616 222 0 8 0
268 156 619 219 0 0 0
268 156 622 216 -8 0 0
260 156 625 213 0 -8 0
260 148 628 210 0 -8 0
260 140 631 207 -8 0 0
252 140 634 204 0 0 0
252 140 637 201 -8 -8 0
244 132 640 198 0 8 0
244 140 643 195 0 0 0
244 140 646 192 -8 -8 0
236 132 649 189 0 8 0
236 140 652 186 0 0 0
236 140 655 183 -8 -8 0
228 132 658 180 0 8 0
228 140 661 177 -8 0 0
220 140 664 174 0 8 0
220 148 667 171 0 0 0
220 148 670 168 -8 0 0
212 148 673 165 0 8 0
212 156 676 162 0 8 0
212 164 679 159 -8 8 0
204 172 682 156 0 8 0
204 180 685 153 -8 -8 0
196 172 688 150 0 0 0
196 172 691 147 0 -8 0
196 164 694 144 -8 0 0
188 164 697 141 0 -8 0
188 156 700 138 0 8 0
188 164 703 135 -8 0 0
180 164 706 132 0 0 0
180 164 709 129 -8 -8 0
172 156 712 126 0 -8 0
172 148 715 123 0 8 0
172 156 718 120 -8 -8 0
164 148 721 117 0 0 0
164 148 724 114 0 0 0
164 148 727 111 -8 8 0
156 156 730 108 0 8 0
156 164 733 105 -8 -8 0
148 156 736 102 0 8 0
148 164 739 99 0 -8 0
148 156 742 96 -8 8 0
140 164 745 93 0 0 0
140 164 748 90 0 0 0
140 164 751 87 -8 -8 0
132 156 754 84 0 -8 0
132 148 757 81 -8 0 0
124 148 760 78 0 -8 0
124 140 763 75 0 -8 0
124 132 766 72 -8 -8 0
116 124 769 69 0 8 0
116 132 772 66 0 -8 0
116 124 775 63 -8 8 0
108 132 778 60 0 8 0
108 140 781 57 0 0 1
108 140 781 57 0 0 1
108 140 781 57 0 0 1
108 140 781 57 0 0 1
108 140 781 57 0 0 1
