118 254 220 396 0 0 0
118 254 223 393 8 -8 0
126 246 226 390 8 8 0
134 254 229 387 8 0 0
142 254 232 384 8 0 0
150 254 235 381 8 8 0
158 262 238 378 8 8 0
166 270 241 375 8 8 0
174 278 244 372 8 -8 0
182 270 247 369 8 8 0
190 278 250 366 8 -8 0
198 270 253 363 8 0 0
206 270 256 360 8 -8 0
214 262 259 357 8 8 0
222 270 262 354 8 0 0
230 270 265 351 8 -8 0
238 262 268 348 8 8 0
246 270 271 345 8 0 0
254 270 274 342 8 -8 0
262 262 277 339 8 0 0
270 262 280 336 8 0 0
278 262 283 333 8 0 0
286 262 286 330 0 8 0
286 270 289 327 0 0 0
286 270 292 324 0 -8 0
286 262 295 321 0 0 0
286 262 298 318 0 8 0
286 270 301 315 0 0 0
286 270 304 312 0 -8 0
286 262 307 309 0 -8 0
286 254 310 306 0 0 0
286 254 313 303 0 8 0
286 262 316 300 0 8 0
286 270 319 297 0 -8 0
286 262 322 294 0 -8 0
286 254 325 291 0 0 0
286 254 328 288 0 8 0
286 262 331 285 0 0 0
286 262 334 282 0 -8 0
286 254 337 279 0 -8 0
286 246 340 276 0 -8 0
286 238 343 273 0 8 0
286 246 346 270 0 8 0
286 254 349 267 0 -8 0
286 246 352 264 0 -8 0
286 238 355 261 0 8 0
286 246 358 258 0 0 0
286 246 361 255 0 0 0
286 246 364 252 0 0 0
286 246 367 249 0 -8 0
286 238 370 246 0 0 0
286 238 373 243 0 8 0
286 246 376 240 0 -8 0
286 238 379 237 0 0 0
286 238 382 234 -8 -8 0
278 230 385 231 0 -8 0
278 222 388 228 0 -8 0
278 214 391 225 -8 8 0
270 222 394 222 0 8 0
270 230 397 219 -8 0 0
262 230 400 216 0 0 0
262 230 403 213 0 8 0
262 238 406 210 -8 8 0
254 246 409 207 0 0 0
254 246 412 204 0 8 0
254 254 415 201 -8 8 0
246 262 418 198 0 0 0
246 262 421 195 -8 -8 0
238 254 424 192 0 8 0
238 262 427 189 0 0 0
238 262 430 186 -8 8 0
230 270 433 183 0 8 0
230 278 436 180 0 8 0
230 286 439 177 -8 8 0
222 294 442 174 0 0 0
222 294 445 171 -8 8 0
214 302 448 168 0 0 0
214 302 451 165 0 -8 0
214 294 454 162 -8 8 0
206 302 457 159 0 -8 0
206 294 460 156 0 8 0
206 302 463 153 -8 -8 0
198 294 466 150 0 8 0
198 302 469 147 -8 0 0
190 302 472 144 0 0 0
190 302 475 141 0 8 0
190 310 478 138 -8 8 0
182 318 481 135 0 -8 0
182 310 484 132 0 -8 0
182 302 487 129 -8 0 0
174 302 490 126 0 0 0
174 302 493 123 -8 8 0
166 310 496 120 0 -8 0
166 302 499 117 0 0 0
166 302 502 114 -8 -8 0
158 294 505 111 0 0 0
158 294 508 108 0 0 0
158 294 511 105 -8 0 0
150 294 514 102 0 -8 0
150 286 517 99 -8 -8 0
142 278 520 96 0 8 0
142 286 523 93 0 -8 0
142 278 526 90 -8 -8 0
134 270 529 87 0 0 0
134 270 532 84 0 0 0
134 270 535 81 -8 -8 0
126 262 538 78 0 -8 0
126 254 541 75 -8 8 0
118 262 544 72 0 0 0
118 262 547 69 0 8 0
118 270 550 66 -8 -8 0
110 262 553 63 0 0 0
110 262 556 60 0 -8 0
110 254 559 57 -8 8 0
102 262 562 54 0 8 0
102 270 565 51 -8 -8 0
94 262 568 48 0 -8 0
94 254 571 45 0 8 0
94 262 574 42 -8 -8 0
86 254 577 39 0 0 0
86 254 580 36 0 0 0
86 254 583 33 -8 -8 0
78 246 586 30 0 8 0
78 254 589 27 -8 8 0
70 262 592 24 0 0 0
70 262 595 21 0 -8 0
70 254 598 18 -8 -8 0
62 246 601 15 0 -8 0
62 238 604 12 0 -8 0
62 230 607 9 -8 -8 0
60 222 610 12 0 8 0
60 230 613 15 0 8 0
60 238 616 18 0 -8 0
60 230 619 21 0 8 0
60 238 622 24 0 -8 0
60 230 625 27 0 -8 0
60 222 628 30 0 -8 0
60 214 631 33 0 0 0
60 214 634 36 0 0 0
60 214 637 39 0 -8 0
60 206 640 42 0 0 0
60 206 643 45 0 0 0
60 206 646 48 0 0 0
60 206 649 51 0 -8 0
60 198 652 54 0 -8 0
60 190 655 57 0 -8 0
60 182 658 60 0 0 0
60 182 661 63 0 0 0
60 182 664 66 0 0 0
60 182 667 69 0 -8 0
60 174 670 72 0 8 0
60 182 673 75 0 8 0
60 190 676 78 0 0 0
60 190 679 81 0 0 0
60 190 682 84 0 0 0
60 190 685 87 0 0 0
60 190 688 90 0 8 0
60 198 691 93 0 -8 0
60 190 694 96 0 -8 0
60 182 697 99 0 0 0
60 182 700 102 0 8 0
60 190 703 105 0 -8 0
60 182 706 108 0 0 0
60 182 709 111 8 8 0
68 190 712 114 0 8 0
68 198 715 117 0 -8 0
68 190 718 120 8 0 0
76 190 721 123 0 8 0
76 198 724 126 0 8 0
76 206 727 129 8 8 0
84 214 730 132 0 8 0
84 222 733 135 8 0 0
92 222 736 138 0 8 0
92 230 739 141 0 8 0
92 238 742 144 8 0 0
100 238 745 147 0 0 0
100 238 748 150 0 8 0
100 246 751 153 8 8 0
108 254 754 156 0 -8 0
108 246 757 159 8 -8 0
116 238 760 162 0 0 0
116 238 763 165 0 8 0
116 246 766 168 8 -8 0
124 238 769 171 0 -8 0
124 230 772 174 0 -8 0
124 222 775 177 8 8 0
132 230 778 180 0 0 0
132 230 781 183 8 0 0
140 230 778 186 0 8 0
140 238 775 189 0 -8 0
140 230 772 192 8 0 0
148 230 769 195 0 -8 0
148 222 766 198 0 -8 0
148 214 763 201 8 -8 0
156 206 760 204 0 8 0
156 214 757 207 8 0 0
164 214 754 210 0 -8 0
164 206 751 213 0 0 0
164 206 748 216 8 0 0
172 206 745 219 0 8 0
172 214 742 222 0 0 0
172 214 739 225 8 -8 0
180 206 736 228 0 8 0
180 214 733 231 8 0 0
188 214 730 234 0 0 0
188 214 727 237 0 0 0
188 214 724 240 8 0 0
196 214 721 243 0 -8 0
196 206 718 246 0 8 0
196 214 715 249 8 0 0
204 214 712 252 0 8 0
204 222 709 255 8 8 0
212 230 706 258 0 0 0
212 230 703 261 0 8 0
212 238 700 264 8 0 0
220 238 697 267 0 -8 0
220 230 694 270 0 0 0
220 230 691 273 8 8 0
228 238 688 276 0 0 0
228 238 685 279 8 -8 0
236 230 682 282 0 8 0
236 238 679 285 0 8 0
236 246 676 288 8 -8 0
244 238 673 291 0 0 0
244 238 670 294 0 8 0
244 246 667 297 8 0 0
252 246 664 300 0 0 0
252 246 661 303 8 -8 0
260 238 658 306 0 0 0
260 238 655 309 0 8 0
260 246 652 312 8 0 0
268 246 649 315 0 -8 0
268 238 646 318 0 8 0
268 246 643 321 8 0 0
276 246 640 324 0 0 0
276 246 637 327 8 -8 0
284 238 634 330 0 -8 0
284 230 631 333 0 0 0
284 230 628 336 8 8 0
292 238 625 339 0 8 0
292 246 622 342 0 -8 0
292 238 619 345 8 -8 0
300 230 616 348 0 -8 0
300 222 613 351 8 -8 0
308 214 610 354 0 0 0
308 214 607 357 0 8 0
308 222 604 360 8 -8 0
316 214 601 363 0 0 0
316 214 598 366 0 -8 0
316 206 595 369 8 0 0
324 206 592 372 0 8 0
324 214 589 375 8 0 0
332 214 586 378 0 0 0
332 214 583 381 0 -8 0
332 206 580 384 8 0 0
340 206 577 387 0 0 0
340 206 574 390 0 -8 0
340 198 571 393 8 -8 0
348 190 568 396 0 0 0
348 190 565 399 8 8 0
356 198 562 402 0 0 0
356 198 559 405 0 -8 0
356 190 556 408 8 -8 0
364 182 553 411 0 0 0
364 182 550 414 0 0 0
364 182 547 417 8 8 0
372 190 544 420 0 -8 0
372 182 541 423 8 0 0
380 182 538 426 0 8 0
380 190 535 429 0 8 0
380 198 532 432 8 -8 0
388 190 529 435 0 -8 0
388 182 526 438 0 8 0
388 190 523 441 8 -8 0
396 182 520 444 0 0 0
396 182 517 447 8 0 0
404 182 514 450 0 8 0
404 190 511 453 0 0 0
404 190 508 456 8 -8 0
412 182 505 459 0 8 0
412 190 502 462 0 8 0
412 198 499 465 8 -8 0
420 190 496 468 0 0 0
420 190 493 471 8 -8 0
428 182 490 474 0 8 0
428 190 487 477 0 8 0
428 198 484 480 8 -8 0
436 190 481 483 0 0 0
436 190 478 486 0 0 0
436 190 475 489 8 -8 0
444 182 472 492 0 0 0
444 182 469 495 8 8 0
452 190 466 498 0 -8 0
452 182 463 501 0 8 0
452 190 460 504 8 -8 0
460 182 457 507 0 8 0
460 190 454 510 0 -8 0
460 182 451 513 8 -8 0
468 174 448 516 0 -8 0
468 166 445 519 8 -8 0
476 158 442 522 0 -8 0
476 150 439 525 0 -8 0
476 142 436 528 8 8 0
484 150 433 531 0 -8 0
484 142 430 534 0 8 0
484 150 427 537 8 0 0
492 150 424 540 0 8 0
492 158 421 543 8 -8 0
500 150 418 546 0 -8 0
500 142 415 549 0 0 0
500 142 412 552 8 8 0
508 150 409 555 0 0 0
508 150 406 558 0 0 0
508 150 403 561 8 8 0
516 158 400 564 0 8 0
516 166 397 567 8 0 0
524 166 394 570 0 -8 0
524 158 391 573 0 0 0
524 158 388 576 8 0 0
532 158 385 579 0 8 0
532 166 382 582 0 -8 0
532 158 379 585 8 -8 0
540 150 376 588 0 8 0
540 158 373 591 8 8 0
540 166 370 588 0 -8 0
540 158 367 585 0 -8 0
540 150 364 582 0 8 0
540 158 361 579 0 8 0
540 166 358 576 0 0 0
540 166 355 573 0 8 0
540 174 352 570 0 0 0
540 174 349 567 0 8 0
540 182 346 564 0 -8 0
540 174 343 561 0 8 0
540 182 340 558 0 8 0
540 190 337 555 0 -8 0
540 182 334 552 0 8 0
540 190 331 549 0 8 0
540 198 328 546 0 -8 0
540 190 325 543 0 0 0
540 190 322 540 0 -8 0
540 182 319 537 0 0 0
540 182 316 534 0 -8 0
540 174 313 531 0 -8 0
540 166 310 528 0 0 0
540 166 307 525 0 0 0
540 166 304 522 0 8 0
540 174 301 519 0 8 0
540 182 298 516 0 -8 0
540 174 295 513 0 0 0
540 174 292 510 0 0 0
540 174 289 507 0 0 0
540 174 286 504 0 8 0
540 182 283 501 0 -8 0
540 174 280 498 0 8 0
540 182 277 495 0 8 0
540 190 274 492 0 -8 0
540 182 271 489 -8 -8 0
532 174 268 486 0 0 0
532 174 265 483 0 -8 0
532 166 262 480 -8 -8 0
524 158 259 477 0 -8 0
524 150 256 474 0 -8 0
524 142 253 471 -8 0 0
516 142 250 468 0 0 0
516 142 247 465 -8 0 0
508 142 244 462 0 0 0
508 142 241 459 0 -8 0
508 134 238 456 -8 0 0
500 134 235 453 0 8 0
500 142 232 450 0 -8 0
500 134 229 447 -8 0 0
492 134 226 444 0 8 0
492 142 223 441 -8 8 0
484 150 220 438 0 8 0
484 158 217 435 0 0 0
484 158 214 432 -8 8 0
476 166 211 429 0 -8 0
476 158 208 426 0 0 0
476 158 205 423 -8 8 0
468 166 202 420 0 8 0
468 174 199 417 -8 0 0
460 174 196 414 0 8 0
460 182 193 411 0 0 0
460 182 190 408 -8 -8 0
452 174 187 405 0 0 0
452 174 184 402 0 -8 0
452 166 181 399 -8 -8 0
444 158 178 396 0 0 0
444 158 175 393 -8 8 0
436 166 172 390 0 8 0
436 174 169 387 0 0 0
436 174 166 384 -8 -8 0
428 166 163 381 0 8 0
428 174 160 378 0 -8 0
428 166 157 375 -8 0 0
420 166 154 372 0 -8 0
420 158 151 369 -8 0 0
412 158 148 366 0 -8 0
412 150 145 363 0 8 0
412 158 142 360 -8 -8 0
404 150 139 357 0 -8 0
404 142 136 354 0 -8 0
404 134 133 351 -8 8 0
396 142 130 348 0 8 0
396 150 127 345 -8 8 0
388 158 124 342 0 8 0
388 166 121 339 0 8 0
388 174 118 336 -8 8 0
380 182 115 333 0 8 0
380 190 112 330 0 0 0
380 190 109 327 -8 -8 0
372 182 106 324 0 -8 0
372 174 103 321 -8 -8 0
364 166 100 318 0 0 0
364 166 97 315 0 0 0
364 166 94 312 -8 8 0
356 174 91 309 0 -8 0
356 166 88 306 0 -8 0
356 158 85 303 -8 0 0
348 158 82 300 0 8 0
348 166 79 297 -8 0 0
340 166 76 294 0 8 0
340 174 73 291 0 0 0
340 174 70 288 -8 -8 0
332 166 67 285 0 0 0
332 166 64 282 0 8 0
332 174 61 279 -8 -8 0
324 166 58 276 0 8 0
324 174 55 273 -8 -8 0
316 166 52 270 0 8 0
316 174 49 267 0 0 0
316 174 46 264 -8 0 0
308 174 43 261 0 0 0
308 174 40 258 0 -8 0
308 166 37 255 -8 0 0
300 166 34 252 0 8 0
300 174 31 249 -8 0 0
292 174 28 246 0 8 0
292 182 25 243 0 0 0
292 182 22 240 -8 -8 0
284 174 19 237 0 -8 0
284 166 22 234 0 8 0
284 174 25 231 -8 8 0
276 182 28 228 0 0 0
276 182 31 225 -8 0 0
268 182 34 222 0 8 0
268 190 37 219 0 8 0
268 198 40 216 -8 0 0
260 198 43 213 0 0 0
260 198 46 210 0 0 0
260 198 49 207 -8 8 0
252 206 52 204 0 0 0
252 206 55 201 -8 8 0
244 214 58 198 0 0 0
244 214 61 195 0 -8 0
244 206 64 192 -8 0 0
236 206 67 189 0 -8 0
236 198 70 186 0 -8 0
236 190 73 183 -8 0 0
228 190 76 180 0 8 0
228 198 79 177 -8 -8 0
220 190 82 174 0 0 0
220 190 85 171 0 8 0
220 198 88 168 -8 -8 0
212 190 91 165 0 -8 0
212 182 94 162 0 8 0
212 190 97 159 -8 -8 0
204 182 100 156 0 8 0
204 190 103 153 -8 0 0
196 190 106 150 0 0 0
196 190 109 147 0 8 0
196 198 112 144 -8 -8 0
188 190 115 141 0 0 0
188 190 118 138 0 8 0
188 198 121 135 -8 -8 0
180 190 124 132 0 0 0
180 190 127 129 -8 -8 0
172 182 130 126 0 -8 0
172 174 133 123 0 0 0
172 174 136 120 -8 -8 0
164 166 139 117 0 -8 0
164 158 142 114 0 0 0
164 158 145 111 -8 0 0
156 158 148 108 0 8 0
156 166 151 105 -8 8 0
148 174 154 102 0 8 0
148 182 157 99 0 8 0
148 190 160 96 -8 0 0
140 190 163 93 0 0 0
140 190 166 90 0 8 0
140 198 169 87 -8 8 0
132 206 172 84 0 8 0
132 214 175 81 -8 -8 0
124 206 178 78 0 8 0
124 214 181 75 0 -8 0
124 206 184 72 -8 -8 0
116 198 187 69 0 0 0
116 198 190 66 0 -8 0
116 190 193 63 -8 8 0
108 198 196 60 0 8 0
108 206 199 57 -8 -8 0
100 198 202 54 0 0 0
100 198 205 51 0 8 0
100 206 208 48 -8 8 0
92 214 211 45 0 8 0
92 222 214 42 0 -8 0
92 214 217 39 -8 8 0
84 222 220 36 0 8 0
84 230 223 33 -8 8 0
76 238 226 30 0 8 0
76 246 229 27 0 0 0
76 246 232 24 -8 8 0
68 254 235 21 0 8 0
68 262 238 18 0 -8 0
68 254 241 15 -8 8 0
60 262 244 12 0 0 0
60 262 247 9 -8 -8 0
60 254 250 12 0 0 0
60 254 253 15 0 0 0
60 254 256 18 0 8 0
60 262 259 21 0 -8 0
60 254 262 24 0 -8 0
60 246 265 27 0 0 0
60 246 268 30 0 8 0
60 254 271 33 0 -8 0
60 246 274 36 0 -8 0
60 238 277 39 0 0 0
60 238 280 42 0 0 0
60 238 283 45 0 0 0
60 238 286 48 0 8 0
60 246 289 51 0 0 0
60 246 292 54 0 -8 0
60 238 295 57 0 -8 0
60 230 298 60 0 0 0
60 230 301 63 0 8 0
60 238 304 66 0 -8 0
60 230 307 69 0 -8 0
60 222 310 72 0 0 0
60 222 313 75 0 -8 0
60 214 316 78 0 0 0
60 214 319 81 0 -8 0
60 206 322 84 0 0 0
60 206 325 87 0 8 0
60 214 328 90 0 0 0
60 214 331 93 0 0 0
60 214 334 96 0 8 0
60 222 337 99 0 0 0
60 222 340 102 0 0 0
60 222 343 105 0 8 0
60 230 346 108 0 -8 0
60 222 349 111 8 0 0
68 222 352 114 0 0 0
68 222 355 117 0 0 0
68 222 358 120 8 -8 0
76 214 361 123 0 8 0
76 222 364 126 0 8 0
76 230 367 129 8 8 0
84 238 370 132 0 -8 0
84 230 373 135 8 8 0
92 238 376 138 0 0 0
92 238 379 141 0 0 0
92 238 382 144 8 0 0
100 238 385 147 0 -8 0
100 230 388 150 0 -8 0
100 222 391 153 8 -8 0
108 214 394 156 0 8 0
108 222 397 159 8 8 0
116 230 400 162 0 8 0
116 238 403 165 0 8 0
116 246 406 168 8 -8 0
124 238 409 171 0 0 0
124 238 412 174 0 8 0
124 246 415 177 8 -8 0
132 238 418 180 0 8 0
132 246 421 183 8 -8 0
140 238 424 186 0 0 0
140 238 427 189 0 8 0
140 246 430 192 8 8 0
148 254 433 195 0 0 0
148 254 436 198 0 8 0
148 262 439 201 8 -8 0
156 254 442 204 0 -8 0
156 246 445 207 8 8 0
164 254 448 210 0 -8 0
164 246 451 213 0 8 0
164 254 454 216 8 8 0
172 262 457 219 0 0 0
172 262 460 222 0 8 0
172 270 463 225 8 0 0
180 270 466 228 0 -8 0
180 262 469 231 8 -8 0
188 254 472 234 0 -8 0
188 246 475 237 0 -8 0
188 238 478 240 8 0 0
196 238 481 243 0 -8 0
196 230 484 246 0 0 0
196 230 487 249 8 -8 0
204 222 490 252 0 8 0
204 230 493 255 8 -8 0
212 222 496 258 0 -8 0
212 214 499 261 0 -8 0
212 206 502 264 8 -8 0
220 198 505 267 0 0 0
220 198 508 270 0 -8 0
220 190 511 273 8 8 0
228 198 514 276 0 8 0
228 206 517 279 8 0 0
236 206 520 282 0 0 0
236 206 523 285 0 -8 0
236 198 526 288 8 8 0
244 206 529 291 0 -8 0
244 198 532 294 0 0 0
244 198 535 297 8 8 0
252 206 538 300 0 0 0
252 206 541 303 8 8 0
260 214 544 306 0 8 0
260 222 547 309 0 -8 0
260 214 550 312 8 8 0
268 222 553 315 0 8 0
268 230 556 318 0 8 0
268 238 559 321 8 8 0
276 246 562 324 0 0 0
276 246 565 327 8 0 0
284 246 568 330 0 8 0
284 254 571 333 0 -8 0
284 246 574 336 8 0 0
292 246 577 339 0 0 0
292 246 580 342 0 0 0
292 246 583 345 8 0 0
300 246 586 348 0 0 0
300 246 589 351 8 0 0
308 246 592 354 0 -8 0
308 238 595 357 0 0 0
308 238 598 360 8 -8 0
316 230 601 363 0 -8 0
316 222 604 366 0 -8 0
316 214 607 369 8 -8 0
324 206 610 372 0 -8 0
324 198 613 375 8 -8 0
332 190 616 378 0 8 0
332 198 619 381 0 -8 0
332 190 622 384 8 8 0
340 198 625 387 0 8 0
340 206 628 390 0 -8 0
340 198 631 393 8 0 0
348 198 634 396 0 -8 0
348 190 637 399 8 0 0
356 190 640 402 0 0 0
356 190 643 405 0 8 0
356 198 646 408 8 0 0
364 198 649 411 0 0 0
364 198 652 414 0 8 0
364 206 655 417 8 0 0
372 206 658 420 0 8 0
372 214 661 423 8 8 0
380 222 664 426 0 0 0
380 222 667 429 0 8 0
380 230 670 432 8 8 0
388 238 673 435 0 8 0
388 246 676 438 0 0 0
388 246 679 441 8 -8 0
396 238 682 444 0 -8 0
396 230 685 447 8 0 0
404 230 688 450 0 -8 0
404 222 691 453 0 8 0
404 230 694 456 8 0 0
412 230 697 459 0 8 0
412 238 700 462 0 8 0
412 246 703 465 8 0 0
420 246 706 468 0 0 0
420 246 709 471 8 0 0
428 246 712 474 0 0 0
428 246 715 477 0 -8 0
428 238 718 480 8 8 0
436 246 721 483 0 -8 0
436 238 724 486 0 8 0
436 246 727 489 8 0 0
444 246 730 492 0 -8 0
444 238 733 495 8 8 0
452 246 736 498 0 -8 0
452 238 739 501 0 8 0
452 246 742 504 8 0 0
460 246 745 507 0 -8 0
460 238 748 510 0 8 0
460 246 751 513 8 -8 0
468 238 754 516 0 0 0
468 238 757 519 8 -8 0
476 230 760 522 0 0 0
476 230 763 525 0 -8 0
476 222 766 528 8 8 0
484 230 769 531 0 0 0
484 230 772 534 0 -8 0
484 222 775 537 8 -8 0
492 214 778 540 0 8 0
492 222 781 543 0 0 1
492 222 781 543 0 0 1
492 222 781 543 0 0 1
492 222 781 543 0 0 1
492 222 781 543 0 0 1
