474 419 469 396 0 0 0
474 419 466 393 -8 0 0
466 419 463 390 -8 -8 0
458 411 460 387 -8 0 0
450 411 457 384 -8 -8 0
442 403 454 381 -8 -8 0
434 395 451 378 -8 8 0
426 403 448 375 -8 0 0
418 403 445 372 0 -8 0
418 395 442 369 0 0 0
418 395 439 366 -8 8 0
410 403 436 363 0 0 0
410 403 433 360 0 -8 0
410 395 430 357 -8 0 0
402 395 427 354 0 0 0
402 395 424 351 -8 0 0
394 395 421 348 0 8 0
394 403 418 345 0 8 0
394 411 415 342 -8 0 0
386 411 412 339 0 8 0
386 419 409 336 0 0 0
386 419 406 333 -8 -8 0
378 411 403 330 0 0 0
378 411 400 327 -8 0 0
370 411 397 324 0 0 0
370 411 394 321 0 0 0
370 411 391 318 -8 0 0
362 411 388 315 0 -8 0
362 403 385 312 0 -8 0
362 395 382 309 -8 8 0
354 403 379 306 0 8 0
354 411 376 303 -8 -8 0
346 403 373 300 0 8 0
346 411 370 297 0 8 0
346 419 367 294 -8 -8 0
338 411 364 291 0 8 0
338 419 361 288 0 0 0
338 419 358 285 -8 -8 0
330 411 355 282 0 0 0
330 411 352 279 -8 -8 0
322 403 349 276 0 8 0
322 411 346 273 0 0 0
322 411 343 270 -8 0 0
314 411 340 267 0 8 0
314 419 337 264 0 -8 0
314 411 334 261 -8 8 0
306 419 331 258 0 0 0
306 419 328 255 -8 -8 0
298 411 325 252 0 0 0
298 411 322 249 0 0 0
298 411 319 246 -8 8 0
290 419 316 243 0 0 0
290 419 313 240 0 0 0
290 419 310 237 -8 -8 0
282 411 307 234 0 8 0
282 419 304 231 -8 8 0
274 427 301 228 0 0 0
274 427 298 225 0 0 0
274 427 295 222 -8 0 0
266 427 292 219 0 8 0
266 435 289 216 0 0 0
266 435 286 213 -8 -8 0
258 427 283 210 0 8 0
258 435 280 207 -8 -8 0
250 427 277 204 0 0 0
250 427 274 201 0 0 0
250 427 271 198 -8 8 0
242 435 268 195 0 0 0
242 435 265 192 0 0 0
242 435 262 189 -8 8 0
234 443 259 186 0 8 0
234 451 256 183 -8 -8 0
226 443 253 180 0 8 0
226 451 250 177 0 8 0
226 459 247 174 -8 0 0
218 459 244 171 0 8 0
218 467 241 168 0 -8 0
218 459 238 165 -8 0 0
210 459 235 162 0 0 0
210 459 232 159 -8 0 0
202 459 229 156 0 8 0
202 467 226 153 0 8 0
202 475 223 150 -8 -8 0
194 467 220 147 0 0 0
194 467 217 144 0 0 0
194 467 214 141 -8 8 0
186 475 211 138 0 8 0
186 483 208 135 -8 0 0
178 483 205 132 0 8 0
178 491 202 129 0 -8 0
178 483 199 126 -8 8 0
170 491 196 123 0 8 0
170 499 193 120 0 0 0
170 499 190 117 -8 8 0
162 507 187 114 0 -8 0
162 499 184 111 -8 -8 0
154 491 181 108 0 -8 0
154 483 178 105 0 8 0
154 491 175 102 -8 -8 0
146 483 172 99 0 8 0
146 491 169 96 0 8 0
146 499 166 93 -8 -8 0
138 491 163 90 0 8 0
138 499 160 87 -8 0 0
130 499 157 84 0 8 0
130 507 154 81 0 0 0
130 507 151 78 -8 -8 0
122 499 148 75 0 0 0
122 499 145 72 0 8 0
122 507 142 69 -8 8 0
114 515 139 66 0 8 0
114 523 136 63 -8 -8 0
106 515 133 60 0 -8 0
106 507 130 57 0 8 0
106 515 127 54 -8 -8 0
98 507 124 51 0 0 0
98 507 121 48 0 8 0
98 515 118 45 -8 0 0
90 515 115 42 0 0 0
90 515 112 39 -8 -8 0
82 507 109 36 0 -8 0
82 499 106 33 0 8 0
82 507 103 30 -8 -8 0
74 499 100 27 0 -8 0
74 491 97 24 0 8 0
74 499 94 21 -8 8 0
66 507 91 18 0 -8 0
66 499 88 15 -8 8 0
60 507 85 12 0 -8 0
60 499 82 9 -8 -8 0
60 491 79 12 0 -8 0
60 483 76 15 0 0 0
60 483 73 18 0 0 0
60 483 70 21 0 0 0
60 483 67 24 0 8 0
60 491 64 27 0 8 0
60 499 61 30 0 -8 0
60 491 58 33 0 8 0
60 499 55 36 0 8 0
60 507 52 39 0 0 0
60 507 49 42 0 8 0
60 515 46 45 0 -8 0
60 507 43 48 0 8 0
60 515 40 51 0 8 0
60 523 37 54 0 -8 0
60 515 34 57 0 0 0
60 515 31 60 0 8 0
60 523 28 63 0 8 0
60 531 25 66 0 8 0
60 539 22 69 0 -8 0
60 531 19 72 0 8 0
60 539 22 75 0 -8 0
60 531 25 78 0 0 0
60 531 28 81 0 8 0
60 539 31 84 0 8 0
60 540 34 87 0 0 0
60 540 37 90 0 0 0
60 540 40 93 0 0 0
60 540 43 96 0 -8 0
60 532 46 99 0 -8 0
60 524 49 102 0 0 0
60 524 52 105 0 8 0
60 532 55 108 0 0 0
60 532 58 111 8 -8 0
68 524 61 114 0 8 0
68 532 64 117 0 8 0
68 540 67 120 8 -8 0
76 532 70 123 0 0 0
76 532 73 126 0 0 0
76 532 76 129 8 -8 0
84 524 79 132 0 8 0
84 532 82 135 8 -8 0
92 524 85 138 0 8 0
92 532 88 141 0 8 0
92 540 91 144 8 -8 0
100 532 94 147 0 -8 0
100 524 97 150 0 0 0
100 524 100 153 8 -8 0
108 516 103 156 0 8 0
108 524 106 159 8 0 0
116 524 109 162 0 -8 0
116 516 112 165 0 -8 0
116 508 115 168 8 -8 0
124 500 118 171 0 8 0
124 508 121 174 0 -8 0
124 500 124 177 8 -8 0
132 492 127 180 0 -8 0
132 484 130 183 8 0 0
140 484 133 186 0 8 0
140 492 136 189 0 0 0
140 492 139 192 8 8 0
148 500 142 195 0 -8 0
148 492 145 198 0 8 0
148 500 148 201 8 -8 0
156 492 151 204 0 -8 0
156 484 154 207 8 0 0
164 484 157 210 0 8 0
164 492 160 213 0 -8 0
164 484 163 216 8 -8 0
172 476 166 219 0 8 0
172 484 169 222 0 -8 0
172 476 172 225 8 -8 0
180 468 175 228 0 -8 0
180 460 178 231 8 8 0
188 468 181 234 0 -8 0
188 460 184 237 0 8 0
188 468 187 240 8 -8 0
196 460 190 243 0 0 0
196 460 193 246 0 0 0
196 460 196 249 8 -8 0
204 452 199 252 0 -8 0
204 444 202 255 8 -8 0
212 436 205 258 0 0 0
212 436 208 261 0 8 0
212 444 211 264 8 -8 0
220 436 214 267 0 8 0
220 444 217 270 0 8 0
220 452 220 273 8 0 0
228 452 223 276 0 0 0
228 452 226 279 8 0 0
236 452 229 282 0 -8 0
236 444 232 285 0 8 0
236 452 235 288 8 0 0
244 452 238 291 0 8 0
244 460 241 294 0 8 0
244 468 244 297 8 8 0
252 476 247 300 0 -8 0
252 468 250 303 8 -8 0
260 460 253 306 0 8 0
260 468 256 309 0 8 0
260 476 259 312 8 8 0
268 484 262 315 0 8 0
268 492 265 318 0 8 0
268 500 268 321 8 -8 0
276 492 271 324 0 0 0
276 492 274 327 8 8 0
284 500 277 330 0 0 0
284 500 280 333 0 -8 0
284 492 283 336 8 -8 0
292 484 286 339 0 -8 0
292 476 289 342 0 -8 0
292 468 292 345 8 8 0
300 476 295 348 0 -8 0
300 468 298 351 8 8 0
308 476 301 354 0 8 0
308 484 304 357 0 -8 0
308 476 307 360 8 -8 0
316 468 310 363 0 0 0
316 468 313 366 0 8 0
316 476 316 369 8 0 0
324 476 319 372 0 0 0
324 476 322 375 8 -8 0
332 468 325 378 0 -8 0
332 460 328 381 0 8 0
332 468 331 384 8 0 0
340 468 334 387 0 -8 0
340 460 337 390 0 0 0
340 460 340 393 8 8 0
348 468 343 396 0 8 0
348 476 346 399 8 8 0
356 484 349 402 0 0 0
356 484 352 405 0 -8 0
356 476 355 408 8 -8 0
364 468 358 411 0 -8 0
364 460 361 414 0 -8 0
364 452 364 417 8 0 0
372 452 367 420 0 -8 0
372 444 370 423 8 0 0
380 444 373 426 0 8 0
380 452 376 429 0 0 0
380 452 379 432 8 8 0
388 460 382 435 0 8 0
388 468 385 438 0 0 0
388 468 388 441 8 0 0
396 468 391 444 0 8 0
396 476 394 447 8 -8 0
404 468 397 450 0 -8 0
404 460 400 453 0 8 0
404 468 403 456 8 0 0
412 468 406 459 0 -8 0
412 460 409 462 0 0 0
412 460 412 465 8 8 0
420 468 415 468 0 0 0
420 468 418 471 8 -8 0
428 460 421 474 0 -8 0
428 452 424 477 0 8 0
428 460 427 480 8 0 0
436 460 430 483 0 0 0
436 460 433 486 0 0 0
436 460 436 489 8 0 0
444 460 439 492 0 0 0
444 460 442 495 8 -8 0
452 452 445 498 0 -8 0
452 444 448 501 0 8 0
452 452 451 504 8 -8 0
460 444 454 507 0 0 0
460 444 457 510 0 0 0
460 444 460 513 8 0 0
468 444 463 516 0 -8 0
468 436 466 519 8 0 0
476 436 469 522 0 -8 0
476 428 472 525 0 8 0
476 436 475 528 8 8 0
484 444 478 531 0 8 0
484 452 481 534 0 8 0
484 460 484 537 8 8 0
492 468 487 540 0 8 0
492 476 490 543 8 8 0
500 484 493 546 0 0 0
500 484 496 549 0 8 0
500 492 499 552 8 -8 0
508 484 502 555 0 0 0
508 484 505 558 0 8 0
508 492 508 561 8 0 0
516 492 511 564 0 -8 0
516 484 514 567 8 0 0
524 484 517 570 0 -8 0
524 476 520 573 0 8 0
524 484 523 576 8 0 0
532 484 526 579 0 0 0
532 484 529 582 0 -8 0
532 476 532 585 8 8 0
540 484 535 588 0 8 0
540 492 538 591 8 0 0
540 492 541 588 0 0 0
540 492 544 585 0 -8 0
540 484 547 582 0 8 0
540 492 550 579 0 -8 0
540 484 553 576 0 -8 0
540 476 556 573 0 8 0
540 484 559 570 0 8 0
540 492 562 567 0 8 0
540 500 565 564 0 -8 0
540 492 568 561 0 -8 0
540 484 571 558 0 8 0
540 492 574 555 0 8 0
540 500 577 552 0 -8 0
540 492 580 549 0 -8 0
540 484 583 546 0 8 0
540 492 586 543 0 8 0
540 500 589 540 0 0 0
540 500 592 537 0 8 0
540 508 595 534 0 8 0
540 516 598 531 0 -8 0
540 508 601 528 0 -8 0
540 500 604 525 0 -8 0
540 492 607 522 0 0 0
540 492 610 519 0 -8 0
540 484 613 516 0 8 0
540 492 616 513 0 -8 0
540 484 619 510 0 0 0
540 484 622 507 0 -8 0
540 476 625 504 0 8 0
540 484 628 501 0 8 0
540 492 631 498 0 8 0
540 500 634 495 0 0 0
540 500 637 492 0 -8 0
540 492 640 489 -8 8 0
532 500 643 486 0 -8 0
532 492 646 483 0 0 0
532 492 649 480 -8 -8 0
524 484 652 477 0 0 0
524 484 655 474 0 8 0
524 492 658 471 -8 8 0
516 500 661 468 0 0 0
516 500 664 465 -8 0 0
508 500 667 462 0 8 0
508 508 670 459 0 -8 0
508 500 673 456 -8 8 0
500 508 676 453 0 8 0
500 516 679 450 0 -8 0
500 508 682 447 -8 8 0
492 516 685 444 0 0 0
492 516 688 441 -8 -8 0
484 508 691 438 0 8 0
484 516 694 435 0 0 0
484 516 697 432 -8 0 0
476 516 700 429 0 -8 0
476 508 703 426 0 0 0
476 508 706 423 -8 -8 0
468 500 709 420 0 0 0
468 500 712 417 -8 8 0
460 508 715 414 0 0 0
460 508 718 411 0 -8 0
460 500 721 408 -8 0 0
452 500 724 405 0 -8 0
452 492 727 402 0 0 0
452 492 730 399 -8 0 0
444 492 733 396 0 8 0
444 500 736 393 -8 -8 0
436 492 739 390 0 0 0
436 492 742 387 0 -8 0
436 484 745 384 -8 8 0
428 492 748 381 0 8 0
428 500 751 378 0 0 0
428 500 754 375 -8 0 0
420 500 757 372 0 0 0
420 500 760 369 -8 0 0
412 500 763 366 0 -8 0
412 492 766 363 0 8 0
412 500 769 360 -8 -8 0
404 492 772 357 0 -8 0
404 484 775 354 0 0 0
404 484 778 351 -8 8 0
396 492 781 348 0 0 1
396 492 781 348 0 0 1
396 492 781 348 0 0 1
396 492 781 348 0 0 1
396 492 781 348 0 0 1
