417 356 685 432 0 0 0
417 356 682 435 0 -8 0
417 348 679 438 0 0 0
417 348 676 441 0 0 0
417 348 673 444 0 8 0
417 356 670 447 0 0 0
417 356 667 450 0 0 0
417 356 664 453 0 -8 0
417 348 661 456 0 0 0
417 348 658 459 0 0 0
417 348 655 462 0 8 0
417 356 652 465 0 0 0
417 356 649 468 8 -8 0
425 348 646 471 0 8 0
425 356 643 474 0 0 0
425 356 640 477 8 -8 0
433 348 637 480 0 -8 0
433 340 634 483 0 8 0
433 348 631 486 8 8 0
441 356 628 489 0 8 0
441 364 625 492 8 8 0
449 372 622 495 0 -8 0
449 364 619 498 0 -8 0
449 356 616 501 8 8 0
457 364 613 504 0 8 0
457 372 610 507 0 -8 0
457 364 607 510 8 0 0
465 364 604 513 0 -8 0
465 356 601 516 8 8 0
473 364 598 519 0 8 0
473 372 595 522 0 0 0
473 372 592 525 8 0 0
481 372 589 528 0 -8 0
481 364 586 531 0 -8 0
481 356 583 534 8 -8 0
489 348 580 537 0 8 0
489 356 577 540 8 0 0
497 356 574 543 0 -8 0
497 348 571 546 0 0 0
497 348 568 549 8 0 0
505 348 565 552 0 0 0
505 348 562 555 0 -8 0
505 340 559 558 8 0 0
513 340 556 561 0 0 0
513 340 553 564 8 -8 0
521 332 550 567 0 -8 0
521 324 547 570 0 8 0
521 332 544 573 8 -8 0
529 324 541 576 0 8 0
529 332 538 579 0 -8 0
529 324 535 582 8 0 0
537 324 532 585 0 8 0
537 332 529 588 8 0 0
540 332 526 591 8 8 0
540 340 523 588 0 0 0
540 340 520 585 0 8 0
540 348 517 582 0 0 0
540 348 514 579 0 8 0
540 356 511 576 0 8 0
540 364 508 573 0 0 0
540 364 505 570 0 0 0
540 364 502 567 0 8 0
540 372 499 564 0 0 0
540 372 496 561 0 8 0
540 380 493 558 0 8 0
540 388 490 555 0 8 0
540 396 487 552 0 0 0
540 396 484 549 0 0 0
540 396 481 546 0 -8 0
540 388 478 543 0 8 0
540 396 475 540 0 -8 0
540 388 472 537 0 8 0
540 396 469 534 0 -8 0
540 388 466 531 0 8 0
540 396 463 528 0 -8 0
540 388 460 525 0 0 0
540 388 457 522 0 8 0
540 396 454 519 0 -8 0
540 388 451 516 0 -8 0
540 380 448 513 0 8 0
540 388 445 510 0 -8 0
540 380 442 507 0 0 0
540 380 439 504 0 8 0
540 388 436 501 0 0 0
540 388 433 498 0 -8 0
540 380 430 495 0 8 0
540 388 427 492 0 -8 0
540 380 424 489 -8 -8 0
532 372 421 486 0 0 0
532 372 418 483 0 8 0
532 380 415 480 -8 0 0
524 380 412 477 0 0 0
524 380 409 474 0 0 0
524 380 406 471 -8 -8 0
516 372 403 468 0 0 0
516 372 400 465 -8 8 0
508 380 397 462 0 0 0
508 380 394 459 0 8 0
508 388 391 456 -8 8 0
500 396 388 453 0 -8 0
500 388 385 450 0 0 0
500 388 382 447 -8 -8 0
492 380 379 444 0 -8 0
492 372 376 441 -8 -8 0
484 364 373 438 0 0 0
484 364 370 435 0 8 0
484 372 367 432 -8 8 0
476 380 364 429 0 0 0
476 380 361 426 0 -8 0
476 372 358 423 -8 0 0
468 372 355 420 0 0 0
468 372 352 417 -8 8 0
460 380 349 414 0 0 0
460 380 346 411 0 8 0
460 388 343 408 -8 -8 0
452 380 340 405 0 8 0
452 388 337 402 0 0 0
452 388 334 399 -8 0 0
444 388 331 396 0 0 0
444 388 328 393 -8 8 0
436 396 325 390 0 8 0
436 404 322 387 0 0 0
436 404 319 384 -8 -8 0
428 396 316 381 0 -8 0
428 388 313 378 0 8 0
428 396 310 375 -8 8 0
420 404 307 372 0 8 0
420 412 304 369 -8 -8 0
412 404 301 366 0 -8 0
412 396 298 363 0 0 0
412 396 295 360 -8 0 0
404 396 292 357 0 8 0
404 404 289 354 0 -8 0
404 396 286 351 -8 8 0
396 404 283 348 0 8 0
396 412 280 345 -8 0 0
388 412 277 342 0 8 0
388 420 274 339 0 0 0
388 420 271 336 -8 0 0
380 420 268 333 0 8 0
380 428 265 330 0 8 0
380 436 262 327 -8 8 0
372 444 259 324 0 -8 0
372 436 256 321 -8 8 0
364 444 253 318 0 8 0
364 452 250 315 0 -8 0
364 444 247 312 -8 0 0
356 444 244 309 0 8 0
356 452 241 306 0 -8 0
356 444 238 303 -8 -8 0
348 436 235 300 0 0 0
348 436 232 297 -8 8 0
340 444 229 294 0 0 0
340 444 226 291 0 0 0
340 444 223 288 -8 0 0
332 444 220 285 0 -8 0
332 436 217 282 0 8 0
332 444 214 279 -8 0 0
324 444 211 276 0 8 0
324 452 208 273 -8 0 0
316 452 205 270 0 -8 0
316 444 202 267 0 -8 0
316 436 199 264 -8 8 0
308 444 196 261 0 8 0
308 452 193 258 0 -8 0
308 444 190 255 -8 0 0
300 444 187 252 0 0 0
300 444 184 249 -8 8 0
292 452 181 246 0 -8 0
292 444 178 243 0 0 0
292 444 175 240 -8 8 0
284 452 172 237 0 -8 0
284 444 169 234 0 -8 0
284 436 166 231 -8 -8 0
276 428 163 228 0 -8 0
276 420 160 225 -8 8 0
268 428 157 222 0 8 0
268 436 154 219 0 0 0
268 436 151 216 -8 -8 0
260 428 148 213 0 0 0
260 428 145 210 0 8 0
260 436 142 207 -8 0 0
252 436 139 204 0 8 0
252 444 136 201 -8 8 0
244 452 133 198 0 0 0
244 452 130 195 0 0 0
244 452 127 192 -8 -8 0
236 444 124 189 0 0 0
236 444 121 186 0 0 0
236 444 118 183 -8 -8 0
228 436 115 180 0 8 0
228 444 112 177 -8 -8 0
220 436 109 174 0 0 0
220 436 106 171 0 8 0
220 444 103 168 -8 0 0
212 444 100 165 0 -8 0
212 436 97 162 0 0 0
212 436 94 159 -8 0 0
204 436 91 156 0 -8 0
204 428 88 153 -8 0 0
196 428 85 150 0 -8 0
196 420 82 147 0 -8 0
196 412 79 144 -8 -8 0
188 404 76 141 0 0 0
188 404 73 138 0 -8 0
188 396 70 135 -8 -8 0
180 388 67 132 0 8 0
180 396 64 129 -8 -8 0
172 388 61 126 0 0 0
172 388 58 123 0 -8 0
172 380 55 120 -8 -8 0
164 372 52 117 0 8 0
164 380 49 114 0 -8 0
164 372 46 111 -8 8 0
156 380 43 108 0 8 0
156 388 40 105 -8 0 0
148 388 37 102 0 -8 0
148 380 34 99 0 8 0
148 388 31 96 -8 8 0
140 396 28 93 0 -8 0
140 388 25 90 0 8 0
140 396 22 87 -8 0 0
132 396 19 84 0 0 0
132 396 22 81 -8 8 0
124 404 25 78 0 -8 0
124 396 28 75 0 0 0
124 396 31 72 -8 -8 0
116 388 34 69 0 8 0
116 396 37 66 0 8 0
116 404 40 63 -8 0 0
108 404 43 60 0 0 0
108 404 46 57 -8 0 0
100 404 49 54 0 8 0
100 412 52 51 0 8 0
100 420 55 48 -8 -8 0
92 412 58 45 0 -8 0
92 404 61 42 0 0 0
92 404 64 39 -8 8 0
84 412 67 36 0 -8 0
84 404 70 33 -8 -8 0
76 396 73 30 0 8 0
76 404 76 27 0 0 0
76 404 79 24 -8 -8 0
68 396 82 21 0 8 0
68 404 85 18 0 8 0
68 412 88 15 -8 0 0
60 412 91 12 0 -8 0
60 404 94 9 -8 8 0
60 412 97 12 0 0 0
60 412 100 15 0 0 0
60 412 103 18 0 0 0
60 412 106 21 0 8 0
60 420 109 24 0 8 0
60 428 112 27 0 8 0
60 436 115 30 0 8 0
60 444 118 33 0 -8 0
60 436 121 36 0 -8 0
60 428 124 39 0 -8 0
60 420 127 42 0 8 0
60 428 130 45 0 0 0
60 428 133 48 0 -8 0
60 420 136 51 0 0 0
60 420 139 54 0 8 0
60 428 142 57 0 8 0
60 436 145 60 0 0 0
60 436 148 63 0 0 0
60 436 151 66 0 8 0
60 444 154 69 0 -8 0
60 436 157 72 0 0 0
60 436 160 75 0 0 0
60 436 163 78 0 -8 0
60 428 166 81 0 0 0
60 428 169 84 0 8 0
60 436 172 87 0 8 0
60 444 175 90 0 8 0
60 452 178 93 0 0 0
60 452 181 96 0 -8 0
60 444 184 99 0 0 0
60 444 187 102 0 0 0
60 444 190 105 0 -8 0
60 436 193 108 0 -8 0
60 428 196 111 8 -8 0
68 420 199 114 0 -8 0
68 412 202 117 0 0 0
68 412 205 120 8 -8 0
76 404 208 123 0 -8 0
76 396 211 126 0 0 0
76 396 214 129 8 -8 0
84 388 217 132 0 0 0
84 388 220 135 8 0 0
92 388 223 138 0 0 0
92 388 226 141 0 0 0
92 388 229 144 8 8 0
100 396 232 147 0 0 0
100 396 235 150 0 0 0
100 396 238 153 8 8 0
108 404 241 156 0 0 0
108 404 244 159 8 8 0
116 412 247 162 0 8 0
116 420 250 165 0 -8 0
116 412 253 168 8 8 0
124 420 256 171 0 0 0
124 420 259 174 0 0 0
124 420 262 177 8 8 0
132 428 265 180 0 8 0
132 436 268 183 8 8 0
140 444 271 186 0 8 0
140 452 274 189 0 -8 0
140 444 277 192 8 8 0
148 452 280 195 0 0 0
148 452 283 198 0 0 0
148 452 286 201 8 8 0
156 460 289 204 0 -8 0
156 452 292 207 8 0 0
164 452 295 210 0 -8 0
164 444 298 213 0 -8 0
164 436 301 216 8 0 0
172 436 304 219 0 0 0
172 436 307 222 0 0 0
172 436 310 225 8 8 0
180 444 313 228 0 -8 0
180 436 316 231 8 -8 0
188 428 319 234 0 8 0
188 436 322 237 0 -8 0
188 428 325 240 8 -8 0
196 420 328 243 0 -8 0
196 412 331 246 0 -8 0
196 404 334 249 8 -8 0
204 396 337 252 0 8 0
204 404 340 255 8 0 0
212 404 343 258 0 -8 0
212 396 346 261 0 8 0
212 404 349 264 8 8 0
220 412 352 267 0 8 0
220 420 355 270 0 8 0
220 428 358 273 8 -8 0
228 420 361 276 0 -8 0
228 412 364 279 8 0 0
236 412 367 282 0 8 0
236 420 370 285 0 -8 0
236 412 373 288 8 -8 0
244 404 376 291 0 8 0
244 412 379 294 0 8 0
244 420 382 297 8 0 0
252 420 385 300 0 8 0
252 428 388 303 8 -8 0
260 420 391 306 0 -8 0
260 412 394 309 0 0 0
260 412 397 312 8 0 0
268 412 400 315 0 0 0
268 412 403 318 0 0 0
268 412 406 321 8 -8 0
276 404 409 324 0 -8 0
276 396 412 327 8 -8 0
284 388 415 330 0 8 0
284 396 418 333 0 0 0
284 396 421 336 8 -8 0
292 388 424 339 0 0 0
292 388 427 342 0 8 0
292 396 430 345 8 8 0
300 404 433 348 0 -8 0
300 396 436 351 8 -8 0
308 388 439 354 0 0 0
308 388 442 357 0 -8 0
308 380 445 360 8 -8 0
316 372 448 363 0 8 0
316 380 451 366 0 8 0
316 388 454 369 8 0 0
324 388 457 372 0 0 0
324 388 460 375 8 -8 0
332 380 463 378 0 8 0
332 388 466 381 0 8 0
332 396 469 384 8 0 0
340 396 472 387 0 0 0
340 396 475 390 0 0 0
340 396 478 393 8 -8 0
348 388 481 396 0 0 0
348 388 484 399 8 8 0
356 396 487 402 0 0 0
356 396 490 405 0 8 0
356 404 493 408 8 8 0
364 412 496 411 0 0 0
364 412 499 414 0 0 0
364 412 502 417 8 0 0
372 412 505 420 0 -8 0
372 404 508 423 8 8 0
380 412 511 426 0 -8 0
380 404 514 429 0 8 0
380 412 517 432 8 -8 0
388 404 520 435 0 0 0
388 404 523 438 0 8 0
388 412 526 441 8 8 0
396 420 529 444 0 0 0
396 420 532 447 8 -8 0
404 412 535 450 0 0 0
404 412 538 453 0 -8 0
404 404 541 456 8 8 0
412 412 544 459 0 0 0
412 412 547 462 0 8 0
412 420 550 465 8 8 0
420 428 553 468 0 0 0
420 428 556 471 8 -8 0
428 420 559 474 0 8 0
428 428 562 477 0 0 0
428 428 565 480 8 -8 0
436 420 568 483 0 8 0
436 428 571 486 0 -8 0
436 420 574 489 8 -8 0
444 412 577 492 0 0 0
444 412 580 495 8 8 0
452 420 583 498 0 -8 0
452 412 586 501 0 -8 0
452 404 589 504 8 -8 0
460 396 592 507 0 -8 0
460 388 595 510 0 8 0
460 396 598 513 8 -8 0
468 388 601 516 0 0 0
468 388 604 519 8 8 0
476 396 607 522 0 8 0
476 404 610 525 0 0 0
476 404 613 528 8 0 0
484 404 616 531 0 8 0
484 412 619 534 0 -8 0
484 404 622 537 8 8 0
492 412 625 540 0 -8 0
492 404 628 543 8 8 0
500 412 631 546 0 -8 0
500 404 634 549 0 8 0
500 412 637 552 8 -8 0
508 404 640 555 0 8 0
508 412 643 558 0 8 0
508 420 646 561 8 -8 0
516 412 649 564 0 8 0
516 420 652 567 8 0 0
524 420 655 570 0 -8 0
524 412 658 573 0 0 0
524 412 661 576 8 8 0
532 420 664 579 0 8 0
532 428 667 582 0 -8 0
532 420 670 585 8 -8 0
540 412 673 588 0 -8 0
540 404 676 591 8 8 0
540 412 679 588 0 0 0
540 412 682 585 0 0 0
540 412 685 582 0 8 0
540 420 688 579 0 0 0
540 420 691 576 0 -8 0
540 412 694 573 0 8 0
540 420 697 570 0 8 0
540 428 700 567 0 0 0
540 428 703 564 0 -8 0
540 420 706 561 0 -8 0
540 412 709 558 0 0 0
540 412 712 555 0 0 0
540 412 715 552 0 -8 0
540 404 718 549 0 0 0
540 404 721 546 0 -8 0
540 396 724 543 0 8 0
540 404 727 540 0 8 0
540 412 730 537 0 -8 0
540 404 733 534 0 8 0
540 412 736 531 0 0 0
540 412 739 528 0 8 0
540 420 742 525 0 0 0
540 420 745 522 0 0 0
540 420 748 519 0 0 0
540 420 751 516 0 8 0
540 428 754 513 0 0 0
540 428 757 510 0 8 0
540 436 760 507 0 8 0
540 444 763 504 0 0 0
540 444 766 501 0 -8 0
540 436 769 498 0 -8 0
540 428 772 495 0 8 0
540 436 775 492 0 8 0
540 444 778 489 -8 8 0
532 452 781 486 0 -8 0
532 444 778 483 0 8 0
532 452 775 480 -8 0 0
524 452 772 477 0 0 0
524 452 769 474 0 0 0
524 452 766 471 -8 0 0
516 452 763 468 0 8 0
516 460 760 465 -8 -8 0
508 452 757 462 0 -8 0
508 444 754 459 0 0 0
508 444 751 456 -8 -8 0
500 436 748 453 0 8 0
500 444 745 450 0 8 0
500 452 742 447 -8 8 0
492 460 739 444 0 -8 0
492 452 736 441 -8 0 0
484 452 733 438 0 -8 0
484 444 730 435 0 8 0
484 452 727 432 -8 0 0
476 452 724 429 0 0 0
476 452 721 426 0 0 0
476 452 718 423 -8 8 0
468 460 715 420 0 8 0
468 468 712 417 -8 0 0
460 468 709 414 0 8 0
460 476 706 411 0 8 0
460 484 703 408 -8 8 0
452 492 700 405 0 8 0
452 500 697 402 0 0 0
452 500 694 399 -8 -8 0
444 492 691 396 0 0 0
444 492 688 393 -8 -8 0
436 484 685 390 0 0 0
436 484 682 387 0 0 0
436 484 679 384 -8 -8 0
428 476 676 381 0 0 0
428 476 673 378 0 0 0
428 476 670 375 -8 0 0
420 476 667 372 0 -8 0
420 468 664 369 -8 8 0
412 476 661 366 0 -8 0
412 468 658 363 0 -8 0
412 460 655 360 -8 -8 0
404 452 652 357 0 0 0
404 452 649 354 0 0 0
404 452 646 351 -8 0 0
396 452 643 348 0 8 0
396 460 640 345 -8 -8 0
388 452 637 342 0 -8 0
388 444 634 339 0 0 0
388 444 631 336 -8 0 0
380 444 628 333 0 0 0
380 444 625 330 0 -8 0
380 436 622 327 -8 -8 0
372 428 619 324 0 8 0
372 436 616 321 -8 8 0
364 444 613 318 0 -8 0
364 436 610 315 0 8 0
364 444 607 312 -8 8 0
356 452 604 309 0 -8 0
356 444 601 306 0 8 0
356 452 598 303 -8 0 0
348 452 595 300 0 0 0
348 452 592 297 -8 0 0
340 452 589 294 0 0 0
340 452 586 291 0 -8 0
340 444 583 288 -8 0 0
332 444 580 285 0 8 0
332 452 577 282 0 8 0
332 460 574 279 -8 -8 0
324 452 571 276 0 0 0
324 452 568 273 -8 8 0
316 460 565 270 0 8 0
316 468 562 267 0 8 0
316 476 559 264 -8 8 0
308 484 556 261 0 0 0
308 484 553 258 0 8 0
308 492 550 255 -8 8 0
300 500 547 252 0 -8 0
300 492 544 249 -8 -8 0
292 484 541 246 0 8 0
292 492 538 243 0 8 0
292 500 535 240 -8 8 0
284 508 532 237 0 -8 0
284 500 529 234 0 8 0
284 508 526 231 -8 -8 0
276 500 523 228 0 -8 0
276 492 520 225 -8 0 0
268 492 517 222 0 0 0
268 492 514 219 0 8 0
268 500 511 216 -8 -8 0
260 492 508 213 0 -8 0
260 484 505 210 0 8 0
260 492 502 207 -8 0 0
252 492 499 204 0 8 0
252 500 496 201 -8 0 0
244 500 493 198 0 8 0
244 508 490 195 0 0 0
244 508 487 192 -8 0 0
236 508 484 189 0 8 0
236 516 481 186 0 0 0
236 516 478 183 -8 8 0
228 524 475 180 0 0 0
228 524 472 177 -8 0 0
220 524 469 174 0 -8 0
220 516 466 171 0 -8 0
220 508 463 168 -8 8 0
212 516 460 165 0 -8 0
212 508 457 162 0 -8 0
212 500 454 159 -8 0 0
204 500 451 156 0 0 0
204 500 448 153 -8 0 0
196 500 445 150 0 -8 0
196 492 442 147 0 -8 0
196 484 439 144 -8 8 0
188 492 436 141 0 8 0
188 500 433 138 0 8 0
188 508 430 135 -8 -8 0
180 500 427 132 0 8 0
180 508 424 129 -8 -8 0
172 500 421 126 0 -8 0
172 492 418 123 0 -8 0
172 484 415 120 -8 8 0
164 492 412 117 0 8 0
164 500 409 114 0 8 0
164 508 406 111 -8 -8 0
156 500 403 108 0 8 0
156 508 400 105 -8 -8 0
148 500 397 102 0 8 0
148 508 394 99 0 -8 0
148 500 391 96 -8 8 0
140 508 388 93 0 8 0
140 516 385 90 0 8 0
140 524 382 87 -8 -8 0
132 516 379 84 0 -8 0
132 508 376 81 -8 -8 0
124 500 373 78 0 8 0
124 508 370 75 0 -8 0
124 500 367 72 -8 0 0
116 500 364 69 0 -8 0
116 492 361 66 0 0 0
116 492 358 63 -8 0 0
108 492 355 60 0 0 0
108 492 352 57 -8 -8 0
100 484 349 54 0 8 0
100 492 346 51 0 0 0
100 492 343 48 -8 -8 0
92 484 340 45 0 8 0
92 492 337 42 0 0 0
92 492 334 39 -8 -8 0
84 484 331 36 0 -8 0
84 476 328 33 -8 8 0
76 484 325 30 0 0 0
76 484 322 27 0 8 0
76 492 319 24 -8 8 0
68 500 316 21 0 8 0
68 508 313 18 0 -8 0
68 500 310 15 -8 8 0
60 508 307 12 0 8 0
60 516 304 9 -8 -8 0
60 508 301 12 0 0 0
60 508 298 15 0 0 0
60 508 295 18 0 0 0
60 508 292 21 0 0 0
60 508 289 24 0 0 0
60 508 286 27 0 -8 0
60 500 283 30 0 -8 0
60 492 280 33 0 -8 0
60 484 277 36 0 8 0
60 492 274 39 0 8 0
60 500 271 42 0 -8 0
60 492 268 45 0 8 0
60 500 265 48 0 -8 0
60 492 262 51 0 -8 0
60 484 259 54 0 0 0
60 484 256 57 0 -8 0
60 476 253 60 0 0 0
60 476 250 63 0 0 0
60 476 247 66 0 0 0
60 476 244 69 0 -8 0
60 468 241 72 0 -8 0
60 460 238 75 0 0 0
60 460 235 78 0 0 0
60 460 232 81 0 0 0
60 460 229 84 0 0 0
60 460 226 87 0 0 0
60 460 223 90 0 -8 0
60 452 220 93 0 0 0
60 452 217 96 0 8 0
60 460 214 99 0 0 0
60 460 211 102 0 8 0
60 468 208 105 0 0 0
60 468 205 108 0 -8 0
60 460 202 111 8 0 0
68 460 199 114 0 0 0
68 460 196 117 0 8 0
68 468 193 120 8 8 0
76 476 190 123 0 8 0
76 484 187 126 0 0 0
76 484 184 129 8 -8 0
84 476 181 132 0 8 0
84 484 178 135 8 0 0
92 484 175 138 0 0 0
92 484 172 141 0 -8 0
92 476 169 144 8 -8 0
100 468 166 147 0 8 0
100 476 163 150 0 8 0
100 484 160 153 8 -8 0
108 476 157 156 0 0 0
108 476 154 159 8 0 0
116 476 151 162 0 -8 0
116 468 148 165 0 0 0
116 468 145 168 8 8 0
124 476 142 171 0 0 0
124 476 139 174 0 -8 0
124 468 136 177 8 0 0
132 468 133 180 0 0 0
132 468 130 183 8 8 0
140 476 127 186 0 -8 0
140 468 124 189 0 -8 0
140 460 121 192 8 -8 0
148 452 118 195 0 8 0
148 460 115 198 0 8 0
148 468 112 201 8 8 0
156 476 109 204 0 8 0
156 484 106 207 8 8 0
164 492 103 210 0 -8 0
164 484 100 213 0 0 0
164 484 97 216 8 8 0
172 492 94 219 0 0 0
172 492 91 222 0 0 0
172 492 88 225 8 -8 0
180 484 85 228 0 8 0
180 492 82 231 8 8 0
188 500 79 234 0 -8 0
188 492 76 237 0 0 0
188 492 73 240 8 8 0
196 500 70 243 0 0 0
196 500 67 246 0 -8 0
196 492 64 249 8 0 0
204 492 61 252 0 8 0
204 500 58 255 8 0 0
212 500 55 258 0 -8 0
212 492 52 261 0 0 0
212 492 49 264 8 -8 0
220 484 46 267 0 8 0
220 492 43 270 0 -8 0
220 484 40 273 8 -8 0
228 476 37 276 0 0 0
228 476 34 279 8 0 0
236 476 31 282 0 0 0
236 476 28 285 0 0 0
236 476 25 288 8 -8 0
244 468 22 291 0 -8 0
244 460 19 294 0 -8 0
244 452 22 297 8 8 0
252 460 25 300 0 8 0
252 468 28 303 8 8 0
260 476 31 306 0 8 0
260 484 34 309 0 8 0
260 492 37 312 8 -8 0
268 484 40 315 0 0 0
268 484 43 318 0 8 0
268 492 46 321 8 0 0
276 492 49 324 0 0 0
276 492 52 327 8 -8 0
284 484 55 330 0 0 0
284 484 58 333 0 -8 0
284 476 61 336 8 8 0
292 484 64 339 0 8 0
292 492 67 342 0 0 0
292 492 70 345 8 8 0
300 500 73 348 0 8 0
300 508 76 351 8 -8 0
308 500 79 354 0 -8 0
308 492 82 357 0 0 0
308 492 85 360 8 0 0
316 492 88 363 0 0 0
316 492 91 366 0 -8 0
316 484 94 369 8 8 0
324 492 97 372 0 -8 0
324 484 100 375 8 0 0
332 484 103 378 0 8 0
332 492 106 381 0 0 0
332 492 109 384 8 8 0
340 500 112 387 0 -8 0
340 492 115 390 0 0 0
340 492 118 393 8 -8 0
348 484 121 396 0 0 0
348 484 124 399 8 -8 0
356 476 127 402 0 0 0
356 476 130 405 0 8 0
356 484 133 408 8 -8 0
364 476 136 411 0 0 0
364 476 139 414 0 8 0
364 484 142 417 8 -8 0
372 476 145 420 0 8 0
372 484 148 423 8 0 0
380 484 151 426 0 -8 0
380 476 154 429 0 -8 0
380 468 157 432 8 8 0
388 476 160 435 0 8 0
388 484 163 438 0 8 0
388 492 166 441 8 -8 0
396 484 169 444 0 0 0
396 484 172 447 8 -8 0
404 476 175 450 0 -8 0
404 468 178 453 0 8 0
404 476 181 456 8 -8 0
412 468 184 459 0 -8 0
412 460 187 462 0 0 0
412 460 190 465 8 8 0
420 468 193 468 0 8 0
420 476 196 471 8 0 0
428 476 199 474 0 -8 0
428 468 202 477 0 0 0
428 468 205 480 8 -8 0
436 460 208 483 0 8 0
436 468 211 486 0 0 0
436 468 214 489 8 8 0
444 476 217 492 0 -8 0
444 468 220 495 8 8 0
452 476 223 498 0 -8 0
452 468 226 501 0 8 0
452 476 229 504 8 -8 0
460 468 232 507 0 0 0
460 468 235 510 0 -8 0
460 460 238 513 8 0 0
468 460 241 516 0 8 0
468 468 244 519 8 8 0
476 476 247 522 0 0 0
476 476 250 525 0 8 0
476 484 253 528 8 8 0
484 492 256 531 0 0 0
484 492 259 534 0 -8 0
484 484 262 537 8 -8 0
492 476 265 540 0 -8 0
492 468 268 543 8 -8 0
500 460 271 546 0 -8 0
500 452 274 549 0 -8 0
500 444 277 552 8 0 0
508 444 280 555 0 -8 0
508 436 283 558 0 -8 0
508 428 286 561 8 -8 0
516 420 289 564 0 8 0
516 428 292 567 8 0 0
524 428 295 570 0 8 0
524 436 298 573 0 8 0
524 444 301 576 8 -8 0
532 436 304 579 0 8 0
532 444 307 582 0 0 0
532 444 310 585 8 0 0
540 444 313 588 0 8 0
540 452 316 591 8 -8 0
540 444 319 588 0 -8 0
540 436 322 585 0 8 0
540 444 325 582 0 0 0
540 444 328 579 0 0 0
540 444 331 576 0 8 0
540 452 334 573 0 8 0
540 460 337 570 0 0 0
540 460 340 567 0 0 0
540 460 343 564 0 0 0
540 460 346 561 0 -8 0
540 452 349 558 0 8 0
540 460 352 555 0 8 0
540 468 355 552 0 8 0
540 476 358 549 0 0 0
540 476 361 546 0 -8 0
540 468 364 543 0 0 0
540 468 367 540 0 8 0
540 476 370 537 0 -8 0
540 468 373 534 0 8 0
540 476 376 531 0 8 0
540 484 379 528 0 0 0
540 484 382 525 0 -8 0
540 476 385 522 0 -8 0
540 468 388 519 0 -8 0
540 460 391 516 0 0 0
540 460 394 513 0 8 0
540 468 397 510 0 0 0
540 468 400 507 0 -8 0
540 460 403 504 0 8 0
540 468 406 501 0 -8 0
540 460 409 498 0 0 0
540 460 412 495 0 -8 0
540 452 415 492 0 0 0
540 452 418 489 -8 8 0
532 460 421 486 0 8 0
532 468 424 483 0 0 0
532 468 427 480 -8 -8 0
524 460 430 477 0 0 0
524 460 433 474 0 8 0
524 468 436 471 -8 8 0
516 476 439 468 0 -8 0
516 468 442 465 -8 8 0
508 476 445 462 0 0 0
508 476 448 459 0 8 0
508 484 451 456 -8 8 0
500 492 454 453 0 0 0
500 492 457 450 0 8 0
500 500 460 447 -8 -8 0
492 492 463 444 0 -8 0
492 484 466 441 -8 0 0
484 484 469 438 0 8 0
484 492 472 435 0 -8 0
484 484 475 432 -8 0 0
476 484 478 429 0 -8 0
476 476 481 426 0 0 0
476 476 484 423 -8 -8 0
468 468 487 420 0 8 0
468 476 490 417 -8 -8 0
460 468 493 414 0 -8 0
460 460 496 411 0 0 0
460 460 499 408 -8 -8 0
452 452 502 405 0 -8 0
452 444 505 402 0 0 0
452 444 508 399 -8 8 0
444 452 511 396 0 0 0
444 452 514 393 -8 8 0
436 460 517 390 0 8 0
436 468 520 387 0 0 0
436 468 523 384 -8 0 0
428 468 526 381 0 0 0
428 468 529 378 0 8 0
428 476 532 375 -8 -8 0
420 468 535 372 0 8 0
420 476 538 369 -8 -8 0
412 468 541 366 0 8 0
412 476 544 363 0 8 0
412 484 547 360 -8 0 0
404 484 550 357 0 -8 0
404 476 553 354 0 8 0
404 484 556 351 -8 0 0
396 484 559 348 0 0 0
396 484 562 345 -8 -8 0
388 476 565 342 0 -8 0
388 468 568 339 0 -8 0
388 460 571 336 -8 8 0
380 468 574 333 0 -8 0
380 460 577 330 0 0 0
380 460 580 327 -8 -8 0
372 452 583 324 0 0 0
372 452 586 321 -8 0 0
364 452 589 318 0 8 0
364 460 592 315 0 8 0
364 468 595 312 -8 -8 0
356 460 598 309 0 -8 0
356 452 601 306 0 8 0
356 460 604 303 -8 0 0
348 460 607 300 0 0 0
348 460 610 297 -8 8 0
340 468 613 294 0 0 0
340 468 616 291 0 -8 0
340 460 619 288 -8 0 0
332 460 622 285 0 -8 0
332 452 625 282 0 0 0
332 452 628 279 -8 8 0
324 460 631 276 0 -8 0
324 452 634 273 -8 0 0
316 452 637 270 0 0 0
316 452 640 267 0 -8 0
316 444 643 264 -8 0 0
308 444 646 261 0 -8 0
308 436 649 258 0 0 0
308 436 652 255 -8 8 0
300 444 655 252 0 0 0
300 444 658 249 -8 -8 0
292 436 661 246 0 -8 0
292 428 664 243 0 -8 0
292 420 667 240 -8 8 0
284 428 670 237 0 -8 0
284 420 673 234 0 8 0
284 428 676 231 -8 -8 0
276 420 679 228 0 8 0
276 428 682 225 -8 -8 0
268 420 685 222 0 0 0
268 420 688 219 0 0 0
268 420 691 216 -8 8 0
260 428 694 213 0 8 0
260 436 697 210 0 0 0
260 436 700 207 -8 8 0
252 444 703 204 0 8 0
252 452 706 201 -8 8 0
244 460 709 198 0 8 0
244 468 712 195 0 0 0
244 468 715 192 -8 0 0
236 468 718 189 0 0 0
236 468 721 186 0 -8 0
236 460 724 183 -8 -8 0
228 452 727 180 0 -8 0
228 444 730 177 -8 -8 0
220 436 733 174 0 -8 0
220 428 736 171 0 0 0
220 428 739 168 -8 -8 0
212 420 742 165 0 -8 0
212 412 745 162 0 0 0
212 412 748 159 -8 -8 0
204 404 751 156 0 0 0
204 404 754 153 -8 0 0
196 404 757 150 0 -8 0
196 396 760 147 0 8 0
196 404 763 144 -8 -8 0
188 396 766 141 0 0 0
188 396 769 138 0 8 0
188 404 772 135 -8 0 0
180 404 775 132 0 8 0
180 412 778 129 -8 0 0
172 412 781 126 0 0 1
172 412 781 126 0 0 1
172 412 781 126 0 0 1
172 412 781 126 0 0 1
172 412 781 126 0 0 1
