405 435 400 207 0 0 0
405 435 403 204 -8 0 0
397 435 406 201 -8 8 0
389 443 409 198 -8 8 0
381 451 412 195 -8 0 0
373 451 415 192 -8 0 0
365 451 418 189 -8 8 0
357 459 421 186 -8 -8 0
349 451 424 183 -8 8 0
341 459 427 180 -8 -8 0
333 451 430 177 -8 -8 0
325 443 433 174 -8 -8 0
317 435 436 171 -8 0 0
309 435 439 168 -8 -8 0
301 427 442 165 -8 8 0
293 435 445 162 -8 -8 0
285 427 448 159 -8 0 0
277 427 451 156 -8 0 0
269 427 454 153 -8 8 0
261 435 457 150 -8 8 0
253 443 460 147 -8 8 0
245 451 463 144 -8 0 0
237 451 466 141 -8 0 0
229 451 469 138 -8 8 0
221 459 472 135 -8 -8 0
213 451 475 132 -8 -8 0
205 443 478 129 -8 8 0
197 451 481 126 -8 0 0
189 451 484 123 -8 8 0
181 459 487 120 -8 -8 0
173 451 490 117 -8 8 0
165 459 493 114 -8 8 0
157 467 496 111 0 0 0
157 467 499 108 0 8 0
157 475 502 105 -8 0 0
149 475 505 102 0 -8 0
149 467 508 99 0 -8 0
149 459 511 96 -8 0 0
141 459 514 93 0 8 0
141 467 517 90 -8 8 0
133 475 520 87 0 -8 0
133 467 523 84 0 -8 0
133 459 526 81 -8 -8 0
125 451 529 78 0 8 0
125 459 532 75 0 8 0
125 467 535 72 -8 8 0
117 475 538 69 0 8 0
117 483 541 66 -8 0 0
109 483 544 63 0 -8 0
109 475 547 60 0 8 0
109 483 550 57 -8 -8 0
101 475 553 54 0 0 0
101 475 556 51 0 8 0
101 483 559 48 -8 8 0
93 491 562 45 0 8 0
93 499 565 42 -8 -8 0
85 491 568 39 0 8 0
85 499 571 36 0 0 0
85 499 574 33 -8 -8 0
77 491 577 30 0 8 0
77 499 580 27 0 8 0
77 507 583 24 -8 -8 0
69 499 586 21 0 -8 0
69 491 589 18 -8 8 0
61 499 592 15 0 -8 0
61 491 595 12 0 0 0
61 491 598 9 -8 8 0
60 499 601 12 0 0 0
60 499 604 15 0 0 0
60 499 607 18 0 0 0
60 499 610 21 0 0 0
60 499 613 24 0 -8 0
60 491 616 27 0 -8 0
60 483 619 30 0 -8 0
60 475 622 33 0 -8 0
60 467 625 36 0 0 0
60 467 628 39 0 0 0
60 467 631 42 0 8 0
60 475 634 45 0 0 0
60 475 637 48 0 0 0
60 475 640 51 0 8 0
60 483 643 54 0 8 0
60 491 646 57 0 8 0
60 499 649 60 0 0 0
60 499 652 63 0 8 0
60 507 655 66 0 8 0
60 515 658 69 0 -8 0
60 507 661 72 0 -8 0
60 499 664 75 0 -8 0
60 491 667 78 0 -8 0
60 483 670 81 0 8 0
60 491 673 84 0 -8 0
60 483 676 87 0 8 0
60 491 679 90 0 8 0
60 499 682 93 0 0 0
60 499 685 96 0 8 0
60 507 688 99 0 8 0
60 515 691 102 0 8 0
60 523 694 105 0 8 0
60 531 697 108 0 -8 0
60 523 700 111 8 0 0
68 523 703 114 0 0 0
68 523 706 117 0 -8 0
68 515 709 120 8 0 0
76 515 712 123 0 8 0
76 523 715 126 0 0 0
76 523 718 129 8 -8 0
84 515 721 132 0 8 0
84 523 724 135 8 -8 0
92 515 727 138 0 8 0
92 523 730 141 0 8 0
92 531 733 144 8 -8 0
100 523 736 147 0 0 0
100 523 739 150 0 8 0
100 531 742 153 8 -8 0
108 523 745 156 0 0 0
108 523 748 159 8 8 0
116 531 751 162 0 -8 0
116 523 754 165 0 -8 0
116 515 757 168 8 0 0
124 515 760 171 0 -8 0
124 507 763 174 0 8 0
124 515 766 177 8 -8 0
132 507 769 180 0 0 0
132 507 772 183 8 8 0
140 515 775 186 0 -8 0
140 507 778 189 0 0 0
140 507 781 192 0 0 1
140 507 781 192 0 0 1
140 507 781 192 0 0 1
140 507 781 192 0 0 1
140 507 781 192 0 0 1
