145 174 403 330 0 0 0
145 174 400 327 8 -8 0
153 166 397 324 8 -8 0
161 158 394 321 8 -8 0
169 150 391 318 8 -8 0
177 142 388 315 8 8 0
185 150 385 312 8 0 0
193 150 382 309 8 8 0
201 158 379 306 8 -8 0
209 150 376 303 8 -8 0
217 142 373 300 8 8 0
225 150 370 297 8 8 0
233 158 367 294 8 0 0
241 158 364 291 0 8 0
241 166 361 288 0 8 0
241 174 358 285 0 0 0
241 174 355 282 0 -8 0
241 166 352 279 0 8 0
241 174 349 276 0 0 0
241 174 346 273 0 -8 0
241 166 343 270 0 -8 0
241 158 340 267 0 8 0
241 166 337 264 0 8 0
241 174 334 261 0 8 0
241 182 331 258 0 8 0
241 190 328 255 0 8 0
241 198 325 252 0 8 0
241 206 322 249 0 0 0
241 206 319 246 0 0 0
241 206 316 243 0 8 0
241 214 313 240 0 0 0
241 214 310 237 0 -8 0
241 206 307 234 0 8 0
241 214 304 231 0 0 0
241 214 301 228 0 0 0
241 214 298 225 0 0 0
241 214 295 222 0 0 0
241 214 292 219 0 8 0
241 222 289 216 0 0 0
241 222 286 213 0 8 0
241 230 283 210 0 -8 0
241 222 280 207 0 -8 0
241 214 277 204 0 -8 0
241 206 274 201 0 -8 0
241 198 271 198 0 0 0
241 198 268 195 0 0 0
241 198 265 192 0 0 0
241 198 262 189 -8 -8 0
233 190 259 186 0 -8 0
233 182 256 183 0 0 0
233 182 253 180 -8 0 0
225 182 250 177 0 8 0
225 190 247 174 -8 -8 0
217 182 244 171 0 8 0
217 190 241 168 0 0 0
217 190 238 165 -8 8 0
209 198 235 162 0 0 0
209 198 232 159 0 8 0
209 206 229 156 -8 8 0
201 214 226 153 0 0 0
201 214 223 150 -8 8 0
193 222 220 147 0 -8 0
193 214 217 144 0 -8 0
193 206 214 141 -8 -8 0
185 198 211 138 0 0 0
185 198 208 135 0 0 0
185 198 205 132 -8 8 0
177 206 202 129 0 -8 0
177 198 199 126 -8 8 0
169 206 196 123 0 0 0
169 206 193 120 0 8 0
169 214 190 117 -8 -8 0
161 206 187 114 0 0 0
161 206 184 111 0 0 0
161 206 181 108 -8 -8 0
153 198 178 105 0 8 0
153 206 175 102 -8 8 0
145 214 172 99 0 -8 0
145 206 169 96 0 0 0
145 206 166 93 -8 -8 0
137 198 163 90 0 8 0
137 206 160 87 0 0 0
137 206 157 84 -8 0 0
129 206 154 81 0 -8 0
129 198 151 78 -8 8 0
121 206 148 75 0 -8 0
121 198 145 72 0 8 0
121 206 142 69 -8 8 0
113 214 139 66 0 -8 0
113 206 136 63 0 8 0
113 214 133 60 -8 0 0
105 214 130 57 0 -8 0
105 206 127 54 -8 -8 0
97 198 124 51 0 8 0
97 206 121 48 0 8 0
97 214 118 45 -8 0 0
89 214 115 42 0 -8 0
89 206 112 39 0 0 0
89 206 109 36 -8 -8 0
81 198 106 33 0 0 0
81 198 103 30 -8 8 0
73 206 100 27 0 8 0
73 214 97 24 0 0 0
73 214 94 21 -8 0 0
65 214 91 18 0 0 0
65 214 88 15 0 0 0
65 214 85 12 -8 8 0
60 222 82 9 -8 -8 0
60 214 79 12 0 8 0
60 222 76 15 0 -8 0
60 214 73 18 0 8 0
60 222 70 21 0 8 0
60 230 67 24 0 0 0
60 230 64 27 0 8 0
60 238 61 30 0 8 0
60 246 58 33 0 8 0
60 254 55 36 0 -8 0
60 246 52 39 0 0 0
60 246 49 42 0 -8 0
60 238 46 45 0 -8 0
60 230 43 48 0 -8 0
60 222 40 51 0 -8 0
60 214 37 54 0 0 0
60 214 34 57 0 8 0
60 222 31 60 0 0 0
60 222 28 63 0 -8 0
60 214 25 66 0 -8 0
60 206 22 69 0 -8 0
60 198 19 72 0 8 0
60 206 22 75 0 0 0
60 206 25 78 0 -8 0
60 198 28 81 0 8 0
60 206 31 84 0 0 0
60 206 34 87 0 0 0
60 206 37 90 0 0 0
60 206 40 93 0 0 0
60 206 43 96 0 8 0
60 214 46 99 0 0 0
60 214 49 102 0 0 0
60 214 52 105 0 0 0
60 214 55 108 0 -8 0
60 206 58 111 8 -8 0
68 198 61 114 0 -8 0
68 190 64 117 0 -8 0
68 182 67 120 8 0 0
76 182 70 123 0 8 0
76 190 73 126 0 -8 0
76 182 76 129 8 -8 0
84 174 79 132 0 -8 0
84 166 82 135 8 -8 0
92 158 85 138 0 0 0
92 158 88 141 0 8 0
92 166 91 144 8 -8 0
100 158 94 147 0 0 0
100 158 97 150 0 -8 0
100 150 100 153 8 -8 0
108 142 103 156 0 0 0
108 142 106 159 8 0 0
116 142 109 162 0 -8 0
116 134 112 165 0 -8 0
116 126 115 168 8 8 0
124 134 118 171 0 8 0
124 142 121 174 0 8 0
124 150 124 177 8 8 0
132 158 127 180 0 -8 0
132 150 130 183 8 0 0
140 150 133 186 0 8 0
140 158 136 189 0 -8 0
140 150 139 192 8 0 0
148 150 142 195 0 -8 0
148 142 145 198 0 8 0
148 150 148 201 8 8 0
156 158 151 204 0 -8 0
156 150 154 207 8 0 0
164 150 157 210 0 8 0
164 158 160 213 0 -8 0
164 150 163 216 8 8 0
172 158 166 219 0 0 0
172 158 169 222 0 -8 0
172 150 172 225 8 0 0
180 150 175 228 0 -8 0
180 142 178 231 8 8 0
188 150 181 234 0 -8 0
188 142 184 237 0 8 0
188 150 187 240 8 -8 0
196 142 190 243 0 -8 0
196 134 193 246 0 8 0
196 142 196 249 8 0 0
204 142 199 252 0 0 0
204 142 202 255 8 0 0
212 142 205 258 0 -8 0
212 134 208 261 0 0 0
212 134 211 264 8 8 0
220 142 214 267 0 -8 0
220 134 217 270 0 -8 0
220 126 220 273 8 0 0
228 126 223 276 0 0 0
228 126 226 279 8 -8 0
236 118 229 282 0 -8 0
236 110 232 285 0 8 0
236 118 235 288 8 0 0
244 118 238 291 0 0 0
244 118 241 294 0 0 0
244 118 244 297 8 -8 0
252 110 247 300 0 -8 0
252 102 250 303 8 -8 0
260 94 253 306 0 -8 0
260 86 256 309 0 8 0
260 94 259 312 8 -8 0
268 86 262 315 0 8 0
268 94 265 318 0 0 0
268 94 268 321 8 0 0
276 94 271 324 0 -8 0
276 86 274 327 8 -8 0
284 78 277 330 0 8 0
284 86 280 333 0 8 0
284 94 283 336 8 -8 0
292 86 286 339 0 -8 0
292 78 289 342 0 -8 0
292 70 292 345 8 -8 0
300 62 295 348 0 -8 0
300 60 298 351 8 0 0
308 60 301 354 0 8 0
308 68 304 357 0 0 0
308 68 307 360 8 8 0
316 76 310 363 0 8 0
316 84 313 366 0 0 0
316 84 316 369 8 0 0
324 84 319 372 0 0 0
324 84 322 375 8 -8 0
332 76 325 378 0 0 0
332 76 328 381 0 -8 0
332 68 331 384 8 8 0
340 76 334 387 0 -8 0
340 68 337 390 0 8 0
340 76 340 393 8 0 0
348 76 343 396 0 8 0
348 84 346 399 8 0 0
356 84 349 402 0 8 0
356 92 352 405 0 0 0
356 92 355 408 8 0 0
364 92 358 411 0 8 0
364 100 361 414 0 -8 0
364 92 364 417 8 -8 0
372 84 367 420 0 -8 0
372 76 370 423 8 8 0
380 84 373 426 0 0 0
380 84 376 429 0 0 0
380 84 379 432 8 0 0
388 84 382 435 0 8 0
388 92 385 438 0 -8 0
388 84 388 441 8 0 0
396 84 391 444 0 -8 0
396 76 394 447 8 8 0
404 84 397 450 0 -8 0
404 76 400 453 0 0 0
404 76 403 456 8 -8 0
412 68 406 459 0 -8 0
412 60 409 462 0 -8 0
412 60 412 465 8 8 0
420 68 415 468 0 8 0
420 76 418 471 8 0 0
428 76 421 474 0 0 0
428 76 424 477 0 0 0
428 76 427 480 8 8 0
436 84 430 483 0 8 0
436 92 433 486 0 0 0
436 92 436 489 8 0 0
444 92 439 492 0 0 0
444 92 442 495 8 0 0
452 92 445 498 0 -8 0
452 84 448 501 0 -8 0
452 76 451 504 8 8 0
460 84 454 507 0 8 0
460 92 457 510 0 -8 0
460 84 460 513 8 8 0
468 92 463 516 0 8 0
468 100 466 519 8 -8 0
476 92 469 522 0 -8 0
476 84 472 525 0 -8 0
476 76 475 528 8 8 0
484 84 478 531 0 0 0
484 84 481 534 0 8 0
484 92 484 537 8 8 0
492 100 487 540 0 -8 0
492 92 490 543 8 -8 0
500 84 493 546 0 8 0
500 92 496 549 0 -8 0
500 84 499 552 8 8 0
508 92 502 555 0 0 0
508 92 505 558 0 0 0
508 92 508 561 8 0 0
516 92 511 564 0 0 0
516 92 514 567 8 -8 0
524 84 517 570 0 0 0
524 84 520 573 0 8 0
524 92 523 576 8 0 0
532 92 526 579 0 -8 0
532 84 529 582 0 0 0
532 84 532 585 8 -8 0
540 76 535 588 0 0 0
540 76 538 591 8 -8 0
540 68 541 588 0 8 0
540 76 544 585 0 8 0
540 84 547 582 0 -8 0
540 76 550 579 0 -8 0
540 68 553 576 0 8 0
540 76 556 573 0 0 0
540 76 559 570 0 -8 0
540 68 562 567 0 8 0
540 76 565 564 0 -8 0
540 68 568 561 0 0 0
540 68 571 558 0 -8 0
540 60 574 555 0 -8 0
540 60 577 552 0 -8 0
540 60 580 549 0 -8 0
540 60 583 546 0 8 0
540 68 586 543 0 0 0
540 68 589 540 0 0 0
540 68 592 537 0 8 0
540 76 595 534 0 -8 0
540 68 598 531 0 8 0
540 76 601 528 0 -8 0
540 68 604 525 0 -8 0
540 60 607 522 0 -8 0
540 60 610 519 0 0 0
540 60 613 516 0 0 0
540 60 616 513 0 0 0
540 60 619 510 0 8 0
540 68 622 507 0 8 0
540 76 625 504 0 8 0
540 84 628 501 0 -8 0
540 76 631 498 0 8 0
540 84 634 495 0 8 0
540 92 637 492 0 -8 0
540 84 640 489 -8 8 0
532 92 643 486 0 0 0
532 92 646 483 0 8 0
532 100 649 480 -8 -8 0
524 92 652 477 0 8 0
524 100 655 474 0 -8 0
524 92 658 471 -8 -8 0
516 84 661 468 0 0 0
516 84 664 465 -8 -8 0
508 76 667 462 0 0 0
508 76 670 459 0 8 0
508 84 673 456 -8 0 0
500 84 676 453 0 -8 0
500 76 679 450 0 8 0
500 84 682 447 -8 -8 0
492 76 685 444 0 8 0
492 84 688 441 -8 8 0
484 92 691 438 0 0 0
484 92 694 435 0 -8 0
484 84 697 432 -8 -8 0
476 76 700 429 0 0 0
476 76 703 426 0 8 0
476 84 706 423 -8 0 0
468 84 709 420 0 -8 0
468 76 712 417 -8 8 0
460 84 715 414 0 0 0
460 84 718 411 0 0 0
460 84 721 408 -8 8 0
452 92 724 405 0 0 0
452 92 727 402 0 8 0
452 100 730 399 -8 8 0
444 108 733 396 0 0 0
444 108 736 393 -8 8 0
436 116 739 390 0 0 0
436 116 742 387 0 0 0
436 116 745 384 -8 0 0
428 116 748 381 0 0 0
428 116 751 378 0 -8 0
428 108 754 375 -8 -8 0
420 100 757 372 0 -8 0
420 92 760 369 -8 8 0
412 100 763 366 0 0 0
412 100 766 363 0 0 0
412 100 769 360 -8 -8 0
404 92 772 357 0 8 0
404 100 775 354 0 -8 0
404 92 778 351 -8 0 0
396 92 781 348 0 0 1
396 92 781 348 0 0 1
396 92 781 348 0 0 1
396 92 781 348 0 0 1
396 92 781 348 0 0 1
