492 530 103 117 0 0 0
492 530 106 120 -8 0 0
484 530 109 123 -8 0 0
476 530 112 126 -8 -8 0
468 522 115 129 -8 -8 0
460 514 118 132 -8 -8 0
452 506 121 135 -8 -8 0
444 498 124 138 -8 8 0
436 506 127 141 -8 8 0
428 514 130 144 -8 8 0
420 522 133 147 -8 8 0
412 530 136 150 -8 -8 0
404 522 139 153 -8 8 0
396 530 142 156 -8 8 0
388 538 145 159 -8 -8 0
380 530 148 162 -8 8 0
372 538 151 165 -8 0 0
364 538 154 168 -8 0 0
356 538 157 171 -8 8 0
348 540 160 174 -8 8 0
340 540 163 177 -8 -8 0
332 532 166 180 -8 -8 0
324 524 169 183 -8 -8 0
316 516 172 186 -8 -8 0
308 508 175 189 -8 8 0
300 516 178 192 -8 8 0
292 524 181 195 -8 0 0
284 524 184 198 -8 -8 0
276 516 187 201 -8 8 0
268 524 190 204 -8 -8 0
260 516 193 207 -8 -8 0
252 508 196 210 0 0 0
252 508 199 213 0 8 0
252 516 202 216 0 8 0
252 524 205 219 0 -8 0
252 516 208 222 0 8 0
252 524 211 225 0 0 0
252 524 214 228 0 0 0
252 524 217 231 0 8 0
252 532 220 234 0 -8 0
252 524 223 237 0 0 0
252 524 226 240 0 8 0
252 532 229 243 0 -8 0
252 524 232 246 0 -8 0
252 516 235 249 0 0 0
252 516 238 252 0 0 0
252 516 241 255 0 8 0
252 524 244 258 0 -8 0
252 516 247 261 0 0 0
252 516 250 264 0 0 0
252 516 253 267 0 8 0
252 524 256 270 0 0 0
252 524 259 273 0 8 0
252 532 262 276 0 8 0
252 540 265 279 0 -8 0
252 532 268 282 0 8 0
252 540 271 285 0 8 0
252 540 274 288 0 8 0
252 540 277 291 0 -8 0
252 532 280 294 0 -8 0
252 524 283 297 0 -8 0
252 516 286 300 0 -8 0
252 508 289 303 8 0 0
260 508 292 306 0 8 0
260 516 295 309 0 8 0
260 524 298 312 8 0 0
268 524 301 315 0 -8 0
268 516 304 318 0 8 0
268 524 307 321 8 -8 0
276 516 310 324 0 -8 0
276 508 313 327 8 -8 0
284 500 316 330 0 8 0
284 508 319 333 0 -8 0
284 500 322 336 8 0 0
292 500 325 339 0 0 0
292 500 328 342 0 8 0
292 508 331 345 8 0 0
300 508 334 348 0 0 0
300 508 337 351 8 8 0
308 516 340 354 0 8 0
308 524 343 357 0 0 0
308 524 346 360 8 8 0
316 532 349 363 0 0 0
316 532 352 366 0 0 0
316 532 355 369 8 8 0
324 540 358 372 0 -8 0
324 532 361 375 8 -8 0
332 524 364 378 0 8 0
332 532 367 381 0 8 0
332 540 370 384 8 0 0
340 540 373 387 0 -8 0
340 532 376 390 0 -8 0
340 524 379 393 8 0 0
348 524 382 396 0 0 0
348 524 385 399 8 0 0
356 524 388 402 0 0 0
356 524 391 405 0 8 0
356 532 394 408 8 8 0
364 540 397 411 0 8 0
364 540 400 414 0 8 0
364 540 403 417 8 0 0
372 540 406 420 0 8 0
372 540 409 423 8 8 0
380 540 412 426 0 -8 0
380 532 415 429 0 0 0
380 532 418 432 8 8 0
388 540 421 435 0 0 0
388 540 424 438 0 -8 0
388 532 427 441 8 8 0
396 540 430 444 0 8 0
396 540 433 447 8 0 0
404 540 436 450 0 -8 0
404 532 439 453 0 -8 0
404 524 442 456 8 8 0
412 532 445 459 0 0 0
412 532 448 462 0 0 0
412 532 451 465 8 8 0
420 540 454 468 0 0 0
420 540 457 471 8 8 0
428 540 460 474 0 -8 0
428 532 463 477 0 -8 0
428 524 466 480 8 -8 0
436 516 469 483 0 -8 0
436 508 472 486 0 -8 0
436 500 475 489 8 8 0
444 508 478 492 0 8 0
444 516 481 495 8 0 0
452 516 484 498 0 8 0
452 524 487 501 0 0 0
452 524 490 504 8 8 0
460 532 493 507 0 8 0
460 540 496 510 0 8 0
460 540 499 513 8 8 0
468 540 502 516 0 -8 0
468 532 505 519 8 8 0
476 540 508 522 0 0 0
476 540 511 525 0 -8 0
476 532 514 528 8 -8 0
484 524 517 531 0 -8 0
484 516 520 534 0 0 0
484 516 523 537 8 8 0
492 524 526 540 0 0 0
492 524 529 543 8 -8 0
500 516 532 546 0 -8 0
500 508 535 549 0 0 0
500 508 538 552 8 8 0
508 516 541 555 0 -8 0
508 508 544 558 0 0 0
508 508 547 561 8 8 0
516 516 550 564 0 0 0
516 516 553 567 8 -8 0
524 508 556 570 0 0 0
524 508 559 573 0 -8 0
524 500 562 576 8 0 0
532 500 565 579 0 0 0
532 500 568 582 0 -8 0
532 492 571 585 8 -8 0
540 484 574 588 0 8 0
540 492 577 591 8 -8 0
540 484 580 588 0 -8 0
540 476 583 585 0 8 0
540 484 586 582 0 0 0
540 484 589 579 0 -8 0
540 476 592 576 0 8 0
540 484 595 573 0 8 0
540 492 598 570 0 -8 0
540 484 601 567 0 -8 0
540 476 604 564 0 -8 0
540 468 607 561 0 -8 0
540 460 610 558 0 -8 0
540 452 613 555 0 0 0
540 452 616 552 0 0 0
540 452 619 549 0 8 0
540 460 622 546 0 8 0
540 468 625 543 0 -8 0
540 460 628 540 0 0 0
540 460 631 537 0 -8 0
540 452 634 534 0 0 0
540 452 637 531 0 0 0
540 452 640 528 0 -8 0
540 444 643 525 0 -8 0
540 436 646 522 0 -8 0
540 428 649 519 0 -8 0
540 420 652 516 0 -8 0
540 412 655 513 0 8 0
540 420 658 510 0 -8 0
540 412 661 507 0 8 0
540 420 664 504 0 8 0
540 428 667 501 0 -8 0
540 420 670 498 0 -8 0
540 412 673 495 0 0 0
540 412 676 492 0 -8 0
540 404 679 489 -8 0 0
532 404 682 486 0 0 0
532 404 685 483 0 8 0
532 412 688 480 -8 -8 0
524 404 691 477 0 0 0
524 404 694 474 0 -8 0
524 396 697 471 -8 -8 0
516 388 700 468 0 0 0
516 388 703 465 -8 8 0
508 396 706 462 0 0 0
508 396 709 459 0 -8 0
508 388 712 456 -8 0 0
500 388 715 453 0 8 0
500 396 718 450 0 -8 0
500 388 721 447 -8 8 0
492 396 724 444 0 8 0
492 404 727 441 -8 -8 0
484 396 730 438 0 0 0
484 396 733 435 0 8 0
484 404 736 432 -8 8 0
476 412 739 429 0 0 0
476 412 742 426 0 0 0
476 412 745 423 -8 8 0
468 420 748 420 0 -8 0
468 412 751 417 -8 0 0
460 412 754 414 0 8 0
460 420 757 411 0 -8 0
460 412 760 408 -8 0 0
452 412 763 405 0 0 0
452 412 766 402 0 0 0
452 412 769 399 -8 8 0
444 420 772 396 0 0 0
444 420 775 393 -8 0 0
436 420 778 390 0 0 0
436 420 781 387 0 0 0
436 420 778 384 -8 8 0
428 428 775 381 0 -8 0
428 420 772 378 0 8 0
428 428 769 375 -8 0 0
420 428 766 372 0 8 0
420 436 763 369 -8 0 0
412 436 760 366 0 -8 0
412 428 757 363 0 -8 0
412 420 754 360 -8 0 0
404 420 751 357 0 8 0
404 428 748 354 0 0 0
404 428 745 351 -8 -8 0
396 420 742 348 0 8 0
396 428 739 345 -8 8 0
388 436 736 342 0 -8 0
388 428 733 339 0 -8 0
388 420 730 336 -8 0 0
380 420 727 333 0 -8 0
380 412 724 330 0 8 0
380 420 721 327 -8 0 0
372 420 718 324 0 8 0
372 428 715 321 -8 8 0
364 436 712 318 0 -8 0
364 428 709 315 0 8 0
364 436 706 312 -8 8 0
356 444 703 309 0 0 0
356 444 700 306 0 -8 0
356 436 697 303 -8 8 0
348 444 694 300 0 -8 0
348 436 691 297 -8 0 0
340 436 688 294 0 0 0
340 436 685 291 0 8 0
340 444 682 288 -8 8 0
332 452 679 285 0 0 0
332 452 676 282 0 0 0
332 452 673 279 -8 -8 0
324 444 670 276 0 -8 0
324 436 667 273 -8 8 0
316 444 664 270 0 8 0
316 452 661 267 0 8 0
316 460 658 264 -8 -8 0
308 452 655 261 0 8 0
308 460 652 258 0 0 0
308 460 649 255 -8 -8 0
300 452 646 252 0 8 0
300 460 643 249 -8 -8 0
292 452 640 246 0 8 0
292 460 637 243 0 8 0
292 468 634 240 -8 -8 0
284 460 631 237 0 -8 0
284 452 628 234 0 8 0
284 460 625 231 -8 0 0
276 460 622 228 0 -8 0
276 452 619 225 -8 0 0
268 452 616 222 0 -8 0
268 444 613 219 0 -8 0
268 436 610 216 -8 0 0
260 436 607 213 0 8 0
260 444 604 210 0 -8 0
260 436 601 207 -8 -8 0
252 428 598 204 0 8 0
252 436 595 201 -8 -8 0
244 428 592 198 0 -8 0
244 420 589 195 0 -8 0
244 412 586 192 -8 -8 0
236 404 583 189 0 8 0
236 412 580 186 0 0 0
236 412 577 183 -8 -8 0
228 404 574 180 0 0 0
228 404 571 177 -8 0 0
220 404 568 174 0 8 0
220 412 565 171 0 0 0
220 412 562 168 -8 -8 0
212 404 559 165 0 0 0
212 404 556 162 0 8 0
212 412 553 159 -8 -8 0
204 404 550 156 0 -8 0
204 396 547 153 -8 -8 0
196 388 544 150 0 -8 0
196 380 541 147 0 -8 0
196 372 538 144 -8 -8 0
188 364 535 141 0 8 0
188 372 532 138 0 8 0
188 380 529 135 -8 0 0
180 380 526 132 0 8 0
180 388 523 129 -8 0 0
172 388 520 126 0 -8 0
172 380 517 123 0 8 0
172 388 514 120 -8 8 0
164 396 511 117 0 0 0
164 396 508 114 0 8 0
164 404 505 111 -8 -8 0
156 396 502 108 0 8 0
156 404 499 105 -8 -8 0
148 396 496 102 0 8 0
148 404 493 99 0 0 0
148 404 490 96 -8 0 0
140 404 487 93 0 8 0
140 412 484 90 0 -8 0
140 404 481 87 -8 -8 0
132 396 478 84 0 0 0
132 396 475 81 -8 8 0
124 404 472 78 0 0 0
124 404 469 75 0 8 0
124 412 466 72 -8 0 0
116 412 463 69 0 8 0
116 420 460 66 0 8 0
116 428 457 63 -8 0 0
108 428 454 60 0 8 0
108 436 451 57 -8 0 0
100 436 448 54 0 -8 0
100 428 445 51 0 8 0
100 436 442 48 -8 0 0
92 436 439 45 0 8 0
92 444 436 42 0 -8 0
92 436 433 39 -8 8 0
84 444 430 36 0 0 0
84 444 427 33 -8 -8 0
76 436 424 30 0 8 0
76 444 421 27 0 -8 0
76 436 418 24 -8 -8 0
68 428 415 21 0 -8 0
68 420 412 18 0 8 0
68 428 409 15 -8 -8 0
60 420 406 12 0 8 0
60 428 403 9 -8 8 0
60 436 400 12 0 0 0
60 436 397 15 0 -8 0
60 428 394 18 0 -8 0
60 420 391 21 0 0 0
60 420 388 24 0 8 0
60 428 385 27 0 8 0
60 436 382 30 0 -8 0
60 428 379 33 0 8 0
60 436 376 36 0 8 0
60 444 373 39 0 8 0
60 452 370 42 0 -8 0
60 444 367 45 0 -8 0
60 436 364 48 0 0 0
60 436 361 51 0 0 0
60 436 358 54 0 0 0
60 436 355 57 0 8 0
60 444 352 60 0 -8 0
60 436 349 63 0 8 0
60 444 346 66 0 8 0
60 452 343 69 0 8 0
60 460 340 72 0 -8 0
60 452 337 75 0 8 0
60 460 334 78 0 0 0
60 460 331 81 0 0 0
60 460 328 84 0 8 0
60 468 325 87 0 8 0
60 476 322 90 0 8 0
60 484 319 93 0 -8 0
60 476 316 96 0 0 0
60 476 313 99 0 8 0
60 484 310 102 0 8 0
60 492 307 105 0 -8 0
60 484 304 108 0 8 0
60 492 301 111 8 0 0
68 492 298 114 0 0 0
68 492 295 117 0 8 0
68 500 292 120 8 8 0
76 508 289 123 0 0 0
76 508 286 126 0 -8 0
76 500 283 129 8 0 0
84 500 280 132 0 -8 0
84 492 277 135 8 -8 0
92 484 274 138 0 -8 0
92 476 271 141 0 0 0
92 476 268 144 8 -8 0
100 468 265 147 0 -8 0
100 460 262 150 0 8 0
100 468 259 153 8 8 0
108 476 256 156 0 0 0
108 476 253 159 8 -8 0
116 468 250 162 0 0 0
116 468 247 165 0 -8 0
116 460 244 168 8 -8 0
124 452 241 171 0 0 0
124 452 238 174 0 8 0
124 460 235 177 8 8 0
132 468 232 180 0 -8 0
132 460 229 183 8 -8 0
140 452 226 186 0 8 0
140 460 223 189 0 0 0
140 460 220 192 8 8 0
148 468 217 195 0 -8 0
148 460 214 198 0 8 0
148 468 211 201 8 -8 0
156 460 208 204 0 8 0
156 468 205 207 8 -8 0
164 460 202 210 0 -8 0
164 452 199 213 0 0 0
164 452 196 216 8 8 0
172 460 193 219 0 8 0
172 468 190 222 0 0 0
172 468 187 225 8 -8 0
180 460 184 228 0 -8 0
180 452 181 231 8 0 0
188 452 178 234 0 -8 0
188 444 175 237 0 -8 0
188 436 172 240 8 8 0
196 444 169 243 0 -8 0
196 436 166 246 0 8 0
196 444 163 249 8 8 0
204 452 160 252 0 8 0
204 460 157 255 8 -8 0
212 452 154 258 0 0 0
212 452 151 261 0 0 0
212 452 148 264 8 8 0
220 460 145 267 0 -8 0
220 452 142 270 0 0 0
220 452 139 273 8 -8 0
228 444 136 276 0 0 0
228 444 133 279 8 8 0
236 452 130 282 0 8 0
236 460 127 285 0 -8 0
236 452 124 288 8 -8 0
244 444 121 291 0 8 0
244 452 118 294 0 0 0
244 452 115 297 8 -8 0
252 444 112 300 0 0 0
252 444 109 303 8 8 0
260 452 106 306 0 8 0
260 460 103 309 0 8 0
260 468 100 312 8 0 0
268 468 97 315 0 -8 0
268 460 94 318 0 0 0
268 460 91 321 8 0 0
276 460 88 324 0 8 0
276 468 85 327 8 0 0
284 468 82 330 0 -8 0
284 460 79 333 0 0 0
284 460 76 336 8 8 0
292 468 73 339 0 8 0
292 476 70 342 0 0 0
292 476 67 345 8 -8 0
300 468 64 348 0 -8 0
300 460 61 351 8 8 0
308 468 58 354 0 8 0
308 476 55 357 0 0 0
308 476 52 360 8 0 0
316 476 49 363 0 -8 0
316 468 46 366 0 8 0
316 476 43 369 8 0 0
324 476 40 372 0 -8 0
324 468 37 375 8 8 0
332 476 34 378 0 0 0
332 476 31 381 0 0 0
332 476 28 384 8 -8 0
340 468 25 387 0 -8 0
340 460 22 390 0 0 0
340 460 19 393 0 0 1
340 460 19 393 0 0 1
340 460 19 393 0 0 1
340 460 19 393 0 0 1
340 460 19 393 0 0 1
