410 142 247 354 0 0 0
410 142 244 357 -8 0 0
402 142 241 360 0 -8 0
402 134 238 363 0 8 0
402 142 235 366 0 -8 0
402 134 232 369 0 8 0
402 142 229 372 0 0 0
402 142 226 375 0 -8 0
402 134 223 378 0 8 0
402 142 220 381 0 8 0
402 150 217 384 0 0 0
402 150 214 387 0 0 0
402 150 211 390 0 -8 0
402 142 208 393 0 -8 0
402 134 205 396 0 -8 0
402 126 202 399 0 -8 0
402 118 199 402 0 -8 0
402 110 196 405 0 0 0
402 110 193 408 0 0 0
402 110 190 411 0 0 0
402 110 187 414 0 -8 0
402 102 184 417 0 8 0
402 110 181 420 0 8 0
402 118 178 423 0 8 0
402 126 175 426 0 0 0
402 126 172 429 0 0 0
402 126 169 432 0 -8 0
402 118 166 435 0 8 0
402 126 163 438 0 0 0
402 126 160 441 0 8 0
402 134 157 444 0 8 0
402 142 154 447 0 -8 0
402 134 151 450 0 0 0
402 134 148 453 8 8 0
410 142 145 456 0 0 0
410 142 142 459 0 8 0
410 150 139 462 8 -8 0
418 142 136 465 0 -8 0
418 134 133 468 0 0 0
418 134 130 471 8 8 0
426 142 127 474 0 -8 0
426 134 124 477 8 -8 0
434 126 121 480 0 -8 0
434 118 118 483 0 0 0
434 118 115 486 8 0 0
442 118 112 489 0 8 0
442 126 109 492 0 0 0
442 126 106 495 8 8 0
450 134 103 498 0 8 0
450 142 100 501 8 -8 0
458 134 97 504 0 0 0
458 134 94 507 0 -8 0
458 126 91 510 8 -8 0
466 118 88 513 0 -8 0
466 110 85 516 0 8 0
466 118 82 519 8 -8 0
474 110 79 522 0 8 0
474 118 76 525 8 8 0
482 126 73 528 0 8 0
482 134 70 531 0 8 0
482 142 67 534 8 0 0
490 142 64 537 0 -8 0
490 134 61 540 0 8 0
490 142 58 543 8 8 0
498 150 55 546 0 -8 0
498 142 52 549 8 8 0
506 150 49 552 0 8 0
506 158 46 555 0 8 0
506 166 43 558 8 0 0
514 166 40 561 0 8 0
514 174 37 564 0 -8 0
514 166 34 567 8 -8 0
522 158 31 570 0 -8 0
522 150 28 573 8 8 0
530 158 25 576 0 -8 0
530 150 22 579 0 -8 0
530 142 19 582 0 0 1
530 142 19 582 0 0 1
530 142 19 582 0 0 1
530 142 19 582 0 0 1
530 142 19 582 0 0 1
