381 493 304 141 0 0 0
381 493 301 138 -8 -8 0
373 485 298 135 -8 0 0
365 485 295 132 -8 -8 0
357 477 292 129 -8 -8 0
349 469 289 126 -8 8 0
341 477 286 123 -8 -8 0
333 469 283 120 -8 -8 0
325 461 280 117 -8 0 0
317 461 277 114 -8 0 0
309 461 274 111 -8 -8 0
301 453 271 108 -8 8 0
293 461 268 105 -8 0 0
285 461 265 102 -8 8 0
277 469 262 99 -8 8 0
269 477 259 96 -8 -8 0
261 469 256 93 -8 0 0
253 469 253 90 -8 8 0
245 477 250 87 -8 8 0
237 485 247 84 -8 -8 0
229 477 244 81 -8 -8 0
221 469 241 78 -8 -8 0
213 461 238 75 -8 0 0
205 461 235 72 -8 8 0
197 469 232 69 -8 0 0
189 469 229 66 -8 0 0
181 469 226 63 -8 0 0
173 469 223 60 -8 0 0
165 469 220 57 -8 8 0
157 477 217 54 -8 0 0
149 477 214 51 -8 -8 0
141 469 211 48 -8 -8 0
133 461 208 45 -8 -8 0
125 453 205 42 -8 8 0
117 461 202 39 -8 0 0
109 461 199 36 -8 8 0
101 469 196 33 -8 8 0
93 477 193 30 -8 -8 0
85 469 190 27 -8 0 0
77 469 187 24 -8 -8 0
69 461 184 21 0 -8 0
69 453 181 18 -8 8 0
61 461 178 15 0 0 0
61 461 175 12 0 -8 0
61 453 172 9 -8 -8 0
60 445 169 12 0 0 0
60 445 166 15 0 8 0
60 453 163 18 0 8 0
60 461 160 21 0 -8 0
60 453 157 24 0 8 0
60 461 154 27 0 -8 0
60 453 151 30 0 8 0
60 461 148 33 0 0 0
60 461 145 36 0 0 0
60 461 142 39 0 -8 0
60 453 139 42 0 0 0
60 453 136 45 0 -8 0
60 445 133 48 0 -8 0
60 437 130 51 0 -8 0
60 429 127 54 0 8 0
60 437 124 57 0 8 0
60 445 121 60 0 0 0
60 445 118 63 0 -8 0
60 437 115 66 0 8 0
60 445 112 69 0 0 0
60 445 109 72 0 8 0
60 453 106 75 0 0 0
60 453 103 78 0 8 0
60 461 100 81 0 8 0
60 469 97 84 0 8 0
60 477 94 87 0 8 0
60 485 91 90 0 -8 0
60 477 88 93 0 0 0
60 477 85 96 0 -8 0
60 469 82 99 0 0 0
60 469 79 102 0 -8 0
60 461 76 105 0 8 0
60 469 73 108 0 -8 0
60 461 70 111 8 8 0
68 469 67 114 0 -8 0
68 461 64 117 0 0 0
68 461 61 120 8 8 0
76 469 58 123 0 8 0
76 477 55 126 0 0 0
76 477 52 129 8 -8 0
84 469 49 132 0 -8 0
84 461 46 135 8 0 0
92 461 43 138 0 8 0
92 469 40 141 0 8 0
92 477 37 144 8 8 0
100 485 34 147 0 -8 0
100 477 31 150 0 0 0
100 477 28 153 8 8 0
108 485 25 156 0 8 0
108 493 22 159 8 0 0
116 493 19 162 0 8 0
116 501 22 165 0 0 0
116 501 25 168 8 8 0
124 509 28 171 0 8 0
124 517 31 174 0 0 0
124 517 34 177 8 -8 0
132 509 37 180 0 -8 0
132 501 40 183 8 -8 0
140 493 43 186 0 8 0
140 501 46 189 0 8 0
140 509 49 192 8 -8 0
148 501 52 195 0 -8 0
148 493 55 198 0 8 0
148 501 58 201 8 8 0
156 509 61 204 0 8 0
156 517 64 207 8 0 0
164 517 67 210 0 8 0
164 525 70 213 0 0 0
164 525 73 216 8 8 0
172 533 76 219 0 -8 0
172 525 79 222 0 -8 0
172 517 82 225 8 0 0
180 517 85 228 0 0 0
180 517 88 231 8 0 0
188 517 91 234 0 0 0
188 517 94 237 0 0 0
188 517 97 240 8 -8 0
196 509 100 243 0 8 0
196 517 103 246 0 -8 0
196 509 106 249 8 0 0
204 509 109 252 0 -8 0
204 501 112 255 8 0 0
212 501 115 258 0 0 0
212 501 118 261 0 8 0
212 509 121 264 8 0 0
220 509 124 267 0 8 0
220 517 127 270 0 0 0
220 517 130 273 8 8 0
228 525 133 276 0 8 0
228 533 136 279 8 8 0
236 540 139 282 0 8 0
236 540 142 285 0 -8 0
236 532 145 288 8 -8 0
244 524 148 291 0 0 0
244 524 151 294 0 0 0
244 524 154 297 8 0 0
252 524 157 300 0 8 0
252 532 160 303 8 -8 0
260 524 163 306 0 0 0
260 524 166 309 0 8 0
260 532 169 312 8 -8 0
268 524 172 315 0 0 0
268 524 175 318 0 0 0
268 524 178 321 8 -8 0
276 516 181 324 0 8 0
276 524 184 327 8 8 0
284 532 187 330 0 8 0
284 540 190 333 0 -8 0
284 532 193 336 8 -8 0
292 524 196 339 0 -8 0
292 516 199 342 0 8 0
292 524 202 345 8 -8 0
300 516 205 348 0 0 0
300 516 208 351 8 8 0
308 524 211 354 0 -8 0
308 516 214 357 0 0 0
308 516 217 360 8 0 0
316 516 220 363 0 0 0
316 516 223 366 0 -8 0
316 508 226 369 8 -8 0
324 500 229 372 0 -8 0
324 492 232 375 8 0 0
332 492 235 378 0 -8 0
332 484 238 381 0 -8 0
332 476 241 384 8 -8 0
340 468 244 387 0 8 0
340 476 247 390 0 8 0
340 484 250 393 8 -8 0
348 476 253 396 0 -8 0
348 468 256 399 8 8 0
356 476 259 402 0 -8 0
356 468 262 405 0 8 0
356 476 265 408 8 8 0
364 484 268 411 0 -8 0
364 476 271 414 0 -8 0
364 468 274 417 8 -8 0
372 460 277 420 0 8 0
372 468 280 423 8 -8 0
380 460 283 426 0 8 0
380 468 286 429 0 8 0
380 476 289 432 8 8 0
388 484 292 435 0 8 0
388 492 295 438 0 0 0
388 492 298 441 8 8 0
396 500 301 444 0 -8 0
396 492 304 447 8 -8 0
404 484 307 450 0 -8 0
404 476 310 453 0 -8 0
404 468 313 456 8 -8 0
412 460 316 459 0 8 0
412 468 319 462 0 -8 0
412 460 322 465 8 8 0
420 468 325 468 0 8 0
420 476 328 471 8 8 0
428 484 331 474 0 0 0
428 484 334 477 0 8 0
428 492 337 480 8 -8 0
436 484 340 483 0 8 0
436 492 343 486 0 8 0
436 500 346 489 8 -8 0
444 492 349 492 0 -8 0
444 484 352 495 8 8 0
452 492 355 498 0 8 0
452 500 358 501 0 0 0
452 500 361 504 8 -8 0
460 492 364 507 0 -8 0
460 484 367 510 0 0 0
460 484 370 513 8 8 0
468 492 373 516 0 0 0
468 492 376 519 8 8 0
476 500 379 522 0 0 0
476 500 382 525 0 8 0
476 508 385 528 8 -8 0
484 500 388 531 0 -8 0
484 492 391 534 0 0 0
484 492 394 537 8 8 0
492 500 397 540 0 0 0
492 500 400 543 8 8 0
500 508 403 546 0 0 0
500 508 406 549 0 0 0
500 508 409 552 8 0 0
508 508 412 555 0 -8 0
508 500 415 558 0 -8 0
508 492 418 561 8 -8 0
516 484 421 564 0 8 0
516 492 424 567 8 -8 0
524 484 427 570 0 -8 0
524 476 430 573 0 8 0
524 484 433 576 8 -8 0
532 476 436 579 0 0 0
532 476 439 582 0 0 0
532 476 442 585 8 8 0
540 484 445 588 0 8 0
540 492 448 591 8 0 0
540 492 451 588 0 0 0
540 492 454 585 0 0 0
540 492 457 582 0 -8 0
540 484 460 579 0 -8 0
540 476 463 576 0 0 0
540 476 466 573 0 -8 0
540 468 469 570 0 0 0
540 468 472 567 0 0 0
540 468 475 564 0 0 0
540 468 478 561 0 8 0
540 476 481 558 0 0 0
540 476 484 555 0 0 0
540 476 487 552 0 8 0
540 484 490 549 0 -8 0
540 476 493 546 0 -8 0
540 468 496 543 0 -8 0
540 460 499 540 0 -8 0
540 452 502 537 0 8 0
540 460 505 534 0 -8 0
540 452 508 531 0 0 0
540 452 511 528 0 -8 0
540 444 514 525 0 -8 0
540 436 517 522 0 0 0
540 436 520 519 0 -8 0
540 428 523 516 0 0 0
540 428 526 513 0 -8 0
540 420 529 510 0 8 0
540 428 532 507 0 8 0
540 436 535 504 0 8 0
540 444 538 501 0 8 0
540 452 541 498 0 -8 0
540 444 544 495 0 8 0
540 452 547 492 0 0 0
540 452 550 489 -8 -8 0
532 444 553 486 0 0 0
532 444 556 483 0 0 0
532 444 559 480 -8 8 0
524 452 562 477 0 0 0
524 452 565 474 0 0 0
524 452 568 471 -8 8 0
516 460 571 468 0 0 0
516 460 574 465 -8 0 0
508 460 577 462 0 -8 0
508 452 580 459 0 -8 0
508 444 583 456 -8 -8 0
500 436 586 453 0 8 0
500 444 589 450 0 -8 0
500 436 592 447 -8 0 0
492 436 595 444 0 8 0
492 444 598 441 -8 8 0
484 452 601 438 0 0 0
484 452 604 435 0 -8 0
484 444 607 432 -8 0 0
476 444 610 429 0 0 0
476 444 613 426 0 -8 0
476 436 616 423 -8 0 0
468 436 619 420 0 0 0
468 436 622 417 -8 8 0
460 444 625 414 0 0 0
460 444 628 411 0 0 0
460 444 631 408 -8 0 0
452 444 634 405 0 0 0
452 444 637 402 0 0 0
452 444 640 399 -8 8 0
444 452 643 396 0 8 0
444 460 646 393 -8 8 0
436 468 649 390 0 -8 0
436 460 652 387 0 8 0
436 468 655 384 -8 0 0
428 468 658 381 0 -8 0
428 460 661 378 0 -8 0
428 452 664 375 -8 8 0
420 460 667 372 0 8 0
420 468 670 369 -8 8 0
412 476 673 366 0 0 0
412 476 676 363 0 8 0
412 484 679 360 -8 8 0
404 492 682 357 0 -8 0
404 484 685 354 0 0 0
404 484 688 351 -8 8 0
396 492 691 348 0 8 0
396 500 694 345 -8 8 0
388 508 697 342 0 8 0
388 516 700 339 0 -8 0
388 508 703 336 -8 -8 0
380 500 706 333 0 8 0
380 508 709 330 0 8 0
380 516 712 327 -8 -8 0
372 508 715 324 0 0 0
372 508 718 321 -8 0 0
364 508 721 318 0 -8 0
364 500 724 315 0 -8 0
364 492 727 312 -8 8 0
356 500 730 309 0 8 0
356 508 733 306 0 8 0
356 516 736 303 -8 8 0
348 524 739 300 0 -8 0
348 516 742 297 -8 0 0
340 516 745 294 0 -8 0
340 508 748 291 0 8 0
340 516 751 288 -8 0 0
332 516 754 285 0 0 0
332 516 757 282 0 -8 0
332 508 760 279 -8 -8 0
324 500 763 276 0 -8 0
324 492 766 273 -8 -8 0
316 484 769 270 0 8 0
316 492 772 267 0 8 0
316 500 775 264 -8 0 0
308 500 778 261 0 -8 0
308 492 781 258 0 0 1
308 492 781 258 0 0 1
308 492 781 258 0 0 1
308 492 781 258 0 0 1
308 492 781 258 0 0 1
