146 392 625 411 0 0 0
146 392 622 414 8 8 0
154 400 619 417 8 -8 0
162 392 616 420 8 0 0
170 392 613 423 8 -8 0
178 384 610 426 8 -8 0
186 376 607 429 8 8 0
194 384 604 432 8 0 0
202 384 601 435 8 8 0
210 392 598 438 8 -8 0
218 384 595 441 8 -8 0
226 376 592 444 8 8 0
234 384 589 447 8 8 0
242 392 586 450 8 8 0
250 400 583 453 8 0 0
258 400 580 456 8 0 0
266 400 577 459 8 -8 0
274 392 574 462 8 8 0
282 400 571 465 8 0 0
290 400 568 468 8 0 0
298 400 565 471 8 -8 0
306 392 562 474 8 -8 0
314 384 559 477 8 -8 0
322 376 556 480 8 -8 0
330 368 553 483 8 8 0
338 376 550 486 8 0 0
346 376 547 489 8 -8 0
354 368 544 492 8 -8 0
362 360 541 495 8 -8 0
370 352 538 498 8 0 0
378 352 535 501 8 0 0
386 352 532 504 8 8 0
394 360 529 507 8 -8 0
402 352 526 510 8 -8 0
410 344 523 513 8 0 0
418 344 520 516 8 8 0
426 352 517 519 8 0 0
434 352 514 522 8 8 0
442 360 511 525 8 8 0
450 368 508 528 8 0 0
458 368 505 531 8 -8 0
466 360 502 534 8 0 0
474 360 499 537 8 0 0
482 360 496 540 8 -8 0
490 352 493 543 8 -8 0
498 344 490 546 0 0 0
498 344 487 549 8 -8 0
506 336 484 552 0 0 0
506 336 481 555 0 0 0
506 336 478 558 8 8 0
514 344 475 561 0 -8 0
514 336 472 564 0 0 0
514 336 469 567 8 -8 0
522 328 466 570 0 8 0
522 336 463 573 8 -8 0
530 328 460 576 0 0 0
530 328 457 579 0 0 0
530 328 454 582 8 -8 0
538 320 451 585 0 0 0
538 320 448 588 0 -8 0
538 312 445 591 8 -8 0
540 304 442 588 0 8 0
540 312 439 585 0 -8 0
540 304 436 582 0 -8 0
540 296 433 579 0 0 0
540 296 430 576 0 -8 0
540 288 427 573 0 -8 0
540 280 424 570 0 -8 0
540 272 421 567 0 0 0
540 272 418 564 0 8 0
540 280 415 561 0 -8 0
540 272 412 558 0 -8 0
540 264 409 555 0 0 0
540 264 406 552 0 -8 0
540 256 403 549 0 -8 0
540 248 400 546 0 -8 0
540 240 397 543 0 8 0
540 248 394 540 0 8 0
540 256 391 537 0 8 0
540 264 388 534 0 -8 0
540 256 385 531 0 -8 0
540 248 382 528 0 8 0
540 256 379 525 0 -8 0
540 248 376 522 0 -8 0
540 240 373 519 0 8 0
540 248 370 516 0 0 0
540 248 367 513 0 -8 0
540 240 364 510 0 -8 0
540 232 361 507 0 0 0
540 232 358 504 0 0 0
540 232 355 501 0 8 0
540 240 352 498 0 8 0
540 248 349 495 0 -8 0
540 240 346 492 0 0 0
540 240 343 489 -8 0 0
532 240 340 486 0 0 0
532 240 337 483 0 0 0
532 240 334 480 -8 8 0
524 248 331 477 0 -8 0
524 240 328 474 0 0 0
524 240 325 471 -8 -8 0
516 232 322 468 0 8 0
516 240 319 465 -8 8 0
508 248 316 462 0 8 0
508 256 313 459 0 0 0
508 256 310 456 -8 0 0
500 256 307 453 0 8 0
500 264 304 450 0 8 0
500 272 301 447 -8 0 0
492 272 298 444 0 0 0
492 272 295 441 -8 8 0
484 280 292 438 0 0 0
484 280 289 435 0 8 0
484 288 286 432 -8 -8 0
476 280 283 429 0 8 0
476 288 280 426 0 -8 0
476 280 277 423 -8 0 0
468 280 274 420 0 0 0
468 280 271 417 -8 8 0
460 288 268 414 0 8 0
460 296 265 411 0 -8 0
460 288 262 408 -8 0 0
452 288 259 405 0 8 0
452 296 256 402 0 0 0
452 296 253 399 -8 8 0
444 304 250 396 0 -8 0
444 296 247 393 -8 0 0
436 296 244 390 0 8 0
436 304 241 387 0 8 0
436 312 238 384 -8 -8 0
428 304 235 381 0 0 0
428 304 232 378 0 0 0
428 304 229 375 -8 0 0
420 304 226 372 0 -8 0
420 296 223 369 -8 0 0
412 296 220 366 0 -8 0
412 288 217 363 0 -8 0
412 280 214 360 -8 8 0
404 288 211 357 0 8 0
404 296 208 354 0 8 0
404 304 205 351 -8 8 0
396 312 202 348 0 8 0
396 320 199 345 -8 8 0
388 328 196 342 0 0 0
388 328 193 339 0 8 0
388 336 190 336 -8 -8 0
380 328 187 333 0 -8 0
380 320 184 330 0 0 0
380 320 181 327 -8 8 0
372 328 178 324 0 -8 0
372 320 175 321 -8 8 0
364 328 172 318 0 -8 0
364 320 169 315 0 -8 0
364 312 166 312 -8 0 0
356 312 163 309 0 -8 0
356 304 160 306 0 -8 0
356 296 157 303 -8 0 0
348 296 154 300 0 0 0
348 296 151 297 -8 -8 0
340 288 148 294 0 0 0
340 288 145 291 0 -8 0
340 280 142 288 -8 0 0
332 280 139 285 0 8 0
332 288 136 282 0 0 0
332 288 133 279 -8 8 0
324 296 130 276 0 8 0
324 304 127 273 -8 0 0
316 304 124 270 0 0 0
316 304 121 267 0 8 0
316 312 118 264 -8 -8 0
308 304 115 261 0 -8 0
308 296 112 258 0 8 0
308 304 109 255 -8 8 0
300 312 106 252 0 -8 0
300 304 103 249 -8 -8 0
292 296 100 246 0 8 0
292 304 97 243 0 0 0
292 304 94 240 -8 -8 0
284 296 91 237 0 -8 0
284 288 88 234 0 8 0
284 296 85 231 -8 8 0
276 304 82 228 0 -8 0
276 296 79 225 -8 -8 0
268 288 76 222 0 -8 0
268 280 73 219 0 0 0
268 280 70 216 -8 8 0
260 288 67 213 0 0 0
260 288 64 210 0 0 0
260 288 61 207 -8 0 0
252 288 58 204 0 -8 0
252 280 55 201 -8 8 0
244 288 52 198 0 -8 0
244 280 49 195 0 -8 0
244 272 46 192 -8 0 0
236 272 43 189 0 -8 0
236 264 40 186 0 8 0
236 272 37 183 -8 -8 0
228 264 34 180 0 0 0
228 264 31 177 -8 0 0
220 264 28 174 0 -8 0
220 256 25 171 0 0 0
220 256 22 168 -8 -8 0
212 248 19 165 0 -8 0
212 240 22 162 0 8 0
212 248 25 159 -8 -8 0
204 240 28 156 0 0 0
204 240 31 153 -8 0 0
196 240 34 150 0 0 0
196 240 37 147 0 -8 0
196 232 40 144 -8 -8 0
188 224 43 141 0 8 0
188 232 46 138 0 8 0
188 240 49 135 -8 -8 0
180 232 52 132 0 0 0
180 232 55 129 -8 0 0
172 232 58 126 0 0 0
172 232 61 123 0 -8 0
172 224 64 120 -8 8 0
164 232 67 117 0 0 0
164 232 70 114 0 -8 0
164 224 73 111 -8 -8 0
156 216 76 108 0 8 0
156 224 79 105 -8 0 0
148 224 82 102 0 0 0
148 224 85 99 0 8 0
148 232 88 96 -8 -8 0
140 224 91 93 0 0 0
140 224 94 90 0 -8 0
140 216 97 87 -8 8 0
132 224 100 84 0 -8 0
132 216 103 81 -8 8 0
124 224 106 78 0 0 0
124 224 109 75 0 8 0
124 232 112 72 -8 -8 0
116 224 115 69 0 0 0
116 224 118 66 0 0 0
116 224 121 63 -8 0 0
108 224 124 60 0 0 0
108 224 127 57 -8 -8 0
100 216 130 54 0 8 0
100 224 133 51 0 0 0
100 224 136 48 -8 8 0
92 232 139 45 0 0 0
92 232 142 42 0 0 0
92 232 145 39 -8 8 0
84 240 148 36 0 8 0
84 248 151 33 -8 -8 0
76 240 154 30 0 -8 0
76 232 157 27 0 -8 0
76 224 160 24 -8 0 0
68 224 163 21 0 0 0
68 224 166 18 0 0 0
68 224 169 15 -8 -8 0
60 216 172 12 0 -8 0
60 208 175 9 -8 8 0
60 216 178 12 0 0 0
60 216 181 15 0 8 0
60 224 184 18 0 0 0
60 224 187 21 0 -8 0
60 216 190 24 0 8 0
60 224 193 27 0 -8 0
60 216 196 30 0 -8 0
60 208 199 33 0 0 0
60 208 202 36 0 8 0
60 216 205 39 0 -8 0
60 208 208 42 0 0 0
60 208 211 45 0 0 0
60 208 214 48 0 8 0
60 216 217 51 0 8 0
60 224 220 54 0 0 0
60 224 223 57 0 0 0
60 224 226 60 0 0 0
60 224 229 63 0 8 0
60 232 232 66 0 0 0
60 232 235 69 0 0 0
60 232 238 72 0 -8 0
60 224 241 75 0 -8 0
60 216 244 78 0 0 0
60 216 247 81 0 8 0
60 224 250 84 0 -8 0
60 216 253 87 0 8 0
60 224 256 90 0 8 0
60 232 259 93 0 -8 0
60 224 262 96 0 -8 0
60 216 265 99 0 -8 0
60 208 268 102 0 -8 0
60 200 271 105 0 -8 0
60 192 274 108 0 8 0
60 200 277 111 8 8 0
68 208 280 114 0 8 0
68 216 283 117 0 -8 0
68 208 286 120 8 -8 0
76 200 289 123 0 -8 0
76 192 292 126 0 0 0
76 192 295 129 8 0 0
84 192 298 132 0 0 0
84 192 301 135 8 8 0
92 200 304 138 0 8 0
92 208 307 141 0 8 0
92 216 310 144 8 0 0
100 216 313 147 0 -8 0
100 208 316 150 0 -8 0
100 200 319 153 8 0 0
108 200 322 156 0 0 0
108 200 325 159 8 0 0
116 200 328 162 0 -8 0
116 192 331 165 0 8 0
116 200 334 168 8 0 0
124 200 337 171 0 -8 0
124 192 340 174 0 0 0
124 192 343 177 8 -8 0
132 184 346 180 0 0 0
132 184 349 183 8 0 0
140 184 352 186 0 -8 0
140 176 355 189 0 -8 0
140 168 358 192 8 0 0
148 168 361 195 0 -8 0
148 160 364 198 0 0 0
148 160 367 201 8 0 0
156 160 370 204 0 0 0
156 160 373 207 8 0 0
164 160 376 210 0 8 0
164 168 379 213 0 0 0
164 168 382 216 8 -8 0
172 160 385 219 0 8 0
172 168 388 222 0 8 0
172 176 391 225 8 -8 0
180 168 394 228 0 0 0
180 168 397 231 8 -8 0
188 160 400 234 0 8 0
188 168 403 237 0 8 0
188 176 406 240 8 8 0
196 184 409 243 0 -8 0
196 176 412 246 0 8 0
196 184 415 249 8 8 0
204 192 418 252 0 -8 0
204 184 421 255 8 0 0
212 184 424 258 0 -8 0
212 176 427 261 0 8 0
212 184 430 264 8 0 0
220 184 433 267 0 8 0
220 192 436 270 0 -8 0
220 184 439 273 8 8 0
228 192 442 276 0 0 0
228 192 445 279 8 -8 0
236 184 448 282 0 -8 0
236 176 451 285 0 -8 0
236 168 454 288 8 -8 0
244 160 457 291 0 8 0
244 168 460 294 0 8 0
244 176 463 297 8 8 0
252 184 466 300 0 8 0
252 192 469 303 8 0 0
260 192 472 306 0 -8 0
260 184 475 309 0 0 0
260 184 478 312 8 0 0
268 184 481 315 0 -8 0
268 176 484 318 0 8 0
268 184 487 321 8 -8 0
276 176 490 324 0 0 0
276 176 493 327 8 8 0
284 184 496 330 0 -8 0
284 176 499 333 0 0 0
284 176 502 336 8 0 0
292 176 505 339 0 -8 0
292 168 508 342 0 -8 0
292 160 511 345 8 8 0
300 168 514 348 0 0 0
300 168 517 351 8 -8 0
308 160 520 354 0 -8 0
308 152 523 357 0 0 0
308 152 526 360 8 0 0
316 152 529 363 0 0 0
316 152 532 366 0 -8 0
316 144 535 369 8 0 0
324 144 538 372 0 8 0
324 152 541 375 8 0 0
332 152 544 378 0 -8 0
332 144 547 381 0 0 0
332 144 550 384 8 -8 0
340 136 553 387 0 8 0
340 144 556 390 0 8 0
340 152 559 393 8 -8 0
348 144 562 396 0 0 0
348 144 565 399 8 0 0
356 144 568 402 0 -8 0
356 136 571 405 0 8 0
356 144 574 408 8 0 0
364 144 577 411 0 0 0
364 144 580 414 0 8 0
364 152 583 417 8 -8 0
372 144 586 420 0 -8 0
372 136 589 423 8 8 0
380 144 592 426 0 8 0
380 152 595 429 0 -8 0
380 144 598 432 8 8 0
388 152 601 435 0 0 0
388 152 604 438 0 -8 0
388 144 607 441 8 8 0
396 152 610 444 0 8 0
396 160 613 447 8 8 0
404 168 616 450 0 0 0
404 168 619 453 0 0 0
404 168 622 456 8 0 0
412 168 625 459 0 -8 0
412 160 628 462 0 8 0
412 168 631 465 8 -8 0
420 160 634 468 0 -8 0
420 152 637 471 8 8 0
428 160 640 474 0 -8 0
428 152 643 477 0 0 0
428 152 646 480 8 8 0
436 160 649 483 0 -8 0
436 152 652 486 0 -8 0
436 144 655 489 8 8 0
444 152 658 492 0 -8 0
444 144 661 495 8 8 0
452 152 664 498 0 -8 0
452 144 667 501 0 0 0
452 144 670 504 8 -8 0
460 136 673 507 0 0 0
460 136 676 510 0 8 0
460 144 679 513 8 -8 0
468 136 682 516 0 8 0
468 144 685 519 8 0 0
476 144 688 522 0 -8 0
476 136 691 525 0 -8 0
476 128 694 528 8 0 0
484 128 697 531 0 -8 0
484 120 700 534 0 -8 0
484 112 703 537 8 8 0
492 120 706 540 0 0 0
492 120 709 543 8 8 0
500 128 712 546 0 8 0
500 136 715 549 0 0 0
500 136 718 552 8 0 0
508 136 721 555 0 -8 0
508 128 724 558 0 0 0
508 128 727 561 8 0 0
516 128 730 564 0 8 0
516 136 733 567 8 8 0
524 144 736 570 0 0 0
524 144 739 573 0 8 0
524 152 742 576 8 -8 0
532 144 745 579 0 8 0
532 152 748 582 0 -8 0
532 144 751 585 8 8 0
540 152 754 588 0 0 0
540 152 757 591 8 8 0
540 160 760 588 0 -8 0
540 152 763 585 0 0 0
540 152 766 582 0 8 0
540 160 769 579 0 0 0
540 160 772 576 0 -8 0
540 152 775 573 0 0 0
540 152 778 570 0 -8 0
540 144 781 567 0 0 1
540 144 781 567 0 0 1
540 144 781 567 0 0 1
540 144 781 567 0 0 1
540 144 781 567 0 0 1
