111 312 616 465 0 0 0
111 312 619 462 8 -8 0
119 304 622 459 8 8 0
127 312 625 456 8 -8 0
135 304 628 453 8 8 0
143 312 631 450 8 8 0
151 320 634 447 8 0 0
159 320 637 444 8 8 0
167 328 640 441 8 8 0
175 336 643 438 8 -8 0
183 328 646 435 8 -8 0
191 320 649 432 8 8 0
199 328 652 429 8 -8 0
207 320 655 426 8 8 0
215 328 658 423 8 8 0
223 336 661 420 8 8 0
231 344 664 417 8 -8 0
239 336 667 414 8 8 0
247 344 670 411 8 8 0
255 352 673 408 8 8 0
263 360 676 405 8 0 0
271 360 679 402 8 -8 0
279 352 682 399 8 8 0
287 360 685 396 8 -8 0
295 352 688 393 8 0 0
303 352 691 390 8 0 0
311 352 694 387 8 -8 0
319 344 697 384 8 8 0
327 352 700 381 8 -8 0
335 344 703 378 0 8 0
335 352 706 375 0 0 0
335 352 709 372 0 0 0
335 352 712 369 0 -8 0
335 344 715 366 0 -8 0
335 336 718 363 0 -8 0
335 328 721 360 0 -8 0
335 320 724 357 0 0 0
335 320 727 354 0 -8 0
335 312 730 351 0 0 0
335 312 733 348 0 0 0
335 312 736 345 0 -8 0
335 304 739 342 0 8 0
335 312 742 339 0 -8 0
335 304 745 336 0 8 0
335 312 748 333 0 8 0
335 320 751 330 0 8 0
335 328 754 327 0 8 0
335 336 757 324 0 0 0
335 336 760 321 0 0 0
335 336 763 318 0 0 0
335 336 766 315 0 -8 0
335 328 769 312 0 8 0
335 336 772 309 0 8 0
335 344 775 306 0 -8 0
335 336 778 303 0 -8 0
335 328 781 300 0 0 0
335 328 778 297 0 0 0
335 328 775 294 0 0 0
335 328 772 291 0 0 0
335 328 769 288 0 8 0
335 336 766 285 0 -8 0
335 328 763 282 -8 8 0
327 336 760 279 0 0 0
327 336 757 276 -8 8 0
319 344 754 273 0 8 0
319 352 751 270 0 -8 0
319 344 748 267 -8 8 0
311 352 745 264 0 8 0
311 360 742 261 0 -8 0
311 352 739 258 -8 -8 0
303 344 736 255 0 0 0
303 344 733 252 -8 -8 0
295 336 730 249 0 -8 0
295 328 727 246 0 8 0
295 336 724 243 -8 0 0
287 336 721 240 0 -8 0
287 328 718 237 0 0 0
287 328 715 234 -8 8 0
279 336 712 231 0 0 0
279 336 709 228 -8 0 0
271 336 706 225 0 8 0
271 344 703 222 0 -8 0
271 336 700 219 -8 -8 0
263 328 697 216 0 -8 0
263 320 694 213 0 -8 0
263 312 691 210 -8 -8 0
255 304 688 207 0 8 0
255 312 685 204 -8 -8 0
247 304 682 201 0 8 0
247 312 679 198 0 8 0
247 320 676 195 -8 8 0
239 328 673 192 0 -8 0
239 320 670 189 0 -8 0
239 312 667 186 -8 0 0
231 312 664 183 0 8 0
231 320 661 180 -8 -8 0
223 312 658 177 0 8 0
223 320 655 174 0 8 0
223 328 652 171 -8 0 0
215 328 649 168 0 8 0
215 336 646 165 0 0 0
215 336 643 162 -8 8 0
207 344 640 159 0 8 0
207 352 637 156 -8 0 0
199 352 634 153 0 -8 0
199 344 631 150 0 -8 0
199 336 628 147 -8 0 0
191 336 625 144 0 8 0
191 344 622 141 0 -8 0
191 336 619 138 -8 8 0
183 344 616 135 0 0 0
183 344 613 132 -8 8 0
175 352 610 129 0 -8 0
175 344 607 126 0 8 0
175 352 604 123 -8 8 0
167 360 601 120 0 0 0
167 360 598 117 0 -8 0
167 352 595 114 -8 0 0
159 352 592 111 0 0 0
159 352 589 108 -8 -8 0
151 344 586 105 0 0 0
151 344 583 102 0 -8 0
151 336 580 99 -8 8 0
143 344 577 96 0 -8 0
143 336 574 93 0 8 0
143 344 571 90 -8 -8 0
135 336 568 87 0 8 0
135 344 565 84 -8 0 0
127 344 562 81 0 8 0
127 352 559 78 0 8 0
127 360 556 75 -8 -8 0
119 352 553 72 0 8 0
119 360 550 69 0 8 0
119 368 547 66 -8 -8 0
111 360 544 63 0 0 0
111 360 541 60 -8 -8 0
103 352 538 57 0 8 0
103 360 535 54 0 0 0
103 360 532 51 -8 8 0
95 368 529 48 0 -8 0
95 360 526 45 0 0 0
95 360 523 42 -8 -8 0
87 352 520 39 0 8 0
87 360 517 36 -8 8 0
79 368 514 33 0 -8 0
79 360 511 30 0 -8 0
79 352 508 27 -8 0 0
71 352 505 24 0 -8 0
71 344 502 21 0 0 0
71 344 499 18 -8 8 0
63 352 496 15 0 0 0
63 352 493 12 -8 -8 0
60 344 490 9 -8 -8 0
60 336 487 12 0 -8 0
60 328 484 15 0 0 0
60 328 481 18 0 0 0
60 328 478 21 0 8 0
60 336 475 24 0 -8 0
60 328 472 27 0 -8 0
60 320 469 30 0 -8 0
60 312 466 33 0 -8 0
60 304 463 36 0 -8 0
60 296 460 39 0 8 0
60 304 457 42 0 0 0
60 304 454 45 0 8 0
60 312 451 48 0 8 0
60 320 448 51 0 -8 0
60 312 445 54 0 -8 0
60 304 442 57 0 -8 0
60 296 439 60 0 -8 0
60 288 436 63 0 0 0
60 288 433 66 0 0 0
60 288 430 69 0 0 0
60 288 427 72 0 0 0
60 288 424 75 0 -8 0
60 280 421 78 0 -8 0
60 272 418 81 0 -8 0
60 264 415 84 0 -8 0
60 256 412 87 0 -8 0
60 248 409 90 0 -8 0
60 240 406 93 0 0 0
60 240 403 96 0 -8 0
60 232 400 99 0 8 0
60 240 397 102 0 -8 0
60 232 394 105 0 -8 0
60 224 391 108 0 0 0
60 224 388 111 8 -8 0
68 216 385 114 0 -8 0
68 208 382 117 0 0 0
68 208 379 120 8 8 0
76 216 376 123 0 0 0
76 216 373 126 0 0 0
76 216 370 129 8 8 0
84 224 367 132 0 -8 0
84 216 364 135 8 8 0
92 224 361 138 0 0 0
92 224 358 141 0 8 0
92 232 355 144 8 8 0
100 240 352 147 0 8 0
100 248 349 150 0 0 0
100 248 346 153 8 0 0
108 248 343 156 0 8 0
108 256 340 159 8 0 0
116 256 337 162 0 8 0
116 264 334 165 0 -8 0
116 256 331 168 8 0 0
124 256 328 171 0 8 0
124 264 325 174 0 8 0
124 272 322 177 8 8 0
132 280 319 180 0 -8 0
132 272 316 183 8 -8 0
140 264 313 186 0 8 0
140 272 310 189 0 0 0
140 272 307 192 8 0 0
148 272 304 195 0 0 0
148 272 301 198 0 8 0
148 280 298 201 8 8 0
156 288 295 204 0 -8 0
156 280 292 207 8 8 0
164 288 289 210 0 8 0
164 296 286 213 0 8 0
164 304 283 216 8 8 0
172 312 280 219 0 8 0
172 320 277 222 0 8 0
172 328 274 225 8 0 0
180 328 271 228 0 -8 0
180 320 268 231 8 0 0
188 320 265 234 0 -8 0
188 312 262 237 0 8 0
188 320 259 240 8 8 0
196 328 256 243 0 -8 0
196 320 253 246 0 8 0
196 328 250 249 8 8 0
204 336 247 252 0 0 0
204 336 244 255 8 0 0
212 336 241 258 0 -8 0
212 328 238 261 0 0 0
212 328 235 264 8 0 0
220 328 232 267 0 8 0
220 336 229 270 0 -8 0
220 328 226 273 8 -8 0
228 320 223 276 0 0 0
228 320 220 279 8 8 0
236 328 217 282 0 0 0
236 328 214 285 0 8 0
236 336 211 288 8 0 0
244 336 208 291 0 8 0
244 344 205 294 0 -8 0
244 336 202 297 8 0 0
252 336 199 300 0 0 0
252 336 196 303 8 -8 0
260 328 193 306 0 8 0
260 336 190 309 0 -8 0
260 328 187 312 8 8 0
268 336 184 315 0 -8 0
268 328 181 318 0 8 0
268 336 178 321 8 0 0
276 336 175 324 0 0 0
276 336 172 327 8 0 0
284 336 169 330 0 0 0
284 336 166 333 0 8 0
284 344 163 336 8 -8 0
292 336 160 339 0 -8 0
292 328 157 342 0 -8 0
292 320 154 345 8 -8 0
300 312 151 348 0 -8 0
300 304 148 351 8 -8 0
308 296 145 354 0 0 0
308 296 142 357 0 0 0
308 296 139 360 8 8 0
316 304 136 363 0 -8 0
316 296 133 366 0 0 0
316 296 130 369 8 0 0
324 296 127 372 0 8 0
324 304 124 375 8 -8 0
332 296 121 378 0 8 0
332 304 118 381 0 8 0
332 312 115 384 8 0 0
340 312 112 387 0 -8 0
340 304 109 390 0 0 0
340 304 106 393 8 -8 0
348 296 103 396 0 0 0
348 296 100 399 8 0 0
356 296 97 402 0 0 0
356 296 94 405 0 0 0
356 296 91 408 8 0 0
364 296 88 411 0 0 0
364 296 85 414 0 8 0
364 304 82 417 8 0 0
372 304 79 420 0 8 0
372 312 76 423 8 0 0
380 312 73 426 0 0 0
380 312 70 429 0 0 0
380 312 67 432 8 8 0
388 320 64 435 0 8 0
388 328 61 438 0 8 0
388 336 58 441 8 8 0
396 344 55 444 0 8 0
396 352 52 447 8 -8 0
404 344 49 450 0 8 0
404 352 46 453 0 -8 0
404 344 43 456 8 8 0
412 352 40 459 0 8 0
412 360 37 462 0 -8 0
412 352 34 465 8 8 0
420 360 31 468 0 8 0
420 368 28 471 8 0 0
428 368 25 474 0 -8 0
428 360 22 477 0 -8 0
428 352 19 480 0 0 1
428 352 19 480 0 0 1
428 352 19 480 0 0 1
428 352 19 480 0 0 1
428 352 19 480 0 0 1
