77 313 499 453 0 0 0
77 313 502 456 8 0 0
85 313 505 459 8 -8 0
93 305 508 462 8 0 0
101 305 511 465 8 0 0
109 305 514 468 8 0 0
117 305 517 471 8 8 0
125 313 520 474 8 8 0
133 321 523 477 8 -8 0
141 313 526 480 8 8 0
149 321 529 483 8 0 0
157 321 532 486 8 0 0
165 321 535 489 8 8 0
173 329 538 492 8 8 0
181 337 541 495 8 0 0
189 337 544 498 8 0 0
197 337 547 501 8 0 0
205 337 550 504 8 -8 0
213 329 553 507 8 8 0
221 337 556 510 8 0 0
229 337 559 513 8 -8 0
237 329 562 516 8 8 0
245 337 565 519 8 0 0
253 337 568 522 8 0 0
261 337 571 525 8 0 0
269 337 574 528 8 8 0
277 345 577 531 8 0 0
285 345 580 534 8 8 0
293 353 583 537 8 0 0
301 353 586 540 8 -8 0
309 345 589 543 8 -8 0
317 337 592 546 8 -8 0
325 329 595 549 8 8 0
333 337 598 552 8 0 0
341 337 601 555 8 0 0
349 337 604 558 8 -8 0
357 329 607 561 8 8 0
365 337 610 564 8 0 0
373 337 613 567 8 -8 0
381 329 616 570 8 -8 0
389 321 619 573 8 0 0
397 321 622 576 8 0 0
405 321 625 579 8 0 0
413 321 628 582 8 8 0
421 329 631 585 8 -8 0
429 321 634 588 8 8 0
437 329 637 591 8 8 0
445 337 640 588 8 8 0
453 345 643 585 8 -8 0
461 337 646 582 8 -8 0
469 329 649 579 8 8 0
477 337 652 576 8 8 0
485 345 655 573 8 -8 0
493 337 658 570 8 0 0
501 337 661 567 8 0 0
509 337 664 564 8 -8 0
517 329 667 561 0 8 0
517 337 670 558 0 0 0
517 337 673 555 0 8 0
517 345 676 552 0 -8 0
517 337 679 549 0 0 0
517 337 682 546 0 0 0
517 337 685 543 0 8 0
517 345 688 540 0 0 0
517 345 691 537 0 8 0
517 353 694 534 0 0 0
517 353 697 531 0 -8 0
517 345 700 528 0 -8 0
517 337 703 525 0 8 0
517 345 706 522 0 -8 0
517 337 709 519 0 0 0
517 337 712 516 0 -8 0
517 329 715 513 0 -8 0
517 321 718 510 0 -8 0
517 313 721 507 0 -8 0
517 305 724 504 0 0 0
517 305 727 501 0 0 0
517 305 730 498 0 0 0
517 305 733 495 0 8 0
517 313 736 492 0 8 0
517 321 739 489 0 0 0
517 321 742 486 0 0 0
517 321 745 483 0 0 0
517 321 748 480 0 8 0
517 329 751 477 0 -8 0
517 321 754 474 0 0 0
517 321 757 471 0 0 0
517 321 760 468 0 0 0
517 321 763 465 -8 -8 0
509 313 766 462 0 8 0
509 321 769 459 0 -8 0
509 313 772 456 -8 0 0
501 313 775 453 0 -8 0
501 305 778 450 -8 -8 0
493 297 781 447 0 0 1
493 297 781 447 0 0 1
493 297 781 447 0 0 1
493 297 781 447 0 0 1
493 297 781 447 0 0 1
