109 427 697 315 0 0 0
109 427 694 312 8 8 0
117 435 691 309 8 0 0
125 435 688 306 8 0 0
133 435 685 303 8 -8 0
141 427 682 300 8 -8 0
149 419 679 297 8 -8 0
157 411 676 294 8 0 0
165 411 673 291 8 -8 0
173 403 670 288 8 -8 0
181 395 667 285 8 8 0
189 403 664 282 8 8 0
197 411 661 279 8 0 0
205 411 658 276 8 -8 0
213 403 655 273 8 -8 0
221 395 652 270 0 0 0
221 395 649 267 0 -8 0
221 387 646 264 0 8 0
221 395 643 261 0 -8 0
221 387 640 258 0 0 0
221 387 637 255 0 8 0
221 395 634 252 0 0 0
221 395 631 249 0 8 0
221 403 628 246 0 -8 0
221 395 625 243 0 0 0
221 395 622 240 0 -8 0
221 387 619 237 0 -8 0
221 379 616 234 0 0 0
221 379 613 231 0 0 0
221 379 610 228 0 0 0
221 379 607 225 0 -8 0
221 371 604 222 0 -8 0
221 363 601 219 0 8 0
221 371 598 216 0 -8 0
221 363 595 213 0 -8 0
221 355 592 210 0 -8 0
221 347 589 207 0 -8 0
221 339 586 204 0 0 0
221 339 583 201 0 -8 0
221 331 580 198 0 0 0
221 331 577 195 0 -8 0
221 323 574 192 0 8 0
221 331 571 189 0 -8 0
221 323 568 186 0 0 0
221 323 565 183 0 8 0
221 331 562 180 0 -8 0
221 323 559 177 0 0 0
221 323 556 174 0 -8 0
221 315 553 171 0 0 0
221 315 550 168 -8 -8 0
213 307 547 165 0 -8 0
213 299 544 162 -8 -8 0
205 291 541 159 0 -8 0
205 283 538 156 0 8 0
205 291 535 153 -8 0 0
197 291 532 150 0 0 0
197 291 529 147 0 0 0
197 291 526 144 -8 -8 0
189 283 523 141 0 0 0
189 283 520 138 -8 -8 0
181 275 517 135 0 -8 0
181 267 514 132 0 0 0
181 267 511 129 -8 0 0
173 267 508 126 0 -8 0
173 259 505 123 0 0 0
173 259 502 120 -8 8 0
165 267 499 117 0 0 0
165 267 496 114 -8 0 0
157 267 493 111 0 8 0
157 275 490 108 0 8 0
157 283 487 105 -8 0 0
149 283 484 102 0 -8 0
149 275 481 99 0 -8 0
149 267 478 96 -8 8 0
141 275 475 93 0 8 0
141 283 472 90 -8 8 0
133 291 469 87 0 0 0
133 291 466 84 0 -8 0
133 283 463 81 -8 0 0
125 283 460 78 0 0 0
125 283 457 75 0 0 0
125 283 454 72 -8 8 0
117 291 451 69 0 0 0
117 291 448 66 -8 8 0
109 299 445 63 0 -8 0
109 291 442 60 0 -8 0
109 283 439 57 -8 0 0
101 283 436 54 0 8 0
101 291 433 51 0 8 0
101 299 430 48 -8 -8 0
93 291 427 45 0 8 0
93 299 424 42 -8 -8 0
85 291 421 39 0 -8 0
85 283 418 36 0 0 0
85 283 415 33 -8 -8 0
77 275 412 30 0 8 0
77 283 409 27 0 -8 0
77 275 406 24 -8 8 0
69 283 403 21 0 8 0
69 291 400 18 -8 0 0
61 291 397 15 0 -8 0
61 283 394 12 0 -8 0
61 275 391 9 -8 0 0
60 275 388 12 0 8 0
60 283 385 15 0 -8 0
60 275 382 18 0 8 0
60 283 379 21 0 -8 0
60 275 376 24 0 0 0
60 275 373 27 0 8 0
60 283 370 30 0 -8 0
60 275 367 33 0 -8 0
60 267 364 36 0 -8 0
60 259 361 39 0 -8 0
60 251 358 42 0 8 0
60 259 355 45 0 8 0
60 267 352 48 0 0 0
60 267 349 51 0 -8 0
60 259 346 54 0 0 0
60 259 343 57 0 8 0
60 267 340 60 0 -8 0
60 259 337 63 0 8 0
60 267 334 66 0 0 0
60 267 331 69 0 8 0
60 275 328 72 0 8 0
60 283 325 75 0 8 0
60 291 322 78 0 -8 0
60 283 319 81 0 -8 0
60 275 316 84 0 8 0
60 283 313 87 0 -8 0
60 275 310 90 0 -8 0
60 267 307 93 0 0 0
60 267 304 96 0 8 0
60 275 301 99 0 8 0
60 283 298 102 0 -8 0
60 275 295 105 0 8 0
60 283 292 108 0 0 0
60 283 289 111 8 -8 0
68 275 286 114 0 -8 0
68 267 283 117 0 -8 0
68 259 280 120 8 0 0
76 259 277 123 0 0 0
76 259 274 126 0 0 0
76 259 271 129 8 8 0
84 267 268 132 0 0 0
84 267 265 135 8 8 0
92 275 262 138 0 0 0
92 275 259 141 0 8 0
92 283 256 144 8 0 0
100 283 253 147 0 0 0
100 283 250 150 0 8 0
100 291 247 153 8 0 0
108 291 244 156 0 0 0
108 291 241 159 8 0 0
116 291 238 162 0 -8 0
116 283 235 165 0 8 0
116 291 232 168 8 0 0
124 291 229 171 0 8 0
124 299 226 174 0 -8 0
124 291 223 177 8 -8 0
132 283 220 180 0 -8 0
132 275 217 183 8 -8 0
140 267 214 186 0 -8 0
140 259 211 189 0 -8 0
140 251 208 192 8 0 0
148 251 205 195 0 0 0
148 251 202 198 0 -8 0
148 243 199 201 8 8 0
156 251 196 204 0 0 0
156 251 193 207 8 8 0
164 259 190 210 0 8 0
164 267 187 213 0 8 0
164 275 184 216 8 0 0
172 275 181 219 0 0 0
172 275 178 222 0 0 0
172 275 175 225 8 0 0
180 275 172 228 0 -8 0
180 267 169 231 8 -8 0
188 259 166 234 0 0 0
188 259 163 237 0 8 0
188 267 160 240 8 8 0
196 275 157 243 0 0 0
196 275 154 246 0 0 0
196 275 151 249 8 0 0
204 275 148 252 0 8 0
204 283 145 255 8 0 0
212 283 142 258 0 0 0
212 283 139 261 0 -8 0
212 275 136 264 8 0 0
220 275 133 267 0 -8 0
220 267 130 270 0 8 0
220 275 127 273 8 0 0
228 275 124 276 0 0 0
228 275 121 279 8 8 0
236 283 118 282 0 0 0
236 283 115 285 0 8 0
236 291 112 288 8 0 0
244 291 109 291 0 8 0
244 299 106 294 0 0 0
244 299 103 297 8 -8 0
252 291 100 300 0 -8 0
252 283 97 303 8 -8 0
260 275 94 306 0 0 0
260 275 91 309 0 -8 0
260 267 88 312 8 8 0
268 275 85 315 0 8 0
268 283 82 318 0 -8 0
268 275 79 321 8 8 0
276 283 76 324 0 -8 0
276 275 73 327 8 0 0
284 275 70 330 0 0 0
284 275 67 333 0 -8 0
284 267 64 336 8 -8 0
292 259 61 339 0 0 0
292 259 58 342 0 8 0
292 267 55 345 8 0 0
300 267 52 348 0 8 0
300 275 49 351 8 8 0
308 283 46 354 0 -8 0
308 275 43 357 0 8 0
308 283 40 360 8 0 0
316 283 37 363 0 -8 0
316 275 34 366 0 8 0
316 283 31 369 8 -8 0
324 275 28 372 0 0 0
324 275 25 375 8 -8 0
332 267 22 378 0 0 0
332 267 19 381 0 -8 0
332 259 22 384 8 8 0
340 267 25 387 0 8 0
340 275 28 390 0 -8 0
340 267 31 393 8 8 0
348 275 34 396 0 0 0
348 275 37 399 8 -8 0
356 267 40 402 0 -8 0
356 259 43 405 0 0 0
356 259 46 408 8 -8 0
364 251 49 411 0 -8 0
364 243 52 414 0 0 0
364 243 55 417 8 -8 0
372 235 58 420 0 0 0
372 235 61 423 8 -8 0
380 227 64 426 0 8 0
380 235 67 429 0 8 0
380 243 70 432 8 8 0
388 251 73 435 0 8 0
388 259 76 438 0 0 0
388 259 79 441 8 8 0
396 267 82 444 0 8 0
396 275 85 447 8 8 0
404 283 88 450 0 0 0
404 283 91 453 0 -8 0
404 275 94 456 8 -8 0
412 267 97 459 0 0 0
412 267 100 462 0 0 0
412 267 103 465 8 8 0
420 275 106 468 0 0 0
420 275 109 471 8 0 0
428 275 112 474 0 0 0
428 275 115 477 0 8 0
428 283 118 480 8 -8 0
436 275 121 483 0 -8 0
436 267 124 486 0 -8 0
436 259 127 489 8 -8 0
444 251 130 492 0 0 0
444 251 133 495 8 8 0
452 259 136 498 0 -8 0
452 251 139 501 0 0 0
452 251 142 504 8 8 0
460 259 145 507 0 8 0
460 267 148 510 0 0 0
460 267 151 513 8 -8 0
468 259 154 516 0 -8 0
468 251 157 519 8 8 0
476 259 160 522 0 0 0
476 259 163 525 0 -8 0
476 251 166 528 8 0 0
484 251 169 531 0 0 0
484 251 172 534 0 -8 0
484 243 175 537 8 0 0
492 243 178 540 0 8 0
492 251 181 543 8 0 0
500 251 184 546 0 0 0
500 251 187 549 0 0 0
500 251 190 552 8 8 0
508 259 193 555 0 0 0
508 259 196 558 0 0 0
508 259 199 561 8 0 0
516 259 202 564 0 8 0
516 267 205 567 8 8 0
524 275 208 570 0 -8 0
524 267 211 573 0 8 0
524 275 214 576 8 0 0
532 275 217 579 0 8 0
532 283 220 582 0 0 0
532 283 223 585 8 -8 0
540 275 226 588 0 8 0
540 283 229 591 8 0 0
540 283 232 588 0 0 0
540 283 235 585 0 -8 0
540 275 238 582 0 -8 0
540 267 241 579 0 0 0
540 267 244 576 0 -8 0
540 259 247 573 0 -8 0
540 251 250 570 0 8 0
540 259 253 567 0 0 0
540 259 256 564 0 -8 0
540 251 259 561 0 8 0
540 259 262 558 0 -8 0
540 251 265 555 0 0 0
540 251 268 552 0 8 0
540 259 271 549 0 8 0
540 267 274 546 0 -8 0
540 259 277 543 0 8 0
540 267 280 540 0 -8 0
540 259 283 537 0 8 0
540 267 286 534 0 8 0
540 275 289 531 0 0 0
540 275 292 528 0 -8 0
540 267 295 525 0 -8 0
540 259 298 522 0 -8 0
540 251 301 519 0 0 0
540 251 304 516 0 0 0
540 251 307 513 0 -8 0
540 243 310 510 0 0 0
540 243 313 507 0 8 0
540 251 316 504 0 8 0
540 259 319 501 0 0 0
540 259 322 498 0 0 0
540 259 325 495 0 0 0
540 259 328 492 0 -8 0
540 251 331 489 -8 0 0
532 251 334 486 0 0 0
532 251 337 483 0 0 0
532 251 340 480 -8 8 0
524 259 343 477 0 -8 0
524 251 346 474 0 -8 0
524 243 349 471 -8 -8 0
516 235 352 468 0 -8 0
516 227 355 465 -8 0 0
508 227 358 462 0 -8 0
508 219 361 459 0 0 0
508 219 364 456 -8 0 0
500 219 367 453 0 0 0
500 219 370 450 0 -8 0
500 211 373 447 -8 8 0
492 219 376 444 0 -8 0
492 211 379 441 -8 -8 0
484 203 382 438 0 8 0
484 211 385 435 0 0 0
484 211 388 432 -8 8 0
476 219 391 429 0 0 0
476 219 394 426 0 0 0
476 219 397 423 -8 8 0
468 227 400 420 0 0 0
468 227 403 417 -8 -8 0
460 219 406 414 0 0 0
460 219 409 411 0 -8 0
460 211 412 408 -8 -8 0
452 203 415 405 0 0 0
452 203 418 402 0 8 0
452 211 421 399 -8 8 0
444 219 424 396 0 8 0
444 227 427 393 -8 8 0
436 235 430 390 0 0 0
436 235 433 387 0 8 0
436 243 436 384 -8 8 0
428 251 439 381 0 0 0
428 251 442 378 0 -8 0
428 243 445 375 -8 8 0
420 251 448 372 0 0 0
420 251 451 369 -8 0 0
412 251 454 366 0 8 0
412 259 457 363 0 8 0
412 267 460 360 -8 0 0
404 267 463 357 0 8 0
404 275 466 354 0 -8 0
404 267 469 351 -8 0 0
396 267 472 348 0 -8 0
396 259 475 345 -8 8 0
388 267 478 342 0 -8 0
388 259 481 339 0 -8 0
388 251 484 336 -8 0 0
380 251 487 333 0 -8 0
380 243 490 330 0 8 0
380 251 493 327 -8 -8 0
372 243 496 324 0 -8 0
372 235 499 321 -8 0 0
364 235 502 318 0 8 0
364 243 505 315 0 -8 0
364 235 508 312 -8 0 0
356 235 511 309 0 8 0
356 243 514 306 0 0 0
356 243 517 303 -8 8 0
348 251 520 300 0 8 0
348 259 523 297 -8 0 0
340 259 526 294 0 0 0
340 259 529 291 0 8 0
340 267 532 288 -8 -8 0
332 259 535 285 0 0 0
332 259 538 282 0 0 0
332 259 541 279 -8 -8 0
324 251 544 276 0 0 0
324 251 547 273 -8 8 0
316 259 550 270 0 -8 0
316 251 553 267 0 0 0
316 251 556 264 -8 -8 0
308 243 559 261 0 -8 0
308 235 562 258 0 0 0
308 235 565 255 -8 0 0
300 235 568 252 0 -8 0
300 227 571 249 -8 -8 0
292 219 574 246 0 0 0
292 219 577 243 0 8 0
292 227 580 240 -8 0 0
284 227 583 237 0 8 0
284 235 586 234 0 0 0
284 235 589 231 -8 0 0
276 235 592 228 0 8 0
276 243 595 225 -8 -8 0
268 235 598 222 0 -8 0
268 227 601 219 0 0 0
268 227 604 216 -8 -8 0
260 219 607 213 0 -8 0
260 211 610 210 0 8 0
260 219 613 207 -8 8 0
252 227 616 204 0 0 0
252 227 619 201 -8 -8 0
244 219 622 198 0 -8 0
244 211 625 195 0 0 0
244 211 628 192 -8 -8 0
236 203 631 189 0 -8 0
236 195 634 186 0 8 0
236 203 637 183 -8 8 0
228 211 640 180 0 0 0
228 211 643 177 -8 8 0
220 219 646 174 0 -8 0
220 211 649 171 0 -8 0
220 203 652 168 -8 0 0
212 203 655 165 0 8 0
212 211 658 162 0 0 0
212 211 661 159 -8 8 0
204 219 664 156 0 -8 0
204 211 667 153 -8 8 0
196 219 670 150 0 0 0
196 219 673 147 0 -8 0
196 211 676 144 -8 0 0
188 211 679 141 0 0 0
188 211 682 138 0 0 0
188 211 685 135 -8 8 0
180 219 688 132 0 0 0
180 219 691 129 -8 0 0
172 219 694 126 0 0 0
172 219 697 123 0 8 0
172 227 700 120 -8 -8 0
164 219 703 117 0 8 0
164 227 706 114 0 8 0
164 235 709 111 -8 8 0
156 243 712 108 0 -8 0
156 235 715 105 -8 0 0
148 235 718 102 0 8 0
148 243 721 99 0 0 0
148 243 724 96 -8 8 0
140 251 727 93 0 8 0
140 259 730 90 0 8 0
140 267 733 87 -8 0 0
132 267 736 84 0 -8 0
132 259 739 81 -8 -8 0
124 251 742 78 0 -8 0
124 243 745 75 0 8 0
124 251 748 72 -8 8 0
116 259 751 69 0 8 0
116 267 754 66 0 0 0
116 267 757 63 -8 -8 0
108 259 760 60 0 -8 0
108 251 763 57 -8 0 0
100 251 766 54 0 0 0
100 251 769 51 0 8 0
100 259 772 48 -8 8 0
92 267 775 45 0 0 0
92 267 778 42 0 -8 0
92 259 781 39 0 0 1
92 259 781 39 0 0 1
92 259 781 39 0 0 1
92 259 781 39 0 0 1
92 259 781 39 0 0 1
