321 382 457 429 0 0 0
321 382 460 426 8 0 0
329 382 463 423 8 0 0
337 382 466 420 8 -8 0
345 374 469 417 8 8 0
353 382 472 414 8 0 0
361 382 475 411 0 0 0
361 382 478 408 0 0 0
361 382 481 405 0 0 0
361 382 484 402 0 0 0
361 382 487 399 0 8 0
361 390 490 396 0 -8 0
361 382 493 393 0 -8 0
361 374 496 390 0 0 0
361 374 499 387 0 8 0
361 382 502 384 0 0 0
361 382 505 381 0 8 0
361 390 508 378 0 0 0
361 390 511 375 0 -8 0
361 382 514 372 0 -8 0
361 374 517 369 0 -8 0
361 366 520 366 0 0 0
361 366 523 363 0 0 0
361 366 526 360 0 8 0
361 374 529 357 0 0 0
361 374 532 354 0 8 0
361 382 535 351 0 8 0
361 390 538 348 0 8 0
361 398 541 345 0 0 0
361 398 544 342 0 0 0
361 398 547 339 0 -8 0
361 390 550 336 0 8 0
361 398 553 333 0 8 0
361 406 556 330 0 -8 0
361 398 559 327 0 0 0
361 398 562 324 0 -8 0
361 390 565 321 0 0 0
361 390 568 318 0 0 0
361 390 571 315 0 0 0
361 390 574 312 0 8 0
361 398 577 309 -8 8 0
353 406 580 306 0 0 0
353 406 583 303 0 0 0
353 406 586 300 -8 0 0
345 406 589 297 0 0 0
345 406 592 294 -8 -8 0
337 398 595 291 0 0 0
337 398 598 288 0 0 0
337 398 601 285 -8 0 0
329 398 604 282 0 0 0
329 398 607 279 0 -8 0
329 390 610 276 -8 0 0
321 390 613 273 0 8 0
321 398 616 270 -8 0 0
313 398 619 267 0 -8 0
313 390 622 264 0 -8 0
313 382 625 261 -8 -8 0
305 374 628 258 0 8 0
305 382 631 255 0 -8 0
305 374 634 252 -8 8 0
297 382 637 249 0 0 0
297 382 640 246 -8 -8 0
289 374 643 243 0 -8 0
289 366 646 240 0 0 0
289 366 649 237 -8 0 0
281 366 652 234 0 8 0
281 374 655 231 0 0 0
281 374 658 228 -8 8 0
273 382 661 225 0 -8 0
273 374 664 222 -8 -8 0
265 366 667 219 0 -8 0
265 358 670 216 0 0 0
265 358 673 213 -8 -8 0
257 350 676 210 0 8 0
257 358 679 207 0 0 0
257 358 682 204 -8 -8 0
249 350 685 201 0 0 0
249 350 688 198 -8 8 0
241 358 691 195 0 8 0
241 366 694 192 0 0 0
241 366 697 189 -8 -8 0
233 358 700 186 0 -8 0
233 350 703 183 0 -8 0
233 342 706 180 -8 8 0
225 350 709 177 0 0 0
225 350 712 174 -8 0 0
217 350 715 171 0 8 0
217 358 718 168 0 8 0
217 366 721 165 -8 0 0
209 366 724 162 0 8 0
209 374 727 159 0 8 0
209 382 730 156 -8 0 0
201 382 733 153 0 0 0
201 382 736 150 -8 8 0
193 390 739 147 0 8 0
193 398 742 144 0 -8 0
193 390 745 141 -8 8 0
185 398 748 138 0 8 0
185 406 751 135 0 8 0
185 414 754 132 -8 -8 0
177 406 757 129 0 8 0
177 414 760 126 -8 8 0
169 422 763 123 0 0 0
169 422 766 120 0 -8 0
169 414 769 117 -8 8 0
161 422 772 114 0 -8 0
161 414 775 111 0 8 0
161 422 778 108 -8 0 0
153 422 781 105 0 0 1
153 422 781 105 0 0 1
153 422 781 105 0 0 1
153 422 781 105 0 0 1
153 422 781 105 0 0 1
