512 531 592 333 0 0 0
512 531 595 330 -8 8 0
504 539 598 327 -8 0 0
496 539 601 324 -8 -8 0
488 531 604 321 -8 8 0
480 539 607 318 -8 0 0
472 539 610 315 -8 0 0
464 539 613 312 -8 8 0
456 540 616 309 -8 8 0
448 540 619 306 -8 8 0
440 540 622 303 -8 8 0
432 540 625 300 -8 8 0
424 540 628 297 -8 0 0
416 540 631 294 -8 8 0
408 540 634 291 -8 8 0
400 540 637 288 -8 -8 0
392 532 640 285 -8 0 0
384 532 643 282 -8 8 0
376 540 646 279 -8 8 0
368 540 649 276 -8 -8 0
360 532 652 273 -8 -8 0
352 524 655 270 -8 0 0
344 524 658 267 -8 0 0
336 524 661 264 -8 -8 0
328 516 664 261 -8 -8 0
320 508 667 258 -8 8 0
312 516 670 255 -8 0 0
304 516 673 252 -8 0 0
296 516 676 249 0 -8 0
296 508 679 246 0 0 0
296 508 682 243 -8 8 0
288 516 685 240 0 -8 0
288 508 688 237 -8 -8 0
280 500 691 234 0 0 0
280 500 694 231 0 8 0
280 508 697 228 -8 0 0
272 508 700 225 0 0 0
272 508 703 222 0 0 0
272 508 706 219 -8 8 0
264 516 709 216 0 8 0
264 524 712 213 -8 -8 0
256 516 715 210 0 -8 0
256 508 718 207 0 0 0
256 508 721 204 -8 -8 0
248 500 724 201 0 -8 0
248 492 727 198 0 -8 0
248 484 730 195 -8 8 0
240 492 733 192 0 -8 0
240 484 736 189 -8 -8 0
232 476 739 186 0 8 0
232 484 742 183 0 0 0
232 484 745 180 -8 0 0
224 484 748 177 0 0 0
224 484 751 174 0 -8 0
224 476 754 171 -8 0 0
216 476 757 168 0 -8 0
216 468 760 165 -8 8 0
208 476 763 162 0 0 0
208 476 766 159 0 8 0
208 484 769 156 -8 0 0
200 484 772 153 0 -8 0
200 476 775 150 0 -8 0
200 468 778 147 -8 0 0
192 468 781 144 0 0 1
192 468 781 144 0 0 1
192 468 781 144 0 0 1
192 468 781 144 0 0 1
192 468 781 144 0 0 1
