486 369 454 351 0 0 0
486 369 457 348 -8 8 0
478 377 460 345 -8 0 0
470 377 463 342 -8 8 0
462 385 466 339 -8 8 0
454 393 469 336 -8 8 0
446 401 472 333 -8 -8 0
438 393 475 330 -8 8 0
430 401 478 327 -8 0 0
422 401 481 324 -8 0 0
414 401 484 321 -8 -8 0
406 393 487 318 -8 0 0
398 393 490 315 -8 0 0
390 393 493 312 -8 -8 0
382 385 496 309 -8 -8 0
374 377 499 306 -8 0 0
366 377 502 303 -8 0 0
358 377 505 300 -8 0 0
350 377 508 297 -8 0 0
342 377 511 294 0 -8 0
342 369 514 291 -8 -8 0
334 361 517 288 0 -8 0
334 353 520 285 0 8 0
334 361 523 282 -8 -8 0
326 353 526 279 0 -8 0
326 345 529 276 0 0 0
326 345 532 273 -8 -8 0
318 337 535 270 0 0 0
318 337 538 267 -8 8 0
310 345 541 264 0 8 0
310 353 544 261 0 -8 0
310 345 547 258 -8 -8 0
302 337 550 255 0 -8 0
302 329 553 252 0 8 0
302 337 556 249 -8 0 0
294 337 559 246 0 -8 0
294 329 562 243 -8 0 0
286 329 565 240 0 8 0
286 337 568 237 0 8 0
286 345 571 234 -8 -8 0
278 337 574 231 0 8 0
278 345 577 228 0 8 0
278 353 580 225 -8 8 0
270 361 583 222 0 -8 0
270 353 586 219 -8 8 0
262 361 589 216 0 -8 0
262 353 592 213 0 8 0
262 361 595 210 -8 8 0
254 369 598 207 0 -8 0
254 361 601 204 0 -8 0
254 353 604 201 -8 8 0
246 361 607 198 0 -8 0
246 353 610 195 -8 0 0
238 353 613 192 0 8 0
238 361 616 189 0 0 0
238 361 619 186 -8 -8 0
230 353 622 183 0 8 0
230 361 625 180 0 0 0
230 361 628 177 -8 -8 0
222 353 631 174 0 0 0
222 353 634 171 -8 -8 0
214 345 637 168 0 0 0
214 345 640 165 0 -8 0
214 337 643 162 -8 0 0
206 337 646 159 0 -8 0
206 329 649 156 0 8 0
206 337 652 153 -8 0 0
198 337 655 150 0 -8 0
198 329 658 147 -8 -8 0
190 321 661 144 0 0 0
190 321 664 141 0 -8 0
190 313 667 138 -8 0 0
182 313 670 135 0 0 0
182 313 673 132 0 0 0
182 313 676 129 -8 0 0
174 313 679 126 0 -8 0
174 305 682 123 -8 -8 0
166 297 685 120 0 0 0
166 297 688 117 0 8 0
166 305 691 114 -8 -8 0
158 297 694 111 0 8 0
158 305 697 108 0 8 0
158 313 700 105 -8 0 0
150 313 703 102 0 8 0
150 321 706 99 -8 0 0
142 321 709 96 0 -8 0
142 313 712 93 0 8 0
142 321 715 90 -8 8 0
134 329 718 87 0 -8 0
134 321 721 84 0 8 0
134 329 724 81 -8 0 0
126 329 727 78 0 0 0
126 329 730 75 -8 8 0
118 337 733 72 0 0 0
118 337 736 69 0 -8 0
118 329 739 66 -8 8 0
110 337 742 63 0 0 0
110 337 745 60 0 -8 0
110 329 748 57 -8 8 0
102 337 751 54 0 0 0
102 337 754 51 -8 8 0
94 345 757 48 0 -8 0
94 337 760 45 0 0 0
94 337 763 42 -8 8 0
86 345 766 39 0 0 0
86 345 769 36 0 -8 0
86 337 772 33 -8 0 0
78 337 775 30 0 0 0
78 337 778 27 -8 8 0
70 345 781 24 0 0 1
70 345 781 24 0 0 1
70 345 781 24 0 0 1
70 345 781 24 0 0 1
70 345 781 24 0 0 1
