128 474 412 360 0 0 0
128 474 415 363 8 0 0
136 474 418 366 8 -8 0
144 466 421 369 8 8 0
152 474 424 372 8 0 0
160 474 427 375 8 8 0
168 482 430 378 8 0 0
176 482 433 381 8 0 0
184 482 436 384 8 0 0
192 482 439 387 8 -8 0
200 474 442 390 8 8 0
208 482 445 393 8 8 0
216 490 448 396 8 8 0
224 498 451 399 8 0 0
232 498 454 402 8 8 0
240 506 457 405 8 8 0
248 514 460 408 8 -8 0
256 506 463 411 8 -8 0
264 498 466 414 8 8 0
272 506 469 417 8 -8 0
280 498 472 420 8 -8 0
288 490 475 423 8 0 0
296 490 478 426 8 8 0
304 498 481 429 8 -8 0
312 490 484 432 8 0 0
320 490 487 435 8 8 0
328 498 490 438 8 -8 0
336 490 493 441 8 -8 0
344 482 496 444 8 8 0
352 490 499 447 8 8 0
360 498 502 450 8 -8 0
368 490 505 453 8 8 0
376 498 508 456 8 0 0
384 498 511 459 8 0 0
392 498 514 462 8 8 0
400 506 517 465 8 0 0
408 506 520 468 8 0 0
416 506 523 471 8 8 0
424 514 526 474 0 0 0
424 514 529 477 8 8 0
432 522 532 480 0 8 0
432 530 535 483 8 0 0
440 530 538 486 0 8 0
440 538 541 489 0 8 0
440 540 544 492 8 0 0
448 540 547 495 0 8 0
448 540 550 498 0 0 0
448 540 553 501 8 0 0
456 540 556 504 0 -8 0
456 532 559 507 8 8 0
464 540 562 510 0 -8 0
464 532 565 513 0 0 0
464 532 568 516 8 8 0
472 540 571 519 0 -8 0
472 532 574 522 0 0 0
472 532 577 525 8 -8 0
480 524 580 528 0 -8 0
480 516 583 531 8 0 0
488 516 586 534 0 -8 0
488 508 589 537 0 0 0
488 508 592 540 8 8 0
496 516 595 543 0 8 0
496 524 598 546 0 8 0
496 532 601 549 8 0 0
504 532 604 552 0 -8 0
504 524 607 555 8 0 0
512 524 610 558 0 8 0
512 532 613 561 0 -8 0
512 524 616 564 8 8 0
520 532 619 567 0 0 0
520 532 622 570 0 0 0
520 532 625 573 8 -8 0
528 524 628 576 0 8 0
528 532 631 579 8 8 0
536 540 634 582 0 8 0
536 540 637 585 0 -8 0
536 532 640 588 8 -8 0
540 524 643 591 8 -8 0
540 516 646 588 0 -8 0
540 508 649 585 0 8 0
540 516 652 582 0 8 0
540 524 655 579 0 -8 0
540 516 658 576 0 8 0
540 524 661 573 0 8 0
540 532 664 570 0 -8 0
540 524 667 567 0 -8 0
540 516 670 564 0 -8 0
540 508 673 561 0 -8 0
540 500 676 558 0 0 0
540 500 679 555 0 0 0
540 500 682 552 0 8 0
540 508 685 549 0 0 0
540 508 688 546 0 8 0
540 516 691 543 0 0 0
540 516 694 540 0 8 0
540 524 697 537 0 -8 0
540 516 700 534 0 8 0
540 524 703 531 0 0 0
540 524 706 528 0 8 0
540 532 709 525 0 8 0
540 540 712 522 0 0 0
540 540 715 519 0 -8 0
540 532 718 516 0 0 0
540 532 721 513 0 -8 0
540 524 724 510 0 8 0
540 532 727 507 0 -8 0
540 524 730 504 0 0 0
540 524 733 501 0 8 0
540 532 736 498 0 0 0
540 532 739 495 0 -8 0
540 524 742 492 0 -8 0
540 516 745 489 -8 0 0
532 516 748 486 0 8 0
532 524 751 483 0 8 0
532 532 754 480 -8 -8 0
524 524 757 477 0 0 0
524 524 760 474 0 8 0
524 532 763 471 -8 8 0
516 540 766 468 0 8 0
516 540 769 465 -8 8 0
508 540 772 462 0 0 0
508 540 775 459 0 0 0
508 540 778 456 -8 8 0
500 540 781 453 0 0 1
500 540 781 453 0 0 1
500 540 781 453 0 0 1
500 540 781 453 0 0 1
500 540 781 453 0 0 1
