236 199 154 372 0 0 0
236 199 157 375 8 -8 0
244 191 160 378 8 8 0
252 199 163 381 8 0 0
260 199 166 384 8 -8 0
268 191 169 387 8 8 0
276 199 172 390 8 0 0
284 199 175 393 8 0 0
292 199 178 396 8 0 0
300 199 181 399 8 0 0
308 199 184 402 8 8 0
316 207 187 405 8 0 0
324 207 190 408 8 -8 0
332 199 193 411 8 8 0
340 207 196 414 8 8 0
348 215 199 417 8 8 0
356 223 202 420 8 -8 0
364 215 205 423 8 -8 0
372 207 208 426 8 0 0
380 207 211 429 0 -8 0
380 199 214 432 8 -8 0
388 191 217 435 0 8 0
388 199 220 438 0 0 0
388 199 223 441 8 8 0
396 207 226 444 0 -8 0
396 199 229 447 8 0 0
404 199 232 450 0 8 0
404 207 235 453 0 8 0
404 215 238 456 8 0 0
412 215 241 459 0 -8 0
412 207 244 462 0 0 0
412 207 247 465 8 -8 0
420 199 250 468 0 -8 0
420 191 253 471 8 -8 0
428 183 256 474 0 0 0
428 183 259 477 0 8 0
428 191 262 480 8 -8 0
436 183 265 483 0 -8 0
436 175 268 486 0 0 0
436 175 271 489 8 8 0
444 183 274 492 0 -8 0
444 175 277 495 8 8 0
452 183 280 498 0 8 0
452 191 283 501 0 8 0
452 199 286 504 8 -8 0
460 191 289 507 0 8 0
460 199 292 510 0 -8 0
460 191 295 513 8 -8 0
468 183 298 516 0 0 0
468 183 301 519 8 8 0
476 191 304 522 0 -8 0
476 183 307 525 0 -8 0
476 175 310 528 8 -8 0
484 167 313 531 0 0 0
484 167 316 534 0 8 0
484 175 319 537 8 -8 0
492 167 322 540 0 0 0
492 167 325 543 8 8 0
500 175 328 546 0 -8 0
500 167 331 549 0 8 0
500 175 334 552 8 0 0
508 175 337 555 0 -8 0
508 167 340 558 0 -8 0
508 159 343 561 8 8 0
516 167 346 564 0 -8 0
516 159 349 567 8 -8 0
524 151 352 570 0 -8 0
524 143 355 573 0 8 0
524 151 358 576 8 -8 0
532 143 361 579 0 8 0
532 151 364 582 0 8 0
532 159 367 585 8 8 0
540 167 370 588 0 0 0
540 167 373 591 8 -8 0
540 159 376 588 0 -8 0
540 151 379 585 0 8 0
540 159 382 582 0 -8 0
540 151 385 579 0 0 0
540 151 388 576 0 0 0
540 151 391 573 0 0 0
540 151 394 570 0 -8 0
540 143 397 567 0 -8 0
540 135 400 564 0 -8 0
540 127 403 561 0 0 0
540 127 406 558 0 -8 0
540 119 409 555 0 0 0
540 119 412 552 0 -8 0
540 111 415 549 0 8 0
540 119 418 546 0 -8 0
540 111 421 543 0 -8 0
540 103 424 540 0 0 0
540 103 427 537 0 8 0
540 111 430 534 0 8 0
540 119 433 531 0 0 0
540 119 436 528 0 0 0
540 119 439 525 0 0 0
540 119 442 522 0 0 0
540 119 445 519 0 0 0
540 119 448 516 0 -8 0
540 111 451 513 0 -8 0
540 103 454 510 0 0 0
540 103 457 507 0 8 0
540 111 460 504 0 0 0
540 111 463 501 0 -8 0
540 103 466 498 0 -8 0
540 95 469 495 0 -8 0
540 87 472 492 0 -8 0
540 79 475 489 -8 8 0
532 87 478 486 0 0 0
532 87 481 483 0 8 0
532 95 484 480 -8 8 0
524 103 487 477 0 -8 0
524 95 490 474 0 0 0
524 95 493 471 -8 0 0
516 95 496 468 0 8 0
516 103 499 465 -8 8 0
508 111 502 462 0 0 0
508 111 505 459 0 -8 0
508 103 508 456 -8 8 0
500 111 511 453 0 -8 0
500 103 514 450 0 8 0
500 111 517 447 -8 8 0
492 119 520 444 0 0 0
492 119 523 441 -8 8 0
484 127 526 438 0 -8 0
484 119 529 435 0 0 0
484 119 532 432 -8 8 0
476 127 535 429 0 0 0
476 127 538 426 0 0 0
476 127 541 423 -8 0 0
468 127 544 420 0 8 0
468 135 547 417 -8 -8 0
460 127 550 414 0 0 0
460 127 553 411 0 0 0
460 127 556 408 -8 8 0
452 135 559 405 0 0 0
452 135 562 402 0 -8 0
452 127 565 399 -8 8 0
444 135 568 396 0 8 0
444 143 571 393 -8 8 0
436 151 574 390 0 0 0
436 151 577 387 0 8 0
436 159 580 384 -8 0 0
428 159 583 381 0 0 0
428 159 586 378 0 8 0
428 167 589 375 -8 0 0
420 167 592 372 0 8 0
420 175 595 369 -8 0 0
412 175 598 366 0 0 0
412 175 601 363 0 8 0
412 183 604 360 -8 -8 0
404 175 607 357 0 -8 0
404 167 610 354 0 8 0
404 175 613 351 -8 0 0
396 175 616 348 0 -8 0
396 167 619 345 -8 8 0
388 175 622 342 0 -8 0
388 167 625 339 0 -8 0
388 159 628 336 -8 -8 0
380 151 631 333 0 8 0
380 159 634 330 0 -8 0
380 151 637 327 -8 -8 0
372 143 640 324 0 8 0
372 151 643 321 -8 0 0
364 151 646 318 0 8 0
364 159 649 315 0 0 0
364 159 652 312 -8 -8 0
356 151 655 309 0 8 0
356 159 658 306 0 -8 0
356 151 661 303 -8 0 0
348 151 664 300 0 -8 0
348 143 667 297 -8 -8 0
340 135 670 294 0 0 0
340 135 673 291 0 0 0
340 135 676 288 -8 -8 0
332 127 679 285 0 -8 0
332 119 682 282 0 8 0
332 127 685 279 -8 -8 0
324 119 688 276 0 -8 0
324 111 691 273 -8 8 0
316 119 694 270 0 -8 0
316 111 697 267 0 -8 0
316 103 700 264 -8 -8 0
308 95 703 261 0 -8 0
308 87 706 258 0 0 0
308 87 709 255 -8 8 0
300 95 712 252 0 0 0
300 95 715 249 -8 0 0
292 95 718 246 0 0 0
292 95 721 243 0 8 0
292 103 724 240 -8 8 0
284 111 727 237 0 0 0
284 111 730 234 0 8 0
284 119 733 231 -8 0 0
276 119 736 228 0 8 0
276 127 739 225 -8 0 0
268 127 742 222 0 0 0
268 127 745 219 0 8 0
268 135 748 216 -8 -8 0
260 127 751 213 0 -8 0
260 119 754 210 0 -8 0
260 111 757 207 -8 -8 0
252 103 760 204 0 8 0
252 111 763 201 -8 0 0
244 111 766 198 0 -8 0
244 103 769 195 0 0 0
244 103 772 192 -8 -8 0
236 95 775 189 0 -8 0
236 87 778 186 0 8 0
236 95 781 183 0 0 1
236 95 781 183 0 0 1
236 95 781 183 0 0 1
236 95 781 183 0 0 1
236 95 781 183 0 0 1
