209 527 670 450 0 0 0
209 527 673 453 8 8 0
217 535 676 456 8 8 0
225 540 679 459 8 -8 0
233 532 682 462 8 8 0
241 540 685 465 8 -8 0
249 532 688 468 8 8 0
257 540 691 471 8 -8 0
265 532 694 474 8 -8 0
273 524 697 477 8 8 0
281 532 700 480 8 -8 0
289 524 703 483 8 -8 0
297 516 706 486 8 8 0
305 524 709 489 8 0 0
313 524 712 492 8 0 0
321 524 715 495 8 -8 0
329 516 718 498 8 -8 0
337 508 721 501 8 -8 0
345 500 724 504 8 -8 0
353 492 727 507 8 -8 0
361 484 730 510 8 0 0
369 484 733 513 8 8 0
377 492 736 516 8 0 0
385 492 739 519 8 8 0
393 500 742 522 8 0 0
401 500 745 525 8 0 0
409 500 748 528 8 8 0
417 508 751 531 8 8 0
425 516 754 534 8 8 0
433 524 757 537 8 -8 0
441 516 760 540 8 -8 0
449 508 763 543 8 8 0
457 516 766 546 8 -8 0
465 508 769 549 8 0 0
473 508 772 552 8 0 0
481 508 775 555 8 8 0
489 516 778 558 8 0 0
497 516 781 561 8 8 0
505 524 778 564 8 -8 0
513 516 775 567 8 0 0
521 516 772 570 0 -8 0
521 508 769 573 8 -8 0
529 500 766 576 0 0 0
529 500 763 579 0 0 0
529 500 760 582 8 8 0
537 508 757 585 0 0 0
537 508 754 588 8 0 0
540 508 751 591 8 -8 0
540 500 748 588 0 8 0
540 508 745 585 0 -8 0
540 500 742 582 0 -8 0
540 492 739 579 0 8 0
540 500 736 576 0 8 0
540 508 733 573 0 8 0
540 516 730 570 0 8 0
540 524 727 567 0 0 0
540 524 724 564 0 -8 0
540 516 721 561 0 8 0
540 524 718 558 0 -8 0
540 516 715 555 0 -8 0
540 508 712 552 0 8 0
540 516 709 549 0 8 0
540 524 706 546 0 -8 0
540 516 703 543 0 8 0
540 524 700 540 0 0 0
540 524 697 537 0 8 0
540 532 694 534 0 8 0
540 540 691 531 0 -8 0
540 532 688 528 0 8 0
540 540 685 525 0 0 0
540 540 682 522 0 -8 0
540 532 679 519 0 0 0
540 532 676 516 0 -8 0
540 524 673 513 0 -8 0
540 516 670 510 0 0 0
540 516 667 507 0 -8 0
540 508 664 504 0 8 0
540 516 661 501 0 8 0
540 524 658 498 0 0 0
540 524 655 495 0 0 0
540 524 652 492 0 -8 0
540 516 649 489 -8 8 0
532 524 646 486 0 0 0
532 524 643 483 0 0 0
532 524 640 480 -8 0 0
524 524 637 477 0 -8 0
524 516 634 474 0 -8 0
524 508 631 471 -8 0 0
516 508 628 468 0 0 0
516 508 625 465 -8 -8 0
508 500 622 462 0 8 0
508 508 619 459 0 -8 0
508 500 616 456 -8 -8 0
500 492 613 453 0 -8 0
500 484 610 450 0 0 0
500 484 607 447 -8 8 0
492 492 604 444 0 8 0
492 500 601 441 -8 8 0
484 508 598 438 0 -8 0
484 500 595 435 0 8 0
484 508 592 432 -8 -8 0
476 500 589 429 0 -8 0
476 492 586 426 0 0 0
476 492 583 423 -8 0 0
468 492 580 420 0 -8 0
468 484 577 417 -8 8 0
460 492 574 414 0 8 0
460 500 571 411 0 -8 0
460 492 568 408 -8 -8 0
452 484 565 405 0 0 0
452 484 562 402 0 0 0
452 484 559 399 -8 -8 0
444 476 556 396 0 -8 0
444 468 553 393 -8 0 0
436 468 550 390 0 8 0
436 476 547 387 0 0 0
436 476 544 384 -8 0 0
428 476 541 381 0 0 0
428 476 538 378 0 8 0
428 484 535 375 -8 -8 0
420 476 532 372 0 -8 0
420 468 529 369 -8 -8 0
412 460 526 366 0 8 0
412 468 523 363 0 8 0
412 476 520 360 -8 8 0
404 484 517 357 0 -8 0
404 476 514 354 0 8 0
404 484 511 351 -8 8 0
396 492 508 348 0 -8 0
396 484 505 345 -8 -8 0
388 476 502 342 0 8 0
388 484 499 339 0 8 0
388 492 496 336 -8 -8 0
380 484 493 333 0 0 0
380 484 490 330 0 8 0
380 492 487 327 -8 8 0
372 500 484 324 0 8 0
372 508 481 321 -8 -8 0
364 500 478 318 0 0 0
364 500 475 315 0 8 0
364 508 472 312 -8 -8 0
356 500 469 309 0 0 0
356 500 466 306 0 -8 0
356 492 463 303 -8 0 0
348 492 460 300 0 8 0
348 500 457 297 -8 8 0
340 508 454 294 0 -8 0
340 500 451 291 0 0 0
340 500 448 288 -8 0 0
332 500 445 285 0 0 0
332 500 442 282 0 0 0
332 500 439 279 -8 8 0
324 508 436 276 0 8 0
324 516 433 273 -8 0 0
316 516 430 270 0 -8 0
316 508 427 267 0 8 0
316 516 424 264 -8 0 0
308 516 421 261 0 -8 0
308 508 418 258 0 8 0
308 516 415 255 -8 -8 0
300 508 412 252 0 -8 0
300 500 409 249 -8 0 0
292 500 406 246 0 0 0
292 500 403 243 0 0 0
292 500 400 240 -8 0 0
284 500 397 237 0 8 0
284 508 394 234 0 -8 0
284 500 391 231 -8 -8 0
276 492 388 228 0 8 0
276 500 385 225 -8 -8 0
268 492 382 222 0 0 0
268 492 379 219 0 8 0
268 500 376 216 -8 -8 0
260 492 373 213 0 -8 0
260 484 370 210 0 -8 0
260 476 367 207 -8 0 0
252 476 364 204 0 8 0
252 484 361 201 -8 -8 0
244 476 358 198 0 8 0
244 484 355 195 0 -8 0
244 476 352 192 -8 8 0
236 484 349 189 0 -8 0
236 476 346 186 0 0 0
236 476 343 183 -8 8 0
228 484 340 180 0 -8 0
228 476 337 177 -8 0 0
220 476 334 174 0 -8 0
220 468 331 171 0 0 0
220 468 328 168 -8 0 0
212 468 325 165 0 -8 0
212 460 322 162 0 8 0
212 468 319 159 -8 8 0
204 476 316 156 0 8 0
204 484 313 153 -8 -8 0
196 476 310 150 0 -8 0
196 468 307 147 0 0 0
196 468 304 144 -8 -8 0
188 460 301 141 0 -8 0
188 452 298 138 0 0 0
188 452 295 135 -8 8 0
180 460 292 132 0 0 0
180 460 289 129 -8 -8 0
172 452 286 126 0 -8 0
172 444 283 123 0 0 0
172 444 280 120 -8 0 0
164 444 277 117 0 0 0
164 444 274 114 0 8 0
164 452 271 111 -8 0 0
156 452 268 108 0 8 0
156 460 265 105 -8 8 0
148 468 262 102 0 -8 0
148 460 259 99 0 8 0
148 468 256 96 -8 8 0
140 476 253 93 0 8 0
140 484 250 90 0 8 0
140 492 247 87 -8 8 0
132 500 244 84 0 -8 0
132 492 241 81 -8 0 0
124 492 238 78 0 8 0
124 500 235 75 0 0 0
124 500 232 72 -8 8 0
116 508 229 69 0 8 0
116 516 226 66 0 -8 0
116 508 223 63 -8 0 0
108 508 220 60 0 8 0
108 516 217 57 -8 0 0
100 516 214 54 0 -8 0
100 508 211 51 0 0 0
100 508 208 48 -8 -8 0
92 500 205 45 0 0 0
92 500 202 42 0 -8 0
92 492 199 39 -8 -8 0
84 484 196 36 0 0 0
84 484 193 33 -8 0 0
76 484 190 30 0 0 0
76 484 187 27 0 -8 0
76 476 184 24 -8 -8 0
68 468 181 21 0 0 0
68 468 178 18 0 8 0
68 476 175 15 -8 -8 0
60 468 172 12 0 8 0
60 476 169 9 -8 -8 0
60 468 166 12 0 -8 0
60 460 163 15 0 0 0
60 460 160 18 0 8 0
60 468 157 21 0 -8 0
60 460 154 24 0 8 0
60 468 151 27 0 8 0
60 476 148 30 0 0 0
60 476 145 33 0 -8 0
60 468 142 36 0 8 0
60 476 139 39 0 -8 0
60 468 136 42 0 8 0
60 476 133 45 0 8 0
60 484 130 48 0 -8 0
60 476 127 51 0 8 0
60 484 124 54 0 0 0
60 484 121 57 0 -8 0
60 476 118 60 0 8 0
60 484 115 63 0 8 0
60 492 112 66 0 8 0
60 500 109 69 0 8 0
60 508 106 72 0 -8 0
60 500 103 75 0 0 0
60 500 100 78 0 8 0
60 508 97 81 0 -8 0
60 500 94 84 0 8 0
60 508 91 87 0 -8 0
60 500 88 90 0 8 0
60 508 85 93 0 0 0
60 508 82 96 0 0 0
60 508 79 99 0 -8 0
60 500 76 102 0 -8 0
60 492 73 105 0 8 0
60 500 70 108 0 -8 0
60 492 67 111 8 0 0
68 492 64 114 0 8 0
68 500 61 117 0 -8 0
68 492 58 120 8 8 0
76 500 55 123 0 0 0
76 500 52 126 0 -8 0
76 492 49 129 8 8 0
84 500 46 132 0 0 0
84 500 43 135 8 8 0
92 508 40 138 0 0 0
92 508 37 141 0 0 0
92 508 34 144 8 0 0
100 508 31 147 0 0 0
100 508 28 150 0 0 0
100 508 25 153 8 0 0
108 508 22 156 0 -8 0
108 500 19 159 0 0 1
108 500 19 159 0 0 1
108 500 19 159 0 0 1
108 500 19 159 0 0 1
108 500 19 159 0 0 1
