296 98 259 369 0 0 0
296 98 256 372 8 -8 0
304 90 253 375 8 8 0
312 98 250 378 8 8 0
320 106 247 381 8 0 0
328 106 244 384 8 0 0
336 106 241 387 8 0 0
344 106 238 390 0 8 0
344 114 235 393 0 -8 0
344 106 232 396 8 8 0
352 114 229 399 0 8 0
352 122 226 402 0 8 0
352 130 223 405 8 -8 0
360 122 220 408 0 8 0
360 130 217 411 8 -8 0
368 122 214 414 0 8 0
368 130 211 417 0 -8 0
368 122 208 420 8 -8 0
376 114 205 423 0 -8 0
376 106 202 426 0 8 0
376 114 199 429 8 8 0
384 122 196 432 0 0 0
384 122 193 435 8 8 0
392 130 190 438 0 0 0
392 130 187 441 0 -8 0
392 122 184 444 8 0 0
400 122 181 447 0 -8 0
400 114 178 450 0 8 0
400 122 175 453 8 -8 0
408 114 172 456 0 0 0
408 114 169 459 8 0 0
416 114 166 462 0 0 0
416 114 163 465 0 -8 0
416 106 160 468 8 -8 0
424 98 157 471 0 0 0
424 98 154 474 0 -8 0
424 90 151 477 8 0 0
432 90 148 480 0 -8 0
432 82 145 483 8 0 0
440 82 142 486 0 0 0
440 82 139 489 0 8 0
440 90 136 492 8 0 0
448 90 133 495 0 8 0
448 98 130 498 0 0 0
448 98 127 501 8 -8 0
456 90 124 504 0 8 0
456 98 121 507 8 -8 0
464 90 118 510 0 -8 0
464 82 115 513 0 0 0
464 82 112 516 8 0 0
472 82 109 519 0 -8 0
472 74 106 522 0 8 0
472 82 103 525 8 8 0
480 90 100 528 0 -8 0
480 82 97 531 8 -8 0
488 74 94 534 0 -8 0
488 66 91 537 0 -8 0
488 60 88 540 8 -8 0
496 60 85 543 0 -8 0
496 60 82 546 0 -8 0
496 60 79 549 8 -8 0
504 60 76 552 0 8 0
504 68 73 555 8 0 0
512 68 70 558 0 8 0
512 76 67 561 0 0 0
512 76 64 564 8 8 0
520 84 61 567 0 0 0
520 84 58 570 0 -8 0
520 76 55 573 8 0 0
528 76 52 576 0 -8 0
528 68 49 579 8 -8 0
536 60 46 582 0 -8 0
536 60 43 585 0 -8 0
536 60 40 588 8 0 0
540 60 37 591 8 -8 0
540 60 34 588 0 8 0
540 68 31 585 0 0 0
540 68 28 582 0 0 0
540 68 25 579 0 -8 0
540 60 22 576 0 0 0
540 60 19 573 0 -8 0
540 60 22 570 0 8 0
540 68 25 567 0 -8 0
540 60 28 564 0 0 0
540 60 31 561 0 0 0
540 60 34 558 0 8 0
540 68 37 555 0 0 0
540 68 40 552 0 0 0
540 68 43 549 0 8 0
540 76 46 546 0 0 0
540 76 49 543 0 8 0
540 84 52 540 0 0 0
540 84 55 537 0 -8 0
540 76 58 534 0 0 0
540 76 61 531 0 0 0
540 76 64 528 0 8 0
540 84 67 525 0 0 0
540 84 70 522 0 -8 0
540 76 73 519 0 -8 0
540 68 76 516 0 8 0
540 76 79 513 0 0 0
540 76 82 510 0 0 0
540 76 85 507 0 -8 0
540 68 88 504 0 -8 0
540 60 91 501 0 8 0
540 68 94 498 0 -8 0
540 60 97 495 0 8 0
540 68 100 492 0 0 0
540 68 103 489 -8 8 0
532 76 106 486 0 0 0
532 76 109 483 0 0 0
532 76 112 480 -8 -8 0
524 68 115 477 0 8 0
524 76 118 474 0 0 0
524 76 121 471 -8 0 0
516 76 124 468 0 -8 0
516 68 127 465 -8 -8 0
508 60 130 462 0 0 0
508 60 133 459 0 -8 0
508 60 136 456 -8 8 0
500 68 139 453 0 8 0
500 76 142 450 0 0 0
500 76 145 447 -8 -8 0
492 68 148 444 0 -8 0
492 60 151 441 -8 8 0
484 68 154 438 0 8 0
484 76 157 435 0 -8 0
484 68 160 432 -8 8 0
476 76 163 429 0 -8 0
476 68 166 426 0 0 0
476 68 169 423 -8 8 0
468 76 172 420 0 0 0
468 76 175 417 -8 0 0
460 76 178 414 0 -8 0
460 68 181 411 0 0 0
460 68 184 408 -8 8 0
452 76 187 405 0 -8 0
452 68 190 402 0 0 0
452 68 193 399 -8 -8 0
444 60 196 396 0 8 0
444 68 199 393 -8 -8 0
436 60 202 390 0 -8 0
436 60 205 387 0 -8 0
436 60 208 384 -8 8 0
428 68 211 381 0 0 0
428 68 214 378 0 8 0
428 76 217 375 -8 0 0
420 76 220 372 0 0 0
420 76 223 369 -8 0 0
412 76 226 366 0 -8 0
412 68 229 363 0 0 0
412 68 232 360 -8 8 0
404 76 235 357 0 0 0
404 76 238 354 0 0 0
404 76 241 351 -8 0 0
396 76 244 348 0 8 0
396 84 247 345 -8 -8 0
388 76 250 342 0 0 0
388 76 253 339 0 8 0
388 84 256 336 -8 8 0
380 92 259 333 0 0 0
380 92 262 330 0 8 0
380 100 265 327 -8 8 0
372 108 268 324 0 -8 0
372 100 271 321 -8 -8 0
364 92 274 318 0 8 0
364 100 277 315 0 0 0
364 100 280 312 -8 0 0
356 100 283 309 0 8 0
356 108 286 306 0 0 0
356 108 289 303 -8 0 0
348 108 292 300 0 8 0
348 116 295 297 -8 8 0
340 124 298 294 0 -8 0
340 116 301 291 0 -8 0
340 108 304 288 -8 -8 0
332 100 307 285 0 -8 0
332 92 310 282 0 0 0
332 92 313 279 -8 0 0
324 92 316 276 0 -8 0
324 84 319 273 -8 0 0
316 84 322 270 0 0 0
316 84 325 267 0 0 0
316 84 328 264 -8 0 0
308 84 331 261 0 -8 0
308 76 334 258 0 8 0
308 84 337 255 -8 8 0
300 92 340 252 0 -8 0
300 84 343 249 -8 8 0
292 92 346 246 0 8 0
292 100 349 243 0 0 0
292 100 352 240 -8 0 0
284 100 355 237 0 8 0
284 108 358 234 0 0 0
284 108 361 231 -8 8 0
276 116 364 228 0 8 0
276 124 367 225 -8 8 0
268 132 370 222 0 8 0
268 140 373 219 0 0 0
268 140 376 216 -8 -8 0
260 132 379 213 0 -8 0
260 124 382 210 0 0 0
260 124 385 207 -8 -8 0
252 116 388 204 0 -8 0
252 108 391 201 -8 -8 0
244 100 394 198 0 -8 0
244 92 397 195 0 0 0
244 92 400 192 -8 8 0
236 100 403 189 0 0 0
236 100 406 186 0 8 0
236 108 409 183 -8 -8 0
228 100 412 180 0 0 0
228 100 415 177 -8 0 0
220 100 418 174 0 0 0
220 100 421 171 0 -8 0
220 92 424 168 -8 -8 0
212 84 427 165 0 8 0
212 92 430 162 0 -8 0
212 84 433 159 -8 0 0
204 84 436 156 0 8 0
204 92 439 153 -8 0 0
196 92 442 150 0 0 0
196 92 445 147 0 8 0
196 100 448 144 -8 8 0
188 108 451 141 0 8 0
188 116 454 138 0 -8 0
188 108 457 135 -8 -8 0
180 100 460 132 0 -8 0
180 92 463 129 -8 8 0
172 100 466 126 0 8 0
172 108 469 123 0 -8 0
172 100 472 120 -8 0 0
164 100 475 117 0 8 0
164 108 478 114 0 0 0
164 108 481 111 -8 -8 0
156 100 484 108 0 8 0
156 108 487 105 -8 0 0
148 108 490 102 0 -8 0
148 100 493 99 0 8 0
148 108 496 96 -8 8 0
140 116 499 93 0 -8 0
140 108 502 90 0 8 0
140 116 505 87 -8 0 0
132 116 508 84 0 -8 0
132 108 511 81 -8 0 0
124 108 514 78 0 0 0
124 108 517 75 0 8 0
124 116 520 72 -8 -8 0
116 108 523 69 0 -8 0
116 100 526 66 0 0 0
116 100 529 63 -8 0 0
108 100 532 60 0 -8 0
108 92 535 57 -8 -8 0
100 84 538 54 0 8 0
100 92 541 51 0 0 0
100 92 544 48 -8 -8 0
92 84 547 45 0 -8 0
92 76 550 42 0 -8 0
92 68 553 39 -8 -8 0
84 60 556 36 0 0 0
84 60 559 33 -8 8 0
76 68 562 30 0 0 0
76 68 565 27 0 0 0
76 68 568 24 -8 0 0
68 68 571 21 0 8 0
68 76 574 18 0 -8 0
68 68 577 15 -8 0 0
60 68 580 12 0 8 0
60 76 583 9 -8 0 0
60 76 586 12 0 0 0
60 76 589 15 0 -8 0
60 68 592 18 0 -8 0
60 60 595 21 0 8 0
60 68 598 24 0 0 0
60 68 601 27 0 8 0
60 76 604 30 0 0 0
60 76 607 33 0 8 0
60 84 610 36 0 0 0
60 84 613 39 0 -8 0
60 76 616 42 0 0 0
60 76 619 45 0 -8 0
60 68 622 48 0 0 0
60 68 625 51 0 -8 0
60 60 628 54 0 0 0
60 60 631 57 0 -8 0
60 60 634 60 0 8 0
60 68 637 63 0 -8 0
60 60 640 66 0 -8 0
60 60 643 69 0 0 0
60 60 646 72 0 -8 0
60 60 649 75 0 0 0
60 60 652 78 0 8 0
60 68 655 81 0 -8 0
60 60 658 84 0 0 0
60 60 661 87 0 0 0
60 60 664 90 0 -8 0
60 60 667 93 0 8 0
60 68 670 96 0 -8 0
60 60 673 99 0 -8 0
60 60 676 102 0 8 0
60 68 679 105 0 8 0
60 76 682 108 0 8 0
60 84 685 111 8 8 0
68 92 688 114 0 0 0
68 92 691 117 0 8 0
68 100 694 120 8 8 0
76 108 697 123 0 0 0
76 108 700 126 0 -8 0
76 100 703 129 8 8 0
84 108 706 132 0 -8 0
84 100 709 135 8 -8 0
92 92 712 138 0 0 0
92 92 715 141 0 0 0
92 92 718 144 8 8 0
100 100 721 147 0 0 0
100 100 724 150 0 8 0
100 108 727 153 8 0 0
108 108 730 156 0 0 0
108 108 733 159 8 0 0
116 108 736 162 0 0 0
116 108 739 165 0 0 0
116 108 742 168 8 8 0
124 116 745 171 0 8 0
124 124 748 174 0 0 0
124 124 751 177 8 0 0
132 124 754 180 0 0 0
132 124 757 183 8 8 0
140 132 760 186 0 8 0
140 140 763 189 0 0 0
140 140 766 192 8 -8 0
148 132 769 195 0 8 0
148 140 772 198 0 0 0
148 140 775 201 8 0 0
156 140 778 204 0 8 0
156 148 781 207 0 0 1
156 148 781 207 0 0 1
156 148 781 207 0 0 1
156 148 781 207 0 0 1
156 148 781 207 0 0 1
