218 447 691 141 0 0 0
218 447 688 144 -8 -8 0
210 439 685 147 -8 0 0
202 439 682 150 -8 8 0
194 447 679 153 0 0 0
194 447 676 156 0 -8 0
194 439 673 159 0 8 0
194 447 670 162 0 -8 0
194 439 667 165 0 -8 0
194 431 664 168 0 8 0
194 439 661 171 0 0 0
194 439 658 174 0 -8 0
194 431 655 177 0 -8 0
194 423 652 180 0 -8 0
194 415 649 183 0 -8 0
194 407 646 186 0 0 0
194 407 643 189 0 0 0
194 407 640 192 0 8 0
194 415 637 195 0 8 0
194 423 634 198 0 -8 0
194 415 631 201 0 0 0
194 415 628 204 0 -8 0
194 407 625 207 0 -8 0
194 399 622 210 0 0 0
194 399 619 213 0 8 0
194 407 616 216 0 0 0
194 407 613 219 0 8 0
194 415 610 222 0 0 0
194 415 607 225 0 -8 0
194 407 604 228 0 0 0
194 407 601 231 0 0 0
194 407 598 234 0 8 0
194 415 595 237 0 0 0
194 415 592 240 0 8 0
194 423 589 243 0 -8 0
194 415 586 246 8 0 0
202 415 583 249 0 -8 0
202 407 580 252 0 0 0
202 407 577 255 8 -8 0
210 399 574 258 0 0 0
210 399 571 261 8 8 0
218 407 568 264 0 0 0
218 407 565 267 0 -8 0
218 399 562 270 8 8 0
226 407 559 273 0 0 0
226 407 556 276 0 8 0
226 415 553 279 8 0 0
234 415 550 282 0 -8 0
234 407 547 285 8 8 0
242 415 544 288 0 8 0
242 423 541 291 0 -8 0
242 415 538 294 8 -8 0
250 407 535 297 0 8 0
250 415 532 300 0 -8 0
250 407 529 303 8 8 0
258 415 526 306 0 -8 0
258 407 523 309 8 0 0
266 407 520 312 0 0 0
266 407 517 315 0 8 0
266 415 514 318 8 0 0
274 415 511 321 0 8 0
274 423 508 324 0 8 0
274 431 505 327 8 0 0
282 431 502 330 0 8 0
282 439 499 333 8 -8 0
290 431 496 336 0 -8 0
290 423 493 339 0 8 0
290 431 490 342 8 0 0
298 431 487 345 0 -8 0
298 423 484 348 0 8 0
298 431 481 351 8 8 0
306 439 478 354 0 0 0
306 439 475 357 8 0 0
314 439 472 360 0 -8 0
314 431 469 363 0 -8 0
314 423 466 366 8 8 0
322 431 463 369 0 0 0
322 431 460 372 0 0 0
322 431 457 375 8 -8 0
330 423 454 378 0 -8 0
330 415 451 381 8 0 0
338 415 448 384 0 -8 0
338 407 445 387 0 0 0
338 407 442 390 8 0 0
346 407 439 393 0 0 0
346 407 436 396 0 -8 0
346 399 433 399 8 8 0
354 407 430 402 0 -8 0
354 399 427 405 8 -8 0
362 391 424 408 0 0 0
362 391 421 411 0 0 0
362 391 418 414 8 8 0
370 399 415 417 0 8 0
370 407 412 420 0 0 0
370 407 409 423 8 -8 0
378 399 406 426 0 8 0
378 407 403 429 8 -8 0
386 399 400 432 0 -8 0
386 391 397 435 0 8 0
386 399 394 438 8 8 0
394 407 391 441 0 8 0
394 415 388 444 0 0 0
394 415 385 447 8 8 0
402 423 382 450 0 8 0
402 431 379 453 8 0 0
410 431 376 456 0 0 0
410 431 373 459 0 -8 0
410 423 370 462 8 8 0
418 431 367 465 0 8 0
418 439 364 468 0 0 0
418 439 361 471 8 -8 0
426 431 358 474 0 8 0
426 439 355 477 8 0 0
434 439 352 480 0 0 0
434 439 349 483 0 8 0
434 447 346 486 8 0 0
442 447 343 489 0 -8 0
442 439 340 492 0 -8 0
442 431 337 495 8 -8 0
450 423 334 498 0 0 0
450 423 331 501 8 0 0
458 423 328 504 0 -8 0
458 415 325 507 0 8 0
458 423 322 510 8 0 0
466 423 319 513 0 0 0
466 423 316 516 0 0 0
466 423 313 519 8 0 0
474 423 310 522 0 8 0
474 431 307 525 8 8 0
482 439 304 528 0 -8 0
482 431 301 531 0 -8 0
482 423 298 534 8 8 0
490 431 295 537 0 0 0
490 431 292 540 0 -8 0
490 423 289 543 8 0 0
498 423 286 546 0 0 0
498 423 283 549 8 0 0
506 423 280 552 0 -8 0
506 415 277 555 0 -8 0
506 407 274 558 8 -8 0
514 399 271 561 0 -8 0
514 391 268 564 0 -8 0
514 383 265 567 8 0 0
522 383 262 570 0 0 0
522 383 259 573 8 0 0
530 383 256 576 0 8 0
530 391 253 579 0 8 0
530 399 250 582 8 -8 0
538 391 247 585 0 -8 0
538 383 244 588 0 -8 0
538 375 241 591 8 -8 0
540 367 238 588 0 8 0
540 375 235 585 0 8 0
540 383 232 582 0 8 0
540 391 229 579 0 0 0
540 391 226 576 0 0 0
540 391 223 573 0 -8 0
540 383 220 570 0 -8 0
540 375 217 567 0 -8 0
540 367 214 564 0 0 0
540 367 211 561 0 8 0
540 375 208 558 0 -8 0
540 367 205 555 0 8 0
540 375 202 552 0 0 0
540 375 199 549 0 0 0
540 375 196 546 0 -8 0
540 367 193 543 0 -8 0
540 359 190 540 0 8 0
540 367 187 537 0 0 0
540 367 184 534 0 8 0
540 375 181 531 0 0 0
540 375 178 528 0 8 0
540 383 175 525 0 -8 0
540 375 172 522 0 -8 0
540 367 169 519 0 -8 0
540 359 166 516 0 8 0
540 367 163 513 0 8 0
540 375 160 510 0 8 0
540 383 157 507 0 8 0
540 391 154 504 0 8 0
540 399 151 501 0 0 0
540 399 148 498 0 0 0
540 399 145 495 0 -8 0
540 391 142 492 0 -8 0
540 383 139 489 -8 -8 0
532 375 136 486 0 0 0
532 375 133 483 0 0 0
532 375 130 480 -8 -8 0
524 367 127 477 0 -8 0
524 359 124 474 0 0 0
524 359 121 471 -8 8 0
516 367 118 468 0 0 0
516 367 115 465 -8 0 0
508 367 112 462 0 8 0
508 375 109 459 0 0 0
508 375 106 456 -8 -8 0
500 367 103 453 0 8 0
500 375 100 450 0 0 0
500 375 97 447 -8 0 0
492 375 94 444 0 0 0
492 375 91 441 -8 0 0
484 375 88 438 0 -8 0
484 367 85 435 0 0 0
484 367 82 432 -8 -8 0
476 359 79 429 0 0 0
476 359 76 426 0 0 0
476 359 73 423 -8 -8 0
468 351 70 420 0 -8 0
468 343 67 417 -8 0 0
460 343 64 414 0 -8 0
460 335 61 411 0 8 0
460 343 58 408 -8 0 0
452 343 55 405 0 8 0
452 351 52 402 0 8 0
452 359 49 399 -8 -8 0
444 351 46 396 0 -8 0
444 343 43 393 -8 8 0
436 351 40 390 0 0 0
436 351 37 387 0 0 0
436 351 34 384 -8 -8 0
428 343 31 381 0 0 0
428 343 28 378 0 8 0
428 351 25 375 -8 8 0
420 359 22 372 0 8 0
420 367 19 369 0 0 1
420 367 19 369 0 0 1
420 367 19 369 0 0 1
420 367 19 369 0 0 1
420 367 19 369 0 0 1
