227 181 178 183 0 0 0
227 181 175 186 0 -8 0
227 173 172 189 0 8 0
227 181 169 192 0 -8 0
227 173 166 195 0 0 0
227 173 163 198 0 0 0
227 173 160 201 0 -8 0
227 165 157 204 0 8 0
227 173 154 207 0 -8 0
227 165 151 210 0 0 0
227 165 148 213 0 -8 0
227 157 145 216 0 0 0
227 157 142 219 0 8 0
227 165 139 222 0 -8 0
227 157 136 225 0 0 0
227 157 133 228 0 8 0
227 165 130 231 0 8 0
227 173 127 234 0 0 0
227 173 124 237 0 -8 0
227 165 121 240 0 -8 0
227 157 118 243 0 -8 0
227 149 115 246 0 -8 0
227 141 112 249 0 0 0
227 141 109 252 0 -8 0
227 133 106 255 0 0 0
227 133 103 258 0 8 0
227 141 100 261 0 -8 0
227 133 97 264 0 0 0
227 133 94 267 0 0 0
227 133 91 270 0 8 0
227 141 88 273 0 -8 0
227 133 85 276 0 0 0
227 133 82 279 8 -8 0
235 125 79 282 0 -8 0
235 117 76 285 0 -8 0
235 109 73 288 8 0 0
243 109 70 291 0 8 0
243 117 67 294 8 8 0
251 125 64 297 0 0 0
251 125 61 300 0 8 0
251 133 58 303 8 -8 0
259 125 55 306 0 8 0
259 133 52 309 0 8 0
259 141 49 312 8 8 0
267 149 46 315 0 8 0
267 157 43 318 8 0 0
275 157 40 321 0 0 0
275 157 37 324 0 8 0
275 165 34 327 8 0 0
283 165 31 330 0 0 0
283 165 28 333 0 8 0
283 173 25 336 8 0 0
291 173 22 339 0 -8 0
291 165 19 342 0 0 1
291 165 19 342 0 0 1
291 165 19 342 0 0 1
291 165 19 342 0 0 1
291 165 19 342 0 0 1
