446 285 478 246 0 0 0
446 285 481 243 -8 -8 0
438 277 484 240 -8 0 0
430 277 487 237 -8 -8 0
422 269 490 234 -8 8 0
414 277 493 231 -8 8 0
406 285 496 228 -8 0 0
398 285 499 225 -8 0 0
390 285 502 222 -8 0 0
382 285 505 219 -8 8 0
374 293 508 216 -8 0 0
366 293 511 213 -8 8 0
358 301 514 210 -8 0 0
350 301 517 207 -8 0 0
342 301 520 204 -8 0 0
334 301 523 201 -8 0 0
326 301 526 198 -8 8 0
318 309 529 195 -8 0 0
310 309 532 192 -8 0 0
302 309 535 189 -8 -8 0
294 301 538 186 -8 0 0
286 301 541 183 -8 -8 0
278 293 544 180 -8 8 0
270 301 547 177 -8 8 0
262 309 550 174 -8 0 0
254 309 553 171 -8 8 0
246 317 556 168 -8 0 0
238 317 559 165 -8 8 0
230 325 562 162 -8 0 0
222 325 565 159 -8 8 0
214 333 568 156 -8 0 0
206 333 571 153 -8 8 0
198 341 574 150 0 0 0
198 341 577 147 -8 0 0
190 341 580 144 0 0 0
190 341 583 141 0 0 0
190 341 586 138 -8 0 0
182 341 589 135 0 0 0
182 341 592 132 0 0 0
182 341 595 129 -8 8 0
174 349 598 126 0 -8 0
174 341 601 123 -8 -8 0
166 333 604 120 0 0 0
166 333 607 117 0 8 0
166 341 610 114 -8 8 0
158 349 613 111 0 0 0
158 349 616 108 0 0 0
158 349 619 105 -8 8 0
150 357 622 102 0 0 0
150 357 625 99 -8 8 0
142 365 628 96 0 8 0
142 373 631 93 0 0 0
142 373 634 90 -8 -8 0
134 365 637 87 0 8 0
134 373 640 84 0 -8 0
134 365 643 81 -8 -8 0
126 357 646 78 0 8 0
126 365 649 75 -8 -8 0
118 357 652 72 0 0 0
118 357 655 69 0 -8 0
118 349 658 66 -8 8 0
110 357 661 63 0 0 0
110 357 664 60 0 8 0
110 365 667 57 -8 8 0
102 373 670 54 0 0 0
102 373 673 51 -8 0 0
94 373 676 48 0 8 0
94 381 679 45 0 8 0
94 389 682 42 -8 0 0
86 389 685 39 0 0 0
86 389 688 36 0 8 0
86 397 691 33 -8 0 0
78 397 694 30 0 -8 0
78 389 697 27 -8 0 0
70 389 700 24 0 8 0
70 397 703 21 0 8 0
70 405 706 18 -8 8 0
62 413 709 15 0 8 0
62 421 712 12 0 -8 0
62 413 715 9 -8 8 0
60 421 718 12 0 -8 0
60 413 721 15 0 -8 0
60 405 724 18 0 8 0
60 413 727 21 0 8 0
60 421 730 24 0 8 0
60 429 733 27 0 -8 0
60 421 736 30 0 -8 0
60 413 739 33 0 -8 0
60 405 742 36 0 0 0
60 405 745 39 0 0 0
60 405 748 42 0 0 0
60 405 751 45 0 -8 0
60 397 754 48 0 0 0
60 397 757 51 0 -8 0
60 389 760 54 0 -8 0
60 381 763 57 0 8 0
60 389 766 60 0 8 0
60 397 769 63 0 -8 0
60 389 772 66 0 0 0
60 389 775 69 0 -8 0
60 381 778 72 0 8 0
60 389 781 75 0 0 1
60 389 781 75 0 0 1
60 389 781 75 0 0 1
60 389 781 75 0 0 1
60 389 781 75 0 0 1
