154 379 226 372 0 0 0
154 379 229 375 8 0 0
162 379 232 378 8 8 0
170 387 235 381 8 0 0
178 387 238 384 8 0 0
186 387 241 387 8 8 0
194 395 244 390 8 0 0
202 395 247 393 8 -8 0
210 387 250 396 8 0 0
218 387 253 399 8 8 0
226 395 256 402 8 -8 0
234 387 259 405 8 0 0
242 387 262 408 8 8 0
250 395 265 411 8 -8 0
258 387 268 414 8 8 0
266 395 271 417 8 -8 0
274 387 274 420 8 8 0
282 395 277 423 8 8 0
290 403 280 426 8 8 0
298 411 283 429 8 -8 0
306 403 286 432 8 -8 0
314 395 289 435 8 8 0
322 403 292 438 8 -8 0
330 395 295 441 8 0 0
338 395 298 444 8 0 0
346 395 301 447 8 -8 0
354 387 304 450 8 -8 0
362 379 307 453 8 8 0
370 387 310 456 8 8 0
378 395 313 459 8 0 0
386 395 316 462 8 0 0
394 395 319 465 8 8 0
402 403 322 468 8 -8 0
410 395 325 471 8 8 0
418 403 328 474 8 -8 0
426 395 331 477 8 -8 0
434 387 334 480 0 -8 0
434 379 337 483 0 8 0
434 387 340 486 8 8 0
442 395 343 489 0 -8 0
442 387 346 492 0 -8 0
442 379 349 495 8 8 0
450 387 352 498 0 8 0
450 395 355 501 8 -8 0
458 387 358 504 0 -8 0
458 379 361 507 0 0 0
458 379 364 510 8 0 0
466 379 367 513 0 8 0
466 387 370 516 0 0 0
466 387 373 519 8 8 0
474 395 376 522 0 0 0
474 395 379 525 8 -8 0
482 387 382 528 0 8 0
482 395 385 531 0 0 0
482 395 388 534 8 0 0
490 395 391 537 0 -8 0
490 387 394 540 0 0 0
490 387 397 543 8 0 0
498 387 400 546 0 -8 0
498 379 403 549 8 0 0
506 379 406 552 0 0 0
506 379 409 555 0 0 0
506 379 412 558 8 8 0
514 387 415 561 0 8 0
514 395 418 564 0 -8 0
514 387 421 567 8 8 0
522 395 424 570 0 -8 0
522 387 427 573 8 0 0
530 387 430 576 0 0 0
530 387 433 579 0 8 0
530 395 436 582 8 8 0
538 403 439 585 0 0 0
538 403 442 588 0 0 0
538 403 445 591 8 -8 0
540 395 448 588 0 8 0
540 403 451 585 0 0 0
540 403 454 582 0 0 0
540 403 457 579 0 -8 0
540 395 460 576 0 8 0
540 403 463 573 0 -8 0
540 395 466 570 0 8 0
540 403 469 567 0 8 0
540 411 472 564 0 -8 0
540 403 475 561 0 0 0
540 403 478 558 0 8 0
540 411 481 555 0 -8 0
540 403 484 552 0 0 0
540 403 487 549 0 8 0
540 411 490 546 0 8 0
540 419 493 543 0 8 0
540 427 496 540 0 0 0
540 427 499 537 0 0 0
540 427 502 534 0 0 0
540 427 505 531 0 8 0
540 435 508 528 0 0 0
540 435 511 525 0 8 0
540 443 514 522 0 -8 0
540 435 517 519 0 8 0
540 443 520 516 0 -8 0
540 435 523 513 0 8 0
540 443 526 510 0 8 0
540 451 529 507 0 0 0
540 451 532 504 0 8 0
540 459 535 501 0 8 0
540 467 538 498 0 8 0
540 475 541 495 0 0 0
540 475 544 492 0 8 0
540 483 547 489 -8 -8 0
532 475 550 486 0 0 0
532 475 553 483 0 8 0
532 483 556 480 -8 8 0
524 491 559 477 0 8 0
524 499 562 474 0 8 0
524 507 565 471 -8 8 0
516 515 568 468 0 0 0
516 515 571 465 -8 -8 0
508 507 574 462 0 8 0
508 515 577 459 0 0 0
508 515 580 456 -8 8 0
500 523 583 453 0 0 0
500 523 586 450 0 8 0
500 531 589 447 -8 8 0
492 539 592 444 0 -8 0
492 531 595 441 -8 -8 0
484 523 598 438 0 -8 0
484 515 601 435 0 -8 0
484 507 604 432 -8 8 0
476 515 607 429 0 -8 0
476 507 610 426 0 0 0
476 507 613 423 -8 8 0
468 515 616 420 0 -8 0
468 507 619 417 -8 -8 0
460 499 622 414 0 8 0
460 507 625 411 0 -8 0
460 499 628 408 -8 -8 0
452 491 631 405 0 8 0
452 499 634 402 0 0 0
452 499 637 399 -8 0 0
444 499 640 396 0 0 0
444 499 643 393 -8 -8 0
436 491 646 390 0 -8 0
436 483 649 387 0 8 0
436 491 652 384 -8 0 0
428 491 655 381 0 0 0
428 491 658 378 0 8 0
428 499 661 375 -8 8 0
420 507 664 372 0 -8 0
420 499 667 369 -8 0 0
412 499 670 366 0 -8 0
412 491 673 363 0 8 0
412 499 676 360 -8 -8 0
404 491 679 357 0 8 0
404 499 682 354 0 0 0
404 499 685 351 -8 8 0
396 507 688 348 0 -8 0
396 499 691 345 -8 -8 0
388 491 694 342 0 8 0
388 499 697 339 0 8 0
388 507 700 336 -8 -8 0
380 499 703 333 0 -8 0
380 491 706 330 0 0 0
380 491 709 327 -8 8 0
372 499 712 324 0 8 0
372 507 715 321 -8 8 0
364 515 718 318 0 -8 0
364 507 721 315 0 0 0
364 507 724 312 -8 0 0
356 507 727 309 0 8 0
356 515 730 306 0 8 0
356 523 733 303 -8 8 0
348 531 736 300 0 0 0
348 531 739 297 -8 -8 0
340 523 742 294 0 -8 0
340 515 745 291 0 -8 0
340 507 748 288 -8 8 0
332 515 751 285 0 -8 0
332 507 754 282 0 0 0
332 507 757 279 -8 8 0
324 515 760 276 0 0 0
324 515 763 273 -8 -8 0
316 507 766 270 0 8 0
316 515 769 267 0 8 0
316 523 772 264 -8 0 0
308 523 775 261 0 0 0
308 523 778 258 0 8 0
308 531 781 255 0 0 1
308 531 781 255 0 0 1
308 531 781 255 0 0 1
308 531 781 255 0 0 1
308 531 781 255 0 0 1
