300 299 268 246 0 0 0
300 299 271 249 -8 -8 0
292 291 274 252 0 8 0
292 299 277 255 0 -8 0
292 291 280 258 0 0 0
292 291 283 261 0 0 0
292 291 286 264 0 0 0
292 291 289 267 0 -8 0
292 283 292 270 0 0 0
292 283 295 273 0 8 0
292 291 298 276 0 8 0
292 299 301 279 0 0 0
292 299 304 282 0 0 0
292 299 307 285 0 -8 0
292 291 310 288 0 0 0
292 291 313 291 0 0 0
292 291 316 294 0 8 0
292 299 319 297 0 0 0
292 299 322 300 0 0 0
292 299 325 303 0 0 0
292 299 328 306 0 0 0
292 299 331 309 0 -8 0
292 291 334 312 0 8 0
292 299 337 315 0 8 0
292 307 340 318 0 8 0
292 315 343 321 0 -8 0
292 307 346 324 0 -8 0
292 299 349 327 0 -8 0
292 291 352 330 0 8 0
292 299 355 333 0 -8 0
292 291 358 336 0 8 0
292 299 361 339 0 -8 0
292 291 364 342 0 8 0
292 299 367 345 8 0 0
300 299 370 348 0 8 0
300 307 373 351 8 8 0
308 315 376 354 0 0 0
308 315 379 357 0 0 0
308 315 382 360 8 0 0
316 315 385 363 0 0 0
316 315 388 366 0 8 0
316 323 391 369 8 8 0
324 331 394 372 0 0 0
324 331 397 375 8 0 0
332 331 400 378 0 0 0
332 331 403 381 0 -8 0
332 323 406 384 8 -8 0
340 315 409 387 0 8 0
340 323 412 390 0 8 0
340 331 415 393 8 8 0
348 339 418 396 0 8 0
348 347 421 399 8 8 0
356 355 424 402 0 -8 0
356 347 427 405 0 8 0
356 355 430 408 8 0 0
364 355 433 411 0 -8 0
364 347 436 414 0 8 0
364 355 439 417 8 8 0
372 363 442 420 0 0 0
372 363 445 423 8 8 0
380 371 448 426 0 8 0
380 379 451 429 0 8 0
380 387 454 432 8 -8 0
388 379 457 435 0 8 0
388 387 460 438 0 -8 0
388 379 463 441 8 8 0
396 387 466 444 0 -8 0
396 379 469 447 8 8 0
404 387 472 450 0 0 0
404 387 475 453 0 -8 0
404 379 478 456 8 0 0
412 379 481 459 0 8 0
412 387 484 462 0 0 0
412 387 487 465 8 8 0
420 395 490 468 0 8 0
420 403 493 471 8 0 0
428 403 496 474 0 0 0
428 403 499 477 0 8 0
428 411 502 480 8 0 0
436 411 505 483 0 -8 0
436 403 508 486 0 0 0
436 403 511 489 8 -8 0
444 395 514 492 0 8 0
444 403 517 495 8 -8 0
452 395 520 498 0 0 0
452 395 523 501 0 0 0
452 395 526 504 8 -8 0
460 387 529 507 0 8 0
460 395 532 510 0 0 0
460 395 535 513 8 0 0
468 395 538 516 0 0 0
468 395 541 519 8 0 0
476 395 544 522 0 -8 0
476 387 547 525 0 0 0
476 387 550 528 8 0 0
484 387 553 531 0 8 0
484 395 556 534 0 0 0
484 395 559 537 8 0 0
492 395 562 540 0 0 0
492 395 565 543 8 0 0
500 395 568 546 0 8 0
500 403 571 549 0 0 0
500 403 574 552 8 -8 0
508 395 577 555 0 0 0
508 395 580 558 0 -8 0
508 387 583 561 8 -8 0
516 379 586 564 0 8 0
516 387 589 567 8 -8 0
524 379 592 570 0 8 0
524 387 595 573 0 0 0
524 387 598 576 8 -8 0
532 379 601 579 0 -8 0
532 371 604 582 0 8 0
532 379 607 585 8 0 0
540 379 610 588 0 0 0
540 379 613 591 8 -8 0
540 371 616 588 0 8 0
540 379 619 585 0 -8 0
540 371 622 582 0 8 0
540 379 625 579 0 8 0
540 387 628 576 0 8 0
540 395 631 573 0 -8 0
540 387 634 570 0 0 0
540 387 637 567 0 8 0
540 395 640 564 0 -8 0
540 387 643 561 0 -8 0
540 379 646 558 0 8 0
540 387 649 555 0 -8 0
540 379 652 552 0 -8 0
540 371 655 549 0 -8 0
540 363 658 546 0 -8 0
540 355 661 543 0 8 0
540 363 664 540 0 8 0
540 371 667 537 0 -8 0
540 363 670 534 0 0 0
540 363 673 531 0 8 0
540 371 676 528 0 -8 0
540 363 679 525 0 0 0
540 363 682 522 0 -8 0
540 355 685 519 0 0 0
540 355 688 516 0 -8 0
540 347 691 513 0 0 0
540 347 694 510 0 8 0
540 355 697 507 0 -8 0
540 347 700 504 0 -8 0
540 339 703 501 0 8 0
540 347 706 498 0 8 0
540 355 709 495 0 8 0
540 363 712 492 0 -8 0
540 355 715 489 -8 0 0
532 355 718 486 0 -8 0
532 347 721 483 0 -8 0
532 339 724 480 -8 0 0
524 339 727 477 0 0 0
524 339 730 474 0 0 0
524 339 733 471 -8 0 0
516 339 736 468 0 0 0
516 339 739 465 -8 -8 0
508 331 742 462 0 8 0
508 339 745 459 0 -8 0
508 331 748 456 -8 -8 0
500 323 751 453 0 8 0
500 331 754 450 0 -8 0
500 323 757 447 -8 8 0
492 331 760 444 0 0 0
492 331 763 441 -8 0 0
484 331 766 438 0 8 0
484 339 769 435 0 -8 0
484 331 772 432 -8 8 0
476 339 775 429 0 8 0
476 347 778 426 0 -8 0
476 339 781 423 0 0 1
476 339 781 423 0 0 1
476 339 781 423 0 0 1
476 339 781 423 0 0 1
476 339 781 423 0 0 1
