484 151 346 264 0 0 0
484 151 349 267 -8 0 0
476 151 352 270 -8 8 0
468 159 355 273 -8 -8 0
460 151 358 276 -8 8 0
452 159 361 279 -8 0 0
444 159 364 282 -8 -8 0
436 151 367 285 -8 -8 0
428 143 370 288 -8 -8 0
420 135 373 291 -8 0 0
412 135 376 294 -8 -8 0
404 127 379 297 -8 8 0
396 135 382 300 -8 -8 0
388 127 385 303 -8 8 0
380 135 388 306 -8 0 0
372 135 391 309 -8 0 0
364 135 394 312 -8 -8 0
356 127 397 315 0 -8 0
356 119 400 318 0 -8 0
356 111 403 321 0 -8 0
356 103 406 324 0 8 0
356 111 409 327 0 8 0
356 119 412 330 0 0 0
356 119 415 333 0 8 0
356 127 418 336 0 0 0
356 127 421 339 0 8 0
356 135 424 342 0 8 0
356 143 427 345 0 0 0
356 143 430 348 0 -8 0
356 135 433 351 0 8 0
356 143 436 354 0 -8 0
356 135 439 357 0 0 0
356 135 442 360 0 0 0
356 135 445 363 0 8 0
356 143 448 366 0 -8 0
356 135 451 369 0 0 0
356 135 454 372 0 8 0
356 143 457 375 0 8 0
356 151 460 378 0 0 0
356 151 463 381 0 8 0
356 159 466 384 0 0 0
356 159 469 387 0 8 0
356 167 472 390 0 8 0
356 175 475 393 0 -8 0
356 167 478 396 0 -8 0
356 159 481 399 0 8 0
356 167 484 402 0 0 0
356 167 487 405 0 0 0
356 167 490 408 8 8 0
364 175 493 411 0 8 0
364 183 496 414 0 -8 0
364 175 499 417 8 8 0
372 183 502 420 0 -8 0
372 175 505 423 8 0 0
380 175 508 426 0 0 0
380 175 511 429 0 0 0
380 175 514 432 8 8 0
388 183 517 435 0 -8 0
388 175 520 438 0 -8 0
388 167 523 441 8 -8 0
396 159 526 444 0 0 0
396 159 529 447 8 0 0
404 159 532 450 0 0 0
404 159 535 453 0 0 0
404 159 538 456 8 8 0
412 167 541 459 0 -8 0
412 159 544 462 0 0 0
412 159 547 465 8 8 0
420 167 550 468 0 0 0
420 167 553 471 8 8 0
428 175 556 474 0 -8 0
428 167 559 477 0 0 0
428 167 562 480 8 0 0
436 167 565 483 0 8 0
436 175 568 486 0 8 0
436 183 571 489 8 0 0
444 183 574 492 0 8 0
444 191 577 495 8 8 0
452 199 580 498 0 0 0
452 199 583 501 0 -8 0
452 191 586 504 8 8 0
460 199 589 507 0 -8 0
460 191 592 510 0 -8 0
460 183 595 513 8 8 0
468 191 598 516 0 8 0
468 199 601 519 8 8 0
476 207 604 522 0 -8 0
476 199 607 525 0 8 0
476 207 610 528 8 0 0
484 207 613 531 0 0 0
484 207 616 534 0 8 0
484 215 619 537 8 8 0
492 223 622 540 0 8 0
492 231 625 543 8 -8 0
500 223 628 546 0 -8 0
500 215 631 549 0 8 0
500 223 634 552 8 0 0
508 223 637 555 0 -8 0
508 215 640 558 0 0 0
508 215 643 561 8 8 0
516 223 646 564 0 -8 0
516 215 649 567 8 8 0
524 223 652 570 0 0 0
524 223 655 573 0 -8 0
524 215 658 576 8 8 0
532 223 661 579 0 -8 0
532 215 664 582 0 8 0
532 223 667 585 8 0 0
540 223 670 588 0 0 0
540 223 673 591 8 0 0
540 223 676 588 0 8 0
540 231 679 585 0 0 0
540 231 682 582 0 0 0
540 231 685 579 0 0 0
540 231 688 576 0 0 0
540 231 691 573 0 -8 0
540 223 694 570 0 8 0
540 231 697 567 0 -8 0
540 223 700 564 0 8 0
540 231 703 561 0 8 0
540 239 706 558 0 8 0
540 247 709 555 0 8 0
540 255 712 552 0 0 0
540 255 715 549 0 8 0
540 263 718 546 0 8 0
540 271 721 543 0 0 0
540 271 724 540 0 0 0
540 271 727 537 0 -8 0
540 263 730 534 0 8 0
540 271 733 531 0 -8 0
540 263 736 528 0 -8 0
540 255 739 525 0 8 0
540 263 742 522 0 -8 0
540 255 745 519 0 0 0
540 255 748 516 0 -8 0
540 247 751 513 0 8 0
540 255 754 510 0 8 0
540 263 757 507 0 0 0
540 263 760 504 0 -8 0
540 255 763 501 0 0 0
540 255 766 498 0 0 0
540 255 769 495 0 0 0
540 255 772 492 0 -8 0
540 247 775 489 -8 8 0
532 255 778 486 0 0 0
532 255 781 483 0 0 1
532 255 781 483 0 0 1
532 255 781 483 0 0 1
532 255 781 483 0 0 1
532 255 781 483 0 0 1
