185 537 157 201 0 0 0
185 537 154 198 0 -8 0
185 529 151 195 0 8 0
185 537 148 192 0 0 0
185 537 145 189 0 0 0
185 537 142 186 0 0 0
185 537 139 183 0 0 0
185 537 136 180 0 0 0
185 537 133 177 0 8 0
185 540 130 174 0 0 0
185 540 127 171 0 0 0
185 540 124 168 0 0 0
185 540 121 165 0 8 0
185 540 118 162 0 8 0
185 540 115 159 0 8 0
185 540 112 156 0 0 0
185 540 109 153 0 8 0
185 540 106 150 0 -8 0
185 532 103 147 0 -8 0
185 524 100 144 0 -8 0
185 516 97 141 0 8 0
185 524 94 138 0 -8 0
185 516 91 135 0 8 0
185 524 88 132 -8 8 0
177 532 85 129 0 8 0
177 540 82 126 -8 -8 0
169 532 79 123 0 -8 0
169 524 76 120 0 -8 0
169 516 73 117 -8 8 0
161 524 70 114 0 0 0
161 524 67 111 0 -8 0
161 516 64 108 -8 8 0
153 524 61 105 0 -8 0
153 516 58 102 -8 8 0
145 524 55 99 0 0 0
145 524 52 96 0 -8 0
145 516 49 93 -8 0 0
137 516 46 90 0 0 0
137 516 43 87 0 8 0
137 524 40 84 -8 -8 0
129 516 37 81 0 -8 0
129 508 34 78 -8 -8 0
121 500 31 75 0 -8 0
121 492 28 72 0 8 0
121 500 25 69 -8 0 0
113 500 22 66 0 8 0
113 508 19 63 0 8 0
113 516 22 60 -8 0 0
105 516 25 57 0 8 0
105 524 28 54 -8 8 0
97 532 31 51 0 8 0
97 540 34 48 0 -8 0
97 532 37 45 -8 8 0
89 540 40 42 0 8 0
89 540 43 39 0 8 0
89 540 46 36 -8 -8 0
81 532 49 33 0 -8 0
81 524 52 30 -8 -8 0
73 516 55 27 0 8 0
73 524 58 24 0 -8 0
73 516 61 21 -8 0 0
65 516 64 18 0 -8 0
65 508 67 15 0 -8 0
65 500 70 12 -8 8 0
60 508 73 9 -8 0 0
60 508 76 12 0 8 0
60 516 79 15 0 0 0
60 516 82 18 0 8 0
60 524 85 21 0 0 0
60 524 88 24 0 -8 0
60 516 91 27 0 0 0
60 516 94 30 0 0 0
60 516 97 33 0 8 0
60 524 100 36 0 -8 0
60 516 103 39 0 -8 0
60 508 106 42 0 8 0
60 516 109 45 0 8 0
60 524 112 48 0 8 0
60 532 115 51 0 -8 0
60 524 118 54 0 -8 0
60 516 121 57 0 0 0
60 516 124 60 0 0 0
60 516 127 63 0 0 0
60 516 130 66 0 8 0
60 524 133 69 0 -8 0
60 516 136 72 0 0 0
60 516 139 75 0 8 0
60 524 142 78 0 -8 0
60 516 145 81 0 8 0
60 524 148 84 0 -8 0
60 516 151 87 0 -8 0
60 508 154 90 0 -8 0
60 500 157 93 0 -8 0
60 492 160 96 0 -8 0
60 484 163 99 0 8 0
60 492 166 102 0 0 0
60 492 169 105 0 0 0
60 492 172 108 0 8 0
60 500 175 111 8 8 0
68 508 178 114 0 -8 0
68 500 181 117 0 -8 0
68 492 184 120 8 -8 0
76 484 187 123 0 -8 0
76 476 190 126 0 8 0
76 484 193 129 8 -8 0
84 476 196 132 0 0 0
84 476 199 135 8 8 0
92 484 202 138 0 8 0
92 492 205 141 0 8 0
92 500 208 144 8 -8 0
100 492 211 147 0 -8 0
100 484 214 150 0 0 0
100 484 217 153 8 8 0
108 492 220 156 0 -8 0
108 484 223 159 8 8 0
116 492 226 162 0 8 0
116 500 229 165 0 8 0
116 508 232 168 8 0 0
124 508 235 171 0 -8 0
124 500 238 174 0 -8 0
124 492 241 177 8 0 0
132 492 244 180 0 8 0
132 500 247 183 8 8 0
140 508 250 186 0 -8 0
140 500 253 189 0 -8 0
140 492 256 192 8 -8 0
148 484 259 195 0 0 0
148 484 262 198 0 8 0
148 492 265 201 8 0 0
156 492 268 204 0 8 0
156 500 271 207 8 8 0
164 508 274 210 0 8 0
164 516 277 213 0 -8 0
164 508 280 216 8 8 0
172 516 283 219 0 0 0
172 516 286 222 0 8 0
172 524 289 225 8 0 0
180 524 292 228 0 8 0
180 532 295 231 8 0 0
188 532 298 234 0 -8 0
188 524 301 237 0 -8 0
188 516 304 240 8 0 0
196 516 307 243 0 0 0
196 516 310 246 0 -8 0
196 508 313 249 8 0 0
204 508 316 252 0 -8 0
204 500 319 255 8 0 0
212 500 322 258 0 -8 0
212 492 325 261 0 0 0
212 492 328 264 8 8 0
220 500 331 267 0 8 0
220 508 334 270 0 -8 0
220 500 337 273 8 -8 0
228 492 340 276 0 0 0
228 492 343 279 8 -8 0
236 484 346 282 0 -8 0
236 476 349 285 0 -8 0
236 468 352 288 8 -8 0
244 460 355 291 0 -8 0
244 452 358 294 0 8 0
244 460 361 297 8 -8 0
252 452 364 300 0 0 0
252 452 367 303 8 -8 0
260 444 370 306 0 0 0
260 444 373 309 0 -8 0
260 436 376 312 8 8 0
268 444 379 315 0 0 0
268 444 382 318 0 8 0
268 452 385 321 8 0 0
276 452 388 324 0 8 0
276 460 391 327 8 8 0
284 468 394 330 0 0 0
284 468 397 333 0 -8 0
284 460 400 336 8 8 0
292 468 403 339 0 8 0
292 476 406 342 0 0 0
292 476 409 345 8 8 0
300 484 412 348 0 8 0
300 492 415 351 8 8 0
308 500 418 354 0 -8 0
308 492 421 357 0 8 0
308 500 424 360 8 -8 0
316 492 427 363 0 0 0
316 492 430 366 0 0 0
316 492 433 369 8 8 0
324 500 436 372 0 8 0
324 508 439 375 8 0 0
332 508 442 378 0 0 0
332 508 445 381 0 -8 0
332 500 448 384 8 -8 0
340 492 451 387 0 8 0
340 500 454 390 0 8 0
340 508 457 393 8 8 0
348 516 460 396 0 8 0
348 524 463 399 8 0 0
356 524 466 402 0 0 0
356 524 469 405 0 -8 0
356 516 472 408 8 -8 0
364 508 475 411 0 0 0
364 508 478 414 0 0 0
364 508 481 417 8 0 0
372 508 484 420 0 -8 0
372 500 487 423 8 -8 0
380 492 490 426 0 -8 0
380 484 493 429 0 -8 0
380 476 496 432 8 0 0
388 476 499 435 0 8 0
388 484 502 438 0 -8 0
388 476 505 441 8 8 0
396 484 508 444 0 0 0
396 484 511 447 8 8 0
404 492 514 450 0 0 0
404 492 517 453 0 -8 0
404 484 520 456 8 8 0
412 492 523 459 0 0 0
412 492 526 462 0 -8 0
412 484 529 465 8 -8 0
420 476 532 468 0 8 0
420 484 535 471 8 8 0
428 492 538 474 0 0 0
428 492 541 477 0 -8 0
428 484 544 480 8 -8 0
436 476 547 483 0 -8 0
436 468 550 486 0 8 0
436 476 553 489 8 0 0
444 476 556 492 0 8 0
444 484 559 495 8 -8 0
452 476 562 498 0 0 0
452 476 565 501 0 0 0
452 476 568 504 8 8 0
460 484 571 507 0 8 0
460 492 574 510 0 0 0
460 492 577 513 8 0 0
468 492 580 516 0 8 0
468 500 583 519 8 8 0
476 508 586 522 0 0 0
476 508 589 525 0 -8 0
476 500 592 528 8 0 0
484 500 595 531 0 0 0
484 500 598 534 0 -8 0
484 492 601 537 8 -8 0
492 484 604 540 0 0 0
492 484 607 543 8 -8 0
500 476 610 546 0 8 0
500 484 613 549 0 -8 0
500 476 616 552 8 8 0
508 484 619 555 0 0 0
508 484 622 558 0 -8 0
508 476 625 561 8 8 0
516 484 628 564 0 -8 0
516 476 631 567 8 8 0
524 484 634 570 0 0 0
524 484 637 573 0 0 0
524 484 640 576 8 8 0
532 492 643 579 0 0 0
532 492 646 582 0 0 0
532 492 649 585 8 -8 0
540 484 652 588 0 8 0
540 492 655 591 8 8 0
540 500 658 588 0 -8 0
540 492 661 585 0 -8 0
540 484 664 582 0 0 0
540 484 667 579 0 -8 0
540 476 670 576 0 8 0
540 484 673 573 0 8 0
540 492 676 570 0 -8 0
540 484 679 567 0 8 0
540 492 682 564 0 -8 0
540 484 685 561 0 0 0
540 484 688 558 0 -8 0
540 476 691 555 0 0 0
540 476 694 552 0 0 0
540 476 697 549 0 -8 0
540 468 700 546 0 0 0
540 468 703 543 0 0 0
540 468 706 540 0 0 0
540 468 709 537 0 -8 0
540 460 712 534 0 8 0
540 468 715 531 0 8 0
540 476 718 528 0 -8 0
540 468 721 525 0 0 0
540 468 724 522 0 8 0
540 476 727 519 0 -8 0
540 468 730 516 0 0 0
540 468 733 513 0 8 0
540 476 736 510 0 8 0
540 484 739 507 0 8 0
540 492 742 504 0 8 0
540 500 745 501 0 -8 0
540 492 748 498 0 8 0
540 500 751 495 0 8 0
540 508 754 492 0 -8 0
540 500 757 489 -8 8 0
532 508 760 486 0 0 0
532 508 763 483 0 0 0
532 508 766 480 -8 0 0
524 508 769 477 0 0 0
524 508 772 474 0 8 0
524 516 775 471 -8 0 0
516 516 778 468 0 8 0
516 524 781 465 0 0 1
516 524 781 465 0 0 1
516 524 781 465 0 0 1
516 524 781 465 0 0 1
516 524 781 465 0 0 1
