209 390 145 162 0 0 0
209 390 142 159 0 0 0
209 390 139 156 -8 0 0
201 390 136 153 0 0 0
201 390 133 150 -8 0 0
193 390 130 147 0 8 0
193 398 127 144 0 8 0
193 406 124 141 -8 8 0
185 414 121 138 0 0 0
185 414 118 135 0 -8 0
185 406 115 132 -8 8 0
177 414 112 129 0 -8 0
177 406 109 126 -8 8 0
169 414 106 123 0 0 0
169 414 103 120 0 0 0
169 414 100 117 -8 0 0
161 414 97 114 0 8 0
161 422 94 111 0 8 0
161 430 91 108 -8 -8 0
153 422 88 105 0 8 0
153 430 85 102 -8 0 0
145 430 82 99 0 8 0
145 438 79 96 0 8 0
145 446 76 93 -8 0 0
137 446 73 90 0 -8 0
137 438 70 87 0 8 0
137 446 67 84 -8 8 0
129 454 64 81 0 -8 0
129 446 61 78 -8 8 0
121 454 58 75 0 0 0
121 454 55 72 0 0 0
121 454 52 69 -8 -8 0
113 446 49 66 0 8 0
113 454 46 63 0 -8 0
113 446 43 60 -8 8 0
105 454 40 57 0 8 0
105 462 37 54 -8 -8 0
97 454 34 51 0 0 0
97 454 31 48 0 -8 0
97 446 28 45 -8 -8 0
89 438 25 42 0 -8 0
89 430 22 39 0 8 0
89 438 19 36 0 0 1
89 438 19 36 0 0 1
89 438 19 36 0 0 1
89 438 19 36 0 0 1
89 438 19 36 0 0 1
