106 153 583 489 0 0 0
106 153 586 492 8 0 0
114 153 589 495 8 -8 0
122 145 592 498 8 0 0
130 145 595 501 8 -8 0
138 137 598 504 8 0 0
146 137 601 507 8 -8 0
154 129 604 510 8 0 0
162 129 607 513 8 8 0
170 137 610 516 8 -8 0
178 129 613 519 8 -8 0
186 121 616 522 8 0 0
194 121 619 525 8 -8 0
202 113 622 528 8 8 0
210 121 625 531 8 8 0
218 129 628 534 8 0 0
226 129 631 537 8 8 0
234 137 634 540 8 0 0
242 137 637 543 8 -8 0
250 129 640 546 8 0 0
258 129 643 549 8 8 0
266 137 646 552 8 0 0
274 137 649 555 8 0 0
282 137 652 558 8 8 0
290 145 655 561 8 0 0
298 145 658 564 8 8 0
306 153 661 567 8 0 0
314 153 664 570 8 8 0
322 161 667 573 8 8 0
330 169 670 576 8 0 0
338 169 673 579 8 -8 0
346 161 676 582 8 -8 0
354 153 679 585 8 0 0
362 153 682 588 8 8 0
370 161 685 591 8 8 0
378 169 688 588 8 0 0
386 169 691 585 8 8 0
394 177 694 582 8 -8 0
402 169 697 579 8 8 0
410 177 700 576 8 8 0
418 185 703 573 8 0 0
426 185 706 570 8 8 0
434 193 709 567 8 -8 0
442 185 712 564 8 0 0
450 185 715 561 8 0 0
458 185 718 558 8 -8 0
466 177 721 555 8 -8 0
474 169 724 552 8 8 0
482 177 727 549 8 0 0
490 177 730 546 8 0 0
498 177 733 543 0 8 0
498 185 736 540 0 0 0
498 185 739 537 0 8 0
498 193 742 534 0 -8 0
498 185 745 531 0 -8 0
498 177 748 528 0 -8 0
498 169 751 525 0 -8 0
498 161 754 522 0 8 0
498 169 757 519 0 8 0
498 177 760 516 0 0 0
498 177 763 513 0 -8 0
498 169 766 510 0 -8 0
498 161 769 507 0 -8 0
498 153 772 504 0 -8 0
498 145 775 501 0 -8 0
498 137 778 498 0 8 0
498 145 781 495 0 0 1
498 145 781 495 0 0 1
498 145 781 495 0 0 1
498 145 781 495 0 0 1
498 145 781 495 0 0 1
