439 446 418 474 0 0 0
439 446 421 471 0 8 0
439 454 424 468 0 0 0
439 454 427 465 0 0 0
439 454 430 462 0 8 0
439 462 433 459 0 0 0
439 462 436 456 0 -8 0
439 454 439 453 0 8 0
439 462 442 450 0 -8 0
439 454 445 447 0 -8 0
439 446 448 444 0 8 0
439 454 451 441 0 8 0
439 462 454 438 0 8 0
439 470 457 435 0 0 0
439 470 460 432 0 0 0
439 470 463 429 0 0 0
439 470 466 426 0 0 0
439 470 469 423 0 8 0
439 478 472 420 0 0 0
439 478 475 417 0 -8 0
439 470 478 414 0 -8 0
439 462 481 411 0 8 0
439 470 484 408 0 0 0
439 470 487 405 0 -8 0
439 462 490 402 0 8 0
439 470 493 399 0 0 0
439 470 496 396 0 0 0
439 470 499 393 0 -8 0
439 462 502 390 0 8 0
439 470 505 387 -8 8 0
431 478 508 384 0 0 0
431 478 511 381 0 0 0
431 478 514 378 -8 -8 0
423 470 517 375 0 -8 0
423 462 520 372 -8 -8 0
415 454 523 369 0 0 0
415 454 526 366 0 -8 0
415 446 529 363 -8 -8 0
407 438 532 360 0 8 0
407 446 535 357 0 8 0
407 454 538 354 -8 8 0
399 462 541 351 0 -8 0
399 454 544 348 -8 -8 0
391 446 547 345 0 -8 0
391 438 550 342 0 8 0
391 446 553 339 -8 -8 0
383 438 556 336 0 8 0
383 446 559 333 0 8 0
383 454 562 330 -8 8 0
375 462 565 327 0 -8 0
375 454 568 324 -8 0 0
367 454 571 321 0 0 0
367 454 574 318 0 8 0
367 462 577 315 -8 0 0
359 462 580 312 0 8 0
359 470 583 309 0 8 0
359 478 586 306 -8 -8 0
351 470 589 303 0 -8 0
351 462 592 300 -8 0 0
343 462 595 297 0 -8 0
343 454 598 294 0 -8 0
343 446 601 291 -8 8 0
335 454 604 288 0 0 0
335 454 607 285 0 -8 0
335 446 610 282 -8 8 0
327 454 613 279 0 8 0
327 462 616 276 -8 0 0
319 462 619 273 0 0 0
319 462 622 270 0 8 0
319 470 625 267 -8 0 0
311 470 628 264 0 0 0
311 470 631 261 0 -8 0
311 462 634 258 -8 8 0
303 470 637 255 0 8 0
303 478 640 252 -8 0 0
295 478 643 249 0 0 0
295 478 646 246 0 8 0
295 486 649 243 -8 -8 0
287 478 652 240 0 -8 0
287 470 655 237 0 -8 0
287 462 658 234 -8 -8 0
279 454 661 231 0 0 0
279 454 664 228 -8 -8 0
271 446 667 225 0 0 0
271 446 670 222 0 -8 0
271 438 673 219 -8 0 0
263 438 676 216 0 8 0
263 446 679 213 0 -8 0
263 438 682 210 -8 -8 0
255 430 685 207 0 8 0
255 438 688 204 -8 0 0
247 438 691 201 0 0 0
247 438 694 198 0 -8 0
247 430 697 195 -8 0 0
239 430 700 192 0 -8 0
239 422 703 189 0 0 0
239 422 706 186 -8 0 0
231 422 709 183 0 8 0
231 430 712 180 -8 0 0
223 430 715 177 0 8 0
223 438 718 174 0 0 0
223 438 721 171 -8 8 0
215 446 724 168 0 0 0
215 446 727 165 0 -8 0
215 438 730 162 -8 -8 0
207 430 733 159 0 0 0
207 430 736 156 -8 0 0
199 430 739 153 0 0 0
199 430 742 150 0 0 0
199 430 745 147 -8 0 0
191 430 748 144 0 0 0
191 430 751 141 0 -8 0
191 422 754 138 -8 0 0
183 422 757 135 0 0 0
183 422 760 132 -8 0 0
175 422 763 129 0 0 0
175 422 766 126 0 0 0
175 422 769 123 -8 8 0
167 430 772 120 0 0 0
167 430 775 117 0 -8 0
167 422 778 114 -8 8 0
159 430 781 111 0 0 1
159 430 781 111 0 0 1
159 430 781 111 0 0 1
159 430 781 111 0 0 1
159 430 781 111 0 0 1
