111 529 145 411 0 0 0
111 529 142 414 8 0 0
119 529 139 417 8 0 0
127 529 136 420 8 -8 0
135 521 133 423 8 -8 0
143 513 130 426 8 8 0
151 521 127 429 8 0 0
159 521 124 432 8 -8 0
167 513 121 435 8 -8 0
175 505 118 438 8 0 0
183 505 115 441 8 8 0
191 513 112 444 8 8 0
199 521 109 447 8 8 0
207 529 106 450 8 -8 0
215 521 103 453 8 -8 0
223 513 100 456 8 -8 0
231 505 97 459 8 8 0
239 513 94 462 8 8 0
247 521 91 465 8 -8 0
255 513 88 468 8 0 0
263 513 85 471 8 0 0
271 513 82 474 8 0 0
279 513 79 477 8 -8 0
287 505 76 480 8 8 0
295 513 73 483 8 8 0
303 521 70 486 8 -8 0
311 513 67 489 8 8 0
319 521 64 492 8 0 0
327 521 61 495 8 0 0
335 521 58 498 8 8 0
343 529 55 501 8 0 0
351 529 52 504 8 -8 0
359 521 49 507 8 0 0
367 521 46 510 8 -8 0
375 513 43 513 8 0 0
383 513 40 516 8 8 0
391 521 37 519 8 -8 0
399 513 34 522 8 -8 0
407 505 31 525 8 -8 0
415 497 28 528 8 0 0
423 497 25 531 8 0 0
431 497 22 534 8 0 0
439 497 19 537 0 0 1
439 497 19 537 0 0 1
439 497 19 537 0 0 1
439 497 19 537 0 0 1
439 497 19 537 0 0 1
