441 532 676 261 0 0 0
441 532 673 264 -8 -8 0
433 524 670 267 -8 0 0
425 524 667 270 -8 -8 0
417 516 664 273 -8 8 0
409 524 661 276 -8 8 0
401 532 658 279 -8 0 0
393 532 655 282 -8 0 0
385 532 652 285 -8 8 0
377 540 649 288 -8 0 0
369 540 646 291 -8 8 0
361 540 643 294 -8 0 0
353 540 640 297 -8 -8 0
345 532 637 300 0 8 0
345 540 634 303 0 -8 0
345 532 631 306 0 8 0
345 540 628 309 0 -8 0
345 532 625 312 0 -8 0
345 524 622 315 0 -8 0
345 516 619 318 0 -8 0
345 508 616 321 0 0 0
345 508 613 324 0 -8 0
345 500 610 327 0 -8 0
345 492 607 330 0 8 0
345 500 604 333 0 8 0
345 508 601 336 0 -8 0
345 500 598 339 0 0 0
345 500 595 342 0 8 0
345 508 592 345 0 0 0
345 508 589 348 0 -8 0
345 500 586 351 0 0 0
345 500 583 354 0 8 0
345 508 580 357 0 -8 0
345 500 577 360 0 0 0
345 500 574 363 0 -8 0
345 492 571 366 0 -8 0
345 484 568 369 0 8 0
345 492 565 372 0 -8 0
345 484 562 375 0 -8 0
345 476 559 378 0 -8 0
345 468 556 381 0 -8 0
345 460 553 384 0 -8 0
345 452 550 387 0 -8 0
345 444 547 390 0 0 0
345 444 544 393 0 -8 0
345 436 541 396 8 0 0
353 436 538 399 0 -8 0
353 428 535 402 0 0 0
353 428 532 405 8 0 0
361 428 529 408 0 8 0
361 436 526 411 0 8 0
361 444 523 414 8 8 0
369 452 520 417 0 8 0
369 460 517 420 8 8 0
377 468 514 423 0 0 0
377 468 511 426 0 8 0
377 476 508 429 8 -8 0
385 468 505 432 0 8 0
385 476 502 435 0 0 0
385 476 499 438 8 8 0
393 484 496 441 0 -8 0
393 476 493 444 8 0 0
401 476 490 447 0 8 0
401 484 487 450 0 -8 0
401 476 484 453 8 -8 0
409 468 481 456 0 -8 0
409 460 478 459 0 8 0
409 468 475 462 8 -8 0
417 460 472 465 0 8 0
417 468 469 468 8 0 0
425 468 466 471 0 8 0
425 476 463 474 0 -8 0
425 468 460 477 8 8 0
433 476 457 480 0 0 0
433 476 454 483 0 0 0
433 476 451 486 8 8 0
441 484 448 489 0 -8 0
441 476 445 492 8 -8 0
449 468 442 495 0 -8 0
449 460 439 498 0 8 0
449 468 436 501 8 8 0
457 476 433 504 0 8 0
457 484 430 507 0 0 0
457 484 427 510 8 0 0
465 484 424 513 0 -8 0
465 476 421 516 8 -8 0
473 468 418 519 0 8 0
473 476 415 522 0 0 0
473 476 412 525 8 0 0
481 476 409 528 0 0 0
481 476 406 531 0 0 0
481 476 403 534 8 8 0
489 484 400 537 0 -8 0
489 476 397 540 8 -8 0
497 468 394 543 0 8 0
497 476 391 546 0 -8 0
497 468 388 549 8 0 0
505 468 385 552 0 8 0
505 476 382 555 0 0 0
505 476 379 558 8 0 0
513 476 376 561 0 -8 0
513 468 373 564 8 8 0
521 476 370 567 0 0 0
521 476 367 570 0 -8 0
521 468 364 573 8 8 0
529 476 361 576 0 0 0
529 476 358 579 0 0 0
529 476 355 582 8 8 0
537 484 352 585 0 0 0
537 484 349 588 8 0 0
540 484 346 591 8 -8 0
540 476 343 588 0 -8 0
540 468 340 585 0 0 0
540 468 337 582 0 0 0
540 468 334 579 0 0 0
540 468 331 576 0 -8 0
540 460 328 573 0 -8 0
540 452 325 570 0 -8 0
540 444 322 567 0 0 0
540 444 319 564 0 0 0
540 444 316 561 0 8 0
540 452 313 558 0 0 0
540 452 310 555 0 0 0
540 452 307 552 0 0 0
540 452 304 549 0 -8 0
540 444 301 546 0 8 0
540 452 298 543 0 -8 0
540 444 295 540 0 8 0
540 452 292 537 0 0 0
540 452 289 534 0 -8 0
540 444 286 531 0 0 0
540 444 283 528 0 8 0
540 452 280 525 0 0 0
540 452 277 522 0 0 0
540 452 274 519 0 -8 0
540 444 271 516 0 0 0
540 444 268 513 0 8 0
540 452 265 510 0 0 0
540 452 262 507 0 8 0
540 460 259 504 0 8 0
540 468 256 501 0 8 0
540 476 253 498 0 -8 0
540 468 250 495 0 0 0
540 468 247 492 0 -8 0
540 460 244 489 -8 0 0
532 460 241 486 0 8 0
532 468 238 483 0 8 0
532 476 235 480 -8 8 0
524 484 232 477 0 -8 0
524 476 229 474 0 8 0
524 484 226 471 -8 0 0
516 484 223 468 0 8 0
516 492 220 465 -8 -8 0
508 484 217 462 0 0 0
508 484 214 459 0 -8 0
508 476 211 456 -8 8 0
500 484 208 453 0 8 0
500 492 205 450 0 8 0
500 500 202 447 -8 0 0
492 500 199 444 0 -8 0
492 492 196 441 -8 8 0
484 500 193 438 0 0 0
484 500 190 435 0 -8 0
484 492 187 432 -8 -8 0
476 484 184 429 0 8 0
476 492 181 426 0 8 0
476 500 178 423 -8 -8 0
468 492 175 420 0 8 0
468 500 172 417 -8 0 0
460 500 169 414 0 0 0
460 500 166 411 0 -8 0
460 492 163 408 -8 0 0
452 492 160 405 0 8 0
452 500 157 402 0 8 0
452 508 154 399 -8 8 0
444 516 151 396 0 8 0
444 524 148 393 -8 0 0
436 524 145 390 0 0 0
436 524 142 387 0 -8 0
436 516 139 384 -8 -8 0
428 508 136 381 0 8 0
428 516 133 378 0 -8 0
428 508 130 375 -8 8 0
420 516 127 372 0 8 0
420 524 124 369 -8 8 0
412 532 121 366 0 -8 0
412 524 118 363 0 8 0
412 532 115 360 -8 -8 0
404 524 112 357 0 -8 0
404 516 109 354 0 8 0
404 524 106 351 -8 -8 0
396 516 103 348 0 0 0
396 516 100 345 -8 8 0
388 524 97 342 0 8 0
388 532 94 339 0 -8 0
388 524 91 336 -8 -8 0
380 516 88 333 0 8 0
380 524 85 330 0 8 0
380 532 82 327 -8 -8 0
372 524 79 324 0 8 0
372 532 76 321 -8 -8 0
364 524 73 318 0 0 0
364 524 70 315 0 -8 0
364 516 67 312 -8 -8 0
356 508 64 309 0 0 0
356 508 61 306 0 0 0
356 508 58 303 -8 -8 0
348 500 55 300 0 8 0
348 508 52 297 -8 0 0
340 508 49 294 0 8 0
340 516 46 291 0 -8 0
340 508 43 288 -8 8 0
332 516 40 285 0 8 0
332 524 37 282 0 -8 0
332 516 34 279 -8 8 0
324 524 31 276 0 8 0
324 532 28 273 -8 -8 0
316 524 25 270 0 -8 0
316 516 22 267 0 8 0
316 524 19 264 0 0 1
316 524 19 264 0 0 1
316 524 19 264 0 0 1
316 524 19 264 0 0 1
316 524 19 264 0 0 1
