100 314 601 375 0 0 0
100 314 598 372 8 -8 0
108 306 595 369 8 0 0
116 306 592 366 8 8 0
124 314 589 363 8 8 0
132 322 586 360 8 8 0
140 330 583 357 8 8 0
148 338 580 354 8 8 0
156 346 577 351 8 -8 0
164 338 574 348 8 0 0
172 338 571 345 8 -8 0
180 330 568 342 8 8 0
188 338 565 339 8 -8 0
196 330 562 336 8 0 0
204 330 559 333 8 -8 0
212 322 556 330 8 0 0
220 322 553 327 8 -8 0
228 314 550 324 8 8 0
236 322 547 321 8 8 0
244 330 544 318 8 0 0
252 330 541 315 8 0 0
260 330 538 312 8 0 0
268 330 535 309 0 8 0
268 338 532 306 0 8 0
268 346 529 303 0 0 0
268 346 526 300 0 -8 0
268 338 523 297 0 0 0
268 338 520 294 0 8 0
268 346 517 291 0 -8 0
268 338 514 288 0 0 0
268 338 511 285 0 0 0
268 338 508 282 0 -8 0
268 330 505 279 0 0 0
268 330 502 276 0 8 0
268 338 499 273 0 -8 0
268 330 496 270 0 8 0
268 338 493 267 0 8 0
268 346 490 264 0 -8 0
268 338 487 261 0 -8 0
268 330 484 258 0 0 0
268 330 481 255 0 -8 0
268 322 478 252 0 -8 0
268 314 475 249 0 8 0
268 322 472 246 0 8 0
268 330 469 243 0 0 0
268 330 466 240 0 8 0
268 338 463 237 0 8 0
268 346 460 234 0 8 0
268 354 457 231 0 0 0
268 354 454 228 0 0 0
268 354 451 225 0 8 0
268 362 448 222 0 8 0
268 370 445 219 0 8 0
268 378 442 216 -8 -8 0
260 370 439 213 0 8 0
260 378 436 210 0 8 0
260 386 433 207 -8 -8 0
252 378 430 204 0 0 0
252 378 427 201 -8 0 0
244 378 424 198 0 -8 0
244 370 421 195 0 -8 0
244 362 418 192 -8 -8 0
236 354 415 189 0 0 0
236 354 412 186 0 -8 0
236 346 409 183 -8 0 0
228 346 406 180 0 8 0
228 354 403 177 -8 0 0
220 354 400 174 0 8 0
220 362 397 171 0 8 0
220 370 394 168 -8 8 0
212 378 391 165 0 0 0
212 378 388 162 0 -8 0
212 370 385 159 -8 8 0
204 378 382 156 0 8 0
204 386 379 153 -8 0 0
196 386 376 150 0 8 0
196 394 373 147 0 -8 0
196 386 370 144 -8 -8 0
188 378 367 141 0 -8 0
188 370 364 138 0 8 0
188 378 361 135 -8 8 0
180 386 358 132 0 -8 0
180 378 355 129 -8 -8 0
172 370 352 126 0 0 0
172 370 349 123 0 -8 0
172 362 346 120 -8 0 0
164 362 343 117 0 -8 0
164 354 340 114 0 -8 0
164 346 337 111 -8 0 0
156 346 334 108 0 -8 0
156 338 331 105 -8 -8 0
148 330 328 102 0 8 0
148 338 325 99 0 8 0
148 346 322 96 -8 -8 0
140 338 319 93 0 -8 0
140 330 316 90 0 -8 0
140 322 313 87 -8 8 0
132 330 310 84 0 0 0
132 330 307 81 -8 8 0
124 338 304 78 0 0 0
124 338 301 75 0 0 0
124 338 298 72 -8 -8 0
116 330 295 69 0 0 0
116 330 292 66 0 0 0
116 330 289 63 -8 -8 0
108 322 286 60 0 -8 0
108 314 283 57 -8 0 0
100 314 280 54 0 0 0
100 314 277 51 0 -8 0
100 306 274 48 -8 -8 0
92 298 271 45 0 -8 0
92 290 268 42 0 0 0
92 290 265 39 -8 8 0
84 298 262 36 0 -8 0
84 290 259 33 -8 0 0
76 290 256 30 0 0 0
76 290 253 27 0 8 0
76 298 250 24 -8 8 0
68 306 247 21 0 0 0
68 306 244 18 0 8 0
68 314 241 15 -8 8 0
60 322 238 12 0 -8 0
60 314 235 9 -8 8 0
60 322 232 12 0 0 0
60 322 229 15 0 0 0
60 322 226 18 0 -8 0
60 314 223 21 0 -8 0
60 306 220 24 0 0 0
60 306 217 27 0 -8 0
60 298 214 30 0 -8 0
60 290 211 33 0 8 0
60 298 208 36 0 -8 0
60 290 205 39 0 -8 0
60 282 202 42 0 8 0
60 290 199 45 0 -8 0
60 282 196 48 0 8 0
60 290 193 51 0 8 0
60 298 190 54 0 0 0
60 298 187 57 0 -8 0
60 290 184 60 0 -8 0
60 282 181 63 0 0 0
60 282 178 66 0 0 0
60 282 175 69 0 8 0
60 290 172 72 0 0 0
60 290 169 75 0 8 0
60 298 166 78 0 -8 0
60 290 163 81 0 -8 0
60 282 160 84 0 0 0
60 282 157 87 0 8 0
60 290 154 90 0 -8 0
60 282 151 93 0 8 0
60 290 148 96 0 0 0
60 290 145 99 0 -8 0
60 282 142 102 0 -8 0
60 274 139 105 0 8 0
60 282 136 108 0 8 0
60 290 133 111 8 8 0
68 298 130 114 0 8 0
68 306 127 117 0 8 0
68 314 124 120 8 8 0
76 322 121 123 0 0 0
76 322 118 126 0 -8 0
76 314 115 129 8 0 0
84 314 112 132 0 -8 0
84 306 109 135 8 0 0
92 306 106 138 0 8 0
92 314 103 141 0 0 0
92 314 100 144 8 8 0
100 322 97 147 0 -8 0
100 314 94 150 0 8 0
100 322 91 153 8 8 0
108 330 88 156 0 0 0
108 330 85 159 8 -8 0
116 322 82 162 0 -8 0
116 314 79 165 0 8 0
116 322 76 168 8 0 0
124 322 73 171 0 -8 0
124 314 70 174 0 -8 0
124 306 67 177 8 8 0
132 314 64 180 0 0 0
132 314 61 183 8 -8 0
140 306 58 186 0 -8 0
140 298 55 189 0 0 0
140 298 52 192 8 8 0
148 306 49 195 0 0 0
148 306 46 198 0 -8 0
148 298 43 201 8 8 0
156 306 40 204 0 0 0
156 306 37 207 8 0 0
164 306 34 210 0 -8 0
164 298 31 213 0 -8 0
164 290 28 216 8 -8 0
172 282 25 219 0 -8 0
172 274 22 222 0 -8 0
172 266 19 225 0 0 1
172 266 19 225 0 0 1
172 266 19 225 0 0 1
172 266 19 225 0 0 1
172 266 19 225 0 0 1
