257 477 211 363 0 0 0
257 477 214 360 8 -8 0
265 469 217 357 8 0 0
273 469 220 354 8 0 0
281 469 223 351 8 -8 0
289 461 226 348 8 -8 0
297 453 229 345 0 8 0
297 461 232 342 0 0 0
297 461 235 339 0 8 0
297 469 238 336 0 -8 0
297 461 241 333 0 -8 0
297 453 244 330 0 -8 0
297 445 247 327 0 0 0
297 445 250 324 0 0 0
297 445 253 321 0 -8 0
297 437 256 318 0 8 0
297 445 259 315 0 -8 0
297 437 262 312 0 0 0
297 437 265 309 0 8 0
297 445 268 306 0 0 0
297 445 271 303 0 0 0
297 445 274 300 0 0 0
297 445 277 297 0 8 0
297 453 280 294 0 0 0
297 453 283 291 0 0 0
297 453 286 288 0 -8 0
297 445 289 285 0 0 0
297 445 292 282 0 0 0
297 445 295 279 0 0 0
297 445 298 276 0 8 0
297 453 301 273 0 -8 0
297 445 304 270 0 0 0
297 445 307 267 0 -8 0
297 437 310 264 0 8 0
297 445 313 261 0 0 0
297 445 316 258 0 0 0
297 445 319 255 0 -8 0
297 437 322 252 0 8 0
297 445 325 249 0 0 0
297 445 328 246 -8 8 0
289 453 331 243 0 -8 0
289 445 334 240 0 0 0
289 445 337 237 -8 8 0
281 453 340 234 0 0 0
281 453 343 231 0 8 0
281 461 346 228 -8 8 0
273 469 349 225 0 0 0
273 469 352 222 -8 -8 0
265 461 355 219 0 8 0
265 469 358 216 0 0 0
265 469 361 213 -8 -8 0
257 461 364 210 0 8 0
257 469 367 207 0 -8 0
257 461 370 204 -8 -8 0
249 453 373 201 0 0 0
249 453 376 198 -8 8 0
241 461 379 195 0 8 0
241 469 382 192 0 0 0
241 469 385 189 -8 -8 0
233 461 388 186 0 8 0
233 469 391 183 0 -8 0
233 461 394 180 -8 0 0
225 461 397 177 0 0 0
225 461 400 174 -8 8 0
217 469 403 171 0 0 0
217 469 406 168 0 0 0
217 469 409 165 -8 8 0
209 477 412 162 0 8 0
209 485 415 159 0 -8 0
209 477 418 156 -8 -8 0
201 469 421 153 0 0 0
201 469 424 150 -8 -8 0
193 461 427 147 0 -8 0
193 453 430 144 0 -8 0
193 445 433 141 -8 -8 0
185 437 436 138 0 8 0
185 445 439 135 0 0 0
185 445 442 132 -8 -8 0
177 437 445 129 0 8 0
177 445 448 126 -8 0 0
169 445 451 123 0 0 0
169 445 454 120 0 0 0
169 445 457 117 -8 0 0
161 445 460 114 0 8 0
161 453 463 111 0 8 0
161 461 466 108 -8 0 0
153 461 469 105 0 0 0
153 461 472 102 -8 0 0
145 461 475 99 0 8 0
145 469 478 96 0 8 0
145 477 481 93 -8 -8 0
137 469 484 90 0 -8 0
137 461 487 87 0 -8 0
137 453 490 84 -8 8 0
129 461 493 81 0 8 0
129 469 496 78 -8 -8 0
121 461 499 75 0 0 0
121 461 502 72 0 -8 0
121 453 505 69 -8 -8 0
113 445 508 66 0 -8 0
113 437 511 63 0 -8 0
113 429 514 60 -8 8 0
105 437 517 57 0 -8 0
105 429 520 54 -8 -8 0
97 421 523 51 0 0 0
97 421 526 48 0 0 0
97 421 529 45 -8 -8 0
89 413 532 42 0 8 0
89 421 535 39 0 -8 0
89 413 538 36 -8 -8 0
81 405 541 33 0 -8 0
81 397 544 30 -8 0 0
73 397 547 27 0 0 0
73 397 550 24 0 8 0
73 405 553 21 -8 -8 0
65 397 556 18 0 8 0
65 405 559 15 0 -8 0
65 397 562 12 -8 -8 0
60 389 565 9 -8 8 0
60 397 568 12 0 8 0
60 405 571 15 0 -8 0
60 397 574 18 0 8 0
60 405 577 21 0 8 0
60 413 580 24 0 -8 0
60 405 583 27 0 0 0
60 405 586 30 0 8 0
60 413 589 33 0 -8 0
60 405 592 36 0 8 0
60 413 595 39 0 8 0
60 421 598 42 0 0 0
60 421 601 45 0 -8 0
60 413 604 48 0 -8 0
60 405 607 51 0 -8 0
60 397 610 54 0 0 0
60 397 613 57 0 -8 0
60 389 616 60 0 8 0
60 397 619 63 0 8 0
60 405 622 66 0 0 0
60 405 625 69 0 -8 0
60 397 628 72 0 0 0
60 397 631 75 0 -8 0
60 389 634 78 0 -8 0
60 381 637 81 0 -8 0
60 373 640 84 0 0 0
60 373 643 87 0 0 0
60 373 646 90 0 -8 0
60 365 649 93 0 0 0
60 365 652 96 0 8 0
60 373 655 99 0 0 0
60 373 658 102 0 8 0
60 381 661 105 0 0 0
60 381 664 108 0 -8 0
60 373 667 111 8 0 0
68 373 670 114 0 8 0
68 381 673 117 0 -8 0
68 373 676 120 8 0 0
76 373 679 123 0 0 0
76 373 682 126 0 0 0
76 373 685 129 8 0 0
84 373 688 132 0 8 0
84 381 691 135 8 0 0
92 381 694 138 0 8 0
92 389 697 141 0 8 0
92 397 700 144 8 8 0
100 405 703 147 0 8 0
100 413 706 150 0 -8 0
100 405 709 153 8 8 0
108 413 712 156 0 8 0
108 421 715 159 8 0 0
116 421 718 162 0 -8 0
116 413 721 165 0 0 0
116 413 724 168 8 8 0
124 421 727 171 0 -8 0
124 413 730 174 0 -8 0
124 405 733 177 8 8 0
132 413 736 180 0 -8 0
132 405 739 183 8 8 0
140 413 742 186 0 0 0
140 413 745 189 0 0 0
140 413 748 192 8 8 0
148 421 751 195 0 -8 0
148 413 754 198 0 -8 0
148 405 757 201 8 0 0
156 405 760 204 0 -8 0
156 397 763 207 8 0 0
164 397 766 210 0 8 0
164 405 769 213 0 -8 0
164 397 772 216 8 0 0
172 397 775 219 0 0 0
172 397 778 222 0 -8 0
172 389 781 225 0 0 1
172 389 781 225 0 0 1
172 389 781 225 0 0 1
172 389 781 225 0 0 1
172 389 781 225 0 0 1
