403 346 226 387 0 0 0
403 346 229 390 0 0 0
403 346 232 393 0 -8 0
403 338 235 396 0 0 0
403 338 238 399 0 0 0
403 338 241 402 0 8 0
403 346 244 405 0 0 0
403 346 247 408 0 -8 0
403 338 250 411 0 -8 0
403 330 253 414 0 8 0
403 338 256 417 0 0 0
403 338 259 420 0 -8 0
403 330 262 423 0 -8 0
403 322 265 426 0 8 0
403 330 268 429 0 0 0
403 330 271 432 0 0 0
403 330 274 435 0 -8 0
403 322 277 438 0 0 0
403 322 280 441 0 0 0
403 322 283 444 0 0 0
403 322 286 447 0 8 0
403 330 289 450 0 0 0
403 330 292 453 0 0 0
403 330 295 456 8 0 0
411 330 298 459 0 -8 0
411 322 301 462 8 -8 0
419 314 304 465 0 -8 0
419 306 307 468 0 -8 0
419 298 310 471 8 8 0
427 306 313 474 0 0 0
427 306 316 477 0 -8 0
427 298 319 480 8 0 0
435 298 322 483 0 0 0
435 298 325 486 8 8 0
443 306 328 489 0 -8 0
443 298 331 492 0 0 0
443 298 334 495 8 8 0
451 306 337 498 0 0 0
451 306 340 501 0 8 0
451 314 343 504 8 -8 0
459 306 346 507 0 -8 0
459 298 349 510 8 8 0
467 306 352 513 0 -8 0
467 298 355 516 0 -8 0
467 290 358 519 8 8 0
475 298 361 522 0 0 0
475 298 364 525 0 -8 0
475 290 367 528 8 -8 0
483 282 370 531 0 0 0
483 282 373 534 8 8 0
491 290 376 537 0 -8 0
491 282 379 540 0 8 0
491 290 382 543 8 -8 0
499 282 385 546 0 0 0
499 282 388 549 0 -8 0
499 274 391 552 8 8 0
507 282 394 555 0 0 0
507 282 397 558 8 0 0
515 282 400 561 0 0 0
515 282 403 564 0 -8 0
515 274 406 567 8 0 0
523 274 409 570 0 -8 0
523 266 412 573 0 -8 0
523 258 415 576 8 0 0
531 258 418 579 0 -8 0
531 250 421 582 8 8 0
539 258 424 585 0 -8 0
539 250 427 588 0 -8 0
539 242 430 591 8 8 0
540 250 433 588 0 0 0
540 250 436 585 0 0 0
540 250 439 582 0 0 0
540 250 442 579 0 8 0
540 258 445 576 0 -8 0
540 250 448 573 0 8 0
540 258 451 570 0 0 0
540 258 454 567 0 -8 0
540 250 457 564 0 8 0
540 258 460 561 0 8 0
540 266 463 558 0 8 0
540 274 466 555 0 8 0
540 282 469 552 0 0 0
540 282 472 549 0 8 0
540 290 475 546 0 8 0
540 298 478 543 0 -8 0
540 290 481 540 0 0 0
540 290 484 537 0 8 0
540 298 487 534 0 -8 0
540 290 490 531 0 8 0
540 298 493 528 0 0 0
540 298 496 525 0 8 0
540 306 499 522 0 0 0
540 306 502 519 0 -8 0
540 298 505 516 0 -8 0
540 290 508 513 0 8 0
540 298 511 510 0 8 0
540 306 514 507 0 0 0
540 306 517 504 0 -8 0
540 298 520 501 0 0 0
540 298 523 498 0 8 0
540 306 526 495 0 8 0
540 314 529 492 0 -8 0
540 306 532 489 -8 8 0
532 314 535 486 0 8 0
532 322 538 483 0 8 0
532 330 541 480 -8 0 0
524 330 544 477 0 8 0
524 338 547 474 0 8 0
524 346 550 471 -8 -8 0
516 338 553 468 0 8 0
516 346 556 465 -8 8 0
508 354 559 462 0 0 0
508 354 562 459 0 -8 0
508 346 565 456 -8 -8 0
500 338 568 453 0 0 0
500 338 571 450 0 0 0
500 338 574 447 -8 8 0
492 346 577 444 0 -8 0
492 338 580 441 -8 0 0
484 338 583 438 0 0 0
484 338 586 435 0 -8 0
484 330 589 432 -8 -8 0
476 322 592 429 0 0 0
476 322 595 426 0 -8 0
476 314 598 423 -8 0 0
468 314 601 420 0 8 0
468 322 604 417 -8 0 0
460 322 607 414 0 -8 0
460 314 610 411 0 8 0
460 322 613 408 -8 -8 0
452 314 616 405 0 0 0
452 314 619 402 0 8 0
452 322 622 399 -8 -8 0
444 314 625 396 0 8 0
444 322 628 393 -8 0 0
436 322 631 390 0 0 0
436 322 634 387 0 -8 0
436 314 637 384 -8 -8 0
428 306 640 381 0 8 0
428 314 643 378 0 0 0
428 314 646 375 -8 8 0
420 322 649 372 0 -8 0
420 314 652 369 -8 -8 0
412 306 655 366 0 0 0
412 306 658 363 0 -8 0
412 298 661 360 -8 -8 0
404 290 664 357 0 8 0
404 298 667 354 0 8 0
404 306 670 351 -8 8 0
396 314 673 348 0 8 0
396 322 676 345 -8 0 0
388 322 679 342 0 0 0
388 322 682 339 0 8 0
388 330 685 336 -8 8 0
380 338 688 333 0 -8 0
380 330 691 330 0 -8 0
380 322 694 327 -8 -8 0
372 314 697 324 0 0 0
372 314 700 321 -8 -8 0
364 306 703 318 0 -8 0
364 298 706 315 0 0 0
364 298 709 312 -8 8 0
356 306 712 309 0 0 0
356 306 715 306 0 8 0
356 314 718 303 -8 8 0
348 322 721 300 0 0 0
348 322 724 297 -8 0 0
340 322 727 294 0 0 0
340 322 730 291 0 0 0
340 322 733 288 -8 8 0
332 330 736 285 0 0 0
332 330 739 282 0 0 0
332 330 742 279 -8 -8 0
324 322 745 276 0 8 0
324 330 748 273 -8 0 0
316 330 751 270 0 -8 0
316 322 754 267 0 0 0
316 322 757 264 -8 8 0
308 330 760 261 0 8 0
308 338 763 258 0 8 0
308 346 766 255 -8 -8 0
300 338 769 252 0 8 0
300 346 772 249 -8 8 0
292 354 775 246 0 0 0
292 354 778 243 0 0 0
292 354 781 240 0 0 1
292 354 781 240 0 0 1
292 354 781 240 0 0 1
292 354 781 240 0 0 1
292 354 781 240 0 0 1
