303 383 304 174 0 0 0
303 383 307 171 -8 -8 0
295 375 310 168 -8 0 0
287 375 313 165 -8 0 0
279 375 316 162 -8 0 0
271 375 319 159 -8 8 0
263 383 322 156 -8 8 0
255 391 325 153 -8 8 0
247 399 328 150 -8 8 0
239 407 331 147 -8 0 0
231 407 334 144 -8 -8 0
223 399 337 141 -8 -8 0
215 391 340 138 -8 -8 0
207 383 343 135 -8 8 0
199 391 346 132 -8 8 0
191 399 349 129 -8 -8 0
183 391 352 126 -8 -8 0
175 383 355 123 -8 8 0
167 391 358 120 0 0 0
167 391 361 117 0 -8 0
167 383 364 114 -8 8 0
159 391 367 111 0 8 0
159 399 370 108 -8 -8 0
151 391 373 105 0 -8 0
151 383 376 102 0 8 0
151 391 379 99 -8 0 0
143 391 382 96 0 8 0
143 399 385 93 0 8 0
143 407 388 90 -8 8 0
135 415 391 87 0 -8 0
135 407 394 84 -8 -8 0
127 399 397 81 0 -8 0
127 391 400 78 0 8 0
127 399 403 75 -8 -8 0
119 391 406 72 0 -8 0
119 383 409 69 0 0 0
119 383 412 66 -8 0 0
111 383 415 63 0 -8 0
111 375 418 60 -8 0 0
103 375 421 57 0 0 0
103 375 424 54 0 -8 0
103 367 427 51 -8 8 0
95 375 430 48 0 0 0
95 375 433 45 0 0 0
95 375 436 42 -8 8 0
87 383 439 39 0 8 0
87 391 442 36 -8 8 0
79 399 445 33 0 -8 0
79 391 448 30 0 8 0
79 399 451 27 -8 -8 0
71 391 454 24 0 -8 0
71 383 457 21 0 -8 0
71 375 460 18 -8 8 0
63 383 463 15 0 -8 0
63 375 466 12 -8 0 0
60 375 469 9 -8 0 0
60 375 472 12 0 0 0
60 375 475 15 0 -8 0
60 367 478 18 0 8 0
60 375 481 21 0 0 0
60 375 484 24 0 0 0
60 375 487 27 0 0 0
60 375 490 30 0 0 0
60 375 493 33 0 0 0
60 375 496 36 0 8 0
60 383 499 39 0 -8 0
60 375 502 42 0 -8 0
60 367 505 45 0 -8 0
60 359 508 48 0 0 0
60 359 511 51 0 0 0
60 359 514 54 0 8 0
60 367 517 57 0 0 0
60 367 520 60 0 -8 0
60 359 523 63 0 8 0
60 367 526 66 0 0 0
60 367 529 69 0 -8 0
60 359 532 72 0 -8 0
60 351 535 75 0 8 0
60 359 538 78 0 -8 0
60 351 541 81 0 -8 0
60 343 544 84 0 -8 0
60 335 547 87 0 0 0
60 335 550 90 0 0 0
60 335 553 93 0 -8 0
60 327 556 96 0 -8 0
60 319 559 99 0 0 0
60 319 562 102 0 -8 0
60 311 565 105 0 8 0
60 319 568 108 0 -8 0
60 311 571 111 8 8 0
68 319 574 114 0 -8 0
68 311 577 117 0 8 0
68 319 580 120 8 -8 0
76 311 583 123 0 0 0
76 311 586 126 0 0 0
76 311 589 129 8 0 0
84 311 592 132 0 8 0
84 319 595 135 8 0 0
92 319 598 138 0 0 0
92 319 601 141 0 0 0
92 319 604 144 8 8 0
100 327 607 147 0 -8 0
100 319 610 150 0 0 0
100 319 613 153 8 0 0
108 319 616 156 0 0 0
108 319 619 159 8 -8 0
116 311 622 162 0 0 0
116 311 625 165 0 8 0
116 319 628 168 8 0 0
124 319 631 171 0 0 0
124 319 634 174 0 8 0
124 327 637 177 8 0 0
132 327 640 180 0 -8 0
132 319 643 183 8 -8 0
140 311 646 186 0 8 0
140 319 649 189 0 -8 0
140 311 652 192 8 -8 0
148 303 655 195 0 -8 0
148 295 658 198 0 -8 0
148 287 661 201 8 8 0
156 295 664 204 0 0 0
156 295 667 207 8 0 0
164 295 670 210 0 -8 0
164 287 673 213 0 0 0
164 287 676 216 8 0 0
172 287 679 219 0 8 0
172 295 682 222 0 -8 0
172 287 685 225 8 -8 0
180 279 688 228 0 -8 0
180 271 691 231 8 8 0
188 279 694 234 0 0 0
188 279 697 237 0 8 0
188 287 700 240 8 8 0
196 295 703 243 0 0 0
196 295 706 246 0 -8 0
196 287 709 249 8 0 0
204 287 712 252 0 0 0
204 287 715 255 8 0 0
212 287 718 258 0 8 0
212 295 721 261 0 -8 0
212 287 724 264 8 -8 0
220 279 727 267 0 0 0
220 279 730 270 0 -8 0
220 271 733 273 8 8 0
228 279 736 276 0 -8 0
228 271 739 279 8 8 0
236 279 742 282 0 8 0
236 287 745 285 0 8 0
236 295 748 288 8 -8 0
244 287 751 291 0 0 0
244 287 754 294 0 0 0
244 287 757 297 8 -8 0
252 279 760 300 0 0 0
252 279 763 303 8 8 0
260 287 766 306 0 8 0
260 295 769 309 0 -8 0
260 287 772 312 8 0 0
268 287 775 315 0 0 0
268 287 778 318 0 -8 0
268 279 781 321 8 0 0
276 279 778 324 0 -8 0
276 271 775 327 8 0 0
284 271 772 330 0 0 0
284 271 769 333 0 -8 0
284 263 766 336 8 -8 0
292 255 763 339 0 -8 0
292 247 760 342 0 0 0
292 247 757 345 8 8 0
300 255 754 348 0 0 0
300 255 751 351 8 8 0
308 263 748 354 0 0 0
308 263 745 357 0 8 0
308 271 742 360 8 0 0
316 271 739 363 0 -8 0
316 263 736 366 0 0 0
316 263 733 369 8 0 0
324 263 730 372 0 0 0
324 263 727 375 8 0 0
332 263 724 378 0 8 0
332 271 721 381 0 0 0
332 271 718 384 8 -8 0
340 263 715 387 0 0 0
340 263 712 390 0 -8 0
340 255 709 393 8 0 0
348 255 706 396 0 0 0
348 255 703 399 8 0 0
356 255 700 402 0 -8 0
356 247 697 405 0 -8 0
356 239 694 408 8 0 0
364 239 691 411 0 8 0
364 247 688 414 0 8 0
364 255 685 417 8 0 0
372 255 682 420 0 0 0
372 255 679 423 8 -8 0
380 247 676 426 0 0 0
380 247 673 429 0 8 0
380 255 670 432 8 -8 0
388 247 667 435 0 8 0
388 255 664 438 0 0 0
388 255 661 441 8 8 0
396 263 658 444 0 0 0
396 263 655 447 8 0 0
404 263 652 450 0 0 0
404 263 649 453 0 8 0
404 271 646 456 8 -8 0
412 263 643 459 0 8 0
412 271 640 462 0 -8 0
412 263 637 465 8 0 0
420 263 634 468 0 8 0
420 271 631 471 8 -8 0
428 263 628 474 0 -8 0
428 255 625 477 0 8 0
428 263 622 480 8 -8 0
436 255 619 483 0 8 0
436 263 616 486 0 -8 0
436 255 613 489 8 8 0
444 263 610 492 0 -8 0
444 255 607 495 8 8 0
452 263 604 498 0 0 0
452 263 601 501 0 0 0
452 263 598 504 8 -8 0
460 255 595 507 0 8 0
460 263 592 510 0 -8 0
460 255 589 513 8 0 0
468 255 586 516 0 8 0
468 263 583 519 8 8 0
476 271 580 522 0 0 0
476 271 577 525 0 -8 0
476 263 574 528 8 -8 0
484 255 571 531 0 -8 0
484 247 568 534 0 0 0
484 247 565 537 8 8 0
492 255 562 540 0 -8 0
492 247 559 543 8 0 0
500 247 556 546 0 -8 0
500 239 553 549 0 8 0
500 247 550 552 8 0 0
508 247 547 555 0 0 0
508 247 544 558 0 0 0
508 247 541 561 8 0 0
516 247 538 564 0 8 0
516 255 535 567 8 8 0
524 263 532 570 0 0 0
524 263 529 573 0 0 0
524 263 526 576 8 8 0
532 271 523 579 0 8 0
532 279 520 582 0 8 0
532 287 517 585 8 0 0
540 287 514 588 0 -8 0
540 279 511 591 8 8 0
540 287 508 588 0 8 0
540 295 505 585 0 0 0
540 295 502 582 0 0 0
540 295 499 579 0 8 0
540 303 496 576 0 8 0
540 311 493 573 0 -8 0
540 303 490 570 0 8 0
540 311 487 567 0 0 0
540 311 484 564 0 8 0
540 319 481 561 0 8 0
540 327 478 558 0 0 0
540 327 475 555 0 0 0
540 327 472 552 0 0 0
540 327 469 549 0 8 0
540 335 466 546 0 8 0
540 343 463 543 0 0 0
540 343 460 540 0 -8 0
540 335 457 537 0 0 0
540 335 454 534 0 -8 0
540 327 451 531 0 8 0
540 335 448 528 0 8 0
540 343 445 525 0 0 0
540 343 442 522 0 -8 0
540 335 439 519 0 8 0
540 343 436 516 0 8 0
540 351 433 513 0 0 0
540 351 430 510 0 8 0
540 359 427 507 0 8 0
540 367 424 504 0 8 0
540 375 421 501 0 8 0
540 383 418 498 0 -8 0
540 375 415 495 0 -8 0
540 367 412 492 0 0 0
540 367 409 489 -8 -8 0
532 359 406 486 0 -8 0
532 351 403 483 0 8 0
532 359 400 480 -8 -8 0
524 351 397 477 0 0 0
524 351 394 474 0 -8 0
524 343 391 471 -8 0 0
516 343 388 468 0 8 0
516 351 385 465 -8 -8 0
508 343 382 462 0 -8 0
508 335 379 459 0 0 0
508 335 376 456 -8 8 0
500 343 373 453 0 0 0
500 343 370 450 0 -8 0
500 335 367 447 -8 8 0
492 343 364 444 0 -8 0
492 335 361 441 -8 -8 0
484 327 358 438 0 8 0
484 335 355 435 0 8 0
484 343 352 432 -8 8 0
476 351 349 429 0 8 0
476 359 346 426 0 -8 0
476 351 343 423 -8 -8 0
468 343 340 420 0 0 0
468 343 337 417 -8 0 0
460 343 334 414 0 8 0
460 351 331 411 0 0 0
460 351 328 408 -8 0 0
452 351 325 405 0 0 0
452 351 322 402 0 8 0
452 359 319 399 -8 -8 0
444 351 316 396 0 -8 0
444 343 313 393 -8 8 0
436 351 310 390 0 0 0
436 351 307 387 0 0 0
436 351 304 384 -8 0 0
428 351 301 381 0 8 0
428 359 298 378 0 -8 0
428 351 295 375 -8 -8 0
420 343 292 372 0 -8 0
420 335 289 369 -8 0 0
412 335 286 366 0 -8 0
412 327 283 363 0 8 0
412 335 280 360 -8 -8 0
404 327 277 357 0 -8 0
404 319 274 354 0 8 0
404 327 271 351 -8 8 0
396 335 268 348 0 0 0
396 335 265 345 -8 0 0
388 335 262 342 0 -8 0
388 327 259 339 0 8 0
388 335 256 336 -8 8 0
380 343 253 333 0 -8 0
380 335 250 330 0 -8 0
380 327 247 327 -8 8 0
372 335 244 324 0 -8 0
372 327 241 321 -8 8 0
364 335 238 318 0 0 0
364 335 235 315 0 -8 0
364 327 232 312 -8 -8 0
356 319 229 309 0 8 0
356 327 226 306 0 0 0
356 327 223 303 -8 8 0
348 335 220 300 0 -8 0
348 327 217 297 -8 0 0
340 327 214 294 0 -8 0
340 319 211 291 0 8 0
340 327 208 288 -8 0 0
332 327 205 285 0 0 0
332 327 202 282 0 8 0
332 335 199 279 -8 -8 0
324 327 196 276 0 -8 0
324 319 193 273 -8 -8 0
316 311 190 270 0 0 0
316 311 187 267 0 -8 0
316 303 184 264 -8 -8 0
308 295 181 261 0 8 0
308 303 178 258 0 8 0
308 311 175 255 -8 -8 0
300 303 172 252 0 0 0
300 303 169 249 -8 8 0
292 311 166 246 0 8 0
292 319 163 243 0 8 0
292 327 160 240 -8 -8 0
284 319 157 237 0 -8 0
284 311 154 234 0 -8 0
284 303 151 231 -8 8 0
276 311 148 228 0 0 0
276 311 145 225 -8 -8 0
268 303 142 222 0 -8 0
268 295 139 219 0 8 0
268 303 136 216 -8 8 0
260 311 133 213 0 -8 0
260 303 130 210 0 0 0
260 303 127 207 -8 -8 0
252 295 124 204 0 0 0
252 295 121 201 -8 8 0
244 303 118 198 0 0 0
244 303 115 195 0 8 0
244 311 112 192 -8 8 0
236 319 109 189 0 8 0
236 327 106 186 0 -8 0
236 319 103 183 -8 -8 0
228 311 100 180 0 0 0
228 311 97 177 -8 0 0
220 311 94 174 0 -8 0
220 303 91 171 0 8 0
220 311 88 168 -8 -8 0
212 303 85 165 0 -8 0
212 295 82 162 0 -8 0
212 287 79 159 -8 -8 0
204 279 76 156 0 -8 0
204 271 73 153 -8 0 0
196 271 70 150 0 0 0
196 271 67 147 0 -8 0
196 263 64 144 -8 8 0
188 271 61 141 0 -8 0
188 263 58 138 0 -8 0
188 255 55 135 -8 -8 0
180 247 52 132 0 -8 0
180 239 49 129 -8 8 0
172 247 46 126 0 8 0
172 255 43 123 0 -8 0
172 247 40 120 -8 8 0
164 255 37 117 0 8 0
164 263 34 114 0 8 0
164 271 31 111 -8 8 0
156 279 28 108 0 8 0
156 287 25 105 -8 0 0
148 287 22 102 0 -8 0
148 279 19 99 0 -8 0
148 271 22 96 -8 0 0
140 271 25 93 0 0 0
140 271 28 90 0 0 0
140 271 31 87 -8 -8 0
132 263 34 84 0 -8 0
132 255 37 81 -8 -8 0
124 247 40 78 0 -8 0
124 239 43 75 0 0 0
124 239 46 72 -8 0 0
116 239 49 69 0 0 0
116 239 52 66 0 -8 0
116 231 55 63 -8 8 0
108 239 58 60 0 -8 0
108 231 61 57 -8 8 0
100 239 64 54 0 -8 0
100 231 67 51 0 0 0
100 231 70 48 -8 -8 0
92 223 73 45 0 -8 0
92 215 76 42 0 0 0
92 215 79 39 -8 -8 0
84 207 82 36 0 8 0
84 215 85 33 -8 -8 0
76 207 88 30 0 8 0
76 215 91 27 0 -8 0
76 207 94 24 -8 -8 0
68 199 97 21 0 0 0
68 199 100 18 0 0 0
68 199 103 15 -8 -8 0
60 191 106 12 0 -8 0
60 183 109 9 -8 8 0
60 191 112 12 0 -8 0
60 183 115 15 0 0 0
60 183 118 18 0 0 0
60 183 121 21 0 8 0
60 191 124 24 0 -8 0
60 183 127 27 0 0 0
60 183 130 30 0 -8 0
60 175 133 33 0 0 0
60 175 136 36 0 8 0
60 183 139 39 0 0 0
60 183 142 42 0 -8 0
60 175 145 45 0 8 0
60 183 148 48 0 -8 0
60 175 151 51 0 -8 0
60 167 154 54 0 -8 0
60 159 157 57 0 -8 0
60 151 160 60 0 8 0
60 159 163 63 0 -8 0
60 151 166 66 0 0 0
60 151 169 69 0 0 0
60 151 172 72 0 0 0
60 151 175 75 0 0 0
60 151 178 78 0 0 0
60 151 181 81 0 -8 0
60 143 184 84 0 -8 0
60 135 187 87 0 8 0
60 143 190 90 0 -8 0
60 135 193 93 0 8 0
60 143 196 96 0 0 0
60 143 199 99 0 0 0
60 143 202 102 0 -8 0
60 135 205 105 0 8 0
60 143 208 108 0 -8 0
60 135 211 111 8 -8 0
68 127 214 114 0 -8 0
68 119 217 117 0 8 0
68 127 220 120 8 -8 0
76 119 223 123 0 0 0
76 119 226 126 0 -8 0
76 111 229 129 8 8 0
84 119 232 132 0 0 0
84 119 235 135 8 -8 0
92 111 238 138 0 0 0
92 111 241 141 0 -8 0
92 103 244 144 8 -8 0
100 95 247 147 0 0 0
100 95 250 150 0 8 0
100 103 253 153 8 -8 0
108 95 256 156 0 8 0
108 103 259 159 8 -8 0
116 95 262 162 0 -8 0
116 87 265 165 0 0 0
116 87 268 168 8 0 0
124 87 271 171 0 8 0
124 95 274 174 0 8 0
124 103 277 177 8 8 0
132 111 280 180 0 0 0
132 111 283 183 8 -8 0
140 103 286 186 0 0 0
140 103 289 189 0 8 0
140 111 292 192 8 0 0
148 111 295 195 0 8 0
148 119 298 198 0 -8 0
148 111 301 201 8 -8 0
156 103 304 204 0 8 0
156 111 307 207 8 8 0
164 119 310 210 0 -8 0
164 111 313 213 0 0 0
164 111 316 216 8 -8 0
172 103 319 219 0 8 0
172 111 322 222 0 -8 0
172 103 325 225 8 0 0
180 103 328 228 0 0 0
180 103 331 231 8 -8 0
188 95 334 234 0 8 0
188 103 337 237 0 0 0
188 103 340 240 8 -8 0
196 95 343 243 0 0 0
196 95 346 246 0 -8 0
196 87 349 249 8 -8 0
204 79 352 252 0 -8 0
204 71 355 255 8 0 0
212 71 358 258 0 -8 0
212 63 361 261 0 8 0
212 71 364 264 8 8 0
220 79 367 267 0 0 0
220 79 370 270 0 8 0
220 87 373 273 8 8 0
228 95 376 276 0 8 0
228 103 379 279 8 0 0
236 103 382 282 0 8 0
236 111 385 285 0 8 0
236 119 388 288 8 0 0
244 119 391 291 0 -8 0
244 111 394 294 0 8 0
244 119 397 297 8 0 0
252 119 400 300 0 8 0
252 127 403 303 8 -8 0
260 119 406 306 0 8 0
260 127 409 309 0 8 0
260 135 412 312 8 -8 0
268 127 415 315 0 -8 0
268 119 418 318 0 0 0
268 119 421 321 8 0 0
276 119 424 324 0 0 0
276 119 427 327 8 8 0
284 127 430 330 0 8 0
284 135 433 333 0 8 0
284 143 436 336 8 8 0
292 151 439 339 0 0 0
292 151 442 342 0 -8 0
292 143 445 345 8 8 0
300 151 448 348 0 0 0
300 151 451 351 8 -8 0
308 143 454 354 0 -8 0
308 135 457 357 0 0 0
308 135 460 360 8 0 0
316 135 463 363 0 0 0
316 135 466 366 0 -8 0
316 127 469 369 8 0 0
324 127 472 372 0 0 0
324 127 475 375 8 8 0
332 135 478 378 0 8 0
332 143 481 381 0 -8 0
332 135 484 384 8 -8 0
340 127 487 387 0 -8 0
340 119 490 390 0 8 0
340 127 493 393 8 8 0
348 135 496 396 0 -8 0
348 127 499 399 8 0 0
356 127 502 402 0 0 0
356 127 505 405 0 0 0
356 127 508 408 8 -8 0
364 119 511 411 0 0 0
364 119 514 414 0 0 0
364 119 517 417 8 -8 0
372 111 520 420 0 0 0
372 111 523 423 8 -8 0
380 103 526 426 0 0 0
380 103 529 429 0 0 0
380 103 532 432 8 8 0
388 111 535 435 0 0 0
388 111 538 438 0 8 0
388 119 541 441 8 -8 0
396 111 544 444 0 -8 0
396 103 547 447 8 8 0
404 111 550 450 0 -8 0
404 103 553 453 0 8 0
404 111 556 456 8 -8 0
412 103 559 459 0 8 0
412 111 562 462 0 0 0
412 111 565 465 8 8 0
420 119 568 468 0 -8 0
420 111 571 471 8 8 0
428 119 574 474 0 -8 0
428 111 577 477 0 0 0
428 111 580 480 8 -8 0
436 103 583 483 0 -8 0
436 95 586 486 0 -8 0
436 87 589 489 8 -8 0
444 79 592 492 0 0 0
444 79 595 495 8 8 0
452 87 598 498 0 -8 0
452 79 601 501 0 8 0
452 87 604 504 8 8 0
460 95 607 507 0 8 0
460 103 610 510 0 -8 0
460 95 613 513 8 8 0
468 103 616 516 0 -8 0
468 95 619 519 8 0 0
476 95 622 522 0 8 0
476 103 625 525 0 8 0
476 111 628 528 8 0 0
484 111 631 531 0 0 0
484 111 634 534 0 8 0
484 119 637 537 8 -8 0
492 111 640 540 0 0 0
492 111 643 543 8 8 0
500 119 646 546 0 0 0
500 119 649 549 0 -8 0
500 111 652 552 8 0 0
508 111 655 555 0 8 0
508 119 658 558 0 -8 0
508 111 661 561 8 -8 0
516 103 664 564 0 8 0
516 111 667 567 8 8 0
524 119 670 570 0 0 0
524 119 673 573 0 8 0
524 127 676 576 8 -8 0
532 119 679 579 0 8 0
532 127 682 582 0 8 0
532 135 685 585 8 0 0
540 135 688 588 0 -8 0
540 127 691 591 8 -8 0
540 119 694 588 0 0 0
540 119 697 585 0 0 0
540 119 700 582 0 -8 0
540 111 703 579 0 -8 0
540 103 706 576 0 0 0
540 103 709 573 0 0 0
540 103 712 570 0 -8 0
540 95 715 567 0 -8 0
540 87 718 564 0 0 0
540 87 721 561 0 8 0
540 95 724 558 0 -8 0
540 87 727 555 0 0 0
540 87 730 552 0 8 0
540 95 733 549 0 8 0
540 103 736 546 0 -8 0
540 95 739 543 0 0 0
540 95 742 540 0 0 0
540 95 745 537 0 -8 0
540 87 748 534 0 0 0
540 87 751 531 0 0 0
540 87 754 528 0 -8 0
540 79 757 525 0 8 0
540 87 760 522 0 -8 0
540 79 763 519 0 0 0
540 79 766 516 0 0 0
540 79 769 513 0 0 0
540 79 772 510 0 0 0
540 79 775 507 0 0 0
540 79 778 504 0 0 0
540 79 781 501 0 0 1
540 79 781 501 0 0 1
540 79 781 501 0 0 1
540 79 781 501 0 0 1
540 79 781 501 0 0 1
