156 355 478 453 0 0 0
156 355 481 450 8 0 0
164 355 484 447 8 -8 0
172 347 487 444 8 0 0
180 347 490 441 8 -8 0
188 339 493 438 8 0 0
196 339 496 435 8 8 0
204 347 499 432 8 -8 0
212 339 502 429 8 8 0
220 347 505 426 8 0 0
228 347 508 423 8 -8 0
236 339 511 420 8 -8 0
244 331 514 417 8 8 0
252 339 517 414 8 -8 0
260 331 520 411 8 -8 0
268 323 523 408 8 -8 0
276 315 526 405 8 0 0
284 315 529 402 8 8 0
292 323 532 399 8 8 0
300 331 535 396 8 0 0
308 331 538 393 8 8 0
316 339 541 390 8 -8 0
324 331 544 387 8 -8 0
332 323 547 384 8 8 0
340 331 550 381 0 0 0
340 331 553 378 0 0 0
340 331 556 375 0 8 0
340 339 559 372 0 8 0
340 347 562 369 0 8 0
340 355 565 366 0 -8 0
340 347 568 363 0 -8 0
340 339 571 360 0 -8 0
340 331 574 357 0 8 0
340 339 577 354 0 -8 0
340 331 580 351 0 0 0
340 331 583 348 0 -8 0
340 323 586 345 0 8 0
340 331 589 342 0 0 0
340 331 592 339 0 -8 0
340 323 595 336 0 -8 0
340 315 598 333 0 -8 0
340 307 601 330 0 -8 0
340 299 604 327 0 8 0
340 307 607 324 0 -8 0
340 299 610 321 0 -8 0
340 291 613 318 0 -8 0
340 283 616 315 0 -8 0
340 275 619 312 0 -8 0
340 267 622 309 0 -8 0
340 259 625 306 0 -8 0
340 251 628 303 0 0 0
340 251 631 300 0 -8 0
340 243 634 297 0 8 0
340 251 637 294 0 0 0
340 251 640 291 0 8 0
340 259 643 288 -8 -8 0
332 251 646 285 0 0 0
332 251 649 282 0 8 0
332 259 652 279 -8 8 0
324 267 655 276 0 -8 0
324 259 658 273 -8 8 0
316 267 661 270 0 -8 0
316 259 664 267 0 0 0
316 259 667 264 -8 8 0
308 267 670 261 0 0 0
308 267 673 258 0 0 0
308 267 676 255 -8 0 0
300 267 679 252 0 0 0
300 267 682 249 -8 0 0
292 267 685 246 0 -8 0
292 259 688 243 0 8 0
292 267 691 240 -8 -8 0
284 259 694 237 0 8 0
284 267 697 234 0 8 0
284 275 700 231 -8 8 0
276 283 703 228 0 0 0
276 283 706 225 -8 0 0
268 283 709 222 0 0 0
268 283 712 219 0 8 0
268 291 715 216 -8 -8 0
260 283 718 213 0 0 0
260 283 721 210 0 -8 0
260 275 724 207 -8 -8 0
252 267 727 204 0 0 0
252 267 730 201 -8 8 0
244 275 733 198 0 8 0
244 283 736 195 0 8 0
244 291 739 192 -8 -8 0
236 283 742 189 0 -8 0
236 275 745 186 0 0 0
236 275 748 183 -8 -8 0
228 267 751 180 0 8 0
228 275 754 177 -8 0 0
220 275 757 174 0 8 0
220 283 760 171 0 0 0
220 283 763 168 -8 8 0
212 291 766 165 0 8 0
212 299 769 162 0 0 0
212 299 772 159 -8 -8 0
204 291 775 156 0 8 0
204 299 778 153 -8 -8 0
196 291 781 150 0 0 1
196 291 781 150 0 0 1
196 291 781 150 0 0 1
196 291 781 150 0 0 1
196 291 781 150 0 0 1
