494 457 322 156 0 0 0
494 457 325 159 -8 -8 0
486 449 328 162 -8 0 0
478 449 331 165 -8 8 0
470 457 334 168 -8 8 0
462 465 337 171 -8 -8 0
454 457 340 174 -8 8 0
446 465 343 177 -8 -8 0
438 457 346 180 -8 8 0
430 465 349 183 -8 8 0
422 473 352 186 -8 0 0
414 473 355 189 -8 -8 0
406 465 358 192 -8 -8 0
398 457 361 195 -8 -8 0
390 449 364 198 -8 -8 0
382 441 367 201 -8 -8 0
374 433 370 204 -8 8 0
366 441 373 207 -8 8 0
358 449 376 210 -8 8 0
350 457 379 213 -8 -8 0
342 449 382 216 -8 8 0
334 457 385 219 -8 8 0
326 465 388 222 -8 0 0
318 465 391 225 -8 -8 0
310 457 394 228 -8 0 0
302 457 397 231 -8 8 0
294 465 400 234 -8 -8 0
286 457 403 237 0 -8 0
286 449 406 240 0 0 0
286 449 409 243 0 0 0
286 449 412 246 0 8 0
286 457 415 249 0 -8 0
286 449 418 252 0 0 0
286 449 421 255 0 8 0
286 457 424 258 0 -8 0
286 449 427 261 0 0 0
286 449 430 264 0 -8 0
286 441 433 267 0 -8 0
286 433 436 270 0 -8 0
286 425 439 273 0 8 0
286 433 442 276 0 8 0
286 441 445 279 0 0 0
286 441 448 282 0 0 0
286 441 451 285 0 -8 0
286 433 454 288 0 -8 0
286 425 457 291 0 0 0
286 425 460 294 0 0 0
286 425 463 297 0 -8 0
286 417 466 300 0 0 0
286 417 469 303 0 -8 0
286 409 472 306 0 -8 0
286 401 475 309 0 0 0
286 401 478 312 0 0 0
286 401 481 315 0 8 0
286 409 484 318 0 -8 0
286 401 487 321 0 0 0
286 401 490 324 0 0 0
286 401 493 327 0 8 0
286 409 496 330 0 8 0
286 417 499 333 0 8 0
286 425 502 336 0 0 0
286 425 505 339 8 8 0
294 433 508 342 0 -8 0
294 425 511 345 8 0 0
302 425 514 348 0 -8 0
302 417 517 351 0 -8 0
302 409 520 354 8 0 0
310 409 523 357 0 -8 0
310 401 526 360 0 8 0
310 409 529 363 8 0 0
318 409 532 366 0 -8 0
318 401 535 369 8 -8 0
326 393 538 372 0 0 0
326 393 541 375 0 0 0
326 393 544 378 8 -8 0
334 385 547 381 0 0 0
334 385 550 384 0 8 0
334 393 553 387 8 -8 0
342 385 556 390 0 -8 0
342 377 559 393 8 -8 0
350 369 562 396 0 8 0
350 377 565 399 0 -8 0
350 369 568 402 8 -8 0
358 361 571 405 0 -8 0
358 353 574 408 0 -8 0
358 345 577 411 8 -8 0
366 337 580 414 0 0 0
366 337 583 417 8 8 0
374 345 586 420 0 -8 0
374 337 589 423 0 -8 0
374 329 592 426 8 8 0
382 337 595 429 0 8 0
382 345 598 432 0 0 0
382 345 601 435 8 8 0
390 353 604 438 0 -8 0
390 345 607 441 8 0 0
398 345 610 444 0 8 0
398 353 613 447 0 -8 0
398 345 616 450 8 8 0
406 353 619 453 0 -8 0
406 345 622 456 0 8 0
406 353 625 459 8 -8 0
414 345 628 462 0 0 0
414 345 631 465 8 8 0
422 353 634 468 0 -8 0
422 345 637 471 0 8 0
422 353 640 474 8 8 0
430 361 643 477 0 8 0
430 369 646 480 0 -8 0
430 361 649 483 8 0 0
438 361 652 486 0 0 0
438 361 655 489 8 -8 0
446 353 658 492 0 0 0
446 353 661 495 0 8 0
446 361 664 498 8 0 0
454 361 667 501 0 8 0
454 369 670 504 0 8 0
454 377 673 507 8 0 0
462 377 676 510 0 0 0
462 377 679 513 8 -8 0
470 369 682 516 0 0 0
470 369 685 519 0 8 0
470 377 688 522 8 0 0
478 377 691 525 0 8 0
478 385 694 528 0 -8 0
478 377 697 531 8 8 0
486 385 700 534 0 0 0
486 385 703 537 8 8 0
494 393 706 540 0 0 0
494 393 709 543 0 0 0
494 393 712 546 8 0 0
502 393 715 549 0 8 0
502 401 718 552 0 -8 0
502 393 721 555 8 8 0
510 401 724 558 0 0 0
510 401 727 561 8 0 0
518 401 730 564 0 8 0
518 409 733 567 0 0 0
518 409 736 570 8 -8 0
526 401 739 573 0 -8 0
526 393 742 576 0 0 0
526 393 745 579 8 0 0
534 393 748 582 0 8 0
534 401 751 585 8 -8 0
540 393 754 588 0 8 0
540 401 757 591 8 8 0
540 409 760 588 0 8 0
540 417 763 585 0 8 0
540 425 766 582 0 -8 0
540 417 769 579 0 -8 0
540 409 772 576 0 -8 0
540 401 775 573 0 -8 0
540 393 778 570 0 -8 0
540 385 781 567 0 0 1
540 385 781 567 0 0 1
540 385 781 567 0 0 1
540 385 781 567 0 0 1
540 385 781 567 0 0 1
