521 320 655 195 0 0 0
521 320 652 198 -8 8 0
513 328 649 201 -8 8 0
505 336 646 204 -8 8 0
497 344 643 207 -8 -8 0
489 336 640 210 -8 8 0
481 344 637 213 -8 8 0
473 352 634 216 -8 0 0
465 352 631 219 -8 0 0
457 352 628 222 -8 0 0
449 352 625 225 -8 0 0
441 352 622 228 -8 0 0
433 352 619 231 -8 8 0
425 360 616 234 -8 8 0
417 368 613 237 -8 0 0
409 368 610 240 -8 0 0
401 368 607 243 -8 0 0
393 368 604 246 -8 0 0
385 368 601 249 -8 8 0
377 376 598 252 -8 8 0
369 384 595 255 -8 -8 0
361 376 592 258 -8 -8 0
353 368 589 261 -8 8 0
345 376 586 264 -8 0 0
337 376 583 267 -8 -8 0
329 368 580 270 -8 0 0
321 368 577 273 0 0 0
321 368 574 276 0 8 0
321 376 571 279 0 0 0
321 376 568 282 0 -8 0
321 368 565 285 0 8 0
321 376 562 288 0 0 0
321 376 559 291 0 8 0
321 384 556 294 0 0 0
321 384 553 297 0 0 0
321 384 550 300 0 0 0
321 384 547 303 0 8 0
321 392 544 306 0 0 0
321 392 541 309 0 0 0
321 392 538 312 0 -8 0
321 384 535 315 0 0 0
321 384 532 318 0 8 0
321 392 529 321 0 0 0
321 392 526 324 0 -8 0
321 384 523 327 0 0 0
321 384 520 330 0 0 0
321 384 517 333 0 0 0
321 384 514 336 0 8 0
321 392 511 339 0 8 0
321 400 508 342 0 0 0
321 400 505 345 0 0 0
321 400 502 348 0 -8 0
321 392 499 351 0 0 0
321 392 496 354 0 8 0
321 400 493 357 0 8 0
321 408 490 360 0 8 0
321 416 487 363 0 8 0
321 424 484 366 0 -8 0
321 416 481 369 0 -8 0
321 408 478 372 8 -8 0
329 400 475 375 0 0 0
329 400 472 378 0 -8 0
329 392 469 381 8 8 0
337 400 466 384 0 8 0
337 408 463 387 0 0 0
337 408 460 390 8 0 0
345 408 457 393 0 0 0
345 408 454 396 8 8 0
353 416 451 399 0 -8 0
353 408 448 402 0 8 0
353 416 445 405 8 -8 0
361 408 442 408 0 8 0
361 416 439 411 0 8 0
361 424 436 414 8 8 0
369 432 433 417 0 0 0
369 432 430 420 8 -8 0
377 424 427 423 0 8 0
377 432 424 426 0 8 0
377 440 421 429 8 -8 0
385 432 418 432 0 -8 0
385 424 415 435 0 8 0
385 432 412 438 8 0 0
393 432 409 441 0 8 0
393 440 406 444 8 8 0
401 448 403 447 0 -8 0
401 440 400 450 0 8 0
401 448 397 453 8 -8 0
409 440 394 456 0 8 0
409 448 391 459 0 0 0
409 448 388 462 8 -8 0
417 440 385 465 0 8 0
417 448 382 468 8 8 0
425 456 379 471 0 -8 0
425 448 376 474 0 -8 0
425 440 373 477 8 -8 0
433 432 370 480 0 -8 0
433 424 367 483 0 -8 0
433 416 364 486 8 0 0
441 416 361 489 0 0 0
441 416 358 492 8 8 0
449 424 355 495 0 8 0
449 432 352 498 0 8 0
449 440 349 501 8 -8 0
457 432 346 504 0 0 0
457 432 343 507 0 0 0
457 432 340 510 8 -8 0
465 424 337 513 0 8 0
465 432 334 516 8 -8 0
473 424 331 519 0 0 0
473 424 328 522 0 -8 0
473 416 325 525 8 8 0
481 424 322 528 0 0 0
481 424 319 531 0 0 0
481 424 316 534 8 -8 0
489 416 313 537 0 8 0
489 424 310 540 8 -8 0
497 416 307 543 0 8 0
497 424 304 546 0 -8 0
497 416 301 549 8 8 0
505 424 298 552 0 -8 0
505 416 295 555 0 8 0
505 424 292 558 8 -8 0
513 416 289 561 0 0 0
513 416 286 564 8 8 0
521 424 283 567 0 0 0
521 424 280 570 0 -8 0
521 416 277 573 8 0 0
529 416 274 576 0 0 0
529 416 271 579 0 -8 0
529 408 268 582 8 -8 0
537 400 265 585 0 0 0
537 400 262 588 8 8 0
540 408 259 591 8 8 0
540 416 256 588 0 8 0
540 424 253 585 0 8 0
540 432 250 582 0 8 0
540 440 247 579 0 0 0
540 440 244 576 0 8 0
540 448 241 573 0 0 0
540 448 238 570 0 0 0
540 448 235 567 0 0 0
540 448 232 564 0 0 0
540 448 229 561 0 -8 0
540 440 226 558 0 0 0
540 440 223 555 0 8 0
540 448 220 552 0 0 0
540 448 217 549 0 0 0
540 448 214 546 0 8 0
540 456 211 543 0 -8 0
540 448 208 540 0 -8 0
540 440 205 537 0 0 0
540 440 202 534 0 8 0
540 448 199 531 0 -8 0
540 440 196 528 0 -8 0
540 432 193 525 0 0 0
540 432 190 522 0 8 0
540 440 187 519 0 -8 0
540 432 184 516 0 -8 0
540 424 181 513 0 -8 0
540 416 178 510 0 0 0
540 416 175 507 0 0 0
540 416 172 504 0 0 0
540 416 169 501 0 8 0
540 424 166 498 0 8 0
540 432 163 495 0 8 0
540 440 160 492 0 0 0
540 440 157 489 -8 8 0
532 448 154 486 0 -8 0
532 440 151 483 0 8 0
532 448 148 480 -8 0 0
524 448 145 477 0 -8 0
524 440 142 474 0 0 0
524 440 139 471 -8 -8 0
516 432 136 468 0 0 0
516 432 133 465 -8 8 0
508 440 130 462 0 8 0
508 448 127 459 0 0 0
508 448 124 456 -8 -8 0
500 440 121 453 0 0 0
500 440 118 450 0 0 0
500 440 115 447 -8 0 0
492 440 112 444 0 -8 0
492 432 109 441 -8 8 0
484 440 106 438 0 0 0
484 440 103 435 0 8 0
484 448 100 432 -8 -8 0
476 440 97 429 0 -8 0
476 432 94 426 0 -8 0
476 424 91 423 -8 -8 0
468 416 88 420 0 -8 0
468 408 85 417 -8 8 0
460 416 82 414 0 0 0
460 416 79 411 0 -8 0
460 408 76 408 -8 0 0
452 408 73 405 0 -8 0
452 400 70 402 0 -8 0
452 392 67 399 -8 8 0
444 400 64 396 0 0 0
444 400 61 393 -8 -8 0
436 392 58 390 0 -8 0
436 384 55 387 0 0 0
436 384 52 384 -8 0 0
428 384 49 381 0 8 0
428 392 46 378 0 8 0
428 400 43 375 -8 -8 0
420 392 40 372 0 0 0
420 392 37 369 -8 -8 0
412 384 34 366 0 -8 0
412 376 31 363 0 0 0
412 376 28 360 -8 -8 0
404 368 25 357 0 8 0
404 376 22 354 0 -8 0
404 368 19 351 0 0 1
404 368 19 351 0 0 1
404 368 19 351 0 0 1
404 368 19 351 0 0 1
404 368 19 351 0 0 1
