114 199 235 354 0 0 0
114 199 232 351 8 0 0
122 199 229 348 8 0 0
130 199 226 345 8 -8 0
138 191 223 342 8 0 0
146 191 220 339 8 0 0
154 191 217 336 8 -8 0
162 183 214 333 8 -8 0
170 175 211 330 8 8 0
178 183 208 327 8 -8 0
186 175 205 324 8 -8 0
194 167 202 321 8 -8 0
202 159 199 318 8 8 0
210 167 196 315 8 0 0
218 167 193 312 8 0 0
226 167 190 309 8 8 0
234 175 187 306 8 0 0
242 175 184 303 8 8 0
250 183 181 300 0 0 0
250 183 178 297 0 0 0
250 183 175 294 0 8 0
250 191 172 291 0 8 0
250 199 169 288 0 -8 0
250 191 166 285 0 0 0
250 191 163 282 0 -8 0
250 183 160 279 0 0 0
250 183 157 276 0 0 0
250 183 154 273 0 8 0
250 191 151 270 0 8 0
250 199 148 267 0 0 0
250 199 145 264 0 0 0
250 199 142 261 0 -8 0
250 191 139 258 0 8 0
250 199 136 255 0 8 0
250 207 133 252 0 0 0
250 207 130 249 0 0 0
250 207 127 246 0 -8 0
250 199 124 243 0 0 0
250 199 121 240 0 0 0
250 199 118 237 0 0 0
250 199 115 234 0 8 0
250 207 112 231 0 8 0
250 215 109 228 0 8 0
250 223 106 225 0 8 0
250 231 103 222 0 -8 0
250 223 100 219 0 -8 0
250 215 97 216 0 8 0
250 223 94 213 0 8 0
250 231 91 210 0 8 0
250 239 88 207 0 0 0
250 239 85 204 0 8 0
250 247 82 201 0 8 0
250 255 79 198 -8 0 0
242 255 76 195 0 -8 0
242 247 73 192 0 8 0
242 255 70 189 -8 0 0
234 255 67 186 0 0 0
234 255 64 183 -8 8 0
226 263 61 180 0 0 0
226 263 58 177 0 8 0
226 271 55 174 -8 8 0
218 279 52 171 0 0 0
218 279 49 168 0 -8 0
218 271 46 165 -8 8 0
210 279 43 162 0 0 0
210 279 40 159 -8 0 0
202 279 37 156 0 0 0
202 279 34 153 0 0 0
202 279 31 150 -8 8 0
194 287 28 147 0 -8 0
194 279 25 144 0 -8 0
194 271 22 141 -8 -8 0
186 263 19 138 0 8 0
186 271 22 135 -8 0 0
178 271 25 132 0 8 0
178 279 28 129 0 -8 0
178 271 31 126 -8 -8 0
170 263 34 123 0 0 0
170 263 37 120 0 8 0
170 271 40 117 -8 8 0
162 279 43 114 0 8 0
162 287 46 111 -8 -8 0
154 279 49 108 0 -8 0
154 271 52 105 0 0 0
154 271 55 102 -8 -8 0
146 263 58 99 0 8 0
146 271 61 96 0 8 0
146 279 64 93 -8 8 0
138 287 67 90 0 8 0
138 295 70 87 -8 0 0
130 295 73 84 0 8 0
130 303 76 81 0 0 0
130 303 79 78 -8 8 0
122 311 82 75 0 -8 0
122 303 85 72 0 0 0
122 303 88 69 -8 -8 0
114 295 91 66 0 0 0
114 295 94 63 -8 8 0
106 303 97 60 0 8 0
106 311 100 57 0 8 0
106 319 103 54 -8 0 0
98 319 106 51 0 8 0
98 327 109 48 0 0 0
98 327 112 45 -8 8 0
90 335 115 42 0 8 0
90 343 118 39 -8 8 0
82 351 121 36 0 0 0
82 351 124 33 0 8 0
82 359 127 30 -8 8 0
74 367 130 27 0 -8 0
74 359 133 24 0 -8 0
74 351 136 21 -8 8 0
66 359 139 18 0 8 0
66 367 142 15 -8 8 0
60 375 145 12 0 8 0
60 383 148 9 -8 -8 0
60 375 151 12 0 -8 0
60 367 154 15 0 0 0
60 367 157 18 0 -8 0
60 359 160 21 0 8 0
60 367 163 24 0 8 0
60 375 166 27 0 8 0
60 383 169 30 0 -8 0
60 375 172 33 0 0 0
60 375 175 36 0 -8 0
60 367 178 39 0 -8 0
60 359 181 42 0 0 0
60 359 184 45 0 -8 0
60 351 187 48 0 8 0
60 359 190 51 0 8 0
60 367 193 54 0 8 0
60 375 196 57 0 8 0
60 383 199 60 0 0 0
60 383 202 63 0 -8 0
60 375 205 66 0 -8 0
60 367 208 69 0 -8 0
60 359 211 72 0 -8 0
60 351 214 75 0 8 0
60 359 217 78 0 -8 0
60 351 220 81 0 -8 0
60 343 223 84 0 -8 0
60 335 226 87 0 8 0
60 343 229 90 0 0 0
60 343 232 93 0 -8 0
60 335 235 96 0 0 0
60 335 238 99 0 0 0
60 335 241 102 0 -8 0
60 327 244 105 0 8 0
60 335 247 108 0 0 0
60 335 250 111 8 8 0
68 343 253 114 0 0 0
68 343 256 117 0 -8 0
68 335 259 120 8 -8 0
76 327 262 123 0 0 0
76 327 265 126 0 0 0
76 327 268 129 8 -8 0
84 319 271 132 0 8 0
84 327 274 135 8 -8 0
92 319 277 138 0 8 0
92 327 280 141 0 8 0
92 335 283 144 8 8 0
100 343 286 147 0 0 0
100 343 289 150 0 8 0
100 351 292 153 8 -8 0
108 343 295 156 0 -8 0
108 335 298 159 8 8 0
116 343 301 162 0 -8 0
116 335 304 165 0 0 0
116 335 307 168 8 0 0
124 335 310 171 0 0 0
124 335 313 174 0 8 0
124 343 316 177 8 8 0
132 351 319 180 0 8 0
132 359 322 183 8 8 0
140 367 325 186 0 8 0
140 375 328 189 0 8 0
140 383 331 192 8 -8 0
148 375 334 195 0 0 0
148 375 337 198 0 8 0
148 383 340 201 8 8 0
156 391 343 204 0 -8 0
156 383 346 207 8 0 0
164 383 349 210 0 0 0
164 383 352 213 0 -8 0
164 375 355 216 8 -8 0
172 367 358 219 0 8 0
172 375 361 222 0 -8 0
172 367 364 225 8 8 0
180 375 367 228 0 -8 0
180 367 370 231 8 8 0
188 375 373 234 0 0 0
188 375 376 237 0 0 0
188 375 379 240 8 -8 0
196 367 382 243 0 -8 0
196 359 385 246 0 0 0
196 359 388 249 8 -8 0
204 351 391 252 0 8 0
204 359 394 255 8 8 0
212 367 397 258 0 0 0
212 367 400 261 0 -8 0
212 359 403 264 8 0 0
220 359 406 267 0 8 0
220 367 409 270 0 -8 0
220 359 412 273 8 0 0
228 359 415 276 0 0 0
228 359 418 279 8 8 0
236 367 421 282 0 0 0
236 367 424 285 0 -8 0
236 359 427 288 8 -8 0
244 351 430 291 0 8 0
244 359 433 294 0 8 0
244 367 436 297 8 -8 0
252 359 439 300 0 8 0
252 367 442 303 8 8 0
260 375 445 306 0 8 0
260 383 448 309 0 -8 0
260 375 451 312 8 0 0
268 375 454 315 0 0 0
268 375 457 318 0 0 0
268 375 460 321 8 -8 0
276 367 463 324 0 -8 0
276 359 466 327 8 0 0
284 359 469 330 0 0 0
284 359 472 333 0 0 0
284 359 475 336 8 0 0
292 359 478 339 0 -8 0
292 351 481 342 0 8 0
292 359 484 345 8 0 0
300 359 487 348 0 -8 0
300 351 490 351 8 0 0
308 351 493 354 0 0 0
308 351 496 357 0 8 0
308 359 499 360 8 8 0
316 367 502 363 0 -8 0
316 359 505 366 0 8 0
316 367 508 369 8 8 0
324 375 511 372 0 -8 0
324 367 514 375 8 8 0
332 375 517 378 0 8 0
332 383 520 381 0 -8 0
332 375 523 384 8 -8 0
340 367 526 387 0 8 0
340 375 529 390 0 0 0
340 375 532 393 8 0 0
348 375 535 396 0 0 0
348 375 538 399 8 -8 0
356 367 541 402 0 8 0
356 375 544 405 0 -8 0
356 367 547 408 8 0 0
364 367 550 411 0 8 0
364 375 553 414 0 8 0
364 383 556 417 8 8 0
372 391 559 420 0 -8 0
372 383 562 423 8 0 0
380 383 565 426 0 8 0
380 391 568 429 0 0 0
380 391 571 432 8 8 0
388 399 574 435 0 -8 0
388 391 577 438 0 -8 0
388 383 580 441 8 0 0
396 383 583 444 0 -8 0
396 375 586 447 8 -8 0
404 367 589 450 0 8 0
404 375 592 453 0 -8 0
404 367 595 456 8 8 0
412 375 598 459 0 -8 0
412 367 601 462 0 -8 0
412 359 604 465 8 8 0
420 367 607 468 0 0 0
420 367 610 471 8 8 0
428 375 613 474 0 8 0
428 383 616 477 0 -8 0
428 375 619 480 8 8 0
436 383 622 483 0 -8 0
436 375 625 486 0 0 0
436 375 628 489 8 -8 0
444 367 631 492 0 0 0
444 367 634 495 8 0 0
452 367 637 498 0 0 0
452 367 640 501 0 -8 0
452 359 643 504 8 8 0
460 367 646 507 0 -8 0
460 359 649 510 0 0 0
460 359 652 513 8 8 0
468 367 655 516 0 8 0
468 375 658 519 8 0 0
476 375 661 522 0 0 0
476 375 664 525 0 8 0
476 383 667 528 8 0 0
484 383 670 531 0 -8 0
484 375 673 534 0 8 0
484 383 676 537 8 0 0
492 383 679 540 0 0 0
492 383 682 543 8 8 0
500 391 685 546 0 8 0
500 399 688 549 0 0 0
500 399 691 552 8 -8 0
508 391 694 555 0 8 0
508 399 697 558 0 0 0
508 399 700 561 8 0 0
516 399 703 564 0 -8 0
516 391 706 567 8 0 0
524 391 709 570 0 8 0
524 399 712 573 0 8 0
524 407 715 576 8 -8 0
532 399 718 579 0 8 0
532 407 721 582 0 0 0
532 407 724 585 8 8 0
540 415 727 588 0 -8 0
540 407 730 591 8 8 0
540 415 733 588 0 0 0
540 415 736 585 0 0 0
540 415 739 582 0 -8 0
540 407 742 579 0 -8 0
540 399 745 576 0 8 0
540 407 748 573 0 -8 0
540 399 751 570 0 0 0
540 399 754 567 0 -8 0
540 391 757 564 0 -8 0
540 383 760 561 0 8 0
540 391 763 558 0 8 0
540 399 766 555 0 -8 0
540 391 769 552 0 8 0
540 399 772 549 0 -8 0
540 391 775 546 0 0 0
540 391 778 543 0 -8 0
540 383 781 540 0 0 1
540 383 781 540 0 0 1
540 383 781 540 0 0 1
540 383 781 540 0 0 1
540 383 781 540 0 0 1
