412 421 637 438 0 0 0
412 421 640 435 0 8 0
412 429 643 432 0 -8 0
412 421 646 429 0 0 0
412 421 649 426 0 0 0
412 421 652 423 0 0 0
412 421 655 420 0 -8 0
412 413 658 417 0 -8 0
412 405 661 414 0 -8 0
412 397 664 411 0 8 0
412 405 667 408 0 -8 0
412 397 670 405 0 8 0
412 405 673 402 0 8 0
412 413 676 399 0 8 0
412 421 679 396 0 8 0
412 429 682 393 0 8 0
412 437 685 390 0 8 0
412 445 688 387 0 0 0
412 445 691 384 0 -8 0
412 437 694 381 0 8 0
412 445 697 378 0 8 0
412 453 700 375 0 8 0
412 461 703 372 0 8 0
412 469 706 369 0 -8 0
412 461 709 366 0 8 0
412 469 712 363 0 0 0
412 469 715 360 -8 -8 0
404 461 718 357 0 8 0
404 469 721 354 0 8 0
404 477 724 351 -8 -8 0
396 469 727 348 0 8 0
396 477 730 345 -8 -8 0
388 469 733 342 0 8 0
388 477 736 339 0 0 0
388 477 739 336 -8 -8 0
380 469 742 333 0 0 0
380 469 745 330 0 0 0
380 469 748 327 -8 8 0
372 477 751 324 0 8 0
372 485 754 321 -8 0 0
364 485 757 318 0 0 0
364 485 760 315 0 -8 0
364 477 763 312 -8 -8 0
356 469 766 309 0 8 0
356 477 769 306 0 8 0
356 485 772 303 -8 -8 0
348 477 775 300 0 0 0
348 477 778 297 -8 8 0
340 485 781 294 0 0 1
340 485 781 294 0 0 1
340 485 781 294 0 0 1
340 485 781 294 0 0 1
340 485 781 294 0 0 1
