435 372 655 132 0 0 0
435 372 658 129 -8 -8 0
427 364 661 126 -8 0 0
419 364 664 123 -8 8 0
411 372 667 120 -8 -8 0
403 364 670 117 -8 0 0
395 364 673 114 -8 0 0
387 364 676 111 -8 0 0
379 364 679 108 -8 8 0
371 372 682 105 -8 0 0
363 372 685 102 -8 0 0
355 372 688 99 -8 8 0
347 380 691 96 -8 0 0
339 380 694 93 -8 0 0
331 380 697 90 -8 8 0
323 388 700 87 -8 8 0
315 396 703 84 -8 -8 0
307 388 706 81 -8 0 0
299 388 709 78 -8 8 0
291 396 712 75 -8 -8 0
283 388 715 72 -8 -8 0
275 380 718 69 -8 -8 0
267 372 721 66 -8 0 0
259 372 724 63 -8 8 0
251 380 727 60 -8 0 0
243 380 730 57 -8 8 0
235 388 733 54 -8 0 0
227 388 736 51 -8 -8 0
219 380 739 48 -8 0 0
211 380 742 45 -8 8 0
203 388 745 42 -8 0 0
195 388 748 39 -8 0 0
187 388 751 36 -8 8 0
179 396 754 33 -8 8 0
171 404 757 30 -8 -8 0
163 396 760 27 -8 0 0
155 396 763 24 -8 8 0
147 404 766 21 -8 8 0
139 412 769 18 -8 8 0
131 420 772 15 -8 0 0
123 420 775 12 -8 0 0
115 420 778 9 -8 0 0
107 420 781 12 0 0 1
107 420 781 12 0 0 1
107 420 781 12 0 0 1
107 420 781 12 0 0 1
107 420 781 12 0 0 1
