139 249 667 231 0 0 0
139 249 664 234 8 0 0
147 249 661 237 8 -8 0
155 241 658 240 8 0 0
163 241 655 243 8 -8 0
171 233 652 246 8 8 0
179 241 649 249 8 8 0
187 249 646 252 8 -8 0
195 241 643 255 8 8 0
203 249 640 258 8 8 0
211 257 637 261 0 8 0
211 265 634 264 8 8 0
219 273 631 267 0 0 0
219 273 628 270 8 8 0
227 281 625 273 0 -8 0
227 273 622 276 0 -8 0
227 265 619 279 8 8 0
235 273 616 282 0 -8 0
235 265 613 285 0 -8 0
235 257 610 288 8 -8 0
243 249 607 291 0 -8 0
243 241 604 294 8 -8 0
251 233 601 297 0 -8 0
251 225 598 300 0 0 0
251 225 595 303 8 8 0
259 233 592 306 0 0 0
259 233 589 309 0 -8 0
259 225 586 312 8 8 0
267 233 583 315 0 8 0
267 241 580 318 8 -8 0
275 233 577 321 0 0 0
275 233 574 324 0 0 0
275 233 571 327 8 0 0
283 233 568 330 0 -8 0
283 225 565 333 0 0 0
283 225 562 336 8 0 0
291 225 559 339 0 8 0
291 233 556 342 8 8 0
299 241 553 345 0 -8 0
299 233 550 348 0 8 0
299 241 547 351 8 8 0
307 249 544 354 0 -8 0
307 241 541 357 0 -8 0
307 233 538 360 8 8 0
315 241 535 363 0 8 0
315 249 532 366 8 8 0
323 257 529 369 0 -8 0
323 249 526 372 0 8 0
323 257 523 375 8 8 0
331 265 520 378 0 0 0
331 265 517 381 0 8 0
331 273 514 384 8 -8 0
339 265 511 387 0 0 0
339 265 508 390 8 0 0
347 265 505 393 0 8 0
347 273 502 396 0 -8 0
347 265 499 399 8 8 0
355 273 496 402 0 0 0
355 273 493 405 0 -8 0
355 265 490 408 8 8 0
363 273 487 411 0 0 0
363 273 484 414 8 8 0
371 281 481 417 0 -8 0
371 273 478 420 0 8 0
371 281 475 423 8 -8 0
379 273 472 426 0 8 0
379 281 469 429 0 8 0
379 289 466 432 8 -8 0
387 281 463 435 0 8 0
387 289 460 438 8 8 0
395 297 457 441 0 8 0
395 305 454 444 0 8 0
395 313 451 447 8 8 0
403 321 448 450 0 -8 0
403 313 445 453 0 0 0
403 313 442 456 8 8 0
411 321 439 459 0 0 0
411 321 436 462 8 0 0
419 321 433 465 0 8 0
419 329 430 468 0 -8 0
419 321 427 471 8 8 0
427 329 424 474 0 -8 0
427 321 421 477 0 8 0
427 329 418 480 8 8 0
435 337 415 483 0 8 0
435 345 412 486 8 8 0
443 353 409 489 0 -8 0
443 345 406 492 0 8 0
443 353 403 495 8 0 0
451 353 400 498 0 8 0
451 361 397 501 0 0 0
451 361 394 504 8 -8 0
459 353 391 507 0 -8 0
459 345 388 510 8 0 0
467 345 385 513 0 0 0
467 345 382 516 0 0 0
467 345 379 519 8 8 0
475 353 376 522 0 8 0
475 361 373 525 0 -8 0
475 353 370 528 8 -8 0
483 345 367 531 0 8 0
483 353 364 534 8 0 0
491 353 361 537 0 -8 0
491 345 358 540 0 -8 0
491 337 355 543 8 8 0
499 345 352 546 0 -8 0
499 337 349 549 0 0 0
499 337 346 552 8 -8 0
507 329 343 555 0 8 0
507 337 340 558 8 -8 0
515 329 337 561 0 8 0
515 337 334 564 0 -8 0
515 329 331 567 8 0 0
523 329 328 570 0 -8 0
523 321 325 573 0 8 0
523 329 322 576 8 0 0
531 329 319 579 0 -8 0
531 321 316 582 8 8 0
539 329 313 585 0 0 0
539 329 310 588 0 -8 0
539 321 307 591 8 0 0
540 321 304 588 0 -8 0
540 313 301 585 0 8 0
540 321 298 582 0 0 0
540 321 295 579 0 0 0
540 321 292 576 0 -8 0
540 313 289 573 0 0 0
540 313 286 570 0 -8 0
540 305 283 567 0 8 0
540 313 280 564 0 -8 0
540 305 277 561 0 0 0
540 305 274 558 0 -8 0
540 297 271 555 0 -8 0
540 289 268 552 0 8 0
540 297 265 549 0 8 0
540 305 262 546 0 8 0
540 313 259 543 0 0 0
540 313 256 540 0 8 0
540 321 253 537 0 0 0
540 321 250 534 0 0 0
540 321 247 531 0 0 0
540 321 244 528 0 8 0
540 329 241 525 0 0 0
540 329 238 522 0 -8 0
540 321 235 519 0 0 0
540 321 232 516 0 8 0
540 329 229 513 0 -8 0
540 321 226 510 0 -8 0
540 313 223 507 0 -8 0
540 305 220 504 0 8 0
540 313 217 501 0 0 0
540 313 214 498 0 -8 0
540 305 211 495 0 -8 0
540 297 208 492 0 8 0
540 305 205 489 -8 -8 0
532 297 202 486 0 8 0
532 305 199 483 0 -8 0
532 297 196 480 -8 0 0
524 297 193 477 0 8 0
524 305 190 474 0 8 0
524 313 187 471 -8 -8 0
516 305 184 468 0 8 0
516 313 181 465 -8 8 0
508 321 178 462 0 0 0
508 321 175 459 0 8 0
508 329 172 456 -8 -8 0
500 321 169 453 0 0 0
500 321 166 450 0 0 0
500 321 163 447 -8 8 0
492 329 160 444 0 -8 0
492 321 157 441 -8 -8 0
484 313 154 438 0 8 0
484 321 151 435 0 8 0
484 329 148 432 -8 8 0
476 337 145 429 0 0 0
476 337 142 426 0 0 0
476 337 139 423 -8 8 0
468 345 136 420 0 -8 0
468 337 133 417 -8 8 0
460 345 130 414 0 0 0
460 345 127 411 0 0 0
460 345 124 408 -8 0 0
452 345 121 405 0 0 0
452 345 118 402 0 8 0
452 353 115 399 -8 -8 0
444 345 112 396 0 8 0
444 353 109 393 -8 8 0
436 361 106 390 0 8 0
436 369 103 387 0 0 0
436 369 100 384 -8 8 0
428 377 97 381 0 -8 0
428 369 94 378 0 0 0
428 369 91 375 -8 0 0
420 369 88 372 0 0 0
420 369 85 369 -8 -8 0
412 361 82 366 0 8 0
412 369 79 363 0 0 0
412 369 76 360 -8 -8 0
404 361 73 357 0 -8 0
404 353 70 354 0 8 0
404 361 67 351 -8 -8 0
396 353 64 348 0 0 0
396 353 61 345 -8 8 0
388 361 58 342 0 0 0
388 361 55 339 0 -8 0
388 353 52 336 -8 8 0
380 361 49 333 0 0 0
380 361 46 330 0 -8 0
380 353 43 327 -8 -8 0
372 345 40 324 0 -8 0
372 337 37 321 -8 -8 0
364 329 34 318 0 -8 0
364 321 31 315 0 0 0
364 321 28 312 -8 8 0
356 329 25 309 0 0 0
356 329 22 306 0 0 0
356 329 19 303 0 0 1
356 329 19 303 0 0 1
356 329 19 303 0 0 1
356 329 19 303 0 0 1
356 329 19 303 0 0 1
