492 439 622 231 0 0 0
492 439 625 228 -8 -8 0
484 431 628 225 -8 0 0
476 431 631 222 -8 0 0
468 431 634 219 -8 8 0
460 439 637 216 -8 -8 0
452 431 640 213 -8 -8 0
444 423 643 210 -8 8 0
436 431 646 207 -8 0 0
428 431 649 204 -8 0 0
420 431 652 201 -8 8 0
412 439 655 198 -8 -8 0
404 431 658 195 -8 8 0
396 439 661 192 -8 8 0
388 447 664 189 -8 0 0
380 447 667 186 -8 -8 0
372 439 670 183 -8 0 0
364 439 673 180 -8 -8 0
356 431 676 177 -8 -8 0
348 423 679 174 -8 8 0
340 431 682 171 -8 8 0
332 439 685 168 -8 8 0
324 447 688 165 -8 0 0
316 447 691 162 -8 -8 0
308 439 694 159 -8 8 0
300 447 697 156 -8 0 0
292 447 700 153 -8 0 0
284 447 703 150 -8 -8 0
276 439 706 147 -8 -8 0
268 431 709 144 -8 8 0
260 439 712 141 -8 0 0
252 439 715 138 -8 -8 0
244 431 718 135 -8 0 0
236 431 721 132 -8 0 0
228 431 724 129 -8 0 0
220 431 727 126 -8 0 0
212 431 730 123 -8 0 0
204 431 733 120 -8 8 0
196 439 736 117 -8 8 0
188 447 739 114 -8 0 0
180 447 742 111 -8 0 0
172 447 745 108 -8 8 0
164 455 748 105 -8 -8 0
156 447 751 102 -8 0 0
148 447 754 99 0 -8 0
148 439 757 96 -8 -8 0
140 431 760 93 0 8 0
140 439 763 90 0 8 0
140 447 766 87 -8 0 0
132 447 769 84 0 0 0
132 447 772 81 -8 8 0
124 455 775 78 0 8 0
124 463 778 75 0 8 0
124 471 781 72 0 0 1
124 471 781 72 0 0 1
124 471 781 72 0 0 1
124 471 781 72 0 0 1
124 471 781 72 0 0 1
