273 172 589 207 0 0 0
273 172 586 204 -8 -8 0
265 164 583 201 -8 -8 0
257 156 580 198 -8 0 0
249 156 577 195 -8 8 0
241 164 574 192 0 -8 0
241 156 571 189 -8 -8 0
233 148 568 186 0 8 0
233 156 565 183 0 0 0
233 156 562 180 -8 -8 0
225 148 559 177 0 -8 0
225 140 556 174 -8 8 0
217 148 553 171 0 -8 0
217 140 550 168 0 0 0
217 140 547 165 -8 8 0
209 148 544 162 0 8 0
209 156 541 159 0 8 0
209 164 538 156 -8 8 0
201 172 535 153 0 8 0
201 180 532 150 -8 -8 0
193 172 529 147 0 0 0
193 172 526 144 0 0 0
193 172 523 141 -8 0 0
185 172 520 138 0 0 0
185 172 517 135 0 -8 0
185 164 514 132 -8 8 0
177 172 511 129 0 8 0
177 180 508 126 -8 -8 0
169 172 505 123 0 -8 0
169 164 502 120 0 0 0
169 164 499 117 -8 0 0
161 164 496 114 0 8 0
161 172 493 111 0 8 0
161 180 490 108 -8 8 0
153 188 487 105 0 -8 0
153 180 484 102 -8 -8 0
145 172 481 99 0 -8 0
145 164 478 96 0 8 0
145 172 475 93 -8 0 0
137 172 472 90 0 8 0
137 180 469 87 0 8 0
137 188 466 84 -8 0 0
129 188 463 81 0 8 0
129 196 460 78 -8 8 0
121 204 457 75 0 -8 0
121 196 454 72 0 0 0
121 196 451 69 -8 -8 0
113 188 448 66 0 0 0
113 188 445 63 0 0 0
113 188 442 60 -8 0 0
105 188 439 57 0 8 0
105 196 436 54 -8 8 0
97 204 433 51 0 -8 0
97 196 430 48 0 -8 0
97 188 427 45 -8 8 0
89 196 424 42 0 0 0
89 196 421 39 0 0 0
89 196 418 36 -8 -8 0
81 188 415 33 0 -8 0
81 180 412 30 -8 0 0
73 180 409 27 0 8 0
73 188 406 24 0 -8 0
73 180 403 21 -8 0 0
65 180 400 18 0 8 0
65 188 397 15 0 8 0
65 196 394 12 -8 -8 0
60 188 391 9 -8 8 0
60 196 388 12 0 8 0
60 204 385 15 0 8 0
60 212 382 18 0 8 0
60 220 379 21 0 -8 0
60 212 376 24 0 -8 0
60 204 373 27 0 -8 0
60 196 370 30 0 0 0
60 196 367 33 0 8 0
60 204 364 36 0 8 0
60 212 361 39 0 -8 0
60 204 358 42 0 8 0
60 212 355 45 0 -8 0
60 204 352 48 0 -8 0
60 196 349 51 0 8 0
60 204 346 54 0 8 0
60 212 343 57 0 -8 0
60 204 340 60 0 0 0
60 204 337 63 0 0 0
60 204 334 66 0 8 0
60 212 331 69 0 8 0
60 220 328 72 0 0 0
60 220 325 75 0 8 0
60 228 322 78 0 -8 0
60 220 319 81 0 0 0
60 220 316 84 0 8 0
60 228 313 87 0 -8 0
60 220 310 90 0 -8 0
60 212 307 93 0 -8 0
60 204 304 96 0 0 0
60 204 301 99 0 -8 0
60 196 298 102 0 -8 0
60 188 295 105 0 0 0
60 188 292 108 0 8 0
60 196 289 111 8 8 0
68 204 286 114 0 8 0
68 212 283 117 0 8 0
68 220 280 120 8 8 0
76 228 277 123 0 8 0
76 236 274 126 0 0 0
76 236 271 129 8 8 0
84 244 268 132 0 -8 0
84 236 265 135 8 8 0
92 244 262 138 0 -8 0
92 236 259 141 0 0 0
92 236 256 144 8 8 0
100 244 253 147 0 -8 0
100 236 250 150 0 -8 0
100 228 247 153 8 0 0
108 228 244 156 0 8 0
108 236 241 159 8 -8 0
116 228 238 162 0 0 0
116 228 235 165 0 -8 0
116 220 232 168 8 8 0
124 228 229 171 0 8 0
124 236 226 174 0 -8 0
124 228 223 177 8 0 0
132 228 220 180 0 0 0
132 228 217 183 8 8 0
140 236 214 186 0 0 0
140 236 211 189 0 -8 0
140 228 208 192 8 0 0
148 228 205 195 0 8 0
148 236 202 198 0 0 0
148 236 199 201 8 8 0
156 244 196 204 0 8 0
156 252 193 207 8 8 0
164 260 190 210 0 0 0
164 260 187 213 0 -8 0
164 252 184 216 8 0 0
172 252 181 219 0 8 0
172 260 178 222 0 0 0
172 260 175 225 8 8 0
180 268 172 228 0 -8 0
180 260 169 231 8 0 0
188 260 166 234 0 -8 0
188 252 163 237 0 0 0
188 252 160 240 8 8 0
196 260 157 243 0 -8 0
196 252 154 246 0 -8 0
196 244 151 249 8 0 0
204 244 148 252 0 -8 0
204 236 145 255 8 0 0
212 236 142 258 0 -8 0
212 228 139 261 0 0 0
212 228 136 264 8 8 0
220 236 133 267 0 8 0
220 244 130 270 0 -8 0
220 236 127 273 8 0 0
228 236 124 276 0 0 0
228 236 121 279 8 0 0
236 236 118 282 0 0 0
236 236 115 285 0 0 0
236 236 112 288 8 -8 0
244 228 109 291 0 -8 0
244 220 106 294 0 0 0
244 220 103 297 8 0 0
252 220 100 300 0 -8 0
252 212 97 303 8 -8 0
260 204 94 306 0 -8 0
260 196 91 309 0 0 0
260 196 88 312 8 0 0
268 196 85 315 0 -8 0
268 188 82 318 0 -8 0
268 180 79 321 8 8 0
276 188 76 324 0 8 0
276 196 73 327 8 0 0
284 196 70 330 0 0 0
284 196 67 333 0 0 0
284 196 64 336 8 8 0
292 204 61 339 0 0 0
292 204 58 342 0 0 0
292 204 55 345 8 -8 0
300 196 52 348 0 -8 0
300 188 49 351 8 -8 0
308 180 46 354 0 0 0
308 180 43 357 0 8 0
308 188 40 360 8 -8 0
316 180 37 363 0 -8 0
316 172 34 366 0 0 0
316 172 31 369 8 0 0
324 172 28 372 0 8 0
324 180 25 375 8 0 0
332 180 22 378 0 0 0
332 180 19 381 0 -8 0
332 172 22 384 8 -8 0
340 164 25 387 0 0 0
340 164 28 390 0 -8 0
340 156 31 393 8 0 0
348 156 34 396 0 0 0
348 156 37 399 8 8 0
356 164 40 402 0 0 0
356 164 43 405 0 -8 0
356 156 46 408 8 8 0
364 164 49 411 0 -8 0
364 156 52 414 0 -8 0
364 148 55 417 8 -8 0
372 140 58 420 0 -8 0
372 132 61 423 8 -8 0
380 124 64 426 0 8 0
380 132 67 429 0 -8 0
380 124 70 432 8 0 0
388 124 73 435 0 8 0
388 132 76 438 0 0 0
388 132 79 441 8 -8 0
396 124 82 444 0 0 0
396 124 85 447 8 8 0
404 132 88 450 0 8 0
404 140 91 453 0 0 0
404 140 94 456 8 8 0
412 148 97 459 0 8 0
412 156 100 462 0 -8 0
412 148 103 465 8 8 0
420 156 106 468 0 8 0
420 164 109 471 8 -8 0
428 156 112 474 0 0 0
428 156 115 477 0 8 0
428 164 118 480 8 8 0
436 172 121 483 0 -8 0
436 164 124 486 0 0 0
436 164 127 489 8 8 0
444 172 130 492 0 -8 0
444 164 133 495 8 8 0
452 172 136 498 0 8 0
452 180 139 501 0 8 0
452 188 142 504 8 0 0
460 188 145 507 0 8 0
460 196 148 510 0 -8 0
460 188 151 513 8 0 0
468 188 154 516 0 0 0
468 188 157 519 8 0 0
476 188 160 522 0 -8 0
476 180 163 525 0 0 0
476 180 166 528 8 0 0
484 180 169 531 0 0 0
484 180 172 534 0 8 0
484 188 175 537 8 0 0
492 188 178 540 0 8 0
492 196 181 543 8 0 0
500 196 184 546 0 -8 0
500 188 187 549 0 8 0
500 196 190 552 8 8 0
508 204 193 555 0 8 0
508 212 196 558 0 8 0
508 220 199 561 8 0 0
516 220 202 564 0 0 0
516 220 205 567 8 0 0
524 220 208 570 0 -8 0
524 212 211 573 0 8 0
524 220 214 576 8 -8 0
532 212 217 579 0 0 0
532 212 220 582 0 -8 0
532 204 223 585 8 -8 0
540 196 226 588 0 -8 0
540 188 229 591 8 0 0
540 188 232 588 0 -8 0
540 180 235 585 0 8 0
540 188 238 582 0 0 0
540 188 241 579 0 0 0
540 188 244 576 0 0 0
540 188 247 573 0 0 0
540 188 250 570 0 8 0
540 196 253 567 0 -8 0
540 188 256 564 0 0 0
540 188 259 561 0 0 0
540 188 262 558 0 8 0
540 196 265 555 0 8 0
540 204 268 552 0 0 0
540 204 271 549 0 0 0
540 204 274 546 0 8 0
540 212 277 543 0 -8 0
540 204 280 540 0 0 0
540 204 283 537 0 0 0
540 204 286 534 0 0 0
540 204 289 531 0 0 0
540 204 292 528 0 0 0
540 204 295 525 0 -8 0
540 196 298 522 0 0 0
540 196 301 519 0 -8 0
540 188 304 516 0 8 0
540 196 307 513 0 -8 0
540 188 310 510 0 -8 0
540 180 313 507 0 -8 0
540 172 316 504 0 8 0
540 180 319 501 0 0 0
540 180 322 498 0 8 0
540 188 325 495 0 -8 0
540 180 328 492 0 8 0
540 188 331 489 -8 0 0
532 188 334 486 0 -8 0
532 180 337 483 0 0 0
532 180 340 480 -8 -8 0
524 172 343 477 0 8 0
524 180 346 474 0 8 0
524 188 349 471 -8 0 0
516 188 352 468 0 0 0
516 188 355 465 -8 0 0
508 188 358 462 0 8 0
508 196 361 459 0 -8 0
508 188 364 456 -8 8 0
500 196 367 453 0 0 0
500 196 370 450 0 0 0
500 196 373 447 -8 0 0
492 196 376 444 0 -8 0
492 188 379 441 -8 8 0
484 196 382 438 0 -8 0
484 188 385 435 0 8 0
484 196 388 432 -8 -8 0
476 188 391 429 0 8 0
476 196 394 426 0 8 0
476 204 397 423 -8 0 0
468 204 400 420 0 0 0
468 204 403 417 -8 0 0
460 204 406 414 0 -8 0
460 196 409 411 0 8 0
460 204 412 408 -8 0 0
452 204 415 405 0 8 0
452 212 418 402 0 0 0
452 212 421 399 -8 -8 0
444 204 424 396 0 -8 0
444 196 427 393 -8 -8 0
436 188 430 390 0 0 0
436 188 433 387 0 -8 0
436 180 436 384 -8 0 0
428 180 439 381 0 0 0
428 180 442 378 0 -8 0
428 172 445 375 -8 0 0
420 172 448 372 0 -8 0
420 164 451 369 -8 -8 0
412 156 454 366 0 0 0
412 156 457 363 0 -8 0
412 148 460 360 -8 -8 0
404 140 463 357 0 8 0
404 148 466 354 0 0 0
404 148 469 351 -8 -8 0
396 140 472 348 0 8 0
396 148 475 345 -8 8 0
388 156 478 342 0 0 0
388 156 481 339 0 0 0
388 156 484 336 -8 0 0
380 156 487 333 0 -8 0
380 148 490 330 0 8 0
380 156 493 327 -8 0 0
372 156 496 324 0 -8 0
372 148 499 321 -8 -8 0
364 140 502 318 0 0 0
364 140 505 315 0 8 0
364 148 508 312 -8 -8 0
356 140 511 309 0 8 0
356 148 514 306 0 -8 0
356 140 517 303 -8 0 0
348 140 520 300 0 -8 0
348 132 523 297 -8 8 0
340 140 526 294 0 8 0
340 148 529 291 0 8 0
340 156 532 288 -8 0 0
332 156 535 285 0 8 0
332 164 538 282 0 -8 0
332 156 541 279 -8 8 0
324 164 544 276 0 -8 0
324 156 547 273 -8 0 0
316 156 550 270 0 8 0
316 164 553 267 0 0 0
316 164 556 264 -8 8 0
308 172 559 261 0 0 0
308 172 562 258 0 -8 0
308 164 565 255 -8 0 0
300 164 568 252 0 8 0
300 172 571 249 -8 8 0
292 180 574 246 0 -8 0
292 172 577 243 0 0 0
292 172 580 240 -8 -8 0
284 164 583 237 0 -8 0
284 156 586 234 0 -8 0
284 148 589 231 -8 8 0
276 156 592 228 0 -8 0
276 148 595 225 -8 0 0
268 148 598 222 0 8 0
268 156 601 219 0 0 0
268 156 604 216 -8 0 0
260 156 607 213 0 0 0
260 156 610 210 0 0 0
260 156 613 207 -8 8 0
252 164 616 204 0 0 0
252 164 619 201 -8 0 0
244 164 622 198 0 8 0
244 172 625 195 0 0 0
244 172 628 192 -8 0 0
236 172 631 189 0 0 0
236 172 634 186 0 8 0
236 180 637 183 -8 8 0
228 188 640 180 0 0 0
228 188 643 177 -8 0 0
220 188 646 174 0 8 0
220 196 649 171 0 0 0
220 196 652 168 -8 8 0
212 204 655 165 0 8 0
212 212 658 162 0 0 0
212 212 661 159 -8 0 0
204 212 664 156 0 0 0
204 212 667 153 -8 8 0
196 220 670 150 0 0 0
196 220 673 147 0 -8 0
196 212 676 144 -8 8 0
188 220 679 141 0 0 0
188 220 682 138 0 0 0
188 220 685 135 -8 8 0
180 228 688 132 0 8 0
180 236 691 129 -8 -8 0
172 228 694 126 0 0 0
172 228 697 123 0 8 0
172 236 700 120 -8 -8 0
164 228 703 117 0 0 0
164 228 706 114 0 0 0
164 228 709 111 -8 -8 0
156 220 712 108 0 8 0
156 228 715 105 -8 -8 0
148 220 718 102 0 8 0
148 228 721 99 0 8 0
148 236 724 96 -8 -8 0
140 228 727 93 0 0 0
140 228 730 90 0 0 0
140 228 733 87 -8 8 0
132 236 736 84 0 -8 0
132 228 739 81 -8 -8 0
124 220 742 78 0 0 0
124 220 745 75 0 -8 0
124 212 748 72 -8 8 0
116 220 751 69 0 8 0
116 228 754 66 0 8 0
116 236 757 63 -8 8 0
108 244 760 60 0 0 0
108 244 763 57 -8 0 0
100 244 766 54 0 0 0
100 244 769 51 0 8 0
100 252 772 48 -8 0 0
92 252 775 45 0 8 0
92 260 778 42 0 8 0
92 268 781 39 0 0 1
92 268 781 39 0 0 1
92 268 781 39 0 0 1
92 268 781 39 0 0 1
92 268 781 39 0 0 1
