346 386 142 276 0 0 0
346 386 145 279 -8 0 0
338 386 148 282 -8 8 0
330 394 151 285 0 -8 0
330 386 154 288 0 8 0
330 394 157 291 0 -8 0
330 386 160 294 0 -8 0
330 378 163 297 0 -8 0
330 370 166 300 0 8 0
330 378 169 303 0 8 0
330 386 172 306 0 -8 0
330 378 175 309 0 8 0
330 386 178 312 0 0 0
330 386 181 315 0 8 0
330 394 184 318 0 8 0
330 402 187 321 0 0 0
330 402 190 324 0 8 0
330 410 193 327 0 -8 0
330 402 196 330 0 -8 0
330 394 199 333 0 8 0
330 402 202 336 0 -8 0
330 394 205 339 0 0 0
330 394 208 342 0 -8 0
330 386 211 345 0 0 0
330 386 214 348 0 0 0
330 386 217 351 0 -8 0
330 378 220 354 0 8 0
330 386 223 357 0 0 0
330 386 226 360 0 8 0
330 394 229 363 0 0 0
330 394 232 366 0 8 0
330 402 235 369 0 -8 0
330 394 238 372 0 8 0
330 402 241 375 0 0 0
330 402 244 378 0 -8 0
330 394 247 381 8 8 0
338 402 250 384 0 -8 0
338 394 253 387 0 0 0
338 394 256 390 8 8 0
346 402 259 393 0 -8 0
346 394 262 396 0 0 0
346 394 265 399 8 8 0
354 402 268 402 0 0 0
354 402 271 405 8 -8 0
362 394 274 408 0 8 0
362 402 277 411 0 8 0
362 410 280 414 8 -8 0
370 402 283 417 0 8 0
370 410 286 420 0 0 0
370 410 289 423 8 8 0
378 418 292 426 0 8 0
378 426 295 429 8 -8 0
386 418 298 432 0 0 0
386 418 301 435 0 8 0
386 426 304 438 8 -8 0
394 418 307 441 0 -8 0
394 410 310 444 0 8 0
394 418 313 447 8 0 0
402 418 316 450 0 8 0
402 426 319 453 8 0 0
410 426 322 456 0 -8 0
410 418 325 459 0 0 0
410 418 328 462 8 8 0
418 426 331 465 0 -8 0
418 418 334 468 0 -8 0
418 410 337 471 8 8 0
426 418 340 474 0 8 0
426 426 343 477 8 8 0
434 434 346 480 0 8 0
434 442 349 483 0 8 0
434 450 352 486 8 8 0
442 458 355 489 0 -8 0
442 450 358 492 0 0 0
442 450 361 495 8 0 0
450 450 364 498 0 0 0
450 450 367 501 8 -8 0
458 442 370 504 0 -8 0
458 434 373 507 0 0 0
458 434 376 510 8 0 0
466 434 379 513 0 8 0
466 442 382 516 0 -8 0
466 434 385 519 8 0 0
474 434 388 522 0 8 0
474 442 391 525 8 -8 0
482 434 394 528 0 0 0
482 434 397 531 0 -8 0
482 426 400 534 8 0 0
490 426 403 537 0 8 0
490 434 406 540 0 8 0
490 442 409 543 8 -8 0
498 434 412 546 0 -8 0
498 426 415 549 8 8 0
506 434 418 552 0 -8 0
506 426 421 555 0 -8 0
506 418 424 558 8 -8 0
514 410 427 561 0 0 0
514 410 430 564 0 -8 0
514 402 433 567 8 -8 0
522 394 436 570 0 0 0
522 394 439 573 8 8 0
530 402 442 576 0 -8 0
530 394 445 579 0 8 0
530 402 448 582 8 8 0
538 410 451 585 0 -8 0
538 402 454 588 0 -8 0
538 394 457 591 8 8 0
540 402 460 588 0 8 0
540 410 463 585 0 8 0
540 418 466 582 0 -8 0
540 410 469 579 0 8 0
540 418 472 576 0 -8 0
540 410 475 573 0 -8 0
540 402 478 570 0 8 0
540 410 481 567 0 -8 0
540 402 484 564 0 0 0
540 402 487 561 0 0 0
540 402 490 558 0 8 0
540 410 493 555 0 0 0
540 410 496 552 0 0 0
540 410 499 549 0 0 0
540 410 502 546 0 8 0
540 418 505 543 0 -8 0
540 410 508 540 0 0 0
540 410 511 537 0 8 0
540 418 514 534 0 0 0
540 418 517 531 0 0 0
540 418 520 528 0 0 0
540 418 523 525 0 8 0
540 426 526 522 0 8 0
540 434 529 519 0 -8 0
540 426 532 516 0 8 0
540 434 535 513 0 0 0
540 434 538 510 0 -8 0
540 426 541 507 0 8 0
540 434 544 504 0 0 0
540 434 547 501 0 -8 0
540 426 550 498 0 0 0
540 426 553 495 0 -8 0
540 418 556 492 0 8 0
540 426 559 489 -8 -8 0
532 418 562 486 0 -8 0
532 410 565 483 0 8 0
532 418 568 480 -8 0 0
524 418 571 477 0 0 0
524 418 574 474 0 0 0
524 418 577 471 -8 -8 0
516 410 580 468 0 8 0
516 418 583 465 -8 0 0
508 418 586 462 0 -8 0
508 410 589 459 0 0 0
508 410 592 456 -8 8 0
500 418 595 453 0 0 0
500 418 598 450 0 -8 0
500 410 601 447 -8 0 0
492 410 604 444 0 0 0
492 410 607 441 -8 -8 0
484 402 610 438 0 8 0
484 410 613 435 0 8 0
484 418 616 432 -8 -8 0
476 410 619 429 0 -8 0
476 402 622 426 0 -8 0
476 394 625 423 -8 0 0
468 394 628 420 0 0 0
468 394 631 417 -8 -8 0
460 386 634 414 0 0 0
460 386 637 411 0 8 0
460 394 640 408 -8 -8 0
452 386 643 405 0 -8 0
452 378 646 402 0 8 0
452 386 649 399 -8 0 0
444 386 652 396 0 8 0
444 394 655 393 -8 0 0
436 394 658 390 0 -8 0
436 386 661 387 0 -8 0
436 378 664 384 -8 0 0
428 378 667 381 0 8 0
428 386 670 378 0 -8 0
428 378 673 375 -8 8 0
420 386 676 372 0 8 0
420 394 679 369 -8 -8 0
412 386 682 366 0 -8 0
412 378 685 363 0 0 0
412 378 688 360 -8 -8 0
404 370 691 357 0 8 0
404 378 694 354 0 -8 0
404 370 697 351 -8 8 0
396 378 700 348 0 8 0
396 386 703 345 -8 -8 0
388 378 706 342 0 0 0
388 378 709 339 0 0 0
388 378 712 336 -8 0 0
380 378 715 333 0 0 0
380 378 718 330 0 0 0
380 378 721 327 -8 -8 0
372 370 724 324 0 -8 0
372 362 727 321 -8 8 0
364 370 730 318 0 -8 0
364 362 733 315 0 -8 0
364 354 736 312 -8 -8 0
356 346 739 309 0 0 0
356 346 742 306 0 0 0
356 346 745 303 -8 -8 0
348 338 748 300 0 0 0
348 338 751 297 -8 -8 0
340 330 754 294 0 8 0
340 338 757 291 0 -8 0
340 330 760 288 -8 0 0
332 330 763 285 0 0 0
332 330 766 282 0 0 0
332 330 769 279 -8 -8 0
324 322 772 276 0 0 0
324 322 775 273 -8 0 0
316 322 778 270 0 -8 0
316 314 781 267 0 -8 0
316 306 778 264 -8 0 0
308 306 775 261 0 -8 0
308 298 772 258 0 0 0
308 298 769 255 -8 8 0
300 306 766 252 0 0 0
300 306 763 249 -8 -8 0
292 298 760 246 0 -8 0
292 290 757 243 0 -8 0
292 282 754 240 -8 8 0
284 290 751 237 0 8 0
284 298 748 234 0 -8 0
284 290 745 231 -8 0 0
276 290 742 228 0 0 0
276 290 739 225 -8 8 0
268 298 736 222 0 8 0
268 306 733 219 0 0 0
268 306 730 216 -8 0 0
260 306 727 213 0 0 0
260 306 724 210 0 0 0
260 306 721 207 -8 8 0
252 314 718 204 0 8 0
252 322 715 201 -8 8 0
244 330 712 198 0 8 0
244 338 709 195 0 -8 0
244 330 706 192 -8 -8 0
236 322 703 189 0 8 0
236 330 700 186 0 -8 0
236 322 697 183 -8 0 0
228 322 694 180 0 8 0
228 330 691 177 -8 8 0
220 338 688 174 0 8 0
220 346 685 171 0 0 0
220 346 682 168 -8 0 0
212 346 679 165 0 8 0
212 354 676 162 0 -8 0
212 346 673 159 -8 8 0
204 354 670 156 0 0 0
204 354 667 153 -8 0 0
196 354 664 150 0 -8 0
196 346 661 147 0 -8 0
196 338 658 144 -8 -8 0
188 330 655 141 0 8 0
188 338 652 138 0 0 0
188 338 649 135 -8 0 0
180 338 646 132 0 -8 0
180 330 643 129 -8 -8 0
172 322 640 126 0 8 0
172 330 637 123 0 8 0
172 338 634 120 -8 0 0
164 338 631 117 0 0 0
164 338 628 114 0 0 0
164 338 625 111 -8 -8 0
156 330 622 108 0 8 0
156 338 619 105 -8 0 0
148 338 616 102 0 0 0
148 338 613 99 0 -8 0
148 330 610 96 -8 0 0
140 330 607 93 0 8 0
140 338 604 90 0 8 0
140 346 601 87 -8 -8 0
132 338 598 84 0 0 0
132 338 595 81 -8 8 0
124 346 592 78 0 8 0
124 354 589 75 0 0 0
124 354 586 72 -8 0 0
116 354 583 69 0 8 0
116 362 580 66 0 8 0
116 370 577 63 -8 8 0
108 378 574 60 0 -8 0
108 370 571 57 -8 0 0
100 370 568 54 0 0 0
100 370 565 51 0 -8 0
100 362 562 48 -8 0 0
92 362 559 45 0 0 0
92 362 556 42 0 -8 0
92 354 553 39 -8 0 0
84 354 550 36 0 8 0
84 362 547 33 -8 -8 0
76 354 544 30 0 -8 0
76 346 541 27 0 -8 0
76 338 538 24 -8 -8 0
68 330 535 21 0 8 0
68 338 532 18 0 0 0
68 338 529 15 -8 0 0
60 338 526 12 0 8 0
60 346 523 9 -8 0 0
60 346 520 12 0 0 0
60 346 517 15 0 0 0
60 346 514 18 0 -8 0
60 338 511 21 0 8 0
60 346 508 24 0 0 0
60 346 505 27 0 0 0
60 346 502 30 0 0 0
60 346 499 33 0 -8 0
60 338 496 36 0 8 0
60 346 493 39 0 -8 0
60 338 490 42 0 0 0
60 338 487 45 0 8 0
60 346 484 48 0 0 0
60 346 481 51 0 8 0
60 354 478 54 0 0 0
60 354 475 57 0 0 0
60 354 472 60 0 8 0
60 362 469 63 0 8 0
60 370 466 66 0 0 0
60 370 463 69 0 -8 0
60 362 460 72 0 8 0
60 370 457 75 0 0 0
60 370 454 78 0 0 0
60 370 451 81 0 8 0
60 378 448 84 0 0 0
60 378 445 87 0 8 0
60 386 442 90 0 -8 0
60 378 439 93 0 8 0
60 386 436 96 0 -8 0
60 378 433 99 0 -8 0
60 370 430 102 0 0 0
60 370 427 105 0 0 0
60 370 424 108 0 0 0
60 370 421 111 8 0 0
68 370 418 114 0 -8 0
68 362 415 117 0 8 0
68 370 412 120 8 0 0
76 370 409 123 0 8 0
76 378 406 126 0 8 0
76 386 403 129 8 0 0
84 386 400 132 0 8 0
84 394 397 135 8 8 0
92 402 394 138 0 0 0
92 402 391 141 0 8 0
92 410 388 144 8 -8 0
100 402 385 147 0 8 0
100 410 382 150 0 -8 0
100 402 379 153 8 0 0
108 402 376 156 0 -8 0
108 394 373 159 8 8 0
116 402 370 162 0 8 0
116 410 367 165 0 -8 0
116 402 364 168 8 8 0
124 410 361 171 0 -8 0
124 402 358 174 0 -8 0
124 394 355 177 8 8 0
132 402 352 180 0 8 0
132 410 349 183 8 0 0
140 410 346 186 0 -8 0
140 402 343 189 0 -8 0
140 394 340 192 8 -8 0
148 386 337 195 0 0 0
148 386 334 198 0 -8 0
148 378 331 201 8 -8 0
156 370 328 204 0 0 0
156 370 325 207 8 8 0
164 378 322 210 0 0 0
164 378 319 213 0 -8 0
164 370 316 216 8 0 0
172 370 313 219 0 8 0
172 378 310 222 0 8 0
172 386 307 225 8 8 0
180 394 304 228 0 0 0
180 394 301 231 8 -8 0
188 386 298 234 0 -8 0
188 378 295 237 0 -8 0
188 370 292 240 8 8 0
196 378 289 243 0 0 0
196 378 286 246 0 -8 0
196 370 283 249 8 0 0
204 370 280 252 0 8 0
204 378 277 255 8 -8 0
212 370 274 258 0 8 0
212 378 271 261 0 0 0
212 378 268 264 8 -8 0
220 370 265 267 0 -8 0
220 362 262 270 0 0 0
220 362 259 273 8 0 0
228 362 256 276 0 8 0
228 370 253 279 8 8 0
236 378 250 282 0 0 0
236 378 247 285 0 -8 0
236 370 244 288 8 -8 0
244 362 241 291 0 -8 0
244 354 238 294 0 8 0
244 362 235 297 8 -8 0
252 354 232 300 0 0 0
252 354 229 303 8 -8 0
260 346 226 306 0 8 0
260 354 223 309 0 0 0
260 354 220 312 8 0 0
268 354 217 315 0 -8 0
268 346 214 318 0 8 0
268 354 211 321 8 8 0
276 362 208 324 0 0 0
276 362 205 327 8 8 0
284 370 202 330 0 8 0
284 378 199 333 0 -8 0
284 370 196 336 8 -8 0
292 362 193 339 0 0 0
292 362 190 342 0 8 0
292 370 187 345 8 0 0
300 370 184 348 0 0 0
300 370 181 351 8 8 0
308 378 178 354 0 -8 0
308 370 175 357 0 -8 0
308 362 172 360 8 0 0
316 362 169 363 0 0 0
316 362 166 366 0 0 0
316 362 163 369 8 -8 0
324 354 160 372 0 -8 0
324 346 157 375 8 -8 0
332 338 154 378 0 8 0
332 346 151 381 0 0 0
332 346 148 384 8 8 0
340 354 145 387 0 0 0
340 354 142 390 0 -8 0
340 346 139 393 8 8 0
348 354 136 396 0 8 0
348 362 133 399 8 -8 0
356 354 130 402 0 0 0
356 354 127 405 0 8 0
356 362 124 408 8 0 0
364 362 121 411 0 8 0
364 370 118 414 0 0 0
364 370 115 417 8 0 0
372 370 112 420 0 0 0
372 370 109 423 8 -8 0
380 362 106 426 0 8 0
380 370 103 429 0 -8 0
380 362 100 432 8 0 0
388 362 97 435 0 -8 0
388 354 94 438 0 -8 0
388 346 91 441 8 -8 0
396 338 88 444 0 8 0
396 346 85 447 8 0 0
404 346 82 450 0 -8 0
404 338 79 453 0 -8 0
404 330 76 456 8 8 0
412 338 73 459 0 -8 0
412 330 70 462 0 0 0
412 330 67 465 8 0 0
420 330 64 468 0 0 0
420 330 61 471 8 8 0
428 338 58 474 0 8 0
428 346 55 477 0 0 0
428 346 52 480 8 8 0
436 354 49 483 0 0 0
436 354 46 486 0 0 0
436 354 43 489 8 8 0
444 362 40 492 0 0 0
444 362 37 495 8 -8 0
452 354 34 498 0 0 0
452 354 31 501 0 -8 0
452 346 28 504 8 8 0
460 354 25 507 0 8 0
460 362 22 510 0 -8 0
460 354 19 513 0 0 1
460 354 19 513 0 0 1
460 354 19 513 0 0 1
460 354 19 513 0 0 1
460 354 19 513 0 0 1
