168 533 577 138 0 0 0
168 533 580 141 0 0 0
168 533 583 144 0 8 0
168 540 586 147 0 -8 0
168 532 589 150 0 0 0
168 532 592 153 0 0 0
168 532 595 156 0 -8 0
168 524 598 159 0 -8 0
168 516 601 162 0 -8 0
168 508 604 165 0 -8 0
168 500 607 168 0 -8 0
168 492 610 171 0 8 0
168 500 613 174 0 0 0
168 500 616 177 0 8 0
168 508 619 180 0 0 0
168 508 622 183 0 0 0
168 508 625 186 0 0 0
168 508 628 189 0 8 0
168 516 631 192 0 -8 0
168 508 634 195 0 -8 0
168 500 637 198 0 -8 0
168 492 640 201 0 -8 0
168 484 643 204 0 0 0
168 484 646 207 0 8 0
168 492 649 210 0 -8 0
168 484 652 213 0 8 0
168 492 655 216 0 -8 0
168 484 658 219 8 0 0
176 484 661 222 0 -8 0
176 476 664 225 0 -8 0
176 468 667 228 8 0 0
184 468 670 231 0 8 0
184 476 673 234 0 8 0
184 484 676 237 8 -8 0
192 476 679 240 0 0 0
192 476 682 243 8 0 0
200 476 685 246 0 -8 0
200 468 688 249 0 8 0
200 476 691 252 8 0 0
208 476 694 255 0 8 0
208 484 697 258 0 8 0
208 492 700 261 8 0 0
216 492 703 264 0 8 0
216 500 706 267 8 0 0
224 500 709 270 0 0 0
224 500 712 273 0 -8 0
224 492 715 276 8 0 0
232 492 718 279 0 8 0
232 500 721 282 0 8 0
232 508 724 285 8 0 0
240 508 727 288 0 -8 0
240 500 730 291 8 0 0
248 500 733 294 0 8 0
248 508 736 297 0 8 0
248 516 739 300 8 0 0
256 516 742 303 0 -8 0
256 508 745 306 0 -8 0
256 500 748 309 8 8 0
264 508 751 312 0 0 0
264 508 754 315 8 8 0
272 516 757 318 0 0 0
272 516 760 321 0 8 0
272 524 763 324 8 0 0
280 524 766 327 0 -8 0
280 516 769 330 0 8 0
280 524 772 333 8 -8 0
288 516 775 336 0 -8 0
288 508 778 339 8 0 0
296 508 781 342 0 0 1
296 508 781 342 0 0 1
296 508 781 342 0 0 1
296 508 781 342 0 0 1
296 508 781 342 0 0 1
