410 448 253 162 0 0 0
410 448 256 159 -8 0 0
402 448 259 156 -8 8 0
394 456 262 153 -8 8 0
386 464 265 150 -8 -8 0
378 456 268 147 -8 0 0
370 456 271 144 -8 8 0
362 464 274 141 -8 -8 0
354 456 277 138 -8 -8 0
346 448 280 135 -8 8 0
338 456 283 132 -8 8 0
330 464 286 129 -8 8 0
322 472 289 126 -8 0 0
314 472 292 123 -8 -8 0
306 464 295 120 -8 0 0
298 464 298 117 -8 -8 0
290 456 301 114 -8 -8 0
282 448 304 111 -8 -8 0
274 440 307 108 -8 -8 0
266 432 310 105 -8 -8 0
258 424 313 102 -8 -8 0
250 416 316 99 -8 -8 0
242 408 319 96 -8 -8 0
234 400 322 93 -8 0 0
226 400 325 90 -8 0 0
218 400 328 87 -8 0 0
210 400 331 84 -8 -8 0
202 392 334 81 -8 0 0
194 392 337 78 -8 -8 0
186 384 340 75 -8 8 0
178 392 343 72 -8 -8 0
170 384 346 69 -8 8 0
162 392 349 66 -8 0 0
154 392 352 63 -8 -8 0
146 384 355 60 -8 8 0
138 392 358 57 -8 8 0
130 400 361 54 -8 -8 0
122 392 364 51 -8 -8 0
114 384 367 48 -8 8 0
106 392 370 45 -8 -8 0
98 384 373 42 -8 8 0
90 392 376 39 -8 -8 0
82 384 379 36 0 -8 0
82 376 382 33 0 8 0
82 384 385 30 -8 0 0
74 384 388 27 0 0 0
74 384 391 24 0 -8 0
74 376 394 21 -8 -8 0
66 368 397 18 0 8 0
66 376 400 15 -8 0 0
60 376 403 12 0 0 0
60 376 406 9 -8 -8 0
60 368 409 12 0 0 0
60 368 412 15 0 -8 0
60 360 415 18 0 0 0
60 360 418 21 0 8 0
60 368 421 24 0 0 0
60 368 424 27 0 0 0
60 368 427 30 0 0 0
60 368 430 33 0 -8 0
60 360 433 36 0 0 0
60 360 436 39 0 8 0
60 368 439 42 0 8 0
60 376 442 45 0 0 0
60 376 445 48 0 -8 0
60 368 448 51 0 -8 0
60 360 451 54 0 8 0
60 368 454 57 0 -8 0
60 360 457 60 0 8 0
60 368 460 63 0 -8 0
60 360 463 66 0 8 0
60 368 466 69 0 -8 0
60 360 469 72 0 -8 0
60 352 472 75 0 0 0
60 352 475 78 0 8 0
60 360 478 81 0 -8 0
60 352 481 84 0 8 0
60 360 484 87 0 -8 0
60 352 487 90 0 8 0
60 360 490 93 0 -8 0
60 352 493 96 0 -8 0
60 344 496 99 0 0 0
60 344 499 102 0 8 0
60 352 502 105 0 8 0
60 360 505 108 0 8 0
60 368 508 111 8 -8 0
68 360 511 114 0 -8 0
68 352 514 117 0 0 0
68 352 517 120 8 8 0
76 360 520 123 0 -8 0
76 352 523 126 0 8 0
76 360 526 129 8 8 0
84 368 529 132 0 8 0
84 376 532 135 8 -8 0
92 368 535 138 0 0 0
92 368 538 141 0 0 0
92 368 541 144 8 0 0
100 368 544 147 0 0 0
100 368 547 150 0 0 0
100 368 550 153 8 8 0
108 376 553 156 0 0 0
108 376 556 159 8 0 0
116 376 559 162 0 0 0
116 376 562 165 0 -8 0
116 368 565 168 8 -8 0
124 360 568 171 0 0 0
124 360 571 174 0 -8 0
124 352 574 177 8 0 0
132 352 577 180 0 -8 0
132 344 580 183 8 8 0
140 352 583 186 0 0 0
140 352 586 189 0 8 0
140 360 589 192 8 0 0
148 360 592 195 0 0 0
148 360 595 198 0 8 0
148 368 598 201 8 0 0
156 368 601 204 0 8 0
156 376 604 207 8 -8 0
164 368 607 210 0 8 0
164 376 610 213 0 -8 0
164 368 613 216 8 8 0
172 376 616 219 0 -8 0
172 368 619 222 0 8 0
172 376 622 225 8 8 0
180 384 625 228 0 -8 0
180 376 628 231 8 -8 0
188 368 631 234 0 0 0
188 368 634 237 0 0 0
188 368 637 240 8 -8 0
196 360 640 243 0 0 0
196 360 643 246 0 -8 0
196 352 646 249 8 0 0
204 352 649 252 0 -8 0
204 344 652 255 8 -8 0
212 336 655 258 0 -8 0
212 328 658 261 0 -8 0
212 320 661 264 8 -8 0
220 312 664 267 0 0 0
220 312 667 270 0 0 0
220 312 670 273 8 -8 0
228 304 673 276 0 8 0
228 312 676 279 8 0 0
236 312 679 282 0 8 0
236 320 682 285 0 -8 0
236 312 685 288 8 0 0
244 312 688 291 0 -8 0
244 304 691 294 0 0 0
244 304 694 297 8 8 0
252 312 697 300 0 0 0
252 312 700 303 8 -8 0
260 304 703 306 0 8 0
260 312 706 309 0 8 0
260 320 709 312 8 -8 0
268 312 712 315 0 0 0
268 312 715 318 0 0 0
268 312 718 321 8 -8 0
276 304 721 324 0 -8 0
276 296 724 327 8 0 0
284 296 727 330 0 8 0
284 304 730 333 0 -8 0
284 296 733 336 8 8 0
292 304 736 339 0 0 0
292 304 739 342 0 0 0
292 304 742 345 8 -8 0
300 296 745 348 0 8 0
300 304 748 351 8 -8 0
308 296 751 354 0 -8 0
308 288 754 357 0 8 0
308 296 757 360 8 8 0
316 304 760 363 0 0 0
316 304 763 366 0 8 0
316 312 766 369 8 0 0
324 312 769 372 0 8 0
324 320 772 375 8 -8 0
332 312 775 378 0 8 0
332 320 778 381 0 -8 0
332 312 781 384 0 0 1
332 312 781 384 0 0 1
332 312 781 384 0 0 1
332 312 781 384 0 0 1
332 312 781 384 0 0 1
