321 89 613 429 0 0 0
321 89 610 432 8 8 0
329 97 607 435 8 -8 0
337 89 604 438 8 0 0
345 89 601 441 8 -8 0
353 81 598 444 8 8 0
361 89 595 447 8 0 0
369 89 592 450 8 -8 0
377 81 589 453 8 0 0
385 81 586 456 8 0 0
393 81 583 459 8 0 0
401 81 580 462 8 -8 0
409 73 577 465 8 8 0
417 81 574 468 8 8 0
425 89 571 471 0 8 0
425 97 568 474 0 -8 0
425 89 565 477 8 8 0
433 97 562 480 0 8 0
433 105 559 483 0 -8 0
433 97 556 486 8 0 0
441 97 553 489 0 -8 0
441 89 550 492 8 -8 0
449 81 547 495 0 0 0
449 81 544 498 0 0 0
449 81 541 501 8 0 0
457 81 538 504 0 0 0
457 81 535 507 0 8 0
457 89 532 510 8 8 0
465 97 529 513 0 -8 0
465 89 526 516 8 0 0
473 89 523 519 0 0 0
473 89 520 522 0 0 0
473 89 517 525 8 0 0
481 89 514 528 0 0 0
481 89 511 531 0 0 0
481 89 508 534 8 0 0
489 89 505 537 0 -8 0
489 81 502 540 8 8 0
497 89 499 543 0 -8 0
497 81 496 546 0 0 0
497 81 493 549 8 0 0
505 81 490 552 0 8 0
505 89 487 555 0 8 0
505 97 484 558 8 8 0
513 105 481 561 0 0 0
513 105 478 564 8 8 0
521 113 475 567 0 -8 0
521 105 472 570 0 8 0
521 113 469 573 8 0 0
529 113 466 576 0 8 0
529 121 463 579 0 0 0
529 121 460 582 8 0 0
537 121 457 585 0 -8 0
537 113 454 588 8 8 0
540 121 451 591 8 8 0
540 129 448 588 0 0 0
540 129 445 585 0 0 0
540 129 442 582 0 0 0
540 129 439 579 0 0 0
540 129 436 576 0 0 0
540 129 433 573 0 0 0
540 129 430 570 0 8 0
540 137 427 567 0 8 0
540 145 424 564 0 8 0
540 153 421 561 0 -8 0
540 145 418 558 0 -8 0
540 137 415 555 0 -8 0
540 129 412 552 0 0 0
540 129 409 549 0 0 0
540 129 406 546 0 0 0
540 129 403 543 0 0 0
540 129 400 540 0 8 0
540 137 397 537 0 8 0
540 145 394 534 0 0 0
540 145 391 531 0 0 0
540 145 388 528 0 0 0
540 145 385 525 0 8 0
540 153 382 522 0 8 0
540 161 379 519 0 -8 0
540 153 376 516 0 8 0
540 161 373 513 0 8 0
540 169 370 510 0 0 0
540 169 367 507 0 -8 0
540 161 364 504 0 8 0
540 169 361 501 0 8 0
540 177 358 498 0 -8 0
540 169 355 495 0 8 0
540 177 352 492 0 -8 0
540 169 349 489 -8 0 0
532 169 346 486 0 8 0
532 177 343 483 0 -8 0
532 169 340 480 -8 8 0
524 177 337 477 0 -8 0
524 169 334 474 0 -8 0
524 161 331 471 -8 0 0
516 161 328 468 0 8 0
516 169 325 465 -8 0 0
508 169 322 462 0 8 0
508 177 319 459 0 -8 0
508 169 316 456 -8 0 0
500 169 313 453 0 8 0
500 177 310 450 0 0 0
500 177 307 447 -8 -8 0
492 169 304 444 0 0 0
492 169 301 441 -8 8 0
484 177 298 438 0 0 0
484 177 295 435 0 8 0
484 185 292 432 -8 -8 0
476 177 289 429 0 8 0
476 185 286 426 0 -8 0
476 177 283 423 -8 0 0
468 177 280 420 0 0 0
468 177 277 417 -8 0 0
460 177 274 414 0 8 0
460 185 271 411 0 0 0
460 185 268 408 -8 8 0
452 193 265 405 0 -8 0
452 185 262 402 0 8 0
452 193 259 399 -8 0 0
444 193 256 396 0 -8 0
444 185 253 393 -8 -8 0
436 177 250 390 0 0 0
436 177 247 387 0 8 0
436 185 244 384 -8 0 0
428 185 241 381 0 -8 0
428 177 238 378 0 0 0
428 177 235 375 -8 8 0
420 185 232 372 0 8 0
420 193 229 369 -8 -8 0
412 185 226 366 0 0 0
412 185 223 363 0 0 0
412 185 220 360 -8 8 0
404 193 217 357 0 0 0
404 193 214 354 0 -8 0
404 185 211 351 -8 0 0
396 185 208 348 0 0 0
396 185 205 345 -8 8 0
388 193 202 342 0 -8 0
388 185 199 339 0 -8 0
388 177 196 336 -8 8 0
380 185 193 333 0 -8 0
380 177 190 330 0 -8 0
380 169 187 327 -8 8 0
372 177 184 324 0 8 0
372 185 181 321 -8 -8 0
364 177 178 318 0 -8 0
364 169 175 315 0 -8 0
364 161 172 312 -8 -8 0
356 153 169 309 0 0 0
356 153 166 306 0 8 0
356 161 163 303 -8 0 0
348 161 160 300 0 0 0
348 161 157 297 -8 -8 0
340 153 154 294 0 -8 0
340 145 151 291 0 8 0
340 153 148 288 -8 -8 0
332 145 145 285 0 8 0
332 153 142 282 0 8 0
332 161 139 279 -8 8 0
324 169 136 276 0 -8 0
324 161 133 273 -8 8 0
316 169 130 270 0 8 0
316 177 127 267 0 8 0
316 185 124 264 -8 8 0
308 193 121 261 0 -8 0
308 185 118 258 0 0 0
308 185 115 255 -8 -8 0
300 177 112 252 0 0 0
300 177 109 249 -8 0 0
292 177 106 246 0 8 0
292 185 103 243 0 -8 0
292 177 100 240 -8 8 0
284 185 97 237 0 -8 0
284 177 94 234 0 -8 0
284 169 91 231 -8 0 0
276 169 88 228 0 -8 0
276 161 85 225 -8 8 0
268 169 82 222 0 0 0
268 169 79 219 0 -8 0
268 161 76 216 -8 0 0
260 161 73 213 0 0 0
260 161 70 210 0 0 0
260 161 67 207 -8 -8 0
252 153 64 204 0 0 0
252 153 61 201 -8 -8 0
244 145 58 198 0 -8 0
244 137 55 195 0 8 0
244 145 52 192 -8 -8 0
236 137 49 189 0 0 0
236 137 46 186 0 -8 0
236 129 43 183 -8 8 0
228 137 40 180 0 0 0
228 137 37 177 -8 -8 0
220 129 34 174 0 0 0
220 129 31 171 0 0 0
220 129 28 168 -8 0 0
212 129 25 165 0 0 0
212 129 22 162 0 8 0
212 137 19 159 0 0 1
212 137 19 159 0 0 1
212 137 19 159 0 0 1
212 137 19 159 0 0 1
212 137 19 159 0 0 1
