213 122 208 465 0 0 0
213 122 205 468 8 8 0
221 130 202 471 8 0 0
229 130 199 474 8 -8 0
237 122 196 477 8 0 0
245 122 193 480 8 -8 0
253 114 190 483 8 0 0
261 114 187 486 8 0 0
269 114 184 489 8 0 0
277 114 181 492 8 0 0
285 114 178 495 8 -8 0
293 106 175 498 8 0 0
301 106 172 501 8 0 0
309 106 169 504 8 8 0
317 114 166 507 8 0 0
325 114 163 510 8 0 0
333 114 160 513 8 -8 0
341 106 157 516 8 0 0
349 106 154 519 8 -8 0
357 98 151 522 8 -8 0
365 90 148 525 8 0 0
373 90 145 528 8 0 0
381 90 142 531 8 8 0
389 98 139 534 8 -8 0
397 90 136 537 8 0 0
405 90 133 540 8 0 0
413 90 130 543 8 -8 0
421 82 127 546 8 -8 0
429 74 124 549 8 -8 0
437 66 121 552 8 0 0
445 66 118 555 8 -8 0
453 60 115 558 8 -8 0
461 60 112 561 8 -8 0
469 60 109 564 8 0 0
477 60 106 567 8 -8 0
485 60 103 570 8 8 0
493 68 100 573 8 0 0
501 68 97 576 8 -8 0
509 60 94 579 8 -8 0
517 60 91 582 8 -8 0
525 60 88 585 8 8 0
533 68 85 588 8 -8 0
540 60 82 591 8 8 0
540 68 79 588 0 0 0
540 68 76 585 0 8 0
540 76 73 582 0 0 0
540 76 70 579 0 0 0
540 76 67 576 0 0 0
540 76 64 573 0 0 0
540 76 61 570 0 0 0
540 76 58 567 0 8 0
540 84 55 564 0 0 0
540 84 52 561 0 8 0
540 92 49 558 0 8 0
540 100 46 555 0 0 0
540 100 43 552 0 -8 0
540 92 40 549 0 0 0
540 92 37 546 0 0 0
540 92 34 543 0 8 0
540 100 31 540 0 8 0
540 108 28 537 0 -8 0
540 100 25 534 0 -8 0
540 92 22 531 0 8 0
540 100 19 528 0 8 0
540 108 22 525 0 0 0
540 108 25 522 0 8 0
540 116 28 519 0 8 0
540 124 31 516 0 -8 0
540 116 34 513 0 -8 0
540 108 37 510 0 -8 0
540 100 40 507 0 8 0
540 108 43 504 0 -8 0
540 100 46 501 0 -8 0
540 92 49 498 0 0 0
540 92 52 495 0 8 0
540 100 55 492 0 8 0
540 108 58 489 -8 -8 0
532 100 61 486 0 8 0
532 108 64 483 0 8 0
532 116 67 480 -8 0 0
524 116 70 477 0 8 0
524 124 73 474 0 0 0
524 124 76 471 -8 0 0
516 124 79 468 0 8 0
516 132 82 465 -8 0 0
508 132 85 462 0 -8 0
508 124 88 459 0 0 0
508 124 91 456 -8 0 0
500 124 94 453 0 8 0
500 132 97 450 0 8 0
500 140 100 447 -8 8 0
492 148 103 444 0 -8 0
492 140 106 441 -8 8 0
484 148 109 438 0 8 0
484 156 112 435 0 -8 0
484 148 115 432 -8 8 0
476 156 118 429 0 8 0
476 164 121 426 0 0 0
476 164 124 423 -8 -8 0
468 156 127 420 0 -8 0
468 148 130 417 -8 8 0
460 156 133 414 0 -8 0
460 148 136 411 0 8 0
460 156 139 408 -8 8 0
452 164 142 405 0 -8 0
452 156 145 402 0 -8 0
452 148 148 399 -8 0 0
444 148 151 396 0 8 0
444 156 154 393 -8 0 0
436 156 157 390 0 0 0
436 156 160 387 0 0 0
436 156 163 384 -8 -8 0
428 148 166 381 0 0 0
428 148 169 378 0 -8 0
428 140 172 375 -8 8 0
420 148 175 372 0 0 0
420 148 178 369 -8 8 0
412 156 181 366 0 8 0
412 164 184 363 0 0 0
412 164 187 360 -8 -8 0
404 156 190 357 0 -8 0
404 148 193 354 0 -8 0
404 140 196 351 -8 0 0
396 140 199 348 0 0 0
396 140 202 345 -8 8 0
388 148 205 342 0 8 0
388 156 208 339 0 -8 0
388 148 211 336 -8 -8 0
380 140 214 333 0 0 0
380 140 217 330 0 8 0
380 148 220 327 -8 0 0
372 148 223 324 0 -8 0
372 140 226 321 -8 -8 0
364 132 229 318 0 -8 0
364 124 232 315 0 0 0
364 124 235 312 -8 8 0
356 132 238 309 0 -8 0
356 124 241 306 0 0 0
356 124 244 303 -8 -8 0
348 116 247 300 0 8 0
348 124 250 297 -8 -8 0
340 116 253 294 0 -8 0
340 108 256 291 0 8 0
340 116 259 288 -8 8 0
332 124 262 285 0 0 0
332 124 265 282 0 8 0
332 132 268 279 -8 8 0
324 140 271 276 0 0 0
324 140 274 273 -8 8 0
316 148 277 270 0 -8 0
316 140 280 267 0 0 0
316 140 283 264 -8 0 0
308 140 286 261 0 0 0
308 140 289 258 0 -8 0
308 132 292 255 -8 -8 0
300 124 295 252 0 8 0
300 132 298 249 -8 0 0
292 132 301 246 0 0 0
292 132 304 243 0 -8 0
292 124 307 240 -8 8 0
284 132 310 237 0 -8 0
284 124 313 234 0 -8 0
284 116 316 231 -8 -8 0
276 108 319 228 0 -8 0
276 100 322 225 -8 -8 0
268 92 325 222 0 -8 0
268 84 328 219 0 8 0
268 92 331 216 -8 8 0
260 100 334 213 0 8 0
260 108 337 210 0 -8 0
260 100 340 207 -8 0 0
252 100 343 204 0 -8 0
252 92 346 201 -8 8 0
244 100 349 198 0 8 0
244 108 352 195 0 8 0
244 116 355 192 -8 8 0
236 124 358 189 0 -8 0
236 116 361 186 0 0 0
236 116 364 183 -8 0 0
228 116 367 180 0 -8 0
228 108 370 177 -8 8 0
220 116 373 174 0 -8 0
220 108 376 171 0 -8 0
220 100 379 168 -8 -8 0
212 92 382 165 0 -8 0
212 84 385 162 0 -8 0
212 76 388 159 -8 8 0
204 84 391 156 0 0 0
204 84 394 153 -8 0 0
196 84 397 150 0 -8 0
196 76 400 147 0 0 0
196 76 403 144 -8 8 0
188 84 406 141 0 0 0
188 84 409 138 0 8 0
188 92 412 135 -8 -8 0
180 84 415 132 0 0 0
180 84 418 129 -8 -8 0
172 76 421 126 0 -8 0
172 68 424 123 0 0 0
172 68 427 120 -8 -8 0
164 60 430 117 0 0 0
164 60 433 114 0 -8 0
164 60 436 111 -8 0 0
156 60 439 108 0 8 0
156 68 442 105 -8 0 0
148 68 445 102 0 8 0
148 76 448 99 0 8 0
148 84 451 96 -8 0 0
140 84 454 93 0 0 0
140 84 457 90 0 8 0
140 92 460 87 -8 0 0
132 92 463 84 0 -8 0
132 84 466 81 -8 -8 0
124 76 469 78 0 0 0
124 76 472 75 0 -8 0
124 68 475 72 -8 8 0
116 76 478 69 0 0 0
116 76 481 66 0 0 0
116 76 484 63 -8 8 0
108 84 487 60 0 8 0
108 92 490 57 -8 -8 0
100 84 493 54 0 8 0
100 92 496 51 0 0 0
100 92 499 48 -8 0 0
92 92 502 45 0 -8 0
92 84 505 42 0 -8 0
92 76 508 39 -8 8 0
84 84 511 36 0 0 0
84 84 514 33 -8 -8 0
76 76 517 30 0 -8 0
76 68 520 27 0 0 0
76 68 523 24 -8 -8 0
68 60 526 21 0 8 0
68 68 529 18 0 8 0
68 76 532 15 -8 -8 0
60 68 535 12 0 -8 0
60 60 538 9 -8 0 0
60 60 541 12 0 0 0
60 60 544 15 0 -8 0
60 60 547 18 0 8 0
60 68 550 21 0 -8 0
60 60 553 24 0 8 0
60 68 556 27 0 0 0
60 68 559 30 0 0 0
60 68 562 33 0 0 0
60 68 565 36 0 -8 0
60 60 568 39 0 -8 0
60 60 571 42 0 -8 0
60 60 574 45 0 8 0
60 68 577 48 0 8 0
60 76 580 51 0 0 0
60 76 583 54 0 8 0
60 84 586 57 0 8 0
60 92 589 60 0 0 0
60 92 592 63 0 8 0
60 100 595 66 0 0 0
60 100 598 69 0 0 0
60 100 601 72 0 -8 0
60 92 604 75 0 -8 0
60 84 607 78 0 0 0
60 84 610 81 0 8 0
60 92 613 84 0 8 0
60 100 616 87 0 -8 0
60 92 619 90 0 8 0
60 100 622 93 0 8 0
60 108 625 96 0 -8 0
60 100 628 99 0 0 0
60 100 631 102 0 -8 0
60 92 634 105 0 0 0
60 92 637 108 0 0 0
60 92 640 111 8 0 0
68 92 643 114 0 0 0
68 92 646 117 0 -8 0
68 84 649 120 8 0 0
76 84 652 123 0 -8 0
76 76 655 126 0 -8 0
76 68 658 129 8 0 0
84 68 661 132 0 8 0
84 76 664 135 8 0 0
92 76 667 138 0 -8 0
92 68 670 141 0 0 0
92 68 673 144 8 8 0
100 76 676 147 0 8 0
100 84 679 150 0 -8 0
100 76 682 153 8 -8 0
108 68 685 156 0 0 0
108 68 688 159 8 8 0
116 76 691 162 0 0 0
116 76 694 165 0 -8 0
116 68 697 168 8 0 0
124 68 700 171 0 0 0
124 68 703 174 0 -8 0
124 60 706 177 8 8 0
132 68 709 180 0 0 0
132 68 712 183 8 8 0
140 76 715 186 0 8 0
140 84 718 189 0 8 0
140 92 721 192 8 8 0
148 100 724 195 0 0 0
148 100 727 198 0 8 0
148 108 730 201 8 -8 0
156 100 733 204 0 0 0
156 100 736 207 8 8 0
164 108 739 210 0 0 0
164 108 742 213 0 -8 0
164 100 745 216 8 0 0
172 100 748 219 0 8 0
172 108 751 222 0 8 0
172 116 754 225 8 -8 0
180 108 757 228 0 0 0
180 108 760 231 8 -8 0
188 100 763 234 0 -8 0
188 92 766 237 0 0 0
188 92 769 240 8 0 0
196 92 772 243 0 -8 0
196 84 775 246 0 8 0
196 92 778 249 8 8 0
204 100 781 252 0 0 1
204 100 781 252 0 0 1
204 100 781 252 0 0 1
204 100 781 252 0 0 1
204 100 781 252 0 0 1
