166 475 502 132 0 0 0
166 475 499 129 0 -8 0
166 467 496 126 0 0 0
166 467 493 123 0 -8 0
166 459 490 120 0 -8 0
166 451 487 117 0 0 0
166 451 484 114 -8 -8 0
158 443 481 111 0 -8 0
158 435 478 108 0 0 0
158 435 475 105 -8 0 0
150 435 472 102 0 -8 0
150 427 469 99 -8 -8 0
142 419 466 96 0 8 0
142 427 463 93 0 0 0
142 427 460 90 -8 8 0
134 435 457 87 0 8 0
134 443 454 84 0 8 0
134 451 451 81 -8 8 0
126 459 448 78 0 8 0
126 467 445 75 -8 8 0
118 475 442 72 0 8 0
118 483 439 69 0 8 0
118 491 436 66 -8 8 0
110 499 433 63 0 -8 0
110 491 430 60 0 8 0
110 499 427 57 -8 -8 0
102 491 424 54 0 8 0
102 499 421 51 -8 -8 0
94 491 418 48 0 8 0
94 499 415 45 0 -8 0
94 491 412 42 -8 0 0
86 491 409 39 0 0 0
86 491 406 36 0 0 0
86 491 403 33 -8 8 0
78 499 400 30 0 8 0
78 507 397 27 -8 -8 0
70 499 394 24 0 -8 0
70 491 391 21 0 -8 0
70 483 388 18 -8 -8 0
62 475 385 15 0 8 0
62 483 382 12 0 0 0
62 483 379 9 -8 8 0
60 491 376 12 0 0 0
60 491 373 15 0 0 0
60 491 370 18 0 0 0
60 491 367 21 0 8 0
60 499 364 24 0 8 0
60 507 361 27 0 8 0
60 515 358 30 0 8 0
60 523 355 33 0 -8 0
60 515 352 36 0 -8 0
60 507 349 39 0 -8 0
60 499 346 42 0 8 0
60 507 343 45 0 -8 0
60 499 340 48 0 0 0
60 499 337 51 0 -8 0
60 491 334 54 0 8 0
60 499 331 57 0 0 0
60 499 328 60 0 -8 0
60 491 325 63 0 8 0
60 499 322 66 0 8 0
60 507 319 69 0 -8 0
60 499 316 72 0 -8 0
60 491 313 75 0 8 0
60 499 310 78 0 8 0
60 507 307 81 0 -8 0
60 499 304 84 0 -8 0
60 491 301 87 0 8 0
60 499 298 90 0 -8 0
60 491 295 93 0 0 0
60 491 292 96 0 8 0
60 499 289 99 0 -8 0
60 491 286 102 0 -8 0
60 483 283 105 0 -8 0
60 475 280 108 0 8 0
60 483 277 111 8 0 0
68 483 274 114 0 8 0
68 491 271 117 0 0 0
68 491 268 120 8 8 0
76 499 265 123 0 8 0
76 507 262 126 0 8 0
76 515 259 129 8 8 0
84 523 256 132 0 0 0
84 523 253 135 8 0 0
92 523 250 138 0 8 0
92 531 247 141 0 8 0
92 539 244 144 8 8 0
100 540 241 147 0 -8 0
100 532 238 150 0 0 0
100 532 235 153 8 8 0
108 540 232 156 0 8 0
108 540 229 159 8 -8 0
116 532 226 162 0 8 0
116 540 223 165 0 8 0
116 540 220 168 8 8 0
124 540 217 171 0 8 0
124 540 214 174 0 8 0
124 540 211 177 8 0 0
132 540 208 180 0 8 0
132 540 205 183 8 8 0
140 540 202 186 0 -8 0
140 532 199 189 0 8 0
140 540 196 192 8 -8 0
148 532 193 195 0 0 0
148 532 190 198 0 8 0
148 540 187 201 8 0 0
156 540 184 204 0 -8 0
156 532 181 207 8 8 0
164 540 178 210 0 8 0
164 540 175 213 0 8 0
164 540 172 216 8 -8 0
172 532 169 219 0 8 0
172 540 166 222 0 8 0
172 540 163 225 8 0 0
180 540 160 228 0 0 0
180 540 157 231 8 8 0
188 540 154 234 0 8 0
188 540 151 237 0 8 0
188 540 148 240 8 8 0
196 540 145 243 0 8 0
196 540 142 246 0 8 0
196 540 139 249 8 -8 0
204 532 136 252 0 -8 0
204 524 133 255 8 -8 0
212 516 130 258 0 8 0
212 524 127 261 0 -8 0
212 516 124 264 8 -8 0
220 508 121 267 0 -8 0
220 500 118 270 0 0 0
220 500 115 273 8 0 0
228 500 112 276 0 0 0
228 500 109 279 8 -8 0
236 492 106 282 0 0 0
236 492 103 285 0 8 0
236 500 100 288 8 8 0
244 508 97 291 0 8 0
244 516 94 294 0 0 0
244 516 91 297 8 -8 0
252 508 88 300 0 8 0
252 516 85 303 8 -8 0
260 508 82 306 0 -8 0
260 500 79 309 0 8 0
260 508 76 312 8 -8 0
268 500 73 315 0 -8 0
268 492 70 318 0 -8 0
268 484 67 321 8 -8 0
276 476 64 324 0 0 0
276 476 61 327 8 8 0
284 484 58 330 0 -8 0
284 476 55 333 0 -8 0
284 468 52 336 8 0 0
292 468 49 339 0 -8 0
292 460 46 342 0 0 0
292 460 43 345 8 0 0
300 460 40 348 0 8 0
300 468 37 351 8 8 0
308 476 34 354 0 8 0
308 484 31 357 0 0 0
308 484 28 360 8 8 0
316 492 25 363 0 8 0
316 500 22 366 0 8 0
316 508 19 369 0 0 1
316 508 19 369 0 0 1
316 508 19 369 0 0 1
316 508 19 369 0 0 1
316 508 19 369 0 0 1
