296 268 373 189 0 0 0
296 268 370 192 -8 8 0
288 276 367 195 -8 0 0
280 276 364 198 -8 8 0
272 284 361 201 -8 8 0
264 292 358 204 -8 -8 0
256 284 355 207 0 -8 0
256 276 352 210 0 -8 0
256 268 349 213 0 0 0
256 268 346 216 0 0 0
256 268 343 219 0 8 0
256 276 340 222 0 8 0
256 284 337 225 0 0 0
256 284 334 228 0 0 0
256 284 331 231 0 0 0
256 284 328 234 0 -8 0
256 276 325 237 0 -8 0
256 268 322 240 0 -8 0
256 260 319 243 0 8 0
256 268 316 246 0 0 0
256 268 313 249 0 0 0
256 268 310 252 0 8 0
256 276 307 255 0 0 0
256 276 304 258 0 0 0
256 276 301 261 0 -8 0
256 268 298 264 0 -8 0
256 260 295 267 0 0 0
256 260 292 270 0 0 0
256 260 289 273 0 8 0
256 268 286 276 0 0 0
256 268 283 279 0 0 0
256 268 280 282 0 8 0
256 276 277 285 0 -8 0
256 268 274 288 0 -8 0
256 260 271 291 0 0 0
256 260 268 294 0 8 0
256 268 265 297 0 0 0
256 268 262 300 0 -8 0
256 260 259 303 0 0 0
256 260 256 306 0 8 0
256 268 253 309 8 0 0
264 268 250 312 0 -8 0
264 260 247 315 8 -8 0
272 252 244 318 0 -8 0
272 244 241 321 0 -8 0
272 236 238 324 8 0 0
280 236 235 327 0 0 0
280 236 232 330 0 0 0
280 236 229 333 8 -8 0
288 228 226 336 0 0 0
288 228 223 339 8 0 0
296 228 220 342 0 -8 0
296 220 217 345 0 -8 0
296 212 214 348 8 0 0
304 212 211 351 0 -8 0
304 204 208 354 0 0 0
304 204 205 357 8 0 0
312 204 202 360 0 -8 0
312 196 199 363 8 8 0
320 204 196 366 0 8 0
320 212 193 369 0 8 0
320 220 190 372 8 0 0
328 220 187 375 0 0 0
328 220 184 378 0 8 0
328 228 181 381 8 0 0
336 228 178 384 0 0 0
336 228 175 387 8 -8 0
344 220 172 390 0 0 0
344 220 169 393 0 -8 0
344 212 166 396 8 -8 0
352 204 163 399 0 -8 0
352 196 160 402 0 0 0
352 196 157 405 8 8 0
360 204 154 408 0 8 0
360 212 151 411 8 8 0
368 220 148 414 0 8 0
368 228 145 417 0 8 0
368 236 142 420 8 8 0
376 244 139 423 0 8 0
376 252 136 426 0 0 0
376 252 133 429 8 -8 0
384 244 130 432 0 8 0
384 252 127 435 8 0 0
392 252 124 438 0 -8 0
392 244 121 441 0 8 0
392 252 118 444 8 8 0
400 260 115 447 0 8 0
400 268 112 450 0 8 0
400 276 109 453 8 -8 0
408 268 106 456 0 8 0
408 276 103 459 8 8 0
416 284 100 462 0 0 0
416 284 97 465 0 0 0
416 284 94 468 8 8 0
424 292 91 471 0 0 0
424 292 88 474 0 8 0
424 300 85 477 8 8 0
432 308 82 480 0 8 0
432 316 79 483 8 -8 0
440 308 76 486 0 -8 0
440 300 73 489 0 -8 0
440 292 70 492 8 0 0
448 292 67 495 0 8 0
448 300 64 498 0 8 0
448 308 61 501 8 -8 0
456 300 58 504 0 -8 0
456 292 55 507 8 0 0
464 292 52 510 0 0 0
464 292 49 513 0 -8 0
464 284 46 516 8 0 0
472 284 43 519 0 -8 0
472 276 40 522 0 0 0
472 276 37 525 8 8 0
480 284 34 528 0 -8 0
480 276 31 531 8 0 0
488 276 28 534 0 8 0
488 284 25 537 0 0 0
488 284 22 540 8 8 0
496 292 19 543 0 -8 0
496 284 22 546 0 -8 0
496 276 25 549 8 0 0
504 276 28 552 0 0 0
504 276 31 555 8 8 0
512 284 34 558 0 0 0
512 284 37 561 0 8 0
512 292 40 564 8 8 0
520 300 43 567 0 0 0
520 300 46 570 0 8 0
520 308 49 573 8 -8 0
528 300 52 576 0 8 0
528 308 55 579 8 -8 0
536 300 58 582 0 0 0
536 300 61 585 0 -8 0
536 292 64 588 8 8 0
540 300 67 591 8 0 0
540 300 70 588 0 8 0
540 308 73 585 0 8 0
540 316 76 582 0 -8 0
540 308 79 579 0 0 0
540 308 82 576 0 0 0
540 308 85 573 0 -8 0
540 300 88 570 0 0 0
540 300 91 567 0 -8 0
540 292 94 564 0 8 0
540 300 97 561 0 8 0
540 308 100 558 0 8 0
540 316 103 555 0 -8 0
540 308 106 552 0 0 0
540 308 109 549 0 0 0
540 308 112 546 0 -8 0
540 300 115 543 0 0 0
540 300 118 540 0 0 0
540 300 121 537 0 0 0
540 300 124 534 0 0 0
540 300 127 531 0 8 0
540 308 130 528 0 8 0
540 316 133 525 0 -8 0
540 308 136 522 0 0 0
540 308 139 519 0 -8 0
540 300 142 516 0 -8 0
540 292 145 513 0 0 0
540 292 148 510 0 -8 0
540 284 151 507 0 -8 0
540 276 154 504 0 -8 0
540 268 157 501 0 8 0
540 276 160 498 0 0 0
540 276 163 495 0 0 0
540 276 166 492 0 8 0
540 284 169 489 -8 0 0
532 284 172 486 0 -8 0
532 276 175 483 0 0 0
532 276 178 480 -8 -8 0
524 268 181 477 0 0 0
524 268 184 474 0 8 0
524 276 187 471 -8 -8 0
516 268 190 468 0 -8 0
516 260 193 465 -8 8 0
508 268 196 462 0 -8 0
508 260 199 459 0 8 0
508 268 202 456 -8 -8 0
500 260 205 453 0 0 0
500 260 208 450 0 -8 0
500 252 211 447 -8 8 0
492 260 214 444 0 -8 0
492 252 217 441 -8 0 0
484 252 220 438 0 -8 0
484 244 223 435 0 8 0
484 252 226 432 -8 -8 0
476 244 229 429 0 8 0
476 252 232 426 0 0 0
476 252 235 423 -8 0 0
468 252 238 420 0 0 0
468 252 241 417 -8 -8 0
460 244 244 414 0 -8 0
460 236 247 411 0 -8 0
460 228 250 408 -8 0 0
452 228 253 405 0 8 0
452 236 256 402 0 8 0
452 244 259 399 -8 -8 0
444 236 262 396 0 0 0
444 236 265 393 -8 8 0
436 244 268 390 0 -8 0
436 236 271 387 0 0 0
436 236 274 384 -8 0 0
428 236 277 381 0 0 0
428 236 280 378 0 8 0
428 244 283 375 -8 -8 0
420 236 286 372 0 8 0
420 244 289 369 -8 8 0
412 252 292 366 0 0 0
412 252 295 363 0 0 0
412 252 298 360 -8 0 0
404 252 301 357 0 -8 0
404 244 304 354 0 -8 0
404 236 307 351 -8 8 0
396 244 310 348 0 8 0
396 252 313 345 -8 8 0
388 260 316 342 0 8 0
388 268 319 339 0 -8 0
388 260 322 336 -8 -8 0
380 252 325 333 0 8 0
380 260 328 330 0 8 0
380 268 331 327 -8 -8 0
372 260 334 324 0 -8 0
372 252 337 321 -8 8 0
364 260 340 318 0 -8 0
364 252 343 315 0 -8 0
364 244 346 312 -8 -8 0
356 236 349 309 0 0 0
356 236 352 306 0 -8 0
356 228 355 303 -8 0 0
348 228 358 300 0 -8 0
348 220 361 297 -8 0 0
340 220 364 294 0 8 0
340 228 367 291 0 8 0
340 236 370 288 -8 0 0
332 236 373 285 0 -8 0
332 228 376 282 0 -8 0
332 220 379 279 -8 -8 0
324 212 382 276 0 0 0
324 212 385 273 -8 -8 0
316 204 388 270 0 8 0
316 212 391 267 0 -8 0
316 204 394 264 -8 8 0
308 212 397 261 0 0 0
308 212 400 258 0 -8 0
308 204 403 255 -8 8 0
300 212 406 252 0 8 0
300 220 409 249 -8 0 0
292 220 412 246 0 -8 0
292 212 415 243 0 0 0
292 212 418 240 -8 8 0
284 220 421 237 0 0 0
284 220 424 234 0 -8 0
284 212 427 231 -8 -8 0
276 204 430 228 0 8 0
276 212 433 225 -8 8 0
268 220 436 222 0 0 0
268 220 439 219 0 0 0
268 220 442 216 -8 -8 0
260 212 445 213 0 -8 0
260 204 448 210 0 0 0
260 204 451 207 -8 0 0
252 204 454 204 0 8 0
252 212 457 201 -8 -8 0
244 204 460 198 0 0 0
244 204 463 195 0 -8 0
244 196 466 192 -8 0 0
236 196 469 189 0 -8 0
236 188 472 186 0 8 0
236 196 475 183 -8 8 0
228 204 478 180 0 0 0
228 204 481 177 -8 8 0
220 212 484 174 0 0 0
220 212 487 171 0 0 0
220 212 490 168 -8 0 0
212 212 493 165 0 8 0
212 220 496 162 0 -8 0
212 212 499 159 -8 8 0
204 220 502 156 0 0 0
204 220 505 153 -8 8 0
196 228 508 150 0 -8 0
196 220 511 147 0 8 0
196 228 514 144 -8 8 0
188 236 517 141 0 0 0
188 236 520 138 0 8 0
188 244 523 135 -8 0 0
180 244 526 132 0 0 0
180 244 529 129 -8 0 0
172 244 532 126 0 8 0
172 252 535 123 0 -8 0
172 244 538 120 -8 0 0
164 244 541 117 0 0 0
164 244 544 114 0 -8 0
164 236 547 111 -8 8 0
156 244 550 108 0 8 0
156 252 553 105 -8 0 0
148 252 556 102 0 -8 0
148 244 559 99 0 -8 0
148 236 562 96 -8 8 0
140 244 565 93 0 8 0
140 252 568 90 0 -8 0
140 244 571 87 -8 -8 0
132 236 574 84 0 0 0
132 236 577 81 -8 -8 0
124 228 580 78 0 8 0
124 236 583 75 0 0 0
124 236 586 72 -8 8 0
116 244 589 69 0 0 0
116 244 592 66 0 8 0
116 252 595 63 -8 0 0
108 252 598 60 0 8 0
108 260 601 57 -8 -8 0
100 252 604 54 0 8 0
100 260 607 51 0 8 0
100 268 610 48 -8 -8 0
92 260 613 45 0 8 0
92 268 616 42 0 8 0
92 276 619 39 -8 0 0
84 276 622 36 0 -8 0
84 268 625 33 -8 8 0
76 276 628 30 0 8 0
76 284 631 27 0 -8 0
76 276 634 24 -8 -8 0
68 268 637 21 0 -8 0
68 260 640 18 0 0 0
68 260 643 15 -8 0 0
60 260 646 12 0 0 0
60 260 649 9 -8 8 0
60 268 652 12 0 0 0
60 268 655 15 0 8 0
60 276 658 18 0 8 0
60 284 661 21 0 -8 0
60 276 664 24 0 8 0
60 284 667 27 0 0 0
60 284 670 30 0 8 0
60 292 673 33 0 8 0
60 300 676 36 0 0 0
60 300 679 39 0 0 0
60 300 682 42 0 0 0
60 300 685 45 0 -8 0
60 292 688 48 0 8 0
60 300 691 51 0 8 0
60 308 694 54 0 -8 0
60 300 697 57 0 0 0
60 300 700 60 0 8 0
60 308 703 63 0 0 0
60 308 706 66 0 0 0
60 308 709 69 0 -8 0
60 300 712 72 0 8 0
60 308 715 75 0 8 0
60 316 718 78 0 8 0
60 324 721 81 0 0 0
60 324 724 84 0 8 0
60 332 727 87 0 8 0
60 340 730 90 0 8 0
60 348 733 93 0 8 0
60 356 736 96 0 8 0
60 364 739 99 0 8 0
60 372 742 102 0 0 0
60 372 745 105 0 8 0
60 380 748 108 0 -8 0
60 372 751 111 8 -8 0
68 364 754 114 0 8 0
68 372 757 117 0 0 0
68 372 760 120 8 8 0
76 380 763 123 0 8 0
76 388 766 126 0 -8 0
76 380 769 129 8 0 0
84 380 772 132 0 -8 0
84 372 775 135 8 -8 0
92 364 778 138 0 8 0
92 372 781 141 0 0 1
92 372 781 141 0 0 1
92 372 781 141 0 0 1
92 372 781 141 0 0 1
92 372 781 141 0 0 1
