393 382 205 123 0 0 0
393 382 202 126 -8 8 0
385 390 199 129 -8 -8 0
377 382 196 132 -8 -8 0
369 374 193 135 -8 0 0
361 374 190 138 -8 -8 0
353 366 187 141 -8 8 0
345 374 184 144 -8 8 0
337 382 181 147 -8 8 0
329 390 178 150 -8 0 0
321 390 175 153 -8 -8 0
313 382 172 156 -8 -8 0
305 374 169 159 -8 -8 0
297 366 166 162 -8 0 0
289 366 163 165 -8 0 0
281 366 160 168 -8 -8 0
273 358 157 171 -8 0 0
265 358 154 174 -8 8 0
257 366 151 177 -8 8 0
249 374 148 180 -8 0 0
241 374 145 183 -8 8 0
233 382 142 186 0 0 0
233 382 139 189 0 -8 0
233 374 136 192 0 0 0
233 374 133 195 0 8 0
233 382 130 198 0 8 0
233 390 127 201 0 8 0
233 398 124 204 0 8 0
233 406 121 207 0 -8 0
233 398 118 210 0 8 0
233 406 115 213 0 0 0
233 406 112 216 0 -8 0
233 398 109 219 0 -8 0
233 390 106 222 0 -8 0
233 382 103 225 0 8 0
233 390 100 228 0 8 0
233 398 97 231 0 -8 0
233 390 94 234 0 8 0
233 398 91 237 0 8 0
233 406 88 240 0 -8 0
233 398 85 243 0 0 0
233 398 82 246 0 -8 0
233 390 79 249 0 0 0
233 390 76 252 0 0 0
233 390 73 255 0 0 0
233 390 70 258 0 0 0
233 390 67 261 0 0 0
233 390 64 264 0 -8 0
233 382 61 267 0 -8 0
233 374 58 270 0 0 0
233 374 55 273 0 8 0
233 382 52 276 0 -8 0
233 374 49 279 0 8 0
233 382 46 282 0 -8 0
233 374 43 285 8 0 0
241 374 40 288 0 8 0
241 382 37 291 0 0 0
241 382 34 294 8 0 0
249 382 31 297 0 -8 0
249 374 28 300 8 -8 0
257 366 25 303 0 0 0
257 366 22 306 0 0 0
257 366 19 309 0 0 1
257 366 19 309 0 0 1
257 366 19 309 0 0 1
257 366 19 309 0 0 1
257 366 19 309 0 0 1
