227 120 526 240 0 0 0
227 120 523 237 0 8 0
227 128 520 234 0 0 0
227 128 517 231 0 8 0
227 136 514 228 0 0 0
227 136 511 225 0 -8 0
227 128 508 222 0 -8 0
227 120 505 219 0 0 0
227 120 502 216 0 0 0
227 120 499 213 0 8 0
227 128 496 210 0 -8 0
227 120 493 207 0 8 0
227 128 490 204 0 0 0
227 128 487 201 0 8 0
227 136 484 198 0 -8 0
227 128 481 195 0 0 0
227 128 478 192 0 0 0
227 128 475 189 0 8 0
227 136 472 186 0 8 0
227 144 469 183 0 0 0
227 144 466 180 0 0 0
227 144 463 177 0 8 0
227 152 460 174 -8 0 0
219 152 457 171 0 8 0
219 160 454 168 -8 0 0
211 160 451 165 0 -8 0
211 152 448 162 0 0 0
211 152 445 159 -8 0 0
203 152 442 156 0 8 0
203 160 439 153 0 8 0
203 168 436 150 -8 -8 0
195 160 433 147 0 8 0
195 168 430 144 -8 0 0
187 168 427 141 0 -8 0
187 160 424 138 0 0 0
187 160 421 135 -8 -8 0
179 152 418 132 0 0 0
179 152 415 129 0 0 0
179 152 412 126 -8 8 0
171 160 409 123 0 8 0
171 168 406 120 -8 0 0
163 168 403 117 0 8 0
163 176 400 114 0 0 0
163 176 397 111 -8 0 0
155 176 394 108 0 8 0
155 184 391 105 0 8 0
155 192 388 102 -8 0 0
147 192 385 99 0 8 0
147 200 382 96 -8 0 0
139 200 379 93 0 -8 0
139 192 376 90 0 8 0
139 200 373 87 -8 8 0
131 208 370 84 0 -8 0
131 200 367 81 0 -8 0
131 192 364 78 -8 0 0
123 192 361 75 0 8 0
123 200 358 72 -8 8 0
115 208 355 69 0 8 0
115 216 352 66 0 -8 0
115 208 349 63 -8 -8 0
107 200 346 60 0 -8 0
107 192 343 57 0 8 0
107 200 340 54 -8 -8 0
99 192 337 51 0 -8 0
99 184 334 48 -8 -8 0
91 176 331 45 0 -8 0
91 168 328 42 0 8 0
91 176 325 39 -8 0 0
83 176 322 36 0 8 0
83 184 319 33 0 -8 0
83 176 316 30 -8 -8 0
75 168 313 27 0 -8 0
75 160 310 24 -8 -8 0
67 152 307 21 0 -8 0
67 144 304 18 0 8 0
67 152 301 15 -8 -8 0
60 144 298 12 0 8 0
60 152 295 9 -8 8 0
60 160 292 12 0 8 0
60 168 289 15 0 -8 0
60 160 286 18 0 0 0
60 160 283 21 0 8 0
60 168 280 24 0 0 0
60 168 277 27 0 -8 0
60 160 274 30 0 -8 0
60 152 271 33 0 8 0
60 160 268 36 0 8 0
60 168 265 39 0 8 0
60 176 262 42 0 0 0
60 176 259 45 0 8 0
60 184 256 48 0 0 0
60 184 253 51 0 -8 0
60 176 250 54 0 8 0
60 184 247 57 0 -8 0
60 176 244 60 0 8 0
60 184 241 63 0 8 0
60 192 238 66 0 8 0
60 200 235 69 0 8 0
60 208 232 72 0 0 0
60 208 229 75 0 0 0
60 208 226 78 0 -8 0
60 200 223 81 0 8 0
60 208 220 84 0 0 0
60 208 217 87 0 8 0
60 216 214 90 0 8 0
60 224 211 93 0 0 0
60 224 208 96 0 -8 0
60 216 205 99 0 0 0
60 216 202 102 0 -8 0
60 208 199 105 0 -8 0
60 200 196 108 0 -8 0
60 192 193 111 8 -8 0
68 184 190 114 0 8 0
68 192 187 117 0 0 0
68 192 184 120 8 -8 0
76 184 181 123 0 0 0
76 184 178 126 0 -8 0
76 176 175 129 8 -8 0
84 168 172 132 0 -8 0
84 160 169 135 8 -8 0
92 152 166 138 0 0 0
92 152 163 141 0 8 0
92 160 160 144 8 8 0
100 168 157 147 0 8 0
100 176 154 150 0 0 0
100 176 151 153 8 -8 0
108 168 148 156 0 0 0
108 168 145 159 8 -8 0
116 160 142 162 0 8 0
116 168 139 165 0 8 0
116 176 136 168 8 -8 0
124 168 133 171 0 0 0
124 168 130 174 0 0 0
124 168 127 177 8 0 0
132 168 124 180 0 8 0
132 176 121 183 8 0 0
140 176 118 186 0 -8 0
140 168 115 189 0 0 0
140 168 112 192 8 8 0
148 176 109 195 0 8 0
148 184 106 198 0 8 0
148 192 103 201 8 0 0
156 192 100 204 0 8 0
156 200 97 207 8 8 0
164 208 94 210 0 -8 0
164 200 91 213 0 -8 0
164 192 88 216 8 0 0
172 192 85 219 0 8 0
172 200 82 222 0 -8 0
172 192 79 225 8 -8 0
180 184 76 228 0 -8 0
180 176 73 231 8 -8 0
188 168 70 234 0 -8 0
188 160 67 237 0 0 0
188 160 64 240 8 8 0
196 168 61 243 0 -8 0
196 160 58 246 0 8 0
196 168 55 249 8 8 0
204 176 52 252 0 8 0
204 184 49 255 8 -8 0
212 176 46 258 0 0 0
212 176 43 261 0 8 0
212 184 40 264 8 -8 0
220 176 37 267 0 0 0
220 176 34 270 0 0 0
220 176 31 273 8 -8 0
228 168 28 276 0 8 0
228 176 25 279 8 8 0
236 184 22 282 0 -8 0
236 176 19 285 0 -8 0
236 168 22 288 8 -8 0
244 160 25 291 0 8 0
244 168 28 294 0 8 0
244 176 31 297 8 8 0
252 184 34 300 0 8 0
252 192 37 303 8 -8 0
260 184 40 306 0 0 0
260 184 43 309 0 -8 0
260 176 46 312 8 0 0
268 176 49 315 0 8 0
268 184 52 318 0 0 0
268 184 55 321 8 -8 0
276 176 58 324 0 0 0
276 176 61 327 8 -8 0
284 168 64 330 0 -8 0
284 160 67 333 0 8 0
284 168 70 336 8 -8 0
292 160 73 339 0 0 0
292 160 76 342 0 8 0
292 168 79 345 8 8 0
300 176 82 348 0 -8 0
300 168 85 351 8 0 0
308 168 88 354 0 0 0
308 168 91 357 0 -8 0
308 160 94 360 8 -8 0
316 152 97 363 0 0 0
316 152 100 366 0 8 0
316 160 103 369 8 -8 0
324 152 106 372 0 8 0
324 160 109 375 8 0 0
332 160 112 378 0 -8 0
332 152 115 381 0 0 0
332 152 118 384 8 8 0
340 160 121 387 0 -8 0
340 152 124 390 0 8 0
340 160 127 393 8 8 0
348 168 130 396 0 8 0
348 176 133 399 8 8 0
356 184 136 402 0 0 0
356 184 139 405 0 8 0
356 192 142 408 8 0 0
364 192 145 411 0 -8 0
364 184 148 414 0 8 0
364 192 151 417 8 -8 0
372 184 154 420 0 8 0
372 192 157 423 8 -8 0
380 184 160 426 0 8 0
380 192 163 429 0 -8 0
380 184 166 432 8 8 0
388 192 169 435 0 8 0
388 200 172 438 0 -8 0
388 192 175 441 8 0 0
396 192 178 444 0 -8 0
396 184 181 447 8 -8 0
404 176 184 450 0 -8 0
404 168 187 453 0 0 0
404 168 190 456 8 -8 0
412 160 193 459 0 -8 0
412 152 196 462 0 -8 0
412 144 199 465 8 8 0
420 152 202 468 0 8 0
420 160 205 471 8 -8 0
428 152 208 474 0 0 0
428 152 211 477 0 8 0
428 160 214 480 8 -8 0
436 152 217 483 0 0 0
436 152 220 486 0 8 0
436 160 223 489 8 -8 0
444 152 226 492 0 8 0
444 160 229 495 8 0 0
452 160 232 498 0 8 0
452 168 235 501 0 0 0
452 168 238 504 8 -8 0
460 160 241 507 0 -8 0
460 152 244 510 0 8 0
460 160 247 513 8 8 0
468 168 250 516 0 -8 0
468 160 253 519 8 8 0
476 168 256 522 0 -8 0
476 160 259 525 0 8 0
476 168 262 528 8 -8 0
484 160 265 531 0 0 0
484 160 268 534 0 0 0
484 160 271 537 8 0 0
492 160 274 540 0 -8 0
492 152 277 543 8 8 0
500 160 280 546 0 8 0
500 168 283 549 0 0 0
500 168 286 552 8 -8 0
508 160 289 555 0 0 0
508 160 292 558 0 0 0
508 160 295 561 8 0 0
516 160 298 564 0 0 0
516 160 301 567 8 -8 0
524 152 304 570 0 -8 0
524 144 307 573 0 0 0
524 144 310 576 8 0 0
532 144 313 579 0 8 0
532 152 316 582 0 -8 0
532 144 319 585 8 -8 0
540 136 322 588 0 0 0
540 136 325 591 8 8 0
540 144 328 588 0 -8 0
540 136 331 585 0 8 0
540 144 334 582 0 0 0
540 144 337 579 0 0 0
540 144 340 576 0 -8 0
540 136 343 573 0 8 0
540 144 346 570 0 0 0
540 144 349 567 0 -8 0
540 136 352 564 0 0 0
540 136 355 561 0 8 0
540 144 358 558 0 0 0
540 144 361 555 0 0 0
540 144 364 552 0 -8 0
540 136 367 549 0 -8 0
540 128 370 546 0 -8 0
540 120 373 543 0 0 0
540 120 376 540 0 -8 0
540 112 379 537 0 -8 0
540 104 382 534 0 -8 0
540 96 385 531 0 -8 0
540 88 388 528 0 8 0
540 96 391 525 0 8 0
540 104 394 522 0 0 0
540 104 397 519 0 0 0
540 104 400 516 0 0 0
540 104 403 513 0 8 0
540 112 406 510 0 -8 0
540 104 409 507 0 -8 0
540 96 412 504 0 8 0
540 104 415 501 0 8 0
540 112 418 498 0 8 0
540 120 421 495 0 8 0
540 128 424 492 0 -8 0
540 120 427 489 -8 -8 0
532 112 430 486 0 -8 0
532 104 433 483 0 8 0
532 112 436 480 -8 8 0
524 120 439 477 0 0 0
524 120 442 474 0 -8 0
524 112 445 471 -8 8 0
516 120 448 468 0 8 0
516 128 451 465 -8 0 0
508 128 454 462 0 -8 0
508 120 457 459 0 0 0
508 120 460 456 -8 -8 0
500 112 463 453 0 -8 0
500 104 466 450 0 0 0
500 104 469 447 -8 8 0
492 112 472 444 0 8 0
492 120 475 441 -8 0 0
484 120 478 438 0 8 0
484 128 481 435 0 8 0
484 136 484 432 -8 -8 0
476 128 487 429 0 -8 0
476 120 490 426 0 -8 0
476 112 493 423 -8 0 0
468 112 496 420 0 0 0
468 112 499 417 -8 0 0
460 112 502 414 0 0 0
460 112 505 411 0 -8 0
460 104 508 408 -8 -8 0
452 96 511 405 0 -8 0
452 88 514 402 0 8 0
452 96 517 399 -8 8 0
444 104 520 396 0 0 0
444 104 523 393 -8 -8 0
436 96 526 390 0 8 0
436 104 529 387 0 0 0
436 104 532 384 -8 8 0
428 112 535 381 0 -8 0
428 104 538 378 0 0 0
428 104 541 375 -8 -8 0
420 96 544 372 0 0 0
420 96 547 369 -8 8 0
412 104 550 366 0 8 0
412 112 553 363 0 8 0
412 120 556 360 -8 0 0
404 120 559 357 0 0 0
404 120 562 354 0 8 0
404 128 565 351 -8 8 0
396 136 568 348 0 8 0
396 144 571 345 -8 8 0
388 152 574 342 0 0 0
388 152 577 339 0 -8 0
388 144 580 336 -8 0 0
380 144 583 333 0 0 0
380 144 586 330 0 8 0
380 152 589 327 -8 8 0
372 160 592 324 0 -8 0
372 152 595 321 -8 8 0
364 160 598 318 0 0 0
364 160 601 315 0 0 0
364 160 604 312 -8 -8 0
356 152 607 309 0 0 0
356 152 610 306 0 0 0
356 152 613 303 -8 8 0
348 160 616 300 0 0 0
348 160 619 297 -8 -8 0
340 152 622 294 0 0 0
340 152 625 291 0 8 0
340 160 628 288 -8 8 0
332 168 631 285 0 -8 0
332 160 634 282 0 -8 0
332 152 637 279 -8 8 0
324 160 640 276 0 8 0
324 168 643 273 -8 8 0
316 176 646 270 0 -8 0
316 168 649 267 0 0 0
316 168 652 264 -8 8 0
308 176 655 261 0 -8 0
308 168 658 258 0 -8 0
308 160 661 255 -8 -8 0
300 152 664 252 0 8 0
300 160 667 249 -8 0 0
292 160 670 246 0 8 0
292 168 673 243 0 8 0
292 176 676 240 -8 8 0
284 184 679 237 0 0 0
284 184 682 234 0 0 0
284 184 685 231 -8 -8 0
276 176 688 228 0 0 0
276 176 691 225 -8 -8 0
268 168 694 222 0 8 0
268 176 697 219 0 8 0
268 184 700 216 -8 8 0
260 192 703 213 0 -8 0
260 184 706 210 0 -8 0
260 176 709 207 -8 -8 0
252 168 712 204 0 0 0
252 168 715 201 -8 0 0
244 168 718 198 0 -8 0
244 160 721 195 0 -8 0
244 152 724 192 -8 0 0
236 152 727 189 0 -8 0
236 144 730 186 0 0 0
236 144 733 183 -8 8 0
228 152 736 180 0 8 0
228 160 739 177 -8 -8 0
220 152 742 174 0 8 0
220 160 745 171 0 0 0
220 160 748 168 -8 0 0
212 160 751 165 0 8 0
212 168 754 162 0 -8 0
212 160 757 159 -8 0 0
204 160 760 156 0 -8 0
204 152 763 153 -8 -8 0
196 144 766 150 0 -8 0
196 136 769 147 0 -8 0
196 128 772 144 -8 8 0
188 136 775 141 0 -8 0
188 128 778 138 0 -8 0
188 120 781 135 -8 0 0
180 120 778 132 0 -8 0
180 112 775 129 -8 8 0
172 120 772 126 0 0 0
172 120 769 123 0 8 0
172 128 766 120 -8 8 0
164 136 763 117 0 8 0
164 144 760 114 0 8 0
164 152 757 111 -8 -8 0
156 144 754 108 0 8 0
156 152 751 105 -8 -8 0
148 144 748 102 0 -8 0
148 136 745 99 0 8 0
148 144 742 96 -8 -8 0
140 136 739 93 0 0 0
140 136 736 90 0 8 0
140 144 733 87 -8 8 0
132 152 730 84 0 -8 0
132 144 727 81 -8 -8 0
124 136 724 78 0 0 0
124 136 721 75 0 8 0
124 144 718 72 -8 0 0
116 144 715 69 0 8 0
116 152 712 66 0 0 0
116 152 709 63 -8 0 0
108 152 706 60 0 -8 0
108 144 703 57 -8 8 0
100 152 700 54 0 -8 0
100 144 697 51 0 -8 0
100 136 694 48 -8 -8 0
92 128 691 45 0 8 0
92 136 688 42 0 8 0
92 144 685 39 -8 -8 0
84 136 682 36 0 -8 0
84 128 679 33 -8 0 0
76 128 676 30 0 -8 0
76 120 673 27 0 8 0
76 128 670 24 -8 -8 0
68 120 667 21 0 -8 0
68 112 664 18 0 0 0
68 112 661 15 -8 8 0
60 120 658 12 0 0 0
60 120 655 9 -8 -8 0
60 112 652 12 0 0 0
60 112 649 15 0 -8 0
60 104 646 18 0 -8 0
60 96 643 21 0 8 0
60 104 640 24 0 -8 0
60 96 637 27 0 8 0
60 104 634 30 0 -8 0
60 96 631 33 0 8 0
60 104 628 36 0 -8 0
60 96 625 39 0 8 0
60 104 622 42 0 0 0
60 104 619 45 0 -8 0
60 96 616 48 0 8 0
60 104 613 51 0 8 0
60 112 610 54 0 -8 0
60 104 607 57 0 0 0
60 104 604 60 0 8 0
60 112 601 63 0 0 0
60 112 598 66 0 -8 0
60 104 595 69 0 8 0
60 112 592 72 0 -8 0
60 104 589 75 0 -8 0
60 96 586 78 0 0 0
60 96 583 81 0 8 0
60 104 580 84 0 0 0
60 104 577 87 0 0 0
60 104 574 90 0 8 0
60 112 571 93 0 0 0
60 112 568 96 0 -8 0
60 104 565 99 0 -8 0
60 96 562 102 0 -8 0
60 88 559 105 0 0 0
60 88 556 108 0 0 0
60 88 553 111 8 0 0
68 88 550 114 0 -8 0
68 80 547 117 0 8 0
68 88 544 120 8 0 0
76 88 541 123 0 8 0
76 96 538 126 0 -8 0
76 88 535 129 8 -8 0
84 80 532 132 0 8 0
84 88 529 135 8 8 0
92 96 526 138 0 0 0
92 96 523 141 0 8 0
92 104 520 144 8 -8 0
100 96 517 147 0 -8 0
100 88 514 150 0 -8 0
100 80 511 153 8 0 0
108 80 508 156 0 8 0
108 88 505 159 8 8 0
116 96 502 162 0 8 0
116 104 499 165 0 8 0
116 112 496 168 8 0 0
124 112 493 171 0 8 0
124 120 490 174 0 -8 0
124 112 487 177 8 -8 0
132 104 484 180 0 0 0
132 104 481 183 8 8 0
140 112 478 186 0 0 0
140 112 475 189 0 8 0
140 120 472 192 8 -8 0
148 112 469 195 0 -8 0
148 104 466 198 0 -8 0
148 96 463 201 8 -8 0
156 88 460 204 0 8 0
156 96 457 207 8 -8 0
164 88 454 210 0 0 0
164 88 451 213 0 0 0
164 88 448 216 8 -8 0
172 80 445 219 0 8 0
172 88 442 222 0 0 0
172 88 439 225 8 8 0
180 96 436 228 0 8 0
180 104 433 231 8 8 0
188 112 430 234 0 0 0
188 112 427 237 0 0 0
188 112 424 240 8 0 0
196 112 421 243 0 0 0
196 112 418 246 0 8 0
196 120 415 249 8 -8 0
204 112 412 252 0 -8 0
204 104 409 255 8 8 0
212 112 406 258 0 -8 0
212 104 403 261 0 8 0
212 112 400 264 8 0 0
220 112 397 267 0 8 0
220 120 394 270 0 -8 0
220 112 391 273 8 8 0
228 120 388 276 0 -8 0
228 112 385 279 8 0 0
236 112 382 282 0 8 0
236 120 379 285 0 8 0
236 128 376 288 8 -8 0
244 120 373 291 0 0 0
244 120 370 294 0 8 0
244 128 367 297 8 0 0
252 128 364 300 0 -8 0
252 120 361 303 8 -8 0
260 112 358 306 0 8 0
260 120 355 309 0 -8 0
260 112 352 312 8 -8 0
268 104 349 315 0 0 0
268 104 346 318 0 -8 0
268 96 343 321 8 0 0
276 96 340 324 0 0 0
276 96 337 327 8 -8 0
284 88 334 330 0 8 0
284 96 331 333 0 0 0
284 96 328 336 8 0 0
292 96 325 339 0 8 0
292 104 322 342 0 -8 0
292 96 319 345 8 -8 0
300 88 316 348 0 -8 0
300 80 313 351 8 0 0
308 80 310 354 0 0 0
308 80 307 357 0 0 0
308 80 304 360 8 8 0
316 88 301 363 0 8 0
316 96 298 366 0 0 0
316 96 295 369 8 0 0
324 96 292 372 0 8 0
324 104 289 375 8 0 0
332 104 286 378 0 -8 0
332 96 283 381 0 8 0
332 104 280 384 8 -8 0
340 96 277 387 0 -8 0
340 88 274 390 0 -8 0
340 80 271 393 8 0 0
348 80 268 396 0 0 0
348 80 265 399 8 8 0
356 88 262 402 0 8 0
356 96 259 405 0 8 0
356 104 256 408 8 8 0
364 112 253 411 0 0 0
364 112 250 414 0 0 0
364 112 247 417 8 8 0
372 120 244 420 0 0 0
372 120 241 423 8 0 0
380 120 238 426 0 8 0
380 128 235 429 0 0 0
380 128 232 432 8 0 0
388 128 229 435 0 0 0
388 128 226 438 0 0 0
388 128 223 441 8 8 0
396 136 220 444 0 0 0
396 136 217 447 8 -8 0
404 128 214 450 0 -8 0
404 120 211 453 0 0 0
404 120 208 456 8 -8 0
412 112 205 459 0 0 0
412 112 202 462 0 0 0
412 112 199 465 8 8 0
420 120 196 468 0 -8 0
420 112 193 471 8 -8 0
428 104 190 474 0 -8 0
428 96 187 477 0 -8 0
428 88 184 480 8 -8 0
436 80 181 483 0 8 0
436 88 178 486 0 8 0
436 96 175 489 8 8 0
444 104 172 492 0 -8 0
444 96 169 495 8 0 0
452 96 166 498 0 0 0
452 96 163 501 0 8 0
452 104 160 504 8 0 0
460 104 157 507 0 8 0
460 112 154 510 0 8 0
460 120 151 513 8 -8 0
468 112 148 516 0 0 0
468 112 145 519 8 -8 0
476 104 142 522 0 8 0
476 112 139 525 0 -8 0
476 104 136 528 8 0 0
484 104 133 531 0 0 0
484 104 130 534 0 8 0
484 112 127 537 8 0 0
492 112 124 540 0 0 0
492 112 121 543 8 -8 0
500 104 118 546 0 0 0
500 104 115 549 0 8 0
500 112 112 552 8 0 0
508 112 109 555 0 -8 0
508 104 106 558 0 8 0
508 112 103 561 8 8 0
516 120 100 564 0 8 0
516 128 97 567 8 -8 0
524 120 94 570 0 8 0
524 128 91 573 0 0 0
524 128 88 576 8 0 0
532 128 85 579 0 8 0
532 136 82 582 0 0 0
532 136 79 585 8 8 0
540 144 76 588 0 8 0
540 152 73 591 8 -8 0
540 144 70 588 0 0 0
540 144 67 585 0 -8 0
540 136 64 582 0 8 0
540 144 61 579 0 0 0
540 144 58 576 0 0 0
540 144 55 573 0 8 0
540 152 52 570 0 -8 0
540 144 49 567 0 0 0
540 144 46 564 0 8 0
540 152 43 561 0 8 0
540 160 40 558 0 -8 0
540 152 37 555 0 0 0
540 152 34 552 0 8 0
540 160 31 549 0 0 0
540 160 28 546 0 8 0
540 168 25 543 0 8 0
540 176 22 540 0 8 0
540 184 19 537 0 0 0
540 184 22 534 0 0 0
540 184 25 531 0 8 0
540 192 28 528 0 -8 0
540 184 31 525 0 0 0
540 184 34 522 0 0 0
540 184 37 519 0 0 0
540 184 40 516 0 -8 0
540 176 43 513 0 0 0
540 176 46 510 0 -8 0
540 168 49 507 0 8 0
540 176 52 504 0 0 0
540 176 55 501 0 0 0
540 176 58 498 0 8 0
540 184 61 495 0 8 0
540 192 64 492 0 -8 0
540 184 67 489 -8 8 0
532 192 70 486 0 -8 0
532 184 73 483 0 0 0
532 184 76 480 -8 8 0
524 192 79 477 0 -8 0
524 184 82 474 0 -8 0
524 176 85 471 -8 8 0
516 184 88 468 0 -8 0
516 176 91 465 -8 0 0
508 176 94 462 0 -8 0
508 168 97 459 0 -8 0
508 160 100 456 -8 -8 0
500 152 103 453 0 -8 0
500 144 106 450 0 0 0
500 144 109 447 -8 0 0
492 144 112 444 0 0 0
492 144 115 441 -8 -8 0
484 136 118 438 0 8 0
484 144 121 435 0 -8 0
484 136 124 432 -8 8 0
476 144 127 429 0 -8 0
476 136 130 426 0 0 0
476 136 133 423 -8 -8 0
468 128 136 420 0 -8 0
468 120 139 417 -8 -8 0
460 112 142 414 0 -8 0
460 104 145 411 0 8 0
460 112 148 408 -8 -8 0
452 104 151 405 0 -8 0
452 96 154 402 0 8 0
452 104 157 399 -8 8 0
444 112 160 396 0 0 0
444 112 163 393 -8 -8 0
436 104 166 390 0 0 0
436 104 169 387 0 0 0
436 104 172 384 -8 0 0
428 104 175 381 0 -8 0
428 96 178 378 0 -8 0
428 88 181 375 -8 8 0
420 96 184 372 0 0 0
420 96 187 369 -8 -8 0
412 88 190 366 0 8 0
412 96 193 363 0 -8 0
412 88 196 360 -8 -8 0
404 80 199 357 0 -8 0
404 72 202 354 0 8 0
404 80 205 351 -8 8 0
396 88 208 348 0 8 0
396 96 211 345 -8 -8 0
388 88 214 342 0 -8 0
388 80 217 339 0 8 0
388 88 220 336 -8 -8 0
380 80 223 333 0 0 0
380 80 226 330 0 8 0
380 88 229 327 -8 8 0
372 96 232 324 0 -8 0
372 88 235 321 -8 -8 0
364 80 238 318 0 -8 0
364 72 241 315 0 0 0
364 72 244 312 -8 8 0
356 80 247 309 0 8 0
356 88 250 306 0 0 0
356 88 253 303 -8 -8 0
348 80 256 300 0 8 0
348 88 259 297 -8 0 0
340 88 262 294 0 8 0
340 96 265 291 0 -8 0
340 88 268 288 -8 8 0
332 96 271 285 0 -8 0
332 88 274 282 0 0 0
332 88 277 279 -8 0 0
324 88 280 276 0 0 0
324 88 283 273 -8 8 0
316 96 286 270 0 -8 0
316 88 289 267 0 0 0
316 88 292 264 -8 8 0
308 96 295 261 0 -8 0
308 88 298 258 0 0 0
308 88 301 255 -8 8 0
300 96 304 252 0 8 0
300 104 307 249 -8 -8 0
292 96 310 246 0 0 0
292 96 313 243 0 0 0
292 96 316 240 -8 8 0
284 104 319 237 0 8 0
284 112 322 234 0 0 0
284 112 325 231 -8 -8 0
276 104 328 228 0 0 0
276 104 331 225 -8 8 0
268 112 334 222 0 -8 0
268 104 337 219 0 -8 0
268 96 340 216 -8 -8 0
260 88 343 213 0 0 0
260 88 346 210 0 0 0
260 88 349 207 -8 0 0
252 88 352 204 0 0 0
252 88 355 201 -8 -8 0
244 80 358 198 0 8 0
244 88 361 195 0 0 0
244 88 364 192 -8 -8 0
236 80 367 189 0 -8 0
236 72 370 186 0 8 0
236 80 373 183 -8 0 0
228 80 376 180 0 8 0
228 88 379 177 -8 0 0
220 88 382 174 0 0 0
220 88 385 171 0 0 0
220 88 388 168 -8 -8 0
212 80 391 165 0 8 0
212 88 394 162 0 -8 0
212 80 397 159 -8 0 0
204 80 400 156 0 8 0
204 88 403 153 -8 8 0
196 96 406 150 0 0 0
196 96 409 147 0 -8 0
196 88 412 144 -8 8 0
188 96 415 141 0 8 0
188 104 418 138 0 -8 0
188 96 421 135 -8 0 0
180 96 424 132 0 0 0
180 96 427 129 -8 0 0
172 96 430 126 0 0 0
172 96 433 123 0 0 0
172 96 436 120 -8 0 0
164 96 439 117 0 8 0
164 104 442 114 0 0 0
164 104 445 111 -8 0 0
156 104 448 108 0 8 0
156 112 451 105 -8 8 0
148 120 454 102 0 8 0
148 128 457 99 0 8 0
148 136 460 96 -8 8 0
140 144 463 93 0 8 0
140 152 466 90 0 8 0
140 160 469 87 -8 8 0
132 168 472 84 0 -8 0
132 160 475 81 -8 8 0
124 168 478 78 0 -8 0
124 160 481 75 0 0 0
124 160 484 72 -8 8 0
116 168 487 69 0 0 0
116 168 490 66 0 0 0
116 168 493 63 -8 -8 0
108 160 496 60 0 -8 0
108 152 499 57 -8 -8 0
100 144 502 54 0 0 0
100 144 505 51 0 -8 0
100 136 508 48 -8 0 0
92 136 511 45 0 8 0
92 144 514 42 0 0 0
92 144 517 39 -8 0 0
84 144 520 36 0 8 0
84 152 523 33 -8 0 0
76 152 526 30 0 0 0
76 152 529 27 0 8 0
76 160 532 24 -8 0 0
68 160 535 21 0 -8 0
68 152 538 18 0 0 0
68 152 541 15 -8 0 0
60 152 544 12 0 8 0
60 160 547 9 -8 8 0
60 168 550 12 0 8 0
60 176 553 15 0 8 0
60 184 556 18 0 0 0
60 184 559 21 0 0 0
60 184 562 24 0 0 0
60 184 565 27 0 8 0
60 192 568 30 0 8 0
60 200 571 33 0 -8 0
60 192 574 36 0 0 0
60 192 577 39 0 8 0
60 200 580 42 0 8 0
60 208 583 45 0 -8 0
60 200 586 48 0 0 0
60 200 589 51 0 -8 0
60 192 592 54 0 0 0
60 192 595 57 0 0 0
60 192 598 60 0 8 0
60 200 601 63 0 0 0
60 200 604 66 0 8 0
60 208 607 69 0 -8 0
60 200 610 72 0 0 0
60 200 613 75 0 -8 0
60 192 616 78 0 8 0
60 200 619 81 0 0 0
60 200 622 84 0 -8 0
60 192 625 87 0 8 0
60 200 628 90 0 0 0
60 200 631 93 0 -8 0
60 192 634 96 0 -8 0
60 184 637 99 0 0 0
60 184 640 102 0 8 0
60 192 643 105 0 8 0
60 200 646 108 0 8 0
60 208 649 111 8 0 0
68 208 652 114 0 -8 0
68 200 655 117 0 8 0
68 208 658 120 8 0 0
76 208 661 123 0 8 0
76 216 664 126 0 0 0
76 216 667 129 8 -8 0
84 208 670 132 0 -8 0
84 200 673 135 8 -8 0
92 192 676 138 0 0 0
92 192 679 141 0 8 0
92 200 682 144 8 0 0
100 200 685 147 0 -8 0
100 192 688 150 0 8 0
100 200 691 153 8 8 0
108 208 694 156 0 -8 0
108 200 697 159 8 -8 0
116 192 700 162 0 0 0
116 192 703 165 0 8 0
116 200 706 168 8 0 0
124 200 709 171 0 -8 0
124 192 712 174 0 8 0
124 200 715 177 8 -8 0
132 192 718 180 0 0 0
132 192 721 183 8 0 0
140 192 724 186 0 0 0
140 192 727 189 0 8 0
140 200 730 192 8 -8 0
148 192 733 195 0 -8 0
148 184 736 198 0 -8 0
148 176 739 201 8 -8 0
156 168 742 204 0 8 0
156 176 745 207 8 0 0
164 176 748 210 0 -8 0
164 168 751 213 0 -8 0
164 160 754 216 8 8 0
172 168 757 219 0 -8 0
172 160 760 222 0 -8 0
172 152 763 225 8 8 0
180 160 766 228 0 -8 0
180 152 769 231 8 8 0
188 160 772 234 0 0 0
188 160 775 237 0 -8 0
188 152 778 240 8 0 0
196 152 781 243 0 0 1
196 152 781 243 0 0 1
196 152 781 243 0 0 1
196 152 781 243 0 0 1
196 152 781 243 0 0 1
