534 462 136 465 0 0 0
534 462 139 468 -8 -8 0
526 454 142 471 -8 -8 0
518 446 145 474 0 0 0
518 446 148 477 0 -8 0
518 438 151 480 0 8 0
518 446 154 483 0 8 0
518 454 157 486 0 -8 0
518 446 160 489 0 -8 0
518 438 163 492 0 0 0
518 438 166 495 0 8 0
518 446 169 498 0 0 0
518 446 172 501 0 0 0
518 446 175 504 0 8 0
518 454 178 507 0 -8 0
518 446 181 510 0 8 0
518 454 184 513 0 -8 0
518 446 187 516 0 8 0
518 454 190 519 0 -8 0
518 446 193 522 0 -8 0
518 438 196 525 0 0 0
518 438 199 528 0 -8 0
518 430 202 531 0 -8 0
518 422 205 534 0 -8 0
518 414 208 537 0 -8 0
518 406 211 540 0 0 0
518 406 214 543 0 0 0
518 406 217 546 0 0 0
518 406 220 549 0 8 0
518 414 223 552 0 8 0
518 422 226 555 0 -8 0
518 414 229 558 0 -8 0
518 406 232 561 0 8 0
518 414 235 564 0 0 0
518 414 238 567 0 -8 0
518 406 241 570 8 8 0
526 414 244 573 0 -8 0
526 406 247 576 0 8 0
526 414 250 579 8 8 0
534 422 253 582 0 -8 0
534 414 256 585 8 -8 0
540 406 259 588 0 0 0
540 406 262 591 8 8 0
540 414 265 588 0 -8 0
540 406 268 585 0 -8 0
540 398 271 582 0 -8 0
540 390 274 579 0 -8 0
540 382 277 576 0 0 0
540 382 280 573 0 -8 0
540 374 283 570 0 -8 0
540 366 286 567 0 8 0
540 374 289 564 0 8 0
540 382 292 561 0 0 0
540 382 295 558 0 8 0
540 390 298 555 0 8 0
540 398 301 552 0 -8 0
540 390 304 549 0 8 0
540 398 307 546 0 8 0
540 406 310 543 0 -8 0
540 398 313 540 0 -8 0
540 390 316 537 0 8 0
540 398 319 534 0 -8 0
540 390 322 531 0 0 0
540 390 325 528 0 -8 0
540 382 328 525 0 -8 0
540 374 331 522 0 0 0
540 374 334 519 0 -8 0
540 366 337 516 0 -8 0
540 358 340 513 0 -8 0
540 350 343 510 0 0 0
540 350 346 507 0 8 0
540 358 349 504 0 0 0
540 358 352 501 0 -8 0
540 350 355 498 0 -8 0
540 342 358 495 0 8 0
540 350 361 492 0 -8 0
540 342 364 489 -8 0 0
532 342 367 486 0 0 0
532 342 370 483 0 -8 0
532 334 373 480 -8 8 0
524 342 376 477 0 -8 0
524 334 379 474 0 0 0
524 334 382 471 -8 0 0
516 334 385 468 0 8 0
516 342 388 465 -8 8 0
508 350 391 462 0 8 0
508 358 394 459 0 8 0
508 366 397 456 -8 0 0
500 366 400 453 0 0 0
500 366 403 450 0 8 0
500 374 406 447 -8 8 0
492 382 409 444 0 8 0
492 390 412 441 -8 0 0
484 390 415 438 0 8 0
484 398 418 435 0 -8 0
484 390 421 432 -8 0 0
476 390 424 429 0 0 0
476 390 427 426 0 8 0
476 398 430 423 -8 -8 0
468 390 433 420 0 -8 0
468 382 436 417 -8 -8 0
460 374 439 414 0 8 0
460 382 442 411 0 8 0
460 390 445 408 -8 -8 0
452 382 448 405 0 0 0
452 382 451 402 0 8 0
452 390 454 399 -8 8 0
444 398 457 396 0 -8 0
444 390 460 393 -8 0 0
436 390 463 390 0 8 0
436 398 466 387 0 8 0
436 406 469 384 -8 8 0
428 414 472 381 0 0 0
428 414 475 378 0 0 0
428 414 478 375 -8 0 0
420 414 481 372 0 8 0
420 422 484 369 -8 -8 0
412 414 487 366 0 8 0
412 422 490 363 0 0 0
412 422 493 360 -8 -8 0
404 414 496 357 0 8 0
404 422 499 354 0 8 0
404 430 502 351 -8 8 0
396 438 505 348 0 8 0
396 446 508 345 -8 8 0
388 454 511 342 0 8 0
388 462 514 339 0 0 0
388 462 517 336 -8 8 0
380 470 520 333 0 -8 0
380 462 523 330 0 8 0
380 470 526 327 -8 -8 0
372 462 529 324 0 8 0
372 470 532 321 -8 -8 0
364 462 535 318 0 0 0
364 462 538 315 0 0 0
364 462 541 312 -8 -8 0
356 454 544 309 0 0 0
356 454 547 306 0 -8 0
356 446 550 303 -8 8 0
348 454 553 300 0 0 0
348 454 556 297 -8 0 0
340 454 559 294 0 8 0
340 462 562 291 0 -8 0
340 454 565 288 -8 0 0
332 454 568 285 0 -8 0
332 446 571 282 0 0 0
332 446 574 279 -8 8 0
324 454 577 276 0 -8 0
324 446 580 273 -8 -8 0
316 438 583 270 0 -8 0
316 430 586 267 0 0 0
316 430 589 264 -8 0 0
308 430 592 261 0 0 0
308 430 595 258 0 8 0
308 438 598 255 -8 0 0
300 438 601 252 0 -8 0
300 430 604 249 -8 -8 0
292 422 607 246 0 0 0
292 422 610 243 0 -8 0
292 414 613 240 -8 8 0
284 422 616 237 0 8 0
284 430 619 234 0 -8 0
284 422 622 231 -8 0 0
276 422 625 228 0 -8 0
276 414 628 225 -8 -8 0
268 406 631 222 0 0 0
268 406 634 219 0 -8 0
268 398 637 216 -8 8 0
260 406 640 213 0 -8 0
260 398 643 210 0 -8 0
260 390 646 207 -8 -8 0
252 382 649 204 0 8 0
252 390 652 201 -8 8 0
244 398 655 198 0 -8 0
244 390 658 195 0 8 0
244 398 661 192 -8 0 0
236 398 664 189 0 -8 0
236 390 667 186 0 0 0
236 390 670 183 -8 -8 0
228 382 673 180 0 8 0
228 390 676 177 -8 -8 0
220 382 679 174 0 0 0
220 382 682 171 0 8 0
220 390 685 168 -8 -8 0
212 382 688 165 0 8 0
212 390 691 162 0 -8 0
212 382 694 159 -8 0 0
204 382 697 156 0 -8 0
204 374 700 153 -8 8 0
196 382 703 150 0 0 0
196 382 706 147 0 8 0
196 390 709 144 -8 8 0
188 398 712 141 0 8 0
188 406 715 138 0 0 0
188 406 718 135 -8 0 0
180 406 721 132 0 8 0
180 414 724 129 -8 8 0
172 422 727 126 0 0 0
172 422 730 123 0 0 0
172 422 733 120 -8 -8 0
164 414 736 117 0 8 0
164 422 739 114 0 -8 0
164 414 742 111 -8 0 0
156 414 745 108 0 0 0
156 414 748 105 -8 -8 0
148 406 751 102 0 -8 0
148 398 754 99 0 -8 0
148 390 757 96 -8 0 0
140 390 760 93 0 0 0
140 390 763 90 0 -8 0
140 382 766 87 -8 0 0
132 382 769 84 0 0 0
132 382 772 81 -8 0 0
124 382 775 78 0 -8 0
124 374 778 75 0 0 0
124 374 781 72 0 0 1
124 374 781 72 0 0 1
124 374 781 72 0 0 1
124 374 781 72 0 0 1
124 374 781 72 0 0 1
