280 451 199 126 0 0 0
280 451 196 123 -8 -8 0
272 443 193 120 -8 -8 0
264 435 190 117 -8 0 0
256 435 187 114 -8 -8 0
248 427 184 111 -8 0 0
240 427 181 108 -8 8 0
232 435 178 105 -8 8 0
224 443 175 102 -8 8 0
216 451 172 99 -8 8 0
208 459 169 96 -8 8 0
200 467 166 93 -8 -8 0
192 459 163 90 -8 -8 0
184 451 160 87 -8 0 0
176 451 157 84 -8 8 0
168 459 154 81 -8 8 0
160 467 151 78 -8 0 0
152 467 148 75 -8 -8 0
144 459 145 72 -8 -8 0
136 451 142 69 -8 -8 0
128 443 139 66 -8 -8 0
120 435 136 63 -8 -8 0
112 427 133 60 -8 8 0
104 435 130 57 0 0 0
104 435 127 54 0 0 0
104 435 124 51 -8 0 0
96 435 121 48 0 8 0
96 443 118 45 -8 -8 0
88 435 115 42 0 0 0
88 435 112 39 0 0 0
88 435 109 36 -8 0 0
80 435 106 33 0 0 0
80 435 103 30 0 -8 0
80 427 100 27 -8 -8 0
72 419 97 24 0 0 0
72 419 94 21 -8 -8 0
64 411 91 18 0 -8 0
64 403 88 15 0 -8 0
64 395 85 12 -8 -8 0
60 387 82 9 -8 8 0
60 395 79 12 0 0 0
60 395 76 15 0 8 0
60 403 73 18 0 8 0
60 411 70 21 0 8 0
60 419 67 24 0 -8 0
60 411 64 27 0 8 0
60 419 61 30 0 8 0
60 427 58 33 0 8 0
60 435 55 36 0 -8 0
60 427 52 39 0 0 0
60 427 49 42 0 0 0
60 427 46 45 0 0 0
60 427 43 48 0 8 0
60 435 40 51 0 8 0
60 443 37 54 0 -8 0
60 435 34 57 0 -8 0
60 427 31 60 0 0 0
60 427 28 63 0 8 0
60 435 25 66 0 8 0
60 443 22 69 0 8 0
60 451 19 72 0 8 0
60 459 22 75 0 0 0
60 459 25 78 0 -8 0
60 451 28 81 0 0 0
60 451 31 84 0 -8 0
60 443 34 87 0 -8 0
60 435 37 90 0 -8 0
60 427 40 93 0 -8 0
60 419 43 96 0 8 0
60 427 46 99 0 8 0
60 435 49 102 0 0 0
60 435 52 105 0 8 0
60 443 55 108 0 -8 0
60 435 58 111 8 8 0
68 443 61 114 0 0 0
68 443 64 117 0 8 0
68 451 67 120 8 -8 0
76 443 70 123 0 0 0
76 443 73 126 0 8 0
76 451 76 129 8 -8 0
84 443 79 132 0 -8 0
84 435 82 135 8 8 0
92 443 85 138 0 -8 0
92 435 88 141 0 0 0
92 435 91 144 8 0 0
100 435 94 147 0 0 0
100 435 97 150 0 -8 0
100 427 100 153 8 -8 0
108 419 103 156 0 0 0
108 419 106 159 8 -8 0
116 411 109 162 0 8 0
116 419 112 165 0 8 0
116 427 115 168 8 0 0
124 427 118 171 0 8 0
124 435 121 174 0 8 0
124 443 124 177 8 8 0
132 451 127 180 0 0 0
132 451 130 183 8 8 0
140 459 133 186 0 -8 0
140 451 136 189 0 -8 0
140 443 139 192 8 0 0
148 443 142 195 0 8 0
148 451 145 198 0 -8 0
148 443 148 201 8 0 0
156 443 151 204 0 8 0
156 451 154 207 8 0 0
164 451 157 210 0 8 0
164 459 160 213 0 -8 0
164 451 163 216 8 8 0
172 459 166 219 0 -8 0
172 451 169 222 0 -8 0
172 443 172 225 8 8 0
180 451 175 228 0 8 0
180 459 178 231 8 -8 0
188 451 181 234 0 8 0
188 459 184 237 0 8 0
188 467 187 240 8 -8 0
196 459 190 243 0 0 0
196 459 193 246 0 8 0
196 467 196 249 8 8 0
204 475 199 252 0 -8 0
204 467 202 255 8 8 0
212 475 205 258 0 -8 0
212 467 208 261 0 -8 0
212 459 211 264 8 8 0
220 467 214 267 0 0 0
220 467 217 270 0 0 0
220 467 220 273 8 -8 0
228 459 223 276 0 -8 0
228 451 226 279 8 -8 0
236 443 229 282 0 -8 0
236 435 232 285 0 -8 0
236 427 235 288 8 0 0
244 427 238 291 0 0 0
244 427 241 294 0 8 0
244 435 244 297 8 -8 0
252 427 247 300 0 0 0
252 427 250 303 8 8 0
260 435 253 306 0 -8 0
260 427 256 309 0 0 0
260 427 259 312 8 0 0
268 427 262 315 0 8 0
268 435 265 318 0 -8 0
268 427 268 321 8 -8 0
276 419 271 324 0 0 0
276 419 274 327 8 0 0
284 419 277 330 0 0 0
284 419 280 333 0 0 0
284 419 283 336 8 -8 0
292 411 286 339 0 -8 0
292 403 289 342 0 0 0
292 403 292 345 8 8 0
300 411 295 348 0 -8 0
300 403 298 351 8 0 0
308 403 301 354 0 8 0
308 411 304 357 0 0 0
308 411 307 360 8 -8 0
316 403 310 363 0 -8 0
316 395 313 366 0 0 0
316 395 316 369 8 8 0
324 403 319 372 0 8 0
324 411 322 375 8 8 0
332 419 325 378 0 8 0
332 427 328 381 0 8 0
332 435 331 384 8 8 0
340 443 334 387 0 8 0
340 451 337 390 0 8 0
340 459 340 393 8 8 0
348 467 343 396 0 -8 0
348 459 346 399 8 -8 0
356 451 349 402 0 -8 0
356 443 352 405 0 0 0
356 443 355 408 8 -8 0
364 435 358 411 0 -8 0
364 427 361 414 0 8 0
364 435 364 417 8 8 0
372 443 367 420 0 0 0
372 443 370 423 8 -8 0
380 435 373 426 0 0 0
380 435 376 429 0 0 0
380 435 379 432 8 0 0
388 435 382 435 0 8 0
388 443 385 438 0 8 0
388 451 388 441 8 -8 0
396 443 391 444 0 -8 0
396 435 394 447 8 0 0
404 435 397 450 0 -8 0
404 427 400 453 0 8 0
404 435 403 456 8 -8 0
412 427 406 459 0 8 0
412 435 409 462 0 0 0
412 435 412 465 8 -8 0
420 427 415 468 0 0 0
420 427 418 471 8 8 0
428 435 421 474 0 0 0
428 435 424 477 0 8 0
428 443 427 480 8 8 0
436 451 430 483 0 -8 0
436 443 433 486 0 -8 0
436 435 436 489 8 -8 0
444 427 439 492 0 0 0
444 427 442 495 8 8 0
452 435 445 498 0 0 0
452 435 448 501 0 8 0
452 443 451 504 8 8 0
460 451 454 507 0 -8 0
460 443 457 510 0 0 0
460 443 460 513 8 8 0
468 451 463 516 0 8 0
468 459 466 519 8 0 0
476 459 469 522 0 0 0
476 459 472 525 0 8 0
476 467 475 528 8 -8 0
484 459 478 531 0 8 0
484 467 481 534 0 0 0
484 467 484 537 8 -8 0
492 459 487 540 0 8 0
492 467 490 543 8 -8 0
500 459 493 546 0 -8 0
500 451 496 549 0 -8 0
500 443 499 552 8 0 0
508 443 502 555 0 -8 0
508 435 505 558 0 -8 0
508 427 508 561 8 0 0
516 427 511 564 0 8 0
516 435 514 567 8 -8 0
524 427 517 570 0 8 0
524 435 520 573 0 -8 0
524 427 523 576 8 -8 0
532 419 526 579 0 0 0
532 419 529 582 0 8 0
532 427 532 585 8 0 0
540 427 535 588 0 -8 0
540 419 538 591 8 0 0
540 419 541 588 0 0 0
540 419 544 585 0 0 0
540 419 547 582 0 8 0
540 427 550 579 0 8 0
540 435 553 576 0 8 0
540 443 556 573 0 -8 0
540 435 559 570 0 -8 0
540 427 562 567 0 -8 0
540 419 565 564 0 -8 0
540 411 568 561 0 8 0
540 419 571 558 0 8 0
540 427 574 555 0 8 0
540 435 577 552 0 0 0
540 435 580 549 0 0 0
540 435 583 546 0 -8 0
540 427 586 543 0 8 0
540 435 589 540 0 -8 0
540 427 592 537 0 -8 0
540 419 595 534 0 0 0
540 419 598 531 0 0 0
540 419 601 528 0 0 0
540 419 604 525 0 -8 0
540 411 607 522 0 -8 0
540 403 610 519 0 0 0
540 403 613 516 0 0 0
540 403 616 513 0 8 0
540 411 619 510 0 0 0
540 411 622 507 0 -8 0
540 403 625 504 0 0 0
540 403 628 501 0 0 0
540 403 631 498 0 -8 0
540 395 634 495 0 0 0
540 395 637 492 0 -8 0
540 387 640 489 -8 8 0
532 395 643 486 0 8 0
532 403 646 483 0 8 0
532 411 649 480 -8 8 0
524 419 652 477 0 -8 0
524 411 655 474 0 0 0
524 411 658 471 -8 -8 0
516 403 661 468 0 -8 0
516 395 664 465 -8 0 0
508 395 667 462 0 0 0
508 395 670 459 0 -8 0
508 387 673 456 -8 -8 0
500 379 676 453 0 -8 0
500 371 679 450 0 8 0
500 379 682 447 -8 0 0
492 379 685 444 0 8 0
492 387 688 441 -8 8 0
484 395 691 438 0 -8 0
484 387 694 435 0 -8 0
484 379 697 432 -8 -8 0
476 371 700 429 0 8 0
476 379 703 426 0 8 0
476 387 706 423 -8 0 0
468 387 709 420 0 -8 0
468 379 712 417 -8 0 0
460 379 715 414 0 0 0
460 379 718 411 0 0 0
460 379 721 408 -8 0 0
452 379 724 405 0 -8 0
452 371 727 402 0 8 0
452 379 730 399 -8 8 0
444 387 733 396 0 -8 0
444 379 736 393 -8 0 0
436 379 739 390 0 8 0
436 387 742 387 0 8 0
436 395 745 384 -8 0 0
428 395 748 381 0 8 0
428 403 751 378 0 8 0
428 411 754 375 -8 0 0
420 411 757 372 0 0 0
420 411 760 369 -8 0 0
412 411 763 366 0 -8 0
412 403 766 363 0 -8 0
412 395 769 360 -8 8 0
404 403 772 357 0 8 0
404 411 775 354 0 -8 0
404 403 778 351 -8 8 0
396 411 781 348 0 0 1
396 411 781 348 0 0 1
396 411 781 348 0 0 1
396 411 781 348 0 0 1
396 411 781 348 0 0 1
