521 416 640 354 0 0 0
521 416 637 357 -8 -8 0
513 408 634 360 -8 -8 0
505 400 631 363 -8 8 0
497 408 628 366 -8 8 0
489 416 625 369 -8 -8 0
481 408 622 372 -8 -8 0
473 400 619 375 -8 8 0
465 408 616 378 -8 8 0
457 416 613 381 -8 0 0
449 416 610 384 -8 -8 0
441 408 607 387 -8 -8 0
433 400 604 390 0 8 0
433 408 601 393 0 0 0
433 408 598 396 0 0 0
433 408 595 399 0 -8 0
433 400 592 402 0 -8 0
433 392 589 405 0 0 0
433 392 586 408 0 8 0
433 400 583 411 0 8 0
433 408 580 414 0 8 0
433 416 577 417 0 0 0
433 416 574 420 0 -8 0
433 408 571 423 0 0 0
433 408 568 426 0 -8 0
433 400 565 429 0 8 0
433 408 562 432 0 -8 0
433 400 559 435 0 8 0
433 408 556 438 0 0 0
433 408 553 441 0 -8 0
433 400 550 444 0 -8 0
433 392 547 447 0 -8 0
433 384 544 450 0 -8 0
433 376 541 453 0 8 0
433 384 538 456 0 8 0
433 392 535 459 0 8 0
433 400 532 462 0 -8 0
433 392 529 465 0 0 0
433 392 526 468 0 0 0
433 392 523 471 0 8 0
433 400 520 474 0 0 0
433 400 517 477 0 8 0
433 408 514 480 0 -8 0
433 400 511 483 0 8 0
433 408 508 486 8 -8 0
441 400 505 489 0 -8 0
441 392 502 492 8 0 0
449 392 499 495 0 8 0
449 400 496 498 0 -8 0
449 392 493 501 8 0 0
457 392 490 504 0 0 0
457 392 487 507 0 0 0
457 392 484 510 8 -8 0
465 384 481 513 0 8 0
465 392 478 516 8 8 0
473 400 475 519 0 8 0
473 408 472 522 0 -8 0
473 400 469 525 8 -8 0
481 392 466 528 0 0 0
481 392 463 531 0 8 0
481 400 460 534 8 0 0
489 400 457 537 0 8 0
489 408 454 540 8 -8 0
497 400 451 543 0 0 0
497 400 448 546 0 -8 0
497 392 445 549 8 0 0
505 392 442 552 0 0 0
505 392 439 555 0 8 0
505 400 436 558 8 8 0
513 408 433 561 0 8 0
513 416 430 564 8 -8 0
521 408 427 567 0 8 0
521 416 424 570 0 0 0
521 416 421 573 8 -8 0
529 408 418 576 0 -8 0
529 400 415 579 0 -8 0
529 392 412 582 8 0 0
537 392 409 585 0 0 0
537 392 406 588 8 -8 0
540 384 403 591 8 8 0
540 392 400 588 0 -8 0
540 384 397 585 0 8 0
540 392 394 582 0 0 0
540 392 391 579 0 8 0
540 400 388 576 0 8 0
540 408 385 573 0 -8 0
540 400 382 570 0 0 0
540 400 379 567 0 0 0
540 400 376 564 0 0 0
540 400 373 561 0 -8 0
540 392 370 558 0 8 0
540 400 367 555 0 8 0
540 408 364 552 0 -8 0
540 400 361 549 0 -8 0
540 392 358 546 0 -8 0
540 384 355 543 0 8 0
540 392 352 540 0 -8 0
540 384 349 537 0 0 0
540 384 346 534 0 -8 0
540 376 343 531 0 0 0
540 376 340 528 0 0 0
540 376 337 525 0 0 0
540 376 334 522 0 8 0
540 384 331 519 0 -8 0
540 376 328 516 0 8 0
540 384 325 513 0 -8 0
540 376 322 510 0 -8 0
540 368 319 507 0 0 0
540 368 316 504 0 -8 0
540 360 313 501 0 8 0
540 368 310 498 0 8 0
540 376 307 495 0 8 0
540 384 304 492 0 8 0
540 392 301 489 -8 0 0
532 392 298 486 0 -8 0
532 384 295 483 0 8 0
532 392 292 480 -8 8 0
524 400 289 477 0 -8 0
524 392 286 474 0 8 0
524 400 283 471 -8 -8 0
516 392 280 468 0 -8 0
516 384 277 465 -8 -8 0
508 376 274 462 0 0 0
508 376 271 459 0 0 0
508 376 268 456 -8 8 0
500 384 265 453 0 -8 0
500 376 262 450 0 0 0
500 376 259 447 -8 -8 0
492 368 256 444 0 -8 0
492 360 253 441 -8 8 0
484 368 250 438 0 8 0
484 376 247 435 0 8 0
484 384 244 432 -8 0 0
476 384 241 429 0 -8 0
476 376 238 426 0 0 0
476 376 235 423 -8 8 0
468 384 232 420 0 -8 0
468 376 229 417 -8 0 0
460 376 226 414 0 -8 0
460 368 223 411 0 8 0
460 376 220 408 -8 0 0
452 376 217 405 0 0 0
452 376 214 402 0 8 0
452 384 211 399 -8 8 0
444 392 208 396 0 8 0
444 400 205 393 -8 0 0
436 400 202 390 0 8 0
436 408 199 387 0 0 0
436 408 196 384 -8 0 0
428 408 193 381 0 0 0
428 408 190 378 0 0 0
428 408 187 375 -8 8 0
420 416 184 372 0 0 0
420 416 181 369 -8 -8 0
412 408 178 366 0 8 0
412 416 175 363 0 -8 0
412 408 172 360 -8 8 0
404 416 169 357 0 0 0
404 416 166 354 0 0 0
404 416 163 351 -8 8 0
396 424 160 348 0 0 0
396 424 157 345 -8 -8 0
388 416 154 342 0 8 0
388 424 151 339 0 0 0
388 424 148 336 -8 -8 0
380 416 145 333 0 -8 0
380 408 142 330 0 -8 0
380 400 139 327 -8 0 0
372 400 136 324 0 8 0
372 408 133 321 -8 8 0
364 416 130 318 0 0 0
364 416 127 315 0 -8 0
364 408 124 312 -8 8 0
356 416 121 309 0 8 0
356 424 118 306 0 -8 0
356 416 115 303 -8 -8 0
348 408 112 300 0 -8 0
348 400 109 297 -8 8 0
340 408 106 294 0 -8 0
340 400 103 291 0 0 0
340 400 100 288 -8 8 0
332 408 97 285 0 -8 0
332 400 94 282 0 8 0
332 408 91 279 -8 8 0
324 416 88 276 0 -8 0
324 408 85 273 -8 0 0
316 408 82 270 0 0 0
316 408 79 267 0 -8 0
316 400 76 264 -8 -8 0
308 392 73 261 0 -8 0
308 384 70 258 0 0 0
308 384 67 255 -8 0 0
300 384 64 252 0 -8 0
300 376 61 249 -8 8 0
292 384 58 246 0 -8 0
292 376 55 243 0 8 0
292 384 52 240 -8 8 0
284 392 49 237 0 0 0
284 392 46 234 0 0 0
284 392 43 231 -8 -8 0
276 384 40 228 0 0 0
276 384 37 225 -8 -8 0
268 376 34 222 0 8 0
268 384 31 219 0 0 0
268 384 28 216 -8 0 0
260 384 25 213 0 0 0
260 384 22 210 0 0 0
260 384 19 207 0 0 1
260 384 19 207 0 0 1
260 384 19 207 0 0 1
260 384 19 207 0 0 1
260 384 19 207 0 0 1
