196 243 454 249 0 0 0
196 243 457 252 8 -8 0
204 235 460 255 8 8 0
212 243 463 258 0 8 0
212 251 466 261 0 8 0
212 259 469 264 8 0 0
220 259 472 267 0 8 0
220 267 475 270 0 0 0
220 267 478 273 8 8 0
228 275 481 276 0 0 0
228 275 484 279 8 -8 0
236 267 487 282 0 -8 0
236 259 490 285 0 0 0
236 259 493 288 8 8 0
244 267 496 291 0 -8 0
244 259 499 294 0 -8 0
244 251 502 297 8 0 0
252 251 505 300 0 8 0
252 259 508 303 8 -8 0
260 251 511 306 0 8 0
260 259 514 309 0 8 0
260 267 517 312 8 8 0
268 275 520 315 0 8 0
268 283 523 318 0 8 0
268 291 526 321 8 -8 0
276 283 529 324 0 8 0
276 291 532 327 8 0 0
284 291 535 330 0 8 0
284 299 538 333 0 0 0
284 299 541 336 8 8 0
292 307 544 339 0 0 0
292 307 547 342 0 0 0
292 307 550 345 8 8 0
300 315 553 348 0 0 0
300 315 556 351 8 -8 0
308 307 559 354 0 0 0
308 307 562 357 0 0 0
308 307 565 360 8 8 0
316 315 568 363 0 -8 0
316 307 571 366 0 0 0
316 307 574 369 8 8 0
324 315 577 372 0 -8 0
324 307 580 375 8 8 0
332 315 583 378 0 0 0
332 315 586 381 0 -8 0
332 307 589 384 8 0 0
340 307 592 387 0 8 0
340 315 595 390 0 -8 0
340 307 598 393 8 -8 0
348 299 601 396 0 0 0
348 299 604 399 8 0 0
356 299 607 402 0 -8 0
356 291 610 405 0 -8 0
356 283 613 408 8 0 0
364 283 616 411 0 0 0
364 283 619 414 0 -8 0
364 275 622 417 8 8 0
372 283 625 420 0 -8 0
372 275 628 423 8 -8 0
380 267 631 426 0 8 0
380 275 634 429 0 -8 0
380 267 637 432 8 -8 0
388 259 640 435 0 -8 0
388 251 643 438 0 0 0
388 251 646 441 8 -8 0
396 243 649 444 0 -8 0
396 235 652 447 8 8 0
404 243 655 450 0 8 0
404 251 658 453 0 8 0
404 259 661 456 8 8 0
412 267 664 459 0 0 0
412 267 667 462 0 8 0
412 275 670 465 8 8 0
420 283 673 468 0 -8 0
420 275 676 471 8 -8 0
428 267 679 474 0 0 0
428 267 682 477 0 8 0
428 275 685 480 8 -8 0
436 267 688 483 0 -8 0
436 259 691 486 0 0 0
436 259 694 489 8 -8 0
444 251 697 492 0 -8 0
444 243 700 495 8 0 0
452 243 703 498 0 -8 0
452 235 706 501 0 0 0
452 235 709 504 8 -8 0
460 227 712 507 0 -8 0
460 219 715 510 0 8 0
460 227 718 513 8 8 0
468 235 721 516 0 8 0
468 243 724 519 8 8 0
476 251 727 522 0 0 0
476 251 730 525 0 8 0
476 259 733 528 8 -8 0
484 251 736 531 0 8 0
484 259 739 534 0 8 0
484 267 742 537 8 0 0
492 267 745 540 0 -8 0
492 259 748 543 8 0 0
500 259 751 546 0 -8 0
500 251 754 549 0 -8 0
500 243 757 552 8 -8 0
508 235 760 555 0 8 0
508 243 763 558 0 8 0
508 251 766 561 8 -8 0
516 243 769 564 0 -8 0
516 235 772 567 8 8 0
524 243 775 570 0 0 0
524 243 778 573 0 -8 0
524 235 781 576 0 0 1
524 235 781 576 0 0 1
524 235 781 576 0 0 1
524 235 781 576 0 0 1
524 235 781 576 0 0 1
