170 153 577 411 0 0 0
170 153 574 408 8 -8 0
178 145 571 405 8 8 0
186 153 568 402 8 0 0
194 153 565 399 8 8 0
202 161 562 396 8 8 0
210 169 559 393 8 8 0
218 177 556 390 8 8 0
226 185 553 387 8 8 0
234 193 550 384 8 8 0
242 201 547 381 8 -8 0
250 193 544 378 8 -8 0
258 185 541 375 8 -8 0
266 177 538 372 8 -8 0
274 169 535 369 8 8 0
282 177 532 366 8 8 0
290 185 529 363 8 0 0
298 185 526 360 8 8 0
306 193 523 357 8 0 0
314 193 520 354 0 8 0
314 201 517 351 0 -8 0
314 193 514 348 0 8 0
314 201 511 345 0 -8 0
314 193 508 342 0 8 0
314 201 505 339 0 0 0
314 201 502 336 0 -8 0
314 193 499 333 0 0 0
314 193 496 330 0 -8 0
314 185 493 327 0 -8 0
314 177 490 324 0 -8 0
314 169 487 321 0 0 0
314 169 484 318 0 0 0
314 169 481 315 0 0 0
314 169 478 312 0 -8 0
314 161 475 309 0 8 0
314 169 472 306 0 0 0
314 169 469 303 0 8 0
314 177 466 300 0 -8 0
314 169 463 297 0 -8 0
314 161 460 294 0 -8 0
314 153 457 291 0 -8 0
314 145 454 288 0 0 0
314 145 451 285 0 0 0
314 145 448 282 0 -8 0
314 137 445 279 0 0 0
314 137 442 276 0 -8 0
314 129 439 273 0 -8 0
314 121 436 270 0 -8 0
314 113 433 267 0 0 0
314 113 430 264 0 -8 0
314 105 427 261 -8 8 0
306 113 424 258 0 8 0
306 121 421 255 -8 0 0
298 121 418 252 0 0 0
298 121 415 249 0 -8 0
298 113 412 246 -8 0 0
290 113 409 243 0 0 0
290 113 406 240 0 -8 0
290 105 403 237 -8 8 0
282 113 400 234 0 -8 0
282 105 397 231 -8 0 0
274 105 394 228 0 8 0
274 113 391 225 0 -8 0
274 105 388 222 -8 8 0
266 113 385 219 0 0 0
266 113 382 216 0 0 0
266 113 379 213 -8 8 0
258 121 376 210 0 8 0
258 129 373 207 -8 0 0
250 129 370 204 0 8 0
250 137 367 201 0 -8 0
250 129 364 198 -8 -8 0
242 121 361 195 0 0 0
242 121 358 192 0 -8 0
242 113 355 189 -8 0 0
234 113 352 186 0 0 0
234 113 349 183 -8 -8 0
226 105 346 180 0 -8 0
226 97 343 177 0 0 0
226 97 340 174 -8 0 0
218 97 337 171 0 8 0
218 105 334 168 0 8 0
218 113 331 165 -8 8 0
210 121 328 162 0 -8 0
210 113 325 159 -8 0 0
202 113 322 156 0 -8 0
202 105 319 153 0 0 0
202 105 316 150 -8 0 0
194 105 313 147 0 8 0
194 113 310 144 0 0 0
194 113 307 141 -8 8 0
186 121 304 138 0 -8 0
186 113 301 135 -8 -8 0
178 105 298 132 0 8 0
178 113 295 129 0 8 0
178 121 292 126 -8 -8 0
170 113 289 123 0 8 0
170 121 286 120 0 8 0
170 129 283 117 -8 -8 0
162 121 280 114 0 -8 0
162 113 277 111 -8 0 0
154 113 274 108 0 8 0
154 121 271 105 0 0 0
154 121 268 102 -8 -8 0
146 113 265 99 0 -8 0
146 105 262 96 0 -8 0
146 97 259 93 -8 0 0
138 97 256 90 0 8 0
138 105 253 87 -8 8 0
130 113 250 84 0 0 0
130 113 247 81 0 0 0
130 113 244 78 -8 0 0
122 113 241 75 0 0 0
122 113 238 72 0 -8 0
122 105 235 69 -8 8 0
114 113 232 66 0 0 0
114 113 229 63 -8 8 0
106 121 226 60 0 0 0
106 121 223 57 0 8 0
106 129 220 54 -8 8 0
98 137 217 51 0 8 0
98 145 214 48 0 8 0
98 153 211 45 -8 0 0
90 153 208 42 0 8 0
90 161 205 39 -8 -8 0
82 153 202 36 0 8 0
82 161 199 33 0 -8 0
82 153 196 30 -8 0 0
74 153 193 27 0 0 0
74 153 190 24 0 8 0
74 161 187 21 -8 -8 0
66 153 184 18 0 0 0
66 153 181 15 -8 -8 0
60 145 178 12 0 0 0
60 145 175 9 -8 -8 0
60 137 172 12 0 0 0
60 137 169 15 0 8 0
60 145 166 18 0 -8 0
60 137 163 21 0 -8 0
60 129 160 24 0 -8 0
60 121 157 27 0 -8 0
60 113 154 30 0 -8 0
60 105 151 33 0 0 0
60 105 148 36 0 8 0
60 113 145 39 0 8 0
60 121 142 42 0 8 0
60 129 139 45 0 -8 0
60 121 136 48 0 0 0
60 121 133 51 0 8 0
60 129 130 54 0 8 0
60 137 127 57 0 0 0
60 137 124 60 0 0 0
60 137 121 63 0 8 0
60 145 118 66 0 8 0
60 153 115 69 0 0 0
60 153 112 72 0 0 0
60 153 109 75 0 8 0
60 161 106 78 0 0 0
60 161 103 81 0 0 0
60 161 100 84 0 0 0
60 161 97 87 0 8 0
60 169 94 90 0 8 0
60 177 91 93 0 0 0
60 177 88 96 0 8 0
60 185 85 99 0 0 0
60 185 82 102 0 8 0
60 193 79 105 0 0 0
60 193 76 108 0 -8 0
60 185 73 111 8 0 0
68 185 70 114 0 -8 0
68 177 67 117 0 -8 0
68 169 64 120 8 8 0
76 177 61 123 0 -8 0
76 169 58 126 0 8 0
76 177 55 129 8 0 0
84 177 52 132 0 8 0
84 185 49 135 8 -8 0
92 177 46 138 0 8 0
92 185 43 141 0 8 0
92 193 40 144 8 0 0
100 193 37 147 0 -8 0
100 185 34 150 0 -8 0
100 177 31 153 8 8 0
108 185 28 156 0 -8 0
108 177 25 159 8 8 0
116 185 22 162 0 -8 0
116 177 19 165 0 -8 0
116 169 22 168 8 8 0
124 177 25 171 0 8 0
124 185 28 174 0 -8 0
124 177 31 177 8 -8 0
132 169 34 180 0 8 0
132 177 37 183 8 -8 0
140 169 40 186 0 0 0
140 169 43 189 0 8 0
140 177 46 192 8 8 0
148 185 49 195 0 8 0
148 193 52 198 0 8 0
148 201 55 201 8 8 0
156 209 58 204 0 -8 0
156 201 61 207 8 0 0
164 201 64 210 0 8 0
164 209 67 213 0 -8 0
164 201 70 216 8 -8 0
172 193 73 219 0 0 0
172 193 76 222 0 0 0
172 193 79 225 8 8 0
180 201 82 228 0 8 0
180 209 85 231 8 0 0
188 209 88 234 0 8 0
188 217 91 237 0 0 0
188 217 94 240 8 8 0
196 225 97 243 0 8 0
196 233 100 246 0 8 0
196 241 103 249 8 8 0
204 249 106 252 0 8 0
204 257 109 255 8 8 0
212 265 112 258 0 8 0
212 273 115 261 0 -8 0
212 265 118 264 8 0 0
220 265 121 267 0 0 0
220 265 124 270 0 -8 0
220 257 127 273 8 8 0
228 265 130 276 0 -8 0
228 257 133 279 8 -8 0
236 249 136 282 0 8 0
236 257 139 285 0 0 0
236 257 142 288 8 -8 0
244 249 145 291 0 -8 0
244 241 148 294 0 0 0
244 241 151 297 8 -8 0
252 233 154 300 0 8 0
252 241 157 303 8 -8 0
260 233 160 306 0 8 0
260 241 163 309 0 8 0
260 249 166 312 8 8 0
268 257 169 315 0 0 0
268 257 172 318 0 8 0
268 265 175 321 8 -8 0
276 257 178 324 0 -8 0
276 249 181 327 8 -8 0
284 241 184 330 0 -8 0
284 233 187 333 0 8 0
284 241 190 336 8 0 0
292 241 193 339 0 0 0
292 241 196 342 0 -8 0
292 233 199 345 8 0 0
300 233 202 348 0 -8 0
300 225 205 351 8 -8 0
308 217 208 354 0 -8 0
308 209 211 357 0 8 0
308 217 214 360 8 -8 0
316 209 217 363 0 0 0
316 209 220 366 0 -8 0
316 201 223 369 8 0 0
324 201 226 372 0 0 0
324 201 229 375 8 0 0
332 201 232 378 0 8 0
332 209 235 381 0 -8 0
332 201 238 384 8 -8 0
340 193 241 387 0 0 0
340 193 244 390 0 8 0
340 201 247 393 8 8 0
348 209 250 396 0 0 0
348 209 253 399 8 0 0
356 209 256 402 0 8 0
356 217 259 405 0 8 0
356 225 262 408 8 8 0
364 233 265 411 0 -8 0
364 225 268 414 0 8 0
364 233 271 417 8 0 0
372 233 274 420 0 0 0
372 233 277 423 8 -8 0
380 225 280 426 0 -8 0
380 217 283 429 0 8 0
380 225 286 432 8 0 0
388 225 289 435 0 0 0
388 225 292 438 0 0 0
388 225 295 441 8 8 0
396 233 298 444 0 0 0
396 233 301 447 8 -8 0
404 225 304 450 0 0 0
404 225 307 453 0 8 0
404 233 310 456 8 8 0
412 241 313 459 0 8 0
412 249 316 462 0 -8 0
412 241 319 465 8 0 0
420 241 322 468 0 8 0
420 249 325 471 8 -8 0
428 241 328 474 0 8 0
428 249 331 477 0 0 0
428 249 334 480 8 0 0
436 249 337 483 0 -8 0
436 241 340 486 0 -8 0
436 233 343 489 8 -8 0
444 225 346 492 0 8 0
444 233 349 495 8 0 0
452 233 352 498 0 8 0
452 241 355 501 0 0 0
452 241 358 504 8 8 0
460 249 361 507 0 0 0
460 249 364 510 0 0 0
460 249 367 513 8 8 0
468 257 370 516 0 8 0
468 265 373 519 8 8 0
476 273 376 522 0 8 0
476 281 379 525 0 0 0
476 281 382 528 8 8 0
484 289 385 531 0 8 0
484 297 388 534 0 -8 0
484 289 391 537 8 0 0
492 289 394 540 0 8 0
492 297 397 543 8 8 0
500 305 400 546 0 8 0
500 313 403 549 0 8 0
500 321 406 552 8 0 0
508 321 409 555 0 -8 0
508 313 412 558 0 -8 0
508 305 415 561 8 8 0
516 313 418 564 0 8 0
516 321 421 567 8 0 0
524 321 424 570 0 8 0
524 329 427 573 0 8 0
524 337 430 576 8 -8 0
532 329 433 579 0 8 0
532 337 436 582 0 0 0
532 337 439 585 8 8 0
540 345 442 588 0 8 0
540 353 445 591 8 -8 0
540 345 448 588 0 8 0
540 353 451 585 0 0 0
540 353 454 582 0 8 0
540 361 457 579 0 8 0
540 369 460 576 0 0 0
540 369 463 573 0 0 0
540 369 466 570 0 -8 0
540 361 469 567 0 0 0
540 361 472 564 0 -8 0
540 353 475 561 0 0 0
540 353 478 558 0 0 0
540 353 481 555 0 8 0
540 361 484 552 0 -8 0
540 353 487 549 0 8 0
540 361 490 546 0 -8 0
540 353 493 543 0 8 0
540 361 496 540 0 -8 0
540 353 499 537 0 0 0
540 353 502 534 0 0 0
540 353 505 531 0 0 0
540 353 508 528 0 0 0
540 353 511 525 0 0 0
540 353 514 522 0 -8 0
540 345 517 519 0 0 0
540 345 520 516 0 8 0
540 353 523 513 0 -8 0
540 345 526 510 0 -8 0
540 337 529 507 0 -8 0
540 329 532 504 0 8 0
540 337 535 501 0 8 0
540 345 538 498 0 0 0
540 345 541 495 0 -8 0
540 337 544 492 0 8 0
540 345 547 489 -8 0 0
532 345 550 486 0 8 0
532 353 553 483 0 0 0
532 353 556 480 -8 0 0
524 353 559 477 0 0 0
524 353 562 474 0 0 0
524 353 565 471 -8 0 0
516 353 568 468 0 8 0
516 361 571 465 -8 -8 0
508 353 574 462 0 0 0
508 353 577 459 0 0 0
508 353 580 456 -8 8 0
500 361 583 453 0 8 0
500 369 586 450 0 8 0
500 377 589 447 -8 0 0
492 377 592 444 0 0 0
492 377 595 441 -8 8 0
484 385 598 438 0 0 0
484 385 601 435 0 0 0
484 385 604 432 -8 8 0
476 393 607 429 0 0 0
476 393 610 426 0 0 0
476 393 613 423 -8 8 0
468 401 616 420 0 0 0
468 401 619 417 -8 0 0
460 401 622 414 0 8 0
460 409 625 411 0 8 0
460 417 628 408 -8 0 0
452 417 631 405 0 0 0
452 417 634 402 0 0 0
452 417 637 399 -8 0 0
444 417 640 396 0 -8 0
444 409 643 393 -8 0 0
436 409 646 390 0 0 0
436 409 649 387 0 0 0
436 409 652 384 -8 -8 0
428 401 655 381 0 0 0
428 401 658 378 0 8 0
428 409 661 375 -8 -8 0
420 401 664 372 0 -8 0
420 393 667 369 -8 -8 0
412 385 670 366 0 -8 0
412 377 673 363 0 8 0
412 385 676 360 -8 0 0
404 385 679 357 0 -8 0
404 377 682 354 0 8 0
404 385 685 351 -8 -8 0
396 377 688 348 0 0 0
396 377 691 345 -8 0 0
388 377 694 342 0 -8 0
388 369 697 339 0 8 0
388 377 700 336 -8 0 0
380 377 703 333 0 0 0
380 377 706 330 0 0 0
380 377 709 327 -8 0 0
372 377 712 324 0 8 0
372 385 715 321 -8 -8 0
364 377 718 318 0 -8 0
364 369 721 315 0 8 0
364 377 724 312 -8 0 0
356 377 727 309 0 8 0
356 385 730 306 0 0 0
356 385 733 303 -8 0 0
348 385 736 300 0 -8 0
348 377 739 297 -8 -8 0
340 369 742 294 0 8 0
340 377 745 291 0 8 0
340 385 748 288 -8 0 0
332 385 751 285 0 8 0
332 393 754 282 0 0 0
332 393 757 279 -8 -8 0
324 385 760 276 0 0 0
324 385 763 273 -8 0 0
316 385 766 270 0 8 0
316 393 769 267 0 0 0
316 393 772 264 -8 -8 0
308 385 775 261 0 -8 0
308 377 778 258 0 0 0
308 377 781 255 0 0 1
308 377 781 255 0 0 1
308 377 781 255 0 0 1
308 377 781 255 0 0 1
308 377 781 255 0 0 1
