498 342 310 387 0 0 0
498 342 313 384 -8 8 0
490 350 316 381 -8 8 0
482 358 319 378 -8 -8 0
474 350 322 375 -8 -8 0
466 342 325 372 -8 -8 0
458 334 328 369 -8 8 0
450 342 331 366 -8 0 0
442 342 334 363 -8 8 0
434 350 337 360 -8 0 0
426 350 340 357 -8 -8 0
418 342 343 354 -8 -8 0
410 334 346 351 -8 -8 0
402 326 349 348 -8 8 0
394 334 352 345 0 8 0
394 342 355 342 -8 -8 0
386 334 358 339 0 8 0
386 342 361 336 0 8 0
386 350 364 333 -8 0 0
378 350 367 330 0 0 0
378 350 370 327 -8 8 0
370 358 373 324 0 -8 0
370 350 376 321 0 8 0
370 358 379 318 -8 8 0
362 366 382 315 0 -8 0
362 358 385 312 0 -8 0
362 350 388 309 -8 0 0
354 350 391 306 0 8 0
354 358 394 303 -8 8 0
346 366 397 300 0 0 0
346 366 400 297 0 8 0
346 374 403 294 -8 -8 0
338 366 406 291 0 -8 0
338 358 409 288 0 8 0
338 366 412 285 -8 0 0
330 366 415 282 0 -8 0
330 358 418 279 -8 -8 0
322 350 421 276 0 0 0
322 350 424 273 0 -8 0
322 342 427 270 -8 -8 0
314 334 430 267 0 0 0
314 334 433 264 0 8 0
314 342 436 261 -8 0 0
306 342 439 258 0 -8 0
306 334 442 255 -8 -8 0
298 326 445 252 0 0 0
298 326 448 249 0 8 0
298 334 451 246 -8 8 0
290 342 454 243 0 0 0
290 342 457 240 0 -8 0
290 334 460 237 -8 0 0
282 334 463 234 0 0 0
282 334 466 231 -8 8 0
274 342 469 228 0 0 0
274 342 472 225 0 8 0
274 350 475 222 -8 8 0
266 358 478 219 0 -8 0
266 350 481 216 0 0 0
266 350 484 213 -8 0 0
258 350 487 210 0 -8 0
258 342 490 207 -8 0 0
250 342 493 204 0 0 0
250 342 496 201 0 0 0
250 342 499 198 -8 8 0
242 350 502 195 0 -8 0
242 342 505 192 0 -8 0
242 334 508 189 -8 -8 0
234 326 511 186 0 0 0
234 326 514 183 -8 8 0
226 334 517 180 0 -8 0
226 326 520 177 0 8 0
226 334 523 174 -8 8 0
218 342 526 171 0 0 0
218 342 529 168 0 8 0
218 350 532 165 -8 8 0
210 358 535 162 0 -8 0
210 350 538 159 -8 8 0
202 358 541 156 0 0 0
202 358 544 153 0 0 0
202 358 547 150 -8 0 0
194 358 550 147 0 8 0
194 366 553 144 0 -8 0
194 358 556 141 -8 8 0
186 366 559 138 0 -8 0
186 358 562 135 -8 -8 0
178 350 565 132 0 0 0
178 350 568 129 0 0 0
178 350 571 126 -8 0 0
170 350 574 123 0 0 0
170 350 577 120 0 -8 0
170 342 580 117 -8 8 0
162 350 583 114 0 0 0
162 350 586 111 -8 0 0
154 350 589 108 0 -8 0
154 342 592 105 0 -8 0
154 334 595 102 -8 8 0
146 342 598 99 0 8 0
146 350 601 96 0 -8 0
146 342 604 93 -8 -8 0
138 334 607 90 0 8 0
138 342 610 87 -8 0 0
130 342 613 84 0 -8 0
130 334 616 81 0 8 0
130 342 619 78 -8 -8 0
122 334 622 75 0 -8 0
122 326 625 72 0 8 0
122 334 628 69 -8 -8 0
114 326 631 66 0 -8 0
114 318 634 63 -8 0 0
106 318 637 60 0 0 0
106 318 640 57 0 8 0
106 326 643 54 -8 8 0
98 334 646 51 0 8 0
98 342 649 48 0 -8 0
98 334 652 45 -8 8 0
90 342 655 42 0 -8 0
90 334 658 39 -8 0 0
82 334 661 36 0 -8 0
82 326 664 33 0 -8 0
82 318 667 30 -8 0 0
74 318 670 27 0 -8 0
74 310 673 24 0 0 0
74 310 676 21 -8 8 0
66 318 679 18 0 -8 0
66 310 682 15 -8 0 0
60 310 685 12 0 8 0
60 318 688 9 -8 0 0
60 318 691 12 0 0 0
60 318 694 15 0 0 0
60 318 697 18 0 -8 0
60 310 700 21 0 8 0
60 318 703 24 0 8 0
60 326 706 27 0 -8 0
60 318 709 30 0 8 0
60 326 712 33 0 -8 0
60 318 715 36 0 -8 0
60 310 718 39 0 -8 0
60 302 721 42 0 -8 0
60 294 724 45 0 8 0
60 302 727 48 0 0 0
60 302 730 51 0 0 0
60 302 733 54 0 -8 0
60 294 736 57 0 0 0
60 294 739 60 0 -8 0
60 286 742 63 0 8 0
60 294 745 66 0 -8 0
60 286 748 69 0 0 0
60 286 751 72 0 8 0
60 294 754 75 0 0 0
60 294 757 78 0 -8 0
60 286 760 81 0 8 0
60 294 763 84 0 8 0
60 302 766 87 0 -8 0
60 294 769 90 0 8 0
60 302 772 93 0 0 0
60 302 775 96 0 0 0
60 302 778 99 0 0 0
60 302 781 102 0 0 1
60 302 781 102 0 0 1
60 302 781 102 0 0 1
60 302 781 102 0 0 1
60 302 781 102 0 0 1
