430 277 565 276 0 0 0
430 277 568 279 -8 0 0
422 277 571 282 -8 8 0
414 285 574 285 -8 0 0
406 285 577 288 -8 -8 0
398 277 580 291 -8 0 0
390 277 583 294 -8 -8 0
382 269 586 297 -8 -8 0
374 261 589 300 -8 8 0
366 269 592 303 -8 -8 0
358 261 595 306 -8 0 0
350 261 598 309 0 8 0
350 269 601 312 0 8 0
350 277 604 315 0 0 0
350 277 607 318 0 8 0
350 285 610 321 0 0 0
350 285 613 324 0 -8 0
350 277 616 327 0 -8 0
350 269 619 330 0 8 0
350 277 622 333 0 8 0
350 285 625 336 0 -8 0
350 277 628 339 0 -8 0
350 269 631 342 0 -8 0
350 261 634 345 0 8 0
350 269 637 348 0 -8 0
350 261 640 351 0 -8 0
350 253 643 354 0 -8 0
350 245 646 357 0 -8 0
350 237 649 360 0 -8 0
350 229 652 363 0 -8 0
350 221 655 366 0 8 0
350 229 658 369 0 8 0
350 237 661 372 0 0 0
350 237 664 375 0 -8 0
350 229 667 378 0 -8 0
350 221 670 381 0 0 0
350 221 673 384 0 8 0
350 229 676 387 0 -8 0
350 221 679 390 0 -8 0
350 213 682 393 0 -8 0
350 205 685 396 0 -8 0
350 197 688 399 0 8 0
350 205 691 402 8 8 0
358 213 694 405 0 8 0
358 221 697 408 0 -8 0
358 213 700 411 8 -8 0
366 205 703 414 0 0 0
366 205 706 417 8 8 0
374 213 709 420 0 8 0
374 221 712 423 0 -8 0
374 213 715 426 8 0 0
382 213 718 429 0 0 0
382 213 721 432 0 -8 0
382 205 724 435 8 -8 0
390 197 727 438 0 -8 0
390 189 730 441 8 0 0
398 189 733 444 0 0 0
398 189 736 447 0 0 0
398 189 739 450 8 0 0
406 189 742 453 0 -8 0
406 181 745 456 0 0 0
406 181 748 459 8 -8 0
414 173 751 462 0 -8 0
414 165 754 465 8 0 0
422 165 757 468 0 8 0
422 173 760 471 0 -8 0
422 165 763 474 8 0 0
430 165 766 477 0 -8 0
430 157 769 480 0 -8 0
430 149 772 483 8 8 0
438 157 775 486 0 8 0
438 165 778 489 8 8 0
446 173 781 492 0 0 1
446 173 781 492 0 0 1
446 173 781 492 0 0 1
446 173 781 492 0 0 1
446 173 781 492 0 0 1
