337 212 355 462 0 0 0
337 212 352 465 8 -8 0
345 204 349 468 8 8 0
353 212 346 471 8 0 0
361 212 343 474 8 8 0
369 220 340 477 8 0 0
377 220 337 480 8 8 0
385 228 334 483 8 0 0
393 228 331 486 8 0 0
401 228 328 489 8 0 0
409 228 325 492 8 -8 0
417 220 322 495 8 0 0
425 220 319 498 8 -8 0
433 212 316 501 8 8 0
441 220 313 504 8 0 0
449 220 310 507 8 8 0
457 228 307 510 8 8 0
465 236 304 513 0 -8 0
465 228 301 516 8 0 0
473 228 298 519 0 0 0
473 228 295 522 0 8 0
473 236 292 525 8 -8 0
481 228 289 528 0 -8 0
481 220 286 531 0 0 0
481 220 283 534 8 8 0
489 228 280 537 0 0 0
489 228 277 540 8 0 0
497 228 274 543 0 0 0
497 228 271 546 0 0 0
497 228 268 549 8 -8 0
505 220 265 552 0 -8 0
505 212 262 555 0 -8 0
505 204 259 558 8 0 0
513 204 256 561 0 8 0
513 212 253 564 8 0 0
521 212 250 567 0 0 0
521 212 247 570 0 0 0
521 212 244 573 8 -8 0
529 204 241 576 0 8 0
529 212 238 579 0 -8 0
529 204 235 582 8 0 0
537 204 232 585 0 8 0
537 212 229 588 8 -8 0
540 204 226 591 8 0 0
540 204 223 588 0 -8 0
540 196 220 585 0 -8 0
540 188 217 582 0 -8 0
540 180 214 579 0 -8 0
540 172 211 576 0 0 0
540 172 208 573 0 8 0
540 180 205 570 0 -8 0
540 172 202 567 0 -8 0
540 164 199 564 0 -8 0
540 156 196 561 0 -8 0
540 148 193 558 0 -8 0
540 140 190 555 0 -8 0
540 132 187 552 0 0 0
540 132 184 549 0 0 0
540 132 181 546 0 8 0
540 140 178 543 0 8 0
540 148 175 540 0 8 0
540 156 172 537 0 8 0
540 164 169 534 0 8 0
540 172 166 531 0 8 0
540 180 163 528 0 -8 0
540 172 160 525 0 8 0
540 180 157 522 0 0 0
540 180 154 519 0 8 0
540 188 151 516 0 0 0
540 188 148 513 0 8 0
540 196 145 510 0 0 0
540 196 142 507 0 -8 0
540 188 139 504 0 -8 0
540 180 136 501 0 8 0
540 188 133 498 0 8 0
540 196 130 495 0 -8 0
540 188 127 492 0 0 0
540 188 124 489 -8 0 0
532 188 121 486 0 8 0
532 196 118 483 0 0 0
532 196 115 480 -8 8 0
524 204 112 477 0 -8 0
524 196 109 474 0 -8 0
524 188 106 471 -8 -8 0
516 180 103 468 0 8 0
516 188 100 465 -8 0 0
508 188 97 462 0 8 0
508 196 94 459 0 0 0
508 196 91 456 -8 8 0
500 204 88 453 0 8 0
500 212 85 450 0 0 0
500 212 82 447 -8 -8 0
492 204 79 444 0 8 0
492 212 76 441 -8 -8 0
484 204 73 438 0 8 0
484 212 70 435 0 0 0
484 212 67 432 -8 8 0
476 220 64 429 0 8 0
476 228 61 426 0 8 0
476 236 58 423 -8 -8 0
468 228 55 420 0 8 0
468 236 52 417 -8 0 0
460 236 49 414 0 -8 0
460 228 46 411 0 8 0
460 236 43 408 -8 8 0
452 244 40 405 0 0 0
452 244 37 402 0 -8 0
452 236 34 399 -8 8 0
444 244 31 396 0 -8 0
444 236 28 393 -8 0 0
436 236 25 390 0 0 0
436 236 22 387 0 0 0
436 236 19 384 0 0 1
436 236 19 384 0 0 1
436 236 19 384 0 0 1
436 236 19 384 0 0 1
436 236 19 384 0 0 1
