539 522 406 210 0 0 0
539 522 403 213 -8 0 0
531 522 400 216 -8 -8 0
523 514 397 219 -8 -8 0
515 506 394 222 -8 8 0
507 514 391 225 -8 8 0
499 522 388 228 -8 8 0
491 530 385 231 -8 0 0
483 530 382 234 -8 8 0
475 538 379 237 -8 0 0
467 538 376 240 -8 8 0
459 540 373 243 -8 -8 0
451 532 370 246 -8 8 0
443 540 367 249 -8 8 0
435 540 364 252 -8 -8 0
427 532 361 255 -8 8 0
419 540 358 258 -8 8 0
411 540 355 261 -8 8 0
403 540 352 264 -8 -8 0
395 532 349 267 -8 0 0
387 532 346 270 -8 8 0
379 540 343 273 -8 8 0
371 540 340 276 -8 0 0
363 540 337 279 -8 0 0
355 540 334 282 -8 8 0
347 540 331 285 -8 -8 0
339 532 328 288 -8 8 0
331 540 325 291 0 8 0
331 540 322 294 0 8 0
331 540 319 297 0 8 0
331 540 316 300 0 -8 0
331 532 313 303 0 0 0
331 532 310 306 0 0 0
331 532 307 309 0 8 0
331 540 304 312 0 8 0
331 540 301 315 0 0 0
331 540 298 318 0 8 0
331 540 295 321 0 8 0
331 540 292 324 0 -8 0
331 532 289 327 0 -8 0
331 524 286 330 0 0 0
331 524 283 333 0 8 0
331 532 280 336 0 -8 0
331 524 277 339 0 8 0
331 532 274 342 0 -8 0
331 524 271 345 0 0 0
331 524 268 348 0 -8 0
331 516 265 351 0 -8 0
331 508 262 354 0 -8 0
331 500 259 357 0 0 0
331 500 256 360 0 0 0
331 500 253 363 0 -8 0
331 492 250 366 0 0 0
331 492 247 369 0 8 0
331 500 244 372 0 8 0
331 508 241 375 0 8 0
331 516 238 378 0 0 0
331 516 235 381 0 0 0
331 516 232 384 8 0 0
339 516 229 387 0 0 0
339 516 226 390 8 -8 0
347 508 223 393 0 8 0
347 516 220 396 0 -8 0
347 508 217 399 8 0 0
355 508 214 402 0 8 0
355 516 211 405 0 -8 0
355 508 208 408 8 -8 0
363 500 205 411 0 0 0
363 500 202 414 8 -8 0
371 492 199 417 0 8 0
371 500 196 420 0 -8 0
371 492 193 423 8 0 0
379 492 190 426 0 8 0
379 500 187 429 0 0 0
379 500 184 432 8 8 0
387 508 181 435 0 8 0
387 516 178 438 8 -8 0
395 508 175 441 0 0 0
395 508 172 444 0 -8 0
395 500 169 447 8 8 0
403 508 166 450 0 0 0
403 508 163 453 0 -8 0
403 500 160 456 8 0 0
411 500 157 459 0 8 0
411 508 154 462 8 -8 0
419 500 151 465 0 8 0
419 508 148 468 0 8 0
419 516 145 471 8 0 0
427 516 142 474 0 8 0
427 524 139 477 0 8 0
427 532 136 480 8 8 0
435 540 133 483 0 0 0
435 540 130 486 8 -8 0
443 532 127 489 0 8 0
443 540 124 492 0 8 0
443 540 121 495 8 -8 0
451 532 118 498 0 -8 0
451 524 115 501 0 8 0
451 532 112 504 8 8 0
459 540 109 507 0 0 0
459 540 106 510 8 8 0
467 540 103 513 0 8 0
467 540 100 516 0 8 0
467 540 97 519 8 0 0
475 540 94 522 0 0 0
475 540 91 525 0 0 0
475 540 88 528 8 8 0
483 540 85 531 0 8 0
483 540 82 534 8 0 0
491 540 79 537 0 -8 0
491 532 76 540 0 -8 0
491 524 73 543 8 0 0
499 524 70 546 0 8 0
499 532 67 549 0 8 0
499 540 64 552 8 8 0
507 540 61 555 0 0 0
507 540 58 558 8 0 0
515 540 55 561 0 0 0
515 540 52 564 0 0 0
515 540 49 567 8 8 0
523 540 46 570 0 8 0
523 540 43 573 0 -8 0
523 532 40 576 8 -8 0
531 524 37 579 0 0 0
531 524 34 582 8 -8 0
539 516 31 585 0 -8 0
539 508 28 588 0 0 0
539 508 25 591 8 0 0
540 508 22 588 0 0 0
540 508 19 585 0 -8 0
540 500 22 582 0 -8 0
540 492 25 579 0 -8 0
540 484 28 576 0 0 0
540 484 31 573 0 8 0
540 492 34 570 0 -8 0
540 484 37 567 0 -8 0
540 476 40 564 0 -8 0
540 468 43 561 0 0 0
540 468 46 558 0 -8 0
540 460 49 555 0 -8 0
540 452 52 552 0 8 0
540 460 55 549 0 8 0
540 468 58 546 0 0 0
540 468 61 543 0 0 0
540 468 64 540 0 0 0
540 468 67 537 0 8 0
540 476 70 534 0 8 0
540 484 73 531 0 -8 0
540 476 76 528 0 -8 0
540 468 79 525 0 -8 0
540 460 82 522 0 -8 0
540 452 85 519 0 0 0
540 452 88 516 0 0 0
540 452 91 513 0 -8 0
540 444 94 510 0 -8 0
540 436 97 507 0 8 0
540 444 100 504 0 8 0
540 452 103 501 0 -8 0
540 444 106 498 0 0 0
540 444 109 495 0 8 0
540 452 112 492 0 -8 0
540 444 115 489 -8 8 0
532 452 118 486 0 8 0
532 460 121 483 0 0 0
532 460 124 480 -8 8 0
524 468 127 477 0 8 0
524 476 130 474 0 0 0
524 476 133 471 -8 8 0
516 484 136 468 0 0 0
516 484 139 465 -8 0 0
508 484 142 462 0 -8 0
508 476 145 459 0 8 0
508 484 148 456 -8 8 0
500 492 151 453 0 8 0
500 500 154 450 0 8 0
500 508 157 447 -8 0 0
492 508 160 444 0 8 0
492 516 163 441 -8 0 0
484 516 166 438 0 -8 0
484 508 169 435 0 -8 0
484 500 172 432 -8 -8 0
476 492 175 429 0 -8 0
476 484 178 426 0 0 0
476 484 181 423 -8 8 0
468 492 184 420 0 -8 0
468 484 187 417 -8 0 0
460 484 190 414 0 8 0
460 492 193 411 0 -8 0
460 484 196 408 -8 8 0
452 492 199 405 0 -8 0
452 484 202 402 0 -8 0
452 476 205 399 -8 0 0
444 476 208 396 0 8 0
444 484 211 393 -8 0 0
436 484 214 390 0 -8 0
436 476 217 387 0 0 0
436 476 220 384 -8 8 0
428 484 223 381 0 0 0
428 484 226 378 0 8 0
428 492 229 375 -8 0 0
420 492 232 372 0 -8 0
420 484 235 369 -8 0 0
412 484 238 366 0 0 0
412 484 241 363 0 0 0
412 484 244 360 -8 8 0
404 492 247 357 0 0 0
404 492 250 354 0 -8 0
404 484 253 351 -8 -8 0
396 476 256 348 0 8 0
396 484 259 345 -8 8 0
388 492 262 342 0 0 0
388 492 265 339 0 -8 0
388 484 268 336 -8 8 0
380 492 271 333 0 -8 0
380 484 274 330 0 -8 0
380 476 277 327 -8 -8 0
372 468 280 324 0 8 0
372 476 283 321 -8 -8 0
364 468 286 318 0 0 0
364 468 289 315 0 -8 0
364 460 292 312 -8 8 0
356 468 295 309 0 8 0
356 476 298 306 0 0 0
356 476 301 303 -8 -8 0
348 468 304 300 0 0 0
348 468 307 297 -8 -8 0
340 460 310 294 0 0 0
340 460 313 291 0 -8 0
340 452 316 288 -8 8 0
332 460 319 285 0 0 0
332 460 322 282 0 -8 0
332 452 325 279 -8 -8 0
324 444 328 276 0 8 0
324 452 331 273 -8 8 0
316 460 334 270 0 -8 0
316 452 337 267 0 0 0
316 452 340 264 -8 0 0
308 452 343 261 0 -8 0
308 444 346 258 0 0 0
308 444 349 255 -8 8 0
300 452 352 252 0 0 0
300 452 355 249 -8 8 0
292 460 358 246 0 -8 0
292 452 361 243 0 -8 0
292 444 364 240 -8 0 0
284 444 367 237 0 8 0
284 452 370 234 0 8 0
284 460 373 231 -8 0 0
276 460 376 228 0 8 0
276 468 379 225 -8 -8 0
268 460 382 222 0 0 0
268 460 385 219 0 0 0
268 460 388 216 -8 8 0
260 468 391 213 0 8 0
260 476 394 210 0 8 0
260 484 397 207 -8 -8 0
252 476 400 204 0 -8 0
252 468 403 201 -8 -8 0
244 460 406 198 0 0 0
244 460 409 195 0 -8 0
244 452 412 192 -8 0 0
236 452 415 189 0 8 0
236 460 418 186 0 8 0
236 468 421 183 -8 0 0
228 468 424 180 0 0 0
228 468 427 177 -8 -8 0
220 460 430 174 0 8 0
220 468 433 171 0 -8 0
220 460 436 168 -8 -8 0
212 452 439 165 0 8 0
212 460 442 162 0 -8 0
212 452 445 159 -8 -8 0
204 444 448 156 0 8 0
204 452 451 153 -8 -8 0
196 444 454 150 0 8 0
196 452 457 147 0 8 0
196 460 460 144 -8 0 0
188 460 463 141 0 0 0
188 460 466 138 0 -8 0
188 452 469 135 -8 0 0
180 452 472 132 0 8 0
180 460 475 129 -8 -8 0
172 452 478 126 0 -8 0
172 444 481 123 0 8 0
172 452 484 120 -8 8 0
164 460 487 117 0 8 0
164 468 490 114 0 8 0
164 476 493 111 -8 0 0
156 476 496 108 0 0 0
156 476 499 105 -8 8 0
148 484 502 102 0 8 0
148 492 505 99 0 -8 0
148 484 508 96 -8 0 0
140 484 511 93 0 0 0
140 484 514 90 0 8 0
140 492 517 87 -8 -8 0
132 484 520 84 0 8 0
132 492 523 81 -8 8 0
124 500 526 78 0 -8 0
124 492 529 75 0 0 0
124 492 532 72 -8 -8 0
116 484 535 69 0 -8 0
116 476 538 66 0 -8 0
116 468 541 63 -8 0 0
108 468 544 60 0 0 0
108 468 547 57 -8 0 0
100 468 550 54 0 -8 0
100 460 553 51 0 0 0
100 460 556 48 -8 0 0
92 460 559 45 0 0 0
92 460 562 42 0 0 0
92 460 565 39 -8 -8 0
84 452 568 36 0 -8 0
84 444 571 33 -8 -8 0
76 436 574 30 0 -8 0
76 428 577 27 0 0 0
76 428 580 24 -8 0 0
68 428 583 21 0 8 0
68 436 586 18 0 8 0
68 444 589 15 -8 -8 0
60 436 592 12 0 -8 0
60 428 595 9 -8 -8 0
60 420 598 12 0 0 0
60 420 601 15 0 0 0
60 420 604 18 0 8 0
60 428 607 21 0 0 0
60 428 610 24 0 0 0
60 428 613 27 0 -8 0
60 420 616 30 0 8 0
60 428 619 33 0 0 0
60 428 622 36 0 8 0
60 436 625 39 0 0 0
60 436 628 42 0 -8 0
60 428 631 45 0 8 0
60 436 634 48 0 0 0
60 436 637 51 0 0 0
60 436 640 54 0 0 0
60 436 643 57 0 8 0
60 444 646 60 0 0 0
60 444 649 63 0 -8 0
60 436 652 66 0 0 0
60 436 655 69 0 -8 0
60 428 658 72 0 -8 0
60 420 661 75 0 -8 0
60 412 664 78 0 0 0
60 412 667 81 0 8 0
60 420 670 84 0 0 0
60 420 673 87 0 0 0
60 420 676 90 0 0 0
60 420 679 93 0 -8 0
60 412 682 96 0 0 0
60 412 685 99 0 0 0
60 412 688 102 0 -8 0
60 404 691 105 0 8 0
60 412 694 108 0 8 0
60 420 697 111 8 0 0
68 420 700 114 0 -8 0
68 412 703 117 0 8 0
68 420 706 120 8 0 0
76 420 709 123 0 8 0
76 428 712 126 0 0 0
76 428 715 129 8 0 0
84 428 718 132 0 -8 0
84 420 721 135 8 0 0
92 420 724 138 0 -8 0
92 412 727 141 0 -8 0
92 404 730 144 8 -8 0
100 396 733 147 0 0 0
100 396 736 150 0 8 0
100 404 739 153 8 0 0
108 404 742 156 0 -8 0
108 396 745 159 8 8 0
116 404 748 162 0 0 0
116 404 751 165 0 -8 0
116 396 754 168 8 -8 0
124 388 757 171 0 8 0
124 396 760 174 0 -8 0
124 388 763 177 8 0 0
132 388 766 180 0 -8 0
132 380 769 183 8 0 0
140 380 772 186 0 8 0
140 388 775 189 0 -8 0
140 380 778 192 8 0 0
148 380 781 195 0 0 1
148 380 781 195 0 0 1
148 380 781 195 0 0 1
148 380 781 195 0 0 1
148 380 781 195 0 0 1
