341 430 457 369 0 0 0
341 430 454 366 0 -8 0
341 422 451 363 0 8 0
341 430 448 360 0 -8 0
341 422 445 357 0 -8 0
341 414 442 354 0 8 0
341 422 439 351 0 0 0
341 422 436 348 0 -8 0
341 414 433 345 0 0 0
341 414 430 342 0 8 0
341 422 427 339 0 -8 0
341 414 424 336 0 0 0
341 414 421 333 0 0 0
341 414 418 330 0 0 0
341 414 415 327 0 -8 0
341 406 412 324 0 -8 0
341 398 409 321 0 -8 0
341 390 406 318 0 0 0
341 390 403 315 0 -8 0
341 382 400 312 0 0 0
341 382 397 309 0 -8 0
341 374 394 306 0 -8 0
341 366 391 303 0 -8 0
341 358 388 300 0 8 0
341 366 385 297 0 0 0
341 366 382 294 0 0 0
341 366 379 291 0 -8 0
341 358 376 288 -8 -8 0
333 350 373 285 0 -8 0
333 342 370 282 -8 0 0
325 342 367 279 0 -8 0
325 334 364 276 0 -8 0
325 326 361 273 -8 0 0
317 326 358 270 0 0 0
317 326 355 267 0 8 0
317 334 352 264 -8 -8 0
309 326 349 261 0 8 0
309 334 346 258 -8 -8 0
301 326 343 255 0 0 0
301 326 340 252 0 -8 0
301 318 337 249 -8 -8 0
293 310 334 246 0 -8 0
293 302 331 243 0 0 0
293 302 328 240 -8 -8 0
285 294 325 237 0 8 0
285 302 322 234 -8 0 0
277 302 319 231 0 8 0
277 310 316 228 0 -8 0
277 302 313 225 -8 0 0
269 302 310 222 0 8 0
269 310 307 219 0 0 0
269 310 304 216 -8 8 0
261 318 301 213 0 -8 0
261 310 298 210 -8 -8 0
253 302 295 207 0 0 0
253 302 292 204 0 0 0
253 302 289 201 -8 -8 0
245 294 286 198 0 -8 0
245 286 283 195 0 0 0
245 286 280 192 -8 -8 0
237 278 277 189 0 8 0
237 286 274 186 -8 0 0
229 286 271 183 0 0 0
229 286 268 180 0 -8 0
229 278 265 177 -8 0 0
221 278 262 174 0 -8 0
221 270 259 171 0 8 0
221 278 256 168 -8 0 0
213 278 253 165 0 -8 0
213 270 250 162 -8 0 0
205 270 247 159 0 -8 0
205 262 244 156 0 8 0
205 270 241 153 -8 0 0
197 270 238 150 0 -8 0
197 262 235 147 0 0 0
197 262 232 144 -8 0 0
189 262 229 141 0 0 0
189 262 226 138 -8 8 0
181 270 223 135 0 0 0
181 270 220 132 0 8 0
181 278 217 129 -8 -8 0
173 270 214 126 0 -8 0
173 262 211 123 0 -8 0
173 254 208 120 -8 -8 0
165 246 205 117 0 -8 0
165 238 202 114 -8 8 0
157 246 199 111 0 -8 0
157 238 196 108 0 0 0
157 238 193 105 -8 -8 0
149 230 190 102 0 0 0
149 230 187 99 0 -8 0
149 222 184 96 -8 -8 0
141 214 181 93 0 8 0
141 222 178 90 -8 -8 0
133 214 175 87 0 -8 0
133 206 172 84 0 0 0
133 206 169 81 -8 0 0
125 206 166 78 0 -8 0
125 198 163 75 0 8 0
125 206 160 72 -8 0 0
117 206 157 69 0 8 0
117 214 154 66 -8 -8 0
109 206 151 63 0 -8 0
109 198 148 60 0 8 0
109 206 145 57 -8 0 0
101 206 142 54 0 8 0
101 214 139 51 0 -8 0
101 206 136 48 -8 -8 0
93 198 133 45 0 -8 0
93 190 130 42 -8 0 0
85 190 127 39 0 8 0
85 198 124 36 0 0 0
85 198 121 33 -8 8 0
77 206 118 30 0 0 0
77 206 115 27 0 -8 0
77 198 112 24 -8 -8 0
69 190 109 21 0 8 0
69 198 106 18 -8 0 0
61 198 103 15 0 -8 0
61 190 100 12 0 8 0
61 198 97 9 -8 8 0
60 206 94 12 0 0 0
60 206 91 15 0 0 0
60 206 88 18 0 -8 0
60 198 85 21 0 8 0
60 206 82 24 0 -8 0
60 198 79 27 0 0 0
60 198 76 30 0 -8 0
60 190 73 33 0 0 0
60 190 70 36 0 8 0
60 198 67 39 0 0 0
60 198 64 42 0 -8 0
60 190 61 45 0 0 0
60 190 58 48 0 0 0
60 190 55 51 0 -8 0
60 182 52 54 0 0 0
60 182 49 57 0 0 0
60 182 46 60 0 -8 0
60 174 43 63 0 0 0
60 174 40 66 0 0 0
60 174 37 69 0 8 0
60 182 34 72 0 8 0
60 190 31 75 0 8 0
60 198 28 78 0 8 0
60 206 25 81 0 0 0
60 206 22 84 0 0 0
60 206 19 87 0 -8 0
60 198 22 90 0 0 0
60 198 25 93 0 -8 0
60 190 28 96 0 8 0
60 198 31 99 0 -8 0
60 190 34 102 0 8 0
60 198 37 105 0 0 0
60 198 40 108 0 -8 0
60 190 43 111 8 8 0
68 198 46 114 0 8 0
68 206 49 117 0 8 0
68 214 52 120 8 0 0
76 214 55 123 0 8 0
76 222 58 126 0 0 0
76 222 61 129 8 -8 0
84 214 64 132 0 -8 0
84 206 67 135 8 -8 0
92 198 70 138 0 8 0
92 206 73 141 0 0 0
92 206 76 144 8 0 0
100 206 79 147 0 0 0
100 206 82 150 0 -8 0
100 198 85 153 8 8 0
108 206 88 156 0 0 0
108 206 91 159 8 -8 0
116 198 94 162 0 0 0
116 198 97 165 0 8 0
116 206 100 168 8 8 0
124 214 103 171 0 -8 0
124 206 106 174 0 -8 0
124 198 109 177 8 8 0
132 206 112 180 0 -8 0
132 198 115 183 8 -8 0
140 190 118 186 0 -8 0
140 182 121 189 0 0 0
140 182 124 192 8 0 0
148 182 127 195 0 -8 0
148 174 130 198 0 8 0
148 182 133 201 8 8 0
156 190 136 204 0 0 0
156 190 139 207 8 -8 0
164 182 142 210 0 8 0
164 190 145 213 0 8 0
164 198 148 216 8 0 0
172 198 151 219 0 -8 0
172 190 154 222 0 -8 0
172 182 157 225 8 8 0
180 190 160 228 0 8 0
180 198 163 231 8 8 0
188 206 166 234 0 -8 0
188 198 169 237 0 -8 0
188 190 172 240 8 -8 0
196 182 175 243 0 8 0
196 190 178 246 0 0 0
196 190 181 249 8 0 0
204 190 184 252 0 8 0
204 198 187 255 8 8 0
212 206 190 258 0 -8 0
212 198 193 261 0 -8 0
212 190 196 264 8 8 0
220 198 199 267 0 -8 0
220 190 202 270 0 0 0
220 190 205 273 8 -8 0
228 182 208 276 0 8 0
228 190 211 279 8 0 0
236 190 214 282 0 -8 0
236 182 217 285 0 -8 0
236 174 220 288 8 -8 0
244 166 223 291 0 -8 0
244 158 226 294 0 0 0
244 158 229 297 8 0 0
252 158 232 300 0 0 0
252 158 235 303 8 0 0
260 158 238 306 0 8 0
260 166 241 309 0 8 0
260 174 244 312 8 0 0
268 174 247 315 0 0 0
268 174 250 318 0 -8 0
268 166 253 321 8 -8 0
276 158 256 324 0 -8 0
276 150 259 327 8 8 0
284 158 262 330 0 8 0
284 166 265 333 0 8 0
284 174 268 336 8 8 0
292 182 271 339 0 -8 0
292 174 274 342 0 8 0
292 182 277 345 8 8 0
300 190 280 348 0 8 0
300 198 283 351 8 8 0
308 206 286 354 0 0 0
308 206 289 357 0 0 0
308 206 292 360 8 -8 0
316 198 295 363 0 -8 0
316 190 298 366 0 -8 0
316 182 301 369 8 8 0
324 190 304 372 0 0 0
324 190 307 375 8 -8 0
332 182 310 378 0 0 0
332 182 313 381 0 8 0
332 190 316 384 8 8 0
340 198 319 387 0 0 0
340 198 322 390 0 8 0
340 206 325 393 8 -8 0
348 198 328 396 0 8 0
348 206 331 399 8 0 0
356 206 334 402 0 -8 0
356 198 337 405 0 8 0
356 206 340 408 8 0 0
364 206 343 411 0 0 0
364 206 346 414 0 8 0
364 214 349 417 8 8 0
372 222 352 420 0 0 0
372 222 355 423 8 0 0
380 222 358 426 0 8 0
380 230 361 429 0 -8 0
380 222 364 432 8 8 0
388 230 367 435 0 -8 0
388 222 370 438 0 0 0
388 222 373 441 8 0 0
396 222 376 444 0 0 0
396 222 379 447 8 -8 0
404 214 382 450 0 8 0
404 222 385 453 0 8 0
404 230 388 456 8 8 0
412 238 391 459 0 8 0
412 246 394 462 0 -8 0
412 238 397 465 8 -8 0
420 230 400 468 0 8 0
420 238 403 471 8 8 0
428 246 406 474 0 8 0
428 254 409 477 0 0 0
428 254 412 480 8 0 0
436 254 415 483 0 8 0
436 262 418 486 0 -8 0
436 254 421 489 8 0 0
444 254 424 492 0 0 0
444 254 427 495 8 8 0
452 262 430 498 0 -8 0
452 254 433 501 0 0 0
452 254 436 504 8 8 0
460 262 439 507 0 0 0
460 262 442 510 0 8 0
460 270 445 513 8 -8 0
468 262 448 516 0 8 0
468 270 451 519 8 -8 0
476 262 454 522 0 0 0
476 262 457 525 0 0 0
476 262 460 528 8 -8 0
484 254 463 531 0 -8 0
484 246 466 534 0 8 0
484 254 469 537 8 0 0
492 254 472 540 0 8 0
492 262 475 543 8 8 0
500 270 478 546 0 0 0
500 270 481 549 0 -8 0
500 262 484 552 8 0 0
508 262 487 555 0 0 0
508 262 490 558 0 -8 0
508 254 493 561 8 8 0
516 262 496 564 0 8 0
516 270 499 567 8 8 0
524 278 502 570 0 0 0
524 278 505 573 0 0 0
524 278 508 576 8 -8 0
532 270 511 579 0 0 0
532 270 514 582 0 8 0
532 278 517 585 8 -8 0
540 270 520 588 0 -8 0
540 262 523 591 8 -8 0
540 254 526 588 0 -8 0
540 246 529 585 0 -8 0
540 238 532 582 0 8 0
540 246 535 579 0 0 0
540 246 538 576 0 0 0
540 246 541 573 0 -8 0
540 238 544 570 0 -8 0
540 230 547 567 0 8 0
540 238 550 564 0 -8 0
540 230 553 561 0 -8 0
540 222 556 558 0 -8 0
540 214 559 555 0 8 0
540 222 562 552 0 0 0
540 222 565 549 0 0 0
540 222 568 546 0 0 0
540 222 571 543 0 0 0
540 222 574 540 0 -8 0
540 214 577 537 0 8 0
540 222 580 534 0 0 0
540 222 583 531 0 0 0
540 222 586 528 0 -8 0
540 214 589 525 0 8 0
540 222 592 522 0 0 0
540 222 595 519 0 8 0
540 230 598 516 0 8 0
540 238 601 513 0 8 0
540 246 604 510 0 0 0
540 246 607 507 0 8 0
540 254 610 504 0 -8 0
540 246 613 501 0 -8 0
540 238 616 498 0 -8 0
540 230 619 495 0 0 0
540 230 622 492 0 -8 0
540 222 625 489 -8 -8 0
532 214 628 486 0 0 0
532 214 631 483 0 -8 0
532 206 634 480 -8 -8 0
524 198 637 477 0 8 0
524 206 640 474 0 -8 0
524 198 643 471 -8 -8 0
516 190 646 468 0 8 0
516 198 649 465 -8 8 0
508 206 652 462 0 0 0
508 206 655 459 0 -8 0
508 198 658 456 -8 0 0
500 198 661 453 0 8 0
500 206 664 450 0 0 0
500 206 667 447 -8 0 0
492 206 670 444 0 8 0
492 214 673 441 -8 8 0
484 222 676 438 0 0 0
484 222 679 435 0 -8 0
484 214 682 432 -8 8 0
476 222 685 429 0 0 0
476 222 688 426 0 8 0
476 230 691 423 -8 -8 0
468 222 694 420 0 0 0
468 222 697 417 -8 8 0
460 230 700 414 0 8 0
460 238 703 411 0 -8 0
460 230 706 408 -8 8 0
452 238 709 405 0 8 0
452 246 712 402 0 0 0
452 246 715 399 -8 0 0
444 246 718 396 0 -8 0
444 238 721 393 -8 8 0
436 246 724 390 0 0 0
436 246 727 387 0 8 0
436 254 730 384 -8 0 0
428 254 733 381 0 8 0
428 262 736 378 0 -8 0
428 254 739 375 -8 0 0
420 254 742 372 0 -8 0
420 246 745 369 -8 0 0
412 246 748 366 0 -8 0
412 238 751 363 0 8 0
412 246 754 360 -8 8 0
404 254 757 357 0 8 0
404 262 760 354 0 0 0
404 262 763 351 -8 8 0
396 270 766 348 0 -8 0
396 262 769 345 -8 8 0
388 270 772 342 0 -8 0
388 262 775 339 0 8 0
388 270 778 336 -8 -8 0
380 262 781 333 0 0 1
380 262 781 333 0 0 1
380 262 781 333 0 0 1
380 262 781 333 0 0 1
380 262 781 333 0 0 1
