438 252 148 375 0 0 0
438 252 145 378 -8 0 0
430 252 142 381 0 -8 0
430 244 139 384 0 -8 0
430 236 136 387 0 -8 0
430 228 133 390 0 0 0
430 228 130 393 0 -8 0
430 220 127 396 0 8 0
430 228 124 399 0 8 0
430 236 121 402 0 8 0
430 244 118 405 0 8 0
430 252 115 408 0 8 0
430 260 112 411 0 -8 0
430 252 109 414 0 0 0
430 252 106 417 0 -8 0
430 244 103 420 0 0 0
430 244 100 423 0 -8 0
430 236 97 426 0 0 0
430 236 94 429 0 0 0
430 236 91 432 0 -8 0
430 228 88 435 0 0 0
430 228 85 438 0 8 0
430 236 82 441 0 8 0
430 244 79 444 0 -8 0
430 236 76 447 0 8 0
430 244 73 450 0 0 0
430 244 70 453 0 -8 0
430 236 67 456 0 0 0
430 236 64 459 0 0 0
430 236 61 462 0 8 0
430 244 58 465 0 8 0
430 252 55 468 0 0 0
430 252 52 471 0 8 0
430 260 49 474 0 -8 0
430 252 46 477 0 0 0
430 252 43 480 0 0 0
430 252 40 483 8 0 0
438 252 37 486 0 0 0
438 252 34 489 8 -8 0
446 244 31 492 0 0 0
446 244 28 495 0 0 0
446 244 25 498 8 0 0
454 244 22 501 0 0 0
454 244 19 504 0 -8 0
454 236 22 507 8 8 0
462 244 25 510 0 -8 0
462 236 28 513 8 0 0
470 236 31 516 0 8 0
470 244 34 519 0 8 0
470 252 37 522 8 8 0
478 260 40 525 0 8 0
478 268 43 528 0 0 0
478 268 46 531 8 8 0
486 276 49 534 0 -8 0
486 268 52 537 8 -8 0
494 260 55 540 0 0 0
494 260 58 543 0 0 0
494 260 61 546 8 -8 0
502 252 64 549 0 -8 0
502 244 67 552 0 0 0
502 244 70 555 8 -8 0
510 236 73 558 0 0 0
510 236 76 561 8 -8 0
518 228 79 564 0 8 0
518 236 82 567 0 8 0
518 244 85 570 8 8 0
526 252 88 573 0 0 0
526 252 91 576 0 0 0
526 252 94 579 8 -8 0
534 244 97 582 0 8 0
534 252 100 585 8 0 0
540 252 103 588 0 -8 0
540 244 106 591 8 -8 0
540 236 109 588 0 -8 0
540 228 112 585 0 0 0
540 228 115 582 0 -8 0
540 220 118 579 0 -8 0
540 212 121 576 0 8 0
540 220 124 573 0 8 0
540 228 127 570 0 8 0
540 236 130 567 0 8 0
540 244 133 564 0 8 0
540 252 136 561 0 8 0
540 260 139 558 0 8 0
540 268 142 555 0 -8 0
540 260 145 552 0 8 0
540 268 148 549 0 -8 0
540 260 151 546 0 -8 0
540 252 154 543 0 0 0
540 252 157 540 0 0 0
540 252 160 537 0 8 0
540 260 163 534 0 0 0
540 260 166 531 0 0 0
540 260 169 528 0 8 0
540 268 172 525 0 8 0
540 276 175 522 0 -8 0
540 268 178 519 0 -8 0
540 260 181 516 0 0 0
540 260 184 513 0 8 0
540 268 187 510 0 0 0
540 268 190 507 0 8 0
540 276 193 504 0 0 0
540 276 196 501 0 8 0
540 284 199 498 0 -8 0
540 276 202 495 0 -8 0
540 268 205 492 0 8 0
540 276 208 489 -8 8 0
532 284 211 486 0 -8 0
532 276 214 483 0 8 0
532 284 217 480 -8 -8 0
524 276 220 477 0 0 0
524 276 223 474 0 -8 0
524 268 226 471 -8 0 0
516 268 229 468 0 -8 0
516 260 232 465 -8 0 0
508 260 235 462 0 0 0
508 260 238 459 0 0 0
508 260 241 456 -8 -8 0
500 252 244 453 0 -8 0
500 244 247 450 0 8 0
500 252 250 447 -8 8 0
492 260 253 444 0 8 0
492 268 256 441 -8 -8 0
484 260 259 438 0 -8 0
484 252 262 435 0 -8 0
484 244 265 432 -8 0 0
476 244 268 429 0 8 0
476 252 271 426 0 8 0
476 260 274 423 -8 8 0
468 268 277 420 0 -8 0
468 260 280 417 -8 0 0
460 260 283 414 0 0 0
460 260 286 411 0 0 0
460 260 289 408 -8 8 0
452 268 292 405 0 -8 0
452 260 295 402 0 0 0
452 260 298 399 -8 8 0
444 268 301 396 0 8 0
444 276 304 393 -8 8 0
436 284 307 390 0 0 0
436 284 310 387 0 -8 0
436 276 313 384 -8 0 0
428 276 316 381 0 8 0
428 284 319 378 0 8 0
428 292 322 375 -8 8 0
420 300 325 372 0 0 0
420 300 328 369 -8 0 0
412 300 331 366 0 0 0
412 300 334 363 0 0 0
412 300 337 360 -8 0 0
404 300 340 357 0 0 0
404 300 343 354 0 8 0
404 308 346 351 -8 0 0
396 308 349 348 0 0 0
396 308 352 345 -8 8 0
388 316 355 342 0 -8 0
388 308 358 339 0 -8 0
388 300 361 336 -8 -8 0
380 292 364 333 0 8 0
380 300 367 330 0 0 0
380 300 370 327 -8 -8 0
372 292 373 324 0 0 0
372 292 376 321 -8 -8 0
364 284 379 318 0 8 0
364 292 382 315 0 0 0
364 292 385 312 -8 0 0
356 292 388 309 0 -8 0
356 284 391 306 0 8 0
356 292 394 303 -8 8 0
348 300 397 300 0 0 0
348 300 400 297 -8 -8 0
340 292 403 294 0 -8 0
340 284 406 291 0 0 0
340 284 409 288 -8 0 0
332 284 412 285 0 -8 0
332 276 415 282 0 -8 0
332 268 418 279 -8 0 0
324 268 421 276 0 -8 0
324 260 424 273 -8 8 0
316 268 427 270 0 0 0
316 268 430 267 0 8 0
316 276 433 264 -8 0 0
308 276 436 261 0 8 0
308 284 439 258 0 8 0
308 292 442 255 -8 8 0
300 300 445 252 0 -8 0
300 292 448 249 -8 -8 0
292 284 451 246 0 8 0
292 292 454 243 0 -8 0
292 284 457 240 -8 8 0
284 292 460 237 0 -8 0
284 284 463 234 0 0 0
284 284 466 231 -8 -8 0
276 276 469 228 0 8 0
276 284 472 225 -8 8 0
268 292 475 222 0 8 0
268 300 478 219 0 8 0
268 308 481 216 -8 8 0
260 316 484 213 0 -8 0
260 308 487 210 0 -8 0
260 300 490 207 -8 -8 0
252 292 493 204 0 8 0
252 300 496 201 -8 -8 0
244 292 499 198 0 8 0
244 300 502 195 0 8 0
244 308 505 192 -8 0 0
236 308 508 189 0 -8 0
236 300 511 186 0 0 0
236 300 514 183 -8 8 0
228 308 517 180 0 -8 0
228 300 520 177 -8 0 0
220 300 523 174 0 8 0
220 308 526 171 0 8 0
220 316 529 168 -8 0 0
212 316 532 165 0 -8 0
212 308 535 162 0 -8 0
212 300 538 159 -8 -8 0
204 292 541 156 0 -8 0
204 284 544 153 -8 8 0
196 292 547 150 0 8 0
196 300 550 147 0 -8 0
196 292 553 144 -8 -8 0
188 284 556 141 0 8 0
188 292 559 138 0 0 0
188 292 562 135 -8 8 0
180 300 565 132 0 -8 0
180 292 568 129 -8 8 0
172 300 571 126 0 8 0
172 308 574 123 0 0 0
172 308 577 120 -8 0 0
164 308 580 117 0 0 0
164 308 583 114 0 -8 0
164 300 586 111 -8 8 0
156 308 589 108 0 -8 0
156 300 592 105 -8 0 0
148 300 595 102 0 8 0
148 308 598 99 0 8 0
148 316 601 96 -8 -8 0
140 308 604 93 0 0 0
140 308 607 90 0 0 0
140 308 610 87 -8 -8 0
132 300 613 84 0 8 0
132 308 616 81 -8 -8 0
124 300 619 78 0 8 0
124 308 622 75 0 8 0
124 316 625 72 -8 -8 0
116 308 628 69 0 8 0
116 316 631 66 0 8 0
116 324 634 63 -8 -8 0
108 316 637 60 0 0 0
108 316 640 57 -8 -8 0
100 308 643 54 0 8 0
100 316 646 51 0 8 0
100 324 649 48 -8 8 0
92 332 652 45 0 8 0
92 340 655 42 0 0 0
92 340 658 39 -8 0 0
84 340 661 36 0 8 0
84 348 664 33 -8 0 0
76 348 667 30 0 0 0
76 348 670 27 0 0 0
76 348 673 24 -8 8 0
68 356 676 21 0 8 0
68 364 679 18 0 0 0
68 364 682 15 -8 -8 0
60 356 685 12 0 -8 0
60 348 688 9 -8 -8 0
60 340 691 12 0 -8 0
60 332 694 15 0 8 0
60 340 697 18 0 -8 0
60 332 700 21 0 -8 0
60 324 703 24 0 8 0
60 332 706 27 0 8 0
60 340 709 30 0 0 0
60 340 712 33 0 8 0
60 348 715 36 0 0 0
60 348 718 39 0 0 0
60 348 721 42 0 8 0
60 356 724 45 0 8 0
60 364 727 48 0 8 0
60 372 730 51 0 -8 0
60 364 733 54 0 0 0
60 364 736 57 0 0 0
60 364 739 60 0 0 0
60 364 742 63 0 -8 0
60 356 745 66 0 8 0
60 364 748 69 0 -8 0
60 356 751 72 0 8 0
60 364 754 75 0 8 0
60 372 757 78 0 -8 0
60 364 760 81 0 8 0
60 372 763 84 0 -8 0
60 364 766 87 0 0 0
60 364 769 90 0 -8 0
60 356 772 93 0 -8 0
60 348 775 96 0 -8 0
60 340 778 99 0 0 0
60 340 781 102 0 0 1
60 340 781 102 0 0 1
60 340 781 102 0 0 1
60 340 781 102 0 0 1
60 340 781 102 0 0 1
