224 173 139 141 0 0 0
224 173 142 144 -8 0 0
216 173 145 147 -8 -8 0
208 165 148 150 -8 -8 0
200 157 151 153 0 0 0
200 157 154 156 0 -8 0
200 149 157 159 0 8 0
200 157 160 162 0 0 0
200 157 163 165 0 8 0
200 165 166 168 0 -8 0
200 157 169 171 0 -8 0
200 149 172 174 0 -8 0
200 141 175 177 0 0 0
200 141 178 180 0 8 0
200 149 181 183 0 -8 0
200 141 184 186 0 0 0
200 141 187 189 0 0 0
200 141 190 192 0 0 0
200 141 193 195 0 0 0
200 141 196 198 0 0 0
200 141 199 201 0 0 0
200 141 202 204 0 0 0
200 141 205 207 0 8 0
200 149 208 210 0 8 0
200 157 211 213 0 0 0
200 157 214 216 0 8 0
200 165 217 219 0 -8 0
200 157 220 222 0 -8 0
200 149 223 225 0 8 0
200 157 226 228 0 0 0
200 157 229 231 0 8 0
200 165 232 234 0 8 0
200 173 235 237 0 0 0
200 173 238 240 0 -8 0
200 165 241 243 0 0 0
200 165 244 246 0 0 0
200 165 247 249 0 8 0
200 173 250 252 8 8 0
208 181 253 255 0 8 0
208 189 256 258 0 -8 0
208 181 259 261 8 -8 0
216 173 262 264 0 8 0
216 181 265 267 8 0 0
224 181 268 270 0 0 0
224 181 271 273 0 0 0
224 181 274 276 8 8 0
232 189 277 279 0 0 0
232 189 280 282 0 0 0
232 189 283 285 8 0 0
240 189 286 288 0 -8 0
240 181 289 291 8 0 0
248 181 292 294 0 0 0
248 181 295 297 0 0 0
248 181 298 300 8 0 0
256 181 301 303 0 0 0
256 181 304 306 0 8 0
256 189 307 309 8 -8 0
264 181 310 312 0 0 0
264 181 313 315 8 8 0
272 189 316 318 0 -8 0
272 181 319 321 0 8 0
272 189 322 324 8 -8 0
280 181 325 327 0 0 0
280 181 328 330 0 -8 0
280 173 331 333 8 0 0
288 173 334 336 0 -8 0
288 165 337 339 8 -8 0
296 157 340 342 0 0 0
296 157 343 345 0 8 0
296 165 346 348 8 0 0
304 165 349 351 0 0 0
304 165 352 354 0 8 0
304 173 355 357 8 -8 0
312 165 358 360 0 -8 0
312 157 361 363 8 0 0
320 157 364 366 0 0 0
320 157 367 369 0 0 0
320 157 370 372 8 0 0
328 157 373 375 0 8 0
328 165 376 378 0 -8 0
328 157 379 381 8 0 0
336 157 382 384 0 8 0
336 165 385 387 8 -8 0
344 157 388 390 0 0 0
344 157 391 393 0 0 0
344 157 394 396 8 0 0
352 157 397 399 0 0 0
352 157 400 402 0 8 0
352 165 403 405 8 -8 0
360 157 406 408 0 -8 0
360 149 409 411 8 8 0
368 157 412 414 0 0 0
368 157 415 417 0 8 0
368 165 418 420 8 8 0
376 173 421 423 0 8 0
376 181 424 426 0 0 0
376 181 427 429 8 8 0
384 189 430 432 0 8 0
384 197 433 435 8 8 0
392 205 436 438 0 -8 0
392 197 439 441 0 0 0
392 197 442 444 8 -8 0
400 189 445 447 0 -8 0
400 181 448 450 0 8 0
400 189 451 453 8 -8 0
408 181 454 456 0 8 0
408 189 457 459 8 8 0
416 197 460 462 0 -8 0
416 189 463 465 0 8 0
416 197 466 468 8 8 0
424 205 469 471 0 8 0
424 213 472 474 0 0 0
424 213 475 477 8 8 0
432 221 478 480 0 8 0
432 229 481 483 8 0 0
440 229 484 486 0 -8 0
440 221 487 489 0 0 0
440 221 490 492 8 0 0
448 221 493 495 0 -8 0
448 213 496 498 0 -8 0
448 205 499 501 8 8 0
456 213 502 504 0 8 0
456 221 505 507 8 0 0
464 221 508 510 0 -8 0
464 213 511 513 0 -8 0
464 205 514 516 8 0 0
472 205 517 519 0 -8 0
472 197 520 522 0 -8 0
472 189 523 525 8 -8 0
480 181 526 528 0 0 0
480 181 529 531 8 8 0
488 189 532 534 0 -8 0
488 181 535 537 0 8 0
488 189 538 540 8 -8 0
496 181 541 543 0 0 0
496 181 544 546 0 0 0
496 181 547 549 8 8 0
504 189 550 552 0 8 0
504 197 553 555 8 0 0
512 197 556 558 0 8 0
512 205 559 561 0 -8 0
512 197 562 564 8 0 0
520 197 565 567 0 -8 0
520 189 568 570 0 -8 0
520 181 571 573 8 8 0
528 189 574 576 0 8 0
528 197 577 579 8 0 0
536 197 580 582 0 8 0
536 205 583 585 0 -8 0
536 197 586 588 8 0 0
540 197 589 591 8 0 0
540 197 592 588 0 8 0
540 205 595 585 0 8 0
540 213 598 582 0 0 0
540 213 601 579 0 8 0
540 221 604 576 0 0 0
540 221 607 573 0 0 0
540 221 610 570 0 -8 0
540 213 613 567 0 8 0
540 221 616 564 0 -8 0
540 213 619 561 0 -8 0
540 205 622 558 0 -8 0
540 197 625 555 0 -8 0
540 189 628 552 0 0 0
540 189 631 549 0 8 0
540 197 634 546 0 8 0
540 205 637 543 0 0 0
540 205 640 540 0 8 0
540 213 643 537 0 -8 0
540 205 646 534 0 8 0
540 213 649 531 0 -8 0
540 205 652 528 0 0 0
540 205 655 525 0 8 0
540 213 658 522 0 8 0
540 221 661 519 0 -8 0
540 213 664 516 0 -8 0
540 205 667 513 0 -8 0
540 197 670 510 0 0 0
540 197 673 507 0 0 0
540 197 676 504 0 -8 0
540 189 679 501 0 0 0
540 189 682 498 0 8 0
540 197 685 495 0 8 0
540 205 688 492 0 0 0
540 205 691 489 -8 0 0
532 205 694 486 0 0 0
532 205 697 483 0 -8 0
532 197 700 480 -8 8 0
524 205 703 477 0 8 0
524 213 706 474 0 0 0
524 213 709 471 -8 8 0
516 221 712 468 0 0 0
516 221 715 465 -8 -8 0
508 213 718 462 0 -8 0
508 205 721 459 0 0 0
508 205 724 456 -8 -8 0
500 197 727 453 0 -8 0
500 189 730 450 0 -8 0
500 181 733 447 -8 8 0
492 189 736 444 0 8 0
492 197 739 441 -8 0 0
484 197 742 438 0 0 0
484 197 745 435 0 8 0
484 205 748 432 -8 8 0
476 213 751 429 0 -8 0
476 205 754 426 0 -8 0
476 197 757 423 -8 0 0
468 197 760 420 0 8 0
468 205 763 417 -8 -8 0
460 197 766 414 0 8 0
460 205 769 411 0 0 0
460 205 772 408 -8 0 0
452 205 775 405 0 8 0
452 213 778 402 0 8 0
452 221 781 399 0 0 1
452 221 781 399 0 0 1
452 221 781 399 0 0 1
452 221 781 399 0 0 1
452 221 781 399 0 0 1
