302 135 292 426 0 0 0
302 135 289 429 8 -8 0
310 127 286 432 8 8 0
318 135 283 435 8 0 0
326 135 280 438 8 -8 0
334 127 277 441 8 -8 0
342 119 274 444 8 -8 0
350 111 271 447 8 0 0
358 111 268 450 8 0 0
366 111 265 453 8 0 0
374 111 262 456 8 -8 0
382 103 259 459 8 8 0
390 111 256 462 8 8 0
398 119 253 465 8 -8 0
406 111 250 468 8 -8 0
414 103 247 471 8 0 0
422 103 244 474 8 8 0
430 111 241 477 0 0 0
430 111 238 480 0 -8 0
430 103 235 483 8 -8 0
438 95 232 486 0 8 0
438 103 229 489 8 8 0
446 111 226 492 0 8 0
446 119 223 495 0 8 0
446 127 220 498 8 -8 0
454 119 217 501 0 8 0
454 127 214 504 0 -8 0
454 119 211 507 8 8 0
462 127 208 510 0 -8 0
462 119 205 513 8 0 0
470 119 202 516 0 -8 0
470 111 199 519 0 -8 0
470 103 196 522 8 0 0
478 103 193 525 0 8 0
478 111 190 528 0 8 0
478 119 187 531 8 8 0
486 127 184 534 0 8 0
486 135 181 537 8 0 0
494 135 178 540 0 0 0
494 135 175 543 0 0 0
494 135 172 546 8 -8 0
502 127 169 549 0 -8 0
502 119 166 552 0 0 0
502 119 163 555 8 0 0
510 119 160 558 0 -8 0
510 111 157 561 8 -8 0
518 103 154 564 0 -8 0
518 95 151 567 0 0 0
518 95 148 570 8 -8 0
526 87 145 573 0 -8 0
526 79 142 576 0 0 0
526 79 139 579 8 8 0
534 87 136 582 0 8 0
534 95 133 585 8 -8 0
540 87 130 588 0 0 0
540 87 127 591 8 -8 0
540 79 124 588 0 8 0
540 87 121 585 0 -8 0
540 79 118 582 0 8 0
540 87 115 579 0 -8 0
540 79 112 576 0 8 0
540 87 109 573 0 8 0
540 95 106 570 0 8 0
540 103 103 567 0 -8 0
540 95 100 564 0 -8 0
540 87 97 561 0 8 0
540 95 94 558 0 8 0
540 103 91 555 0 -8 0
540 95 88 552 0 8 0
540 103 85 549 0 -8 0
540 95 82 546 0 8 0
540 103 79 543 0 0 0
540 103 76 540 0 0 0
540 103 73 537 0 0 0
540 103 70 534 0 -8 0
540 95 67 531 0 0 0
540 95 64 528 0 0 0
540 95 61 525 0 -8 0
540 87 58 522 0 -8 0
540 79 55 519 0 -8 0
540 71 52 516 0 8 0
540 79 49 513 0 -8 0
540 71 46 510 0 8 0
540 79 43 507 0 8 0
540 87 40 504 0 -8 0
540 79 37 501 0 0 0
540 79 34 498 0 -8 0
540 71 31 495 0 -8 0
540 63 28 492 0 -8 0
540 60 25 489 -8 0 0
532 60 22 486 0 0 0
532 60 19 483 0 8 0
532 68 22 480 -8 8 0
524 76 25 477 0 8 0
524 84 28 474 0 -8 0
524 76 31 471 -8 8 0
516 84 34 468 0 8 0
516 92 37 465 -8 8 0
508 100 40 462 0 -8 0
508 92 43 459 0 -8 0
508 84 46 456 -8 8 0
500 92 49 453 0 0 0
500 92 52 450 0 0 0
500 92 55 447 -8 8 0
492 100 58 444 0 -8 0
492 92 61 441 -8 -8 0
484 84 64 438 0 8 0
484 92 67 435 0 8 0
484 100 70 432 -8 0 0
476 100 73 429 0 0 0
476 100 76 426 0 -8 0
476 92 79 423 -8 8 0
468 100 82 420 0 -8 0
468 92 85 417 -8 -8 0
460 84 88 414 0 -8 0
460 76 91 411 0 0 0
460 76 94 408 -8 0 0
452 76 97 405 0 -8 0
452 68 100 402 0 -8 0
452 60 103 399 -8 8 0
444 68 106 396 0 8 0
444 76 109 393 -8 0 0
436 76 112 390 0 0 0
436 76 115 387 0 8 0
436 84 118 384 -8 0 0
428 84 121 381 0 -8 0
428 76 124 378 0 -8 0
428 68 127 375 -8 8 0
420 76 130 372 0 -8 0
420 68 133 369 -8 -8 0
412 60 136 366 0 0 0
412 60 139 363 0 8 0
412 68 142 360 -8 0 0
404 68 145 357 0 8 0
404 76 148 354 0 0 0
404 76 151 351 -8 -8 0
396 68 154 348 0 0 0
396 68 157 345 -8 0 0
388 68 160 342 0 0 0
388 68 163 339 0 8 0
388 76 166 336 -8 0 0
380 76 169 333 0 0 0
380 76 172 330 0 8 0
380 84 175 327 -8 8 0
372 92 178 324 0 -8 0
372 84 181 321 -8 0 0
364 84 184 318 0 8 0
364 92 187 315 0 8 0
364 100 190 312 -8 0 0
356 100 193 309 0 8 0
356 108 196 306 0 -8 0
356 100 199 303 -8 8 0
348 108 202 300 0 8 0
348 116 205 297 -8 -8 0
340 108 208 294 0 0 0
340 108 211 291 0 8 0
340 116 214 288 -8 8 0
332 124 217 285 0 8 0
332 132 220 282 0 0 0
332 132 223 279 -8 0 0
324 132 226 276 0 0 0
324 132 229 273 -8 0 0
316 132 232 270 0 0 0
316 132 235 267 0 0 0
316 132 238 264 -8 8 0
308 140 241 261 0 0 0
308 140 244 258 0 -8 0
308 132 247 255 -8 -8 0
300 124 250 252 0 8 0
300 132 253 249 -8 -8 0
292 124 256 246 0 0 0
292 124 259 243 0 8 0
292 132 262 240 -8 0 0
284 132 265 237 0 8 0
284 140 268 234 0 0 0
284 140 271 231 -8 -8 0
276 132 274 228 0 8 0
276 140 277 225 -8 0 0
268 140 280 222 0 -8 0
268 132 283 219 0 0 0
268 132 286 216 -8 8 0
260 140 289 213 0 -8 0
260 132 292 210 0 0 0
260 132 295 207 -8 8 0
252 140 298 204 0 -8 0
252 132 301 201 -8 -8 0
244 124 304 198 0 8 0
244 132 307 195 0 0 0
244 132 310 192 -8 -8 0
236 124 313 189 0 0 0
236 124 316 186 0 0 0
236 124 319 183 -8 0 0
228 124 322 180 0 8 0
228 132 325 177 -8 8 0
220 140 328 174 0 -8 0
220 132 331 171 0 0 0
220 132 334 168 -8 -8 0
212 124 337 165 0 0 0
212 124 340 162 0 0 0
212 124 343 159 -8 0 0
204 124 346 156 0 -8 0
204 116 349 153 -8 8 0
196 124 352 150 0 -8 0
196 116 355 147 0 0 0
196 116 358 144 -8 8 0
188 124 361 141 0 0 0
188 124 364 138 0 0 0
188 124 367 135 -8 -8 0
180 116 370 132 0 0 0
180 116 373 129 -8 8 0
172 124 376 126 0 0 0
172 124 379 123 0 -8 0
172 116 382 120 -8 8 0
164 124 385 117 0 8 0
164 132 388 114 0 -8 0
164 124 391 111 -8 -8 0
156 116 394 108 0 0 0
156 116 397 105 -8 8 0
148 124 400 102 0 0 0
148 124 403 99 0 8 0
148 132 406 96 -8 8 0
140 140 409 93 0 0 0
140 140 412 90 0 -8 0
140 132 415 87 -8 0 0
132 132 418 84 0 -8 0
132 124 421 81 -8 8 0
124 132 424 78 0 8 0
124 140 427 75 0 0 0
124 140 430 72 -8 8 0
116 148 433 69 0 0 0
116 148 436 66 0 0 0
116 148 439 63 -8 -8 0
108 140 442 60 0 0 0
108 140 445 57 -8 0 0
100 140 448 54 0 0 0
100 140 451 51 0 8 0
100 148 454 48 -8 -8 0
92 140 457 45 0 0 0
92 140 460 42 0 8 0
92 148 463 39 -8 -8 0
84 140 466 36 0 8 0
84 148 469 33 -8 8 0
76 156 472 30 0 -8 0
76 148 475 27 0 0 0
76 148 478 24 -8 -8 0
68 140 481 21 0 8 0
68 148 484 18 0 8 0
68 156 487 15 -8 -8 0
60 148 490 12 0 -8 0
60 140 493 9 -8 0 0
60 140 496 12 0 8 0
60 148 499 15 0 0 0
60 148 502 18 0 -8 0
60 140 505 21 0 8 0
60 148 508 24 0 0 0
60 148 511 27 0 -8 0
60 140 514 30 0 8 0
60 148 517 33 0 0 0
60 148 520 36 0 0 0
60 148 523 39 0 8 0
60 156 526 42 0 0 0
60 156 529 45 0 8 0
60 164 532 48 0 8 0
60 172 535 51 0 -8 0
60 164 538 54 0 -8 0
60 156 541 57 0 -8 0
60 148 544 60 0 0 0
60 148 547 63 0 -8 0
60 140 550 66 0 0 0
60 140 553 69 0 0 0
60 140 556 72 0 8 0
60 148 559 75 0 -8 0
60 140 562 78 0 8 0
60 148 565 81 0 0 0
60 148 568 84 0 0 0
60 148 571 87 0 0 0
60 148 574 90 0 0 0
60 148 577 93 0 0 0
60 148 580 96 0 -8 0
60 140 583 99 0 0 0
60 140 586 102 0 8 0
60 148 589 105 0 8 0
60 156 592 108 0 0 0
60 156 595 111 8 8 0
68 164 598 114 0 -8 0
68 156 601 117 0 -8 0
68 148 604 120 8 0 0
76 148 607 123 0 0 0
76 148 610 126 0 0 0
76 148 613 129 8 8 0
84 156 616 132 0 0 0
84 156 619 135 8 8 0
92 164 622 138 0 -8 0
92 156 625 141 0 8 0
92 164 628 144 8 -8 0
100 156 631 147 0 -8 0
100 148 634 150 0 8 0
100 156 637 153 8 8 0
108 164 640 156 0 8 0
108 172 643 159 8 8 0
116 180 646 162 0 -8 0
116 172 649 165 0 -8 0
116 164 652 168 8 -8 0
124 156 655 171 0 8 0
124 164 658 174 0 -8 0
124 156 661 177 8 -8 0
132 148 664 180 0 0 0
132 148 667 183 8 0 0
140 148 670 186 0 -8 0
140 140 673 189 0 -8 0
140 132 676 192 8 0 0
148 132 679 195 0 0 0
148 132 682 198 0 -8 0
148 124 685 201 8 -8 0
156 116 688 204 0 8 0
156 124 691 207 8 8 0
164 132 694 210 0 8 0
164 140 697 213 0 -8 0
164 132 700 216 8 0 0
172 132 703 219 0 -8 0
172 124 706 222 0 8 0
172 132 709 225 8 8 0
180 140 712 228 0 8 0
180 148 715 231 8 8 0
188 156 718 234 0 -8 0
188 148 721 237 0 8 0
188 156 724 240 8 8 0
196 164 727 243 0 0 0
196 164 730 246 0 -8 0
196 156 733 249 8 0 0
204 156 736 252 0 8 0
204 164 739 255 8 0 0
212 164 742 258 0 0 0
212 164 745 261 0 0 0
212 164 748 264 8 8 0
220 172 751 267 0 -8 0
220 164 754 270 0 8 0
220 172 757 273 8 8 0
228 180 760 276 0 0 0
228 180 763 279 8 8 0
236 188 766 282 0 8 0
236 196 769 285 0 -8 0
236 188 772 288 8 -8 0
244 180 775 291 0 8 0
244 188 778 294 0 8 0
244 196 781 297 0 0 1
244 196 781 297 0 0 1
244 196 781 297 0 0 1
244 196 781 297 0 0 1
244 196 781 297 0 0 1
