470 227 250 303 0 0 0
470 227 247 306 -8 0 0
462 227 244 309 -8 0 0
454 227 241 312 -8 0 0
446 227 238 315 -8 8 0
438 235 235 318 -8 -8 0
430 227 232 321 -8 8 0
422 235 229 324 -8 8 0
414 243 226 327 -8 0 0
406 243 223 330 -8 8 0
398 251 220 333 -8 0 0
390 251 217 336 -8 -8 0
382 243 214 339 0 8 0
382 251 211 342 0 -8 0
382 243 208 345 0 -8 0
382 235 205 348 0 0 0
382 235 202 351 0 -8 0
382 227 199 354 0 0 0
382 227 196 357 0 8 0
382 235 193 360 0 -8 0
382 227 190 363 0 8 0
382 235 187 366 0 0 0
382 235 184 369 0 8 0
382 243 181 372 0 8 0
382 251 178 375 0 -8 0
382 243 175 378 0 0 0
382 243 172 381 0 0 0
382 243 169 384 0 8 0
382 251 166 387 0 0 0
382 251 163 390 0 -8 0
382 243 160 393 0 8 0
382 251 157 396 0 -8 0
382 243 154 399 0 8 0
382 251 151 402 0 8 0
382 259 148 405 0 -8 0
382 251 145 408 0 -8 0
382 243 142 411 0 8 0
382 251 139 414 0 0 0
382 251 136 417 0 -8 0
382 243 133 420 0 8 0
382 251 130 423 0 0 0
382 251 127 426 0 0 0
382 251 124 429 0 -8 0
382 243 121 432 0 -8 0
382 235 118 435 8 8 0
390 243 115 438 0 -8 0
390 235 112 441 8 -8 0
398 227 109 444 0 8 0
398 235 106 447 0 -8 0
398 227 103 450 8 -8 0
406 219 100 453 0 -8 0
406 211 97 456 0 0 0
406 211 94 459 8 0 0
414 211 91 462 0 8 0
414 219 88 465 8 8 0
422 227 85 468 0 -8 0
422 219 82 471 0 0 0
422 219 79 474 8 8 0
430 227 76 477 0 0 0
430 227 73 480 0 8 0
430 235 70 483 8 8 0
438 243 67 486 0 -8 0
438 235 64 489 8 8 0
446 243 61 492 0 -8 0
446 235 58 495 0 -8 0
446 227 55 498 8 -8 0
454 219 52 501 0 0 0
454 219 49 504 0 8 0
454 227 46 507 8 8 0
462 235 43 510 0 -8 0
462 227 40 513 8 0 0
470 227 37 516 0 -8 0
470 219 34 519 0 -8 0
470 211 31 522 8 8 0
478 219 28 525 0 8 0
478 227 25 528 0 8 0
478 235 22 531 8 0 0
486 235 19 534 0 8 0
486 243 22 537 8 0 0
494 243 25 540 0 8 0
494 251 28 543 0 -8 0
494 243 31 546 8 0 0
502 243 34 549 0 0 0
502 243 37 552 0 -8 0
502 235 40 555 8 -8 0
510 227 43 558 0 0 0
510 227 46 561 8 -8 0
518 219 49 564 0 8 0
518 227 52 567 0 -8 0
518 219 55 570 8 0 0
526 219 58 573 0 0 0
526 219 61 576 0 0 0
526 219 64 579 8 0 0
534 219 67 582 0 0 0
534 219 70 585 8 -8 0
540 211 73 588 0 -8 0
540 203 76 591 8 -8 0
540 195 79 588 0 0 0
540 195 82 585 0 8 0
540 203 85 582 0 0 0
540 203 88 579 0 0 0
540 203 91 576 0 -8 0
540 195 94 573 0 8 0
540 203 97 570 0 8 0
540 211 100 567 0 0 0
540 211 103 564 0 -8 0
540 203 106 561 0 0 0
540 203 109 558 0 8 0
540 211 112 555 0 0 0
540 211 115 552 0 -8 0
540 203 118 549 0 -8 0
540 195 121 546 0 8 0
540 203 124 543 0 0 0
540 203 127 540 0 0 0
540 203 130 537 0 -8 0
540 195 133 534 0 0 0
540 195 136 531 0 0 0
540 195 139 528 0 0 0
540 195 142 525 0 8 0
540 203 145 522 0 8 0
540 211 148 519 0 -8 0
540 203 151 516 0 -8 0
540 195 154 513 0 8 0
540 203 157 510 0 0 0
540 203 160 507 0 0 0
540 203 163 504 0 -8 0
540 195 166 501 0 -8 0
540 187 169 498 0 -8 0
540 179 172 495 0 8 0
540 187 175 492 0 0 0
540 187 178 489 -8 8 0
532 195 181 486 0 -8 0
532 187 184 483 0 0 0
532 187 187 480 -8 0 0
524 187 190 477 0 0 0
524 187 193 474 0 -8 0
524 179 196 471 -8 0 0
516 179 199 468 0 -8 0
516 171 202 465 -8 0 0
508 171 205 462 0 -8 0
508 163 208 459 0 8 0
508 171 211 456 -8 -8 0
500 163 214 453 0 0 0
500 163 217 450 0 -8 0
500 155 220 447 -8 8 0
492 163 223 444 0 0 0
492 163 226 441 -8 0 0
484 163 229 438 0 -8 0
484 155 232 435 0 8 0
484 163 235 432 -8 8 0
476 171 238 429 0 -8 0
476 163 241 426 0 -8 0
476 155 244 423 -8 -8 0
468 147 247 420 0 0 0
468 147 250 417 -8 0 0
460 147 253 414 0 8 0
460 155 256 411 0 -8 0
460 147 259 408 -8 8 0
452 155 262 405 0 0 0
452 155 265 402 0 -8 0
452 147 268 399 -8 0 0
444 147 271 396 0 -8 0
444 139 274 393 -8 -8 0
436 131 277 390 0 8 0
436 139 280 387 0 0 0
436 139 283 384 -8 8 0
428 147 286 381 0 8 0
428 155 289 378 0 0 0
428 155 292 375 -8 0 0
420 155 295 372 0 0 0
420 155 298 369 -8 -8 0
412 147 301 366 0 0 0
412 147 304 363 0 -8 0
412 139 307 360 -8 -8 0
404 131 310 357 0 0 0
404 131 313 354 0 0 0
404 131 316 351 -8 8 0
396 139 319 348 0 -8 0
396 131 322 345 -8 -8 0
388 123 325 342 0 0 0
388 123 328 339 0 0 0
388 123 331 336 -8 0 0
380 123 334 333 0 -8 0
380 115 337 330 0 -8 0
380 107 340 327 -8 8 0
372 115 343 324 0 -8 0
372 107 346 321 -8 0 0
364 107 349 318 0 8 0
364 115 352 315 0 -8 0
364 107 355 312 -8 0 0
356 107 358 309 0 8 0
356 115 361 306 0 8 0
356 123 364 303 -8 -8 0
348 115 367 300 0 8 0
348 123 370 297 -8 -8 0
340 115 373 294 0 8 0
340 123 376 291 0 0 0
340 123 379 288 -8 -8 0
332 115 382 285 0 8 0
332 123 385 282 0 0 0
332 123 388 279 -8 8 0
324 131 391 276 0 8 0
324 139 394 273 -8 -8 0
316 131 397 270 0 8 0
316 139 400 267 0 0 0
316 139 403 264 -8 -8 0
308 131 406 261 0 0 0
308 131 409 258 0 -8 0
308 123 412 255 -8 0 0
300 123 415 252 0 8 0
300 131 418 249 -8 8 0
292 139 421 246 0 -8 0
292 131 424 243 0 8 0
292 139 427 240 -8 -8 0
284 131 430 237 0 0 0
284 131 433 234 0 0 0
284 131 436 231 -8 -8 0
276 123 439 228 0 0 0
276 123 442 225 -8 8 0
268 131 445 222 0 8 0
268 139 448 219 0 0 0
268 139 451 216 -8 0 0
260 139 454 213 0 0 0
260 139 457 210 0 8 0
260 147 460 207 -8 8 0
252 155 463 204 0 8 0
252 163 466 201 -8 -8 0
244 155 469 198 0 0 0
244 155 472 195 0 -8 0
244 147 475 192 -8 8 0
236 155 478 189 0 8 0
236 163 481 186 0 -8 0
236 155 484 183 -8 8 0
228 163 487 180 0 8 0
228 171 490 177 -8 -8 0
220 163 493 174 0 8 0
220 171 496 171 0 0 0
220 171 499 168 -8 0 0
212 171 502 165 0 0 0
212 171 505 162 0 8 0
212 179 508 159 -8 -8 0
204 171 511 156 0 8 0
204 179 514 153 -8 0 0
196 179 517 150 0 0 0
196 179 520 147 0 8 0
196 187 523 144 -8 8 0
188 195 526 141 0 0 0
188 195 529 138 0 0 0
188 195 532 135 -8 -8 0
180 187 535 132 0 -8 0
180 179 538 129 -8 0 0
172 179 541 126 0 0 0
172 179 544 123 0 8 0
172 187 547 120 -8 8 0
164 195 550 117 0 0 0
164 195 553 114 0 -8 0
164 187 556 111 -8 8 0
156 195 559 108 0 8 0
156 203 562 105 -8 -8 0
148 195 565 102 0 -8 0
148 187 568 99 0 8 0
148 195 571 96 -8 -8 0
140 187 574 93 0 8 0
140 195 577 90 0 -8 0
140 187 580 87 -8 -8 0
132 179 583 84 0 8 0
132 187 586 81 -8 0 0
124 187 589 78 0 8 0
124 195 592 75 0 8 0
124 203 595 72 -8 -8 0
116 195 598 69 0 0 0
116 195 601 66 0 8 0
116 203 604 63 -8 0 0
108 203 607 60 0 8 0
108 211 610 57 -8 -8 0
100 203 613 54 0 -8 0
100 195 616 51 0 -8 0
100 187 619 48 -8 -8 0
92 179 622 45 0 0 0
92 179 625 42 0 8 0
92 187 628 39 -8 8 0
84 195 631 36 0 8 0
84 203 634 33 -8 8 0
76 211 637 30 0 -8 0
76 203 640 27 0 0 0
76 203 643 24 -8 8 0
68 211 646 21 0 8 0
68 219 649 18 0 8 0
68 227 652 15 -8 0 0
60 227 655 12 0 8 0
60 235 658 9 -8 0 0
60 235 661 12 0 -8 0
60 227 664 15 0 -8 0
60 219 667 18 0 0 0
60 219 670 21 0 0 0
60 219 673 24 0 0 0
60 219 676 27 0 0 0
60 219 679 30 0 8 0
60 227 682 33 0 8 0
60 235 685 36 0 8 0
60 243 688 39 0 8 0
60 251 691 42 0 0 0
60 251 694 45 0 -8 0
60 243 697 48 0 0 0
60 243 700 51 0 8 0
60 251 703 54 0 -8 0
60 243 706 57 0 8 0
60 251 709 60 0 8 0
60 259 712 63 0 8 0
60 267 715 66 0 0 0
60 267 718 69 0 -8 0
60 259 721 72 0 -8 0
60 251 724 75 0 8 0
60 259 727 78 0 0 0
60 259 730 81 0 -8 0
60 251 733 84 0 0 0
60 251 736 87 0 8 0
60 259 739 90 0 8 0
60 267 742 93 0 -8 0
60 259 745 96 0 -8 0
60 251 748 99 0 -8 0
60 243 751 102 0 8 0
60 251 754 105 0 -8 0
60 243 757 108 0 0 0
60 243 760 111 8 -8 0
68 235 763 114 0 -8 0
68 227 766 117 0 8 0
68 235 769 120 8 0 0
76 235 772 123 0 -8 0
76 227 775 126 0 -8 0
76 219 778 129 8 0 0
84 219 781 132 0 0 1
84 219 781 132 0 0 1
84 219 781 132 0 0 1
84 219 781 132 0 0 1
84 219 781 132 0 0 1
