226 153 334 141 0 0 0
226 153 331 138 -8 8 0
218 161 328 135 -8 8 0
210 169 325 132 -8 0 0
202 169 322 129 -8 -8 0
194 161 319 126 -8 -8 0
186 153 316 123 -8 8 0
178 161 313 120 -8 8 0
170 169 310 117 -8 -8 0
162 161 307 114 0 -8 0
162 153 304 111 -8 -8 0
154 145 301 108 0 -8 0
154 137 298 105 0 0 0
154 137 295 102 -8 -8 0
146 129 292 99 0 8 0
146 137 289 96 0 8 0
146 145 286 93 -8 -8 0
138 137 283 90 0 8 0
138 145 280 87 -8 8 0
130 153 277 84 0 0 0
130 153 274 81 0 -8 0
130 145 271 78 -8 0 0
122 145 268 75 0 8 0
122 153 265 72 0 8 0
122 161 262 69 -8 -8 0
114 153 259 66 0 -8 0
114 145 256 63 -8 8 0
106 153 253 60 0 0 0
106 153 250 57 0 8 0
106 161 247 54 -8 -8 0
98 153 244 51 0 -8 0
98 145 241 48 0 8 0
98 153 238 45 -8 8 0
90 161 235 42 0 8 0
90 169 232 39 -8 8 0
82 177 229 36 0 0 0
82 177 226 33 0 0 0
82 177 223 30 -8 0 0
74 177 220 27 0 -8 0
74 169 217 24 0 8 0
74 177 214 21 -8 0 0
66 177 211 18 0 0 0
66 177 208 15 -8 8 0
60 185 205 12 0 8 0
60 193 202 9 -8 -8 0
60 185 199 12 0 0 0
60 185 196 15 0 0 0
60 185 193 18 0 8 0
60 193 190 21 0 8 0
60 201 187 24 0 0 0
60 201 184 27 0 0 0
60 201 181 30 0 8 0
60 209 178 33 0 0 0
60 209 175 36 0 0 0
60 209 172 39 0 -8 0
60 201 169 42 0 8 0
60 209 166 45 0 -8 0
60 201 163 48 0 8 0
60 209 160 51 0 8 0
60 217 157 54 0 8 0
60 225 154 57 0 -8 0
60 217 151 60 0 0 0
60 217 148 63 0 8 0
60 225 145 66 0 -8 0
60 217 142 69 0 8 0
60 225 139 72 0 8 0
60 233 136 75 0 0 0
60 233 133 78 0 8 0
60 241 130 81 0 8 0
60 249 127 84 0 0 0
60 249 124 87 0 8 0
60 257 121 90 0 0 0
60 257 118 93 0 0 0
60 257 115 96 0 8 0
60 265 112 99 0 8 0
60 273 109 102 0 8 0
60 281 106 105 0 8 0
60 289 103 108 0 0 0
60 289 100 111 8 0 0
68 289 97 114 0 -8 0
68 281 94 117 0 0 0
68 281 91 120 8 -8 0
76 273 88 123 0 0 0
76 273 85 126 0 -8 0
76 265 82 129 8 8 0
84 273 79 132 0 -8 0
84 265 76 135 8 0 0
92 265 73 138 0 0 0
92 265 70 141 0 8 0
92 273 67 144 8 8 0
100 281 64 147 0 -8 0
100 273 61 150 0 8 0
100 281 58 153 8 8 0
108 289 55 156 0 -8 0
108 281 52 159 8 0 0
116 281 49 162 0 -8 0
116 273 46 165 0 -8 0
116 265 43 168 8 8 0
124 273 40 171 0 -8 0
124 265 37 174 0 -8 0
124 257 34 177 8 0 0
132 257 31 180 0 0 0
132 257 28 183 8 8 0
140 265 25 186 0 0 0
140 265 22 189 0 0 0
140 265 19 192 0 0 1
140 265 19 192 0 0 1
140 265 19 192 0 0 1
140 265 19 192 0 0 1
140 265 19 192 0 0 1
