431 188 523 246 0 0 0
431 188 526 249 -8 0 0
423 188 529 252 -8 -8 0
415 180 532 255 -8 0 0
407 180 535 258 -8 0 0
399 180 538 261 -8 0 0
391 180 541 264 -8 8 0
383 188 544 267 -8 0 0
375 188 547 270 -8 8 0
367 196 550 273 -8 -8 0
359 188 553 276 -8 8 0
351 196 556 279 -8 0 0
343 196 559 282 -8 0 0
335 196 562 285 0 -8 0
335 188 565 288 0 0 0
335 188 568 291 0 8 0
335 196 571 294 0 0 0
335 196 574 297 0 8 0
335 204 577 300 0 8 0
335 212 580 303 0 -8 0
335 204 583 306 0 0 0
335 204 586 309 0 -8 0
335 196 589 312 0 0 0
335 196 592 315 0 8 0
335 204 595 318 0 0 0
335 204 598 321 0 -8 0
335 196 601 324 0 -8 0
335 188 604 327 0 -8 0
335 180 607 330 0 -8 0
335 172 610 333 0 -8 0
335 164 613 336 0 -8 0
335 156 616 339 0 8 0
335 164 619 342 0 8 0
335 172 622 345 0 0 0
335 172 625 348 0 0 0
335 172 628 351 0 -8 0
335 164 631 354 0 8 0
335 172 634 357 0 8 0
335 180 637 360 0 0 0
335 180 640 363 0 8 0
335 188 643 366 0 8 0
335 196 646 369 0 8 0
335 204 649 372 0 0 0
335 204 652 375 0 8 0
335 212 655 378 0 0 0
335 212 658 381 0 8 0
335 220 661 384 0 8 0
335 228 664 387 8 -8 0
343 220 667 390 0 -8 0
343 212 670 393 0 0 0
343 212 673 396 8 8 0
351 220 676 399 0 8 0
351 228 679 402 8 0 0
359 228 682 405 0 8 0
359 236 685 408 0 8 0
359 244 688 411 8 -8 0
367 236 691 414 0 8 0
367 244 694 417 0 0 0
367 244 697 420 8 -8 0
375 236 700 423 0 0 0
375 236 703 426 8 -8 0
383 228 706 429 0 0 0
383 228 709 432 0 8 0
383 236 712 435 8 -8 0
391 228 715 438 0 -8 0
391 220 718 441 0 -8 0
391 212 721 444 8 8 0
399 220 724 447 0 -8 0
399 212 727 450 8 8 0
407 220 730 453 0 -8 0
407 212 733 456 0 -8 0
407 204 736 459 8 -8 0
415 196 739 462 0 8 0
415 204 742 465 0 -8 0
415 196 745 468 8 -8 0
423 188 748 471 0 8 0
423 196 751 474 8 8 0
431 204 754 477 0 8 0
431 212 757 480 0 0 0
431 212 760 483 8 8 0
439 220 763 486 0 0 0
439 220 766 489 0 8 0
439 228 769 492 8 -8 0
447 220 772 495 0 8 0
447 228 775 498 8 0 0
455 228 778 501 0 -8 0
455 220 781 504 0 0 1
455 220 781 504 0 0 1
455 220 781 504 0 0 1
455 220 781 504 0 0 1
455 220 781 504 0 0 1
