92 495 448 336 0 0 0
92 495 445 333 8 -8 0
100 487 442 330 8 8 0
108 495 439 327 8 8 0
116 503 436 324 8 8 0
124 511 433 321 8 -8 0
132 503 430 318 8 8 0
140 511 427 315 8 0 0
148 511 424 312 8 0 0
156 511 421 309 8 8 0
164 519 418 306 8 0 0
172 519 415 303 8 0 0
180 519 412 300 8 -8 0
188 511 409 297 8 -8 0
196 503 406 294 8 -8 0
204 495 403 291 8 -8 0
212 487 400 288 8 0 0
220 487 397 285 8 -8 0
228 479 394 282 8 -8 0
236 471 391 279 0 -8 0
236 463 388 276 0 -8 0
236 455 385 273 0 -8 0
236 447 382 270 0 -8 0
236 439 379 267 0 8 0
236 447 376 264 0 8 0
236 455 373 261 0 -8 0
236 447 370 258 0 0 0
236 447 367 255 0 8 0
236 455 364 252 0 -8 0
236 447 361 249 0 -8 0
236 439 358 246 0 8 0
236 447 355 243 0 -8 0
236 439 352 240 0 0 0
236 439 349 237 0 8 0
236 447 346 234 0 0 0
236 447 343 231 0 0 0
236 447 340 228 0 -8 0
236 439 337 225 0 8 0
236 447 334 222 0 0 0
236 447 331 219 0 -8 0
236 439 328 216 0 8 0
236 447 325 213 0 8 0
236 455 322 210 0 8 0
236 463 319 207 0 0 0
236 463 316 204 0 8 0
236 471 313 201 0 8 0
236 479 310 198 0 0 0
236 479 307 195 0 8 0
236 487 304 192 0 0 0
236 487 301 189 0 8 0
236 495 298 186 0 8 0
236 503 295 183 -8 0 0
228 503 292 180 0 0 0
228 503 289 177 -8 0 0
220 503 286 174 0 -8 0
220 495 283 171 0 -8 0
220 487 280 168 -8 0 0
212 487 277 165 0 8 0
212 495 274 162 0 8 0
212 503 271 159 -8 -8 0
204 495 268 156 0 -8 0
204 487 265 153 -8 0 0
196 487 262 150 0 8 0
196 495 259 147 0 0 0
196 495 256 144 -8 8 0
188 503 253 141 0 -8 0
188 495 250 138 0 0 0
188 495 247 135 -8 8 0
180 503 244 132 0 -8 0
180 495 241 129 -8 0 0
172 495 238 126 0 0 0
172 495 235 123 0 0 0
172 495 232 120 -8 -8 0
164 487 229 117 0 -8 0
164 479 226 114 0 -8 0
164 471 223 111 -8 0 0
156 471 220 108 0 0 0
156 471 217 105 -8 -8 0
148 463 214 102 0 8 0
148 471 211 99 0 8 0
148 479 208 96 -8 -8 0
140 471 205 93 0 -8 0
140 463 202 90 0 8 0
140 471 199 87 -8 8 0
132 479 196 84 0 0 0
132 479 193 81 -8 8 0
124 487 190 78 0 -8 0
124 479 187 75 0 0 0
124 479 184 72 -8 8 0
116 487 181 69 0 0 0
116 487 178 66 0 -8 0
116 479 175 63 -8 -8 0
108 471 172 60 0 0 0
108 471 169 57 -8 8 0
100 479 166 54 0 8 0
100 487 163 51 0 0 0
100 487 160 48 -8 8 0
92 495 157 45 0 -8 0
92 487 154 42 0 0 0
92 487 151 39 -8 8 0
84 495 148 36 0 8 0
84 503 145 33 -8 -8 0
76 495 142 30 0 -8 0
76 487 139 27 0 8 0
76 495 136 24 -8 8 0
68 503 133 21 0 -8 0
68 495 130 18 0 0 0
68 495 127 15 -8 0 0
60 495 124 12 0 0 0
60 495 121 9 -8 0 0
60 495 118 12 0 -8 0
60 487 115 15 0 0 0
60 487 112 18 0 8 0
60 495 109 21 0 8 0
60 503 106 24 0 0 0
60 503 103 27 0 -8 0
60 495 100 30 0 8 0
60 503 97 33 0 0 0
60 503 94 36 0 -8 0
60 495 91 39 0 8 0
60 503 88 42 0 -8 0
60 495 85 45 0 0 0
60 495 82 48 0 8 0
60 503 79 51 0 -8 0
60 495 76 54 0 8 0
60 503 73 57 0 0 0
60 503 70 60 0 -8 0
60 495 67 63 0 8 0
60 503 64 66 0 8 0
60 511 61 69 0 0 0
60 511 58 72 0 8 0
60 519 55 75 0 0 0
60 519 52 78 0 8 0
60 527 49 81 0 8 0
60 535 46 84 0 -8 0
60 527 43 87 0 8 0
60 535 40 90 0 -8 0
60 527 37 93 0 8 0
60 535 34 96 0 0 0
60 535 31 99 0 8 0
60 540 28 102 0 0 0
60 540 25 105 0 -8 0
60 532 22 108 0 -8 0
60 524 19 111 0 0 1
60 524 19 111 0 0 1
60 524 19 111 0 0 1
60 524 19 111 0 0 1
60 524 19 111 0 0 1
