234 419 112 366 0 0 0
234 419 109 369 8 0 0
242 419 106 372 8 -8 0
250 411 103 375 8 0 0
258 411 100 378 8 0 0
266 411 97 381 8 -8 0
274 403 94 384 8 8 0
282 411 91 387 8 8 0
290 419 88 390 8 -8 0
298 411 85 393 8 8 0
306 419 82 396 8 -8 0
314 411 79 399 8 -8 0
322 403 76 402 8 -8 0
330 395 73 405 8 0 0
338 395 70 408 8 8 0
346 403 67 411 8 8 0
354 411 64 414 8 8 0
362 419 61 417 8 8 0
370 427 58 420 0 -8 0
370 419 55 423 8 8 0
378 427 52 426 0 -8 0
378 419 49 429 8 -8 0
386 411 46 432 0 -8 0
386 403 43 435 0 8 0
386 411 40 438 8 8 0
394 419 37 441 0 0 0
394 419 34 444 0 -8 0
394 411 31 447 8 -8 0
402 403 28 450 0 0 0
402 403 25 453 8 0 0
410 403 22 456 0 8 0
410 411 19 459 0 0 0
410 411 22 462 8 -8 0
418 403 25 465 0 -8 0
418 395 28 468 0 8 0
418 403 31 471 8 -8 0
426 395 34 474 0 0 0
426 395 37 477 8 0 0
434 395 40 480 0 8 0
434 403 43 483 0 -8 0
434 395 46 486 8 0 0
442 395 49 489 0 8 0
442 403 52 492 0 8 0
442 411 55 495 8 8 0
450 419 58 498 0 8 0
450 427 61 501 8 -8 0
458 419 64 504 0 0 0
458 419 67 507 0 0 0
458 419 70 510 8 8 0
466 427 73 513 0 -8 0
466 419 76 516 0 0 0
466 419 79 519 8 0 0
474 419 82 522 0 8 0
474 427 85 525 8 0 0
482 427 88 528 0 0 0
482 427 91 531 0 -8 0
482 419 94 534 8 8 0
490 427 97 537 0 0 0
490 427 100 540 0 0 0
490 427 103 543 8 0 0
498 427 106 546 0 -8 0
498 419 109 549 8 0 0
506 419 112 552 0 8 0
506 427 115 555 0 8 0
506 435 118 558 8 -8 0
514 427 121 561 0 8 0
514 435 124 564 0 0 0
514 435 127 567 8 -8 0
522 427 130 570 0 0 0
522 427 133 573 8 -8 0
530 419 136 576 0 -8 0
530 411 139 579 0 -8 0
530 403 142 582 8 0 0
538 403 145 585 0 -8 0
538 395 148 588 0 0 0
538 395 151 591 8 8 0
540 403 154 588 0 0 0
540 403 157 585 0 0 0
540 403 160 582 0 -8 0
540 395 163 579 0 -8 0
540 387 166 576 0 0 0
540 387 169 573 0 8 0
540 395 172 570 0 0 0
540 395 175 567 0 -8 0
540 387 178 564 0 0 0
540 387 181 561 0 0 0
540 387 184 558 0 8 0
540 395 187 555 0 -8 0
540 387 190 552 0 -8 0
540 379 193 549 0 8 0
540 387 196 546 0 8 0
540 395 199 543 0 8 0
540 403 202 540 0 8 0
540 411 205 537 0 0 0
540 411 208 534 0 0 0
540 411 211 531 0 8 0
540 419 214 528 0 0 0
540 419 217 525 0 -8 0
540 411 220 522 0 0 0
540 411 223 519 0 -8 0
540 403 226 516 0 -8 0
540 395 229 513 0 8 0
540 403 232 510 0 8 0
540 411 235 507 0 0 0
540 411 238 504 0 -8 0
540 403 241 501 0 8 0
540 411 244 498 0 0 0
540 411 247 495 0 0 0
540 411 250 492 0 -8 0
540 403 253 489 -8 -8 0
532 395 256 486 0 8 0
532 403 259 483 0 0 0
532 403 262 480 -8 -8 0
524 395 265 477 0 0 0
524 395 268 474 0 8 0
524 403 271 471 -8 0 0
516 403 274 468 0 0 0
516 403 277 465 -8 -8 0
508 395 280 462 0 8 0
508 403 283 459 0 -8 0
508 395 286 456 -8 8 0
500 403 289 453 0 8 0
500 411 292 450 0 -8 0
500 403 295 447 -8 -8 0
492 395 298 444 0 8 0
492 403 301 441 -8 8 0
484 411 304 438 0 -8 0
484 403 307 435 0 8 0
484 411 310 432 -8 -8 0
476 403 313 429 0 8 0
476 411 316 426 0 0 0
476 411 319 423 -8 0 0
468 411 322 420 0 -8 0
468 403 325 417 -8 8 0
460 411 328 414 0 8 0
460 419 331 411 0 8 0
460 427 334 408 -8 0 0
452 427 337 405 0 8 0
452 435 340 402 0 -8 0
452 427 343 399 -8 0 0
444 427 346 396 0 8 0
444 435 349 393 -8 8 0
436 443 352 390 0 0 0
436 443 355 387 0 -8 0
436 435 358 384 -8 -8 0
428 427 361 381 0 -8 0
428 419 364 378 0 0 0
428 419 367 375 -8 0 0
420 419 370 372 0 8 0
420 427 373 369 -8 -8 0
412 419 376 366 0 -8 0
412 411 379 363 0 0 0
412 411 382 360 -8 -8 0
404 403 385 357 0 -8 0
404 395 388 354 0 8 0
404 403 391 351 -8 0 0
396 403 394 348 0 0 0
396 403 397 345 -8 8 0
388 411 400 342 0 -8 0
388 403 403 339 0 8 0
388 411 406 336 -8 0 0
380 411 409 333 0 8 0
380 419 412 330 0 8 0
380 427 415 327 -8 -8 0
372 419 418 324 0 -8 0
372 411 421 321 -8 -8 0
364 403 424 318 0 -8 0
364 395 427 315 0 8 0
364 403 430 312 -8 -8 0
356 395 433 309 0 -8 0
356 387 436 306 0 0 0
356 387 439 303 -8 0 0
348 387 442 300 0 -8 0
348 379 445 297 -8 8 0
340 387 448 294 0 0 0
340 387 451 291 0 -8 0
340 379 454 288 -8 0 0
332 379 457 285 0 -8 0
332 371 460 282 0 -8 0
332 363 463 279 -8 8 0
324 371 466 276 0 0 0
324 371 469 273 -8 8 0
316 379 472 270 0 8 0
316 387 475 267 0 0 0
316 387 478 264 -8 0 0
308 387 481 261 0 0 0
308 387 484 258 0 -8 0
308 379 487 255 -8 0 0
300 379 490 252 0 -8 0
300 371 493 249 -8 8 0
292 379 496 246 0 8 0
292 387 499 243 0 0 0
292 387 502 240 -8 8 0
284 395 505 237 0 8 0
284 403 508 234 0 -8 0
284 395 511 231 -8 8 0
276 403 514 228 0 0 0
276 403 517 225 -8 0 0
268 403 520 222 0 8 0
268 411 523 219 0 -8 0
268 403 526 216 -8 -8 0
260 395 529 213 0 0 0
260 395 532 210 0 0 0
260 395 535 207 -8 -8 0
252 387 538 204 0 8 0
252 395 541 201 -8 0 0
244 395 544 198 0 -8 0
244 387 547 195 0 0 0
244 387 550 192 -8 0 0
236 387 553 189 0 -8 0
236 379 556 186 0 -8 0
236 371 559 183 -8 0 0
228 371 562 180 0 -8 0
228 363 565 177 -8 -8 0
220 355 568 174 0 -8 0
220 347 571 171 0 -8 0
220 339 574 168 -8 8 0
212 347 577 165 0 -8 0
212 339 580 162 0 8 0
212 347 583 159 -8 0 0
204 347 586 156 0 -8 0
204 339 589 153 -8 0 0
196 339 592 150 0 0 0
196 339 595 147 0 0 0
196 339 598 144 -8 0 0
188 339 601 141 0 -8 0
188 331 604 138 0 8 0
188 339 607 135 -8 0 0
180 339 610 132 0 0 0
180 339 613 129 -8 0 0
172 339 616 126 0 -8 0
172 331 619 123 0 -8 0
172 323 622 120 -8 -8 0
164 315 625 117 0 8 0
164 323 628 114 0 8 0
164 331 631 111 -8 8 0
156 339 634 108 0 8 0
156 347 637 105 -8 -8 0
148 339 640 102 0 -8 0
148 331 643 99 0 -8 0
148 323 646 96 -8 8 0
140 331 649 93 0 -8 0
140 323 652 90 0 8 0
140 331 655 87 -8 -8 0
132 323 658 84 0 -8 0
132 315 661 81 -8 0 0
124 315 664 78 0 0 0
124 315 667 75 0 -8 0
124 307 670 72 -8 -8 0
116 299 673 69 0 -8 0
116 291 676 66 0 8 0
116 299 679 63 -8 0 0
108 299 682 60 0 -8 0
108 291 685 57 -8 8 0
100 299 688 54 0 0 0
100 299 691 51 0 8 0
100 307 694 48 -8 -8 0
92 299 697 45 0 8 0
92 307 700 42 0 8 0
92 315 703 39 -8 -8 0
84 307 706 36 0 8 0
84 315 709 33 -8 8 0
76 323 712 30 0 8 0
76 331 715 27 0 8 0
76 339 718 24 -8 8 0
68 347 721 21 0 -8 0
68 339 724 18 0 -8 0
68 331 727 15 -8 8 0
60 339 730 12 0 8 0
60 347 733 9 -8 0 0
60 347 736 12 0 0 0
60 347 739 15 0 8 0
60 355 742 18 0 0 0
60 355 745 21 0 0 0
60 355 748 24 0 0 0
60 355 751 27 0 8 0
60 363 754 30 0 0 0
60 363 757 33 0 0 0
60 363 760 36 0 -8 0
60 355 763 39 0 -8 0
60 347 766 42 0 0 0
60 347 769 45 0 0 0
60 347 772 48 0 -8 0
60 339 775 51 0 -8 0
60 331 778 54 0 0 0
60 331 781 57 0 0 1
60 331 781 57 0 0 1
60 331 781 57 0 0 1
60 331 781 57 0 0 1
60 331 781 57 0 0 1
