301 343 523 441 0 0 0
301 343 520 444 8 0 0
309 343 517 447 8 0 0
317 343 514 450 8 -8 0
325 335 511 453 8 8 0
333 343 508 456 8 0 0
341 343 505 459 8 -8 0
349 335 502 462 8 0 0
357 335 499 465 8 8 0
365 343 496 468 8 -8 0
373 335 493 471 8 -8 0
381 327 490 474 8 0 0
389 327 487 477 8 8 0
397 335 484 480 8 0 0
405 335 481 483 8 0 0
413 335 478 486 8 0 0
421 335 475 489 8 8 0
429 343 472 492 8 0 0
437 343 469 495 8 0 0
445 343 466 498 8 0 0
453 343 463 501 0 8 0
453 351 460 504 8 8 0
461 359 457 507 0 0 0
461 359 454 510 0 0 0
461 359 451 513 8 -8 0
469 351 448 516 0 -8 0
469 343 445 519 0 8 0
469 351 442 522 8 8 0
477 359 439 525 0 -8 0
477 351 436 528 8 -8 0
485 343 433 531 0 8 0
485 351 430 534 0 -8 0
485 343 427 537 8 8 0
493 351 424 540 0 -8 0
493 343 421 543 0 8 0
493 351 418 546 8 -8 0
501 343 415 549 0 0 0
501 343 412 552 8 8 0
509 351 409 555 0 -8 0
509 343 406 558 0 8 0
509 351 403 561 8 0 0
517 351 400 564 0 0 0
517 351 397 567 0 0 0
517 351 394 570 8 0 0
525 351 391 573 0 -8 0
525 343 388 576 8 8 0
533 351 385 579 0 -8 0
533 343 382 582 0 -8 0
533 335 379 585 8 0 0
540 335 376 588 0 0 0
540 335 373 591 8 -8 0
540 327 370 588 0 8 0
540 335 367 585 0 -8 0
540 327 364 582 0 0 0
540 327 361 579 0 8 0
540 335 358 576 0 8 0
540 343 355 573 0 -8 0
540 335 352 570 0 0 0
540 335 349 567 0 -8 0
540 327 346 564 0 0 0
540 327 343 561 0 -8 0
540 319 340 558 0 8 0
540 327 337 555 0 0 0
540 327 334 552 0 8 0
540 335 331 549 0 0 0
540 335 328 546 0 -8 0
540 327 325 543 0 8 0
540 335 322 540 0 0 0
540 335 319 537 0 0 0
540 335 316 534 0 0 0
540 335 313 531 0 8 0
540 343 310 528 0 8 0
540 351 307 525 0 -8 0
540 343 304 522 0 0 0
540 343 301 519 0 8 0
540 351 298 516 0 8 0
540 359 295 513 0 8 0
540 367 292 510 0 -8 0
540 359 289 507 0 -8 0
540 351 286 504 0 0 0
540 351 283 501 0 0 0
540 351 280 498 0 8 0
540 359 277 495 0 8 0
540 367 274 492 0 -8 0
540 359 271 489 -8 -8 0
532 351 268 486 0 8 0
532 359 265 483 0 -8 0
532 351 262 480 -8 8 0
524 359 259 477 0 -8 0
524 351 256 474 0 0 0
524 351 253 471 -8 -8 0
516 343 250 468 0 -8 0
516 335 247 465 -8 8 0
508 343 244 462 0 -8 0
508 335 241 459 0 8 0
508 343 238 456 -8 8 0
500 351 235 453 0 -8 0
500 343 232 450 0 8 0
500 351 229 447 -8 0 0
492 351 226 444 0 0 0
492 351 223 441 -8 -8 0
484 343 220 438 0 -8 0
484 335 217 435 0 8 0
484 343 214 432 -8 8 0
476 351 211 429 0 -8 0
476 343 208 426 0 0 0
476 343 205 423 -8 0 0
468 343 202 420 0 0 0
468 343 199 417 -8 8 0
460 351 196 414 0 -8 0
460 343 193 411 0 0 0
460 343 190 408 -8 0 0
452 343 187 405 0 0 0
452 343 184 402 0 -8 0
452 335 181 399 -8 0 0
444 335 178 396 0 -8 0
444 327 175 393 -8 0 0
436 327 172 390 0 -8 0
436 319 169 387 0 8 0
436 327 166 384 -8 -8 0
428 319 163 381 0 -8 0
428 311 160 378 0 0 0
428 311 157 375 -8 0 0
420 311 154 372 0 -8 0
420 303 151 369 -8 -8 0
412 295 148 366 0 -8 0
412 287 145 363 0 0 0
412 287 142 360 -8 -8 0
404 279 139 357 0 0 0
404 279 136 354 0 8 0
404 287 133 351 -8 8 0
396 295 130 348 0 -8 0
396 287 127 345 -8 0 0
388 287 124 342 0 0 0
388 287 121 339 0 0 0
388 287 118 336 -8 8 0
380 295 115 333 0 0 0
380 295 112 330 0 0 0
380 295 109 327 -8 0 0
372 295 106 324 0 0 0
372 295 103 321 -8 8 0
364 303 100 318 0 8 0
364 311 97 315 0 -8 0
364 303 94 312 -8 0 0
356 303 91 309 0 8 0
356 311 88 306 0 0 0
356 311 85 303 -8 -8 0
348 303 82 300 0 8 0
348 311 79 297 -8 0 0
340 311 76 294 0 -8 0
340 303 73 291 0 -8 0
340 295 70 288 -8 8 0
332 303 67 285 0 8 0
332 311 64 282 0 8 0
332 319 61 279 -8 -8 0
324 311 58 276 0 -8 0
324 303 55 273 -8 0 0
316 303 52 270 0 0 0
316 303 49 267 0 8 0
316 311 46 264 -8 -8 0
308 303 43 261 0 8 0
308 311 40 258 0 8 0
308 319 37 255 -8 0 0
300 319 34 252 0 8 0
300 327 31 249 -8 -8 0
292 319 28 246 0 8 0
292 327 25 243 0 8 0
292 335 22 240 -8 -8 0
284 327 19 237 0 8 0
284 335 22 234 0 -8 0
284 327 25 231 -8 -8 0
276 319 28 228 0 8 0
276 327 31 225 -8 0 0
268 327 34 222 0 8 0
268 335 37 219 0 -8 0
268 327 40 216 -8 0 0
260 327 43 213 0 8 0
260 335 46 210 0 -8 0
260 327 49 207 -8 8 0
252 335 52 204 0 -8 0
252 327 55 201 -8 8 0
244 335 58 198 0 8 0
244 343 61 195 0 0 0
244 343 64 192 -8 8 0
236 351 67 189 0 -8 0
236 343 70 186 0 0 0
236 343 73 183 -8 0 0
228 343 76 180 0 0 0
228 343 79 177 -8 0 0
220 343 82 174 0 0 0
220 343 85 171 0 8 0
220 351 88 168 -8 0 0
212 351 91 165 0 -8 0
212 343 94 162 0 -8 0
212 335 97 159 -8 0 0
204 335 100 156 0 -8 0
204 327 103 153 -8 -8 0
196 319 106 150 0 0 0
196 319 109 147 0 -8 0
196 311 112 144 -8 0 0
188 311 115 141 0 -8 0
188 303 118 138 0 8 0
188 311 121 135 -8 0 0
180 311 124 132 0 -8 0
180 303 127 129 -8 -8 0
172 295 130 126 0 8 0
172 303 133 123 0 8 0
172 311 136 120 -8 -8 0
164 303 139 117 0 -8 0
164 295 142 114 0 -8 0
164 287 145 111 -8 0 0
156 287 148 108 0 8 0
156 295 151 105 -8 0 0
148 295 154 102 0 0 0
148 295 157 99 0 8 0
148 303 160 96 -8 8 0
140 311 163 93 0 8 0
140 319 166 90 0 -8 0
140 311 169 87 -8 -8 0
132 303 172 84 0 0 0
132 303 175 81 -8 0 0
124 303 178 78 0 -8 0
124 295 181 75 0 8 0
124 303 184 72 -8 8 0
116 311 187 69 0 0 0
116 311 190 66 0 8 0
116 319 193 63 -8 -8 0
108 311 196 60 0 0 0
108 311 199 57 -8 -8 0
100 303 202 54 0 8 0
100 311 205 51 0 8 0
100 319 208 48 -8 -8 0
92 311 211 45 0 -8 0
92 303 214 42 0 -8 0
92 295 217 39 -8 -8 0
84 287 220 36 0 8 0
84 295 223 33 -8 8 0
76 303 226 30 0 8 0
76 311 229 27 0 0 0
76 311 232 24 -8 0 0
68 311 235 21 0 8 0
68 319 238 18 0 0 0
68 319 241 15 -8 8 0
60 327 244 12 0 0 0
60 327 247 9 -8 0 0
60 327 250 12 0 8 0
60 335 253 15 0 -8 0
60 327 256 18 0 -8 0
60 319 259 21 0 8 0
60 327 262 24 0 -8 0
60 319 265 27 0 -8 0
60 311 268 30 0 0 0
60 311 271 33 0 0 0
60 311 274 36 0 0 0
60 311 277 39 0 0 0
60 311 280 42 0 8 0
60 319 283 45 0 8 0
60 327 286 48 0 0 0
60 327 289 51 0 0 0
60 327 292 54 0 0 0
60 327 295 57 0 8 0
60 335 298 60 0 8 0
60 343 301 63 0 -8 0
60 335 304 66 0 0 0
60 335 307 69 0 -8 0
60 327 310 72 0 -8 0
60 319 313 75 0 -8 0
60 311 316 78 0 0 0
60 311 319 81 0 0 0
60 311 322 84 0 -8 0
60 303 325 87 0 0 0
60 303 328 90 0 0 0
60 303 331 93 0 0 0
60 303 334 96 0 8 0
60 311 337 99 0 -8 0
60 303 340 102 0 0 0
60 303 343 105 0 8 0
60 311 346 108 0 0 0
60 311 349 111 8 8 0
68 319 352 114 0 -8 0
68 311 355 117 0 8 0
68 319 358 120 8 0 0
76 319 361 123 0 -8 0
76 311 364 126 0 0 0
76 311 367 129 8 8 0
84 319 370 132 0 8 0
84 327 373 135 8 8 0
92 335 376 138 0 0 0
92 335 379 141 0 8 0
92 343 382 144 8 -8 0
100 335 385 147 0 0 0
100 335 388 150 0 -8 0
100 327 391 153 8 -8 0
108 319 394 156 0 8 0
108 327 397 159 8 0 0
116 327 400 162 0 0 0
116 327 403 165 0 -8 0
116 319 406 168 8 -8 0
124 311 409 171 0 8 0
124 319 412 174 0 -8 0
124 311 415 177 8 8 0
132 319 418 180 0 0 0
132 319 421 183 8 -8 0
140 311 424 186 0 0 0
140 311 427 189 0 -8 0
140 303 430 192 8 0 0
148 303 433 195 0 8 0
148 311 436 198 0 -8 0
148 303 439 201 8 8 0
156 311 442 204 0 8 0
156 319 445 207 8 0 0
164 319 448 210 0 -8 0
164 311 451 213 0 8 0
164 319 454 216 8 -8 0
172 311 457 219 0 -8 0
172 303 460 222 0 8 0
172 311 463 225 8 0 0
180 311 466 228 0 -8 0
180 303 469 231 8 8 0
188 311 472 234 0 8 0
188 319 475 237 0 -8 0
188 311 478 240 8 -8 0
196 303 481 243 0 0 0
196 303 484 246 0 -8 0
196 295 487 249 8 -8 0
204 287 490 252 0 8 0
204 295 493 255 8 -8 0
212 287 496 258 0 0 0
212 287 499 261 0 8 0
212 295 502 264 8 -8 0
220 287 505 267 0 8 0
220 295 508 270 0 8 0
220 303 511 273 8 8 0
228 311 514 276 0 -8 0
228 303 517 279 8 0 0
236 303 520 282 0 8 0
236 311 523 285 0 -8 0
236 303 526 288 8 8 0
244 311 529 291 0 0 0
244 311 532 294 0 -8 0
244 303 535 297 8 8 0
252 311 538 300 0 0 0
252 311 541 303 8 -8 0
260 303 544 306 0 8 0
260 311 547 309 0 0 0
260 311 550 312 8 8 0
268 319 553 315 0 8 0
268 327 556 318 0 -8 0
268 319 559 321 8 0 0
276 319 562 324 0 -8 0
276 311 565 327 8 0 0
284 311 568 330 0 0 0
284 311 571 333 0 -8 0
284 303 574 336 8 -8 0
292 295 577 339 0 0 0
292 295 580 342 0 8 0
292 303 583 345 8 8 0
300 311 586 348 0 -8 0
300 303 589 351 8 -8 0
308 295 592 354 0 0 0
308 295 595 357 0 0 0
308 295 598 360 8 0 0
316 295 601 363 0 0 0
316 295 604 366 0 8 0
316 303 607 369 8 -8 0
324 295 610 372 0 0 0
324 295 613 375 8 0 0
332 295 616 378 0 8 0
332 303 619 381 0 0 0
332 303 622 384 8 -8 0
340 295 625 387 0 -8 0
340 287 628 390 0 8 0
340 295 631 393 8 -8 0
348 287 634 396 0 8 0
348 295 637 399 8 -8 0
356 287 640 402 0 0 0
356 287 643 405 0 0 0
356 287 646 408 8 8 0
364 295 649 411 0 0 0
364 295 652 414 0 8 0
364 303 655 417 8 -8 0
372 295 658 420 0 0 0
372 295 661 423 8 8 0
380 303 664 426 0 -8 0
380 295 667 429 0 -8 0
380 287 670 432 8 -8 0
388 279 673 435 0 8 0
388 287 676 438 0 8 0
388 295 679 441 8 0 0
396 295 682 444 0 8 0
396 303 685 447 8 0 0
404 303 688 450 0 8 0
404 311 691 453 0 -8 0
404 303 694 456 8 0 0
412 303 697 459 0 0 0
412 303 700 462 0 -8 0
412 295 703 465 8 0 0
420 295 706 468 0 8 0
420 303 709 471 8 -8 0
428 295 712 474 0 -8 0
428 287 715 477 0 0 0
428 287 718 480 8 0 0
436 287 721 483 0 -8 0
436 279 724 486 0 0 0
436 279 727 489 8 0 0
444 279 730 492 0 8 0
444 287 733 495 8 -8 0
452 279 736 498 0 -8 0
452 271 739 501 0 -8 0
452 263 742 504 8 0 0
460 263 745 507 0 0 0
460 263 748 510 0 -8 0
460 255 751 513 8 8 0
468 263 754 516 0 -8 0
468 255 757 519 8 0 0
476 255 760 522 0 8 0
476 263 763 525 0 -8 0
476 255 766 528 8 0 0
484 255 769 531 0 8 0
484 263 772 534 0 -8 0
484 255 775 537 8 8 0
492 263 778 540 0 8 0
492 271 781 543 0 0 1
492 271 781 543 0 0 1
492 271 781 543 0 0 1
492 271 781 543 0 0 1
492 271 781 543 0 0 1
