189 492 283 276 0 0 0
189 492 280 273 8 0 0
197 492 277 270 8 0 0
205 492 274 267 8 8 0
213 500 271 264 8 0 0
221 500 268 261 0 8 0
221 508 265 258 0 8 0
221 516 262 255 0 0 0
221 516 259 252 0 -8 0
221 508 256 249 0 8 0
221 516 253 246 0 8 0
221 524 250 243 0 0 0
221 524 247 240 0 0 0
221 524 244 237 0 8 0
221 532 241 234 0 0 0
221 532 238 231 0 0 0
221 532 235 228 0 8 0
221 540 232 225 0 0 0
221 540 229 222 0 0 0
221 540 226 219 0 -8 0
221 532 223 216 0 0 0
221 532 220 213 0 0 0
221 532 217 210 0 -8 0
221 524 214 207 0 0 0
221 524 211 204 0 8 0
221 532 208 201 0 8 0
221 540 205 198 0 0 0
221 540 202 195 0 8 0
221 540 199 192 0 -8 0
221 532 196 189 0 0 0
221 532 193 186 0 -8 0
221 524 190 183 0 0 0
221 524 187 180 0 -8 0
221 516 184 177 0 0 0
221 516 181 174 0 0 0
221 516 178 171 0 0 0
221 516 175 168 -8 8 0
213 524 172 165 0 8 0
213 532 169 162 -8 -8 0
205 524 166 159 0 8 0
205 532 163 156 0 -8 0
205 524 160 153 -8 8 0
197 532 157 150 0 -8 0
197 524 154 147 0 8 0
197 532 151 144 -8 8 0
189 540 148 141 0 8 0
189 540 145 138 -8 8 0
181 540 142 135 0 0 0
181 540 139 132 0 -8 0
181 532 136 129 -8 -8 0
173 524 133 126 0 -8 0
173 516 130 123 0 0 0
173 516 127 120 -8 0 0
165 516 124 117 0 -8 0
165 508 121 114 -8 0 0
157 508 118 111 0 -8 0
157 500 115 108 0 0 0
157 500 112 105 -8 -8 0
149 492 109 102 0 0 0
149 492 106 99 0 0 0
149 492 103 96 -8 0 0
141 492 100 93 0 0 0
141 492 97 90 -8 8 0
133 500 94 87 0 8 0
133 508 91 84 0 0 0
133 508 88 81 -8 0 0
125 508 85 78 0 0 0
125 508 82 75 0 8 0
125 516 79 72 -8 -8 0
117 508 76 69 0 8 0
117 516 73 66 -8 8 0
109 524 70 63 0 0 0
109 524 67 60 0 -8 0
109 516 64 57 -8 -8 0
101 508 61 54 0 8 0
101 516 58 51 0 0 0
101 516 55 48 -8 -8 0
93 508 52 45 0 0 0
93 508 49 42 -8 8 0
85 516 46 39 0 -8 0
85 508 43 36 0 0 0
85 508 40 33 -8 -8 0
77 500 37 30 0 -8 0
77 492 34 27 0 8 0
77 500 31 24 -8 8 0
69 508 28 21 0 -8 0
69 500 25 18 -8 0 0
61 500 22 15 0 -8 0
61 492 19 12 0 8 0
61 500 22 9 -8 0 0
60 500 25 12 0 0 0
60 500 28 15 0 0 0
60 500 31 18 0 8 0
60 508 34 21 0 8 0
60 516 37 24 0 0 0
60 516 40 27 0 8 0
60 524 43 30 0 -8 0
60 516 46 33 0 8 0
60 524 49 36 0 8 0
60 532 52 39 0 -8 0
60 524 55 42 0 -8 0
60 516 58 45 0 8 0
60 524 61 48 0 -8 0
60 516 64 51 0 8 0
60 524 67 54 0 8 0
60 532 70 57 0 -8 0
60 524 73 60 0 8 0
60 532 76 63 0 0 0
60 532 79 66 0 -8 0
60 524 82 69 0 8 0
60 532 85 72 0 0 0
60 532 88 75 0 8 0
60 540 91 78 0 0 0
60 540 94 81 0 0 0
60 540 97 84 0 0 0
60 540 100 87 0 0 0
60 540 103 90 0 -8 0
60 532 106 93 0 -8 0
60 524 109 96 0 -8 0
60 516 112 99 0 0 0
60 516 115 102 0 -8 0
60 508 118 105 0 0 0
60 508 121 108 0 8 0
60 516 124 111 8 0 0
68 516 127 114 0 0 0
68 516 130 117 0 -8 0
68 508 133 120 8 0 0
76 508 136 123 0 -8 0
76 500 139 126 0 0 0
76 500 142 129 8 -8 0
84 492 145 132 0 -8 0
84 484 148 135 8 8 0
92 492 151 138 0 8 0
92 500 154 141 0 8 0
92 508 157 144 8 -8 0
100 500 160 147 0 -8 0
100 492 163 150 0 -8 0
100 484 166 153 8 8 0
108 492 169 156 0 8 0
108 500 172 159 8 -8 0
116 492 175 162 0 8 0
116 500 178 165 0 -8 0
116 492 181 168 8 0 0
124 492 184 171 0 0 0
124 492 187 174 0 0 0
124 492 190 177 8 0 0
132 492 193 180 0 0 0
132 492 196 183 8 8 0
140 500 199 186 0 -8 0
140 492 202 189 0 0 0
140 492 205 192 8 0 0
148 492 208 195 0 -8 0
148 484 211 198 0 8 0
148 492 214 201 8 -8 0
156 484 217 204 0 0 0
156 484 220 207 8 8 0
164 492 223 210 0 8 0
164 500 226 213 0 -8 0
164 492 229 216 8 8 0
172 500 232 219 0 -8 0
172 492 235 222 0 8 0
172 500 238 225 8 -8 0
180 492 241 228 0 8 0
180 500 244 231 8 8 0
188 508 247 234 0 -8 0
188 500 250 237 0 -8 0
188 492 253 240 8 -8 0
196 484 256 243 0 -8 0
196 476 259 246 0 -8 0
196 468 262 249 8 -8 0
204 460 265 252 0 8 0
204 468 268 255 8 -8 0
212 460 271 258 0 8 0
212 468 274 261 0 -8 0
212 460 277 264 8 8 0
220 468 280 267 0 -8 0
220 460 283 270 0 -8 0
220 452 286 273 8 8 0
228 460 289 276 0 8 0
228 468 292 279 8 8 0
236 476 295 282 0 0 0
236 476 298 285 0 8 0
236 484 301 288 8 -8 0
244 476 304 291 0 0 0
244 476 307 294 0 8 0
244 484 310 297 8 0 0
252 484 313 300 0 -8 0
252 476 316 303 8 8 0
260 484 319 306 0 0 0
260 484 322 309 0 -8 0
260 476 325 312 8 -8 0
268 468 328 315 0 0 0
268 468 331 318 0 8 0
268 476 334 321 8 0 0
276 476 337 324 0 0 0
276 476 340 327 8 0 0
284 476 343 330 0 -8 0
284 468 346 333 0 -8 0
284 460 349 336 8 -8 0
292 452 352 339 0 0 0
292 452 355 342 0 -8 0
292 444 358 345 8 8 0
300 452 361 348 0 -8 0
300 444 364 351 8 8 0
308 452 367 354 0 0 0
308 452 370 357 0 0 0
308 452 373 360 8 8 0
316 460 376 363 0 0 0
316 460 379 366 0 0 0
316 460 382 369 8 0 0
324 460 385 372 0 -8 0
324 452 388 375 8 -8 0
332 444 391 378 0 8 0
332 452 394 381 0 8 0
332 460 397 384 8 0 0
340 460 400 387 0 -8 0
340 452 403 390 0 0 0
340 452 406 393 8 8 0
348 460 409 396 0 0 0
348 460 412 399 8 -8 0
356 452 415 402 0 8 0
356 460 418 405 0 -8 0
356 452 421 408 8 -8 0
364 444 424 411 0 -8 0
364 436 427 414 0 0 0
364 436 430 417 8 -8 0
372 428 433 420 0 0 0
372 428 436 423 8 8 0
380 436 439 426 0 0 0
380 436 442 429 0 0 0
380 436 445 432 8 -8 0
388 428 448 435 0 -8 0
388 420 451 438 0 0 0
388 420 454 441 8 8 0
396 428 457 444 0 0 0
396 428 460 447 8 8 0
404 436 463 450 0 8 0
404 444 466 453 0 8 0
404 452 469 456 8 -8 0
412 444 472 459 0 8 0
412 452 475 462 0 0 0
412 452 478 465 8 -8 0
420 444 481 468 0 0 0
420 444 484 471 8 0 0
428 444 487 474 0 0 0
428 444 490 477 0 0 0
428 444 493 480 8 -8 0
436 436 496 483 0 8 0
436 444 499 486 0 0 0
436 444 502 489 8 8 0
444 452 505 492 0 -8 0
444 444 508 495 8 8 0
452 452 511 498 0 8 0
452 460 514 501 0 8 0
452 468 517 504 8 -8 0
460 460 520 507 0 8 0
460 468 523 510 0 -8 0
460 460 526 513 8 0 0
468 460 529 516 0 -8 0
468 452 532 519 8 0 0
476 452 535 522 0 0 0
476 452 538 525 0 8 0
476 460 541 528 8 8 0
484 468 544 531 0 -8 0
484 460 547 534 0 -8 0
484 452 550 537 8 8 0
492 460 553 540 0 8 0
492 468 556 543 8 0 0
500 468 559 546 0 -8 0
500 460 562 549 0 0 0
500 460 565 552 8 0 0
508 460 568 555 0 8 0
508 468 571 558 0 8 0
508 476 574 561 8 -8 0
516 468 577 564 0 0 0
516 468 580 567 8 8 0
524 476 583 570 0 8 0
524 484 586 573 0 0 0
524 484 589 576 8 -8 0
532 476 592 579 0 -8 0
532 468 595 582 0 -8 0
532 460 598 585 8 0 0
540 460 601 588 0 -8 0
540 452 604 591 8 8 0
540 460 607 588 0 -8 0
540 452 610 585 0 0 0
540 452 613 582 0 -8 0
540 444 616 579 0 0 0
540 444 619 576 0 8 0
540 452 622 573 0 -8 0
540 444 625 570 0 8 0
540 452 628 567 0 -8 0
540 444 631 564 0 8 0
540 452 634 561 0 -8 0
540 444 637 558 0 -8 0
540 436 640 555 0 -8 0
540 428 643 552 0 -8 0
540 420 646 549 0 8 0
540 428 649 546 0 0 0
540 428 652 543 0 -8 0
540 420 655 540 0 0 0
540 420 658 537 0 0 0
540 420 661 534 0 0 0
540 420 664 531 0 8 0
540 428 667 528 0 0 0
540 428 670 525 0 0 0
540 428 673 522 0 8 0
540 436 676 519 0 -8 0
540 428 679 516 0 -8 0
540 420 682 513 0 8 0
540 428 685 510 0 8 0
540 436 688 507 0 0 0
540 436 691 504 0 8 0
540 444 694 501 0 0 0
540 444 697 498 0 0 0
540 444 700 495 0 8 0
540 452 703 492 0 0 0
540 452 706 489 -8 -8 0
532 444 709 486 0 -8 0
532 436 712 483 0 -8 0
532 428 715 480 -8 -8 0
524 420 718 477 0 8 0
524 428 721 474 0 -8 0
524 420 724 471 -8 -8 0
516 412 727 468 0 8 0
516 420 730 465 -8 0 0
508 420 733 462 0 -8 0
508 412 736 459 0 -8 0
508 404 739 456 -8 0 0
500 404 742 453 0 0 0
500 404 745 450 0 0 0
500 404 748 447 -8 -8 0
492 396 751 444 0 -8 0
492 388 754 441 -8 8 0
484 396 757 438 0 0 0
484 396 760 435 0 8 0
484 404 763 432 -8 8 0
476 412 766 429 0 0 0
476 412 769 426 0 -8 0
476 404 772 423 -8 -8 0
468 396 775 420 0 0 0
468 396 778 417 -8 8 0
460 404 781 414 0 -8 0
460 396 778 411 0 8 0
460 404 775 408 -8 -8 0
452 396 772 405 0 -8 0
452 388 769 402 0 0 0
452 388 766 399 -8 -8 0
444 380 763 396 0 8 0
444 388 760 393 -8 8 0
436 396 757 390 0 0 0
436 396 754 387 0 0 0
436 396 751 384 -8 -8 0
428 388 748 381 0 8 0
428 396 745 378 0 -8 0
428 388 742 375 -8 0 0
420 388 739 372 0 8 0
420 396 736 369 -8 -8 0
412 388 733 366 0 -8 0
412 380 730 363 0 8 0
412 388 727 360 -8 -8 0
404 380 724 357 0 -8 0
404 372 721 354 0 8 0
404 380 718 351 -8 -8 0
396 372 715 348 0 0 0
396 372 712 345 -8 0 0
388 372 709 342 0 0 0
388 372 706 339 0 8 0
388 380 703 336 -8 -8 0
380 372 700 333 0 8 0
380 380 697 330 0 8 0
380 388 694 327 -8 0 0
372 388 691 324 0 0 0
372 388 688 321 -8 -8 0
364 380 685 318 0 0 0
364 380 682 315 0 0 0
364 380 679 312 -8 0 0
356 380 676 309 0 -8 0
356 372 673 306 0 0 0
356 372 670 303 -8 8 0
348 380 667 300 0 0 0
348 380 664 297 -8 -8 0
340 372 661 294 0 0 0
340 372 658 291 0 -8 0
340 364 655 288 -8 0 0
332 364 652 285 0 -8 0
332 356 649 282 0 -8 0
332 348 646 279 -8 0 0
324 348 643 276 0 -8 0
324 340 640 273 -8 8 0
316 348 637 270 0 -8 0
316 340 634 267 0 8 0
316 348 631 264 -8 8 0
308 356 628 261 0 -8 0
308 348 625 258 0 -8 0
308 340 622 255 -8 0 0
300 340 619 252 0 8 0
300 348 616 249 -8 0 0
292 348 613 246 0 -8 0
292 340 610 243 0 0 0
292 340 607 240 -8 0 0
284 340 604 237 0 -8 0
284 332 601 234 0 -8 0
284 324 598 231 -8 0 0
276 324 595 228 0 8 0
276 332 592 225 -8 0 0
268 332 589 222 0 -8 0
268 324 586 219 0 0 0
268 324 583 216 -8 8 0
260 332 580 213 0 -8 0
260 324 577 210 0 8 0
260 332 574 207 -8 8 0
252 340 571 204 0 0 0
252 340 568 201 -8 8 0
244 348 565 198 0 -8 0
244 340 562 195 0 -8 0
244 332 559 192 -8 -8 0
236 324 556 189 0 0 0
236 324 553 186 0 -8 0
236 316 550 183 -8 8 0
228 324 547 180 0 -8 0
228 316 544 177 -8 8 0
220 324 541 174 0 -8 0
220 316 538 171 0 -8 0
220 308 535 168 -8 8 0
212 316 532 165 0 0 0
212 316 529 162 0 0 0
212 316 526 159 -8 -8 0
204 308 523 156 0 -8 0
204 300 520 153 -8 -8 0
196 292 517 150 0 8 0
196 300 514 147 0 8 0
196 308 511 144 -8 8 0
188 316 508 141 0 0 0
188 316 505 138 0 -8 0
188 308 502 135 -8 0 0
180 308 499 132 0 8 0
180 316 496 129 -8 8 0
172 324 493 126 0 8 0
172 332 490 123 0 8 0
172 340 487 120 -8 8 0
164 348 484 117 0 0 0
164 348 481 114 0 0 0
164 348 478 111 -8 0 0
156 348 475 108 0 8 0
156 356 472 105 -8 0 0
148 356 469 102 0 -8 0
148 348 466 99 0 0 0
148 348 463 96 -8 8 0
140 356 460 93 0 8 0
140 364 457 90 0 -8 0
140 356 454 87 -8 -8 0
132 348 451 84 0 8 0
132 356 448 81 -8 8 0
124 364 445 78 0 -8 0
124 356 442 75 0 -8 0
124 348 439 72 -8 0 0
116 348 436 69 0 8 0
116 356 433 66 0 -8 0
116 348 430 63 -8 8 0
108 356 427 60 0 -8 0
108 348 424 57 -8 0 0
100 348 421 54 0 8 0
100 356 418 51 0 8 0
100 364 415 48 -8 8 0
92 372 412 45 0 0 0
92 372 409 42 0 8 0
92 380 406 39 -8 0 0
84 380 403 36 0 8 0
84 388 400 33 -8 8 0
76 396 397 30 0 0 0
76 396 394 27 0 8 0
76 404 391 24 -8 8 0
68 412 388 21 0 0 0
68 412 385 18 0 8 0
68 420 382 15 -8 0 0
60 420 379 12 0 8 0
60 428 376 9 -8 0 0
60 428 373 12 0 0 0
60 428 370 15 0 -8 0
60 420 367 18 0 8 0
60 428 364 21 0 0 0
60 428 361 24 0 0 0
60 428 358 27 0 0 0
60 428 355 30 0 8 0
60 436 352 33 0 8 0
60 444 349 36 0 8 0
60 452 346 39 0 0 0
60 452 343 42 0 8 0
60 460 340 45 0 8 0
60 468 337 48 0 0 0
60 468 334 51 0 -8 0
60 460 331 54 0 -8 0
60 452 328 57 0 8 0
60 460 325 60 0 8 0
60 468 322 63 0 0 0
60 468 319 66 0 -8 0
60 460 316 69 0 -8 0
60 452 313 72 0 0 0
60 452 310 75 0 -8 0
60 444 307 78 0 8 0
60 452 304 81 0 -8 0
60 444 301 84 0 -8 0
60 436 298 87 0 -8 0
60 428 295 90 0 0 0
60 428 292 93 0 0 0
60 428 289 96 0 -8 0
60 420 286 99 0 0 0
60 420 283 102 0 8 0
60 428 280 105 0 8 0
60 436 277 108 0 0 0
60 436 274 111 8 8 0
68 444 271 114 0 8 0
68 452 268 117 0 0 0
68 452 265 120 8 8 0
76 460 262 123 0 -8 0
76 452 259 126 0 0 0
76 452 256 129 8 8 0
84 460 253 132 0 8 0
84 468 250 135 8 8 0
92 476 247 138 0 8 0
92 484 244 141 0 0 0
92 484 241 144 8 -8 0
100 476 238 147 0 -8 0
100 468 235 150 0 8 0
100 476 232 153 8 0 0
108 476 229 156 0 8 0
108 484 226 159 8 -8 0
116 476 223 162 0 -8 0
116 468 220 165 0 0 0
116 468 217 168 8 -8 0
124 460 214 171 0 0 0
124 460 211 174 0 -8 0
124 452 208 177 8 -8 0
132 444 205 180 0 0 0
132 444 202 183 8 -8 0
140 436 199 186 0 -8 0
140 428 196 189 0 8 0
140 436 193 192 8 -8 0
148 428 190 195 0 8 0
148 436 187 198 0 -8 0
148 428 184 201 8 8 0
156 436 181 204 0 8 0
156 444 178 207 8 0 0
164 444 175 210 0 -8 0
164 436 172 213 0 -8 0
164 428 169 216 8 -8 0
172 420 166 219 0 8 0
172 428 163 222 0 8 0
172 436 160 225 8 0 0
180 436 157 228 0 8 0
180 444 154 231 8 -8 0
188 436 151 234 0 8 0
188 444 148 237 0 -8 0
188 436 145 240 8 0 0
196 436 142 243 0 -8 0
196 428 139 246 0 8 0
196 436 136 249 8 8 0
204 444 133 252 0 8 0
204 452 130 255 8 8 0
212 460 127 258 0 8 0
212 468 124 261 0 0 0
212 468 121 264 8 -8 0
220 460 118 267 0 -8 0
220 452 115 270 0 -8 0
220 444 112 273 8 -8 0
228 436 109 276 0 8 0
228 444 106 279 8 -8 0
236 436 103 282 0 0 0
236 436 100 285 0 8 0
236 444 97 288 8 -8 0
244 436 94 291 0 8 0
244 444 91 294 0 8 0
244 452 88 297 8 8 0
252 460 85 300 0 0 0
252 460 82 303 8 0 0
260 460 79 306 0 0 0
260 460 76 309 0 -8 0
260 452 73 312 8 -8 0
268 444 70 315 0 0 0
268 444 67 318 0 -8 0
268 436 64 321 8 -8 0
276 428 61 324 0 8 0
276 436 58 327 8 8 0
284 444 55 330 0 8 0
284 452 52 333 0 8 0
284 460 49 336 8 8 0
292 468 46 339 0 8 0
292 476 43 342 0 0 0
292 476 40 345 8 0 0
300 476 37 348 0 0 0
300 476 34 351 8 8 0
308 484 31 354 0 -8 0
308 476 28 357 0 8 0
308 484 25 360 8 8 0
316 492 22 363 0 -8 0
316 484 19 366 0 -8 0
316 476 22 369 8 -8 0
324 468 25 372 0 0 0
324 468 28 375 8 -8 0
332 460 31 378 0 -8 0
332 452 34 381 0 8 0
332 460 37 384 8 0 0
340 460 40 387 0 8 0
340 468 43 390 0 8 0
340 476 46 393 8 -8 0
348 468 49 396 0 0 0
348 468 52 399 8 8 0
356 476 55 402 0 0 0
356 476 58 405 0 8 0
356 484 61 408 8 -8 0
364 476 64 411 0 0 0
364 476 67 414 0 -8 0
364 468 70 417 8 -8 0
372 460 73 420 0 0 0
372 460 76 423 8 8 0
380 468 79 426 0 -8 0
380 460 82 429 0 0 0
380 460 85 432 8 0 0
388 460 88 435 0 0 0
388 460 91 438 0 8 0
388 468 94 441 8 0 0
396 468 97 444 0 0 0
396 468 100 447 8 0 0
404 468 103 450 0 -8 0
404 460 106 453 0 -8 0
404 452 109 456 8 -8 0
412 444 112 459 0 8 0
412 452 115 462 0 -8 0
412 444 118 465 8 0 0
420 444 121 468 0 -8 0
420 436 124 471 8 8 0
428 444 127 474 0 8 0
428 452 130 477 0 -8 0
428 444 133 480 8 8 0
436 452 136 483 0 8 0
436 460 139 486 0 8 0
436 468 142 489 8 -8 0
444 460 145 492 0 0 0
444 460 148 495 8 -8 0
452 452 151 498 0 8 0
452 460 154 501 0 0 0
452 460 157 504 8 0 0
460 460 160 507 0 0 0
460 460 163 510 0 -8 0
460 452 166 513 8 0 0
468 452 169 516 0 0 0
468 452 172 519 8 0 0
476 452 175 522 0 0 0
476 452 178 525 0 8 0
476 460 181 528 8 8 0
484 468 184 531 0 0 0
484 468 187 534 0 0 0
484 468 190 537 8 0 0
492 468 193 540 0 -8 0
492 460 196 543 8 -8 0
500 452 199 546 0 -8 0
500 444 202 549 0 8 0
500 452 205 552 8 0 0
508 452 208 555 0 0 0
508 452 211 558 0 0 0
508 452 214 561 8 0 0
516 452 217 564 0 0 0
516 452 220 567 8 8 0
524 460 223 570 0 8 0
524 468 226 573 0 0 0
524 468 229 576 8 0 0
532 468 232 579 0 0 0
532 468 235 582 0 -8 0
532 460 238 585 8 -8 0
540 452 241 588 0 -8 0
540 444 244 591 8 -8 0
540 436 247 588 0 8 0
540 444 250 585 0 -8 0
540 436 253 582 0 -8 0
540 428 256 579 0 8 0
540 436 259 576 0 -8 0
540 428 262 573 0 0 0
540 428 265 570 0 -8 0
540 420 268 567 0 8 0
540 428 271 564 0 0 0
540 428 274 561 0 0 0
540 428 277 558 0 8 0
540 436 280 555 0 0 0
540 436 283 552 0 0 0
540 436 286 549 0 8 0
540 444 289 546 0 0 0
540 444 292 543 0 0 0
540 444 295 540 0 -8 0
540 436 298 537 0 -8 0
540 428 301 534 0 -8 0
540 420 304 531 0 -8 0
540 412 307 528 0 8 0
540 420 310 525 0 0 0
540 420 313 522 0 0 0
540 420 316 519 0 0 0
540 420 319 516 0 -8 0
540 412 322 513 0 0 0
540 412 325 510 0 0 0
540 412 328 507 0 8 0
540 420 331 504 0 8 0
540 428 334 501 0 -8 0
540 420 337 498 0 8 0
540 428 340 495 0 0 0
540 428 343 492 0 0 0
540 428 346 489 -8 -8 0
532 420 349 486 0 -8 0
532 412 352 483 0 0 0
532 412 355 480 -8 -8 0
524 404 358 477 0 -8 0
524 396 361 474 0 0 0
524 396 364 471 -8 8 0
516 404 367 468 0 8 0
516 412 370 465 -8 -8 0
508 404 373 462 0 -8 0
508 396 376 459 0 8 0
508 404 379 456 -8 0 0
500 404 382 453 0 0 0
500 404 385 450 0 0 0
500 404 388 447 -8 0 0
492 404 391 444 0 0 0
492 404 394 441 -8 -8 0
484 396 397 438 0 0 0
484 396 400 435 0 0 0
484 396 403 432 -8 -8 0
476 388 406 429 0 -8 0
476 380 409 426 0 -8 0
476 372 412 423 -8 0 0
468 372 415 420 0 0 0
468 372 418 417 -8 -8 0
460 364 421 414 0 0 0
460 364 424 411 0 -8 0
460 356 427 408 -8 8 0
452 364 430 405 0 8 0
452 372 433 402 0 8 0
452 380 436 399 -8 0 0
444 380 439 396 0 0 0
444 380 442 393 -8 0 0
436 380 445 390 0 0 0
436 380 448 387 0 0 0
436 380 451 384 -8 -8 0
428 372 454 381 0 8 0
428 380 457 378 0 8 0
428 388 460 375 -8 8 0
420 396 463 372 0 8 0
420 404 466 369 -8 8 0
412 412 469 366 0 8 0
412 420 472 363 0 8 0
412 428 475 360 -8 8 0
404 436 478 357 0 0 0
404 436 481 354 0 -8 0
404 428 484 351 -8 0 0
396 428 487 348 0 0 0
396 428 490 345 -8 8 0
388 436 493 342 0 -8 0
388 428 496 339 0 -8 0
388 420 499 336 -8 0 0
380 420 502 333 0 0 0
380 420 505 330 0 8 0
380 428 508 327 -8 0 0
372 428 511 324 0 0 0
372 428 514 321 -8 -8 0
364 420 517 318 0 0 0
364 420 520 315 0 0 0
364 420 523 312 -8 8 0
356 428 526 309 0 -8 0
356 420 529 306 0 8 0
356 428 532 303 -8 0 0
348 428 535 300 0 8 0
348 436 538 297 -8 0 0
340 436 541 294 0 0 0
340 436 544 291 0 -8 0
340 428 547 288 -8 0 0
332 428 550 285 0 8 0
332 436 553 282 0 0 0
332 436 556 279 -8 0 0
324 436 559 276 0 0 0
324 436 562 273 -8 0 0
316 436 565 270 0 8 0
316 444 568 267 0 -8 0
316 436 571 264 -8 8 0
308 444 574 261 0 8 0
308 452 577 258 0 -8 0
308 444 580 255 -8 8 0
300 452 583 252 0 0 0
300 452 586 249 -8 -8 0
292 444 589 246 0 8 0
292 452 592 243 0 -8 0
292 444 595 240 -8 0 0
284 444 598 237 0 0 0
284 444 601 234 0 -8 0
284 436 604 231 -8 8 0
276 444 607 228 0 0 0
276 444 610 225 -8 8 0
268 452 613 222 0 -8 0
268 444 616 219 0 0 0
268 444 619 216 -8 -8 0
260 436 622 213 0 0 0
260 436 625 210 0 8 0
260 444 628 207 -8 0 0
252 444 631 204 0 0 0
252 444 634 201 -8 0 0
244 444 637 198 0 8 0
244 452 640 195 0 -8 0
244 444 643 192 -8 0 0
236 444 646 189 0 -8 0
236 436 649 186 0 0 0
236 436 652 183 -8 8 0
228 444 655 180 0 8 0
228 452 658 177 -8 -8 0
220 444 661 174 0 -8 0
220 436 664 171 0 -8 0
220 428 667 168 -8 -8 0
212 420 670 165 0 -8 0
212 412 673 162 0 8 0
212 420 676 159 -8 8 0
204 428 679 156 0 0 0
204 428 682 153 -8 0 0
196 428 685 150 0 -8 0
196 420 688 147 0 8 0
196 428 691 144 -8 8 0
188 436 694 141 0 0 0
188 436 697 138 0 0 0
188 436 700 135 -8 -8 0
180 428 703 132 0 0 0
180 428 706 129 -8 8 0
172 436 709 126 0 -8 0
172 428 712 123 0 8 0
172 436 715 120 -8 -8 0
164 428 718 117 0 -8 0
164 420 721 114 0 0 0
164 420 724 111 -8 0 0
156 420 727 108 0 -8 0
156 412 730 105 -8 0 0
148 412 733 102 0 -8 0
148 404 736 99 0 -8 0
148 396 739 96 -8 8 0
140 404 742 93 0 0 0
140 404 745 90 0 -8 0
140 396 748 87 -8 8 0
132 404 751 84 0 0 0
132 404 754 81 -8 0 0
124 404 757 78 0 -8 0
124 396 760 75 0 -8 0
124 388 763 72 -8 0 0
116 388 766 69 0 -8 0
116 380 769 66 0 8 0
116 388 772 63 -8 8 0
108 396 775 60 0 -8 0
108 388 778 57 -8 8 0
100 396 781 54 0 0 1
100 396 781 54 0 0 1
100 396 781 54 0 0 1
100 396 781 54 0 0 1
100 396 781 54 0 0 1
