297 193 271 429 0 0 0
297 193 274 432 8 8 0
305 201 277 435 8 8 0
313 209 280 438 8 -8 0
321 201 283 441 8 8 0
329 209 286 444 8 8 0
337 217 289 447 8 -8 0
345 209 292 450 8 -8 0
353 201 295 453 8 0 0
361 201 298 456 8 -8 0
369 193 301 459 8 0 0
377 193 304 462 8 8 0
385 201 307 465 8 8 0
393 209 310 468 8 -8 0
401 201 313 471 8 8 0
409 209 316 474 8 -8 0
417 201 319 477 8 8 0
425 209 322 480 8 8 0
433 217 325 483 0 0 0
433 217 328 486 8 8 0
441 225 331 489 0 0 0
441 225 334 492 8 -8 0
449 217 337 495 0 0 0
449 217 340 498 0 8 0
449 225 343 501 8 8 0
457 233 346 504 0 8 0
457 241 349 507 0 8 0
457 249 352 510 8 -8 0
465 241 355 513 0 -8 0
465 233 358 516 8 0 0
473 233 361 519 0 8 0
473 241 364 522 0 -8 0
473 233 367 525 8 8 0
481 241 370 528 0 -8 0
481 233 373 531 0 8 0
481 241 376 534 8 0 0
489 241 379 537 0 8 0
489 249 382 540 8 0 0
497 249 385 543 0 0 0
497 249 388 546 0 8 0
497 257 391 549 8 -8 0
505 249 394 552 0 0 0
505 249 397 555 0 0 0
505 249 400 558 8 0 0
513 249 403 561 0 -8 0
513 241 406 564 8 8 0
521 249 409 567 0 -8 0
521 241 412 570 0 8 0
521 249 415 573 8 -8 0
529 241 418 576 0 -8 0
529 233 421 579 0 8 0
529 241 424 582 8 8 0
537 249 427 585 0 8 0
537 257 430 588 8 -8 0
540 249 433 591 8 -8 0
540 241 436 588 0 0 0
540 241 439 585 0 0 0
540 241 442 582 0 8 0
540 249 445 579 0 -8 0
540 241 448 576 0 0 0
540 241 451 573 0 0 0
540 241 454 570 0 -8 0
540 233 457 567 0 8 0
540 241 460 564 0 -8 0
540 233 463 561 0 0 0
540 233 466 558 0 -8 0
540 225 469 555 0 -8 0
540 217 472 552 0 -8 0
540 209 475 549 0 0 0
540 209 478 546 0 8 0
540 217 481 543 0 8 0
540 225 484 540 0 0 0
540 225 487 537 0 8 0
540 233 490 534 0 8 0
540 241 493 531 0 -8 0
540 233 496 528 0 -8 0
540 225 499 525 0 0 0
540 225 502 522 0 0 0
540 225 505 519 0 0 0
540 225 508 516 0 0 0
540 225 511 513 0 -8 0
540 217 514 510 0 8 0
540 225 517 507 0 -8 0
540 217 520 504 0 -8 0
540 209 523 501 0 8 0
540 217 526 498 0 0 0
540 217 529 495 0 8 0
540 225 532 492 0 0 0
540 225 535 489 -8 8 0
532 233 538 486 0 0 0
532 233 541 483 0 8 0
532 241 544 480 -8 0 0
524 241 547 477 0 -8 0
524 233 550 474 0 -8 0
524 225 553 471 -8 -8 0
516 217 556 468 0 -8 0
516 209 559 465 -8 8 0
508 217 562 462 0 0 0
508 217 565 459 0 0 0
508 217 568 456 -8 8 0
500 225 571 453 0 8 0
500 233 574 450 0 0 0
500 233 577 447 -8 0 0
492 233 580 444 0 0 0
492 233 583 441 -8 -8 0
484 225 586 438 0 8 0
484 233 589 435 0 -8 0
484 225 592 432 -8 0 0
476 225 595 429 0 0 0
476 225 598 426 0 0 0
476 225 601 423 -8 8 0
468 233 604 420 0 -8 0
468 225 607 417 -8 -8 0
460 217 610 414 0 -8 0
460 209 613 411 0 -8 0
460 201 616 408 -8 0 0
452 201 619 405 0 8 0
452 209 622 402 0 8 0
452 217 625 399 -8 -8 0
444 209 628 396 0 8 0
444 217 631 393 -8 -8 0
436 209 634 390 0 8 0
436 217 637 387 0 0 0
436 217 640 384 -8 0 0
428 217 643 381 0 0 0
428 217 646 378 0 8 0
428 225 649 375 -8 0 0
420 225 652 372 0 -8 0
420 217 655 369 -8 8 0
412 225 658 366 0 -8 0
412 217 661 363 0 -8 0
412 209 664 360 -8 -8 0
404 201 667 357 0 -8 0
404 193 670 354 0 0 0
404 193 673 351 -8 0 0
396 193 676 348 0 8 0
396 201 679 345 -8 0 0
388 201 682 342 0 8 0
388 209 685 339 0 -8 0
388 201 688 336 -8 0 0
380 201 691 333 0 0 0
380 201 694 330 0 8 0
380 209 697 327 -8 -8 0
372 201 700 324 0 -8 0
372 193 703 321 -8 0 0
364 193 706 318 0 8 0
364 201 709 315 0 8 0
364 209 712 312 -8 -8 0
356 201 715 309 0 -8 0
356 193 718 306 0 -8 0
356 185 721 303 -8 8 0
348 193 724 300 0 8 0
348 201 727 297 -8 8 0
340 209 730 294 0 8 0
340 217 733 291 0 8 0
340 225 736 288 -8 0 0
332 225 739 285 0 8 0
332 233 742 282 0 -8 0
332 225 745 279 -8 8 0
324 233 748 276 0 8 0
324 241 751 273 -8 8 0
316 249 754 270 0 8 0
316 257 757 267 0 0 0
316 257 760 264 -8 -8 0
308 249 763 261 0 -8 0
308 241 766 258 0 8 0
308 249 769 255 -8 0 0
300 249 772 252 0 -8 0
300 241 775 249 -8 0 0
292 241 778 246 0 -8 0
292 233 781 243 0 8 0
292 241 778 240 -8 0 0
284 241 775 237 0 0 0
284 241 772 234 0 8 0
284 249 769 231 -8 8 0
276 257 766 228 0 0 0
276 257 763 225 -8 -8 0
268 249 760 222 0 0 0
268 249 757 219 0 8 0
268 257 754 216 -8 -8 0
260 249 751 213 0 -8 0
260 241 748 210 0 -8 0
260 233 745 207 -8 0 0
252 233 742 204 0 8 0
252 241 739 201 -8 0 0
244 241 736 198 0 0 0
244 241 733 195 0 0 0
244 241 730 192 -8 0 0
236 241 727 189 0 0 0
236 241 724 186 0 -8 0
236 233 721 183 -8 8 0
228 241 718 180 0 -8 0
228 233 715 177 -8 0 0
220 233 712 174 0 -8 0
220 225 709 171 0 0 0
220 225 706 168 -8 8 0
212 233 703 165 0 0 0
212 233 700 162 0 -8 0
212 225 697 159 -8 0 0
204 225 694 156 0 0 0
204 225 691 153 -8 0 0
196 225 688 150 0 8 0
196 233 685 147 0 -8 0
196 225 682 144 -8 -8 0
188 217 679 141 0 8 0
188 225 676 138 0 -8 0
188 217 673 135 -8 0 0
180 217 670 132 0 -8 0
180 209 667 129 -8 8 0
172 217 664 126 0 -8 0
172 209 661 123 0 8 0
172 217 658 120 -8 0 0
164 217 655 117 0 8 0
164 225 652 114 0 0 0
164 225 649 111 -8 -8 0
156 217 646 108 0 0 0
156 217 643 105 -8 0 0
148 217 640 102 0 -8 0
148 209 637 99 0 8 0
148 217 634 96 -8 8 0
140 225 631 93 0 8 0
140 233 628 90 0 8 0
140 241 625 87 -8 -8 0
132 233 622 84 0 -8 0
132 225 619 81 -8 -8 0
124 217 616 78 0 -8 0
124 209 613 75 0 8 0
124 217 610 72 -8 8 0
116 225 607 69 0 -8 0
116 217 604 66 0 8 0
116 225 601 63 -8 8 0
108 233 598 60 0 8 0
108 241 595 57 -8 0 0
100 241 592 54 0 -8 0
100 233 589 51 0 8 0
100 241 586 48 -8 -8 0
92 233 583 45 0 -8 0
92 225 580 42 0 -8 0
92 217 577 39 -8 0 0
84 217 574 36 0 8 0
84 225 571 33 -8 0 0
76 225 568 30 0 0 0
76 225 565 27 0 -8 0
76 217 562 24 -8 0 0
68 217 559 21 0 0 0
68 217 556 18 0 -8 0
68 209 553 15 -8 0 0
60 209 550 12 0 -8 0
60 201 547 9 -8 0 0
60 201 544 12 0 -8 0
60 193 541 15 0 -8 0
60 185 538 18 0 0 0
60 185 535 21 0 -8 0
60 177 532 24 0 8 0
60 185 529 27 0 -8 0
60 177 526 30 0 -8 0
60 169 523 33 0 0 0
60 169 520 36 0 8 0
60 177 517 39 0 0 0
60 177 514 42 0 8 0
60 185 511 45 0 8 0
60 193 508 48 0 0 0
60 193 505 51 0 0 0
60 193 502 54 0 0 0
60 193 499 57 0 0 0
60 193 496 60 0 8 0
60 201 493 63 0 8 0
60 209 490 66 0 8 0
60 217 487 69 0 -8 0
60 209 484 72 0 0 0
60 209 481 75 0 0 0
60 209 478 78 0 8 0
60 217 475 81 0 0 0
60 217 472 84 0 8 0
60 225 469 87 0 8 0
60 233 466 90 0 0 0
60 233 463 93 0 -8 0
60 225 460 96 0 8 0
60 233 457 99 0 8 0
60 241 454 102 0 8 0
60 249 451 105 0 -8 0
60 241 448 108 0 -8 0
60 233 445 111 8 -8 0
68 225 442 114 0 0 0
68 225 439 117 0 -8 0
68 217 436 120 8 -8 0
76 209 433 123 0 0 0
76 209 430 126 0 -8 0
76 201 427 129 8 0 0
84 201 424 132 0 0 0
84 201 421 135 8 8 0
92 209 418 138 0 8 0
92 217 415 141 0 0 0
92 217 412 144 8 8 0
100 225 409 147 0 0 0
100 225 406 150 0 -8 0
100 217 403 153 8 -8 0
108 209 400 156 0 0 0
108 209 397 159 8 -8 0
116 201 394 162 0 8 0
116 209 391 165 0 -8 0
116 201 388 168 8 8 0
124 209 385 171 0 8 0
124 217 382 174 0 0 0
124 217 379 177 8 -8 0
132 209 376 180 0 0 0
132 209 373 183 8 -8 0
140 201 370 186 0 8 0
140 209 367 189 0 -8 0
140 201 364 192 8 -8 0
148 193 361 195 0 0 0
148 193 358 198 0 0 0
148 193 355 201 8 0 0
156 193 352 204 0 8 0
156 201 349 207 8 -8 0
164 193 346 210 0 8 0
164 201 343 213 0 0 0
164 201 340 216 8 -8 0
172 193 337 219 0 0 0
172 193 334 222 0 8 0
172 201 331 225 8 0 0
180 201 328 228 0 -8 0
180 193 325 231 8 0 0
188 193 322 234 0 8 0
188 201 319 237 0 8 0
188 209 316 240 8 0 0
196 209 313 243 0 -8 0
196 201 310 246 0 -8 0
196 193 307 249 8 0 0
204 193 304 252 0 -8 0
204 185 301 255 8 0 0
212 185 298 258 0 0 0
212 185 295 261 0 8 0
212 193 292 264 8 8 0
220 201 289 267 0 0 0
220 201 286 270 0 -8 0
220 193 283 273 8 0 0
228 193 280 276 0 8 0
228 201 277 279 8 8 0
236 209 274 282 0 8 0
236 217 271 285 0 8 0
236 225 268 288 8 -8 0
244 217 265 291 0 8 0
244 225 262 294 0 -8 0
244 217 259 297 8 0 0
252 217 256 300 0 -8 0
252 209 253 303 8 8 0
260 217 250 306 0 0 0
260 217 247 309 0 0 0
260 217 244 312 8 8 0
268 225 241 315 0 -8 0
268 217 238 318 0 -8 0
268 209 235 321 8 -8 0
276 201 232 324 0 0 0
276 201 229 327 8 0 0
284 201 226 330 0 -8 0
284 193 223 333 0 8 0
284 201 220 336 8 0 0
292 201 217 339 0 -8 0
292 193 214 342 0 -8 0
292 185 211 345 8 0 0
300 185 208 348 0 -8 0
300 177 205 351 8 8 0
308 185 202 354 0 8 0
308 193 199 357 0 0 0
308 193 196 360 8 0 0
316 193 193 363 0 -8 0
316 185 190 366 0 0 0
316 185 187 369 8 8 0
324 193 184 372 0 8 0
324 201 181 375 8 0 0
332 201 178 378 0 8 0
332 209 175 381 0 8 0
332 217 172 384 8 8 0
340 225 169 387 0 0 0
340 225 166 390 0 8 0
340 233 163 393 8 8 0
348 241 160 396 0 -8 0
348 233 157 399 8 -8 0
356 225 154 402 0 8 0
356 233 151 405 0 -8 0
356 225 148 408 8 0 0
364 225 145 411 0 -8 0
364 217 142 414 0 0 0
364 217 139 417 8 0 0
372 217 136 420 0 0 0
372 217 133 423 8 8 0
380 225 130 426 0 0 0
380 225 127 429 0 0 0
380 225 124 432 8 -8 0
388 217 121 435 0 0 0
388 217 118 438 0 0 0
388 217 115 441 8 0 0
396 217 112 444 0 0 0
396 217 109 447 8 0 0
404 217 106 450 0 0 0
404 217 103 453 0 8 0
404 225 100 456 8 -8 0
412 217 97 459 0 -8 0
412 209 94 462 0 -8 0
412 201 91 465 8 0 0
420 201 88 468 0 0 0
420 201 85 471 8 -8 0
428 193 82 474 0 -8 0
428 185 79 477 0 -8 0
428 177 76 480 8 0 0
436 177 73 483 0 8 0
436 185 70 486 0 -8 0
436 177 67 489 8 -8 0
444 169 64 492 0 8 0
444 177 61 495 8 0 0
452 177 58 498 0 0 0
452 177 55 501 0 0 0
452 177 52 504 8 -8 0
460 169 49 507 0 0 0
460 169 46 510 0 0 0
460 169 43 513 8 8 0
468 177 40 516 0 -8 0
468 169 37 519 8 -8 0
476 161 34 522 0 -8 0
476 153 31 525 0 0 0
476 153 28 528 8 0 0
484 153 25 531 0 -8 0
484 145 22 534 0 -8 0
484 137 19 537 0 0 1
484 137 19 537 0 0 1
484 137 19 537 0 0 1
484 137 19 537 0 0 1
484 137 19 537 0 0 1
