168 64 223 486 0 0 0
168 64 226 489 8 8 0
176 72 229 492 8 0 0
184 72 232 495 8 0 0
192 72 235 498 8 -8 0
200 64 238 501 8 8 0
208 72 241 504 8 8 0
216 80 244 507 8 -8 0
224 72 247 510 8 8 0
232 80 250 513 8 -8 0
240 72 253 516 8 8 0
248 80 256 519 8 8 0
256 88 259 522 8 -8 0
264 80 262 525 8 8 0
272 88 265 528 8 -8 0
280 80 268 531 8 0 0
288 80 271 534 8 -8 0
296 72 274 537 8 8 0
304 80 277 540 8 0 0
312 80 280 543 8 8 0
320 88 283 546 8 8 0
328 96 286 549 8 -8 0
336 88 289 552 8 8 0
344 96 292 555 8 -8 0
352 88 295 558 8 8 0
360 96 298 561 8 -8 0
368 88 301 564 8 -8 0
376 80 304 567 8 0 0
384 80 307 570 8 8 0
392 88 310 573 8 8 0
400 96 313 576 8 8 0
408 104 316 579 8 8 0
416 112 319 582 8 0 0
424 112 322 585 8 0 0
432 112 325 588 8 8 0
440 120 328 591 8 0 0
448 120 331 588 8 8 0
456 128 334 585 8 -8 0
464 120 337 582 8 0 0
472 120 340 579 8 0 0
480 120 343 576 8 8 0
488 128 346 573 8 8 0
496 136 349 570 8 0 0
504 136 352 567 8 8 0
512 144 355 564 8 8 0
520 152 358 561 0 8 0
520 160 361 558 0 8 0
520 168 364 555 0 0 0
520 168 367 552 0 0 0
520 168 370 549 0 8 0
520 176 373 546 0 8 0
520 184 376 543 0 -8 0
520 176 379 540 0 0 0
520 176 382 537 0 8 0
520 184 385 534 0 8 0
520 192 388 531 0 8 0
520 200 391 528 0 0 0
520 200 394 525 0 8 0
520 208 397 522 0 -8 0
520 200 400 519 0 8 0
520 208 403 516 0 0 0
520 208 406 513 0 0 0
520 208 409 510 0 -8 0
520 200 412 507 0 0 0
520 200 415 504 0 8 0
520 208 418 501 0 -8 0
520 200 421 498 0 8 0
520 208 424 495 0 0 0
520 208 427 492 0 -8 0
520 200 430 489 0 8 0
520 208 433 486 0 8 0
520 216 436 483 0 0 0
520 216 439 480 0 8 0
520 224 442 477 0 0 0
520 224 445 474 0 -8 0
520 216 448 471 0 -8 0
520 208 451 468 -8 -8 0
512 200 454 465 0 8 0
512 208 457 462 0 -8 0
512 200 460 459 -8 -8 0
504 192 463 456 0 8 0
504 200 466 453 -8 0 0
496 200 469 450 0 -8 0
496 192 472 447 0 -8 0
496 184 475 444 -8 -8 0
488 176 478 441 0 0 0
488 176 481 438 0 -8 0
488 168 484 435 -8 8 0
480 176 487 432 0 0 0
480 176 490 429 -8 8 0
472 184 493 426 0 0 0
472 184 496 423 0 -8 0
472 176 499 420 -8 -8 0
464 168 502 417 0 8 0
464 176 505 414 0 8 0
464 184 508 411 -8 -8 0
456 176 511 408 0 0 0
456 176 514 405 -8 8 0
448 184 517 402 0 8 0
448 192 520 399 0 -8 0
448 184 523 396 -8 0 0
440 184 526 393 0 0 0
440 184 529 390 0 8 0
440 192 532 387 -8 8 0
432 200 535 384 0 8 0
432 208 538 381 -8 8 0
424 216 541 378 0 8 0
424 224 544 375 0 -8 0
424 216 547 372 -8 8 0
416 224 550 369 0 -8 0
416 216 553 366 0 -8 0
416 208 556 363 -8 8 0
408 216 559 360 0 8 0
408 224 562 357 -8 -8 0
400 216 565 354 0 -8 0
400 208 568 351 0 8 0
400 216 571 348 -8 -8 0
392 208 574 345 0 -8 0
392 200 577 342 0 -8 0
392 192 580 339 -8 0 0
384 192 583 336 0 0 0
384 192 586 333 -8 8 0
376 200 589 330 0 0 0
376 200 592 327 0 0 0
376 200 595 324 -8 -8 0
368 192 598 321 0 8 0
368 200 601 318 0 0 0
368 200 604 315 -8 -8 0
360 192 607 312 0 -8 0
360 184 610 309 -8 8 0
352 192 613 306 0 -8 0
352 184 616 303 0 -8 0
352 176 619 300 -8 0 0
344 176 622 297 0 8 0
344 184 625 294 0 0 0
344 184 628 291 -8 0 0
336 184 631 288 0 0 0
336 184 634 285 -8 -8 0
328 176 637 282 0 8 0
328 184 640 279 0 -8 0
328 176 643 276 -8 -8 0
320 168 646 273 0 0 0
320 168 649 270 0 0 0
320 168 652 267 -8 -8 0
312 160 655 264 0 -8 0
312 152 658 261 -8 8 0
304 160 661 258 0 0 0
304 160 664 255 0 8 0
304 168 667 252 -8 -8 0
296 160 670 249 0 -8 0
296 152 673 246 0 0 0
296 152 676 243 -8 0 0
288 152 679 240 0 -8 0
288 144 682 237 -8 8 0
280 152 685 234 0 0 0
280 152 688 231 0 -8 0
280 144 691 228 -8 0 0
272 144 694 225 0 8 0
272 152 697 222 0 -8 0
272 144 700 219 -8 0 0
264 144 703 216 0 -8 0
264 136 706 213 -8 0 0
256 136 709 210 0 8 0
256 144 712 207 0 8 0
256 152 715 204 -8 0 0
248 152 718 201 0 -8 0
248 144 721 198 0 -8 0
248 136 724 195 -8 0 0
240 136 727 192 0 8 0
240 144 730 189 -8 -8 0
232 136 733 186 0 0 0
232 136 736 183 0 -8 0
232 128 739 180 -8 0 0
224 128 742 177 0 0 0
224 128 745 174 0 -8 0
224 120 748 171 -8 8 0
216 128 751 168 0 -8 0
216 120 754 165 -8 8 0
208 128 757 162 0 -8 0
208 120 760 159 0 -8 0
208 112 763 156 -8 8 0
200 120 766 153 0 -8 0
200 112 769 150 0 0 0
200 112 772 147 -8 8 0
192 120 775 144 0 8 0
192 128 778 141 -8 -8 0
184 120 781 138 0 8 0
184 128 778 135 0 -8 0
184 120 775 132 -8 -8 0
176 112 772 129 0 0 0
176 112 769 126 0 0 0
176 112 766 123 -8 0 0
168 112 763 120 0 0 0
168 112 760 117 -8 0 0
160 112 757 114 0 0 0
160 112 754 111 0 0 0
160 112 751 108 -8 -8 0
152 104 748 105 0 -8 0
152 96 745 102 0 0 0
152 96 742 99 -8 8 0
144 104 739 96 0 8 0
144 112 736 93 -8 -8 0
136 104 733 90 0 8 0
136 112 730 87 0 -8 0
136 104 727 84 -8 -8 0
128 96 724 81 0 8 0
128 104 721 78 0 0 0
128 104 718 75 -8 8 0
120 112 715 72 0 -8 0
120 104 712 69 -8 -8 0
112 96 709 66 0 0 0
112 96 706 63 0 0 0
112 96 703 60 -8 8 0
104 104 700 57 0 8 0
104 112 697 54 0 -8 0
104 104 694 51 -8 -8 0
96 96 691 48 0 -8 0
96 88 688 45 -8 -8 0
88 80 685 42 0 -8 0
88 72 682 39 0 8 0
88 80 679 36 -8 8 0
80 88 676 33 0 8 0
80 96 673 30 0 8 0
80 104 670 27 -8 8 0
72 112 667 24 0 0 0
72 112 664 21 -8 8 0
64 120 661 18 0 -8 0
64 112 658 15 0 8 0
64 120 655 12 -8 -8 0
60 112 652 9 -8 8 0
60 120 649 12 0 -8 0
60 112 646 15 0 0 0
60 112 643 18 0 0 0
60 112 640 21 0 -8 0
60 104 637 24 0 8 0
60 112 634 27 0 -8 0
60 104 631 30 0 0 0
60 104 628 33 0 8 0
60 112 625 36 0 0 0
60 112 622 39 0 0 0
60 112 619 42 0 -8 0
60 104 616 45 0 0 0
60 104 613 48 0 -8 0
60 96 610 51 0 -8 0
60 88 607 54 0 8 0
60 96 604 57 0 0 0
60 96 601 60 0 0 0
60 96 598 63 0 0 0
60 96 595 66 0 0 0
60 96 592 69 0 8 0
60 104 589 72 0 8 0
60 112 586 75 0 0 0
60 112 583 78 0 8 0
60 120 580 81 0 8 0
60 128 577 84 0 0 0
60 128 574 87 0 8 0
60 136 571 90 0 0 0
60 136 568 93 0 0 0
60 136 565 96 0 0 0
60 136 562 99 0 0 0
60 136 559 102 0 8 0
60 144 556 105 0 -8 0
60 136 553 108 0 -8 0
60 128 550 111 8 0 0
68 128 547 114 0 0 0
68 128 544 117 0 8 0
68 136 541 120 8 0 0
76 136 538 123 0 8 0
76 144 535 126 0 8 0
76 152 532 129 8 0 0
84 152 529 132 0 -8 0
84 144 526 135 8 0 0
92 144 523 138 0 -8 0
92 136 520 141 0 -8 0
92 128 517 144 8 -8 0
100 120 514 147 0 8 0
100 128 511 150 0 0 0
100 128 508 153 8 8 0
108 136 505 156 0 0 0
108 136 502 159 8 8 0
116 144 499 162 0 0 0
116 144 496 165 0 0 0
116 144 493 168 8 8 0
124 152 490 171 0 -8 0
124 144 487 174 0 0 0
124 144 484 177 8 0 0
132 144 481 180 0 0 0
132 144 478 183 8 8 0
140 152 475 186 0 -8 0
140 144 472 189 0 0 0
140 144 469 192 8 8 0
148 152 466 195 0 8 0
148 160 463 198 0 8 0
148 168 460 201 8 0 0
156 168 457 204 0 0 0
156 168 454 207 8 -8 0
164 160 451 210 0 -8 0
164 152 448 213 0 0 0
164 152 445 216 8 -8 0
172 144 442 219 0 8 0
172 152 439 222 0 8 0
172 160 436 225 8 -8 0
180 152 433 228 0 0 0
180 152 430 231 8 8 0
188 160 427 234 0 0 0
188 160 424 237 0 -8 0
188 152 421 240 8 0 0
196 152 418 243 0 0 0
196 152 415 246 0 -8 0
196 144 412 249 8 0 0
204 144 409 252 0 8 0
204 152 406 255 8 0 0
212 152 403 258 0 8 0
212 160 400 261 0 -8 0
212 152 397 264 8 8 0
220 160 394 267 0 0 0
220 160 391 270 0 0 0
220 160 388 273 8 0 0
228 160 385 276 0 0 0
228 160 382 279 8 8 0
236 168 379 282 0 8 0
236 176 376 285 0 -8 0
236 168 373 288 8 8 0
244 176 370 291 0 0 0
244 176 367 294 0 0 0
244 176 364 297 8 8 0
252 184 361 300 0 0 0
252 184 358 303 8 8 0
260 192 355 306 0 0 0
260 192 352 309 0 8 0
260 200 349 312 8 8 0
268 208 346 315 0 8 0
268 216 343 318 0 -8 0
268 208 340 321 8 0 0
276 208 337 324 0 -8 0
276 200 334 327 8 8 0
284 208 331 330 0 8 0
284 216 328 333 0 -8 0
284 208 325 336 8 8 0
292 216 322 339 0 8 0
292 224 319 342 0 -8 0
292 216 316 345 8 8 0
300 224 313 348 0 -8 0
300 216 310 351 8 0 0
308 216 307 354 0 8 0
308 224 304 357 0 0 0
308 224 301 360 8 0 0
316 224 298 363 0 -8 0
316 216 295 366 0 8 0
316 224 292 369 8 0 0
324 224 289 372 0 8 0
324 232 286 375 8 -8 0
332 224 283 378 0 8 0
332 232 280 381 0 8 0
332 240 277 384 8 8 0
340 248 274 387 0 8 0
340 256 271 390 0 -8 0
340 248 268 393 8 -8 0
348 240 265 396 0 -8 0
348 232 262 399 8 -8 0
356 224 259 402 0 -8 0
356 216 256 405 0 8 0
356 224 253 408 8 0 0
364 224 250 411 0 -8 0
364 216 247 414 0 -8 0
364 208 244 417 8 -8 0
372 200 241 420 0 0 0
372 200 238 423 8 0 0
380 200 235 426 0 8 0
380 208 232 429 0 -8 0
380 200 229 432 8 8 0
388 208 226 435 0 0 0
388 208 223 438 0 8 0
388 216 220 441 8 0 0
396 216 217 444 0 8 0
396 224 214 447 8 0 0
404 224 211 450 0 -8 0
404 216 208 453 0 -8 0
404 208 205 456 8 0 0
412 208 202 459 0 -8 0
412 200 199 462 0 -8 0
412 192 196 465 8 8 0
420 200 193 468 0 -8 0
420 192 190 471 8 8 0
428 200 187 474 0 8 0
428 208 184 477 0 8 0
428 216 181 480 8 8 0
436 224 178 483 0 -8 0
436 216 175 486 0 -8 0
436 208 172 489 8 8 0
444 216 169 492 0 0 0
444 216 166 495 8 -8 0
452 208 163 498 0 8 0
452 216 160 501 0 -8 0
452 208 157 504 8 0 0
460 208 154 507 0 0 0
460 208 151 510 0 -8 0
460 200 148 513 8 0 0
468 200 145 516 0 -8 0
468 192 142 519 8 -8 0
476 184 139 522 0 0 0
476 184 136 525 0 8 0
476 192 133 528 8 8 0
484 200 130 531 0 8 0
484 208 127 534 0 8 0
484 216 124 537 8 8 0
492 224 121 540 0 0 0
492 224 118 543 8 8 0
500 232 115 546 0 -8 0
500 224 112 549 0 -8 0
500 216 109 552 8 -8 0
508 208 106 555 0 0 0
508 208 103 558 0 -8 0
508 200 100 561 8 -8 0
516 192 97 564 0 8 0
516 200 94 567 8 -8 0
524 192 91 570 0 0 0
524 192 88 573 0 8 0
524 200 85 576 8 -8 0
532 192 82 579 0 0 0
532 192 79 582 0 0 0
532 192 76 585 8 0 0
540 192 73 588 0 -8 0
540 184 70 591 8 0 0
540 184 67 588 0 8 0
540 192 64 585 0 -8 0
540 184 61 582 0 -8 0
540 176 58 579 0 -8 0
540 168 55 576 0 -8 0
540 160 52 573 0 8 0
540 168 49 570 0 -8 0
540 160 46 567 0 0 0
540 160 43 564 0 0 0
540 160 40 561 0 8 0
540 168 37 558 0 8 0
540 176 34 555 0 -8 0
540 168 31 552 0 8 0
540 176 28 549 0 0 0
540 176 25 546 0 8 0
540 184 22 543 0 8 0
540 192 19 540 0 0 0
540 192 22 537 0 -8 0
540 184 25 534 0 -8 0
540 176 28 531 0 -8 0
540 168 31 528 0 0 0
540 168 34 525 0 -8 0
540 160 37 522 0 -8 0
540 152 40 519 0 8 0
540 160 43 516 0 8 0
540 168 46 513 0 -8 0
540 160 49 510 0 8 0
540 168 52 507 0 8 0
540 176 55 504 0 0 0
540 176 58 501 0 0 0
540 176 61 498 0 8 0
540 184 64 495 0 8 0
540 192 67 492 0 8 0
540 200 70 489 -8 -8 0
532 192 73 486 0 8 0
532 200 76 483 0 8 0
532 208 79 480 -8 8 0
524 216 82 477 0 8 0
524 224 85 474 0 0 0
524 224 88 471 -8 -8 0
516 216 91 468 0 8 0
516 224 94 465 -8 0 0
508 224 97 462 0 0 0
508 224 100 459 0 0 0
508 224 103 456 -8 0 0
500 224 106 453 0 -8 0
500 216 109 450 0 -8 0
500 208 112 447 -8 -8 0
492 200 115 444 0 0 0
492 200 118 441 -8 -8 0
484 192 121 438 0 0 0
484 192 124 435 0 0 0
484 192 127 432 -8 8 0
476 200 130 429 0 8 0
476 208 133 426 0 8 0
476 216 136 423 -8 -8 0
468 208 139 420 0 -8 0
468 200 142 417 -8 8 0
460 208 145 414 0 0 0
460 208 148 411 0 0 0
460 208 151 408 -8 8 0
452 216 154 405 0 0 0
452 216 157 402 0 -8 0
452 208 160 399 -8 -8 0
444 200 163 396 0 0 0
444 200 166 393 -8 -8 0
436 192 169 390 0 8 0
436 200 172 387 0 0 0
436 200 175 384 -8 0 0
428 200 178 381 0 8 0
428 208 181 378 0 -8 0
428 200 184 375 -8 0 0
420 200 187 372 0 8 0
420 208 190 369 -8 0 0
412 208 193 366 0 8 0
412 216 196 363 0 8 0
412 224 199 360 -8 8 0
404 232 202 357 0 -8 0
404 224 205 354 0 8 0
404 232 208 351 -8 0 0
396 232 211 348 0 8 0
396 240 214 345 -8 8 0
388 248 217 342 0 0 0
388 248 220 339 0 -8 0
388 240 223 336 -8 8 0
380 248 226 333 0 -8 0
380 240 229 330 0 8 0
380 248 232 327 -8 8 0
372 256 235 324 0 0 0
372 256 238 321 -8 -8 0
364 248 241 318 0 8 0
364 256 244 315 0 0 0
364 256 247 312 -8 8 0
356 264 250 309 0 -8 0
356 256 253 306 0 8 0
356 264 256 303 -8 -8 0
348 256 259 300 0 0 0
348 256 262 297 -8 -8 0
340 248 265 294 0 8 0
340 256 268 291 0 8 0
340 264 271 288 -8 8 0
332 272 274 285 0 0 0
332 272 277 282 0 -8 0
332 264 280 279 -8 0 0
324 264 283 276 0 0 0
324 264 286 273 -8 0 0
316 264 289 270 0 -8 0
316 256 292 267 0 -8 0
316 248 295 264 -8 -8 0
308 240 298 261 0 8 0
308 248 301 258 0 -8 0
308 240 304 255 -8 -8 0
300 232 307 252 0 8 0
300 240 310 249 -8 8 0
292 248 313 246 0 -8 0
292 240 316 243 0 0 0
292 240 319 240 -8 -8 0
284 232 322 237 0 -8 0
284 224 325 234 0 -8 0
284 216 328 231 -8 -8 0
276 208 331 228 0 8 0
276 216 334 225 -8 -8 0
268 208 337 222 0 -8 0
268 200 340 219 0 0 0
268 200 343 216 -8 8 0
260 208 346 213 0 0 0
260 208 349 210 0 0 0
260 208 352 207 -8 8 0
252 216 355 204 0 8 0
252 224 358 201 -8 -8 0
244 216 361 198 0 8 0
244 224 364 195 0 -8 0
244 216 367 192 -8 8 0
236 224 370 189 0 0 0
236 224 373 186 0 0 0
236 224 376 183 -8 -8 0
228 216 379 180 0 -8 0
228 208 382 177 -8 -8 0
220 200 385 174 0 8 0
220 208 388 171 0 8 0
220 216 391 168 -8 8 0
212 224 394 165 0 0 0
212 224 397 162 0 0 0
212 224 400 159 -8 0 0
204 224 403 156 0 8 0
204 232 406 153 -8 8 0
196 240 409 150 0 0 0
196 240 412 147 0 -8 0
196 232 415 144 -8 0 0
188 232 418 141 0 0 0
188 232 421 138 0 0 0
188 232 424 135 -8 -8 0
180 224 427 132 0 0 0
180 224 430 129 -8 -8 0
172 216 433 126 0 -8 0
172 208 436 123 0 0 0
172 208 439 120 -8 0 0
164 208 442 117 0 0 0
164 208 445 114 0 -8 0
164 200 448 111 -8 0 0
156 200 451 108 0 -8 0
156 192 454 105 -8 -8 0
148 184 457 102 0 8 0
148 192 460 99 0 -8 0
148 184 463 96 -8 8 0
140 192 466 93 0 0 0
140 192 469 90 0 8 0
140 200 472 87 -8 -8 0
132 192 475 84 0 0 0
132 192 478 81 -8 -8 0
124 184 481 78 0 0 0
124 184 484 75 0 8 0
124 192 487 72 -8 8 0
116 200 490 69 0 0 0
116 200 493 66 0 8 0
116 208 496 63 -8 0 0
108 208 499 60 0 0 0
108 208 502 57 -8 -8 0
100 200 505 54 0 0 0
100 200 508 51 0 8 0
100 208 511 48 -8 0 0
92 208 514 45 0 -8 0
92 200 517 42 0 8 0
92 208 520 39 -8 8 0
84 216 523 36 0 0 0
84 216 526 33 -8 0 0
76 216 529 30 0 0 0
76 216 532 27 0 -8 0
76 208 535 24 -8 8 0
68 216 538 21 0 8 0
68 224 541 18 0 -8 0
68 216 544 15 -8 8 0
60 224 547 12 0 8 0
60 232 550 9 -8 0 0
60 232 553 12 0 8 0
60 240 556 15 0 8 0
60 248 559 18 0 -8 0
60 240 562 21 0 -8 0
60 232 565 24 0 8 0
60 240 568 27 0 -8 0
60 232 571 30 0 0 0
60 232 574 33 0 8 0
60 240 577 36 0 -8 0
60 232 580 39 0 -8 0
60 224 583 42 0 -8 0
60 216 586 45 0 0 0
60 216 589 48 0 8 0
60 224 592 51 0 0 0
60 224 595 54 0 0 0
60 224 598 57 0 0 0
60 224 601 60 0 0 0
60 224 604 63 0 0 0
60 224 607 66 0 0 0
60 224 610 69 0 -8 0
60 216 613 72 0 0 0
60 216 616 75 0 -8 0
60 208 619 78 0 8 0
60 216 622 81 0 -8 0
60 208 625 84 0 0 0
60 208 628 87 0 8 0
60 216 631 90 0 -8 0
60 208 634 93 0 -8 0
60 200 637 96 0 -8 0
60 192 640 99 0 0 0
60 192 643 102 0 -8 0
60 184 646 105 0 8 0
60 192 649 108 0 -8 0
60 184 652 111 8 0 0
68 184 655 114 0 0 0
68 184 658 117 0 8 0
68 192 661 120 8 -8 0
76 184 664 123 0 0 0
76 184 667 126 0 -8 0
76 176 670 129 8 0 0
84 176 673 132 0 8 0
84 184 676 135 8 0 0
92 184 679 138 0 8 0
92 192 682 141 0 0 0
92 192 685 144 8 0 0
100 192 688 147 0 8 0
100 200 691 150 0 8 0
100 208 694 153 8 8 0
108 216 697 156 0 -8 0
108 208 700 159 8 -8 0
116 200 703 162 0 -8 0
116 192 706 165 0 -8 0
116 184 709 168 8 -8 0
124 176 712 171 0 -8 0
124 168 715 174 0 -8 0
124 160 718 177 8 -8 0
132 152 721 180 0 0 0
132 152 724 183 8 8 0
140 160 727 186 0 0 0
140 160 730 189 0 -8 0
140 152 733 192 8 0 0
148 152 736 195 0 8 0
148 160 739 198 0 0 0
148 160 742 201 8 0 0
156 160 745 204 0 -8 0
156 152 748 207 8 0 0
164 152 751 210 0 0 0
164 152 754 213 0 8 0
164 160 757 216 8 0 0
172 160 760 219 0 8 0
172 168 763 222 0 -8 0
172 160 766 225 8 -8 0
180 152 769 228 0 0 0
180 152 772 231 8 0 0
188 152 775 234 0 8 0
188 160 778 237 0 -8 0
188 152 781 240 0 0 1
188 152 781 240 0 0 1
188 152 781 240 0 0 1
188 152 781 240 0 0 1
188 152 781 240 0 0 1
