224 517 268 492 0 0 0
224 517 271 495 8 8 0
232 525 274 498 8 8 0
240 533 277 501 8 0 0
248 533 280 504 8 8 0
256 540 283 507 8 0 0
264 540 286 510 8 0 0
272 540 289 513 8 8 0
280 540 292 516 8 0 0
288 540 295 519 8 0 0
296 540 298 522 8 8 0
304 540 301 525 8 -8 0
312 532 304 528 8 8 0
320 540 307 531 8 -8 0
328 532 310 534 8 -8 0
336 524 313 537 8 -8 0
344 516 316 540 8 8 0
352 524 319 543 8 8 0
360 532 322 546 8 0 0
368 532 325 549 8 0 0
376 532 328 552 8 0 0
384 532 331 555 8 -8 0
392 524 334 558 8 8 0
400 532 337 561 8 0 0
408 532 340 564 8 8 0
416 540 343 567 8 8 0
424 540 346 570 8 8 0
432 540 349 573 8 8 0
440 540 352 576 8 8 0
448 540 355 579 8 0 0
456 540 358 582 8 0 0
464 540 361 585 8 8 0
472 540 364 588 8 8 0
480 540 367 591 8 -8 0
488 532 370 588 8 -8 0
496 524 373 585 8 0 0
504 524 376 582 8 8 0
512 532 379 579 8 8 0
520 540 382 576 8 -8 0
528 532 385 573 0 -8 0
528 524 388 570 0 0 0
528 524 391 567 0 0 0
528 524 394 564 0 8 0
528 532 397 561 0 8 0
528 540 400 558 0 8 0
528 540 403 555 0 0 0
528 540 406 552 0 -8 0
528 532 409 549 0 8 0
528 540 412 546 0 0 0
528 540 415 543 0 -8 0
528 532 418 540 0 0 0
528 532 421 537 0 -8 0
528 524 424 534 0 8 0
528 532 427 531 0 8 0
528 540 430 528 0 8 0
528 540 433 525 0 -8 0
528 532 436 522 0 8 0
528 540 439 519 0 0 0
528 540 442 516 0 -8 0
528 532 445 513 0 0 0
528 532 448 510 0 8 0
528 540 451 507 0 0 0
528 540 454 504 0 -8 0
528 532 457 501 0 8 0
528 540 460 498 0 0 0
528 540 463 495 0 8 0
528 540 466 492 0 -8 0
528 532 469 489 0 0 0
528 532 472 486 0 -8 0
528 524 475 483 0 -8 0
528 516 478 480 0 8 0
528 524 481 477 -8 -8 0
520 516 484 474 0 -8 0
520 508 487 471 0 0 0
520 508 490 468 -8 8 0
512 516 493 465 0 0 0
512 516 496 462 0 0 0
512 516 499 459 -8 0 0
504 516 502 456 0 0 0
504 516 505 453 -8 -8 0
496 508 508 450 0 -8 0
496 500 511 447 0 8 0
496 508 514 444 -8 8 0
488 516 517 441 0 0 0
488 516 520 438 0 -8 0
488 508 523 435 -8 8 0
480 516 526 432 0 8 0
480 524 529 429 -8 8 0
472 532 532 426 0 8 0
472 540 535 423 0 0 0
472 540 538 420 -8 8 0
464 540 541 417 0 -8 0
464 532 544 414 0 0 0
464 532 547 411 -8 0 0
456 532 550 408 0 8 0
456 540 553 405 -8 8 0
448 540 556 402 0 0 0
448 540 559 399 0 0 0
448 540 562 396 -8 8 0
440 540 565 393 0 0 0
440 540 568 390 0 -8 0
440 532 571 387 -8 0 0
432 532 574 384 0 8 0
432 540 577 381 -8 8 0
424 540 580 378 0 -8 0
424 532 583 375 0 8 0
424 540 586 372 -8 0 0
416 540 589 369 0 -8 0
416 532 592 366 0 -8 0
416 524 595 363 -8 0 0
408 524 598 360 0 -8 0
408 516 601 357 -8 0 0
400 516 604 354 0 8 0
400 524 607 351 0 8 0
400 532 610 348 -8 0 0
392 532 613 345 0 -8 0
392 524 616 342 0 8 0
392 532 619 339 -8 -8 0
384 524 622 336 0 -8 0
384 516 625 333 -8 0 0
376 516 628 330 0 8 0
376 524 631 327 0 8 0
376 532 634 324 -8 -8 0
368 524 637 321 0 -8 0
368 516 640 318 0 8 0
368 524 643 315 -8 8 0
360 532 646 312 0 8 0
360 540 649 309 -8 0 0
352 540 652 306 0 -8 0
352 532 655 303 0 0 0
352 532 658 300 -8 -8 0
344 524 661 297 0 0 0
344 524 664 294 0 -8 0
344 516 667 291 -8 0 0
336 516 670 288 0 -8 0
336 508 673 285 -8 0 0
328 508 676 282 0 8 0
328 516 679 279 0 0 0
328 516 682 276 -8 -8 0
320 508 685 273 0 8 0
320 516 688 270 0 0 0
320 516 691 267 -8 0 0
312 516 694 264 0 -8 0
312 508 697 261 -8 0 0
304 508 700 258 0 0 0
304 508 703 255 0 0 0
304 508 706 252 -8 8 0
296 516 709 249 0 0 0
296 516 712 246 0 8 0
296 524 715 243 -8 -8 0
288 516 718 240 0 0 0
288 516 721 237 -8 8 0
280 524 724 234 0 8 0
280 532 727 231 0 0 0
280 532 730 228 -8 -8 0
272 524 733 225 0 -8 0
272 516 736 222 0 0 0
272 516 739 219 -8 8 0
264 524 742 216 0 0 0
264 524 745 213 -8 8 0
256 532 748 210 0 -8 0
256 524 751 207 0 0 0
256 524 754 204 -8 8 0
248 532 757 201 0 8 0
248 540 760 198 0 8 0
248 540 763 195 -8 0 0
240 540 766 192 0 -8 0
240 532 769 189 -8 -8 0
232 524 772 186 0 8 0
232 532 775 183 0 -8 0
232 524 778 180 -8 0 0
224 524 781 177 0 0 1
224 524 781 177 0 0 1
224 524 781 177 0 0 1
224 524 781 177 0 0 1
224 524 781 177 0 0 1
