390 393 676 369 0 0 0
390 393 679 366 0 8 0
390 401 682 363 0 -8 0
390 393 685 360 0 0 0
390 393 688 357 0 -8 0
390 385 691 354 0 8 0
390 393 694 351 0 -8 0
390 385 697 348 0 8 0
390 393 700 345 0 -8 0
390 385 703 342 0 -8 0
390 377 706 339 -8 8 0
382 385 709 336 0 -8 0
382 377 712 333 0 0 0
382 377 715 330 -8 8 0
374 385 718 327 0 0 0
374 385 721 324 0 8 0
374 393 724 321 -8 -8 0
366 385 727 318 0 -8 0
366 377 730 315 -8 0 0
358 377 733 312 0 0 0
358 377 736 309 0 8 0
358 385 739 306 -8 -8 0
350 377 742 303 0 0 0
350 377 745 300 0 -8 0
350 369 748 297 -8 8 0
342 377 751 294 0 8 0
342 385 754 291 -8 8 0
334 393 757 288 0 8 0
334 401 760 285 0 -8 0
334 393 763 282 -8 -8 0
326 385 766 279 0 -8 0
326 377 769 276 0 -8 0
326 369 772 273 -8 -8 0
318 361 775 270 0 8 0
318 369 778 267 -8 8 0
310 377 781 264 0 0 1
310 377 781 264 0 0 1
310 377 781 264 0 0 1
310 377 781 264 0 0 1
310 377 781 264 0 0 1
