478 491 343 213 0 0 0
478 491 346 216 -8 -8 0
470 483 349 219 -8 0 0
462 483 352 222 -8 0 0
454 483 355 225 -8 8 0
446 491 358 228 -8 -8 0
438 483 361 231 -8 -8 0
430 475 364 234 -8 -8 0
422 467 367 237 -8 8 0
414 475 370 240 -8 -8 0
406 467 373 243 -8 -8 0
398 459 376 246 -8 0 0
390 459 379 249 -8 8 0
382 467 382 252 -8 0 0
374 467 385 255 -8 8 0
366 475 388 258 -8 8 0
358 483 391 261 -8 8 0
350 491 394 264 -8 8 0
342 499 397 267 -8 -8 0
334 491 400 270 -8 -8 0
326 483 403 273 -8 -8 0
318 475 406 276 0 8 0
318 483 409 279 0 -8 0
318 475 412 282 0 0 0
318 475 415 285 0 8 0
318 483 418 288 0 0 0
318 483 421 291 0 8 0
318 491 424 294 0 -8 0
318 483 427 297 0 8 0
318 491 430 300 0 -8 0
318 483 433 303 0 8 0
318 491 436 306 0 0 0
318 491 439 309 0 -8 0
318 483 442 312 0 -8 0
318 475 445 315 0 8 0
318 483 448 318 0 0 0
318 483 451 321 0 8 0
318 491 454 324 0 0 0
318 491 457 327 0 0 0
318 491 460 330 0 -8 0
318 483 463 333 0 -8 0
318 475 466 336 0 0 0
318 475 469 339 0 8 0
318 483 472 342 0 -8 0
318 475 475 345 0 8 0
318 483 478 348 0 0 0
318 483 481 351 0 -8 0
318 475 484 354 0 -8 0
318 467 487 357 0 -8 0
318 459 490 360 0 8 0
318 467 493 363 0 -8 0
318 459 496 366 0 -8 0
318 451 499 369 8 0 0
326 451 502 372 0 8 0
326 459 505 375 0 0 0
326 459 508 378 8 0 0
334 459 511 381 0 -8 0
334 451 514 384 0 -8 0
334 443 517 387 8 8 0
342 451 520 390 0 -8 0
342 443 523 393 8 8 0
350 451 526 396 0 0 0
350 451 529 399 0 -8 0
350 443 532 402 8 0 0
358 443 535 405 0 8 0
358 451 538 408 0 8 0
358 459 541 411 8 8 0
366 467 544 414 0 0 0
366 467 547 417 8 0 0
374 467 550 420 0 8 0
374 475 553 423 0 -8 0
374 467 556 426 8 0 0
382 467 559 429 0 0 0
382 467 562 432 0 0 0
382 467 565 435 8 8 0
390 475 568 438 0 8 0
390 483 571 441 8 8 0
398 491 574 444 0 8 0
398 499 577 447 0 8 0
398 507 580 450 8 8 0
406 515 583 453 0 0 0
406 515 586 456 0 8 0
406 523 589 459 8 -8 0
414 515 592 462 0 -8 0
414 507 595 465 8 8 0
422 515 598 468 0 -8 0
422 507 601 471 0 8 0
422 515 604 474 8 0 0
430 515 607 477 0 0 0
430 515 610 480 0 -8 0
430 507 613 483 8 8 0
438 515 616 486 0 0 0
438 515 619 489 8 8 0
446 523 622 492 0 -8 0
446 515 625 495 0 8 0
446 523 628 498 8 0 0
454 523 631 501 0 0 0
454 523 634 504 0 8 0
454 531 637 507 8 -8 0
462 523 640 510 0 -8 0
462 515 643 513 8 8 0
470 523 646 516 0 0 0
470 523 649 519 0 8 0
470 531 652 522 8 -8 0
478 523 655 525 0 0 0
478 523 658 528 0 0 0
478 523 661 531 8 -8 0
486 515 664 534 0 8 0
486 523 667 537 8 -8 0
494 515 670 540 0 8 0
494 523 673 543 0 0 0
494 523 676 546 8 0 0
502 523 679 549 0 0 0
502 523 682 552 0 8 0
502 531 685 555 8 8 0
510 539 688 558 0 -8 0
510 531 691 561 8 0 0
518 531 694 564 0 0 0
518 531 697 567 0 0 0
518 531 700 570 8 8 0
526 539 703 573 0 8 0
526 540 706 576 0 8 0
526 540 709 579 8 0 0
534 540 712 582 0 -8 0
534 532 715 585 8 -8 0
540 524 718 588 0 8 0
540 532 721 591 8 0 0
540 532 724 588 0 0 0
540 532 727 585 0 -8 0
540 524 730 582 0 8 0
540 532 733 579 0 0 0
540 532 736 576 0 8 0
540 540 739 573 0 8 0
540 540 742 570 0 8 0
540 540 745 567 0 8 0
540 540 748 564 0 -8 0
540 532 751 561 0 0 0
540 532 754 558 0 8 0
540 540 757 555 0 -8 0
540 532 760 552 0 8 0
540 540 763 549 0 0 0
540 540 766 546 0 0 0
540 540 769 543 0 8 0
540 540 772 540 0 -8 0
540 532 775 537 0 8 0
540 540 778 534 0 8 0
540 540 781 531 0 8 0
540 540 778 528 0 8 0
540 540 775 525 0 -8 0
540 532 772 522 0 -8 0
540 524 769 519 0 0 0
540 524 766 516 0 0 0
540 524 763 513 0 -8 0
540 516 760 510 0 8 0
540 524 757 507 0 0 0
540 524 754 504 0 8 0
540 532 751 501 0 8 0
540 540 748 498 0 0 0
540 540 745 495 0 0 0
540 540 742 492 0 -8 0
540 532 739 489 -8 8 0
532 540 736 486 0 0 0
532 540 733 483 0 -8 0
532 532 730 480 -8 8 0
524 540 727 477 0 -8 0
524 532 724 474 0 8 0
524 540 721 471 -8 0 0
516 540 718 468 0 0 0
516 540 715 465 -8 8 0
508 540 712 462 0 0 0
508 540 709 459 0 0 0
508 540 706 456 -8 0 0
500 540 703 453 0 -8 0
500 532 700 450 0 0 0
500 532 697 447 -8 -8 0
492 524 694 444 0 0 0
492 524 691 441 -8 0 0
484 524 688 438 0 0 0
484 524 685 435 0 8 0
484 532 682 432 -8 8 0
476 540 679 429 0 -8 0
476 532 676 426 0 -8 0
476 524 673 423 -8 -8 0
468 516 670 420 0 8 0
468 524 667 417 -8 8 0
460 532 664 414 0 0 0
460 532 661 411 0 0 0
460 532 658 408 -8 -8 0
452 524 655 405 0 -8 0
452 516 652 402 0 8 0
452 524 649 399 -8 8 0
444 532 646 396 0 0 0
444 532 643 393 -8 8 0
436 540 640 390 0 8 0
436 540 637 387 0 -8 0
436 532 634 384 -8 0 0
428 532 631 381 0 8 0
428 540 628 378 0 -8 0
428 532 625 375 -8 8 0
420 540 622 372 0 0 0
420 540 619 369 -8 8 0
412 540 616 366 0 0 0
412 540 613 363 0 8 0
412 540 610 360 -8 0 0
404 540 607 357 0 8 0
404 540 604 354 0 8 0
404 540 601 351 -8 8 0
396 540 598 348 0 -8 0
396 532 595 345 -8 8 0
388 540 592 342 0 0 0
388 540 589 339 0 8 0
388 540 586 336 -8 -8 0
380 532 583 333 0 8 0
380 540 580 330 0 0 0
380 540 577 327 -8 0 0
372 540 574 324 0 8 0
372 540 571 321 -8 8 0
364 540 568 318 0 -8 0
364 532 565 315 0 -8 0
364 524 562 312 -8 8 0
356 532 559 309 0 8 0
356 540 556 306 0 8 0
356 540 553 303 -8 8 0
348 540 550 300 0 8 0
348 540 547 297 -8 0 0
340 540 544 294 0 -8 0
340 532 541 291 0 0 0
340 532 538 288 -8 0 0
332 532 535 285 0 8 0
332 540 532 282 0 8 0
332 540 529 279 -8 8 0
324 540 526 276 0 -8 0
324 532 523 273 -8 8 0
316 540 520 270 0 8 0
316 540 517 267 0 8 0
316 540 514 264 -8 0 0
308 540 511 261 0 -8 0
308 532 508 258 0 8 0
308 540 505 255 -8 -8 0
300 532 502 252 0 8 0
300 540 499 249 -8 0 0
292 540 496 246 0 -8 0
292 532 493 243 0 -8 0
292 524 490 240 -8 0 0
284 524 487 237 0 8 0
284 532 484 234 0 -8 0
284 524 481 231 -8 -8 0
276 516 478 228 0 0 0
276 516 475 225 -8 -8 0
268 508 472 222 0 0 0
268 508 469 219 0 0 0
268 508 466 216 -8 0 0
260 508 463 213 0 8 0
260 516 460 210 0 -8 0
260 508 457 207 -8 0 0
252 508 454 204 0 -8 0
252 500 451 201 -8 8 0
244 508 448 198 0 0 0
244 508 445 195 0 8 0
244 516 442 192 -8 -8 0
236 508 439 189 0 8 0
236 516 436 186 0 0 0
236 516 433 183 -8 0 0
228 516 430 180 0 0 0
228 516 427 177 -8 8 0
220 524 424 174 0 0 0
220 524 421 171 0 -8 0
220 516 418 168 -8 8 0
212 524 415 165 0 -8 0
212 516 412 162 0 0 0
212 516 409 159 -8 0 0
204 516 406 156 0 -8 0
204 508 403 153 -8 8 0
196 516 400 150 0 8 0
196 524 397 147 0 8 0
196 532 394 144 -8 8 0
188 540 391 141 0 8 0
188 540 388 138 0 8 0
188 540 385 135 -8 8 0
180 540 382 132 0 0 0
180 540 379 129 -8 8 0
172 540 376 126 0 -8 0
172 532 373 123 0 -8 0
172 524 370 120 -8 8 0
164 532 367 117 0 8 0
164 540 364 114 0 -8 0
164 532 361 111 -8 -8 0
156 524 358 108 0 0 0
156 524 355 105 -8 0 0
148 524 352 102 0 -8 0
148 516 349 99 0 0 0
148 516 346 96 -8 8 0
140 524 343 93 0 0 0
140 524 340 90 0 0 0
140 524 337 87 -8 0 0
132 524 334 84 0 0 0
132 524 331 81 -8 0 0
124 524 328 78 0 -8 0
124 516 325 75 0 0 0
124 516 322 72 -8 0 0
116 516 319 69 0 -8 0
116 508 316 66 0 8 0
116 516 313 63 -8 0 0
108 516 310 60 0 -8 0
108 508 307 57 -8 -8 0
100 500 304 54 0 0 0
100 500 301 51 0 0 0
100 500 298 48 -8 -8 0
92 492 295 45 0 0 0
92 492 292 42 0 0 0
92 492 289 39 -8 -8 0
84 484 286 36 0 8 0
84 492 283 33 -8 8 0
76 500 280 30 0 -8 0
76 492 277 27 0 -8 0
76 484 274 24 -8 -8 0
68 476 271 21 0 0 0
68 476 268 18 0 0 0
68 476 265 15 -8 0 0
60 476 262 12 0 8 0
60 484 259 9 -8 -8 0
60 476 256 12 0 8 0
60 484 253 15 0 -8 0
60 476 250 18 0 8 0
60 484 247 21 0 8 0
60 492 244 24 0 8 0
60 500 241 27 0 0 0
60 500 238 30 0 0 0
60 500 235 33 0 0 0
60 500 232 36 0 -8 0
60 492 229 39 0 -8 0
60 484 226 42 0 8 0
60 492 223 45 0 8 0
60 500 220 48 0 -8 0
60 492 217 51 0 0 0
60 492 214 54 0 8 0
60 500 211 57 0 -8 0
60 492 208 60 0 0 0
60 492 205 63 0 0 0
60 492 202 66 0 0 0
60 492 199 69 0 0 0
60 492 196 72 0 0 0
60 492 193 75 0 0 0
60 492 190 78 0 0 0
60 492 187 81 0 8 0
60 500 184 84 0 0 0
60 500 181 87 0 8 0
60 508 178 90 0 -8 0
60 500 175 93 0 -8 0
60 492 172 96 0 -8 0
60 484 169 99 0 8 0
60 492 166 102 0 -8 0
60 484 163 105 0 -8 0
60 476 160 108 0 0 0
60 476 157 111 8 -8 0
68 468 154 114 0 0 0
68 468 151 117 0 8 0
68 476 148 120 8 -8 0
76 468 145 123 0 8 0
76 476 142 126 0 8 0
76 484 139 129 8 -8 0
84 476 136 132 0 0 0
84 476 133 135 8 -8 0
92 468 130 138 0 8 0
92 476 127 141 0 8 0
92 484 124 144 8 8 0
100 492 121 147 0 8 0
100 500 118 150 0 8 0
100 508 115 153 8 -8 0
108 500 112 156 0 0 0
108 500 109 159 8 -8 0
116 492 106 162 0 -8 0
116 484 103 165 0 0 0
116 484 100 168 8 8 0
124 492 97 171 0 8 0
124 500 94 174 0 8 0
124 508 91 177 8 8 0
132 516 88 180 0 8 0
132 524 85 183 8 -8 0
140 516 82 186 0 -8 0
140 508 79 189 0 8 0
140 516 76 192 8 -8 0
148 508 73 195 0 -8 0
148 500 70 198 0 -8 0
148 492 67 201 8 0 0
156 492 64 204 0 -8 0
156 484 61 207 8 8 0
164 492 58 210 0 8 0
164 500 55 213 0 0 0
164 500 52 216 8 0 0
172 500 49 219 0 0 0
172 500 46 222 0 0 0
172 500 43 225 8 8 0
180 508 40 228 0 8 0
180 516 37 231 8 8 0
188 524 34 234 0 8 0
188 532 31 237 0 0 0
188 532 28 240 8 -8 0
196 524 25 243 0 0 0
196 524 22 246 0 0 0
196 524 19 249 0 0 1
196 524 19 249 0 0 1
196 524 19 249 0 0 1
196 524 19 249 0 0 1
196 524 19 249 0 0 1
