208 278 565 462 0 0 0
208 278 568 459 8 0 0
216 278 571 456 8 -8 0
224 270 574 453 8 8 0
232 278 577 450 8 0 0
240 278 580 447 8 0 0
248 278 583 444 8 -8 0
256 270 586 441 8 0 0
264 270 589 438 8 8 0
272 278 592 435 8 -8 0
280 270 595 432 8 8 0
288 278 598 429 8 -8 0
296 270 601 426 8 0 0
304 270 604 423 8 -8 0
312 262 607 420 8 -8 0
320 254 610 417 8 -8 0
328 246 613 414 8 -8 0
336 238 616 411 8 -8 0
344 230 619 408 8 -8 0
352 222 622 405 8 -8 0
360 214 625 402 0 8 0
360 222 628 399 0 -8 0
360 214 631 396 0 0 0
360 214 634 393 0 -8 0
360 206 637 390 0 8 0
360 214 640 387 0 -8 0
360 206 643 384 0 -8 0
360 198 646 381 0 0 0
360 198 649 378 0 -8 0
360 190 652 375 0 8 0
360 198 655 372 0 8 0
360 206 658 369 0 -8 0
360 198 661 366 0 -8 0
360 190 664 363 0 0 0
360 190 667 360 0 -8 0
360 182 670 357 0 8 0
360 190 673 354 0 0 0
360 190 676 351 0 0 0
360 190 679 348 0 0 0
360 190 682 345 0 8 0
360 198 685 342 0 -8 0
360 190 688 339 0 0 0
360 190 691 336 0 8 0
360 198 694 333 0 -8 0
360 190 697 330 0 -8 0
360 182 700 327 0 0 0
360 182 703 324 0 0 0
360 182 706 321 0 0 0
360 182 709 318 0 8 0
360 190 712 315 0 8 0
360 198 715 312 0 0 0
360 198 718 309 -8 -8 0
352 190 721 306 0 8 0
352 198 724 303 0 8 0
352 206 727 300 -8 -8 0
344 198 730 297 0 8 0
344 206 733 294 0 0 0
344 206 736 291 -8 -8 0
336 198 739 288 0 8 0
336 206 742 285 -8 -8 0
328 198 745 282 0 0 0
328 198 748 279 0 0 0
328 198 751 276 -8 -8 0
320 190 754 273 0 0 0
320 190 757 270 0 8 0
320 198 760 267 -8 0 0
312 198 763 264 0 -8 0
312 190 766 261 -8 -8 0
304 182 769 258 0 8 0
304 190 772 255 0 0 0
304 190 775 252 -8 -8 0
296 182 778 249 0 8 0
296 190 781 246 0 0 1
296 190 781 246 0 0 1
296 190 781 246 0 0 1
296 190 781 246 0 0 1
296 190 781 246 0 0 1
