186 168 334 105 0 0 0
186 168 331 108 -8 -8 0
178 160 328 111 -8 0 0
170 160 325 114 -8 0 0
162 160 322 117 0 -8 0
162 152 319 120 0 0 0
162 152 316 123 0 0 0
162 152 313 126 0 -8 0
162 144 310 129 0 -8 0
162 136 307 132 0 -8 0
162 128 304 135 0 -8 0
162 120 301 138 0 8 0
162 128 298 141 0 -8 0
162 120 295 144 0 8 0
162 128 292 147 0 -8 0
162 120 289 150 0 0 0
162 120 286 153 0 0 0
162 120 283 156 0 8 0
162 128 280 159 0 0 0
162 128 277 162 0 8 0
162 136 274 165 0 -8 0
162 128 271 168 0 -8 0
162 120 268 171 0 -8 0
162 112 265 174 0 0 0
162 112 262 177 0 0 0
162 112 259 180 0 8 0
162 120 256 183 0 8 0
162 128 253 186 0 8 0
162 136 250 189 0 0 0
162 136 247 192 0 8 0
162 144 244 195 0 0 0
162 144 241 198 0 8 0
162 152 238 201 0 8 0
162 160 235 204 0 -8 0
162 152 232 207 0 8 0
162 160 229 210 0 -8 0
162 152 226 213 8 -8 0
170 144 223 216 0 8 0
170 152 220 219 0 8 0
170 160 217 222 8 -8 0
178 152 214 225 0 0 0
178 152 211 228 0 0 0
178 152 208 231 8 -8 0
186 144 205 234 0 8 0
186 152 202 237 8 -8 0
194 144 199 240 0 -8 0
194 136 196 243 0 8 0
194 144 193 246 8 8 0
202 152 190 249 0 -8 0
202 144 187 252 0 0 0
202 144 184 255 8 -8 0
210 136 181 258 0 -8 0
210 128 178 261 8 8 0
218 136 175 264 0 0 0
218 136 172 267 0 8 0
218 144 169 270 8 8 0
226 152 166 273 0 0 0
226 152 163 276 0 8 0
226 160 160 279 8 -8 0
234 152 157 282 0 0 0
234 152 154 285 8 8 0
242 160 151 288 0 0 0
242 160 148 291 0 0 0
242 160 145 294 8 0 0
250 160 142 297 0 -8 0
250 152 139 300 0 -8 0
250 144 136 303 8 0 0
258 144 133 306 0 8 0
258 152 130 309 8 -8 0
266 144 127 312 0 -8 0
266 136 124 315 0 -8 0
266 128 121 318 8 0 0
274 128 118 321 0 0 0
274 128 115 324 0 -8 0
274 120 112 327 8 8 0
282 128 109 330 0 8 0
282 136 106 333 8 0 0
290 136 103 336 0 8 0
290 144 100 339 0 8 0
290 152 97 342 8 0 0
298 152 94 345 0 0 0
298 152 91 348 0 0 0
298 152 88 351 8 0 0
306 152 85 354 0 -8 0
306 144 82 357 8 0 0
314 144 79 360 0 8 0
314 152 76 363 0 0 0
314 152 73 366 8 0 0
322 152 70 369 0 8 0
322 160 67 372 0 0 0
322 160 64 375 8 8 0
330 168 61 378 0 8 0
330 176 58 381 8 0 0
338 176 55 384 0 8 0
338 184 52 387 0 8 0
338 192 49 390 8 -8 0
346 184 46 393 0 0 0
346 184 43 396 0 0 0
346 184 40 399 8 -8 0
354 176 37 402 0 -8 0
354 168 34 405 8 -8 0
362 160 31 408 0 -8 0
362 152 28 411 0 -8 0
362 144 25 414 8 -8 0
370 136 22 417 0 0 0
370 136 19 420 0 0 0
370 136 22 423 8 0 0
378 136 25 426 0 8 0
378 144 28 429 8 8 0
386 152 31 432 0 -8 0
386 144 34 435 0 0 0
386 144 37 438 8 8 0
394 152 40 441 0 -8 0
394 144 43 444 0 8 0
394 152 46 447 8 0 0
402 152 49 450 0 8 0
402 160 52 453 8 8 0
410 168 55 456 0 0 0
410 168 58 459 0 0 0
410 168 61 462 8 0 0
418 168 64 465 0 8 0
418 176 67 468 0 0 0
418 176 70 471 8 0 0
426 176 73 474 0 8 0
426 184 76 477 8 0 0
434 184 79 480 0 0 0
434 184 82 483 0 8 0
434 192 85 486 8 -8 0
442 184 88 489 0 8 0
442 192 91 492 0 -8 0
442 184 94 495 8 0 0
450 184 97 498 0 0 0
450 184 100 501 8 -8 0
458 176 103 504 0 0 0
458 176 106 507 0 8 0
458 184 109 510 8 8 0
466 192 112 513 0 -8 0
466 184 115 516 0 8 0
466 192 118 519 8 8 0
474 200 121 522 0 8 0
474 208 124 525 8 8 0
482 216 127 528 0 0 0
482 216 130 531 0 8 0
482 224 133 534 8 0 0
490 224 136 537 0 0 0
490 224 139 540 0 8 0
490 232 142 543 8 0 0
498 232 145 546 0 8 0
498 240 148 549 8 8 0
506 248 151 552 0 -8 0
506 240 154 555 0 0 0
506 240 157 558 8 -8 0
514 232 160 561 0 8 0
514 240 163 564 0 -8 0
514 232 166 567 8 -8 0
522 224 169 570 0 0 0
522 224 172 573 8 8 0
530 232 175 576 0 8 0
530 240 178 579 0 0 0
530 240 181 582 8 -8 0
538 232 184 585 0 8 0
538 240 187 588 0 -8 0
538 232 190 591 8 8 0
540 240 193 588 0 0 0
540 240 196 585 0 -8 0
540 232 199 582 0 8 0
540 240 202 579 0 8 0
540 248 205 576 0 -8 0
540 240 208 573 0 -8 0
540 232 211 570 0 8 0
540 240 214 567 0 8 0
540 248 217 564 0 8 0
540 256 220 561 0 -8 0
540 248 223 558 0 8 0
540 256 226 555 0 -8 0
540 248 229 552 0 -8 0
540 240 232 549 0 0 0
540 240 235 546 0 0 0
540 240 238 543 0 0 0
540 240 241 540 0 -8 0
540 232 244 537 0 0 0
540 232 247 534 0 0 0
540 232 250 531 0 -8 0
540 224 253 528 0 0 0
540 224 256 525 0 8 0
540 232 259 522 0 0 0
540 232 262 519 0 0 0
540 232 265 516 0 -8 0
540 224 268 513 0 8 0
540 232 271 510 0 -8 0
540 224 274 507 0 0 0
540 224 277 504 0 0 0
540 224 280 501 0 0 0
540 224 283 498 0 0 0
540 224 286 495 0 8 0
540 232 289 492 0 0 0
540 232 292 489 -8 -8 0
532 224 295 486 0 0 0
532 224 298 483 0 -8 0
532 216 301 480 -8 -8 0
524 208 304 477 0 0 0
524 208 307 474 0 0 0
524 208 310 471 -8 8 0
516 216 313 468 0 0 0
516 216 316 465 -8 -8 0
508 208 319 462 0 0 0
508 208 322 459 0 -8 0
508 200 325 456 -8 8 0
500 208 328 453 0 8 0
500 216 331 450 0 0 0
500 216 334 447 -8 8 0
492 224 337 444 0 -8 0
492 216 340 441 -8 8 0
484 224 343 438 0 8 0
484 232 346 435 0 8 0
484 240 349 432 -8 0 0
476 240 352 429 0 8 0
476 248 355 426 0 0 0
476 248 358 423 -8 -8 0
468 240 361 420 0 -8 0
468 232 364 417 -8 8 0
460 240 367 414 0 -8 0
460 232 370 411 0 -8 0
460 224 373 408 -8 0 0
452 224 376 405 0 -8 0
452 216 379 402 0 8 0
452 224 382 399 -8 -8 0
444 216 385 396 0 8 0
444 224 388 393 -8 -8 0
436 216 391 390 0 8 0
436 224 394 387 0 0 0
436 224 397 384 -8 0 0
428 224 400 381 0 0 0
428 224 403 378 0 8 0
428 232 406 375 -8 0 0
420 232 409 372 0 -8 0
420 224 412 369 -8 8 0
412 232 415 366 0 0 0
412 232 418 363 0 0 0
412 232 421 360 -8 -8 0
404 224 424 357 0 -8 0
404 216 427 354 0 -8 0
404 208 430 351 -8 0 0
396 208 433 348 0 8 0
396 216 436 345 -8 -8 0
388 208 439 342 0 -8 0
388 200 442 339 0 8 0
388 208 445 336 -8 0 0
380 208 448 333 0 -8 0
380 200 451 330 0 0 0
380 200 454 327 -8 8 0
372 208 457 324 0 -8 0
372 200 460 321 -8 8 0
364 208 463 318 0 0 0
364 208 466 315 0 -8 0
364 200 469 312 -8 -8 0
356 192 472 309 0 8 0
356 200 475 306 0 8 0
356 208 478 303 -8 0 0
348 208 481 300 0 8 0
348 216 484 297 -8 0 0
340 216 487 294 0 -8 0
340 208 490 291 0 0 0
340 208 493 288 -8 8 0
332 216 496 285 0 8 0
332 224 499 282 0 -8 0
332 216 502 279 -8 8 0
324 224 505 276 0 0 0
324 224 508 273 -8 0 0
316 224 511 270 0 0 0
316 224 514 267 0 8 0
316 232 517 264 -8 -8 0
308 224 520 261 0 0 0
308 224 523 258 0 -8 0
308 216 526 255 -8 0 0
300 216 529 252 0 -8 0
300 208 532 249 -8 8 0
292 216 535 246 0 8 0
292 224 538 243 0 8 0
292 232 541 240 -8 -8 0
284 224 544 237 0 8 0
284 232 547 234 0 0 0
284 232 550 231 -8 8 0
276 240 553 228 0 0 0
276 240 556 225 -8 -8 0
268 232 559 222 0 0 0
268 232 562 219 0 8 0
268 240 565 216 -8 -8 0
260 232 568 213 0 8 0
260 240 571 210 0 0 0
260 240 574 207 -8 -8 0
252 232 577 204 0 -8 0
252 224 580 201 -8 -8 0
244 216 583 198 0 -8 0
244 208 586 195 0 0 0
244 208 589 192 -8 -8 0
236 200 592 189 0 0 0
236 200 595 186 0 0 0
236 200 598 183 -8 -8 0
228 192 601 180 0 0 0
228 192 604 177 -8 -8 0
220 184 607 174 0 0 0
220 184 610 171 0 8 0
220 192 613 168 -8 8 0
212 200 616 165 0 0 0
212 200 619 162 0 8 0
212 208 622 159 -8 0 0
204 208 625 156 0 0 0
204 208 628 153 -8 -8 0
196 200 631 150 0 8 0
196 208 634 147 0 -8 0
196 200 637 144 -8 8 0
188 208 640 141 0 -8 0
188 200 643 138 0 8 0
188 208 646 135 -8 -8 0
180 200 649 132 0 -8 0
180 192 652 129 -8 0 0
172 192 655 126 0 0 0
172 192 658 123 0 -8 0
172 184 661 120 -8 -8 0
164 176 664 117 0 8 0
164 184 667 114 0 8 0
164 192 670 111 -8 8 0
156 200 673 108 0 -8 0
156 192 676 105 -8 0 0
148 192 679 102 0 -8 0
148 184 682 99 0 -8 0
148 176 685 96 -8 -8 0
140 168 688 93 0 0 0
140 168 691 90 0 -8 0
140 160 694 87 -8 8 0
132 168 697 84 0 -8 0
132 160 700 81 -8 -8 0
124 152 703 78 0 8 0
124 160 706 75 0 -8 0
124 152 709 72 -8 0 0
116 152 712 69 0 -8 0
116 144 715 66 0 8 0
116 152 718 63 -8 -8 0
108 144 721 60 0 -8 0
108 136 724 57 -8 8 0
100 144 727 54 0 8 0
100 152 730 51 0 0 0
100 152 733 48 -8 -8 0
92 144 736 45 0 0 0
92 144 739 42 0 0 0
92 144 742 39 -8 0 0
84 144 745 36 0 8 0
84 152 748 33 -8 8 0
76 160 751 30 0 -8 0
76 152 754 27 0 -8 0
76 144 757 24 -8 -8 0
68 136 760 21 0 -8 0
68 128 763 18 0 8 0
68 136 766 15 -8 8 0
60 144 769 12 0 8 0
60 152 772 9 -8 -8 0
60 144 775 12 0 8 0
60 152 778 15 0 0 0
60 152 781 18 0 0 1
60 152 781 18 0 0 1
60 152 781 18 0 0 1
60 152 781 18 0 0 1
60 152 781 18 0 0 1
