440 496 637 432 0 0 0
440 496 634 435 0 8 0
440 504 631 438 0 8 0
440 512 628 441 0 0 0
440 512 625 444 0 0 0
440 512 622 447 0 8 0
440 520 619 450 0 -8 0
440 512 616 453 0 -8 0
440 504 613 456 0 0 0
440 504 610 459 0 -8 0
440 496 607 462 0 0 0
440 496 604 465 0 8 0
440 504 601 468 0 -8 0
440 496 598 471 0 0 0
440 496 595 474 0 -8 0
440 488 592 477 0 0 0
440 488 589 480 0 0 0
440 488 586 483 0 8 0
440 496 583 486 0 0 0
440 496 580 489 0 -8 0
440 488 577 492 8 0 0
448 488 574 495 0 -8 0
448 480 571 498 0 8 0
448 488 568 501 8 -8 0
456 480 565 504 0 -8 0
456 472 562 507 8 -8 0
464 464 559 510 0 8 0
464 472 556 513 0 8 0
464 480 553 516 8 0 0
472 480 550 519 0 -8 0
472 472 547 522 0 0 0
472 472 544 525 8 8 0
480 480 541 528 0 8 0
480 488 538 531 8 8 0
488 496 535 534 0 8 0
488 504 532 537 0 8 0
488 512 529 540 8 -8 0
496 504 526 543 0 -8 0
496 496 523 546 0 -8 0
496 488 520 549 8 -8 0
504 480 517 552 0 0 0
504 480 514 555 8 -8 0
512 472 511 558 0 8 0
512 480 508 561 0 8 0
512 488 505 564 8 8 0
520 496 502 567 0 8 0
520 504 499 570 0 0 0
520 504 496 573 8 -8 0
528 496 493 576 0 8 0
528 504 490 579 8 8 0
536 512 487 582 0 0 0
536 512 484 585 0 -8 0
536 504 481 588 8 8 0
540 512 478 591 8 8 0
540 520 475 588 0 -8 0
540 512 472 585 0 0 0
540 512 469 582 0 8 0
540 520 466 579 0 0 0
540 520 463 576 0 0 0
540 520 460 573 0 -8 0
540 512 457 570 0 8 0
540 520 454 567 0 -8 0
540 512 451 564 0 8 0
540 520 448 561 0 0 0
540 520 445 558 0 0 0
540 520 442 555 0 -8 0
540 512 439 552 0 8 0
540 520 436 549 0 0 0
540 520 433 546 0 8 0
540 528 430 543 0 8 0
540 536 427 540 0 -8 0
540 528 424 537 0 -8 0
540 520 421 534 0 8 0
540 528 418 531 0 -8 0
540 520 415 528 0 0 0
540 520 412 525 0 0 0
540 520 409 522 0 0 0
540 520 406 519 0 0 0
540 520 403 516 0 8 0
540 528 400 513 0 8 0
540 536 397 510 0 -8 0
540 528 394 507 0 0 0
540 528 391 504 0 0 0
540 528 388 501 0 0 0
540 528 385 498 0 8 0
540 536 382 495 0 0 0
540 536 379 492 0 -8 0
540 528 376 489 -8 0 0
532 528 373 486 0 8 0
532 536 370 483 0 0 0
532 536 367 480 -8 -8 0
524 528 364 477 0 8 0
524 536 361 474 0 -8 0
524 528 358 471 -8 8 0
516 536 355 468 0 -8 0
516 528 352 465 -8 0 0
508 528 349 462 0 8 0
508 536 346 459 0 -8 0
508 528 343 456 -8 0 0
500 528 340 453 0 0 0
500 528 337 450 0 0 0
500 528 334 447 -8 8 0
492 536 331 444 0 8 0
492 540 328 441 -8 -8 0
484 532 325 438 0 0 0
484 532 322 435 0 -8 0
484 524 319 432 -8 8 0
476 532 316 429 0 8 0
476 540 313 426 0 -8 0
476 532 310 423 -8 0 0
468 532 307 420 0 0 0
468 532 304 417 -8 8 0
460 540 301 414 0 -8 0
460 532 298 411 0 0 0
460 532 295 408 -8 -8 0
452 524 292 405 0 8 0
452 532 289 402 0 -8 0
452 524 286 399 -8 -8 0
444 516 283 396 0 -8 0
444 508 280 393 -8 0 0
436 508 277 390 0 8 0
436 516 274 387 0 8 0
436 524 271 384 -8 0 0
428 524 268 381 0 -8 0
428 516 265 378 0 8 0
428 524 262 375 -8 -8 0
420 516 259 372 0 -8 0
420 508 256 369 -8 0 0
412 508 253 366 0 0 0
412 508 250 363 0 8 0
412 516 247 360 -8 0 0
404 516 244 357 0 0 0
404 516 241 354 0 8 0
404 524 238 351 -8 -8 0
396 516 235 348 0 8 0
396 524 232 345 -8 0 0
388 524 229 342 0 0 0
388 524 226 339 0 -8 0
388 516 223 336 -8 0 0
380 516 220 333 0 -8 0
380 508 217 330 0 0 0
380 508 214 327 -8 8 0
372 516 211 324 0 -8 0
372 508 208 321 -8 -8 0
364 500 205 318 0 0 0
364 500 202 315 0 8 0
364 508 199 312 -8 -8 0
356 500 196 309 0 8 0
356 508 193 306 0 -8 0
356 500 190 303 -8 -8 0
348 492 187 300 0 0 0
348 492 184 297 -8 -8 0
340 484 181 294 0 -8 0
340 476 178 291 0 8 0
340 484 175 288 -8 -8 0
332 476 172 285 0 -8 0
332 468 169 282 0 8 0
332 476 166 279 -8 0 0
324 476 163 276 0 8 0
324 484 160 273 -8 0 0
316 484 157 270 0 -8 0
316 476 154 267 0 0 0
316 476 151 264 -8 0 0
308 476 148 261 0 0 0
308 476 145 258 0 8 0
308 484 142 255 -8 -8 0
300 476 139 252 0 8 0
300 484 136 249 -8 0 0
292 484 133 246 0 0 0
292 484 130 243 0 0 0
292 484 127 240 -8 -8 0
284 476 124 237 0 0 0
284 476 121 234 0 -8 0
284 468 118 231 -8 8 0
276 476 115 228 0 -8 0
276 468 112 225 -8 8 0
268 476 109 222 0 8 0
268 484 106 219 0 -8 0
268 476 103 216 -8 -8 0
260 468 100 213 0 0 0
260 468 97 210 0 0 0
260 468 94 207 -8 8 0
252 476 91 204 0 8 0
252 484 88 201 -8 8 0
244 492 85 198 0 0 0
244 492 82 195 0 0 0
244 492 79 192 -8 -8 0
236 484 76 189 0 8 0
236 492 73 186 0 -8 0
236 484 70 183 -8 0 0
228 484 67 180 0 8 0
228 492 64 177 -8 0 0
220 492 61 174 0 8 0
220 500 58 171 0 -8 0
220 492 55 168 -8 8 0
212 500 52 165 0 8 0
212 508 49 162 0 0 0
212 508 46 159 -8 -8 0
204 500 43 156 0 -8 0
204 492 40 153 -8 8 0
196 500 37 150 0 -8 0
196 492 34 147 0 0 0
196 492 31 144 -8 0 0
188 492 28 141 0 8 0
188 500 25 138 0 0 0
188 500 22 135 -8 8 0
180 508 19 132 0 8 0
180 516 22 129 -8 -8 0
172 508 25 126 0 8 0
172 516 28 123 0 0 0
172 516 31 120 -8 0 0
164 516 34 117 0 0 0
164 516 37 114 0 0 0
164 516 40 111 -8 0 0
156 516 43 108 0 8 0
156 524 46 105 -8 8 0
148 532 49 102 0 8 0
148 540 52 99 0 0 0
148 540 55 96 -8 -8 0
140 532 58 93 0 0 0
140 532 61 90 0 0 0
140 532 64 87 -8 -8 0
132 524 67 84 0 8 0
132 532 70 81 -8 -8 0
124 524 73 78 0 -8 0
124 516 76 75 0 0 0
124 516 79 72 -8 8 0
116 524 82 69 0 -8 0
116 516 85 66 0 8 0
116 524 88 63 -8 0 0
108 524 91 60 0 -8 0
108 516 94 57 -8 -8 0
100 508 97 54 0 0 0
100 508 100 51 0 8 0
100 516 103 48 -8 8 0
92 524 106 45 0 8 0
92 532 109 42 0 8 0
92 540 112 39 -8 0 0
84 540 115 36 0 -8 0
84 532 118 33 -8 0 0
76 532 121 30 0 0 0
76 532 124 27 0 0 0
76 532 127 24 -8 -8 0
68 524 130 21 0 0 0
68 524 133 18 0 -8 0
68 516 136 15 -8 0 0
60 516 139 12 0 0 0
60 516 142 9 -8 8 0
60 524 145 12 0 0 0
60 524 148 15 0 8 0
60 532 151 18 0 0 0
60 532 154 21 0 8 0
60 540 157 24 0 8 0
60 540 160 27 0 -8 0
60 532 163 30 0 8 0
60 540 166 33 0 8 0
60 540 169 36 0 0 0
60 540 172 39 0 0 0
60 540 175 42 0 -8 0
60 532 178 45 0 -8 0
60 524 181 48 0 -8 0
60 516 184 51 0 0 0
60 516 187 54 0 0 0
60 516 190 57 0 -8 0
60 508 193 60 0 -8 0
60 500 196 63 0 -8 0
60 492 199 66 0 -8 0
60 484 202 69 0 8 0
60 492 205 72 0 0 0
60 492 208 75 0 -8 0
60 484 211 78 0 8 0
60 492 214 81 0 -8 0
60 484 217 84 0 0 0
60 484 220 87 0 -8 0
60 476 223 90 0 0 0
60 476 226 93 0 0 0
60 476 229 96 0 0 0
60 476 232 99 0 -8 0
60 468 235 102 0 0 0
60 468 238 105 0 8 0
60 476 241 108 0 -8 0
60 468 244 111 8 8 0
68 476 247 114 0 -8 0
68 468 250 117 0 -8 0
68 460 253 120 8 -8 0
76 452 256 123 0 0 0
76 452 259 126 0 0 0
76 452 262 129 8 0 0
84 452 265 132 0 0 0
84 452 268 135 8 8 0
92 460 271 138 0 8 0
92 468 274 141 0 0 0
92 468 277 144 8 8 0
100 476 280 147 0 8 0
100 484 283 150 0 8 0
100 492 286 153 8 8 0
108 500 289 156 0 -8 0
108 492 292 159 8 0 0
116 492 295 162 0 0 0
116 492 298 165 0 -8 0
116 484 301 168 8 8 0
124 492 304 171 0 8 0
124 500 307 174 0 -8 0
124 492 310 177 8 0 0
132 492 313 180 0 0 0
132 492 316 183 8 0 0
140 492 319 186 0 0 0
140 492 322 189 0 -8 0
140 484 325 192 8 0 0
148 484 328 195 0 8 0
148 492 331 198 0 -8 0
148 484 334 201 8 -8 0
156 476 337 204 0 -8 0
156 468 340 207 8 8 0
164 476 343 210 0 8 0
164 484 346 213 0 8 0
164 492 349 216 8 0 0
172 492 352 219 0 8 0
172 500 355 222 0 8 0
172 508 358 225 8 -8 0
180 500 361 228 0 -8 0
180 492 364 231 8 0 0
188 492 367 234 0 -8 0
188 484 370 237 0 -8 0
188 476 373 240 8 8 0
196 484 376 243 0 0 0
196 484 379 246 0 -8 0
196 476 382 249 8 8 0
204 484 385 252 0 8 0
204 492 388 255 8 8 0
212 500 391 258 0 -8 0
212 492 394 261 0 0 0
212 492 397 264 8 -8 0
220 484 400 267 0 0 0
220 484 403 270 0 0 0
220 484 406 273 8 8 0
228 492 409 276 0 0 0
228 492 412 279 8 -8 0
236 484 415 282 0 -8 0
236 476 418 285 0 0 0
236 476 421 288 8 8 0
244 484 424 291 0 8 0
244 492 427 294 0 0 0
244 492 430 297 8 0 0
252 492 433 300 0 0 0
252 492 436 303 8 0 0
260 492 439 306 0 -8 0
260 484 442 309 0 -8 0
260 476 445 312 8 -8 0
268 468 448 315 0 -8 0
268 460 451 318 0 0 0
268 460 454 321 8 -8 0
276 452 457 324 0 0 0
276 452 460 327 8 8 0
284 460 463 330 0 0 0
284 460 466 333 0 -8 0
284 452 469 336 8 0 0
292 452 472 339 0 0 0
292 452 475 342 0 -8 0
292 444 478 345 8 8 0
300 452 481 348 0 -8 0
300 444 484 351 8 0 0
308 444 487 354 0 8 0
308 452 490 357 0 8 0
308 460 493 360 8 -8 0
316 452 496 363 0 8 0
316 460 499 366 0 0 0
316 460 502 369 8 -8 0
324 452 505 372 0 8 0
324 460 508 375 8 -8 0
332 452 511 378 0 0 0
332 452 514 381 0 8 0
332 460 517 384 8 0 0
340 460 520 387 0 8 0
340 468 523 390 0 8 0
340 476 526 393 8 8 0
348 484 529 396 0 8 0
348 492 532 399 8 -8 0
356 484 535 402 0 8 0
356 492 538 405 0 -8 0
356 484 541 408 8 -8 0
364 476 544 411 0 8 0
364 484 547 414 0 8 0
364 492 550 417 8 -8 0
372 484 553 420 0 -8 0
372 476 556 423 8 -8 0
380 468 559 426 0 8 0
380 476 562 429 0 8 0
380 484 565 432 8 -8 0
388 476 568 435 0 8 0
388 484 571 438 0 0 0
388 484 574 441 8 0 0
396 484 577 444 0 -8 0
396 476 580 447 8 8 0
404 484 583 450 0 -8 0
404 476 586 453 0 8 0
404 484 589 456 8 -8 0
412 476 592 459 0 -8 0
412 468 595 462 0 0 0
412 468 598 465 8 0 0
420 468 601 468 0 0 0
420 468 604 471 8 -8 0
428 460 607 474 0 0 0
428 460 610 477 0 -8 0
428 452 613 480 8 8 0
436 460 616 483 0 0 0
436 460 619 486 0 -8 0
436 452 622 489 8 0 0
444 452 625 492 0 8 0
444 460 628 495 8 8 0
452 468 631 498 0 8 0
452 476 634 501 0 -8 0
452 468 637 504 8 8 0
460 476 640 507 0 8 0
460 484 643 510 0 8 0
460 492 646 513 8 -8 0
468 484 649 516 0 0 0
468 484 652 519 8 0 0
476 484 655 522 0 -8 0
476 476 658 525 0 8 0
476 484 661 528 8 8 0
484 492 664 531 0 -8 0
484 484 667 534 0 8 0
484 492 670 537 8 8 0
492 500 673 540 0 0 0
492 500 676 543 8 8 0
500 508 679 546 0 8 0
500 516 682 549 0 8 0
500 524 685 552 8 -8 0
508 516 688 555 0 0 0
508 516 691 558 0 8 0
508 524 694 561 8 8 0
516 532 697 564 0 8 0
516 540 700 567 8 0 0
524 540 703 570 0 8 0
524 540 706 573 0 8 0
524 540 709 576 8 0 0
532 540 712 579 0 0 0
532 540 715 582 0 -8 0
532 532 718 585 8 0 0
540 532 721 588 0 8 0
540 540 724 591 8 -8 0
540 532 727 588 0 8 0
540 540 730 585 0 -8 0
540 532 733 582 0 0 0
540 532 736 579 0 8 0
540 540 739 576 0 -8 0
540 532 742 573 0 -8 0
540 524 745 570 0 0 0
540 524 748 567 0 0 0
540 524 751 564 0 -8 0
540 516 754 561 0 0 0
540 516 757 558 0 -8 0
540 508 760 555 0 -8 0
540 500 763 552 0 8 0
540 508 766 549 0 0 0
540 508 769 546 0 -8 0
540 500 772 543 0 0 0
540 500 775 540 0 8 0
540 508 778 537 0 0 0
540 508 781 534 0 8 0
540 516 778 531 0 0 0
540 516 775 528 0 0 0
540 516 772 525 0 -8 0
540 508 769 522 0 8 0
540 516 766 519 0 0 0
540 516 763 516 0 -8 0
540 508 760 513 0 0 0
540 508 757 510 0 -8 0
540 500 754 507 0 8 0
540 508 751 504 0 -8 0
540 500 748 501 0 0 0
540 500 745 498 0 8 0
540 508 742 495 0 0 0
540 508 739 492 0 -8 0
540 500 736 489 -8 8 0
532 508 733 486 0 8 0
532 516 730 483 0 8 0
532 524 727 480 -8 -8 0
524 516 724 477 0 -8 0
524 508 721 474 0 -8 0
524 500 718 471 -8 -8 0
516 492 715 468 0 8 0
516 500 712 465 -8 -8 0
508 492 709 462 0 -8 0
508 484 706 459 0 8 0
508 492 703 456 -8 8 0
500 500 700 453 0 -8 0
500 492 697 450 0 -8 0
500 484 694 447 -8 0 0
492 484 691 444 0 -8 0
492 476 688 441 -8 8 0
484 484 685 438 0 0 0
484 484 682 435 0 8 0
484 492 679 432 -8 -8 0
476 484 676 429 0 8 0
476 492 673 426 0 -8 0
476 484 670 423 -8 -8 0
468 476 667 420 0 -8 0
468 468 664 417 -8 8 0
460 476 661 414 0 0 0
460 476 658 411 0 8 0
460 484 655 408 -8 8 0
452 492 652 405 0 0 0
452 492 649 402 0 0 0
452 492 646 399 -8 0 0
444 492 643 396 0 8 0
444 500 640 393 -8 8 0
436 508 637 390 0 0 0
436 508 634 387 0 -8 0
436 500 631 384 -8 0 0
428 500 628 381 0 8 0
428 508 625 378 0 8 0
428 516 622 375 -8 0 0
420 516 619 372 0 8 0
420 524 616 369 -8 8 0
412 532 613 366 0 0 0
412 532 610 363 0 8 0
412 540 607 360 -8 0 0
404 540 604 357 0 0 0
404 540 601 354 0 8 0
404 540 598 351 -8 0 0
396 540 595 348 0 -8 0
396 532 592 345 -8 -8 0
388 524 589 342 0 8 0
388 532 586 339 0 8 0
388 540 583 336 -8 0 0
380 540 580 333 0 -8 0
380 532 577 330 0 -8 0
380 524 574 327 -8 -8 0
372 516 571 324 0 8 0
372 524 568 321 -8 -8 0
364 516 565 318 0 0 0
364 516 562 315 0 -8 0
364 508 559 312 -8 -8 0
356 500 556 309 0 0 0
356 500 553 306 0 -8 0
356 492 550 303 -8 0 0
348 492 547 300 0 8 0
348 500 544 297 -8 0 0
340 500 541 294 0 -8 0
340 492 538 291 0 8 0
340 500 535 288 -8 -8 0
332 492 532 285 0 0 0
332 492 529 282 0 0 0
332 492 526 279 -8 -8 0
324 484 523 276 0 0 0
324 484 520 273 -8 -8 0
316 476 517 270 0 8 0
316 484 514 267 0 8 0
316 492 511 264 -8 -8 0
308 484 508 261 0 8 0
308 492 505 258 0 8 0
308 500 502 255 -8 0 0
300 500 499 252 0 0 0
300 500 496 249 -8 8 0
292 508 493 246 0 8 0
292 516 490 243 0 8 0
292 524 487 240 -8 0 0
284 524 484 237 0 8 0
284 532 481 234 0 8 0
284 540 478 231 -8 0 0
276 540 475 228 0 -8 0
276 532 472 225 -8 0 0
268 532 469 222 0 -8 0
268 524 466 219 0 0 0
268 524 463 216 -8 0 0
260 524 460 213 0 8 0
260 532 457 210 0 0 0
260 532 454 207 -8 -8 0
252 524 451 204 0 8 0
252 532 448 201 -8 8 0
244 540 445 198 0 0 0
244 540 442 195 0 -8 0
244 532 439 192 -8 0 0
236 532 436 189 0 0 0
236 532 433 186 0 0 0
236 532 430 183 -8 -8 0
228 524 427 180 0 8 0
228 532 424 177 -8 -8 0
220 524 421 174 0 -8 0
220 516 418 171 0 0 0
220 516 415 168 -8 -8 0
212 508 412 165 0 -8 0
212 500 409 162 0 0 0
212 500 406 159 -8 8 0
204 508 403 156 0 -8 0
204 500 400 153 -8 0 0
196 500 397 150 0 -8 0
196 492 394 147 0 0 0
196 492 391 144 -8 0 0
188 492 388 141 0 8 0
188 500 385 138 0 -8 0
188 492 382 135 -8 -8 0
180 484 379 132 0 0 0
180 484 376 129 -8 0 0
172 484 373 126 0 8 0
172 492 370 123 0 -8 0
172 484 367 120 -8 -8 0
164 476 364 117 0 8 0
164 484 361 114 0 8 0
164 492 358 111 -8 8 0
156 500 355 108 0 -8 0
156 492 352 105 -8 8 0
148 500 349 102 0 0 0
148 500 346 99 0 0 0
148 500 343 96 -8 8 0
140 508 340 93 0 -8 0
140 500 337 90 0 8 0
140 508 334 87 -8 -8 0
132 500 331 84 0 -8 0
132 492 328 81 -8 -8 0
124 484 325 78 0 8 0
124 492 322 75 0 8 0
124 500 319 72 -8 8 0
116 508 316 69 0 8 0
116 516 313 66 0 0 0
116 516 310 63 -8 8 0
108 524 307 60 0 8 0
108 532 304 57 -8 0 0
100 532 301 54 0 8 0
100 540 298 51 0 -8 0
100 532 295 48 -8 0 0
92 532 292 45 0 8 0
92 540 289 42 0 8 0
92 540 286 39 -8 -8 0
84 532 283 36 0 0 0
84 532 280 33 -8 0 0
76 532 277 30 0 -8 0
76 524 274 27 0 8 0
76 532 271 24 -8 0 0
68 532 268 21 0 0 0
68 532 265 18 0 8 0
68 540 262 15 -8 0 0
60 540 259 12 0 -8 0
60 532 256 9 -8 -8 0
60 524 253 12 0 0 0
60 524 250 15 0 0 0
60 524 247 18 0 8 0
60 532 244 21 0 8 0
60 540 241 24 0 8 0
60 540 238 27 0 8 0
60 540 235 30 0 0 0
60 540 232 33 0 8 0
60 540 229 36 0 0 0
60 540 226 39 0 0 0
60 540 223 42 0 -8 0
60 532 220 45 0 8 0
60 540 217 48 0 -8 0
60 532 214 51 0 0 0
60 532 211 54 0 8 0
60 540 208 57 0 8 0
60 540 205 60 0 0 0
60 540 202 63 0 0 0
60 540 199 66 0 8 0
60 540 196 69 0 8 0
60 540 193 72 0 -8 0
60 532 190 75 0 8 0
60 540 187 78 0 8 0
60 540 184 81 0 8 0
60 540 181 84 0 -8 0
60 532 178 87 0 8 0
60 540 175 90 0 -8 0
60 532 172 93 0 -8 0
60 524 169 96 0 -8 0
60 516 166 99 0 8 0
60 524 163 102 0 8 0
60 532 160 105 0 -8 0
60 524 157 108 0 -8 0
60 516 154 111 8 8 0
68 524 151 114 0 0 0
68 524 148 117 0 8 0
68 532 145 120 8 -8 0
76 524 142 123 0 -8 0
76 516 139 126 0 0 0
76 516 136 129 8 8 0
84 524 133 132 0 8 0
84 532 130 135 8 -8 0
92 524 127 138 0 8 0
92 532 124 141 0 0 0
92 532 121 144 8 8 0
100 540 118 147 0 8 0
100 540 115 150 0 8 0
100 540 112 153 8 0 0
108 540 109 156 0 8 0
108 540 106 159 8 0 0
116 540 103 162 0 -8 0
116 532 100 165 0 0 0
116 532 97 168 8 -8 0
124 524 94 171 0 -8 0
124 516 91 174 0 0 0
124 516 88 177 8 8 0
132 524 85 180 0 8 0
132 532 82 183 8 8 0
140 540 79 186 0 -8 0
140 532 76 189 0 -8 0
140 524 73 192 8 8 0
148 532 70 195 0 -8 0
148 524 67 198 0 -8 0
148 516 64 201 8 -8 0
156 508 61 204 0 -8 0
156 500 58 207 8 -8 0
164 492 55 210 0 -8 0
164 484 52 213 0 0 0
164 484 49 216 8 0 0
172 484 46 219 0 -8 0
172 476 43 222 0 -8 0
172 468 40 225 8 8 0
180 476 37 228 0 0 0
180 476 34 231 8 -8 0
188 468 31 234 0 0 0
188 468 28 237 0 0 0
188 468 25 240 8 -8 0
196 460 22 243 0 8 0
196 468 19 246 0 8 0
196 476 22 249 8 0 0
204 476 25 252 0 0 0
204 476 28 255 8 -8 0
212 468 31 258 0 -8 0
212 460 34 261 0 0 0
212 460 37 264 8 -8 0
220 452 40 267 0 -8 0
220 444 43 270 0 -8 0
220 436 46 273 8 -8 0
228 428 49 276 0 8 0
228 436 52 279 8 -8 0
236 428 55 282 0 8 0
236 436 58 285 0 0 0
236 436 61 288 8 8 0
244 444 64 291 0 0 0
244 444 67 294 0 -8 0
244 436 70 297 8 -8 0
252 428 73 300 0 0 0
252 428 76 303 8 -8 0
260 420 79 306 0 0 0
260 420 82 309 0 8 0
260 428 85 312 8 -8 0
268 420 88 315 0 -8 0
268 412 91 318 0 -8 0
268 404 94 321 8 -8 0
276 396 97 324 0 0 0
276 396 100 327 8 0 0
284 396 103 330 0 -8 0
284 388 106 333 0 0 0
284 388 109 336 8 8 0
292 396 112 339 0 0 0
292 396 115 342 0 0 0
292 396 118 345 8 8 0
300 404 121 348 0 0 0
300 404 124 351 8 -8 0
308 396 127 354 0 -8 0
308 388 130 357 0 -8 0
308 380 133 360 8 8 0
316 388 136 363 0 -8 0
316 380 139 366 0 0 0
316 380 142 369 8 8 0
324 388 145 372 0 0 0
324 388 148 375 8 0 0
332 388 151 378 0 -8 0
332 380 154 381 0 0 0
332 380 157 384 8 8 0
340 388 160 387 0 -8 0
340 380 163 390 0 0 0
340 380 166 393 8 8 0
348 388 169 396 0 0 0
348 388 172 399 8 0 0
356 388 175 402 0 8 0
356 396 178 405 0 -8 0
356 388 181 408 8 8 0
364 396 184 411 0 0 0
364 396 187 414 0 -8 0
364 388 190 417 8 -8 0
372 380 193 420 0 0 0
372 380 196 423 8 -8 0
380 372 199 426 0 -8 0
380 364 202 429 0 -8 0
380 356 205 432 8 -8 0
388 348 208 435 0 0 0
388 348 211 438 0 -8 0
388 340 214 441 8 -8 0
396 332 217 444 0 8 0
396 340 220 447 8 0 0
404 340 223 450 0 0 0
404 340 226 453 0 8 0
404 348 229 456 8 0 0
412 348 232 459 0 8 0
412 356 235 462 0 8 0
412 364 238 465 8 0 0
420 364 241 468 0 -8 0
420 356 244 471 8 -8 0
428 348 247 474 0 -8 0
428 340 250 477 0 -8 0
428 332 253 480 8 0 0
436 332 256 483 0 -8 0
436 324 259 486 0 -8 0
436 316 262 489 8 0 0
444 316 265 492 0 0 0
444 316 268 495 8 8 0
452 324 271 498 0 8 0
452 332 274 501 0 0 0
452 332 277 504 8 0 0
460 332 280 507 0 -8 0
460 324 283 510 0 -8 0
460 316 286 513 8 8 0
468 324 289 516 0 8 0
468 332 292 519 8 -8 0
476 324 295 522 0 -8 0
476 316 298 525 0 0 0
476 316 301 528 8 -8 0
484 308 304 531 0 8 0
484 316 307 534 0 -8 0
484 308 310 537 8 8 0
492 316 313 540 0 0 0
492 316 316 543 8 0 0
500 316 319 546 0 -8 0
500 308 322 549 0 -8 0
500 300 325 552 8 8 0
508 308 328 555 0 0 0
508 308 331 558 0 8 0
508 316 334 561 8 -8 0
516 308 337 564 0 0 0
516 308 340 567 8 0 0
524 308 343 570 0 8 0
524 316 346 573 0 8 0
524 324 349 576 8 -8 0
532 316 352 579 0 0 0
532 316 355 582 0 -8 0
532 308 358 585 8 0 0
540 308 361 588 0 0 0
540 308 364 591 8 0 0
540 308 367 588 0 8 0
540 316 370 585 0 0 0
540 316 373 582 0 8 0
540 324 376 579 0 8 0
540 332 379 576 0 8 0
540 340 382 573 0 8 0
540 348 385 570 0 0 0
540 348 388 567 0 -8 0
540 340 391 564 0 8 0
540 348 394 561 0 8 0
540 356 397 558 0 -8 0
540 348 400 555 0 8 0
540 356 403 552 0 0 0
540 356 406 549 0 8 0
540 364 409 546 0 -8 0
540 356 412 543 0 0 0
540 356 415 540 0 -8 0
540 348 418 537 0 8 0
540 356 421 534 0 8 0
540 364 424 531 0 -8 0
540 356 427 528 0 8 0
540 364 430 525 0 8 0
540 372 433 522 0 0 0
540 372 436 519 0 -8 0
540 364 439 516 0 -8 0
540 356 442 513 0 0 0
540 356 445 510 0 -8 0
540 348 448 507 0 0 0
540 348 451 504 0 8 0
540 356 454 501 0 -8 0
540 348 457 498 0 0 0
540 348 460 495 0 0 0
540 348 463 492 0 -8 0
540 340 466 489 -8 -8 0
532 332 469 486 0 -8 0
532 324 472 483 0 -8 0
532 316 475 480 -8 -8 0
524 308 478 477 0 0 0
524 308 481 474 0 0 0
524 308 484 471 -8 8 0
516 316 487 468 0 8 0
516 324 490 465 -8 0 0
508 324 493 462 0 0 0
508 324 496 459 0 8 0
508 332 499 456 -8 -8 0
500 324 502 453 0 -8 0
500 316 505 450 0 8 0
500 324 508 447 -8 8 0
492 332 511 444 0 8 0
492 340 514 441 -8 0 0
484 340 517 438 0 0 0
484 340 520 435 0 0 0
484 340 523 432 -8 8 0
476 348 526 429 0 -8 0
476 340 529 426 0 -8 0
476 332 532 423 -8 8 0
468 340 535 420 0 0 0
468 340 538 417 -8 8 0
460 348 541 414 0 -8 0
460 340 544 411 0 0 0
460 340 547 408 -8 8 0
452 348 550 405 0 8 0
452 356 553 402 0 0 0
452 356 556 399 -8 -8 0
444 348 559 396 0 8 0
444 356 562 393 -8 8 0
436 364 565 390 0 8 0
436 372 568 387 0 8 0
436 380 571 384 -8 -8 0
428 372 574 381 0 8 0
428 380 577 378 0 -8 0
428 372 580 375 -8 -8 0
420 364 583 372 0 -8 0
420 356 586 369 -8 0 0
412 356 589 366 0 8 0
412 364 592 363 0 -8 0
412 356 595 360 -8 8 0
404 364 598 357 0 0 0
404 364 601 354 0 8 0
404 372 604 351 -8 8 0
396 380 607 348 0 8 0
396 388 610 345 -8 0 0
388 388 613 342 0 0 0
388 388 616 339 0 -8 0
388 380 619 336 -8 -8 0
380 372 622 333 0 -8 0
380 364 625 330 0 0 0
380 364 628 327 -8 0 0
372 364 631 324 0 0 0
372 364 634 321 -8 -8 0
364 356 637 318 0 -8 0
364 348 640 315 0 -8 0
364 340 643 312 -8 8 0
356 348 646 309 0 0 0
356 348 649 306 0 8 0
356 356 652 303 -8 -8 0
348 348 655 300 0 -8 0
348 340 658 297 -8 8 0
340 348 661 294 0 -8 0
340 340 664 291 0 -8 0
340 332 667 288 -8 -8 0
332 324 670 285 0 8 0
332 332 673 282 0 0 0
332 332 676 279 -8 -8 0
324 324 679 276 0 8 0
324 332 682 273 -8 8 0
316 340 685 270 0 -8 0
316 332 688 267 0 -8 0
316 324 691 264 -8 -8 0
308 316 694 261 0 0 0
308 316 697 258 0 8 0
308 324 700 255 -8 8 0
300 332 703 252 0 8 0
300 340 706 249 -8 8 0
292 348 709 246 0 -8 0
292 340 712 243 0 0 0
292 340 715 240 -8 -8 0
284 332 718 237 0 0 0
284 332 721 234 0 0 0
284 332 724 231 -8 8 0
276 340 727 228 0 -8 0
276 332 730 225 -8 8 0
268 340 733 222 0 8 0
268 348 736 219 0 0 0
268 348 739 216 -8 0 0
260 348 742 213 0 8 0
260 356 745 210 0 0 0
260 356 748 207 -8 -8 0
252 348 751 204 0 -8 0
252 340 754 201 -8 -8 0
244 332 757 198 0 -8 0
244 324 760 195 0 0 0
244 324 763 192 -8 0 0
236 324 766 189 0 0 0
236 324 769 186 0 -8 0
236 316 772 183 -8 0 0
228 316 775 180 0 0 0
228 316 778 177 -8 8 0
220 324 781 174 0 0 1
220 324 781 174 0 0 1
220 324 781 174 0 0 1
220 324 781 174 0 0 1
220 324 781 174 0 0 1
