437 370 571 261 0 0 0
437 370 574 258 -8 8 0
429 378 577 255 -8 0 0
421 378 580 252 -8 8 0
413 386 583 249 -8 0 0
405 386 586 246 -8 -8 0
397 378 589 243 -8 8 0
389 386 592 240 -8 0 0
381 386 595 237 -8 0 0
373 386 598 234 -8 8 0
365 394 601 231 -8 0 0
357 394 604 228 -8 -8 0
349 386 607 225 -8 8 0
341 394 610 222 -8 0 0
333 394 613 219 -8 8 0
325 402 616 216 -8 0 0
317 402 619 213 -8 0 0
309 402 622 210 -8 8 0
301 410 625 207 -8 0 0
293 410 628 204 -8 0 0
285 410 631 201 -8 -8 0
277 402 634 198 -8 0 0
269 402 637 195 -8 8 0
261 410 640 192 -8 0 0
253 410 643 189 -8 0 0
245 410 646 186 -8 8 0
237 418 649 183 -8 8 0
229 426 652 180 0 8 0
229 434 655 177 -8 0 0
221 434 658 174 0 0 0
221 434 661 171 0 -8 0
221 426 664 168 -8 8 0
213 434 667 165 0 -8 0
213 426 670 162 -8 0 0
205 426 673 159 0 -8 0
205 418 676 156 0 8 0
205 426 679 153 -8 8 0
197 434 682 150 0 -8 0
197 426 685 147 0 -8 0
197 418 688 144 -8 0 0
189 418 691 141 0 -8 0
189 410 694 138 -8 -8 0
181 402 697 135 0 8 0
181 410 700 132 0 8 0
181 418 703 129 -8 0 0
173 418 706 126 0 -8 0
173 410 709 123 0 -8 0
173 402 712 120 -8 8 0
165 410 715 117 0 -8 0
165 402 718 114 -8 0 0
157 402 721 111 0 -8 0
157 394 724 108 0 -8 0
157 386 727 105 -8 0 0
149 386 730 102 0 -8 0
149 378 733 99 0 8 0
149 386 736 96 -8 -8 0
141 378 739 93 0 8 0
141 386 742 90 -8 -8 0
133 378 745 87 0 8 0
133 386 748 84 0 -8 0
133 378 751 81 -8 8 0
125 386 754 78 0 0 0
125 386 757 75 0 8 0
125 394 760 72 -8 -8 0
117 386 763 69 0 -8 0
117 378 766 66 -8 -8 0
109 370 769 63 0 -8 0
109 362 772 60 0 -8 0
109 354 775 57 -8 8 0
101 362 778 54 0 -8 0
101 354 781 51 0 0 1
101 354 781 51 0 0 1
101 354 781 51 0 0 1
101 354 781 51 0 0 1
101 354 781 51 0 0 1
