390 375 244 129 0 0 0
390 375 241 126 -8 -8 0
382 367 238 123 -8 8 0
374 375 235 120 -8 -8 0
366 367 232 117 -8 -8 0
358 359 229 114 -8 8 0
350 367 226 111 -8 8 0
342 375 223 108 -8 8 0
334 383 220 105 -8 0 0
326 383 217 102 -8 0 0
318 383 214 99 -8 8 0
310 391 211 96 -8 -8 0
302 383 208 93 -8 8 0
294 391 205 90 -8 0 0
286 391 202 87 -8 0 0
278 391 199 84 -8 -8 0
270 383 196 81 -8 0 0
262 383 193 78 -8 0 0
254 383 190 75 -8 -8 0
246 375 187 72 -8 8 0
238 383 184 69 -8 -8 0
230 375 181 66 -8 8 0
222 383 178 63 -8 0 0
214 383 175 60 -8 -8 0
206 375 172 57 -8 -8 0
198 367 169 54 -8 8 0
190 375 166 51 -8 0 0
182 375 163 48 -8 0 0
174 375 160 45 -8 -8 0
166 367 157 42 -8 8 0
158 375 154 39 -8 -8 0
150 367 151 36 -8 0 0
142 367 148 33 -8 8 0
134 375 145 30 -8 0 0
126 375 142 27 -8 8 0
118 383 139 24 -8 0 0
110 383 136 21 -8 0 0
102 383 133 18 -8 0 0
94 383 130 15 -8 8 0
86 391 127 12 -8 -8 0
78 383 124 9 -8 0 0
70 383 121 12 -8 0 0
62 383 118 15 0 0 0
62 383 115 18 0 8 0
62 391 112 21 0 8 0
62 399 109 24 0 8 0
62 407 106 27 0 8 0
62 415 103 30 0 8 0
62 423 100 33 0 8 0
62 431 97 36 0 8 0
62 439 94 39 0 8 0
62 447 91 42 0 0 0
62 447 88 45 0 -8 0
62 439 85 48 0 -8 0
62 431 82 51 0 0 0
62 431 79 54 0 0 0
62 431 76 57 0 0 0
62 431 73 60 0 -8 0
62 423 70 63 0 -8 0
62 415 67 66 0 8 0
62 423 64 69 0 -8 0
62 415 61 72 0 -8 0
62 407 58 75 0 8 0
62 415 55 78 0 -8 0
62 407 52 81 0 8 0
62 415 49 84 0 -8 0
62 407 46 87 0 0 0
62 407 43 90 0 8 0
62 415 40 93 0 8 0
62 423 37 96 0 -8 0
62 415 34 99 0 -8 0
62 407 31 102 0 0 0
62 407 28 105 0 -8 0
62 399 25 108 0 8 0
62 407 22 111 0 -8 0
62 399 19 114 0 0 1
62 399 19 114 0 0 1
62 399 19 114 0 0 1
62 399 19 114 0 0 1
62 399 19 114 0 0 1
