421 73 583 243 0 0 0
421 73 580 246 -8 0 0
413 73 577 249 -8 8 0
405 81 574 252 -8 8 0
397 89 571 255 -8 -8 0
389 81 568 258 -8 -8 0
381 73 565 261 -8 -8 0
373 65 562 264 -8 8 0
365 73 559 267 -8 -8 0
357 65 556 270 -8 0 0
349 65 553 273 -8 0 0
341 65 550 276 -8 -8 0
333 60 547 279 -8 -8 0
325 60 544 282 0 8 0
325 68 541 285 0 8 0
325 76 538 288 0 -8 0
325 68 535 291 0 -8 0
325 60 532 294 0 8 0
325 68 529 297 0 8 0
325 76 526 300 0 0 0
325 76 523 303 0 0 0
325 76 520 306 0 -8 0
325 68 517 309 0 0 0
325 68 514 312 0 0 0
325 68 511 315 0 8 0
325 76 508 318 0 -8 0
325 68 505 321 0 8 0
325 76 502 324 0 0 0
325 76 499 327 0 8 0
325 84 496 330 0 0 0
325 84 493 333 0 -8 0
325 76 490 336 0 8 0
325 84 487 339 0 8 0
325 92 484 342 0 -8 0
325 84 481 345 0 -8 0
325 76 478 348 0 -8 0
325 68 475 351 0 8 0
325 76 472 354 0 0 0
325 76 469 357 0 -8 0
325 68 466 360 0 8 0
325 76 463 363 0 8 0
325 84 460 366 0 -8 0
325 76 457 369 0 -8 0
325 68 454 372 0 0 0
325 68 451 375 0 8 0
325 76 448 378 8 0 0
333 76 445 381 0 8 0
333 84 442 384 8 -8 0
341 76 439 387 0 -8 0
341 68 436 390 0 0 0
341 68 433 393 8 0 0
349 68 430 396 0 0 0
349 68 427 399 0 0 0
349 68 424 402 8 8 0
357 76 421 405 0 -8 0
357 68 418 408 8 -8 0
365 60 415 411 0 8 0
365 68 412 414 0 -8 0
365 60 409 417 8 -8 0
373 60 406 420 0 0 0
373 60 403 423 0 8 0
373 68 400 426 8 -8 0
381 60 397 429 0 8 0
381 68 394 432 8 8 0
389 76 391 435 0 -8 0
389 68 388 438 0 8 0
389 76 385 441 8 8 0
397 84 382 444 0 -8 0
397 76 379 447 0 0 0
397 76 376 450 8 0 0
405 76 373 453 0 -8 0
405 68 370 456 8 0 0
413 68 367 459 0 -8 0
413 60 364 462 0 0 0
413 60 361 465 8 0 0
421 60 358 468 0 -8 0
421 60 355 471 0 8 0
421 68 352 474 8 8 0
429 76 349 477 0 8 0
429 84 346 480 8 8 0
437 92 343 483 0 -8 0
437 84 340 486 0 -8 0
437 76 337 489 8 8 0
445 84 334 492 0 0 0
445 84 331 495 0 8 0
445 92 328 498 8 0 0
453 92 325 501 0 -8 0
453 84 322 504 8 8 0
461 92 319 507 0 8 0
461 100 316 510 0 -8 0
461 92 313 513 8 8 0
469 100 310 516 0 0 0
469 100 307 519 0 0 0
469 100 304 522 8 0 0
477 100 301 525 0 8 0
477 108 298 528 8 8 0
485 116 295 531 0 0 0
485 116 292 534 0 -8 0
485 108 289 537 8 -8 0
493 100 286 540 0 0 0
493 100 283 543 0 8 0
493 108 280 546 8 -8 0
501 100 277 549 0 -8 0
501 92 274 552 8 -8 0
509 84 271 555 0 0 0
509 84 268 558 0 -8 0
509 76 265 561 8 8 0
517 84 262 564 0 8 0
517 92 259 567 0 -8 0
517 84 256 570 8 -8 0
525 76 253 573 0 -8 0
525 68 250 576 8 -8 0
533 60 247 579 0 8 0
533 68 244 582 0 8 0
533 76 241 585 8 8 0
540 84 238 588 0 8 0
540 92 235 591 8 -8 0
540 84 232 588 0 0 0
540 84 229 585 0 -8 0
540 76 226 582 0 0 0
540 76 223 579 0 0 0
540 76 220 576 0 8 0
540 84 217 573 0 0 0
540 84 214 570 0 -8 0
540 76 211 567 0 0 0
540 76 208 564 0 8 0
540 84 205 561 0 0 0
540 84 202 558 0 0 0
540 84 199 555 0 0 0
540 84 196 552 0 -8 0
540 76 193 549 0 0 0
540 76 190 546 0 -8 0
540 68 187 543 0 -8 0
540 60 184 540 0 -8 0
540 60 181 537 0 8 0
540 68 178 534 0 8 0
540 76 175 531 0 8 0
540 84 172 528 0 -8 0
540 76 169 525 0 0 0
540 76 166 522 0 -8 0
540 68 163 519 0 8 0
540 76 160 516 0 8 0
540 84 157 513 0 0 0
540 84 154 510 0 0 0
540 84 151 507 0 8 0
540 92 148 504 0 -8 0
540 84 145 501 0 -8 0
540 76 142 498 0 0 0
540 76 139 495 0 0 0
540 76 136 492 0 8 0
540 84 133 489 -8 -8 0
532 76 130 486 0 0 0
532 76 127 483 0 -8 0
532 68 124 480 -8 8 0
524 76 121 477 0 -8 0
524 68 118 474 0 0 0
524 68 115 471 -8 0 0
516 68 112 468 0 0 0
516 68 109 465 -8 -8 0
508 60 106 462 0 8 0
508 68 103 459 0 8 0
508 76 100 456 -8 0 0
500 76 97 453 0 8 0
500 84 94 450 0 0 0
500 84 91 447 -8 0 0
492 84 88 444 0 0 0
492 84 85 441 -8 8 0
484 92 82 438 0 -8 0
484 84 79 435 0 -8 0
484 76 76 432 -8 0 0
476 76 73 429 0 0 0
476 76 70 426 0 -8 0
476 68 67 423 -8 8 0
468 76 64 420 0 0 0
468 76 61 417 -8 8 0
460 84 58 414 0 8 0
460 92 55 411 0 -8 0
460 84 52 408 -8 8 0
452 92 49 405 0 8 0
452 100 46 402 0 8 0
452 108 43 399 -8 8 0
444 116 40 396 0 -8 0
444 108 37 393 -8 0 0
436 108 34 390 0 0 0
436 108 31 387 0 0 0
436 108 28 384 -8 0 0
428 108 25 381 0 -8 0
428 100 22 378 0 -8 0
428 92 19 375 0 0 1
428 92 19 375 0 0 1
428 92 19 375 0 0 1
428 92 19 375 0 0 1
428 92 19 375 0 0 1
