466 416 112 153 0 0 0
466 416 115 156 -8 0 0
458 416 118 159 -8 0 0
450 416 121 162 -8 -8 0
442 408 124 165 -8 8 0
434 416 127 168 -8 0 0
426 416 130 171 -8 8 0
418 424 133 174 -8 0 0
410 424 136 177 -8 0 0
402 424 139 180 -8 -8 0
394 416 142 183 -8 0 0
386 416 145 186 -8 0 0
378 416 148 189 -8 0 0
370 416 151 192 -8 -8 0
362 408 154 195 -8 8 0
354 416 157 198 -8 -8 0
346 408 160 201 -8 -8 0
338 400 163 204 -8 0 0
330 400 166 207 -8 8 0
322 408 169 210 -8 0 0
314 408 172 213 -8 0 0
306 408 175 216 -8 0 0
298 408 178 219 -8 0 0
290 408 181 222 -8 -8 0
282 400 184 225 -8 0 0
274 400 187 228 0 -8 0
274 392 190 231 0 8 0
274 400 193 234 0 0 0
274 400 196 237 0 0 0
274 400 199 240 0 0 0
274 400 202 243 0 0 0
274 400 205 246 0 8 0
274 408 208 249 0 0 0
274 408 211 252 0 -8 0
274 400 214 255 0 -8 0
274 392 217 258 0 -8 0
274 384 220 261 0 0 0
274 384 223 264 0 0 0
274 384 226 267 0 8 0
274 392 229 270 0 8 0
274 400 232 273 0 0 0
274 400 235 276 0 0 0
274 400 238 279 0 0 0
274 400 241 282 0 -8 0
274 392 244 285 0 8 0
274 400 247 288 0 0 0
274 400 250 291 0 0 0
274 400 253 294 0 8 0
274 408 256 297 0 0 0
274 408 259 300 0 -8 0
274 400 262 303 0 8 0
274 408 265 306 0 8 0
274 416 268 309 0 0 0
274 416 271 312 0 0 0
274 416 274 315 0 -8 0
274 408 277 318 0 8 0
274 416 280 321 0 -8 0
274 408 283 324 0 8 0
274 416 286 327 8 0 0
282 416 289 330 0 8 0
282 424 292 333 8 -8 0
290 416 295 336 0 -8 0
290 408 298 339 0 -8 0
290 400 301 342 8 8 0
298 408 304 345 0 -8 0
298 400 307 348 0 0 0
298 400 310 351 8 0 0
306 400 313 354 0 -8 0
306 392 316 357 8 8 0
314 400 319 360 0 -8 0
314 392 322 363 0 0 0
314 392 325 366 8 8 0
322 400 328 369 0 -8 0
322 392 331 372 0 8 0
322 400 334 375 8 0 0
330 400 337 378 0 0 0
330 400 340 381 8 8 0
338 408 343 384 0 -8 0
338 400 346 387 0 -8 0
338 392 349 390 8 8 0
346 400 352 393 0 -8 0
346 392 355 396 0 -8 0
346 384 358 399 8 0 0
354 384 361 402 0 -8 0
354 376 364 405 8 -8 0
362 368 367 408 0 -8 0
362 360 370 411 0 8 0
362 368 373 414 8 -8 0
370 360 376 417 0 -8 0
370 352 379 420 0 8 0
370 360 382 423 8 -8 0
378 352 385 426 0 8 0
378 360 388 429 8 -8 0
386 352 391 432 0 -8 0
386 344 394 435 0 -8 0
386 336 397 438 8 -8 0
394 328 400 441 0 -8 0
394 320 403 444 0 0 0
394 320 406 447 8 0 0
402 320 409 450 0 0 0
402 320 412 453 8 -8 0
410 312 415 456 0 8 0
410 320 418 459 0 -8 0
410 312 421 462 8 8 0
418 320 424 465 0 -8 0
418 312 427 468 0 -8 0
418 304 430 471 8 -8 0
426 296 433 474 0 0 0
426 296 436 477 8 -8 0
434 288 439 480 0 0 0
434 288 442 483 0 -8 0
434 280 445 486 8 8 0
442 288 448 489 0 0 0
442 288 451 492 0 8 0
442 296 454 495 8 0 0
450 296 457 498 0 8 0
450 304 460 501 8 8 0
458 312 463 504 0 0 0
458 312 466 507 0 8 0
458 320 469 510 8 8 0
466 328 472 513 0 8 0
466 336 475 516 0 8 0
466 344 478 519 8 8 0
474 352 481 522 0 0 0
474 352 484 525 8 -8 0
482 344 487 528 0 -8 0
482 336 490 531 0 -8 0
482 328 493 534 8 0 0
490 328 496 537 0 8 0
490 336 499 540 0 0 0
490 336 502 543 8 8 0
498 344 505 546 0 -8 0
498 336 508 549 8 8 0
506 344 511 552 0 0 0
506 344 514 555 0 -8 0
506 336 517 558 8 0 0
514 336 520 561 0 0 0
514 336 523 564 0 8 0
514 344 526 567 8 -8 0
522 336 529 570 0 8 0
522 344 532 573 8 8 0
530 352 535 576 0 0 0
530 352 538 579 0 8 0
530 360 541 582 8 0 0
538 360 544 585 0 -8 0
538 352 547 588 0 0 0
538 352 550 591 8 8 0
540 360 553 588 0 8 0
540 368 556 585 0 -8 0
540 360 559 582 0 -8 0
540 352 562 579 0 8 0
540 360 565 576 0 -8 0
540 352 568 573 0 -8 0
540 344 571 570 0 8 0
540 352 574 567 0 -8 0
540 344 577 564 0 0 0
540 344 580 561 0 0 0
540 344 583 558 0 0 0
540 344 586 555 0 -8 0
540 336 589 552 0 8 0
540 344 592 549 0 -8 0
540 336 595 546 0 0 0
540 336 598 543 0 0 0
540 336 601 540 0 8 0
540 344 604 537 0 8 0
540 352 607 534 0 0 0
540 352 610 531 0 -8 0
540 344 613 528 0 -8 0
540 336 616 525 0 0 0
540 336 619 522 0 8 0
540 344 622 519 0 0 0
540 344 625 516 0 0 0
540 344 628 513 0 8 0
540 352 631 510 0 -8 0
540 344 634 507 0 0 0
540 344 637 504 0 0 0
540 344 640 501 0 8 0
540 352 643 498 0 0 0
540 352 646 495 0 0 0
540 352 649 492 0 0 0
540 352 652 489 -8 8 0
532 360 655 486 0 -8 0
532 352 658 483 0 -8 0
532 344 661 480 -8 8 0
524 352 664 477 0 0 0
524 352 667 474 0 0 0
524 352 670 471 -8 -8 0
516 344 673 468 0 -8 0
516 336 676 465 -8 0 0
508 336 679 462 0 -8 0
508 328 682 459 0 0 0
508 328 685 456 -8 -8 0
500 320 688 453 0 8 0
500 328 691 450 0 0 0
500 328 694 447 -8 0 0
492 328 697 444 0 8 0
492 336 700 441 -8 -8 0
484 328 703 438 0 8 0
484 336 706 435 0 -8 0
484 328 709 432 -8 -8 0
476 320 712 429 0 -8 0
476 312 715 426 0 8 0
476 320 718 423 -8 8 0
468 328 721 420 0 -8 0
468 320 724 417 -8 -8 0
460 312 727 414 0 -8 0
460 304 730 411 0 -8 0
460 296 733 408 -8 -8 0
452 288 736 405 0 -8 0
452 280 739 402 0 8 0
452 288 742 399 -8 8 0
444 296 745 396 0 -8 0
444 288 748 393 -8 8 0
436 296 751 390 0 -8 0
436 288 754 387 0 -8 0
436 280 757 384 -8 8 0
428 288 760 381 0 8 0
428 296 763 378 0 0 0
428 296 766 375 -8 8 0
420 304 769 372 0 8 0
420 312 772 369 -8 8 0
412 320 775 366 0 -8 0
412 312 778 363 0 8 0
412 320 781 360 -8 8 0
404 328 778 357 0 8 0
404 336 775 354 0 -8 0
404 328 772 351 -8 0 0
396 328 769 348 0 0 0
396 328 766 345 -8 0 0
388 328 763 342 0 8 0
388 336 760 339 0 8 0
388 344 757 336 -8 -8 0
380 336 754 333 0 0 0
380 336 751 330 0 -8 0
380 328 748 327 -8 -8 0
372 320 745 324 0 8 0
372 328 742 321 -8 0 0
364 328 739 318 0 8 0
364 336 736 315 0 8 0
364 344 733 312 -8 0 0
356 344 730 309 0 -8 0
356 336 727 306 0 0 0
356 336 724 303 -8 -8 0
348 328 721 300 0 0 0
348 328 718 297 -8 0 0
340 328 715 294 0 0 0
340 328 712 291 0 -8 0
340 320 709 288 -8 -8 0
332 312 706 285 0 -8 0
332 304 703 282 0 8 0
332 312 700 279 -8 -8 0
324 304 697 276 0 8 0
324 312 694 273 -8 -8 0
316 304 691 270 0 0 0
316 304 688 267 0 -8 0
316 296 685 264 -8 -8 0
308 288 682 261 0 8 0
308 296 679 258 0 8 0
308 304 676 255 -8 -8 0
300 296 673 252 0 0 0
300 296 670 249 -8 0 0
292 296 667 246 0 0 0
292 296 664 243 0 -8 0
292 288 661 240 -8 -8 0
284 280 658 237 0 8 0
284 288 655 234 0 8 0
284 296 652 231 -8 8 0
276 304 649 228 0 -8 0
276 296 646 225 -8 8 0
268 304 643 222 0 -8 0
268 296 640 219 0 8 0
268 304 637 216 -8 -8 0
260 296 634 213 0 8 0
260 304 631 210 0 0 0
260 304 628 207 -8 0 0
252 304 625 204 0 8 0
252 312 622 201 -8 0 0
244 312 619 198 0 -8 0
244 304 616 195 0 0 0
244 304 613 192 -8 8 0
236 312 610 189 0 8 0
236 320 607 186 0 0 0
236 320 604 183 -8 8 0
228 328 601 180 0 -8 0
228 320 598 177 -8 8 0
220 328 595 174 0 -8 0
220 320 592 171 0 -8 0
220 312 589 168 -8 8 0
212 320 586 165 0 0 0
212 320 583 162 0 0 0
212 320 580 159 -8 -8 0
204 312 577 156 0 0 0
204 312 574 153 -8 -8 0
196 304 571 150 0 0 0
196 304 568 147 0 -8 0
196 296 565 144 -8 0 0
188 296 562 141 0 0 0
188 296 559 138 0 -8 0
188 288 556 135 -8 -8 0
180 280 553 132 0 8 0
180 288 550 129 -8 8 0
172 296 547 126 0 0 0
172 296 544 123 0 8 0
172 304 541 120 -8 8 0
164 312 538 117 0 -8 0
164 304 535 114 0 0 0
164 304 532 111 -8 -8 0
156 296 529 108 0 -8 0
156 288 526 105 -8 0 0
148 288 523 102 0 0 0
148 288 520 99 0 0 0
148 288 517 96 -8 0 0
140 288 514 93 0 8 0
140 296 511 90 0 8 0
140 304 508 87 -8 -8 0
132 296 505 84 0 -8 0
132 288 502 81 -8 -8 0
124 280 499 78 0 8 0
124 288 496 75 0 -8 0
124 280 493 72 -8 -8 0
116 272 490 69 0 8 0
116 280 487 66 0 0 0
116 280 484 63 -8 0 0
108 280 481 60 0 -8 0
108 272 478 57 -8 -8 0
100 264 475 54 0 -8 0
100 256 472 51 0 8 0
100 264 469 48 -8 -8 0
92 256 466 45 0 0 0
92 256 463 42 0 -8 0
92 248 460 39 -8 -8 0
84 240 457 36 0 8 0
84 248 454 33 -8 -8 0
76 240 451 30 0 0 0
76 240 448 27 0 0 0
76 240 445 24 -8 0 0
68 240 442 21 0 8 0
68 248 439 18 0 8 0
68 256 436 15 -8 0 0
60 256 433 12 0 -8 0
60 248 430 9 -8 0 0
60 248 427 12 0 0 0
60 248 424 15 0 8 0
60 256 421 18 0 8 0
60 264 418 21 0 8 0
60 272 415 24 0 -8 0
60 264 412 27 0 0 0
60 264 409 30 0 0 0
60 264 406 33 0 8 0
60 272 403 36 0 -8 0
60 264 400 39 0 0 0
60 264 397 42 0 0 0
60 264 394 45 0 -8 0
60 256 391 48 0 -8 0
60 248 388 51 0 8 0
60 256 385 54 0 -8 0
60 248 382 57 0 -8 0
60 240 379 60 0 0 0
60 240 376 63 0 -8 0
60 232 373 66 0 0 0
60 232 370 69 0 -8 0
60 224 367 72 0 0 0
60 224 364 75 0 8 0
60 232 361 78 0 -8 0
60 224 358 81 0 0 0
60 224 355 84 0 0 0
60 224 352 87 0 0 0
60 224 349 90 0 -8 0
60 216 346 93 0 -8 0
60 208 343 96 0 8 0
60 216 340 99 0 -8 0
60 208 337 102 0 0 0
60 208 334 105 0 -8 0
60 200 331 108 0 -8 0
60 192 328 111 8 0 0
68 192 325 114 0 -8 0
68 184 322 117 0 0 0
68 184 319 120 8 0 0
76 184 316 123 0 8 0
76 192 313 126 0 0 0
76 192 310 129 8 8 0
84 200 307 132 0 -8 0
84 192 304 135 8 0 0
92 192 301 138 0 0 0
92 192 298 141 0 8 0
92 200 295 144 8 0 0
100 200 292 147 0 -8 0
100 192 289 150 0 0 0
100 192 286 153 8 8 0
108 200 283 156 0 -8 0
108 192 280 159 8 8 0
116 200 277 162 0 0 0
116 200 274 165 0 -8 0
116 192 271 168 8 -8 0
124 184 268 171 0 8 0
124 192 265 174 0 -8 0
124 184 262 177 8 -8 0
132 176 259 180 0 -8 0
132 168 256 183 8 0 0
140 168 253 186 0 -8 0
140 160 250 189 0 -8 0
140 152 247 192 8 0 0
148 152 244 195 0 -8 0
148 144 241 198 0 8 0
148 152 238 201 8 8 0
156 160 235 204 0 8 0
156 168 232 207 8 0 0
164 168 229 210 0 8 0
164 176 226 213 0 0 0
164 176 223 216 8 8 0
172 184 220 219 0 8 0
172 192 217 222 0 8 0
172 200 214 225 8 8 0
180 208 211 228 0 -8 0
180 200 208 231 8 8 0
188 208 205 234 0 8 0
188 216 202 237 0 8 0
188 224 199 240 8 0 0
196 224 196 243 0 0 0
196 224 193 246 0 8 0
196 232 190 249 8 0 0
204 232 187 252 0 8 0
204 240 184 255 8 0 0
212 240 181 258 0 8 0
212 248 178 261 0 0 0
212 248 175 264 8 -8 0
220 240 172 267 0 -8 0
220 232 169 270 0 0 0
220 232 166 273 8 8 0
228 240 163 276 0 -8 0
228 232 160 279 8 8 0
236 240 157 282 0 -8 0
236 232 154 285 0 -8 0
236 224 151 288 8 0 0
244 224 148 291 0 8 0
244 232 145 294 0 0 0
244 232 142 297 8 -8 0
252 224 139 300 0 0 0
252 224 136 303 8 8 0
260 232 133 306 0 8 0
260 240 130 309 0 -8 0
260 232 127 312 8 -8 0
268 224 124 315 0 8 0
268 232 121 318 0 8 0
268 240 118 321 8 -8 0
276 232 115 324 0 -8 0
276 224 112 327 8 -8 0
284 216 109 330 0 -8 0
284 208 106 333 0 -8 0
284 200 103 336 8 8 0
292 208 100 339 0 8 0
292 216 97 342 0 0 0
292 216 94 345 8 0 0
300 216 91 348 0 0 0
300 216 88 351 8 -8 0
308 208 85 354 0 -8 0
308 200 82 357 0 8 0
308 208 79 360 8 8 0
316 216 76 363 0 8 0
316 224 73 366 0 0 0
316 224 70 369 8 -8 0
324 216 67 372 0 -8 0
324 208 64 375 8 8 0
332 216 61 378 0 8 0
332 224 58 381 0 8 0
332 232 55 384 8 0 0
340 232 52 387 0 -8 0
340 224 49 390 0 8 0
340 232 46 393 8 -8 0
348 224 43 396 0 -8 0
348 216 40 399 8 8 0
356 224 37 402 0 0 0
356 224 34 405 0 -8 0
356 216 31 408 8 8 0
364 224 28 411 0 8 0
364 232 25 414 0 8 0
364 240 22 417 8 -8 0
372 232 19 420 0 0 0
372 232 22 423 8 0 0
380 232 25 426 0 -8 0
380 224 28 429 0 -8 0
380 216 31 432 8 -8 0
388 208 34 435 0 0 0
388 208 37 438 0 -8 0
388 200 40 441 8 0 0
396 200 43 444 0 -8 0
396 192 46 447 8 0 0
404 192 49 450 0 -8 0
404 184 52 453 0 8 0
404 192 55 456 8 8 0
412 200 58 459 0 8 0
412 208 61 462 0 -8 0
412 200 64 465 8 0 0
420 200 67 468 0 8 0
420 208 70 471 8 -8 0
428 200 73 474 0 0 0
428 200 76 477 0 0 0
428 200 79 480 8 8 0
436 208 82 483 0 0 0
436 208 85 486 0 0 0
436 208 88 489 8 0 0
444 208 91 492 0 8 0
444 216 94 495 8 8 0
452 224 97 498 0 -8 0
452 216 100 501 0 0 0
452 216 103 504 8 -8 0
460 208 106 507 0 0 0
460 208 109 510 0 -8 0
460 200 112 513 8 0 0
468 200 115 516 0 0 0
468 200 118 519 8 0 0
476 200 121 522 0 0 0
476 200 124 525 0 0 0
476 200 127 528 8 -8 0
484 192 130 531 0 0 0
484 192 133 534 0 8 0
484 200 136 537 8 8 0
492 208 139 540 0 -8 0
492 200 142 543 8 8 0
500 208 145 546 0 -8 0
500 200 148 549 0 0 0
500 200 151 552 8 8 0
508 208 154 555 0 0 0
508 208 157 558 0 -8 0
508 200 160 561 8 8 0
516 208 163 564 0 0 0
516 208 166 567 8 0 0
524 208 169 570 0 8 0
524 216 172 573 0 0 0
524 216 175 576 8 -8 0
532 208 178 579 0 0 0
532 208 181 582 0 -8 0
532 200 184 585 8 0 0
540 200 187 588 0 8 0
540 208 190 591 8 8 0
540 216 193 588 0 -8 0
540 208 196 585 0 -8 0
540 200 199 582 0 8 0
540 208 202 579 0 0 0
540 208 205 576 0 -8 0
540 200 208 573 0 -8 0
540 192 211 570 0 0 0
540 192 214 567 0 -8 0
540 184 217 564 0 -8 0
540 176 220 561 0 -8 0
540 168 223 558 0 -8 0
540 160 226 555 0 -8 0
540 152 229 552 0 8 0
540 160 232 549 0 8 0
540 168 235 546 0 8 0
540 176 238 543 0 -8 0
540 168 241 540 0 -8 0
540 160 244 537 0 0 0
540 160 247 534 0 0 0
540 160 250 531 0 -8 0
540 152 253 528 0 8 0
540 160 256 525 0 8 0
540 168 259 522 0 -8 0
540 160 262 519 0 0 0
540 160 265 516 0 0 0
540 160 268 513 0 8 0
540 168 271 510 0 -8 0
540 160 274 507 0 8 0
540 168 277 504 0 0 0
540 168 280 501 0 0 0
540 168 283 498 0 8 0
540 176 286 495 0 0 0
540 176 289 492 0 0 0
540 176 292 489 -8 8 0
532 184 295 486 0 8 0
532 192 298 483 0 -8 0
532 184 301 480 -8 0 0
524 184 304 477 0 8 0
524 192 307 474 0 0 0
524 192 310 471 -8 0 0
516 192 313 468 0 8 0
516 200 316 465 -8 8 0
508 208 319 462 0 -8 0
508 200 322 459 0 0 0
508 200 325 456 -8 8 0
500 208 328 453 0 -8 0
500 200 331 450 0 8 0
500 208 334 447 -8 -8 0
492 200 337 444 0 8 0
492 208 340 441 -8 8 0
484 216 343 438 0 -8 0
484 208 346 435 0 8 0
484 216 349 432 -8 0 0
476 216 352 429 0 0 0
476 216 355 426 0 -8 0
476 208 358 423 -8 -8 0
468 200 361 420 0 -8 0
468 192 364 417 -8 -8 0
460 184 367 414 0 -8 0
460 176 370 411 0 8 0
460 184 373 408 -8 8 0
452 192 376 405 0 0 0
452 192 379 402 0 8 0
452 200 382 399 -8 0 0
444 200 385 396 0 8 0
444 208 388 393 -8 0 0
436 208 391 390 0 0 0
436 208 394 387 0 8 0
436 216 397 384 -8 8 0
428 224 400 381 0 8 0
428 232 403 378 0 8 0
428 240 406 375 -8 0 0
420 240 409 372 0 8 0
420 248 412 369 -8 0 0
412 248 415 366 0 -8 0
412 240 418 363 0 8 0
412 248 421 360 -8 -8 0
404 240 424 357 0 -8 0
404 232 427 354 0 0 0
404 232 430 351 -8 8 0
396 240 433 348 0 0 0
396 240 436 345 -8 0 0
388 240 439 342 0 -8 0
388 232 442 339 0 -8 0
388 224 445 336 -8 -8 0
380 216 448 333 0 8 0
380 224 451 330 0 8 0
380 232 454 327 -8 0 0
372 232 457 324 0 0 0
372 232 460 321 -8 8 0
364 240 463 318 0 8 0
364 248 466 315 0 0 0
364 248 469 312 -8 8 0
356 256 472 309 0 -8 0
356 248 475 306 0 -8 0
356 240 478 303 -8 0 0
348 240 481 300 0 0 0
348 240 484 297 -8 8 0
340 248 487 294 0 0 0
340 248 490 291 0 8 0
340 256 493 288 -8 8 0
332 264 496 285 0 8 0
332 272 499 282 0 -8 0
332 264 502 279 -8 -8 0
324 256 505 276 0 8 0
324 264 508 273 -8 8 0
316 272 511 270 0 8 0
316 280 514 267 0 8 0
316 288 517 264 -8 0 0
308 288 520 261 0 0 0
308 288 523 258 0 8 0
308 296 526 255 -8 8 0
300 304 529 252 0 -8 0
300 296 532 249 -8 8 0
292 304 535 246 0 0 0
292 304 538 243 0 0 0
292 304 541 240 -8 -8 0
284 296 544 237 0 -8 0
284 288 547 234 0 8 0
284 296 550 231 -8 -8 0
276 288 553 228 0 -8 0
276 280 556 225 -8 8 0
268 288 559 222 0 8 0
268 296 562 219 0 0 0
268 296 565 216 -8 -8 0
260 288 568 213 0 0 0
260 288 571 210 0 -8 0
260 280 574 207 -8 -8 0
252 272 577 204 0 -8 0
252 264 580 201 -8 0 0
244 264 583 198 0 0 0
244 264 586 195 0 0 0
244 264 589 192 -8 0 0
236 264 592 189 0 -8 0
236 256 595 186 0 0 0
236 256 598 183 -8 8 0
228 264 601 180 0 -8 0
228 256 604 177 -8 -8 0
220 248 607 174 0 -8 0
220 240 610 171 0 0 0
220 240 613 168 -8 0 0
212 240 616 165 0 0 0
212 240 619 162 0 0 0
212 240 622 159 -8 0 0
204 240 625 156 0 0 0
204 240 628 153 -8 8 0
196 248 631 150 0 -8 0
196 240 634 147 0 0 0
196 240 637 144 -8 0 0
188 240 640 141 0 -8 0
188 232 643 138 0 8 0
188 240 646 135 -8 0 0
180 240 649 132 0 -8 0
180 232 652 129 -8 8 0
172 240 655 126 0 0 0
172 240 658 123 0 -8 0
172 232 661 120 -8 8 0
164 240 664 117 0 -8 0
164 232 667 114 0 0 0
164 232 670 111 -8 -8 0
156 224 673 108 0 0 0
156 224 676 105 -8 -8 0
148 216 679 102 0 -8 0
148 208 682 99 0 0 0
148 208 685 96 -8 -8 0
140 200 688 93 0 8 0
140 208 691 90 0 8 0
140 216 694 87 -8 8 0
132 224 697 84 0 -8 0
132 216 700 81 -8 0 0
124 216 703 78 0 0 0
124 216 706 75 0 -8 0
124 208 709 72 -8 8 0
116 216 712 69 0 0 0
116 216 715 66 0 8 0
116 224 718 63 -8 -8 0
108 216 721 60 0 0 0
108 216 724 57 -8 8 0
100 224 727 54 0 0 0
100 224 730 51 0 0 0
100 224 733 48 -8 8 0
92 232 736 45 0 8 0
92 240 739 42 0 -8 0
92 232 742 39 -8 -8 0
84 224 745 36 0 -8 0
84 216 748 33 -8 0 0
76 216 751 30 0 8 0
76 224 754 27 0 8 0
76 232 757 24 -8 0 0
68 232 760 21 0 -8 0
68 224 763 18 0 8 0
68 232 766 15 -8 0 0
60 232 769 12 0 0 0
60 232 772 9 -8 -8 0
60 224 775 12 0 0 0
60 224 778 15 0 -8 0
60 216 781 18 0 0 1
60 216 781 18 0 0 1
60 216 781 18 0 0 1
60 216 781 18 0 0 1
60 216 781 18 0 0 1
