75 413 469 288 0 0 0
75 413 472 285 8 8 0
83 421 475 282 8 0 0
91 421 478 279 8 0 0
99 421 481 276 8 -8 0
107 413 484 273 8 8 0
115 421 487 270 8 8 0
123 429 490 267 8 -8 0
131 421 493 264 8 8 0
139 429 496 261 8 -8 0
147 421 499 258 8 -8 0
155 413 502 255 8 -8 0
163 405 505 252 8 0 0
171 405 508 249 8 0 0
179 405 511 246 8 0 0
187 405 514 243 8 -8 0
195 397 517 240 0 0 0
195 397 520 237 0 -8 0
195 389 523 234 0 -8 0
195 381 526 231 0 -8 0
195 373 529 228 0 0 0
195 373 532 225 0 8 0
195 381 535 222 0 0 0
195 381 538 219 0 8 0
195 389 541 216 0 0 0
195 389 544 213 0 0 0
195 389 547 210 0 -8 0
195 381 550 207 0 0 0
195 381 553 204 0 -8 0
195 373 556 201 0 0 0
195 373 559 198 0 8 0
195 381 562 195 0 0 0
195 381 565 192 0 0 0
195 381 568 189 0 0 0
195 381 571 186 0 8 0
195 389 574 183 0 0 0
195 389 577 180 0 8 0
195 397 580 177 0 8 0
195 405 583 174 0 0 0
195 405 586 171 0 0 0
195 405 589 168 0 0 0
195 405 592 165 0 0 0
195 405 595 162 0 8 0
195 413 598 159 0 0 0
195 413 601 156 0 -8 0
195 405 604 153 0 -8 0
195 397 607 150 0 0 0
195 397 610 147 0 8 0
195 405 613 144 -8 -8 0
187 397 616 141 0 -8 0
187 389 619 138 0 -8 0
187 381 622 135 -8 -8 0
179 373 625 132 0 8 0
179 381 628 129 0 0 0
179 381 631 126 -8 -8 0
171 373 634 123 0 -8 0
171 365 637 120 -8 8 0
163 373 640 117 0 8 0
163 381 643 114 0 8 0
163 389 646 111 -8 -8 0
155 381 649 108 0 0 0
155 381 652 105 0 8 0
155 389 655 102 -8 -8 0
147 381 658 99 0 -8 0
147 373 661 96 -8 0 0
139 373 664 93 0 -8 0
139 365 667 90 0 8 0
139 373 670 87 -8 8 0
131 381 673 84 0 0 0
131 381 676 81 0 -8 0
131 373 679 78 -8 8 0
123 381 682 75 0 0 0
123 381 685 72 -8 8 0
115 389 688 69 0 0 0
115 389 691 66 0 -8 0
115 381 694 63 -8 0 0
107 381 697 60 0 0 0
107 381 700 57 0 8 0
107 389 703 54 -8 8 0
99 397 706 51 0 0 0
99 397 709 48 -8 8 0
91 405 712 45 0 8 0
91 413 715 42 0 0 0
91 413 718 39 -8 -8 0
83 405 721 36 0 0 0
83 405 724 33 0 -8 0
83 397 727 30 -8 0 0
75 397 730 27 0 8 0
75 405 733 24 -8 -8 0
67 397 736 21 0 -8 0
67 389 739 18 0 0 0
67 389 742 15 -8 0 0
60 389 745 12 0 0 0
60 389 748 9 -8 8 0
60 397 751 12 0 8 0
60 405 754 15 0 -8 0
60 397 757 18 0 -8 0
60 389 760 21 0 8 0
60 397 763 24 0 -8 0
60 389 766 27 0 8 0
60 397 769 30 0 8 0
60 405 772 33 0 8 0
60 413 775 36 0 8 0
60 421 778 39 0 8 0
60 429 781 42 0 0 1
60 429 781 42 0 0 1
60 429 781 42 0 0 1
60 429 781 42 0 0 1
60 429 781 42 0 0 1
