477 65 361 132 0 0 0
477 65 358 135 -8 8 0
469 73 355 138 -8 8 0
461 81 352 141 -8 -8 0
453 73 349 144 -8 -8 0
445 65 346 147 -8 0 0
437 65 343 150 -8 8 0
429 73 340 153 -8 -8 0
421 65 337 156 -8 -8 0
413 60 334 159 -8 -8 0
405 60 331 162 -8 0 0
397 60 328 165 -8 8 0
389 68 325 168 -8 0 0
381 68 322 171 -8 -8 0
373 60 319 174 -8 8 0
365 68 316 177 -8 0 0
357 68 313 180 -8 -8 0
349 60 310 183 -8 8 0
341 68 307 186 -8 0 0
333 68 304 189 -8 -8 0
325 60 301 192 -8 0 0
317 60 298 195 -8 -8 0
309 60 295 198 -8 0 0
301 60 292 201 -8 -8 0
293 60 289 204 -8 0 0
285 60 286 207 -8 0 0
277 60 283 210 -8 -8 0
269 60 280 213 -8 0 0
261 60 277 216 0 8 0
261 68 274 219 0 -8 0
261 60 271 222 0 -8 0
261 60 268 225 0 -8 0
261 60 265 228 0 -8 0
261 60 262 231 0 0 0
261 60 259 234 0 8 0
261 68 256 237 0 0 0
261 68 253 240 0 -8 0
261 60 250 243 0 8 0
261 68 247 246 0 -8 0
261 60 244 249 0 8 0
261 68 241 252 0 -8 0
261 60 238 255 0 -8 0
261 60 235 258 0 0 0
261 60 232 261 0 0 0
261 60 229 264 0 8 0
261 68 226 267 0 8 0
261 76 223 270 0 -8 0
261 68 220 273 0 8 0
261 76 217 276 0 8 0
261 84 214 279 0 8 0
261 92 211 282 0 -8 0
261 84 208 285 0 8 0
261 92 205 288 0 -8 0
261 84 202 291 0 -8 0
261 76 199 294 0 8 0
261 84 196 297 0 0 0
261 84 193 300 0 8 0
261 92 190 303 0 -8 0
261 84 187 306 0 -8 0
261 76 184 309 0 -8 0
261 68 181 312 8 8 0
269 76 178 315 0 8 0
269 84 175 318 0 0 0
269 84 172 321 8 0 0
277 84 169 324 0 0 0
277 84 166 327 0 8 0
277 92 163 330 8 -8 0
285 84 160 333 0 8 0
285 92 157 336 8 0 0
293 92 154 339 0 0 0
293 92 151 342 0 0 0
293 92 148 345 8 0 0
301 92 145 348 0 0 0
301 92 142 351 0 -8 0
301 84 139 354 8 0 0
309 84 136 357 0 0 0
309 84 133 360 8 8 0
317 92 130 363 0 8 0
317 100 127 366 0 0 0
317 100 124 369 8 8 0
325 108 121 372 0 -8 0
325 100 118 375 0 0 0
325 100 115 378 8 8 0
333 108 112 381 0 0 0
333 108 109 384 8 -8 0
341 100 106 387 0 8 0
341 108 103 390 0 0 0
341 108 100 393 8 -8 0
349 100 97 396 0 0 0
349 100 94 399 0 0 0
349 100 91 402 8 0 0
357 100 88 405 0 0 0
357 100 85 408 8 0 0
365 100 82 411 0 0 0
365 100 79 414 0 -8 0
365 92 76 417 8 0 0
373 92 73 420 0 0 0
373 92 70 423 0 0 0
373 92 67 426 8 0 0
381 92 64 429 0 8 0
381 100 61 432 8 0 0
389 100 58 435 0 8 0
389 108 55 438 0 0 0
389 108 52 441 8 -8 0
397 100 49 444 0 8 0
397 108 46 447 0 0 0
397 108 43 450 8 0 0
405 108 40 453 0 -8 0
405 100 37 456 8 0 0
413 100 34 459 0 -8 0
413 92 31 462 0 8 0
413 100 28 465 8 8 0
421 108 25 468 0 8 0
421 116 22 471 0 -8 0
421 108 19 474 0 0 1
421 108 19 474 0 0 1
421 108 19 474 0 0 1
421 108 19 474 0 0 1
421 108 19 474 0 0 1
