268 106 295 447 0 0 0
268 106 298 444 8 8 0
276 114 301 441 8 8 0
284 122 304 438 8 0 0
292 122 307 435 8 -8 0
300 114 310 432 8 -8 0
308 106 313 429 8 0 0
316 106 316 426 8 8 0
324 114 319 423 8 -8 0
332 106 322 420 8 0 0
340 106 325 417 8 8 0
348 114 328 414 8 -8 0
356 106 331 411 8 8 0
364 114 334 408 0 8 0
364 122 337 405 0 8 0
364 130 340 402 0 -8 0
364 122 343 399 0 -8 0
364 114 346 396 0 8 0
364 122 349 393 0 -8 0
364 114 352 390 0 0 0
364 114 355 387 0 0 0
364 114 358 384 0 -8 0
364 106 361 381 0 -8 0
364 98 364 378 0 0 0
364 98 367 375 0 -8 0
364 90 370 372 0 -8 0
364 82 373 369 0 8 0
364 90 376 366 0 -8 0
364 82 379 363 0 0 0
364 82 382 360 0 8 0
364 90 385 357 0 0 0
364 90 388 354 0 0 0
364 90 391 351 0 8 0
364 98 394 348 0 -8 0
364 90 397 345 0 -8 0
364 82 400 342 0 8 0
364 90 403 339 0 0 0
364 90 406 336 0 8 0
364 98 409 333 0 8 0
364 106 412 330 0 8 0
364 114 415 327 0 0 0
364 114 418 324 0 8 0
364 122 421 321 0 -8 0
364 114 424 318 0 8 0
364 122 427 315 0 8 0
364 130 430 312 -8 8 0
356 138 433 309 0 0 0
356 138 436 306 0 8 0
356 146 439 303 -8 8 0
348 154 442 300 0 -8 0
348 146 445 297 -8 -8 0
340 138 448 294 0 -8 0
340 130 451 291 0 -8 0
340 122 454 288 -8 -8 0
332 114 457 285 0 -8 0
332 106 460 282 0 0 0
332 106 463 279 -8 0 0
324 106 466 276 0 0 0
324 106 469 273 -8 -8 0
316 98 472 270 0 -8 0
316 90 475 267 0 8 0
316 98 478 264 -8 0 0
308 98 481 261 0 -8 0
308 90 484 258 0 0 0
308 90 487 255 -8 8 0
300 98 490 252 0 0 0
300 98 493 249 -8 8 0
292 106 496 246 0 8 0
292 114 499 243 0 -8 0
292 106 502 240 -8 0 0
284 106 505 237 0 8 0
284 114 508 234 0 0 0
284 114 511 231 -8 0 0
276 114 514 228 0 -8 0
276 106 517 225 -8 -8 0
268 98 520 222 0 8 0
268 106 523 219 0 -8 0
268 98 526 216 -8 -8 0
260 90 529 213 0 8 0
260 98 532 210 0 8 0
260 106 535 207 -8 -8 0
252 98 538 204 0 -8 0
252 90 541 201 -8 0 0
244 90 544 198 0 -8 0
244 82 547 195 0 8 0
244 90 550 192 -8 0 0
236 90 553 189 0 0 0
236 90 556 186 0 8 0
236 98 559 183 -8 0 0
228 98 562 180 0 -8 0
228 90 565 177 -8 -8 0
220 82 568 174 0 -8 0
220 74 571 171 0 8 0
220 82 574 168 -8 8 0
212 90 577 165 0 -8 0
212 82 580 162 0 8 0
212 90 583 159 -8 8 0
204 98 586 156 0 -8 0
204 90 589 153 -8 0 0
196 90 592 150 0 0 0
196 90 595 147 0 0 0
196 90 598 144 -8 0 0
188 90 601 141 0 8 0
188 98 604 138 0 0 0
188 98 607 135 -8 -8 0
180 90 610 132 0 -8 0
180 82 613 129 -8 -8 0
172 74 616 126 0 -8 0
172 66 619 123 0 0 0
172 66 622 120 -8 0 0
164 66 625 117 0 0 0
164 66 628 114 0 8 0
164 74 631 111 -8 0 0
156 74 634 108 0 -8 0
156 66 637 105 -8 -8 0
148 60 640 102 0 -8 0
148 60 643 99 0 8 0
148 68 646 96 -8 -8 0
140 60 649 93 0 8 0
140 68 652 90 0 0 0
140 68 655 87 -8 8 0
132 76 658 84 0 -8 0
132 68 661 81 -8 0 0
124 68 664 78 0 -8 0
124 60 667 75 0 0 0
124 60 670 72 -8 8 0
116 68 673 69 0 0 0
116 68 676 66 0 -8 0
116 60 679 63 -8 -8 0
108 60 682 60 0 8 0
108 68 685 57 -8 8 0
100 76 688 54 0 8 0
100 84 691 51 0 8 0
100 92 694 48 -8 -8 0
92 84 697 45 0 -8 0
92 76 700 42 0 8 0
92 84 703 39 -8 0 0
84 84 706 36 0 -8 0
84 76 709 33 -8 -8 0
76 68 712 30 0 -8 0
76 60 715 27 0 0 0
76 60 718 24 -8 -8 0
68 60 721 21 0 0 0
68 60 724 18 0 0 0
68 60 727 15 -8 0 0
60 60 730 12 0 0 0
60 60 733 9 -8 0 0
60 60 736 12 0 8 0
60 68 739 15 0 0 0
60 68 742 18 0 8 0
60 76 745 21 0 8 0
60 84 748 24 0 8 0
60 92 751 27 0 0 0
60 92 754 30 0 8 0
60 100 757 33 0 0 0
60 100 760 36 0 8 0
60 108 763 39 0 8 0
60 116 766 42 0 -8 0
60 108 769 45 0 8 0
60 116 772 48 0 8 0
60 124 775 51 0 8 0
60 132 778 54 0 0 0
60 132 781 57 0 0 1
60 132 781 57 0 0 1
60 132 781 57 0 0 1
60 132 781 57 0 0 1
60 132 781 57 0 0 1
