426 212 436 327 0 0 0
426 212 433 324 -8 8 0
418 220 430 321 -8 -8 0
410 212 427 318 -8 0 0
402 212 424 315 -8 0 0
394 212 421 312 -8 0 0
386 212 418 309 -8 8 0
378 220 415 306 -8 0 0
370 220 412 303 -8 0 0
362 220 409 300 -8 -8 0
354 212 406 297 -8 -8 0
346 204 403 294 -8 0 0
338 204 400 291 0 0 0
338 204 397 288 0 -8 0
338 196 394 285 -8 -8 0
330 188 391 282 0 -8 0
330 180 388 279 -8 -8 0
322 172 385 276 0 -8 0
322 164 382 273 0 -8 0
322 156 379 270 -8 8 0
314 164 376 267 0 0 0
314 164 373 264 0 0 0
314 164 370 261 -8 8 0
306 172 367 258 0 0 0
306 172 364 255 -8 8 0
298 180 361 252 0 8 0
298 188 358 249 0 0 0
298 188 355 246 -8 8 0
290 196 352 243 0 8 0
290 204 349 240 0 8 0
290 212 346 237 -8 0 0
282 212 343 234 0 -8 0
282 204 340 231 -8 0 0
274 204 337 228 0 8 0
274 212 334 225 0 -8 0
274 204 331 222 -8 0 0
266 204 328 219 0 0 0
266 204 325 216 0 0 0
266 204 322 213 -8 8 0
258 212 319 210 0 8 0
258 220 316 207 -8 0 0
250 220 313 204 0 -8 0
250 212 310 201 0 8 0
250 220 307 198 -8 0 0
242 220 304 195 0 -8 0
242 212 301 192 0 8 0
242 220 298 189 -8 -8 0
234 212 295 186 0 -8 0
234 204 292 183 -8 8 0
226 212 289 180 0 0 0
226 212 286 177 0 -8 0
226 204 283 174 -8 0 0
218 204 280 171 0 -8 0
218 196 277 168 0 8 0
218 204 274 165 -8 8 0
210 212 271 162 0 8 0
210 220 268 159 -8 8 0
202 228 265 156 0 0 0
202 228 262 153 0 8 0
202 236 259 150 -8 8 0
194 244 256 147 0 0 0
194 244 253 144 0 8 0
194 252 250 141 -8 8 0
186 260 247 138 0 8 0
186 268 244 135 -8 -8 0
178 260 241 132 0 0 0
178 260 238 129 0 -8 0
178 252 235 126 -8 0 0
170 252 232 123 0 -8 0
170 244 229 120 0 8 0
170 252 226 117 -8 0 0
162 252 223 114 0 -8 0
162 244 220 111 -8 8 0
154 252 217 108 0 0 0
154 252 214 105 0 -8 0
154 244 211 102 -8 -8 0
146 236 208 99 0 0 0
146 236 205 96 0 8 0
146 244 202 93 -8 8 0
138 252 199 90 0 0 0
138 252 196 87 -8 -8 0
130 244 193 84 0 -8 0
130 236 190 81 0 8 0
130 244 187 78 -8 -8 0
122 236 184 75 0 0 0
122 236 181 72 0 8 0
122 244 178 69 -8 -8 0
114 236 175 66 0 0 0
114 236 172 63 -8 -8 0
106 228 169 60 0 8 0
106 236 166 57 0 8 0
106 244 163 54 -8 8 0
98 252 160 51 0 -8 0
98 244 157 48 0 -8 0
98 236 154 45 -8 0 0
90 236 151 42 0 0 0
90 236 148 39 -8 0 0
82 236 145 36 0 8 0
82 244 142 33 0 8 0
82 252 139 30 -8 8 0
74 260 136 27 0 8 0
74 268 133 24 0 8 0
74 276 130 21 -8 8 0
66 284 127 18 0 -8 0
66 276 124 15 -8 8 0
60 284 121 12 0 8 0
60 292 118 9 -8 -8 0
60 284 115 12 0 -8 0
60 276 112 15 0 0 0
60 276 109 18 0 0 0
60 276 106 21 0 0 0
60 276 103 24 0 8 0
60 284 100 27 0 0 0
60 284 97 30 0 8 0
60 292 94 33 0 -8 0
60 284 91 36 0 0 0
60 284 88 39 0 0 0
60 284 85 42 0 8 0
60 292 82 45 0 -8 0
60 284 79 48 0 -8 0
60 276 76 51 0 0 0
60 276 73 54 0 8 0
60 284 70 57 0 8 0
60 292 67 60 0 8 0
60 300 64 63 0 8 0
60 308 61 66 0 0 0
60 308 58 69 0 0 0
60 308 55 72 0 -8 0
60 300 52 75 0 8 0
60 308 49 78 0 8 0
60 316 46 81 0 -8 0
60 308 43 84 0 0 0
60 308 40 87 0 0 0
60 308 37 90 0 0 0
60 308 34 93 0 -8 0
60 300 31 96 0 8 0
60 308 28 99 0 -8 0
60 300 25 102 0 8 0
60 308 22 105 0 0 0
60 308 19 108 0 -8 0
60 300 22 111 8 -8 0
68 292 25 114 0 0 0
68 292 28 117 0 8 0
68 300 31 120 8 -8 0
76 292 34 123 0 0 0
76 292 37 126 0 0 0
76 292 40 129 8 8 0
84 300 43 132 0 8 0
84 308 46 135 8 -8 0
92 300 49 138 0 8 0
92 308 52 141 0 -8 0
92 300 55 144 8 0 0
100 300 58 147 0 0 0
100 300 61 150 0 0 0
100 300 64 153 8 0 0
108 300 67 156 0 8 0
108 308 70 159 8 0 0
116 308 73 162 0 8 0
116 316 76 165 0 -8 0
116 308 79 168 8 8 0
124 316 82 171 0 8 0
124 324 85 174 0 8 0
124 332 88 177 8 0 0
132 332 91 180 0 -8 0
132 324 94 183 8 0 0
140 324 97 186 0 -8 0
140 316 100 189 0 -8 0
140 308 103 192 8 8 0
148 316 106 195 0 0 0
148 316 109 198 0 -8 0
148 308 112 201 8 0 0
156 308 115 204 0 -8 0
156 300 118 207 8 0 0
164 300 121 210 0 -8 0
164 292 124 213 0 0 0
164 292 127 216 8 8 0
172 300 130 219 0 -8 0
172 292 133 222 0 0 0
172 292 136 225 8 -8 0
180 284 139 228 0 -8 0
180 276 142 231 8 0 0
188 276 145 234 0 8 0
188 284 148 237 0 8 0
188 292 151 240 8 8 0
196 300 154 243 0 0 0
196 300 157 246 0 -8 0
196 292 160 249 8 -8 0
204 284 163 252 0 -8 0
204 276 166 255 8 0 0
212 276 169 258 0 0 0
212 276 172 261 0 -8 0
212 268 175 264 8 -8 0
220 260 178 267 0 0 0
220 260 181 270 0 0 0
220 260 184 273 8 8 0
228 268 187 276 0 -8 0
228 260 190 279 8 0 0
236 260 193 282 0 8 0
236 268 196 285 0 8 0
236 276 199 288 8 -8 0
244 268 202 291 0 8 0
244 276 205 294 0 8 0
244 284 208 297 8 0 0
252 284 211 300 0 8 0
252 292 214 303 8 8 0
260 300 217 306 0 8 0
260 308 220 309 0 8 0
260 316 223 312 8 8 0
268 324 226 315 0 -8 0
268 316 229 318 0 -8 0
268 308 232 321 8 0 0
276 308 235 324 0 -8 0
276 300 238 327 8 8 0
284 308 241 330 0 0 0
284 308 244 333 0 8 0
284 316 247 336 8 0 0
292 316 250 339 0 8 0
292 324 253 342 0 8 0
292 332 256 345 8 0 0
300 332 259 348 0 -8 0
300 324 262 351 8 0 0
308 324 265 354 0 -8 0
308 316 268 357 0 8 0
308 324 271 360 8 0 0
316 324 274 363 0 -8 0
316 316 277 366 0 -8 0
316 308 280 369 8 -8 0
324 300 283 372 0 0 0
324 300 286 375 8 0 0
332 300 289 378 0 8 0
332 308 292 381 0 0 0
332 308 295 384 8 -8 0
340 300 298 387 0 8 0
340 308 301 390 0 0 0
340 308 304 393 8 -8 0
348 300 307 396 0 0 0
348 300 310 399 8 -8 0
356 292 313 402 0 -8 0
356 284 316 405 0 8 0
356 292 319 408 8 -8 0
364 284 322 411 0 -8 0
364 276 325 414 0 -8 0
364 268 328 417 8 8 0
372 276 331 420 0 0 0
372 276 334 423 8 0 0
380 276 337 426 0 -8 0
380 268 340 429 0 8 0
380 276 343 432 8 0 0
388 276 346 435 0 0 0
388 276 349 438 0 0 0
388 276 352 441 8 0 0
396 276 355 444 0 -8 0
396 268 358 447 8 8 0
404 276 361 450 0 8 0
404 284 364 453 0 8 0
404 292 367 456 8 0 0
412 292 370 459 0 0 0
412 292 373 462 0 8 0
412 300 376 465 8 0 0
420 300 379 468 0 -8 0
420 292 382 471 8 -8 0
428 284 385 474 0 -8 0
428 276 388 477 0 8 0
428 284 391 480 8 -8 0
436 276 394 483 0 0 0
436 276 397 486 0 8 0
436 284 400 489 8 0 0
444 284 403 492 0 -8 0
444 276 406 495 8 0 0
452 276 409 498 0 -8 0
452 268 412 501 0 0 0
452 268 415 504 8 8 0
460 276 418 507 0 -8 0
460 268 421 510 0 0 0
460 268 424 513 8 0 0
468 268 427 516 0 8 0
468 276 430 519 8 -8 0
476 268 433 522 0 8 0
476 276 436 525 0 0 0
476 276 439 528 8 8 0
484 284 442 531 0 8 0
484 292 445 534 0 8 0
484 300 448 537 8 0 0
492 300 451 540 0 -8 0
492 292 454 543 8 8 0
500 300 457 546 0 0 0
500 300 460 549 0 -8 0
500 292 463 552 8 -8 0
508 284 466 555 0 0 0
508 284 469 558 0 8 0
508 292 472 561 8 0 0
516 292 475 564 0 -8 0
516 284 478 567 8 8 0
524 292 481 570 0 -8 0
524 284 484 573 0 8 0
524 292 487 576 8 -8 0
532 284 490 579 0 8 0
532 292 493 582 0 -8 0
532 284 496 585 8 0 0
540 284 499 588 0 0 0
540 284 502 591 8 -8 0
540 276 505 588 0 0 0
540 276 508 585 0 -8 0
540 268 511 582 0 -8 0
540 260 514 579 0 8 0
540 268 517 576 0 -8 0
540 260 520 573 0 0 0
540 260 523 570 0 -8 0
540 252 526 567 0 -8 0
540 244 529 564 0 8 0
540 252 532 561 0 -8 0
540 244 535 558 0 -8 0
540 236 538 555 0 0 0
540 236 541 552 0 8 0
540 244 544 549 0 0 0
540 244 547 546 0 8 0
540 252 550 543 0 -8 0
540 244 553 540 0 8 0
540 252 556 537 0 -8 0
540 244 559 534 0 8 0
540 252 562 531 0 -8 0
540 244 565 528 0 0 0
540 244 568 525 0 -8 0
540 236 571 522 0 0 0
540 236 574 519 0 8 0
540 244 577 516 0 8 0
540 252 580 513 0 8 0
540 260 583 510 0 0 0
540 260 586 507 0 0 0
540 260 589 504 0 8 0
540 268 592 501 0 -8 0
540 260 595 498 0 -8 0
540 252 598 495 0 8 0
540 260 601 492 0 8 0
540 268 604 489 -8 -8 0
532 260 607 486 0 8 0
532 268 610 483 0 -8 0
532 260 613 480 -8 -8 0
524 252 616 477 0 8 0
524 260 619 474 0 8 0
524 268 622 471 -8 8 0
516 276 625 468 0 8 0
516 284 628 465 -8 0 0
508 284 631 462 0 8 0
508 292 634 459 0 0 0
508 292 637 456 -8 0 0
500 292 640 453 0 8 0
500 300 643 450 0 0 0
500 300 646 447 -8 8 0
492 308 649 444 0 -8 0
492 300 652 441 -8 0 0
484 300 655 438 0 8 0
484 308 658 435 0 -8 0
484 300 661 432 -8 8 0
476 308 664 429 0 0 0
476 308 667 426 0 -8 0
476 300 670 423 -8 0 0
468 300 673 420 0 -8 0
468 292 676 417 -8 8 0
460 300 679 414 0 8 0
460 308 682 411 0 0 0
460 308 685 408 -8 8 0
452 316 688 405 0 0 0
452 316 691 402 0 8 0
452 324 694 399 -8 -8 0
444 316 697 396 0 0 0
444 316 700 393 -8 0 0
436 316 703 390 0 0 0
436 316 706 387 0 0 0
436 316 709 384 -8 8 0
428 324 712 381 0 8 0
428 332 715 378 0 8 0
428 340 718 375 -8 8 0
420 348 721 372 0 -8 0
420 340 724 369 -8 0 0
412 340 727 366 0 8 0
412 348 730 363 0 8 0
412 356 733 360 -8 8 0
404 364 736 357 0 -8 0
404 356 739 354 0 8 0
404 364 742 351 -8 0 0
396 364 745 348 0 -8 0
396 356 748 345 -8 -8 0
388 348 751 342 0 0 0
388 348 754 339 0 0 0
388 348 757 336 -8 -8 0
380 340 760 333 0 -8 0
380 332 763 330 0 -8 0
380 324 766 327 -8 0 0
372 324 769 324 0 -8 0
372 316 772 321 -8 8 0
364 324 775 318 0 -8 0
364 316 778 315 0 0 0
364 316 781 312 -8 0 0
356 316 778 309 0 0 0
356 316 775 306 0 8 0
356 324 772 303 -8 0 0
348 324 769 300 0 0 0
348 324 766 297 -8 -8 0
340 316 763 294 0 0 0
340 316 760 291 0 -8 0
340 308 757 288 -8 -8 0
332 300 754 285 0 8 0
332 308 751 282 0 0 0
332 308 748 279 -8 -8 0
324 300 745 276 0 8 0
324 308 742 273 -8 0 0
316 308 739 270 0 0 0
316 308 736 267 0 8 0
316 316 733 264 -8 8 0
308 324 730 261 0 8 0
308 332 727 258 0 0 0
308 332 724 255 -8 -8 0
300 324 721 252 0 0 0
300 324 718 249 -8 -8 0
292 316 715 246 0 0 0
292 316 712 243 0 8 0
292 324 709 240 -8 -8 0
284 316 706 237 0 8 0
284 324 703 234 0 -8 0
284 316 700 231 -8 -8 0
276 308 697 228 0 0 0
276 308 694 225 -8 8 0
268 316 691 222 0 -8 0
268 308 688 219 0 8 0
268 316 685 216 -8 0 0
260 316 682 213 0 8 0
260 324 679 210 0 0 0
260 324 676 207 -8 -8 0
252 316 673 204 0 -8 0
252 308 670 201 -8 0 0
244 308 667 198 0 0 0
244 308 664 195 0 -8 0
244 300 661 192 -8 -8 0
236 292 658 189 0 0 0
236 292 655 186 0 0 0
236 292 652 183 -8 8 0
228 300 649 180 0 8 0
228 308 646 177 -8 -8 0
220 300 643 174 0 0 0
220 300 640 171 0 -8 0
220 292 637 168 -8 8 0
212 300 634 165 0 8 0
212 308 631 162 0 -8 0
212 300 628 159 -8 -8 0
204 292 625 156 0 -8 0
204 284 622 153 -8 0 0
196 284 619 150 0 8 0
196 292 616 147 0 -8 0
196 284 613 144 -8 -8 0
188 276 610 141 0 -8 0
188 268 607 138 0 -8 0
188 260 604 135 -8 -8 0
180 252 601 132 0 0 0
180 252 598 129 -8 -8 0
172 244 595 126 0 8 0
172 252 592 123 0 -8 0
172 244 589 120 -8 0 0
164 244 586 117 0 -8 0
164 236 583 114 0 0 0
164 236 580 111 -8 -8 0
156 228 577 108 0 -8 0
156 220 574 105 -8 8 0
148 228 571 102 0 0 0
148 228 568 99 0 0 0
148 228 565 96 -8 8 0
140 236 562 93 0 8 0
140 244 559 90 0 -8 0
140 236 556 87 -8 8 0
132 244 553 84 0 -8 0
132 236 550 81 -8 -8 0
124 228 547 78 0 8 0
124 236 544 75 0 0 0
124 236 541 72 -8 0 0
116 236 538 69 0 -8 0
116 228 535 66 0 -8 0
116 220 532 63 -8 8 0
108 228 529 60 0 0 0
108 228 526 57 -8 8 0
100 236 523 54 0 8 0
100 244 520 51 0 8 0
100 252 517 48 -8 8 0
92 260 514 45 0 0 0
92 260 511 42 0 -8 0
92 252 508 39 -8 0 0
84 252 505 36 0 -8 0
84 244 502 33 -8 -8 0
76 236 499 30 0 -8 0
76 228 496 27 0 8 0
76 236 493 24 -8 -8 0
68 228 490 21 0 -8 0
68 220 487 18 0 8 0
68 228 484 15 -8 0 0
60 228 481 12 0 0 0
60 228 478 9 -8 -8 0
60 220 475 12 0 8 0
60 228 472 15 0 8 0
60 236 469 18 0 -8 0
60 228 466 21 0 0 0
60 228 463 24 0 -8 0
60 220 460 27 0 0 0
60 220 457 30 0 8 0
60 228 454 33 0 0 0
60 228 451 36 0 -8 0
60 220 448 39 0 8 0
60 228 445 42 0 0 0
60 228 442 45 0 0 0
60 228 439 48 0 -8 0
60 220 436 51 0 8 0
60 228 433 54 0 -8 0
60 220 430 57 0 8 0
60 228 427 60 0 -8 0
60 220 424 63 0 8 0
60 228 421 66 0 8 0
60 236 418 69 0 0 0
60 236 415 72 0 8 0
60 244 412 75 0 0 0
60 244 409 78 0 0 0
60 244 406 81 0 -8 0
60 236 403 84 0 -8 0
60 228 400 87 0 -8 0
60 220 397 90 0 8 0
60 228 394 93 0 8 0
60 236 391 96 0 8 0
60 244 388 99 0 -8 0
60 236 385 102 0 0 0
60 236 382 105 0 0 0
60 236 379 108 0 0 0
60 236 376 111 8 8 0
68 244 373 114 0 8 0
68 252 370 117 0 8 0
68 260 367 120 8 8 0
76 268 364 123 0 0 0
76 268 361 126 0 8 0
76 276 358 129 8 8 0
84 284 355 132 0 0 0
84 284 352 135 8 8 0
92 292 349 138 0 8 0
92 300 346 141 0 8 0
92 308 343 144 8 8 0
100 316 340 147 0 -8 0
100 308 337 150 0 0 0
100 308 334 153 8 8 0
108 316 331 156 0 -8 0
108 308 328 159 8 8 0
116 316 325 162 0 0 0
116 316 322 165 0 -8 0
116 308 319 168 8 -8 0
124 300 316 171 0 0 0
124 300 313 174 0 8 0
124 308 310 177 8 0 0
132 308 307 180 0 8 0
132 316 304 183 8 0 0
140 316 301 186 0 8 0
140 324 298 189 0 8 0
140 332 295 192 8 -8 0
148 324 292 195 0 -8 0
148 316 289 198 0 0 0
148 316 286 201 8 -8 0
156 308 283 204 0 8 0
156 316 280 207 8 0 0
164 316 277 210 0 8 0
164 324 274 213 0 -8 0
164 316 271 216 8 8 0
172 324 268 219 0 0 0
172 324 265 222 0 8 0
172 332 262 225 8 -8 0
180 324 259 228 0 -8 0
180 316 256 231 8 8 0
188 324 253 234 0 0 0
188 324 250 237 0 0 0
188 324 247 240 8 -8 0
196 316 244 243 0 8 0
196 324 241 246 0 -8 0
196 316 238 249 8 0 0
204 316 235 252 0 0 0
204 316 232 255 8 -8 0
212 308 229 258 0 8 0
212 316 226 261 0 8 0
212 324 223 264 8 0 0
220 324 220 267 0 8 0
220 332 217 270 0 -8 0
220 324 214 273 8 -8 0
228 316 211 276 0 8 0
228 324 208 279 8 8 0
236 332 205 282 0 0 0
236 332 202 285 0 -8 0
236 324 199 288 8 -8 0
244 316 196 291 0 0 0
244 316 193 294 0 8 0
244 324 190 297 8 -8 0
252 316 187 300 0 0 0
252 316 184 303 8 8 0
260 324 181 306 0 8 0
260 332 178 309 0 8 0
260 340 175 312 8 -8 0
268 332 172 315 0 8 0
268 340 169 318 0 0 0
268 340 166 321 8 8 0
276 348 163 324 0 -8 0
276 340 160 327 8 8 0
284 348 157 330 0 0 0
284 348 154 333 0 -8 0
284 340 151 336 8 -8 0
292 332 148 339 0 8 0
292 340 145 342 0 8 0
292 348 142 345 8 8 0
300 356 139 348 0 8 0
300 364 136 351 8 0 0
308 364 133 354 0 -8 0
308 356 130 357 0 0 0
308 356 127 360 8 0 0
316 356 124 363 0 8 0
316 364 121 366 0 -8 0
316 356 118 369 8 8 0
324 364 115 372 0 -8 0
324 356 112 375 8 -8 0
332 348 109 378 0 0 0
332 348 106 381 0 8 0
332 356 103 384 8 8 0
340 364 100 387 0 0 0
340 364 97 390 0 8 0
340 372 94 393 8 -8 0
348 364 91 396 0 8 0
348 372 88 399 8 -8 0
356 364 85 402 0 8 0
356 372 82 405 0 -8 0
356 364 79 408 8 8 0
364 372 76 411 0 -8 0
364 364 73 414 0 0 0
364 364 70 417 8 8 0
372 372 67 420 0 8 0
372 380 64 423 8 -8 0
380 372 61 426 0 0 0
380 372 58 429 0 8 0
380 380 55 432 8 0 0
388 380 52 435 0 8 0
388 388 49 438 0 8 0
388 396 46 441 8 8 0
396 404 43 444 0 -8 0
396 396 40 447 8 0 0
404 396 37 450 0 -8 0
404 388 34 453 0 -8 0
404 380 31 456 8 8 0
412 388 28 459 0 8 0
412 396 25 462 0 8 0
412 404 22 465 8 0 0
420 404 19 468 0 -8 0
420 396 22 471 8 -8 0
428 388 25 474 0 -8 0
428 380 28 477 0 -8 0
428 372 31 480 8 8 0
436 380 34 483 0 0 0
436 380 37 486 0 8 0
436 388 40 489 8 8 0
444 396 43 492 0 8 0
444 404 46 495 8 -8 0
452 396 49 498 0 0 0
452 396 52 501 0 -8 0
452 388 55 504 8 8 0
460 396 58 507 0 8 0
460 404 61 510 0 0 0
460 404 64 513 8 8 0
468 412 67 516 0 -8 0
468 404 70 519 8 -8 0
476 396 73 522 0 -8 0
476 388 76 525 0 8 0
476 396 79 528 8 8 0
484 404 82 531 0 0 0
484 404 85 534 0 8 0
484 412 88 537 8 0 0
492 412 91 540 0 8 0
492 420 94 543 8 8 0
500 428 97 546 0 8 0
500 436 100 549 0 8 0
500 444 103 552 8 0 0
508 444 106 555 0 0 0
508 444 109 558 0 8 0
508 452 112 561 8 0 0
516 452 115 564 0 -8 0
516 444 118 567 8 -8 0
524 436 121 570 0 8 0
524 444 124 573 0 -8 0
524 436 127 576 8 0 0
532 436 130 579 0 -8 0
532 428 133 582 0 0 0
532 428 136 585 8 -8 0
540 420 139 588 0 8 0
540 428 142 591 8 0 0
540 428 145 588 0 0 0
540 428 148 585 0 8 0
540 436 151 582 0 -8 0
540 428 154 579 0 0 0
540 428 157 576 0 -8 0
540 420 160 573 0 8 0
540 428 163 570 0 -8 0
540 420 166 567 0 8 0
540 428 169 564 0 -8 0
540 420 172 561 0 8 0
540 428 175 558 0 0 0
540 428 178 555 0 8 0
540 436 181 552 0 0 0
540 436 184 549 0 -8 0
540 428 187 546 0 -8 0
540 420 190 543 0 8 0
540 428 193 540 0 8 0
540 436 196 537 0 -8 0
540 428 199 534 0 0 0
540 428 202 531 0 -8 0
540 420 205 528 0 8 0
540 428 208 525 0 0 0
540 428 211 522 0 0 0
540 428 214 519 0 0 0
540 428 217 516 0 8 0
540 436 220 513 0 8 0
540 444 223 510 0 -8 0
540 436 226 507 0 -8 0
540 428 229 504 0 0 0
540 428 232 501 0 -8 0
540 420 235 498 0 0 0
540 420 238 495 0 -8 0
540 412 241 492 0 0 0
540 412 244 489 -8 0 0
532 412 247 486 0 -8 0
532 404 250 483 0 -8 0
532 396 253 480 -8 0 0
524 396 256 477 0 8 0
524 404 259 474 0 0 0
524 404 262 471 -8 8 0
516 412 265 468 0 0 0
516 412 268 465 -8 8 0
508 420 271 462 0 8 0
508 428 274 459 0 8 0
508 436 277 456 -8 -8 0
500 428 280 453 0 -8 0
500 420 283 450 0 -8 0
500 412 286 447 -8 0 0
492 412 289 444 0 -8 0
492 404 292 441 -8 0 0
484 404 295 438 0 -8 0
484 396 298 435 0 0 0
484 396 301 432 -8 8 0
476 404 304 429 0 -8 0
476 396 307 426 0 -8 0
476 388 310 423 -8 0 0
468 388 313 420 0 -8 0
468 380 316 417 -8 -8 0
460 372 319 414 0 -8 0
460 364 322 411 0 -8 0
460 356 325 408 -8 -8 0
452 348 328 405 0 0 0
452 348 331 402 0 -8 0
452 340 334 399 -8 0 0
444 340 337 396 0 0 0
444 340 340 393 -8 -8 0
436 332 343 390 0 8 0
436 340 346 387 0 -8 0
436 332 349 384 -8 0 0
428 332 352 381 0 -8 0
428 324 355 378 0 8 0
428 332 358 375 -8 0 0
420 332 361 372 0 -8 0
420 324 364 369 -8 -8 0
412 316 367 366 0 -8 0
412 308 370 363 0 -8 0
412 300 373 360 -8 0 0
404 300 376 357 0 0 0
404 300 379 354 0 8 0
404 308 382 351 -8 -8 0
396 300 385 348 0 8 0
396 308 388 345 -8 8 0
388 316 391 342 0 -8 0
388 308 394 339 0 0 0
388 308 397 336 -8 0 0
380 308 400 333 0 0 0
380 308 403 330 0 -8 0
380 300 406 327 -8 0 0
372 300 409 324 0 0 0
372 300 412 321 -8 8 0
364 308 415 318 0 8 0
364 316 418 315 0 0 0
364 316 421 312 -8 8 0
356 324 424 309 0 0 0
356 324 427 306 0 8 0
356 332 430 303 -8 0 0
348 332 433 300 0 0 0
348 332 436 297 -8 8 0
340 340 439 294 0 -8 0
340 332 442 291 0 -8 0
340 324 445 288 -8 -8 0
332 316 448 285 0 0 0
332 316 451 282 0 -8 0
332 308 454 279 -8 -8 0
324 300 457 276 0 8 0
324 308 460 273 -8 -8 0
316 300 463 270 0 -8 0
316 292 466 267 0 -8 0
316 284 469 264 -8 8 0
308 292 472 261 0 8 0
308 300 475 258 0 -8 0
308 292 478 255 -8 0 0
300 292 481 252 0 -8 0
300 284 484 249 -8 8 0
292 292 487 246 0 8 0
292 300 490 243 0 0 0
292 300 493 240 -8 8 0
284 308 496 237 0 8 0
284 316 499 234 0 0 0
284 316 502 231 -8 8 0
276 324 505 228 0 8 0
276 332 508 225 -8 0 0
268 332 511 222 0 0 0
268 332 514 219 0 -8 0
268 324 517 216 -8 0 0
260 324 520 213 0 8 0
260 332 523 210 0 0 0
260 332 526 207 -8 8 0
252 340 529 204 0 8 0
252 348 532 201 -8 -8 0
244 340 535 198 0 8 0
244 348 538 195 0 -8 0
244 340 541 192 -8 -8 0
236 332 544 189 0 8 0
236 340 547 186 0 8 0
236 348 550 183 -8 8 0
228 356 553 180 0 8 0
228 364 556 177 -8 -8 0
220 356 559 174 0 -8 0
220 348 562 171 0 0 0
220 348 565 168 -8 0 0
212 348 568 165 0 -8 0
212 340 571 162 0 0 0
212 340 574 159 -8 0 0
204 340 577 156 0 0 0
204 340 580 153 -8 -8 0
196 332 583 150 0 8 0
196 340 586 147 0 0 0
196 340 589 144 -8 -8 0
188 332 592 141 0 8 0
188 340 595 138 0 -8 0
188 332 598 135 -8 0 0
180 332 601 132 0 8 0
180 340 604 129 -8 8 0
172 348 607 126 0 -8 0
172 340 610 123 0 -8 0
172 332 613 120 -8 0 0
164 332 616 117 0 8 0
164 340 619 114 0 -8 0
164 332 622 111 -8 -8 0
156 324 625 108 0 0 0
156 324 628 105 -8 -8 0
148 316 631 102 0 0 0
148 316 634 99 0 0 0
148 316 637 96 -8 -8 0
140 308 640 93 0 0 0
140 308 643 90 0 -8 0
140 300 646 87 -8 0 0
132 300 649 84 0 0 0
132 300 652 81 -8 0 0
124 300 655 78 0 -8 0
124 292 658 75 0 -8 0
124 284 661 72 -8 0 0
116 284 664 69 0 -8 0
116 276 667 66 0 -8 0
116 268 670 63 -8 0 0
108 268 673 60 0 -8 0
108 260 676 57 -8 8 0
100 268 679 54 0 -8 0
100 260 682 51 0 -8 0
100 252 685 48 -8 -8 0
92 244 688 45 0 8 0
92 252 691 42 0 0 0
92 252 694 39 -8 -8 0
84 244 697 36 0 0 0
84 244 700 33 -8 0 0
76 244 703 30 0 -8 0
76 236 706 27 0 -8 0
76 228 709 24 -8 -8 0
68 220 712 21 0 8 0
68 228 715 18 0 0 0
68 228 718 15 -8 8 0
60 236 721 12 0 0 0
60 236 724 9 -8 8 0
60 244 727 12 0 0 0
60 244 730 15 0 8 0
60 252 733 18 0 -8 0
60 244 736 21 0 8 0
60 252 739 24 0 -8 0
60 244 742 27 0 8 0
60 252 745 30 0 -8 0
60 244 748 33 0 0 0
60 244 751 36 0 -8 0
60 236 754 39 0 0 0
60 236 757 42 0 -8 0
60 228 760 45 0 8 0
60 236 763 48 0 0 0
60 236 766 51 0 8 0
60 244 769 54 0 0 0
60 244 772 57 0 -8 0
60 236 775 60 0 0 0
60 236 778 63 0 8 0
60 244 781 66 0 0 1
60 244 781 66 0 0 1
60 244 781 66 0 0 1
60 244 781 66 0 0 1
60 244 781 66 0 0 1
