294 363 262 174 0 0 0
294 363 259 177 -8 8 0
286 371 256 180 -8 -8 0
278 363 253 183 -8 8 0
270 371 250 186 -8 0 0
262 371 247 189 -8 8 0
254 379 244 192 -8 -8 0
246 371 241 195 -8 8 0
238 379 238 198 0 0 0
238 379 235 201 0 0 0
238 379 232 204 0 0 0
238 379 229 207 0 8 0
238 387 226 210 0 -8 0
238 379 223 213 0 0 0
238 379 220 216 0 0 0
238 379 217 219 0 0 0
238 379 214 222 0 -8 0
238 371 211 225 0 0 0
238 371 208 228 0 0 0
238 371 205 231 0 8 0
238 379 202 234 0 0 0
238 379 199 237 0 -8 0
238 371 196 240 0 -8 0
238 363 193 243 0 8 0
238 371 190 246 0 0 0
238 371 187 249 0 8 0
238 379 184 252 0 0 0
238 379 181 255 0 0 0
238 379 178 258 0 0 0
238 379 175 261 0 -8 0
238 371 172 264 0 -8 0
238 363 169 267 0 -8 0
238 355 166 270 0 8 0
238 363 163 273 0 0 0
238 363 160 276 0 -8 0
238 355 157 279 0 -8 0
238 347 154 282 0 8 0
238 355 151 285 0 0 0
238 355 148 288 0 0 0
238 355 145 291 8 0 0
246 355 142 294 0 -8 0
246 347 139 297 8 0 0
254 347 136 300 0 0 0
254 347 133 303 0 0 0
254 347 130 306 8 8 0
262 355 127 309 0 -8 0
262 347 124 312 0 -8 0
262 339 121 315 8 -8 0
270 331 118 318 0 0 0
270 331 115 321 8 8 0
278 339 112 324 0 0 0
278 339 109 327 0 0 0
278 339 106 330 8 8 0
286 347 103 333 0 8 0
286 355 100 336 0 8 0
286 363 97 339 8 -8 0
294 355 94 342 0 8 0
294 363 91 345 8 8 0
302 371 88 348 0 8 0
302 379 85 351 0 0 0
302 379 82 354 8 8 0
310 387 79 357 0 -8 0
310 379 76 360 0 8 0
310 387 73 363 8 0 0
318 387 70 366 0 0 0
318 387 67 369 8 -8 0
326 379 64 372 0 0 0
326 379 61 375 0 -8 0
326 371 58 378 8 -8 0
334 363 55 381 0 -8 0
334 355 52 384 0 0 0
334 355 49 387 8 -8 0
342 347 46 390 0 0 0
342 347 43 393 8 0 0
350 347 40 396 0 0 0
350 347 37 399 0 -8 0
350 339 34 402 8 -8 0
358 331 31 405 0 8 0
358 339 28 408 0 -8 0
358 331 25 411 8 0 0
366 331 22 414 0 8 0
366 339 19 417 0 0 1
366 339 19 417 0 0 1
366 339 19 417 0 0 1
366 339 19 417 0 0 1
366 339 19 417 0 0 1
