110 444 421 489 0 0 0
110 444 418 486 8 0 0
118 444 415 483 8 -8 0
126 436 412 480 8 0 0
134 436 409 477 8 -8 0
142 428 406 474 8 -8 0
150 420 403 471 8 0 0
158 420 400 468 8 0 0
166 420 397 465 8 0 0
174 420 394 462 8 -8 0
182 412 391 459 8 -8 0
190 404 388 456 8 8 0
198 412 385 453 8 0 0
206 412 382 450 8 0 0
214 412 379 447 8 0 0
222 412 376 444 8 -8 0
230 404 373 441 8 8 0
238 412 370 438 8 8 0
246 420 367 435 8 8 0
254 428 364 432 8 -8 0
262 420 361 429 8 0 0
270 420 358 426 8 0 0
278 420 355 423 8 0 0
286 420 352 420 8 8 0
294 428 349 417 8 -8 0
302 420 346 414 8 -8 0
310 412 343 411 8 -8 0
318 404 340 408 8 0 0
326 404 337 405 8 8 0
334 412 334 402 8 0 0
342 412 331 399 8 -8 0
350 404 328 396 0 8 0
350 412 325 393 0 0 0
350 412 322 390 0 0 0
350 412 319 387 0 0 0
350 412 316 384 0 8 0
350 420 313 381 0 -8 0
350 412 310 378 0 0 0
350 412 307 375 0 0 0
350 412 304 372 0 8 0
350 420 301 369 0 0 0
350 420 298 366 0 0 0
350 420 295 363 0 0 0
350 420 292 360 0 -8 0
350 412 289 357 0 0 0
350 412 286 354 0 8 0
350 420 283 351 0 8 0
350 428 280 348 0 8 0
350 436 277 345 0 -8 0
350 428 274 342 0 0 0
350 428 271 339 0 0 0
350 428 268 336 0 -8 0
350 420 265 333 0 0 0
350 420 262 330 0 -8 0
350 412 259 327 0 -8 0
350 404 256 324 0 0 0
350 404 253 321 0 0 0
350 404 250 318 0 -8 0
350 396 247 315 0 -8 0
350 388 244 312 0 8 0
350 396 241 309 0 8 0
350 404 238 306 0 -8 0
350 396 235 303 0 0 0
350 396 232 300 0 -8 0
350 388 229 297 -8 -8 0
342 380 226 294 0 8 0
342 388 223 291 -8 8 0
334 396 220 288 0 -8 0
334 388 217 285 0 -8 0
334 380 214 282 -8 0 0
326 380 211 279 0 -8 0
326 372 208 276 0 0 0
326 372 205 273 -8 8 0
318 380 202 270 0 0 0
318 380 199 267 -8 0 0
310 380 196 264 0 -8 0
310 372 193 261 0 0 0
310 372 190 258 -8 8 0
302 380 187 255 0 -8 0
302 372 184 252 0 -8 0
302 364 181 249 -8 0 0
294 364 178 246 0 -8 0
294 356 175 243 -8 -8 0
286 348 172 240 0 -8 0
286 340 169 237 0 8 0
286 348 166 234 -8 0 0
278 348 163 231 0 -8 0
278 340 160 228 0 -8 0
278 332 157 225 -8 -8 0
270 324 154 222 0 8 0
270 332 151 219 -8 8 0
262 340 148 216 0 8 0
262 348 145 213 0 0 0
262 348 142 210 -8 8 0
254 356 139 207 0 0 0
254 356 136 204 0 0 0
254 356 133 201 -8 0 0
246 356 130 198 0 -8 0
246 348 127 195 -8 0 0
238 348 124 192 0 8 0
238 356 121 189 0 8 0
238 364 118 186 -8 8 0
230 372 115 183 0 -8 0
230 364 112 180 0 -8 0
230 356 109 177 -8 0 0
222 356 106 174 0 0 0
222 356 103 171 -8 -8 0
214 348 100 168 0 0 0
214 348 97 165 0 0 0
214 348 94 162 -8 8 0
206 356 91 159 0 0 0
206 356 88 156 0 8 0
206 364 85 153 -8 8 0
198 372 82 150 0 8 0
198 380 79 147 -8 8 0
190 388 76 144 0 -8 0
190 380 73 141 0 -8 0
190 372 70 138 -8 -8 0
182 364 67 135 0 8 0
182 372 64 132 0 8 0
182 380 61 129 -8 -8 0
174 372 58 126 0 0 0
174 372 55 123 -8 0 0
166 372 52 120 0 0 0
166 372 49 117 0 -8 0
166 364 46 114 -8 8 0
158 372 43 111 0 -8 0
158 364 40 108 0 8 0
158 372 37 105 -8 8 0
150 380 34 102 0 -8 0
150 372 31 99 -8 8 0
142 380 28 96 0 8 0
142 388 25 93 0 8 0
142 396 22 90 -8 8 0
134 404 19 87 0 0 0
134 404 22 84 0 0 0
134 404 25 81 -8 8 0
126 412 28 78 0 -8 0
126 404 31 75 -8 8 0
118 412 34 72 0 0 0
118 412 37 69 0 -8 0
118 404 40 66 -8 0 0
110 404 43 63 0 8 0
110 412 46 60 0 -8 0
110 404 49 57 -8 8 0
102 412 52 54 0 -8 0
102 404 55 51 -8 -8 0
94 396 58 48 0 8 0
94 404 61 45 0 8 0
94 412 64 42 -8 -8 0
86 404 67 39 0 8 0
86 412 70 36 0 0 0
86 412 73 33 -8 -8 0
78 404 76 30 0 -8 0
78 396 79 27 -8 -8 0
70 388 82 24 0 0 0
70 388 85 21 0 -8 0
70 380 88 18 -8 0 0
62 380 91 15 0 8 0
62 388 94 12 0 8 0
62 396 97 9 -8 -8 0
60 388 100 12 0 8 0
60 396 103 15 0 8 0
60 404 106 18 0 8 0
60 412 109 21 0 0 0
60 412 112 24 0 -8 0
60 404 115 27 0 -8 0
60 396 118 30 0 8 0
60 404 121 33 0 -8 0
60 396 124 36 0 -8 0
60 388 127 39 0 0 0
60 388 130 42 0 0 0
60 388 133 45 0 0 0
60 388 136 48 0 -8 0
60 380 139 51 0 8 0
60 388 142 54 0 0 0
60 388 145 57 0 -8 0
60 380 148 60 0 -8 0
60 372 151 63 0 0 0
60 372 154 66 0 -8 0
60 364 157 69 0 0 0
60 364 160 72 0 8 0
60 372 163 75 0 8 0
60 380 166 78 0 8 0
60 388 169 81 0 8 0
60 396 172 84 0 8 0
60 404 175 87 0 8 0
60 412 178 90 0 8 0
60 420 181 93 0 8 0
60 428 184 96 0 0 0
60 428 187 99 0 8 0
60 436 190 102 0 8 0
60 444 193 105 0 0 0
60 444 196 108 0 -8 0
60 436 199 111 8 8 0
68 444 202 114 0 0 0
68 444 205 117 0 0 0
68 444 208 120 8 -8 0
76 436 211 123 0 0 0
76 436 214 126 0 8 0
76 444 217 129 8 8 0
84 452 220 132 0 -8 0
84 444 223 135 8 0 0
92 444 226 138 0 8 0
92 452 229 141 0 0 0
92 452 232 144 8 -8 0
100 444 235 147 0 0 0
100 444 238 150 0 -8 0
100 436 241 153 8 0 0
108 436 244 156 0 0 0
108 436 247 159 8 8 0
116 444 250 162 0 -8 0
116 436 253 165 0 8 0
116 444 256 168 8 8 0
124 452 259 171 0 0 0
124 452 262 174 0 -8 0
124 444 265 177 8 -8 0
132 436 268 180 0 -8 0
132 428 271 183 8 0 0
140 428 274 186 0 -8 0
140 420 277 189 0 8 0
140 428 280 192 8 -8 0
148 420 283 195 0 8 0
148 428 286 198 0 8 0
148 436 289 201 8 8 0
156 444 292 204 0 0 0
156 444 295 207 8 8 0
164 452 298 210 0 -8 0
164 444 301 213 0 0 0
164 444 304 216 8 0 0
172 444 307 219 0 0 0
172 444 310 222 0 0 0
172 444 313 225 8 0 0
180 444 316 228 0 8 0
180 452 319 231 8 -8 0
188 444 322 234 0 0 0
188 444 325 237 0 0 0
188 444 328 240 8 -8 0
196 436 331 243 0 0 0
196 436 334 246 0 -8 0
196 428 337 249 8 0 0
204 428 340 252 0 8 0
204 436 343 255 8 -8 0
212 428 346 258 0 -8 0
212 420 349 261 0 0 0
212 420 352 264 8 -8 0
220 412 355 267 0 0 0
220 412 358 270 0 -8 0
220 404 361 273 8 8 0
228 412 364 276 0 0 0
228 412 367 279 8 8 0
236 420 370 282 0 0 0
236 420 373 285 0 -8 0
236 412 376 288 8 8 0
244 420 379 291 0 -8 0
244 412 382 294 0 8 0
244 420 385 297 8 0 0
252 420 388 300 0 8 0
252 428 391 303 8 -8 0
260 420 394 306 0 0 0
260 420 397 309 0 0 0
260 420 400 312 8 -8 0
268 412 403 315 0 8 0
268 420 406 318 0 -8 0
268 412 409 321 8 -8 0
276 404 412 324 0 -8 0
276 396 415 327 8 -8 0
284 388 418 330 0 0 0
284 388 421 333 0 -8 0
284 380 424 336 8 8 0
292 388 427 339 0 8 0
292 396 430 342 0 0 0
292 396 433 345 8 0 0
300 396 436 348 0 -8 0
300 388 439 351 8 8 0
308 396 442 354 0 8 0
308 404 445 357 0 0 0
308 404 448 360 8 8 0
316 412 451 363 0 -8 0
316 404 454 366 0 8 0
316 412 457 369 8 -8 0
324 404 460 372 0 8 0
324 412 463 375 8 0 0
332 412 466 378 0 8 0
332 420 469 381 0 0 0
332 420 472 384 8 8 0
340 428 475 387 0 -8 0
340 420 478 390 0 0 0
340 420 481 393 8 -8 0
348 412 484 396 0 8 0
348 420 487 399 8 0 0
356 420 490 402 0 0 0
356 420 493 405 0 8 0
356 428 496 408 8 8 0
364 436 499 411 0 8 0
364 444 502 414 0 0 0
364 444 505 417 8 0 0
372 444 508 420 0 8 0
372 452 511 423 8 0 0
380 452 514 426 0 0 0
380 452 517 429 0 -8 0
380 444 520 432 8 0 0
388 444 523 435 0 8 0
388 452 526 438 0 8 0
388 460 529 441 8 -8 0
396 452 532 444 0 0 0
396 452 535 447 8 -8 0
404 444 538 450 0 0 0
404 444 541 453 0 8 0
404 452 544 456 8 8 0
412 460 547 459 0 0 0
412 460 550 462 0 0 0
412 460 553 465 8 8 0
420 468 556 468 0 0 0
420 468 559 471 8 8 0
428 476 562 474 0 8 0
428 484 565 477 0 -8 0
428 476 568 480 8 0 0
436 476 571 483 0 0 0
436 476 574 486 0 -8 0
436 468 577 489 8 8 0
444 476 580 492 0 -8 0
444 468 583 495 8 0 0
452 468 586 498 0 -8 0
452 460 589 501 0 0 0
452 460 592 504 8 -8 0
460 452 595 507 0 -8 0
460 444 598 510 0 8 0
460 452 601 513 8 -8 0
468 444 604 516 0 8 0
468 452 607 519 8 8 0
476 460 610 522 0 -8 0
476 452 613 525 0 8 0
476 460 616 528 8 8 0
484 468 619 531 0 0 0
484 468 622 534 0 -8 0
484 460 625 537 8 0 0
492 460 628 540 0 -8 0
492 452 631 543 8 8 0
500 460 634 546 0 -8 0
500 452 637 549 0 8 0
500 460 640 552 8 -8 0
508 452 643 555 0 0 0
508 452 646 558 0 8 0
508 460 649 561 8 0 0
516 460 652 564 0 0 0
516 460 655 567 8 -8 0
524 452 658 570 0 0 0
524 452 661 573 0 -8 0
524 444 664 576 8 8 0
532 452 667 579 0 0 0
532 452 670 582 0 8 0
532 460 673 585 8 -8 0
540 452 676 588 0 8 0
540 460 679 591 8 -8 0
540 452 682 588 0 0 0
540 452 685 585 0 -8 0
540 444 688 582 0 8 0
540 452 691 579 0 0 0
540 452 694 576 0 0 0
540 452 697 573 0 0 0
540 452 700 570 0 0 0
540 452 703 567 0 0 0
540 452 706 564 0 -8 0
540 444 709 561 0 -8 0
540 436 712 558 0 -8 0
540 428 715 555 0 -8 0
540 420 718 552 0 0 0
540 420 721 549 0 0 0
540 420 724 546 0 8 0
540 428 727 543 0 -8 0
540 420 730 540 0 -8 0
540 412 733 537 0 -8 0
540 404 736 534 0 0 0
540 404 739 531 0 0 0
540 404 742 528 0 0 0
540 404 745 525 0 -8 0
540 396 748 522 0 -8 0
540 388 751 519 0 -8 0
540 380 754 516 0 0 0
540 380 757 513 0 -8 0
540 372 760 510 0 -8 0
540 364 763 507 0 -8 0
540 356 766 504 0 -8 0
540 348 769 501 0 8 0
540 356 772 498 0 8 0
540 364 775 495 0 8 0
540 372 778 492 0 -8 0
540 364 781 489 0 0 1
540 364 781 489 0 0 1
540 364 781 489 0 0 1
540 364 781 489 0 0 1
540 364 781 489 0 0 1
