109 504 160 396 0 0 0
109 504 157 393 8 0 0
117 504 154 390 8 8 0
125 512 151 387 8 8 0
133 520 148 384 8 8 0
141 528 145 381 8 0 0
149 528 142 378 8 -8 0
157 520 139 375 8 -8 0
165 512 136 372 8 -8 0
173 504 133 369 8 -8 0
181 496 130 366 8 8 0
189 504 127 363 8 0 0
197 504 124 360 8 -8 0
205 496 121 357 8 0 0
213 496 118 354 8 8 0
221 504 115 351 8 8 0
229 512 112 348 8 0 0
237 512 109 345 8 0 0
245 512 106 342 8 0 0
253 512 103 339 8 -8 0
261 504 100 336 8 -8 0
269 496 97 333 8 -8 0
277 488 94 330 8 -8 0
285 480 91 327 0 -8 0
285 472 88 324 0 0 0
285 472 85 321 0 -8 0
285 464 82 318 0 0 0
285 464 79 315 0 8 0
285 472 76 312 0 -8 0
285 464 73 309 0 0 0
285 464 70 306 0 0 0
285 464 67 303 0 0 0
285 464 64 300 0 0 0
285 464 61 297 0 0 0
285 464 58 294 0 8 0
285 472 55 291 0 8 0
285 480 52 288 0 -8 0
285 472 49 285 0 8 0
285 480 46 282 0 0 0
285 480 43 279 0 8 0
285 488 40 276 0 -8 0
285 480 37 273 0 0 0
285 480 34 270 0 8 0
285 488 31 267 0 0 0
285 488 28 264 0 8 0
285 496 25 261 0 8 0
285 504 22 258 0 8 0
285 512 19 255 0 0 0
285 512 22 252 0 -8 0
285 504 25 249 0 -8 0
285 496 28 246 0 -8 0
285 488 31 243 0 0 0
285 488 34 240 0 8 0
285 496 37 237 0 8 0
285 504 40 234 -8 0 0
277 504 43 231 0 -8 0
277 496 46 228 0 0 0
277 496 49 225 -8 0 0
269 496 52 222 0 0 0
269 496 55 219 0 -8 0
269 488 58 216 -8 0 0
261 488 61 213 0 0 0
261 488 64 210 -8 8 0
253 496 67 207 0 0 0
253 496 70 204 0 8 0
253 504 73 201 -8 0 0
245 504 76 198 0 0 0
245 504 79 195 0 8 0
245 512 82 192 -8 8 0
237 520 85 189 0 -8 0
237 512 88 186 -8 -8 0
229 504 91 183 0 0 0
229 504 94 180 0 -8 0
229 496 97 177 -8 -8 0
221 488 100 174 0 0 0
221 488 103 171 0 -8 0
221 480 106 168 -8 8 0
213 488 109 165 0 -8 0
213 480 112 162 -8 8 0
205 488 115 159 0 -8 0
205 480 118 156 0 0 0
205 480 121 153 -8 -8 0
197 472 124 150 0 8 0
197 480 127 147 0 8 0
197 488 130 144 -8 -8 0
189 480 133 141 0 -8 0
189 472 136 138 -8 0 0
181 472 139 135 0 8 0
181 480 142 132 0 8 0
181 488 145 129 -8 8 0
173 496 148 126 0 8 0
173 504 151 123 0 -8 0
173 496 154 120 -8 0 0
165 496 157 117 0 8 0
165 504 160 114 -8 0 0
157 504 163 111 0 8 0
157 512 166 108 0 -8 0
157 504 169 105 -8 8 0
149 512 172 102 0 0 0
149 512 175 99 0 0 0
149 512 178 96 -8 -8 0
141 504 181 93 0 8 0
141 512 184 90 -8 -8 0
133 504 187 87 0 0 0
133 504 190 84 0 0 0
133 504 193 81 -8 0 0
125 504 196 78 0 8 0
125 512 199 75 0 -8 0
125 504 202 72 -8 8 0
117 512 205 69 0 8 0
117 520 208 66 -8 8 0
109 528 211 63 0 8 0
109 536 214 60 0 8 0
109 540 217 57 -8 -8 0
101 532 220 54 0 -8 0
101 524 223 51 0 -8 0
101 516 226 48 -8 8 0
93 524 229 45 0 -8 0
93 516 232 42 -8 0 0
85 516 235 39 0 0 0
85 516 238 36 0 -8 0
85 508 241 33 -8 -8 0
77 500 244 30 0 0 0
77 500 247 27 0 8 0
77 508 250 24 -8 -8 0
69 500 253 21 0 0 0
69 500 256 18 -8 -8 0
61 492 259 15 0 8 0
61 500 262 12 0 0 0
61 500 265 9 -8 8 0
60 508 268 12 0 -8 0
60 500 271 15 0 8 0
60 508 274 18 0 8 0
60 516 277 21 0 -8 0
60 508 280 24 0 8 0
60 516 283 27 0 8 0
60 524 286 30 0 -8 0
60 516 289 33 0 0 0
60 516 292 36 0 -8 0
60 508 295 39 0 8 0
60 516 298 42 0 0 0
60 516 301 45 0 0 0
60 516 304 48 0 8 0
60 524 307 51 0 0 0
60 524 310 54 0 8 0
60 532 313 57 0 0 0
60 532 316 60 0 8 0
60 540 319 63 0 0 0
60 540 322 66 0 0 0
60 540 325 69 0 -8 0
60 532 328 72 0 8 0
60 540 331 75 0 -8 0
60 532 334 78 0 0 0
60 532 337 81 0 8 0
60 540 340 84 0 -8 0
60 532 343 87 0 -8 0
60 524 346 90 0 0 0
60 524 349 93 0 8 0
60 532 352 96 0 -8 0
60 524 355 99 0 -8 0
60 516 358 102 0 0 0
60 516 361 105 0 0 0
60 516 364 108 0 0 0
60 516 367 111 8 -8 0
68 508 370 114 0 8 0
68 516 373 117 0 8 0
68 524 376 120 8 8 0
76 532 379 123 0 0 0
76 532 382 126 0 8 0
76 540 385 129 8 -8 0
84 532 388 132 0 0 0
84 532 391 135 8 0 0
92 532 394 138 0 -8 0
92 524 397 141 0 8 0
92 532 400 144 8 8 0
100 540 403 147 0 -8 0
100 532 406 150 0 0 0
100 532 409 153 8 8 0
108 540 412 156 0 -8 0
108 532 415 159 8 8 0
116 540 418 162 0 0 0
116 540 421 165 0 8 0
116 540 424 168 8 8 0
124 540 427 171 0 8 0
124 540 430 174 0 0 0
124 540 433 177 8 0 0
132 540 436 180 0 -8 0
132 532 439 183 8 8 0
140 540 442 186 0 8 0
140 540 445 189 0 0 0
140 540 448 192 8 -8 0
148 532 451 195 0 0 0
148 532 454 198 0 -8 0
148 524 457 201 8 0 0
156 524 460 204 0 0 0
156 524 463 207 8 8 0
164 532 466 210 0 8 0
164 540 469 213 0 -8 0
164 532 472 216 8 0 0
172 532 475 219 0 0 0
172 532 478 222 0 8 0
172 540 481 225 8 8 0
180 540 484 228 0 0 0
180 540 487 231 8 0 0
188 540 490 234 0 0 0
188 540 493 237 0 8 0
188 540 496 240 8 -8 0
196 532 499 243 0 0 0
196 532 502 246 0 -8 0
196 524 505 249 8 8 0
204 532 508 252 0 8 0
204 540 511 255 8 0 0
212 540 514 258 0 0 0
212 540 517 261 0 8 0
212 540 520 264 8 8 0
220 540 523 267 0 8 0
220 540 526 270 0 -8 0
220 532 529 273 8 8 0
228 540 532 276 0 8 0
228 540 535 279 8 8 0
236 540 538 282 0 0 0
236 540 541 285 0 -8 0
236 532 544 288 8 -8 0
244 524 547 291 0 0 0
244 524 550 294 0 8 0
244 532 553 297 8 8 0
252 540 556 300 0 -8 0
252 532 559 303 8 8 0
260 540 562 306 0 8 0
260 540 565 309 0 -8 0
260 532 568 312 8 0 0
268 532 571 315 0 0 0
268 532 574 318 0 8 0
268 540 577 321 8 8 0
276 540 580 324 0 0 0
276 540 583 327 8 8 0
284 540 586 330 0 0 0
284 540 589 333 0 0 0
284 540 592 336 8 0 0
292 540 595 339 0 -8 0
292 532 598 342 0 0 0
292 532 601 345 8 -8 0
300 524 604 348 0 0 0
300 524 607 351 8 -8 0
308 516 610 354 0 8 0
308 524 613 357 0 0 0
308 524 616 360 8 0 0
316 524 619 363 0 -8 0
316 516 622 366 0 0 0
316 516 625 369 8 8 0
324 524 628 372 0 8 0
324 532 631 375 8 8 0
332 540 634 378 0 0 0
332 540 637 381 0 0 0
332 540 640 384 8 -8 0
340 532 643 387 0 -8 0
340 524 646 390 0 -8 0
340 516 649 393 8 8 0
348 524 652 396 0 -8 0
348 516 655 399 8 0 0
356 516 658 402 0 -8 0
356 508 661 405 0 -8 0
356 500 664 408 8 0 0
364 500 667 411 0 0 0
364 500 670 414 0 8 0
364 508 673 417 8 -8 0
372 500 676 420 0 8 0
372 508 679 423 8 8 0
380 516 682 426 0 -8 0
380 508 685 429 0 8 0
380 516 688 432 8 8 0
388 524 691 435 0 8 0
388 532 694 438 0 8 0
388 540 697 441 8 -8 0
396 532 700 444 0 8 0
396 540 703 447 8 -8 0
404 532 706 450 0 -8 0
404 524 709 453 0 0 0
404 524 712 456 8 0 0
412 524 715 459 0 -8 0
412 516 718 462 0 -8 0
412 508 721 465 8 0 0
420 508 724 468 0 -8 0
420 500 727 471 8 8 0
428 508 730 474 0 0 0
428 508 733 477 0 8 0
428 516 736 480 8 0 0
436 516 739 483 0 -8 0
436 508 742 486 0 0 0
436 508 745 489 8 -8 0
444 500 748 492 0 0 0
444 500 751 495 8 -8 0
452 492 754 498 0 0 0
452 492 757 501 0 0 0
452 492 760 504 8 8 0
460 500 763 507 0 0 0
460 500 766 510 0 0 0
460 500 769 513 8 0 0
468 500 772 516 0 0 0
468 500 775 519 8 8 0
476 508 778 522 0 -8 0
476 500 781 525 0 0 0
476 500 778 528 8 0 0
484 500 775 531 0 8 0
484 508 772 534 0 8 0
484 516 769 537 8 -8 0
492 508 766 540 0 8 0
492 516 763 543 8 0 0
500 516 760 546 0 -8 0
500 508 757 549 0 8 0
500 516 754 552 8 8 0
508 524 751 555 0 -8 0
508 516 748 558 0 -8 0
508 508 745 561 8 -8 0
516 500 742 564 0 -8 0
516 492 739 567 8 -8 0
524 484 736 570 0 8 0
524 492 733 573 0 -8 0
524 484 730 576 8 8 0
532 492 727 579 0 -8 0
532 484 724 582 0 8 0
532 492 721 585 8 8 0
540 500 718 588 0 -8 0
540 492 715 591 8 -8 0
540 484 712 588 0 0 0
540 484 709 585 0 8 0
540 492 706 582 0 -8 0
540 484 703 579 0 8 0
540 492 700 576 0 -8 0
540 484 697 573 0 0 0
540 484 694 570 0 0 0
540 484 691 567 0 8 0
540 492 688 564 0 8 0
540 500 685 561 0 8 0
540 508 682 558 0 -8 0
540 500 679 555 0 -8 0
540 492 676 552 0 -8 0
540 484 673 549 0 -8 0
540 476 670 546 0 8 0
540 484 667 543 0 0 0
540 484 664 540 0 0 0
540 484 661 537 0 0 0
540 484 658 534 0 0 0
540 484 655 531 0 -8 0
540 476 652 528 0 -8 0
540 468 649 525 0 8 0
540 476 646 522 0 8 0
540 484 643 519 0 0 0
540 484 640 516 0 -8 0
540 476 637 513 0 8 0
540 484 634 510 0 0 0
540 484 631 507 0 0 0
540 484 628 504 0 8 0
540 492 625 501 0 -8 0
540 484 622 498 0 8 0
540 492 619 495 0 8 0
540 500 616 492 0 0 0
540 500 613 489 -8 -8 0
532 492 610 486 0 0 0
532 492 607 483 0 8 0
532 500 604 480 -8 -8 0
524 492 601 477 0 -8 0
524 484 598 474 0 0 0
524 484 595 471 -8 0 0
516 484 592 468 0 0 0
516 484 589 465 -8 8 0
508 492 586 462 0 -8 0
508 484 583 459 0 -8 0
508 476 580 456 -8 -8 0
500 468 577 453 0 0 0
500 468 574 450 0 0 0
500 468 571 447 -8 8 0
492 476 568 444 0 -8 0
492 468 565 441 -8 8 0
484 476 562 438 0 -8 0
484 468 559 435 0 8 0
484 476 556 432 -8 -8 0
476 468 553 429 0 8 0
476 476 550 426 0 8 0
476 484 547 423 -8 8 0
468 492 544 420 0 -8 0
468 484 541 417 -8 8 0
460 492 538 414 0 8 0
460 500 535 411 0 0 0
460 500 532 408 -8 -8 0
452 492 529 405 0 0 0
452 492 526 402 0 0 0
452 492 523 399 -8 -8 0
444 484 520 396 0 8 0
444 492 517 393 -8 0 0
436 492 514 390 0 0 0
436 492 511 387 0 0 0
436 492 508 384 -8 0 0
428 492 505 381 0 -8 0
428 484 502 378 0 -8 0
428 476 499 375 -8 -8 0
420 468 496 372 0 8 0
420 476 493 369 -8 -8 0
412 468 490 366 0 8 0
412 476 487 363 0 -8 0
412 468 484 360 -8 8 0
404 476 481 357 0 0 0
404 476 478 354 0 0 0
404 476 475 351 -8 0 0
396 476 472 348 0 0 0
396 476 469 345 -8 -8 0
388 468 466 342 0 -8 0
388 460 463 339 0 0 0
388 460 460 336 -8 8 0
380 468 457 333 0 8 0
380 476 454 330 0 -8 0
380 468 451 327 -8 0 0
372 468 448 324 0 -8 0
372 460 445 321 -8 0 0
364 460 442 318 0 8 0
364 468 439 315 0 8 0
364 476 436 312 -8 -8 0
356 468 433 309 0 -8 0
356 460 430 306 0 0 0
356 460 427 303 -8 0 0
348 460 424 300 0 0 0
348 460 421 297 -8 -8 0
340 452 418 294 0 -8 0
340 444 415 291 0 0 0
340 444 412 288 -8 0 0
332 444 409 285 0 -8 0
332 436 406 282 0 0 0
332 436 403 279 -8 -8 0
324 428 400 276 0 0 0
324 428 397 273 -8 -8 0
316 420 394 270 0 -8 0
316 412 391 267 0 8 0
316 420 388 264 -8 8 0
308 428 385 261 0 -8 0
308 420 382 258 0 8 0
308 428 379 255 -8 8 0
300 436 376 252 0 8 0
300 444 373 249 -8 0 0
292 444 370 246 0 0 0
292 444 367 243 0 0 0
292 444 364 240 -8 8 0
284 452 361 237 0 0 0
284 452 358 234 0 8 0
284 460 355 231 -8 -8 0
276 452 352 228 0 0 0
276 452 349 225 -8 0 0
268 452 346 222 0 0 0
268 452 343 219 0 -8 0
268 444 340 216 -8 8 0
260 452 337 213 0 -8 0
260 444 334 210 0 8 0
260 452 331 207 -8 8 0
252 460 328 204 0 0 0
252 460 325 201 -8 8 0
244 468 322 198 0 0 0
244 468 319 195 0 0 0
244 468 316 192 -8 -8 0
236 460 313 189 0 8 0
236 468 310 186 0 -8 0
236 460 307 183 -8 0 0
228 460 304 180 0 -8 0
228 452 301 177 -8 0 0
220 452 298 174 0 8 0
220 460 295 171 0 -8 0
220 452 292 168 -8 8 0
212 460 289 165 0 -8 0
212 452 286 162 0 0 0
212 452 283 159 -8 0 0
204 452 280 156 0 8 0
204 460 277 153 -8 8 0
196 468 274 150 0 8 0
196 476 271 147 0 -8 0
196 468 268 144 -8 0 0
188 468 265 141 0 -8 0
188 460 262 138 0 8 0
188 468 259 135 -8 8 0
180 476 256 132 0 -8 0
180 468 253 129 -8 -8 0
172 460 250 126 0 8 0
172 468 247 123 0 0 0
172 468 244 120 -8 8 0
164 476 241 117 0 0 0
164 476 238 114 0 0 0
164 476 235 111 -8 -8 0
156 468 232 108 0 8 0
156 476 229 105 -8 0 0
148 476 226 102 0 -8 0
148 468 223 99 0 0 0
148 468 220 96 -8 -8 0
140 460 217 93 0 0 0
140 460 214 90 0 8 0
140 468 211 87 -8 0 0
132 468 208 84 0 0 0
132 468 205 81 -8 0 0
124 468 202 78 0 0 0
124 468 199 75 0 0 0
124 468 196 72 -8 -8 0
116 460 193 69 0 0 0
116 460 190 66 0 -8 0
116 452 187 63 -8 0 0
108 452 184 60 0 -8 0
108 444 181 57 -8 8 0
100 452 178 54 0 8 0
100 460 175 51 0 8 0
100 468 172 48 -8 0 0
92 468 169 45 0 0 0
92 468 166 42 0 -8 0
92 460 163 39 -8 0 0
84 460 160 36 0 0 0
84 460 157 33 -8 0 0
76 460 154 30 0 -8 0
76 452 151 27 0 -8 0
76 444 148 24 -8 -8 0
68 436 145 21 0 0 0
68 436 142 18 0 -8 0
68 428 139 15 -8 8 0
60 436 136 12 0 8 0
60 444 133 9 -8 0 0
60 444 130 12 0 -8 0
60 436 127 15 0 -8 0
60 428 124 18 0 8 0
60 436 121 21 0 8 0
60 444 118 24 0 8 0
60 452 115 27 0 -8 0
60 444 112 30 0 8 0
60 452 109 33 0 0 0
60 452 106 36 0 -8 0
60 444 103 39 0 8 0
60 452 100 42 0 0 0
60 452 97 45 0 -8 0
60 444 94 48 0 8 0
60 452 91 51 0 0 0
60 452 88 54 0 0 0
60 452 85 57 0 -8 0
60 444 82 60 0 0 0
60 444 79 63 0 -8 0
60 436 76 66 0 0 0
60 436 73 69 0 0 0
60 436 70 72 0 8 0
60 444 67 75 0 -8 0
60 436 64 78 0 0 0
60 436 61 81 0 0 0
60 436 58 84 0 8 0
60 444 55 87 0 0 0
60 444 52 90 0 -8 0
60 436 49 93 0 -8 0
60 428 46 96 0 8 0
60 436 43 99 0 0 0
60 436 40 102 0 -8 0
60 428 37 105 0 8 0
60 436 34 108 0 -8 0
60 428 31 111 8 0 0
68 428 28 114 0 -8 0
68 420 25 117 0 -8 0
68 412 22 120 8 -8 0
76 404 19 123 0 0 0
76 404 22 126 0 8 0
76 412 25 129 8 8 0
84 420 28 132 0 8 0
84 428 31 135 8 0 0
92 428 34 138 0 8 0
92 436 37 141 0 0 0
92 436 40 144 8 8 0
100 444 43 147 0 -8 0
100 436 46 150 0 8 0
100 444 49 153 8 -8 0
108 436 52 156 0 0 0
108 436 55 159 8 8 0
116 444 58 162 0 8 0
116 452 61 165 0 -8 0
116 444 64 168 8 8 0
124 452 67 171 0 8 0
124 460 70 174 0 8 0
124 468 73 177 8 0 0
132 468 76 180 0 8 0
132 476 79 183 8 -8 0
140 468 82 186 0 -8 0
140 460 85 189 0 0 0
140 460 88 192 8 0 0
148 460 91 195 0 8 0
148 468 94 198 0 0 0
148 468 97 201 8 8 0
156 476 100 204 0 -8 0
156 468 103 207 8 -8 0
164 460 106 210 0 -8 0
164 452 109 213 0 0 0
164 452 112 216 8 8 0
172 460 115 219 0 8 0
172 468 118 222 0 8 0
172 476 121 225 8 -8 0
180 468 124 228 0 -8 0
180 460 127 231 8 -8 0
188 452 130 234 0 0 0
188 452 133 237 0 -8 0
188 444 136 240 8 0 0
196 444 139 243 0 8 0
196 452 142 246 0 -8 0
196 444 145 249 8 -8 0
204 436 148 252 0 8 0
204 444 151 255 8 8 0
212 452 154 258 0 0 0
212 452 157 261 0 -8 0
212 444 160 264 8 0 0
220 444 163 267 0 8 0
220 452 166 270 0 8 0
220 460 169 273 8 -8 0
228 452 172 276 0 0 0
228 452 175 279 8 -8 0
236 444 178 282 0 8 0
236 452 181 285 0 8 0
236 460 184 288 8 -8 0
244 452 187 291 0 8 0
244 460 190 294 0 8 0
244 468 193 297 8 8 0
252 476 196 300 0 8 0
252 484 199 303 8 8 0
260 492 202 306 0 8 0
260 500 205 309 0 8 0
260 508 208 312 8 0 0
268 508 211 315 0 0 0
268 508 214 318 0 -8 0
268 500 217 321 8 0 0
276 500 220 324 0 0 0
276 500 223 327 8 8 0
284 508 226 330 0 -8 0
284 500 229 333 0 -8 0
284 492 232 336 8 -8 0
292 484 235 339 0 -8 0
292 476 238 342 0 8 0
292 484 241 345 8 -8 0
300 476 244 348 0 0 0
300 476 247 351 8 -8 0
308 468 250 354 0 8 0
308 476 253 357 0 0 0
308 476 256 360 8 8 0
316 484 259 363 0 -8 0
316 476 262 366 0 -8 0
316 468 265 369 8 8 0
324 476 268 372 0 8 0
324 484 271 375 8 8 0
332 492 274 378 0 8 0
332 500 277 381 0 -8 0
332 492 280 384 8 8 0
340 500 283 387 0 0 0
340 500 286 390 0 0 0
340 500 289 393 8 0 0
348 500 292 396 0 -8 0
348 492 295 399 8 -8 0
356 484 298 402 0 8 0
356 492 301 405 0 8 0
356 500 304 408 8 0 0
364 500 307 411 0 -8 0
364 492 310 414 0 0 0
364 492 313 417 8 -8 0
372 484 316 420 0 0 0
372 484 319 423 8 8 0
380 492 322 426 0 0 0
380 492 325 429 0 -8 0
380 484 328 432 8 0 0
388 484 331 435 0 -8 0
388 476 334 438 0 0 0
388 476 337 441 8 -8 0
396 468 340 444 0 -8 0
396 460 343 447 8 8 0
404 468 346 450 0 0 0
404 468 349 453 0 8 0
404 476 352 456 8 8 0
412 484 355 459 0 -8 0
412 476 358 462 0 0 0
412 476 361 465 8 8 0
420 484 364 468 0 0 0
420 484 367 471 8 -8 0
428 476 370 474 0 8 0
428 484 373 477 0 -8 0
428 476 376 480 8 8 0
436 484 379 483 0 -8 0
436 476 382 486 0 -8 0
436 468 385 489 8 -8 0
444 460 388 492 0 -8 0
444 452 391 495 8 0 0
452 452 394 498 0 -8 0
452 444 397 501 0 0 0
452 444 400 504 8 0 0
460 444 403 507 0 0 0
460 444 406 510 0 0 0
460 444 409 513 8 8 0
468 452 412 516 0 8 0
468 460 415 519 8 -8 0
476 452 418 522 0 8 0
476 460 421 525 0 -8 0
476 452 424 528 8 -8 0
484 444 427 531 0 -8 0
484 436 430 534 0 0 0
484 436 433 537 8 8 0
492 444 436 540 0 -8 0
492 436 439 543 8 8 0
500 444 442 546 0 -8 0
500 436 445 549 0 0 0
500 436 448 552 8 0 0
508 436 451 555 0 8 0
508 444 454 558 0 8 0
508 452 457 561 8 8 0
516 460 460 564 0 8 0
516 468 463 567 8 8 0
524 476 466 570 0 -8 0
524 468 469 573 0 -8 0
524 460 472 576 8 0 0
532 460 475 579 0 0 0
532 460 478 582 0 8 0
532 468 481 585 8 0 0
540 468 484 588 0 0 0
540 468 487 591 8 -8 0
540 460 490 588 0 8 0
540 468 493 585 0 8 0
540 476 496 582 0 -8 0
540 468 499 579 0 8 0
540 476 502 576 0 0 0
540 476 505 573 0 8 0
540 484 508 570 0 8 0
540 492 511 567 0 -8 0
540 484 514 564 0 -8 0
540 476 517 561 0 8 0
540 484 520 558 0 0 0
540 484 523 555 0 8 0
540 492 526 552 0 -8 0
540 484 529 549 0 8 0
540 492 532 546 0 0 0
540 492 535 543 0 -8 0
540 484 538 540 0 0 0
540 484 541 537 0 8 0
540 492 544 534 0 0 0
540 492 547 531 0 -8 0
540 484 550 528 0 8 0
540 492 553 525 0 -8 0
540 484 556 522 0 -8 0
540 476 559 519 0 8 0
540 484 562 516 0 -8 0
540 476 565 513 0 -8 0
540 468 568 510 0 8 0
540 476 571 507 0 -8 0
540 468 574 504 0 0 0
540 468 577 501 0 -8 0
540 460 580 498 0 8 0
540 468 583 495 0 -8 0
540 460 586 492 0 -8 0
540 452 589 489 -8 -8 0
532 444 592 486 0 8 0
532 452 595 483 0 -8 0
532 444 598 480 -8 8 0
524 452 601 477 0 -8 0
524 444 604 474 0 -8 0
524 436 607 471 -8 0 0
516 436 610 468 0 -8 0
516 428 613 465 -8 -8 0
508 420 616 462 0 -8 0
508 412 619 459 0 -8 0
508 404 622 456 -8 -8 0
500 396 625 453 0 8 0
500 404 628 450 0 -8 0
500 396 631 447 -8 8 0
492 404 634 444 0 0 0
492 404 637 441 -8 0 0
484 404 640 438 0 0 0
484 404 643 435 0 -8 0
484 396 646 432 -8 -8 0
476 388 649 429 0 -8 0
476 380 652 426 0 -8 0
476 372 655 423 -8 8 0
468 380 658 420 0 0 0
468 380 661 417 -8 0 0
460 380 664 414 0 8 0
460 388 667 411 0 -8 0
460 380 670 408 -8 8 0
452 388 673 405 0 8 0
452 396 676 402 0 0 0
452 396 679 399 -8 -8 0
444 388 682 396 0 8 0
444 396 685 393 -8 8 0
436 404 688 390 0 8 0
436 412 691 387 0 8 0
436 420 694 384 -8 0 0
428 420 697 381 0 8 0
428 428 700 378 0 -8 0
428 420 703 375 -8 0 0
420 420 706 372 0 8 0
420 428 709 369 -8 -8 0
412 420 712 366 0 0 0
412 420 715 363 0 0 0
412 420 718 360 -8 0 0
404 420 721 357 0 8 0
404 428 724 354 0 8 0
404 436 727 351 -8 0 0
396 436 730 348 0 8 0
396 444 733 345 -8 -8 0
388 436 736 342 0 8 0
388 444 739 339 0 8 0
388 452 742 336 -8 0 0
380 452 745 333 0 0 0
380 452 748 330 0 -8 0
380 444 751 327 -8 0 0
372 444 754 324 0 -8 0
372 436 757 321 -8 8 0
364 444 760 318 0 8 0
364 452 763 315 0 -8 0
364 444 766 312 -8 8 0
356 452 769 309 0 -8 0
356 444 772 306 0 8 0
356 452 775 303 -8 -8 0
348 444 778 300 0 8 0
348 452 781 297 0 0 1
348 452 781 297 0 0 1
348 452 781 297 0 0 1
348 452 781 297 0 0 1
348 452 781 297 0 0 1
