129 114 688 207 0 0 0
129 114 691 210 8 8 0
137 122 694 213 8 8 0
145 130 697 216 8 8 0
153 138 700 219 8 -8 0
161 130 703 222 8 0 0
169 130 706 225 8 -8 0
177 122 709 228 8 0 0
185 122 712 231 0 0 0
185 122 715 234 0 8 0
185 130 718 237 8 -8 0
193 122 721 240 0 8 0
193 130 724 243 0 -8 0
193 122 727 246 8 0 0
201 122 730 249 0 -8 0
201 114 733 252 8 -8 0
209 106 736 255 0 0 0
209 106 739 258 0 8 0
209 114 742 261 8 0 0
217 114 745 264 0 0 0
217 114 748 267 0 0 0
217 114 751 270 8 8 0
225 122 754 273 0 8 0
225 130 757 276 8 -8 0
233 122 760 279 0 -8 0
233 114 763 282 0 -8 0
233 106 766 285 8 8 0
241 114 769 288 0 -8 0
241 106 772 291 0 -8 0
241 98 775 294 8 0 0
249 98 778 297 0 0 0
249 98 781 300 0 0 1
249 98 781 300 0 0 1
249 98 781 300 0 0 1
249 98 781 300 0 0 1
249 98 781 300 0 0 1
