315 490 403 153 0 0 0
315 490 406 150 -8 0 0
307 490 409 147 -8 8 0
299 498 412 144 -8 8 0
291 506 415 141 -8 0 0
283 506 418 138 -8 8 0
275 514 421 135 -8 -8 0
267 506 424 132 -8 0 0
259 506 427 129 -8 0 0
251 506 430 126 -8 -8 0
243 498 433 123 -8 0 0
235 498 436 120 -8 0 0
227 498 439 117 -8 8 0
219 506 442 114 -8 -8 0
211 498 445 111 -8 0 0
203 498 448 108 -8 -8 0
195 490 451 105 -8 -8 0
187 482 454 102 -8 0 0
179 482 457 99 -8 -8 0
171 474 460 96 -8 -8 0
163 466 463 93 -8 0 0
155 466 466 90 -8 -8 0
147 458 469 87 -8 -8 0
139 450 472 84 -8 0 0
131 450 475 81 0 8 0
131 458 478 78 -8 0 0
123 458 481 75 0 8 0
123 466 484 72 -8 -8 0
115 458 487 69 0 0 0
115 458 490 66 0 0 0
115 458 493 63 -8 0 0
107 458 496 60 0 8 0
107 466 499 57 0 0 0
107 466 502 54 -8 0 0
99 466 505 51 0 0 0
99 466 508 48 -8 -8 0
91 458 511 45 0 -8 0
91 450 514 42 0 0 0
91 450 517 39 -8 -8 0
83 442 520 36 0 8 0
83 450 523 33 0 0 0
83 450 526 30 -8 0 0
75 450 529 27 0 -8 0
75 442 532 24 -8 0 0
67 442 535 21 0 -8 0
67 434 538 18 0 8 0
67 442 541 15 -8 0 0
60 442 544 12 0 8 0
60 450 547 9 -8 -8 0
60 442 550 12 0 8 0
60 450 553 15 0 8 0
60 458 556 18 0 -8 0
60 450 559 21 0 8 0
60 458 562 24 0 8 0
60 466 565 27 0 -8 0
60 458 568 30 0 -8 0
60 450 571 33 0 8 0
60 458 574 36 0 -8 0
60 450 577 39 0 8 0
60 458 580 42 0 8 0
60 466 583 45 0 0 0
60 466 586 48 0 8 0
60 474 589 51 0 8 0
60 482 592 54 0 -8 0
60 474 595 57 0 -8 0
60 466 598 60 0 -8 0
60 458 601 63 0 0 0
60 458 604 66 0 0 0
60 458 607 69 0 8 0
60 466 610 72 0 8 0
60 474 613 75 0 8 0
60 482 616 78 0 8 0
60 490 619 81 0 0 0
60 490 622 84 0 8 0
60 498 625 87 0 8 0
60 506 628 90 0 -8 0
60 498 631 93 0 -8 0
60 490 634 96 0 8 0
60 498 637 99 0 0 0
60 498 640 102 0 -8 0
60 490 643 105 0 -8 0
60 482 646 108 0 0 0
60 482 649 111 8 -8 0
68 474 652 114 0 8 0
68 482 655 117 0 8 0
68 490 658 120 8 0 0
76 490 661 123 0 8 0
76 498 664 126 0 0 0
76 498 667 129 8 8 0
84 506 670 132 0 0 0
84 506 673 135 8 -8 0
92 498 676 138 0 -8 0
92 490 679 141 0 -8 0
92 482 682 144 8 -8 0
100 474 685 147 0 8 0
100 482 688 150 0 -8 0
100 474 691 153 8 0 0
108 474 694 156 0 -8 0
108 466 697 159 8 -8 0
116 458 700 162 0 0 0
116 458 703 165 0 -8 0
116 450 706 168 8 -8 0
124 442 709 171 0 -8 0
124 434 712 174 0 0 0
124 434 715 177 8 -8 0
132 426 718 180 0 8 0
132 434 721 183 8 -8 0
140 426 724 186 0 0 0
140 426 727 189 0 0 0
140 426 730 192 8 8 0
148 434 733 195 0 8 0
148 442 736 198 0 8 0
148 450 739 201 8 8 0
156 458 742 204 0 0 0
156 458 745 207 8 8 0
164 466 748 210 0 8 0
164 474 751 213 0 8 0
164 482 754 216 8 -8 0
172 474 757 219 0 -8 0
172 466 760 222 0 -8 0
172 458 763 225 8 0 0
180 458 766 228 0 8 0
180 466 769 231 8 0 0
188 466 772 234 0 0 0
188 466 775 237 0 0 0
188 466 778 240 8 -8 0
196 458 781 243 0 0 1
196 458 781 243 0 0 1
196 458 781 243 0 0 1
196 458 781 243 0 0 1
196 458 781 243 0 0 1
