488 119 670 189 0 0 0
488 119 673 186 -8 8 0
480 127 676 183 -8 -8 0
472 119 679 180 -8 -8 0
464 111 682 177 -8 0 0
456 111 685 174 -8 0 0
448 111 688 171 -8 8 0
440 119 691 168 -8 8 0
432 127 694 165 -8 0 0
424 127 697 162 -8 8 0
416 135 700 159 -8 8 0
408 143 703 156 -8 0 0
400 143 706 153 -8 8 0
392 151 709 150 -8 0 0
384 151 712 147 -8 -8 0
376 143 715 144 -8 8 0
368 151 718 141 -8 0 0
360 151 721 138 -8 -8 0
352 143 724 135 -8 8 0
344 151 727 132 -8 8 0
336 159 730 129 -8 -8 0
328 151 733 126 -8 -8 0
320 143 736 123 -8 0 0
312 143 739 120 -8 -8 0
304 135 742 117 -8 0 0
296 135 745 114 -8 -8 0
288 127 748 111 -8 -8 0
280 119 751 108 -8 -8 0
272 111 754 105 -8 -8 0
264 103 757 102 -8 -8 0
256 95 760 99 -8 8 0
248 103 763 96 -8 8 0
240 111 766 93 -8 8 0
232 119 769 90 -8 8 0
224 127 772 87 -8 8 0
216 135 775 84 -8 -8 0
208 127 778 81 -8 8 0
200 135 781 78 0 0 1
200 135 781 78 0 0 1
200 135 781 78 0 0 1
200 135 781 78 0 0 1
200 135 781 78 0 0 1
