507 328 478 279 0 0 0
507 328 481 282 -8 8 0
499 336 484 285 -8 0 0
491 336 487 288 -8 -8 0
483 328 490 291 -8 8 0
475 336 493 294 -8 -8 0
467 328 496 297 -8 8 0
459 336 499 300 -8 0 0
451 336 502 303 -8 0 0
443 336 505 306 -8 0 0
435 336 508 309 -8 0 0
427 336 511 312 -8 -8 0
419 328 514 315 -8 -8 0
411 320 517 318 -8 8 0
403 328 520 321 -8 0 0
395 328 523 324 -8 0 0
387 328 526 327 -8 8 0
379 336 529 330 0 -8 0
379 328 532 333 0 0 0
379 328 535 336 0 0 0
379 328 538 339 0 -8 0
379 320 541 342 0 8 0
379 328 544 345 0 -8 0
379 320 547 348 0 8 0
379 328 550 351 0 -8 0
379 320 553 354 0 0 0
379 320 556 357 0 8 0
379 328 559 360 0 8 0
379 336 562 363 0 8 0
379 344 565 366 0 0 0
379 344 568 369 0 -8 0
379 336 571 372 0 8 0
379 344 574 375 0 0 0
379 344 577 378 0 -8 0
379 336 580 381 0 0 0
379 336 583 384 0 -8 0
379 328 586 387 0 0 0
379 328 589 390 0 0 0
379 328 592 393 0 8 0
379 336 595 396 0 0 0
379 336 598 399 0 0 0
379 336 601 402 0 8 0
379 344 604 405 0 8 0
379 352 607 408 0 0 0
379 352 610 411 0 8 0
379 360 613 414 0 0 0
379 360 616 417 0 0 0
379 360 619 420 0 8 0
379 368 622 423 0 8 0
379 376 625 426 0 0 0
379 376 628 429 0 8 0
379 384 631 432 8 8 0
387 392 634 435 0 8 0
387 400 637 438 8 8 0
395 408 640 441 0 0 0
395 408 643 444 0 8 0
395 416 646 447 8 0 0
403 416 649 450 0 0 0
403 416 652 453 0 0 0
403 416 655 456 8 8 0
411 424 658 459 0 -8 0
411 416 661 462 8 0 0
419 416 664 465 0 8 0
419 424 667 468 0 8 0
419 432 670 471 8 -8 0
427 424 673 474 0 8 0
427 432 676 477 0 8 0
427 440 679 480 8 0 0
435 440 682 483 0 0 0
435 440 685 486 8 8 0
443 448 688 489 0 8 0
443 456 691 492 0 -8 0
443 448 694 495 8 -8 0
451 440 697 498 0 0 0
451 440 700 501 0 8 0
451 448 703 504 8 0 0
459 448 706 507 0 -8 0
459 440 709 510 8 0 0
467 440 712 513 0 0 0
467 440 715 516 0 8 0
467 448 718 519 8 8 0
475 456 721 522 0 -8 0
475 448 724 525 0 8 0
475 456 727 528 8 8 0
483 464 730 531 0 8 0
483 472 733 534 8 -8 0
491 464 736 537 0 -8 0
491 456 739 540 0 8 0
491 464 742 543 8 -8 0
499 456 745 546 0 -8 0
499 448 748 549 0 0 0
499 448 751 552 8 -8 0
507 440 754 555 0 -8 0
507 432 757 558 8 -8 0
515 424 760 561 0 -8 0
515 416 763 564 0 -8 0
515 408 766 567 8 8 0
523 416 769 570 0 0 0
523 416 772 573 0 0 0
523 416 775 576 8 -8 0
531 408 778 579 0 0 0
531 408 781 582 0 0 1
531 408 781 582 0 0 1
531 408 781 582 0 0 1
531 408 781 582 0 0 1
531 408 781 582 0 0 1
