234 98 313 156 0 0 0
234 98 316 159 -8 8 0
226 106 319 162 -8 8 0
218 114 322 165 -8 -8 0
210 106 325 168 0 -8 0
210 98 328 171 0 8 0
210 106 331 174 0 -8 0
210 98 334 177 0 -8 0
210 90 337 180 0 0 0
210 90 340 183 0 0 0
210 90 343 186 0 0 0
210 90 346 189 0 8 0
210 98 349 192 0 8 0
210 106 352 195 0 -8 0
210 98 355 198 0 -8 0
210 90 358 201 0 0 0
210 90 361 204 0 0 0
210 90 364 207 0 -8 0
210 82 367 210 0 -8 0
210 74 370 213 0 -8 0
210 66 373 216 0 -8 0
210 60 376 219 0 8 0
210 68 379 222 0 -8 0
210 60 382 225 0 -8 0
210 60 385 228 0 8 0
210 68 388 231 0 0 0
210 68 391 234 0 0 0
210 68 394 237 0 0 0
210 68 397 240 0 -8 0
210 60 400 243 0 -8 0
210 60 403 246 0 8 0
210 68 406 249 0 0 0
210 68 409 252 0 -8 0
210 60 412 255 0 8 0
210 68 415 258 0 0 0
210 68 418 261 8 -8 0
218 60 421 264 0 8 0
218 68 424 267 0 0 0
218 68 427 270 8 -8 0
226 60 430 273 0 8 0
226 68 433 276 0 8 0
226 76 436 279 8 -8 0
234 68 439 282 0 -8 0
234 60 442 285 8 0 0
242 60 445 288 0 0 0
242 60 448 291 0 -8 0
242 60 451 294 8 8 0
250 68 454 297 0 8 0
250 76 457 300 0 0 0
250 76 460 303 8 -8 0
258 68 463 306 0 8 0
258 76 466 309 8 -8 0
266 68 469 312 0 8 0
266 76 472 315 0 8 0
266 84 475 318 8 0 0
274 84 478 321 0 8 0
274 92 481 324 0 -8 0
274 84 484 327 8 -8 0
282 76 487 330 0 -8 0
282 68 490 333 8 -8 0
290 60 493 336 0 0 0
290 60 496 339 0 -8 0
290 60 499 342 8 8 0
298 68 502 345 0 0 0
298 68 505 348 0 8 0
298 76 508 351 8 8 0
306 84 511 354 0 0 0
306 84 514 357 8 8 0
314 92 517 360 0 0 0
314 92 520 363 0 0 0
314 92 523 366 8 8 0
322 100 526 369 0 0 0
322 100 529 372 0 8 0
322 108 532 375 8 8 0
330 116 535 378 0 8 0
330 124 538 381 8 0 0
338 124 541 384 0 -8 0
338 116 544 387 0 0 0
338 116 547 390 8 -8 0
346 108 550 393 0 -8 0
346 100 553 396 0 8 0
346 108 556 399 8 0 0
354 108 559 402 0 -8 0
354 100 562 405 8 0 0
362 100 565 408 0 8 0
362 108 568 411 0 0 0
362 108 571 414 8 8 0
370 116 574 417 0 0 0
370 116 577 420 0 -8 0
370 108 580 423 8 -8 0
378 100 583 426 0 -8 0
378 92 586 429 8 0 0
386 92 589 432 0 -8 0
386 84 592 435 0 -8 0
386 76 595 438 8 8 0
394 84 598 441 0 8 0
394 92 601 444 0 8 0
394 100 604 447 8 0 0
402 100 607 450 0 -8 0
402 92 610 453 8 0 0
410 92 613 456 0 -8 0
410 84 616 459 0 8 0
410 92 619 462 8 8 0
418 100 622 465 0 0 0
418 100 625 468 0 0 0
418 100 628 471 8 -8 0
426 92 631 474 0 8 0
426 100 634 477 8 -8 0
434 92 637 480 0 0 0
434 92 640 483 0 -8 0
434 84 643 486 8 -8 0
442 76 646 489 0 8 0
442 84 649 492 0 8 0
442 92 652 495 8 8 0
450 100 655 498 0 8 0
450 108 658 501 8 0 0
458 108 661 504 0 8 0
458 116 664 507 0 0 0
458 116 667 510 8 8 0
466 124 670 513 0 -8 0
466 116 673 516 0 0 0
466 116 676 519 8 0 0
474 116 679 522 0 -8 0
474 108 682 525 8 8 0
482 116 685 528 0 -8 0
482 108 688 531 0 0 0
482 108 691 534 8 8 0
490 116 694 537 0 0 0
490 116 697 540 0 -8 0
490 108 700 543 8 -8 0
498 100 703 546 0 0 0
498 100 706 549 8 0 0
506 100 709 552 0 0 0
506 100 712 555 0 0 0
506 100 715 558 8 0 0
514 100 718 561 0 -8 0
514 92 721 564 0 0 0
514 92 724 567 8 0 0
522 92 727 570 0 -8 0
522 84 730 573 8 -8 0
530 76 733 576 0 8 0
530 84 736 579 0 0 0
530 84 739 582 8 0 0
538 84 742 585 0 -8 0
538 76 745 588 0 8 0
538 84 748 591 8 -8 0
540 76 751 588 0 -8 0
540 68 754 585 0 0 0
540 68 757 582 0 -8 0
540 60 760 579 0 0 0
540 60 763 576 0 0 0
540 60 766 573 0 8 0
540 68 769 570 0 0 0
540 68 772 567 0 -8 0
540 60 775 564 0 -8 0
540 60 778 561 0 8 0
540 68 781 558 0 0 1
540 68 781 558 0 0 1
540 68 781 558 0 0 1
540 68 781 558 0 0 1
540 68 781 558 0 0 1
