282 315 694 225 0 0 0
282 315 691 222 -8 8 0
274 323 688 219 -8 -8 0
266 315 685 216 0 -8 0
266 307 682 213 -8 -8 0
258 299 679 210 0 -8 0
258 291 676 207 -8 0 0
250 291 673 204 0 -8 0
250 283 670 201 0 8 0
250 291 667 198 -8 0 0
242 291 664 195 0 0 0
242 291 661 192 0 0 0
242 291 658 189 -8 0 0
234 291 655 186 0 0 0
234 291 652 183 -8 8 0
226 299 649 180 0 8 0
226 307 646 177 0 0 0
226 307 643 174 -8 8 0
218 315 640 171 0 8 0
218 323 637 168 0 0 0
218 323 634 165 -8 8 0
210 331 631 162 0 0 0
210 331 628 159 -8 -8 0
202 323 625 156 0 8 0
202 331 622 153 0 0 0
202 331 619 150 -8 -8 0
194 323 616 147 0 8 0
194 331 613 144 0 8 0
194 339 610 141 -8 -8 0
186 331 607 138 0 0 0
186 331 604 135 -8 -8 0
178 323 601 132 0 -8 0
178 315 598 129 0 8 0
178 323 595 126 -8 8 0
170 331 592 123 0 -8 0
170 323 589 120 0 -8 0
170 315 586 117 -8 8 0
162 323 583 114 0 -8 0
162 315 580 111 -8 -8 0
154 307 577 108 0 -8 0
154 299 574 105 0 8 0
154 307 571 102 -8 8 0
146 315 568 99 0 -8 0
146 307 565 96 0 8 0
146 315 562 93 -8 0 0
138 315 559 90 0 -8 0
138 307 556 87 -8 8 0
130 315 553 84 0 8 0
130 323 550 81 0 0 0
130 323 547 78 -8 -8 0
122 315 544 75 0 0 0
122 315 541 72 0 0 0
122 315 538 69 -8 -8 0
114 307 535 66 0 8 0
114 315 532 63 -8 8 0
106 323 529 60 0 8 0
106 331 526 57 0 0 0
106 331 523 54 -8 0 0
98 331 520 51 0 8 0
98 339 517 48 0 0 0
98 339 514 45 -8 8 0
90 347 511 42 0 8 0
90 355 508 39 -8 8 0
82 363 505 36 0 0 0
82 363 502 33 0 -8 0
82 355 499 30 -8 -8 0
74 347 496 27 0 0 0
74 347 493 24 0 0 0
74 347 490 21 -8 0 0
66 347 487 18 0 -8 0
66 339 484 15 -8 8 0
60 347 481 12 0 0 0
60 347 478 9 -8 8 0
60 355 475 12 0 0 0
60 355 472 15 0 8 0
60 363 469 18 0 -8 0
60 355 466 21 0 -8 0
60 347 463 24 0 -8 0
60 339 460 27 0 0 0
60 339 457 30 0 8 0
60 347 454 33 0 8 0
60 355 451 36 0 8 0
60 363 448 39 0 -8 0
60 355 445 42 0 8 0
60 363 442 45 0 8 0
60 371 439 48 0 8 0
60 379 436 51 0 8 0
60 387 433 54 0 -8 0
60 379 430 57 0 0 0
60 379 427 60 0 0 0
60 379 424 63 0 8 0
60 387 421 66 0 -8 0
60 379 418 69 0 -8 0
60 371 415 72 0 0 0
60 371 412 75 0 0 0
60 371 409 78 0 -8 0
60 363 406 81 0 8 0
60 371 403 84 0 8 0
60 379 400 87 0 8 0
60 387 397 90 0 0 0
60 387 394 93 0 0 0
60 387 391 96 0 8 0
60 395 388 99 0 -8 0
60 387 385 102 0 -8 0
60 379 382 105 0 -8 0
60 371 379 108 0 8 0
60 379 376 111 8 -8 0
68 371 373 114 0 8 0
68 379 370 117 0 8 0
68 387 367 120 8 8 0
76 395 364 123 0 8 0
76 403 361 126 0 -8 0
76 395 358 129 8 -8 0
84 387 355 132 0 -8 0
84 379 352 135 8 -8 0
92 371 349 138 0 8 0
92 379 346 141 0 8 0
92 387 343 144 8 8 0
100 395 340 147 0 -8 0
100 387 337 150 0 -8 0
100 379 334 153 8 0 0
108 379 331 156 0 0 0
108 379 328 159 8 -8 0
116 371 325 162 0 0 0
116 371 322 165 0 -8 0
116 363 319 168 8 8 0
124 371 316 171 0 8 0
124 379 313 174 0 0 0
124 379 310 177 8 8 0
132 387 307 180 0 8 0
132 395 304 183 8 8 0
140 403 301 186 0 -8 0
140 395 298 189 0 0 0
140 395 295 192 8 8 0
148 403 292 195 0 -8 0
148 395 289 198 0 0 0
148 395 286 201 8 0 0
156 395 283 204 0 0 0
156 395 280 207 8 8 0
164 403 277 210 0 -8 0
164 395 274 213 0 8 0
164 403 271 216 8 -8 0
172 395 268 219 0 -8 0
172 387 265 222 0 8 0
172 395 262 225 8 -8 0
180 387 259 228 0 0 0
180 387 256 231 8 8 0
188 395 253 234 0 0 0
188 395 250 237 0 -8 0
188 387 247 240 8 -8 0
196 379 244 243 0 0 0
196 379 241 246 0 8 0
196 387 238 249 8 8 0
204 395 235 252 0 -8 0
204 387 232 255 8 0 0
212 387 229 258 0 8 0
212 395 226 261 0 0 0
212 395 223 264 8 8 0
220 403 220 267 0 -8 0
220 395 217 270 0 0 0
220 395 214 273 8 8 0
228 403 211 276 0 0 0
228 403 208 279 8 0 0
236 403 205 282 0 -8 0
236 395 202 285 0 8 0
236 403 199 288 8 0 0
244 403 196 291 0 0 0
244 403 193 294 0 -8 0
244 395 190 297 8 -8 0
252 387 187 300 0 8 0
252 395 184 303 8 8 0
260 403 181 306 0 0 0
260 403 178 309 0 -8 0
260 395 175 312 8 -8 0
268 387 172 315 0 -8 0
268 379 169 318 0 8 0
268 387 166 321 8 -8 0
276 379 163 324 0 8 0
276 387 160 327 8 -8 0
284 379 157 330 0 8 0
284 387 154 333 0 8 0
284 395 151 336 8 0 0
292 395 148 339 0 8 0
292 403 145 342 0 -8 0
292 395 142 345 8 -8 0
300 387 139 348 0 8 0
300 395 136 351 8 -8 0
308 387 133 354 0 -8 0
308 379 130 357 0 0 0
308 379 127 360 8 0 0
316 379 124 363 0 -8 0
316 371 121 366 0 -8 0
316 363 118 369 8 0 0
324 363 115 372 0 0 0
324 363 112 375 8 8 0
332 371 109 378 0 8 0
332 379 106 381 0 0 0
332 379 103 384 8 -8 0
340 371 100 387 0 0 0
340 371 97 390 0 0 0
340 371 94 393 8 8 0
348 379 91 396 0 0 0
348 379 88 399 8 8 0
356 387 85 402 0 8 0
356 395 82 405 0 8 0
356 403 79 408 8 8 0
364 411 76 411 0 8 0
364 419 73 414 0 8 0
364 427 70 417 8 0 0
372 427 67 420 0 -8 0
372 419 64 423 8 8 0
380 427 61 426 0 0 0
380 427 58 429 0 0 0
380 427 55 432 8 8 0
388 435 52 435 0 -8 0
388 427 49 438 0 8 0
388 435 46 441 8 0 0
396 435 43 444 0 -8 0
396 427 40 447 8 -8 0
404 419 37 450 0 8 0
404 427 34 453 0 0 0
404 427 31 456 8 -8 0
412 419 28 459 0 8 0
412 427 25 462 0 -8 0
412 419 22 465 8 -8 0
420 411 19 468 0 -8 0
420 403 22 471 8 8 0
428 411 25 474 0 -8 0
428 403 28 477 0 0 0
428 403 31 480 8 0 0
436 403 34 483 0 -8 0
436 395 37 486 0 8 0
436 403 40 489 8 0 0
444 403 43 492 0 -8 0
444 395 46 495 8 0 0
452 395 49 498 0 8 0
452 403 52 501 0 8 0
452 411 55 504 8 0 0
460 411 58 507 0 0 0
460 411 61 510 0 -8 0
460 403 64 513 8 0 0
468 403 67 516 0 8 0
468 411 70 519 8 8 0
476 419 73 522 0 0 0
476 419 76 525 0 8 0
476 427 79 528 8 0 0
484 427 82 531 0 8 0
484 435 85 534 0 -8 0
484 427 88 537 8 0 0
492 427 91 540 0 0 0
492 427 94 543 8 8 0
500 435 97 546 0 -8 0
500 427 100 549 0 8 0
500 435 103 552 8 8 0
508 443 106 555 0 8 0
508 451 109 558 0 8 0
508 459 112 561 8 -8 0
516 451 115 564 0 8 0
516 459 118 567 8 8 0
524 467 121 570 0 -8 0
524 459 124 573 0 0 0
524 459 127 576 8 8 0
532 467 130 579 0 0 0
532 467 133 582 0 8 0
532 475 136 585 8 0 0
540 475 139 588 0 8 0
540 483 142 591 8 8 0
540 491 145 588 0 0 0
540 491 148 585 0 -8 0
540 483 151 582 0 0 0
540 483 154 579 0 0 0
540 483 157 576 0 0 0
540 483 160 573 0 0 0
540 483 163 570 0 8 0
540 491 166 567 0 0 0
540 491 169 564 0 -8 0
540 483 172 561 0 0 0
540 483 175 558 0 8 0
540 491 178 555 0 -8 0
540 483 181 552 0 8 0
540 491 184 549 0 -8 0
540 483 187 546 0 -8 0
540 475 190 543 0 8 0
540 483 193 540 0 8 0
540 491 196 537 0 -8 0
540 483 199 534 0 -8 0
540 475 202 531 0 8 0
540 483 205 528 0 8 0
540 491 208 525 0 -8 0
540 483 211 522 0 8 0
540 491 214 519 0 -8 0
540 483 217 516 0 8 0
540 491 220 513 0 0 0
540 491 223 510 0 8 0
540 499 226 507 0 8 0
540 507 229 504 0 -8 0
540 499 232 501 0 -8 0
540 491 235 498 0 -8 0
540 483 238 495 0 0 0
540 483 241 492 0 -8 0
540 475 244 489 -8 8 0
532 483 247 486 0 8 0
532 491 250 483 0 0 0
532 491 253 480 -8 -8 0
524 483 256 477 0 8 0
524 491 259 474 0 -8 0
524 483 262 471 -8 8 0
516 491 265 468 0 -8 0
516 483 268 465 -8 8 0
508 491 271 462 0 8 0
508 499 274 459 0 -8 0
508 491 277 456 -8 8 0
500 499 280 453 0 8 0
500 507 283 450 0 -8 0
500 499 286 447 -8 8 0
492 507 289 444 0 0 0
492 507 292 441 -8 0 0
484 507 295 438 0 -8 0
484 499 298 435 0 -8 0
484 491 301 432 -8 0 0
476 491 304 429 0 8 0
476 499 307 426 0 0 0
476 499 310 423 -8 0 0
468 499 313 420 0 8 0
468 507 316 417 -8 -8 0
460 499 319 414 0 -8 0
460 491 322 411 0 0 0
460 491 325 408 -8 8 0
452 499 328 405 0 8 0
452 507 331 402 0 -8 0
452 499 334 399 -8 -8 0
444 491 337 396 0 0 0
444 491 340 393 -8 0 0
436 491 343 390 0 0 0
436 491 346 387 0 0 0
436 491 349 384 -8 -8 0
428 483 352 381 0 0 0
428 483 355 378 0 0 0
428 483 358 375 -8 8 0
420 491 361 372 0 8 0
420 499 364 369 -8 0 0
412 499 367 366 0 -8 0
412 491 370 363 0 8 0
412 499 373 360 -8 8 0
404 507 376 357 0 0 0
404 507 379 354 0 0 0
404 507 382 351 -8 8 0
396 515 385 348 0 0 0
396 515 388 345 -8 8 0
388 523 391 342 0 8 0
388 531 394 339 0 0 0
388 531 397 336 -8 8 0
380 539 400 333 0 -8 0
380 531 403 330 0 0 0
380 531 406 327 -8 8 0
372 539 409 324 0 0 0
372 539 412 321 -8 8 0
364 540 415 318 0 -8 0
364 532 418 315 0 -8 0
364 524 421 312 -8 0 0
356 524 424 309 0 -8 0
356 516 427 306 0 0 0
356 516 430 303 -8 0 0
348 516 433 300 0 0 0
348 516 436 297 -8 8 0
340 524 439 294 0 8 0
340 532 442 291 0 8 0
340 540 445 288 -8 -8 0
332 532 448 285 0 0 0
332 532 451 282 0 -8 0
332 524 454 279 -8 -8 0
324 516 457 276 0 0 0
324 516 460 273 -8 8 0
316 524 463 270 0 8 0
316 532 466 267 0 0 0
316 532 469 264 -8 -8 0
308 524 472 261 0 0 0
308 524 475 258 0 0 0
308 524 478 255 -8 -8 0
300 516 481 252 0 8 0
300 524 484 249 -8 0 0
292 524 487 246 0 8 0
292 532 490 243 0 8 0
292 540 493 240 -8 -8 0
284 532 496 237 0 -8 0
284 524 499 234 0 0 0
284 524 502 231 -8 -8 0
276 516 505 228 0 -8 0
276 508 508 225 -8 -8 0
268 500 511 222 0 0 0
268 500 514 219 0 -8 0
268 492 517 216 -8 8 0
260 500 520 213 0 -8 0
260 492 523 210 0 -8 0
260 484 526 207 -8 -8 0
252 476 529 204 0 -8 0
252 468 532 201 -8 0 0
244 468 535 198 0 0 0
244 468 538 195 0 8 0
244 476 541 192 -8 0 0
236 476 544 189 0 8 0
236 484 547 186 0 8 0
236 492 550 183 -8 0 0
228 492 553 180 0 -8 0
228 484 556 177 -8 0 0
220 484 559 174 0 -8 0
220 476 562 171 0 0 0
220 476 565 168 -8 0 0
212 476 568 165 0 0 0
212 476 571 162 0 0 0
212 476 574 159 -8 0 0
204 476 577 156 0 0 0
204 476 580 153 -8 0 0
196 476 583 150 0 0 0
196 476 586 147 0 0 0
196 476 589 144 -8 8 0
188 484 592 141 0 0 0
188 484 595 138 0 0 0
188 484 598 135 -8 0 0
180 484 601 132 0 0 0
180 484 604 129 -8 0 0
172 484 607 126 0 0 0
172 484 610 123 0 -8 0
172 476 613 120 -8 0 0
164 476 616 117 0 -8 0
164 468 619 114 0 -8 0
164 460 622 111 -8 8 0
156 468 625 108 0 8 0
156 476 628 105 -8 -8 0
148 468 631 102 0 8 0
148 476 634 99 0 -8 0
148 468 637 96 -8 0 0
140 468 640 93 0 8 0
140 476 643 90 0 0 0
140 476 646 87 -8 0 0
132 476 649 84 0 -8 0
132 468 652 81 -8 -8 0
124 460 655 78 0 0 0
124 460 658 75 0 8 0
124 468 661 72 -8 -8 0
116 460 664 69 0 0 0
116 460 667 66 0 0 0
116 460 670 63 -8 0 0
108 460 673 60 0 8 0
108 468 676 57 -8 0 0
100 468 679 54 0 -8 0
100 460 682 51 0 -8 0
100 452 685 48 -8 -8 0
92 444 688 45 0 8 0
92 452 691 42 0 0 0
92 452 694 39 -8 -8 0
84 444 697 36 0 8 0
84 452 700 33 -8 -8 0
76 444 703 30 0 -8 0
76 436 706 27 0 0 0
76 436 709 24 -8 -8 0
68 428 712 21 0 0 0
68 428 715 18 0 0 0
68 428 718 15 -8 8 0
60 436 721 12 0 8 0
60 444 724 9 -8 8 0
60 452 727 12 0 -8 0
60 444 730 15 0 -8 0
60 436 733 18 0 8 0
60 444 736 21 0 8 0
60 452 739 24 0 -8 0
60 444 742 27 0 8 0
60 452 745 30 0 0 0
60 452 748 33 0 8 0
60 460 751 36 0 0 0
60 460 754 39 0 0 0
60 460 757 42 0 8 0
60 468 760 45 0 8 0
60 476 763 48 0 -8 0
60 468 766 51 0 8 0
60 476 769 54 0 0 0
60 476 772 57 0 0 0
60 476 775 60 0 -8 0
60 468 778 63 0 -8 0
60 460 781 66 0 0 1
60 460 781 66 0 0 1
60 460 781 66 0 0 1
60 460 781 66 0 0 1
60 460 781 66 0 0 1
