91 364 679 474 0 0 0
91 364 676 477 8 0 0
99 364 673 480 8 8 0
107 372 670 483 8 -8 0
115 364 667 486 8 0 0
123 364 664 489 8 8 0
131 372 661 492 8 8 0
139 380 658 495 8 -8 0
147 372 655 498 8 8 0
155 380 652 501 8 -8 0
163 372 649 504 8 8 0
171 380 646 507 8 8 0
179 388 643 510 8 0 0
187 388 640 513 8 0 0
195 388 637 516 8 8 0
203 396 634 519 8 0 0
211 396 631 522 8 -8 0
219 388 628 525 8 8 0
227 396 625 528 8 8 0
235 404 622 531 8 8 0
243 412 619 534 8 8 0
251 420 616 537 8 -8 0
259 412 613 540 8 -8 0
267 404 610 543 8 8 0
275 412 607 546 8 8 0
283 420 604 549 8 0 0
291 420 601 552 8 -8 0
299 412 598 555 8 -8 0
307 404 595 558 8 -8 0
315 396 592 561 8 -8 0
323 388 589 564 8 0 0
331 388 586 567 8 8 0
339 396 583 570 8 -8 0
347 388 580 573 8 0 0
355 388 577 576 8 8 0
363 396 574 579 8 0 0
371 396 571 582 8 -8 0
379 388 568 585 8 0 0
387 388 565 588 8 -8 0
395 380 562 591 8 0 0
403 380 559 588 8 8 0
411 388 556 585 8 -8 0
419 380 553 582 8 0 0
427 380 550 579 8 0 0
435 380 547 576 8 0 0
443 380 544 573 8 0 0
451 380 541 570 8 -8 0
459 372 538 567 8 -8 0
467 364 535 564 8 -8 0
475 356 532 561 8 8 0
483 364 529 558 8 0 0
491 364 526 555 8 -8 0
499 356 523 552 8 8 0
507 364 520 549 0 8 0
507 372 517 546 0 0 0
507 372 514 543 0 -8 0
507 364 511 540 0 8 0
507 372 508 537 0 -8 0
507 364 505 534 0 8 0
507 372 502 531 0 8 0
507 380 499 528 0 0 0
507 380 496 525 0 8 0
507 388 493 522 0 0 0
507 388 490 519 0 0 0
507 388 487 516 0 8 0
507 396 484 513 0 0 0
507 396 481 510 0 -8 0
507 388 478 507 0 0 0
507 388 475 504 0 0 0
507 388 472 501 0 8 0
507 396 469 498 0 0 0
507 396 466 495 0 0 0
507 396 463 492 0 0 0
507 396 460 489 0 -8 0
507 388 457 486 0 -8 0
507 380 454 483 0 8 0
507 388 451 480 0 0 0
507 388 448 477 0 0 0
507 388 445 474 0 0 0
507 388 442 471 0 0 0
507 388 439 468 0 -8 0
507 380 436 465 0 0 0
507 380 433 462 0 0 0
507 380 430 459 0 8 0
507 388 427 456 -8 0 0
499 388 424 453 0 -8 0
499 380 421 450 0 -8 0
499 372 418 447 -8 0 0
491 372 415 444 0 0 0
491 372 412 441 0 0 0
491 372 409 438 -8 8 0
483 380 406 435 0 0 0
483 380 403 432 -8 -8 0
475 372 400 429 0 8 0
475 380 397 426 0 0 0
475 380 394 423 -8 8 0
467 388 391 420 0 -8 0
467 380 388 417 0 0 0
467 380 385 414 -8 -8 0
459 372 382 411 0 0 0
459 372 379 408 -8 8 0
451 380 376 405 0 -8 0
451 372 373 402 0 8 0
451 380 370 399 -8 -8 0
443 372 367 396 0 8 0
443 380 364 393 0 0 0
443 380 361 390 -8 8 0
435 388 358 387 0 8 0
435 396 355 384 -8 8 0
427 404 352 381 0 8 0
427 412 349 378 0 -8 0
427 404 346 375 -8 8 0
419 412 343 372 0 8 0
419 420 340 369 0 -8 0
419 412 337 366 -8 0 0
411 412 334 363 0 -8 0
411 404 331 360 -8 8 0
403 412 328 357 0 -8 0
403 404 325 354 0 0 0
403 404 322 351 -8 -8 0
395 396 319 348 0 8 0
395 404 316 345 0 -8 0
395 396 313 342 -8 8 0
387 404 310 339 0 0 0
387 404 307 336 -8 -8 0
379 396 304 333 0 8 0
379 404 301 330 0 0 0
379 404 298 327 -8 8 0
371 412 295 324 0 8 0
371 420 292 321 0 8 0
371 428 289 318 -8 0 0
363 428 286 315 0 0 0
363 428 283 312 -8 0 0
355 428 280 309 0 8 0
355 436 277 306 0 8 0
355 444 274 303 -8 -8 0
347 436 271 300 0 8 0
347 444 268 297 0 8 0
347 452 265 294 -8 8 0
339 460 262 291 0 -8 0
339 452 259 288 -8 -8 0
331 444 256 285 0 0 0
331 444 253 282 0 8 0
331 452 250 279 -8 0 0
323 452 247 276 0 -8 0
323 444 244 273 0 -8 0
323 436 241 270 -8 8 0
315 444 238 267 0 0 0
315 444 235 264 -8 -8 0
307 436 232 261 0 8 0
307 444 229 258 0 8 0
307 452 226 255 -8 8 0
299 460 223 252 0 0 0
299 460 220 249 0 -8 0
299 452 217 246 -8 0 0
291 452 214 243 0 0 0
291 452 211 240 -8 -8 0
283 444 208 237 0 -8 0
283 436 205 234 0 8 0
283 444 202 231 -8 0 0
275 444 199 228 0 8 0
275 452 196 225 0 0 0
275 452 193 222 -8 -8 0
267 444 190 219 0 -8 0
267 436 187 216 -8 -8 0
259 428 184 213 0 -8 0
259 420 181 210 0 0 0
259 420 178 207 -8 8 0
251 428 175 204 0 8 0
251 436 172 201 0 8 0
251 444 169 198 -8 0 0
243 444 166 195 0 8 0
243 452 163 192 -8 8 0
235 460 160 189 0 0 0
235 460 157 186 0 0 0
235 460 154 183 -8 -8 0
227 452 151 180 0 -8 0
227 444 148 177 0 8 0
227 452 145 174 -8 -8 0
219 444 142 171 0 -8 0
219 436 139 168 -8 -8 0
211 428 136 165 0 0 0
211 428 133 162 0 -8 0
211 420 130 159 -8 8 0
203 428 127 156 0 8 0
203 436 124 153 0 8 0
203 444 121 150 -8 0 0
195 444 118 147 0 0 0
195 444 115 144 -8 8 0
187 452 112 141 0 0 0
187 452 109 138 0 -8 0
187 444 106 135 -8 -8 0
179 436 103 132 0 -8 0
179 428 100 129 0 8 0
179 436 97 126 -8 -8 0
171 428 94 123 0 0 0
171 428 91 120 -8 0 0
163 428 88 117 0 -8 0
163 420 85 114 0 0 0
163 420 82 111 -8 0 0
155 420 79 108 0 0 0
155 420 76 105 0 0 0
155 420 73 102 -8 -8 0
147 412 70 99 0 0 0
147 412 67 96 -8 0 0
139 412 64 93 0 8 0
139 420 61 90 0 0 0
139 420 58 87 -8 0 0
131 420 55 84 0 0 0
131 420 52 81 0 0 0
131 420 49 78 -8 0 0
123 420 46 75 0 8 0
123 428 43 72 -8 0 0
115 428 40 69 0 0 0
115 428 37 66 0 -8 0
115 420 34 63 -8 8 0
107 428 31 60 0 8 0
107 436 28 57 0 8 0
107 444 25 54 -8 8 0
99 452 22 51 0 -8 0
99 444 19 48 0 0 1
99 444 19 48 0 0 1
99 444 19 48 0 0 1
99 444 19 48 0 0 1
99 444 19 48 0 0 1
