538 526 292 348 0 0 0
538 526 295 351 -8 0 0
530 526 298 354 -8 8 0
522 534 301 357 -8 8 0
514 540 304 360 -8 0 0
506 540 307 363 -8 -8 0
498 532 310 366 -8 -8 0
490 524 313 369 -8 0 0
482 524 316 372 -8 -8 0
474 516 319 375 -8 -8 0
466 508 322 378 -8 0 0
458 508 325 381 -8 0 0
450 508 328 384 -8 8 0
442 516 331 387 -8 0 0
434 516 334 390 0 8 0
434 524 337 393 0 0 0
434 524 340 396 0 0 0
434 524 343 399 0 8 0
434 532 346 402 0 0 0
434 532 349 405 0 -8 0
434 524 352 408 0 0 0
434 524 355 411 0 0 0
434 524 358 414 0 -8 0
434 516 361 417 0 0 0
434 516 364 420 0 0 0
434 516 367 423 0 8 0
434 524 370 426 0 -8 0
434 516 373 429 0 0 0
434 516 376 432 0 8 0
434 524 379 435 0 8 0
434 532 382 438 0 8 0
434 540 385 441 0 8 0
434 540 388 444 0 0 0
434 540 391 447 0 8 0
434 540 394 450 0 -8 0
434 532 397 453 0 8 0
434 540 400 456 0 8 0
434 540 403 459 0 0 0
434 540 406 462 0 -8 0
434 532 409 465 0 8 0
434 540 412 468 0 -8 0
434 532 415 471 0 0 0
434 532 418 474 0 8 0
434 540 421 477 0 8 0
434 540 424 480 0 0 0
434 540 427 483 0 0 0
434 540 430 486 8 -8 0
442 532 433 489 0 8 0
442 540 436 492 0 -8 0
442 532 439 495 8 -8 0
450 524 442 498 0 0 0
450 524 445 501 8 8 0
458 532 448 504 0 8 0
458 540 451 507 0 -8 0
458 532 454 510 8 8 0
466 540 457 513 0 0 0
466 540 460 516 0 -8 0
466 532 463 519 8 8 0
474 540 466 522 0 -8 0
474 532 469 525 8 0 0
482 532 472 528 0 -8 0
482 524 475 531 0 0 0
482 524 478 534 8 8 0
490 532 481 537 0 8 0
490 540 484 540 0 -8 0
490 532 487 543 8 0 0
498 532 490 546 0 -8 0
498 524 493 549 8 -8 0
506 516 496 552 0 8 0
506 524 499 555 0 8 0
506 532 502 558 8 -8 0
514 524 505 561 0 0 0
514 524 508 564 0 8 0
514 532 511 567 8 -8 0
522 524 514 570 0 0 0
522 524 517 573 8 -8 0
530 516 520 576 0 0 0
530 516 523 579 0 0 0
530 516 526 582 8 0 0
538 516 529 585 0 8 0
538 524 532 588 0 8 0
538 532 535 591 8 -8 0
540 524 538 588 0 0 0
540 524 541 585 0 8 0
540 532 544 582 0 -8 0
540 524 547 579 0 8 0
540 532 550 576 0 8 0
540 540 553 573 0 -8 0
540 532 556 570 0 0 0
540 532 559 567 0 -8 0
540 524 562 564 0 8 0
540 532 565 561 0 -8 0
540 524 568 558 0 8 0
540 532 571 555 0 -8 0
540 524 574 552 0 8 0
540 532 577 549 0 -8 0
540 524 580 546 0 -8 0
540 516 583 543 0 0 0
540 516 586 540 0 -8 0
540 508 589 537 0 8 0
540 516 592 534 0 8 0
540 524 595 531 0 0 0
540 524 598 528 0 0 0
540 524 601 525 0 0 0
540 524 604 522 0 8 0
540 532 607 519 0 8 0
540 540 610 516 0 8 0
540 540 613 513 0 8 0
540 540 616 510 0 -8 0
540 532 619 507 0 8 0
540 540 622 504 0 -8 0
540 532 625 501 0 -8 0
540 524 628 498 0 8 0
540 532 631 495 0 8 0
540 540 634 492 0 8 0
540 540 637 489 -8 0 0
532 540 640 486 0 0 0
532 540 643 483 0 0 0
532 540 646 480 -8 -8 0
524 532 649 477 0 0 0
524 532 652 474 0 8 0
524 540 655 471 -8 8 0
516 540 658 468 0 0 0
516 540 661 465 -8 0 0
508 540 664 462 0 -8 0
508 532 667 459 0 -8 0
508 524 670 456 -8 8 0
500 532 673 453 0 8 0
500 540 676 450 0 0 0
500 540 679 447 -8 -8 0
492 532 682 444 0 -8 0
492 524 685 441 -8 0 0
484 524 688 438 0 -8 0
484 516 691 435 0 0 0
484 516 694 432 -8 8 0
476 524 697 429 0 -8 0
476 516 700 426 0 -8 0
476 508 703 423 -8 8 0
468 516 706 420 0 -8 0
468 508 709 417 -8 -8 0
460 500 712 414 0 -8 0
460 492 715 411 0 -8 0
460 484 718 408 -8 8 0
452 492 721 405 0 0 0
452 492 724 402 0 -8 0
452 484 727 399 -8 0 0
444 484 730 396 0 0 0
444 484 733 393 -8 -8 0
436 476 736 390 0 0 0
436 476 739 387 0 8 0
436 484 742 384 -8 8 0
428 492 745 381 0 0 0
428 492 748 378 0 0 0
428 492 751 375 -8 -8 0
420 484 754 372 0 0 0
420 484 757 369 -8 0 0
412 484 760 366 0 8 0
412 492 763 363 0 8 0
412 500 766 360 -8 0 0
404 500 769 357 0 -8 0
404 492 772 354 0 8 0
404 500 775 351 -8 8 0
396 508 778 348 0 0 0
396 508 781 345 0 0 1
396 508 781 345 0 0 1
396 508 781 345 0 0 1
396 508 781 345 0 0 1
396 508 781 345 0 0 1
