510 498 532 207 0 0 0
510 498 529 210 -8 8 0
502 506 526 213 -8 0 0
494 506 523 216 -8 8 0
486 514 520 219 -8 -8 0
478 506 517 222 -8 -8 0
470 498 514 225 -8 8 0
462 506 511 228 -8 -8 0
454 498 508 231 -8 8 0
446 506 505 234 -8 -8 0
438 498 502 237 -8 -8 0
430 490 499 240 -8 8 0
422 498 496 243 -8 0 0
414 498 493 246 -8 0 0
406 498 490 249 -8 8 0
398 506 487 252 -8 8 0
390 514 484 255 -8 -8 0
382 506 481 258 -8 8 0
374 514 478 261 -8 -8 0
366 506 475 264 -8 0 0
358 506 472 267 -8 -8 0
350 498 469 270 -8 0 0
342 498 466 273 -8 -8 0
334 490 463 276 -8 0 0
326 490 460 279 0 -8 0
326 482 457 282 0 8 0
326 490 454 285 0 -8 0
326 482 451 288 0 0 0
326 482 448 291 0 -8 0
326 474 445 294 0 8 0
326 482 442 297 0 0 0
326 482 439 300 0 8 0
326 490 436 303 0 8 0
326 498 433 306 0 0 0
326 498 430 309 0 -8 0
326 490 427 312 0 0 0
326 490 424 315 0 -8 0
326 482 421 318 0 0 0
326 482 418 321 0 0 0
326 482 415 324 0 8 0
326 490 412 327 0 -8 0
326 482 409 330 0 -8 0
326 474 406 333 0 -8 0
326 466 403 336 0 -8 0
326 458 400 339 0 -8 0
326 450 397 342 0 0 0
326 450 394 345 0 -8 0
326 442 391 348 0 0 0
326 442 388 351 0 8 0
326 450 385 354 0 -8 0
326 442 382 357 0 8 0
326 450 379 360 0 8 0
326 458 376 363 0 -8 0
326 450 373 366 0 0 0
326 450 370 369 0 0 0
326 450 367 372 0 8 0
326 458 364 375 0 0 0
326 458 361 378 8 8 0
334 466 358 381 0 0 0
334 466 355 384 0 8 0
334 474 352 387 8 -8 0
342 466 349 390 0 -8 0
342 458 346 393 8 8 0
350 466 343 396 0 -8 0
350 458 340 399 0 8 0
350 466 337 402 8 -8 0
358 458 334 405 0 0 0
358 458 331 408 0 0 0
358 458 328 411 8 -8 0
366 450 325 414 0 8 0
366 458 322 417 8 8 0
374 466 319 420 0 8 0
374 474 316 423 0 8 0
374 482 313 426 8 -8 0
382 474 310 429 0 0 0
382 474 307 432 0 -8 0
382 466 304 435 8 0 0
390 466 301 438 0 0 0
390 466 298 441 8 0 0
398 466 295 444 0 0 0
398 466 292 447 0 0 0
398 466 289 450 8 8 0
406 474 286 453 0 -8 0
406 466 283 456 0 8 0
406 474 280 459 8 8 0
414 482 277 462 0 8 0
414 490 274 465 8 0 0
422 490 271 468 0 0 0
422 490 268 471 0 -8 0
422 482 265 474 8 8 0
430 490 262 477 0 8 0
430 498 259 480 0 8 0
430 506 256 483 8 -8 0
438 498 253 486 0 0 0
438 498 250 489 8 -8 0
446 490 247 492 0 8 0
446 498 244 495 0 0 0
446 498 241 498 8 -8 0
454 490 238 501 0 8 0
454 498 235 504 0 8 0
454 506 232 507 8 8 0
462 514 229 510 0 -8 0
462 506 226 513 8 0 0
470 506 223 516 0 8 0
470 514 220 519 0 0 0
470 514 217 522 8 0 0
478 514 214 525 0 -8 0
478 506 211 528 0 8 0
478 514 208 531 8 -8 0
486 506 205 534 0 0 0
486 506 202 537 8 8 0
494 514 199 540 0 8 0
494 522 196 543 0 0 0
494 522 193 546 8 0 0
502 522 190 549 0 8 0
502 530 187 552 0 0 0
502 530 184 555 8 8 0
510 538 181 558 0 8 0
510 540 178 561 8 8 0
518 540 175 564 0 8 0
518 540 172 567 0 -8 0
518 532 169 570 8 8 0
526 540 166 573 0 -8 0
526 532 163 576 0 -8 0
526 524 160 579 8 -8 0
534 516 157 582 0 0 0
534 516 154 585 8 0 0
540 516 151 588 0 -8 0
540 508 148 591 8 8 0
540 516 145 588 0 -8 0
540 508 142 585 0 8 0
540 516 139 582 0 0 0
540 516 136 579 0 -8 0
540 508 133 576 0 -8 0
540 500 130 573 0 -8 0
540 492 127 570 0 8 0
540 500 124 567 0 0 0
540 500 121 564 0 8 0
540 508 118 561 0 0 0
540 508 115 558 0 0 0
540 508 112 555 0 8 0
540 516 109 552 0 0 0
540 516 106 549 0 8 0
540 524 103 546 0 -8 0
540 516 100 543 0 -8 0
540 508 97 540 0 -8 0
540 500 94 537 0 8 0
540 508 91 534 0 -8 0
540 500 88 531 0 0 0
540 500 85 528 0 0 0
540 500 82 525 0 8 0
540 508 79 522 0 0 0
540 508 76 519 0 8 0
540 516 73 516 0 -8 0
540 508 70 513 0 8 0
540 516 67 510 0 -8 0
540 508 64 507 0 8 0
540 516 61 504 0 8 0
540 524 58 501 0 8 0
540 532 55 498 0 8 0
540 540 52 495 0 -8 0
540 532 49 492 0 8 0
540 540 46 489 -8 -8 0
532 532 43 486 0 -8 0
532 524 40 483 0 8 0
532 532 37 480 -8 0 0
524 532 34 477 0 -8 0
524 524 31 474 0 0 0
524 524 28 471 -8 0 0
516 524 25 468 0 8 0
516 532 22 465 -8 -8 0
508 524 19 462 0 -8 0
508 516 22 459 0 0 0
508 516 25 456 -8 0 0
500 516 28 453 0 -8 0
500 508 31 450 0 0 0
500 508 34 447 -8 0 0
492 508 37 444 0 8 0
492 516 40 441 -8 -8 0
484 508 43 438 0 8 0
484 516 46 435 0 8 0
484 524 49 432 -8 8 0
476 532 52 429 0 8 0
476 540 55 426 0 8 0
476 540 58 423 -8 0 0
468 540 61 420 0 8 0
468 540 64 417 -8 0 0
460 540 67 414 0 -8 0
460 532 70 411 0 0 0
460 532 73 408 -8 8 0
452 540 76 405 0 0 0
452 540 79 402 0 -8 0
452 532 82 399 -8 0 0
444 532 85 396 0 0 0
444 532 88 393 -8 8 0
436 540 91 390 0 0 0
436 540 94 387 0 -8 0
436 532 97 384 -8 0 0
428 532 100 381 0 8 0
428 540 103 378 0 0 0
428 540 106 375 -8 0 0
420 540 109 372 0 -8 0
420 532 112 369 -8 8 0
412 540 115 366 0 -8 0
412 532 118 363 0 8 0
412 540 121 360 -8 -8 0
404 532 124 357 0 8 0
404 540 127 354 0 8 0
404 540 130 351 -8 -8 0
396 532 133 348 0 -8 0
396 524 136 345 -8 -8 0
388 516 139 342 0 0 0
388 516 142 339 0 0 0
388 516 145 336 -8 0 0
380 516 148 333 0 0 0
380 516 151 330 0 8 0
380 524 154 327 -8 -8 0
372 516 157 324 0 -8 0
372 508 160 321 -8 0 0
364 508 163 318 0 -8 0
364 500 166 315 0 0 0
364 500 169 312 -8 -8 0
356 492 172 309 0 8 0
356 500 175 306 0 8 0
356 508 178 303 -8 8 0
348 516 181 300 0 8 0
348 524 184 297 -8 0 0
340 524 187 294 0 8 0
340 532 190 291 0 0 0
340 532 193 288 -8 0 0
332 532 196 285 0 8 0
332 540 199 282 0 0 0
332 540 202 279 -8 0 0
324 540 205 276 0 0 0
324 540 208 273 -8 0 0
316 540 211 270 0 -8 0
316 532 214 267 0 0 0
316 532 217 264 -8 0 0
308 532 220 261 0 -8 0
308 524 223 258 0 0 0
308 524 226 255 -8 -8 0
300 516 229 252 0 0 0
300 516 232 249 -8 8 0
292 524 235 246 0 -8 0
292 516 238 243 0 0 0
292 516 241 240 -8 0 0
284 516 244 237 0 0 0
284 516 247 234 0 8 0
284 524 250 231 -8 8 0
276 532 253 228 0 -8 0
276 524 256 225 -8 8 0
268 532 259 222 0 0 0
268 532 262 219 0 -8 0
268 524 265 216 -8 0 0
260 524 268 213 0 -8 0
260 516 271 210 0 -8 0
260 508 274 207 -8 -8 0
252 500 277 204 0 8 0
252 508 280 201 -8 0 0
244 508 283 198 0 -8 0
244 500 286 195 0 -8 0
244 492 289 192 -8 8 0
236 500 292 189 0 8 0
236 508 295 186 0 8 0
236 516 298 183 -8 8 0
228 524 301 180 0 8 0
228 532 304 177 -8 -8 0
220 524 307 174 0 -8 0
220 516 310 171 0 -8 0
220 508 313 168 -8 -8 0
212 500 316 165 0 -8 0
212 492 319 162 0 -8 0
212 484 322 159 -8 0 0
204 484 325 156 0 -8 0
204 476 328 153 -8 8 0
196 484 331 150 0 -8 0
196 476 334 147 0 8 0
196 484 337 144 -8 0 0
188 484 340 141 0 8 0
188 492 343 138 0 -8 0
188 484 346 135 -8 -8 0
180 476 349 132 0 0 0
180 476 352 129 -8 0 0
172 476 355 126 0 -8 0
172 468 358 123 0 0 0
172 468 361 120 -8 8 0
164 476 364 117 0 8 0
164 484 367 114 0 8 0
164 492 370 111 -8 0 0
156 492 373 108 0 -8 0
156 484 376 105 -8 8 0
148 492 379 102 0 0 0
148 492 382 99 0 0 0
148 492 385 96 -8 -8 0
140 484 388 93 0 0 0
140 484 391 90 0 0 0
140 484 394 87 -8 8 0
132 492 397 84 0 0 0
132 492 400 81 -8 0 0
124 492 403 78 0 0 0
124 492 406 75 0 -8 0
124 484 409 72 -8 8 0
116 492 412 69 0 -8 0
116 484 415 66 0 8 0
116 492 418 63 -8 -8 0
108 484 421 60 0 -8 0
108 476 424 57 -8 -8 0
100 468 427 54 0 0 0
100 468 430 51 0 -8 0
100 460 433 48 -8 -8 0
92 452 436 45 0 -8 0
92 444 439 42 0 8 0
92 452 442 39 -8 8 0
84 460 445 36 0 -8 0
84 452 448 33 -8 -8 0
76 444 451 30 0 -8 0
76 436 454 27 0 -8 0
76 428 457 24 -8 8 0
68 436 460 21 0 -8 0
68 428 463 18 0 -8 0
68 420 466 15 -8 -8 0
60 412 469 12 0 -8 0
60 404 472 9 -8 -8 0
60 396 475 12 0 -8 0
60 388 478 15 0 0 0
60 388 481 18 0 8 0
60 396 484 21 0 0 0
60 396 487 24 0 8 0
60 404 490 27 0 0 0
60 404 493 30 0 -8 0
60 396 496 33 0 8 0
60 404 499 36 0 -8 0
60 396 502 39 0 8 0
60 404 505 42 0 -8 0
60 396 508 45 0 8 0
60 404 511 48 0 0 0
60 404 514 51 0 -8 0
60 396 517 54 0 -8 0
60 388 520 57 0 8 0
60 396 523 60 0 0 0
60 396 526 63 0 8 0
60 404 529 66 0 8 0
60 412 532 69 0 -8 0
60 404 535 72 0 0 0
60 404 538 75 0 -8 0
60 396 541 78 0 -8 0
60 388 544 81 0 0 0
60 388 547 84 0 -8 0
60 380 550 87 0 0 0
60 380 553 90 0 8 0
60 388 556 93 0 8 0
60 396 559 96 0 0 0
60 396 562 99 0 0 0
60 396 565 102 0 8 0
60 404 568 105 0 0 0
60 404 571 108 0 0 0
60 404 574 111 8 0 0
68 404 577 114 0 -8 0
68 396 580 117 0 0 0
68 396 583 120 8 -8 0
76 388 586 123 0 -8 0
76 380 589 126 0 -8 0
76 372 592 129 8 0 0
84 372 595 132 0 -8 0
84 364 598 135 8 8 0
92 372 601 138 0 0 0
92 372 604 141 0 0 0
92 372 607 144 8 8 0
100 380 610 147 0 0 0
100 380 613 150 0 0 0
100 380 616 153 8 0 0
108 380 619 156 0 -8 0
108 372 622 159 8 8 0
116 380 625 162 0 0 0
116 380 628 165 0 8 0
116 388 631 168 8 0 0
124 388 634 171 0 -8 0
124 380 637 174 0 8 0
124 388 640 177 8 -8 0
132 380 643 180 0 -8 0
132 372 646 183 8 8 0
140 380 649 186 0 8 0
140 388 652 189 0 0 0
140 388 655 192 8 -8 0
148 380 658 195 0 8 0
148 388 661 198 0 -8 0
148 380 664 201 8 0 0
156 380 667 204 0 8 0
156 388 670 207 8 8 0
164 396 673 210 0 0 0
164 396 676 213 0 8 0
164 404 679 216 8 -8 0
172 396 682 219 0 8 0
172 404 685 222 0 -8 0
172 396 688 225 8 -8 0
180 388 691 228 0 8 0
180 396 694 231 8 0 0
188 396 697 234 0 0 0
188 396 700 237 0 8 0
188 404 703 240 8 0 0
196 404 706 243 0 0 0
196 404 709 246 0 -8 0
196 396 712 249 8 0 0
204 396 715 252 0 0 0
204 396 718 255 8 8 0
212 404 721 258 0 -8 0
212 396 724 261 0 -8 0
212 388 727 264 8 8 0
220 396 730 267 0 0 0
220 396 733 270 0 -8 0
220 388 736 273 8 8 0
228 396 739 276 0 -8 0
228 388 742 279 8 8 0
236 396 745 282 0 -8 0
236 388 748 285 0 0 0
236 388 751 288 8 -8 0
244 380 754 291 0 0 0
244 380 757 294 0 8 0
244 388 760 297 8 0 0
252 388 763 300 0 8 0
252 396 766 303 8 0 0
260 396 769 306 0 8 0
260 404 772 309 0 8 0
260 412 775 312 8 -8 0
268 404 778 315 0 0 0
268 404 781 318 0 0 1
268 404 781 318 0 0 1
268 404 781 318 0 0 1
268 404 781 318 0 0 1
268 404 781 318 0 0 1
