243 217 484 330 0 0 0
243 217 487 327 8 8 0
251 225 490 324 8 -8 0
259 217 493 321 8 8 0
267 225 496 318 8 -8 0
275 217 499 315 0 0 0
275 217 502 312 0 0 0
275 217 505 309 0 8 0
275 225 508 306 0 -8 0
275 217 511 303 0 0 0
275 217 514 300 0 0 0
275 217 517 297 0 8 0
275 225 520 294 0 8 0
275 233 523 291 0 -8 0
275 225 526 288 0 8 0
275 233 529 285 0 0 0
275 233 532 282 0 8 0
275 241 535 279 0 8 0
275 249 538 276 0 8 0
275 257 541 273 0 0 0
275 257 544 270 0 -8 0
275 249 547 267 0 8 0
275 257 550 264 0 -8 0
275 249 553 261 0 -8 0
275 241 556 258 0 -8 0
275 233 559 255 0 -8 0
275 225 562 252 0 0 0
275 225 565 249 0 0 0
275 225 568 246 0 -8 0
275 217 571 243 0 8 0
275 225 574 240 0 0 0
275 225 577 237 0 -8 0
275 217 580 234 0 0 0
275 217 583 231 0 8 0
275 225 586 228 0 8 0
275 233 589 225 0 8 0
275 241 592 222 -8 0 0
267 241 595 219 0 8 0
267 249 598 216 -8 8 0
259 257 601 213 0 -8 0
259 249 604 210 0 -8 0
259 241 607 207 -8 0 0
251 241 610 204 0 -8 0
251 233 613 201 0 0 0
251 233 616 198 -8 -8 0
243 225 619 195 0 0 0
243 225 622 192 -8 -8 0
235 217 625 189 0 8 0
235 225 628 186 0 0 0
235 225 631 183 -8 -8 0
227 217 634 180 0 -8 0
227 209 637 177 0 8 0
227 217 640 174 -8 0 0
219 217 643 171 0 0 0
219 217 646 168 -8 -8 0
211 209 649 165 0 8 0
211 217 652 162 0 8 0
211 225 655 159 -8 8 0
203 233 658 156 0 0 0
203 233 661 153 0 0 0
203 233 664 150 -8 0 0
195 233 667 147 0 8 0
195 241 670 144 -8 0 0
187 241 673 141 0 8 0
187 249 676 138 0 0 0
187 249 679 135 -8 8 0
179 257 682 132 0 0 0
179 257 685 129 0 0 0
179 257 688 126 -8 0 0
171 257 691 123 0 -8 0
171 249 694 120 -8 0 0
163 249 697 117 0 0 0
163 249 700 114 0 0 0
163 249 703 111 -8 8 0
155 257 706 108 0 -8 0
155 249 709 105 0 -8 0
155 241 712 102 -8 -8 0
147 233 715 99 0 8 0
147 241 718 96 -8 0 0
139 241 721 93 0 0 0
139 241 724 90 0 0 0
139 241 727 87 -8 0 0
131 241 730 84 0 -8 0
131 233 733 81 0 -8 0
131 225 736 78 -8 8 0
123 233 739 75 0 8 0
123 241 742 72 -8 8 0
115 249 745 69 0 0 0
115 249 748 66 0 0 0
115 249 751 63 -8 8 0
107 257 754 60 0 8 0
107 265 757 57 0 -8 0
107 257 760 54 -8 -8 0
99 249 763 51 0 -8 0
99 241 766 48 -8 0 0
91 241 769 45 0 0 0
91 241 772 42 0 -8 0
91 233 775 39 -8 0 0
83 233 778 36 0 0 0
83 233 781 33 0 0 1
83 233 781 33 0 0 1
83 233 781 33 0 0 1
83 233 781 33 0 0 1
83 233 781 33 0 0 1
