327 170 415 186 0 0 0
327 170 418 183 -8 8 0
319 178 421 180 -8 8 0
311 186 424 177 -8 8 0
303 194 427 174 -8 8 0
295 202 430 171 -8 8 0
287 210 433 168 -8 8 0
279 218 436 165 -8 0 0
271 218 439 162 -8 -8 0
263 210 442 159 -8 -8 0
255 202 445 156 -8 0 0
247 202 448 153 -8 8 0
239 210 451 150 -8 8 0
231 218 454 147 -8 -8 0
223 210 457 144 -8 0 0
215 210 460 141 -8 0 0
207 210 463 138 -8 0 0
199 210 466 135 -8 -8 0
191 202 469 132 -8 0 0
183 202 472 129 -8 8 0
175 210 475 126 0 8 0
175 218 478 123 -8 -8 0
167 210 481 120 0 8 0
167 218 484 117 0 0 0
167 218 487 114 -8 8 0
159 226 490 111 0 8 0
159 234 493 108 -8 8 0
151 242 496 105 0 0 0
151 242 499 102 0 -8 0
151 234 502 99 -8 0 0
143 234 505 96 0 0 0
143 234 508 93 0 8 0
143 242 511 90 -8 8 0
135 250 514 87 0 -8 0
135 242 517 84 -8 -8 0
127 234 520 81 0 0 0
127 234 523 78 0 -8 0
127 226 526 75 -8 8 0
119 234 529 72 0 -8 0
119 226 532 69 0 0 0
119 226 535 66 -8 8 0
111 234 538 63 0 0 0
111 234 541 60 -8 8 0
103 242 544 57 0 -8 0
103 234 547 54 0 8 0
103 242 550 51 -8 -8 0
95 234 553 48 0 8 0
95 242 556 45 0 8 0
95 250 559 42 -8 8 0
87 258 562 39 0 -8 0
87 250 565 36 -8 0 0
79 250 568 33 0 8 0
79 258 571 30 0 -8 0
79 250 574 27 -8 8 0
71 258 577 24 0 0 0
71 258 580 21 0 8 0
71 266 583 18 -8 -8 0
63 258 586 15 0 -8 0
63 250 589 12 -8 8 0
60 258 592 9 -8 0 0
60 258 595 12 0 0 0
60 258 598 15 0 0 0
60 258 601 18 0 -8 0
60 250 604 21 0 8 0
60 258 607 24 0 -8 0
60 250 610 27 0 -8 0
60 242 613 30 0 8 0
60 250 616 33 0 8 0
60 258 619 36 0 8 0
60 266 622 39 0 -8 0
60 258 625 42 0 0 0
60 258 628 45 0 -8 0
60 250 631 48 0 -8 0
60 242 634 51 0 -8 0
60 234 637 54 0 8 0
60 242 640 57 0 -8 0
60 234 643 60 0 8 0
60 242 646 63 0 8 0
60 250 649 66 0 -8 0
60 242 652 69 0 0 0
60 242 655 72 0 -8 0
60 234 658 75 0 0 0
60 234 661 78 0 0 0
60 234 664 81 0 8 0
60 242 667 84 0 -8 0
60 234 670 87 0 0 0
60 234 673 90 0 8 0
60 242 676 93 0 -8 0
60 234 679 96 0 0 0
60 234 682 99 0 8 0
60 242 685 102 0 0 0
60 242 688 105 0 8 0
60 250 691 108 0 0 0
60 250 694 111 8 -8 0
68 242 697 114 0 8 0
68 250 700 117 0 0 0
68 250 703 120 8 -8 0
76 242 706 123 0 8 0
76 250 709 126 0 0 0
76 250 712 129 8 0 0
84 250 715 132 0 8 0
84 258 718 135 8 -8 0
92 250 721 138 0 8 0
92 258 724 141 0 0 0
92 258 727 144 8 0 0
100 258 730 147 0 0 0
100 258 733 150 0 8 0
100 266 736 153 8 0 0
108 266 739 156 0 0 0
108 266 742 159 8 0 0
116 266 745 162 0 -8 0
116 258 748 165 0 8 0
116 266 751 168 8 0 0
124 266 754 171 0 8 0
124 274 757 174 0 0 0
124 274 760 177 8 8 0
132 282 763 180 0 0 0
132 282 766 183 8 -8 0
140 274 769 186 0 -8 0
140 266 772 189 0 -8 0
140 258 775 192 8 0 0
148 258 778 195 0 -8 0
148 250 781 198 0 0 1
148 250 781 198 0 0 1
148 250 781 198 0 0 1
148 250 781 198 0 0 1
148 250 781 198 0 0 1
