82 278 697 363 0 0 0
82 278 694 360 8 0 0
90 278 691 357 8 8 0
98 286 688 354 8 -8 0
106 278 685 351 8 0 0
114 278 682 348 8 8 0
122 286 679 345 8 0 0
130 286 676 342 8 0 0
138 286 673 339 8 8 0
146 294 670 336 8 8 0
154 302 667 333 8 8 0
162 310 664 330 8 -8 0
170 302 661 327 8 -8 0
178 294 658 324 8 8 0
186 302 655 321 8 0 0
194 302 652 318 8 -8 0
202 294 649 315 8 0 0
210 294 646 312 8 8 0
218 302 643 309 8 0 0
226 302 640 306 8 0 0
234 302 637 303 8 -8 0
242 294 634 300 8 8 0
250 302 631 297 0 -8 0
250 294 628 294 0 -8 0
250 286 625 291 0 0 0
250 286 622 288 0 0 0
250 286 619 285 0 -8 0
250 278 616 282 0 -8 0
250 270 613 279 0 0 0
250 270 610 276 0 0 0
250 270 607 273 0 8 0
250 278 604 270 0 8 0
250 286 601 267 0 8 0
250 294 598 264 0 0 0
250 294 595 261 0 -8 0
250 286 592 258 0 -8 0
250 278 589 255 0 -8 0
250 270 586 252 0 8 0
250 278 583 249 0 8 0
250 286 580 246 0 0 0
250 286 577 243 0 -8 0
250 278 574 240 0 8 0
250 286 571 237 0 8 0
250 294 568 234 0 -8 0
250 286 565 231 0 0 0
250 286 562 228 0 8 0
250 294 559 225 0 8 0
250 302 556 222 0 -8 0
250 294 553 219 0 -8 0
250 286 550 216 0 0 0
250 286 547 213 0 0 0
250 286 544 210 0 8 0
250 294 541 207 0 -8 0
250 286 538 204 0 8 0
250 294 535 201 0 -8 0
250 286 532 198 -8 -8 0
242 278 529 195 0 0 0
242 278 526 192 0 -8 0
242 270 523 189 -8 8 0
234 278 520 186 0 8 0
234 286 517 183 -8 8 0
226 294 514 180 0 -8 0
226 286 511 177 0 8 0
226 294 508 174 -8 0 0
218 294 505 171 0 -8 0
218 286 502 168 0 -8 0
218 278 499 165 -8 0 0
210 278 496 162 0 8 0
210 286 493 159 -8 8 0
202 294 490 156 0 0 0
202 294 487 153 0 0 0
202 294 484 150 -8 0 0
194 294 481 147 0 8 0
194 302 478 144 0 8 0
194 310 475 141 -8 0 0
186 310 472 138 0 8 0
186 318 469 135 -8 -8 0
178 310 466 132 0 0 0
178 310 463 129 0 -8 0
178 302 460 126 -8 -8 0
170 294 457 123 0 -8 0
170 286 454 120 0 -8 0
170 278 451 117 -8 8 0
162 286 448 114 0 0 0
162 286 445 111 -8 -8 0
154 278 442 108 0 8 0
154 286 439 105 0 8 0
154 294 436 102 -8 0 0
146 294 433 99 0 8 0
146 302 430 96 0 0 0
146 302 427 93 -8 8 0
138 310 424 90 0 8 0
138 318 421 87 -8 -8 0
130 310 418 84 0 0 0
130 310 415 81 0 -8 0
130 302 412 78 -8 8 0
122 310 409 75 0 8 0
122 318 406 72 0 0 0
122 318 403 69 -8 -8 0
114 310 400 66 0 0 0
114 310 397 63 -8 -8 0
106 302 394 60 0 -8 0
106 294 391 57 0 0 0
106 294 388 54 -8 -8 0
98 286 385 51 0 8 0
98 294 382 48 0 8 0
98 302 379 45 -8 -8 0
90 294 376 42 0 8 0
90 302 373 39 -8 -8 0
82 294 370 36 0 -8 0
82 286 367 33 0 0 0
82 286 364 30 -8 8 0
74 294 361 27 0 0 0
74 294 358 24 0 0 0
74 294 355 21 -8 -8 0
66 286 352 18 0 8 0
66 294 349 15 -8 8 0
60 302 346 12 0 -8 0
60 294 343 9 -8 8 0
60 302 340 12 0 0 0
60 302 337 15 0 -8 0
60 294 334 18 0 -8 0
60 286 331 21 0 8 0
60 294 328 24 0 8 0
60 302 325 27 0 -8 0
60 294 322 30 0 0 0
60 294 319 33 0 -8 0
60 286 316 36 0 -8 0
60 278 313 39 0 0 0
60 278 310 42 0 8 0
60 286 307 45 0 -8 0
60 278 304 48 0 -8 0
60 270 301 51 0 0 0
60 270 298 54 0 0 0
60 270 295 57 0 8 0
60 278 292 60 0 -8 0
60 270 289 63 0 8 0
60 278 286 66 0 8 0
60 286 283 69 0 -8 0
60 278 280 72 0 8 0
60 286 277 75 0 0 0
60 286 274 78 0 -8 0
60 278 271 81 0 8 0
60 286 268 84 0 0 0
60 286 265 87 0 8 0
60 294 262 90 0 8 0
60 302 259 93 0 8 0
60 310 256 96 0 -8 0
60 302 253 99 0 8 0
60 310 250 102 0 -8 0
60 302 247 105 0 8 0
60 310 244 108 0 8 0
60 318 241 111 8 0 0
68 318 238 114 0 0 0
68 318 235 117 0 0 0
68 318 232 120 8 0 0
76 318 229 123 0 8 0
76 326 226 126 0 -8 0
76 318 223 129 8 -8 0
84 310 220 132 0 -8 0
84 302 217 135 8 8 0
92 310 214 138 0 8 0
92 318 211 141 0 -8 0
92 310 208 144 8 0 0
100 310 205 147 0 0 0
100 310 202 150 0 -8 0
100 302 199 153 8 8 0
108 310 196 156 0 8 0
108 318 193 159 8 0 0
116 318 190 162 0 8 0
116 326 187 165 0 0 0
116 326 184 168 8 0 0
124 326 181 171 0 0 0
124 326 178 174 0 8 0
124 334 175 177 8 -8 0
132 326 172 180 0 -8 0
132 318 169 183 8 0 0
140 318 166 186 0 0 0
140 318 163 189 0 -8 0
140 310 160 192 8 0 0
148 310 157 195 0 0 0
148 310 154 198 0 0 0
148 310 151 201 8 8 0
156 318 148 204 0 8 0
156 326 145 207 8 -8 0
164 318 142 210 0 -8 0
164 310 139 213 0 -8 0
164 302 136 216 8 -8 0
172 294 133 219 0 0 0
172 294 130 222 0 8 0
172 302 127 225 8 -8 0
180 294 124 228 0 0 0
180 294 121 231 8 0 0
188 294 118 234 0 0 0
188 294 115 237 0 8 0
188 302 112 240 8 8 0
196 310 109 243 0 -8 0
196 302 106 246 0 8 0
196 310 103 249 8 -8 0
204 302 100 252 0 8 0
204 310 97 255 8 -8 0
212 302 94 258 0 -8 0
212 294 91 261 0 0 0
212 294 88 264 8 0 0
220 294 85 267 0 0 0
220 294 82 270 0 -8 0
220 286 79 273 8 8 0
228 294 76 276 0 8 0
228 302 73 279 8 0 0
236 302 70 282 0 8 0
236 310 67 285 0 -8 0
236 302 64 288 8 -8 0
244 294 61 291 0 -8 0
244 286 58 294 0 -8 0
244 278 55 297 8 -8 0
252 270 52 300 0 8 0
252 278 49 303 8 -8 0
260 270 46 306 0 0 0
260 270 43 309 0 0 0
260 270 40 312 8 8 0
268 278 37 315 0 0 0
268 278 34 318 0 -8 0
268 270 31 321 8 -8 0
276 262 28 324 0 -8 0
276 254 25 327 8 0 0
284 254 22 330 0 0 0
284 254 19 333 0 8 0
284 262 22 336 8 0 0
292 262 25 339 0 8 0
292 270 28 342 0 -8 0
292 262 31 345 8 -8 0
300 254 34 348 0 0 0
300 254 37 351 8 8 0
308 262 40 354 0 -8 0
308 254 43 357 0 -8 0
308 246 46 360 8 0 0
316 246 49 363 0 8 0
316 254 52 366 0 -8 0
316 246 55 369 8 -8 0
324 238 58 372 0 -8 0
324 230 61 375 8 8 0
332 238 64 378 0 8 0
332 246 67 381 0 -8 0
332 238 70 384 8 0 0
340 238 73 387 0 -8 0
340 230 76 390 0 0 0
340 230 79 393 8 8 0
348 238 82 396 0 -8 0
348 230 85 399 8 8 0
356 238 88 402 0 0 0
356 238 91 405 0 0 0
356 238 94 408 8 -8 0
364 230 97 411 0 0 0
364 230 100 414 0 8 0
364 238 103 417 8 8 0
372 246 106 420 0 -8 0
372 238 109 423 8 -8 0
380 230 112 426 0 -8 0
380 222 115 429 0 8 0
380 230 118 432 8 -8 0
388 222 121 435 0 0 0
388 222 124 438 0 -8 0
388 214 127 441 8 -8 0
396 206 130 444 0 8 0
396 214 133 447 8 -8 0
404 206 136 450 0 -8 0
404 198 139 453 0 8 0
404 206 142 456 8 0 0
412 206 145 459 0 0 0
412 206 148 462 0 -8 0
412 198 151 465 8 0 0
420 198 154 468 0 8 0
420 206 157 471 8 8 0
428 214 160 474 0 8 0
428 222 163 477 0 -8 0
428 214 166 480 8 0 0
436 214 169 483 0 0 0
436 214 172 486 0 -8 0
436 206 175 489 8 8 0
444 214 178 492 0 -8 0
444 206 181 495 8 0 0
452 206 184 498 0 -8 0
452 198 187 501 0 8 0
452 206 190 504 8 0 0
460 206 193 507 0 -8 0
460 198 196 510 0 8 0
460 206 199 513 8 0 0
468 206 202 516 0 8 0
468 214 205 519 8 8 0
476 222 208 522 0 -8 0
476 214 211 525 0 0 0
476 214 214 528 8 0 0
484 214 217 531 0 0 0
484 214 220 534 0 0 0
484 214 223 537 8 0 0
492 214 226 540 0 8 0
492 222 229 543 8 0 0
500 222 232 546 0 0 0
500 222 235 549 0 8 0
500 230 238 552 8 8 0
508 238 241 555 0 -8 0
508 230 244 558 0 8 0
508 238 247 561 8 0 0
516 238 250 564 0 0 0
516 238 253 567 8 0 0
524 238 256 570 0 0 0
524 238 259 573 0 0 0
524 238 262 576 8 0 0
532 238 265 579 0 0 0
532 238 268 582 0 8 0
532 246 271 585 8 0 0
540 246 274 588 0 8 0
540 254 277 591 8 8 0
540 262 280 588 0 -8 0
540 254 283 585 0 -8 0
540 246 286 582 0 -8 0
540 238 289 579 0 -8 0
540 230 292 576 0 -8 0
540 222 295 573 0 0 0
540 222 298 570 0 8 0
540 230 301 567 0 8 0
540 238 304 564 0 8 0
540 246 307 561 0 -8 0
540 238 310 558 0 0 0
540 238 313 555 0 8 0
540 246 316 552 0 8 0
540 254 319 549 0 8 0
540 262 322 546 0 8 0
540 270 325 543 0 0 0
540 270 328 540 0 -8 0
540 262 331 537 0 0 0
540 262 334 534 0 0 0
540 262 337 531 0 8 0
540 270 340 528 0 0 0
540 270 343 525 0 8 0
540 278 346 522 0 8 0
540 286 349 519 0 0 0
540 286 352 516 0 0 0
540 286 355 513 0 8 0
540 294 358 510 0 0 0
540 294 361 507 0 8 0
540 302 364 504 0 8 0
540 310 367 501 0 8 0
540 318 370 498 0 -8 0
540 310 373 495 0 0 0
540 310 376 492 0 -8 0
540 302 379 489 -8 8 0
532 310 382 486 0 0 0
532 310 385 483 0 0 0
532 310 388 480 -8 0 0
524 310 391 477 0 -8 0
524 302 394 474 0 0 0
524 302 397 471 -8 0 0
516 302 400 468 0 -8 0
516 294 403 465 -8 8 0
508 302 406 462 0 0 0
508 302 409 459 0 0 0
508 302 412 456 -8 0 0
500 302 415 453 0 0 0
500 302 418 450 0 8 0
500 310 421 447 -8 8 0
492 318 424 444 0 -8 0
492 310 427 441 -8 -8 0
484 302 430 438 0 8 0
484 310 433 435 0 -8 0
484 302 436 432 -8 -8 0
476 294 439 429 0 0 0
476 294 442 426 0 0 0
476 294 445 423 -8 -8 0
468 286 448 420 0 -8 0
468 278 451 417 -8 -8 0
460 270 454 414 0 0 0
460 270 457 411 0 8 0
460 278 460 408 -8 8 0
452 286 463 405 0 0 0
452 286 466 402 0 0 0
452 286 469 399 -8 0 0
444 286 472 396 0 0 0
444 286 475 393 -8 0 0
436 286 478 390 0 0 0
436 286 481 387 0 8 0
436 294 484 384 -8 0 0
428 294 487 381 0 8 0
428 302 490 378 0 8 0
428 310 493 375 -8 8 0
420 318 496 372 0 8 0
420 326 499 369 -8 0 0
412 326 502 366 0 8 0
412 334 505 363 0 -8 0
412 326 508 360 -8 0 0
404 326 511 357 0 -8 0
404 318 514 354 0 0 0
404 318 517 351 -8 -8 0
396 310 520 348 0 -8 0
396 302 523 345 -8 -8 0
388 294 526 342 0 8 0
388 302 529 339 0 -8 0
388 294 532 336 -8 -8 0
380 286 535 333 0 8 0
380 294 538 330 0 -8 0
380 286 541 327 -8 8 0
372 294 544 324 0 8 0
372 302 547 321 -8 0 0
364 302 550 318 0 8 0
364 310 553 315 0 -8 0
364 302 556 312 -8 0 0
356 302 559 309 0 8 0
356 310 562 306 0 8 0
356 318 565 303 -8 8 0
348 326 568 300 0 -8 0
348 318 571 297 -8 -8 0
340 310 574 294 0 8 0
340 318 577 291 0 -8 0
340 310 580 288 -8 -8 0
332 302 583 285 0 -8 0
332 294 586 282 0 0 0
332 294 589 279 -8 -8 0
324 286 592 276 0 -8 0
324 278 595 273 -8 8 0
316 286 598 270 0 8 0
316 294 601 267 0 0 0
316 294 604 264 -8 0 0
308 294 607 261 0 8 0
308 302 610 258 0 0 0
308 302 613 255 -8 -8 0
300 294 616 252 0 0 0
300 294 619 249 -8 -8 0
292 286 622 246 0 0 0
292 286 625 243 0 8 0
292 294 628 240 -8 8 0
284 302 631 237 0 8 0
284 310 634 234 0 0 0
284 310 637 231 -8 0 0
276 310 640 228 0 -8 0
276 302 643 225 -8 8 0
268 310 646 222 0 8 0
268 318 649 219 0 0 0
268 318 652 216 -8 -8 0
260 310 655 213 0 0 0
260 310 658 210 0 8 0
260 318 661 207 -8 8 0
252 326 664 204 0 8 0
252 334 667 201 -8 0 0
244 334 670 198 0 8 0
244 342 673 195 0 8 0
244 350 676 192 -8 8 0
236 358 679 189 0 0 0
236 358 682 186 0 0 0
236 358 685 183 -8 -8 0
228 350 688 180 0 8 0
228 358 691 177 -8 0 0
220 358 694 174 0 0 0
220 358 697 171 0 8 0
220 366 700 168 -8 8 0
212 374 703 165 0 8 0
212 382 706 162 0 -8 0
212 374 709 159 -8 8 0
204 382 712 156 0 0 0
204 382 715 153 -8 -8 0
196 374 718 150 0 0 0
196 374 721 147 0 0 0
196 374 724 144 -8 8 0
188 382 727 141 0 0 0
188 382 730 138 0 0 0
188 382 733 135 -8 0 0
180 382 736 132 0 8 0
180 390 739 129 -8 0 0
172 390 742 126 0 0 0
172 390 745 123 0 -8 0
172 382 748 120 -8 -8 0
164 374 751 117 0 -8 0
164 366 754 114 0 -8 0
164 358 757 111 -8 -8 0
156 350 760 108 0 8 0
156 358 763 105 -8 8 0
148 366 766 102 0 0 0
148 366 769 99 0 -8 0
148 358 772 96 -8 0 0
140 358 775 93 0 8 0
140 366 778 90 0 8 0
140 374 781 87 0 0 1
140 374 781 87 0 0 1
140 374 781 87 0 0 1
140 374 781 87 0 0 1
140 374 781 87 0 0 1
