223 389 565 282 0 0 0
223 389 562 285 8 -8 0
231 381 559 288 8 8 0
239 389 556 291 8 -8 0
247 381 553 294 0 8 0
247 389 550 297 0 -8 0
247 381 547 300 8 -8 0
255 373 544 303 0 -8 0
255 365 541 306 8 0 0
263 365 538 309 0 8 0
263 373 535 312 0 -8 0
263 365 532 315 8 8 0
271 373 529 318 0 0 0
271 373 526 321 0 8 0
271 381 523 324 8 0 0
279 381 520 327 0 8 0
279 389 517 330 8 8 0
287 397 514 333 0 0 0
287 397 511 336 0 0 0
287 397 508 339 8 -8 0
295 389 505 342 0 0 0
295 389 502 345 0 8 0
295 397 499 348 8 -8 0
303 389 496 351 0 0 0
303 389 493 354 8 -8 0
311 381 490 357 0 8 0
311 389 487 360 0 0 0
311 389 484 363 8 8 0
319 397 481 366 0 8 0
319 405 478 369 0 8 0
319 413 475 372 8 8 0
327 421 472 375 0 0 0
327 421 469 378 8 -8 0
335 413 466 381 0 0 0
335 413 463 384 0 -8 0
335 405 460 387 8 0 0
343 405 457 390 0 -8 0
343 397 454 393 0 8 0
343 405 451 396 8 8 0
351 413 448 399 0 -8 0
351 405 445 402 8 8 0
359 413 442 405 0 0 0
359 413 439 408 0 8 0
359 421 436 411 8 -8 0
367 413 433 414 0 8 0
367 421 430 417 0 0 0
367 421 427 420 8 -8 0
375 413 424 423 0 0 0
375 413 421 426 8 0 0
383 413 418 429 0 -8 0
383 405 415 432 0 0 0
383 405 412 435 8 8 0
391 413 409 438 0 -8 0
391 405 406 441 0 0 0
391 405 403 444 8 0 0
399 405 400 447 0 -8 0
399 397 397 450 8 -8 0
407 389 394 453 0 0 0
407 389 391 456 0 8 0
407 397 388 459 8 -8 0
415 389 385 462 0 8 0
415 397 382 465 0 8 0
415 405 379 468 8 0 0
423 405 376 471 0 8 0
423 413 373 474 8 0 0
431 413 370 477 0 -8 0
431 405 367 480 0 -8 0
431 397 364 483 8 8 0
439 405 361 486 0 -8 0
439 397 358 489 0 0 0
439 397 355 492 8 8 0
447 405 352 495 0 8 0
447 413 349 498 8 -8 0
455 405 346 501 0 8 0
455 413 343 504 0 8 0
455 421 340 507 8 8 0
463 429 337 510 0 0 0
463 429 334 513 0 0 0
463 429 331 516 8 8 0
471 437 328 519 0 0 0
471 437 325 522 8 -8 0
479 429 322 525 0 8 0
479 437 319 528 0 8 0
479 445 316 531 8 8 0
487 453 313 534 0 -8 0
487 445 310 537 0 -8 0
487 437 307 540 8 8 0
495 445 304 543 0 -8 0
495 437 301 546 8 -8 0
503 429 298 549 0 8 0
503 437 295 552 0 0 0
503 437 292 555 8 -8 0
511 429 289 558 0 8 0
511 437 286 561 0 -8 0
511 429 283 564 8 -8 0
519 421 280 567 0 0 0
519 421 277 570 8 -8 0
527 413 274 573 0 0 0
527 413 271 576 0 -8 0
527 405 268 579 8 -8 0
535 397 265 582 0 8 0
535 405 262 585 0 8 0
535 413 259 588 8 8 0
540 421 256 591 8 0 0
540 421 253 588 0 8 0
540 429 250 585 0 -8 0
540 421 247 582 0 8 0
540 429 244 579 0 8 0
540 437 241 576 0 0 0
540 437 238 573 0 -8 0
540 429 235 570 0 0 0
540 429 232 567 0 8 0
540 437 229 564 0 -8 0
540 429 226 561 0 -8 0
540 421 223 558 0 8 0
540 429 220 555 0 -8 0
540 421 217 552 0 0 0
540 421 214 549 0 -8 0
540 413 211 546 0 8 0
540 421 208 543 0 8 0
540 429 205 540 0 -8 0
540 421 202 537 0 -8 0
540 413 199 534 0 -8 0
540 405 196 531 0 0 0
540 405 193 528 0 8 0
540 413 190 525 0 8 0
540 421 187 522 0 0 0
540 421 184 519 0 -8 0
540 413 181 516 0 -8 0
540 405 178 513 0 0 0
540 405 175 510 0 0 0
540 405 172 507 0 8 0
540 413 169 504 0 8 0
540 421 166 501 0 0 0
540 421 163 498 0 -8 0
540 413 160 495 0 0 0
540 413 157 492 0 8 0
540 421 154 489 -8 0 0
532 421 151 486 0 -8 0
532 413 148 483 0 0 0
532 413 145 480 -8 -8 0
524 405 142 477 0 0 0
524 405 139 474 0 8 0
524 413 136 471 -8 8 0
516 421 133 468 0 8 0
516 429 130 465 -8 -8 0
508 421 127 462 0 -8 0
508 413 124 459 0 0 0
508 413 121 456 -8 0 0
500 413 118 453 0 0 0
500 413 115 450 0 8 0
500 421 112 447 -8 8 0
492 429 109 444 0 0 0
492 429 106 441 -8 8 0
484 437 103 438 0 0 0
484 437 100 435 0 8 0
484 445 97 432 -8 8 0
476 453 94 429 0 8 0
476 461 91 426 0 0 0
476 461 88 423 -8 -8 0
468 453 85 420 0 -8 0
468 445 82 417 -8 -8 0
460 437 79 414 0 0 0
460 437 76 411 0 8 0
460 445 73 408 -8 -8 0
452 437 70 405 0 -8 0
452 429 67 402 0 0 0
452 429 64 399 -8 0 0
444 429 61 396 0 8 0
444 437 58 393 -8 8 0
436 445 55 390 0 -8 0
436 437 52 387 0 0 0
436 437 49 384 -8 0 0
428 437 46 381 0 -8 0
428 429 43 378 0 8 0
428 437 40 375 -8 8 0
420 445 37 372 0 8 0
420 453 34 369 -8 8 0
412 461 31 366 0 0 0
412 461 28 363 0 -8 0
412 453 25 360 -8 8 0
404 461 22 357 0 -8 0
404 453 19 354 0 8 0
404 461 22 351 -8 8 0
396 469 25 348 0 0 0
396 469 28 345 -8 0 0
388 469 31 342 0 0 0
388 469 34 339 0 -8 0
388 461 37 336 -8 8 0
380 469 40 333 0 -8 0
380 461 43 330 0 -8 0
380 453 46 327 -8 0 0
372 453 49 324 0 8 0
372 461 52 321 -8 -8 0
364 453 55 318 0 0 0
364 453 58 315 0 -8 0
364 445 61 312 -8 0 0
356 445 64 309 0 8 0
356 453 67 306 0 8 0
356 461 70 303 -8 -8 0
348 453 73 300 0 0 0
348 453 76 297 -8 0 0
340 453 79 294 0 -8 0
340 445 82 291 0 0 0
340 445 85 288 -8 -8 0
332 437 88 285 0 -8 0
332 429 91 282 0 0 0
332 429 94 279 -8 8 0
324 437 97 276 0 0 0
324 437 100 273 -8 0 0
316 437 103 270 0 -8 0
316 429 106 267 0 -8 0
316 421 109 264 -8 0 0
308 421 112 261 0 0 0
308 421 115 258 0 -8 0
308 413 118 255 -8 -8 0
300 405 121 252 0 -8 0
300 397 124 249 -8 -8 0
292 389 127 246 0 8 0
292 397 130 243 0 8 0
292 405 133 240 -8 -8 0
284 397 136 237 0 0 0
284 397 139 234 0 0 0
284 397 142 231 -8 8 0
276 405 145 228 0 -8 0
276 397 148 225 -8 0 0
268 397 151 222 0 8 0
268 405 154 219 0 -8 0
268 397 157 216 -8 0 0
260 397 160 213 0 8 0
260 405 163 210 0 -8 0
260 397 166 207 -8 8 0
252 405 169 204 0 -8 0
252 397 172 201 -8 -8 0
244 389 175 198 0 -8 0
244 381 178 195 0 -8 0
244 373 181 192 -8 8 0
236 381 184 189 0 8 0
236 389 187 186 0 0 0
236 389 190 183 -8 0 0
228 389 193 180 0 0 0
228 389 196 177 -8 0 0
220 389 199 174 0 0 0
220 389 202 171 0 -8 0
220 381 205 168 -8 8 0
212 389 208 165 0 -8 0
212 381 211 162 0 -8 0
212 373 214 159 -8 0 0
204 373 217 156 0 -8 0
204 365 220 153 -8 0 0
196 365 223 150 0 8 0
196 373 226 147 0 8 0
196 381 229 144 -8 -8 0
188 373 232 141 0 8 0
188 381 235 138 0 -8 0
188 373 238 135 -8 0 0
180 373 241 132 0 8 0
180 381 244 129 -8 0 0
172 381 247 126 0 -8 0
172 373 250 123 0 0 0
172 373 253 120 -8 0 0
164 373 256 117 0 8 0
164 381 259 114 0 8 0
164 389 262 111 -8 0 0
156 389 265 108 0 0 0
156 389 268 105 -8 8 0
148 397 271 102 0 8 0
148 405 274 99 0 -8 0
148 397 277 96 -8 8 0
140 405 280 93 0 8 0
140 413 283 90 0 -8 0
140 405 286 87 -8 -8 0
132 397 289 84 0 0 0
132 397 292 81 -8 8 0
124 405 295 78 0 -8 0
124 397 298 75 0 8 0
124 405 301 72 -8 8 0
116 413 304 69 0 0 0
116 413 307 66 0 -8 0
116 405 310 63 -8 0 0
108 405 313 60 0 8 0
108 413 316 57 -8 0 0
100 413 319 54 0 -8 0
100 405 322 51 0 8 0
100 413 325 48 -8 -8 0
92 405 328 45 0 -8 0
92 397 331 42 0 8 0
92 405 334 39 -8 8 0
84 413 337 36 0 8 0
84 421 340 33 -8 8 0
76 429 343 30 0 -8 0
76 421 346 27 0 0 0
76 421 349 24 -8 -8 0
68 413 352 21 0 8 0
68 421 355 18 0 8 0
68 429 358 15 -8 8 0
60 437 361 12 0 8 0
60 445 364 9 -8 -8 0
60 437 367 12 0 8 0
60 445 370 15 0 0 0
60 445 373 18 0 0 0
60 445 376 21 0 -8 0
60 437 379 24 0 8 0
60 445 382 27 0 8 0
60 453 385 30 0 0 0
60 453 388 33 0 8 0
60 461 391 36 0 0 0
60 461 394 39 0 8 0
60 469 397 42 0 0 0
60 469 400 45 0 0 0
60 469 403 48 0 -8 0
60 461 406 51 0 0 0
60 461 409 54 0 -8 0
60 453 412 57 0 0 0
60 453 415 60 0 8 0
60 461 418 63 0 0 0
60 461 421 66 0 -8 0
60 453 424 69 0 8 0
60 461 427 72 0 8 0
60 469 430 75 0 -8 0
60 461 433 78 0 8 0
60 469 436 81 0 -8 0
60 461 439 84 0 -8 0
60 453 442 87 0 8 0
60 461 445 90 0 0 0
60 461 448 93 0 0 0
60 461 451 96 0 -8 0
60 453 454 99 0 0 0
60 453 457 102 0 0 0
60 453 460 105 0 8 0
60 461 463 108 0 -8 0
60 453 466 111 8 8 0
68 461 469 114 0 8 0
68 469 472 117 0 8 0
68 477 475 120 8 -8 0
76 469 478 123 0 -8 0
76 461 481 126 0 -8 0
76 453 484 129 8 8 0
84 461 487 132 0 0 0
84 461 490 135 8 8 0
92 469 493 138 0 -8 0
92 461 496 141 0 8 0
92 469 499 144 8 8 0
100 477 502 147 0 8 0
100 485 505 150 0 -8 0
100 477 508 153 8 -8 0
108 469 511 156 0 8 0
108 477 514 159 8 8 0
116 485 517 162 0 -8 0
116 477 520 165 0 0 0
116 477 523 168 8 0 0
124 477 526 171 0 8 0
124 485 529 174 0 0 0
124 485 532 177 8 -8 0
132 477 535 180 0 -8 0
132 469 538 183 8 -8 0
140 461 541 186 0 8 0
140 469 544 189 0 -8 0
140 461 547 192 8 8 0
148 469 550 195 0 -8 0
148 461 553 198 0 8 0
148 469 556 201 8 8 0
156 477 559 204 0 -8 0
156 469 562 207 8 -8 0
164 461 565 210 0 8 0
164 469 568 213 0 -8 0
164 461 571 216 8 8 0
172 469 574 219 0 0 0
172 469 577 222 0 0 0
172 469 580 225 8 -8 0
180 461 583 228 0 0 0
180 461 586 231 8 8 0
188 469 589 234 0 0 0
188 469 592 237 0 8 0
188 477 595 240 8 0 0
196 477 598 243 0 -8 0
196 469 601 246 0 -8 0
196 461 604 249 8 8 0
204 469 607 252 0 8 0
204 477 610 255 8 0 0
212 477 613 258 0 8 0
212 485 616 261 0 0 0
212 485 619 264 8 0 0
220 485 622 267 0 -8 0
220 477 625 270 0 -8 0
220 469 628 273 8 0 0
228 469 631 276 0 -8 0
228 461 634 279 8 0 0
236 461 637 282 0 8 0
236 469 640 285 0 8 0
236 477 643 288 8 -8 0
244 469 646 291 0 0 0
244 469 649 294 0 0 0
244 469 652 297 8 0 0
252 469 655 300 0 -8 0
252 461 658 303 8 0 0
260 461 661 306 0 -8 0
260 453 664 309 0 8 0
260 461 667 312 8 8 0
268 469 670 315 0 8 0
268 477 673 318 0 8 0
268 485 676 321 8 -8 0
276 477 679 324 0 -8 0
276 469 682 327 8 8 0
284 477 685 330 0 -8 0
284 469 688 333 0 8 0
284 477 691 336 8 -8 0
292 469 694 339 0 8 0
292 477 697 342 0 8 0
292 485 700 345 8 -8 0
300 477 703 348 0 -8 0
300 469 706 351 8 8 0
308 477 709 354 0 -8 0
308 469 712 357 0 8 0
308 477 715 360 8 -8 0
316 469 718 363 0 0 0
316 469 721 366 0 8 0
316 477 724 369 8 -8 0
324 469 727 372 0 0 0
324 469 730 375 8 -8 0
332 461 733 378 0 0 0
332 461 736 381 0 -8 0
332 453 739 384 8 -8 0
340 445 742 387 0 8 0
340 453 745 390 0 0 0
340 453 748 393 8 0 0
348 453 751 396 0 -8 0
348 445 754 399 8 8 0
356 453 757 402 0 -8 0
356 445 760 405 0 0 0
356 445 763 408 8 8 0
364 453 766 411 0 -8 0
364 445 769 414 0 8 0
364 453 772 417 8 -8 0
372 445 775 420 0 -8 0
372 437 778 423 8 -8 0
380 429 781 426 0 8 0
380 437 778 429 0 -8 0
380 429 775 432 8 -8 0
388 421 772 435 0 8 0
388 429 769 438 0 -8 0
388 421 766 441 8 0 0
396 421 763 444 0 8 0
396 429 760 447 8 8 0
404 437 757 450 0 -8 0
404 429 754 453 0 -8 0
404 421 751 456 8 0 0
412 421 748 459 0 8 0
412 429 745 462 0 -8 0
412 421 742 465 8 8 0
420 429 739 468 0 0 0
420 429 736 471 8 -8 0
428 421 733 474 0 -8 0
428 413 730 477 0 -8 0
428 405 727 480 8 8 0
436 413 724 483 0 0 0
436 413 721 486 0 0 0
436 413 718 489 8 -8 0
444 405 715 492 0 8 0
444 413 712 495 8 0 0
452 413 709 498 0 -8 0
452 405 706 501 0 0 0
452 405 703 504 8 8 0
460 413 700 507 0 0 0
460 413 697 510 0 -8 0
460 405 694 513 8 8 0
468 413 691 516 0 0 0
468 413 688 519 8 0 0
476 413 685 522 0 -8 0
476 405 682 525 0 8 0
476 413 679 528 8 -8 0
484 405 676 531 0 8 0
484 413 673 534 0 -8 0
484 405 670 537 8 -8 0
492 397 667 540 0 0 0
492 397 664 543 8 -8 0
500 389 661 546 0 -8 0
500 381 658 549 0 0 0
500 381 655 552 8 8 0
508 389 652 555 0 0 0
508 389 649 558 0 -8 0
508 381 646 561 8 8 0
516 389 643 564 0 8 0
516 397 640 567 8 -8 0
524 389 637 570 0 8 0
524 397 634 573 0 -8 0
524 389 631 576 8 -8 0
532 381 628 579 0 8 0
532 389 625 582 0 8 0
532 397 622 585 8 0 0
540 397 619 588 0 -8 0
540 389 616 591 8 -8 0
540 381 613 588 0 8 0
540 389 610 585 0 -8 0
540 381 607 582 0 0 0
540 381 604 579 0 8 0
540 389 601 576 0 0 0
540 389 598 573 0 0 0
540 389 595 570 0 -8 0
540 381 592 567 0 0 0
540 381 589 564 0 -8 0
540 373 586 561 0 -8 0
540 365 583 558 0 -8 0
540 357 580 555 0 -8 0
540 349 577 552 0 0 0
540 349 574 549 0 0 0
540 349 571 546 0 -8 0
540 341 568 543 0 0 0
540 341 565 540 0 8 0
540 349 562 537 0 -8 0
540 341 559 534 0 0 0
540 341 556 531 0 0 0
540 341 553 528 0 8 0
540 349 550 525 0 0 0
540 349 547 522 0 0 0
540 349 544 519 0 -8 0
540 341 541 516 0 0 0
540 341 538 513 0 8 0
540 349 535 510 0 -8 0
540 341 532 507 0 0 0
540 341 529 504 0 -8 0
540 333 526 501 0 -8 0
540 325 523 498 0 8 0
540 333 520 495 0 8 0
540 341 517 492 0 8 0
540 349 514 489 -8 0 0
532 349 511 486 0 -8 0
532 341 508 483 0 -8 0
532 333 505 480 -8 -8 0
524 325 502 477 0 0 0
524 325 499 474 0 0 0
524 325 496 471 -8 -8 0
516 317 493 468 0 8 0
516 325 490 465 -8 0 0
508 325 487 462 0 0 0
508 325 484 459 0 8 0
508 333 481 456 -8 0 0
500 333 478 453 0 -8 0
500 325 475 450 0 -8 0
500 317 472 447 -8 -8 0
492 309 469 444 0 8 0
492 317 466 441 -8 8 0
484 325 463 438 0 8 0
484 333 460 435 0 -8 0
484 325 457 432 -8 8 0
476 333 454 429 0 8 0
476 341 451 426 0 0 0
476 341 448 423 -8 8 0
468 349 445 420 0 -8 0
468 341 442 417 -8 -8 0
460 333 439 414 0 8 0
460 341 436 411 0 -8 0
460 333 433 408 -8 -8 0
452 325 430 405 0 8 0
452 333 427 402 0 -8 0
452 325 424 399 -8 0 0
444 325 421 396 0 -8 0
444 317 418 393 -8 -8 0
436 309 415 390 0 -8 0
436 301 412 387 0 0 0
436 301 409 384 -8 0 0
428 301 406 381 0 0 0
428 301 403 378 0 8 0
428 309 400 375 -8 -8 0
420 301 397 372 0 0 0
420 301 394 369 -8 8 0
412 309 391 366 0 -8 0
412 301 388 363 0 -8 0
412 293 385 360 -8 -8 0
404 285 382 357 0 -8 0
404 277 379 354 0 8 0
404 285 376 351 -8 -8 0
396 277 373 348 0 0 0
396 277 370 345 -8 0 0
388 277 367 342 0 0 0
388 277 364 339 0 0 0
388 277 361 336 -8 0 0
380 277 358 333 0 0 0
380 277 355 330 0 -8 0
380 269 352 327 -8 0 0
372 269 349 324 0 -8 0
372 261 346 321 -8 8 0
364 269 343 318 0 8 0
364 277 340 315 0 0 0
364 277 337 312 -8 0 0
356 277 334 309 0 0 0
356 277 331 306 0 8 0
356 285 328 303 -8 8 0
348 293 325 300 0 8 0
348 301 322 297 -8 8 0
340 309 319 294 0 -8 0
340 301 316 291 0 0 0
340 301 313 288 -8 -8 0
332 293 310 285 0 8 0
332 301 307 282 0 8 0
332 309 304 279 -8 0 0
324 309 301 276 0 -8 0
324 301 298 273 -8 8 0
316 309 295 270 0 -8 0
316 301 292 267 0 0 0
316 301 289 264 -8 0 0
308 301 286 261 0 -8 0
308 293 283 258 0 -8 0
308 285 280 255 -8 0 0
300 285 277 252 0 -8 0
300 277 274 249 -8 -8 0
292 269 271 246 0 0 0
292 269 268 243 0 -8 0
292 261 265 240 -8 0 0
284 261 262 237 0 8 0
284 269 259 234 0 -8 0
284 261 256 231 -8 8 0
276 269 253 228 0 -8 0
276 261 250 225 -8 -8 0
268 253 247 222 0 0 0
268 253 244 219 0 8 0
268 261 241 216 -8 -8 0
260 253 238 213 0 -8 0
260 245 235 210 0 -8 0
260 237 232 207 -8 -8 0
252 229 229 204 0 8 0
252 237 226 201 -8 -8 0
244 229 223 198 0 -8 0
244 221 220 195 0 -8 0
244 213 217 192 -8 8 0
236 221 214 189 0 0 0
236 221 211 186 0 0 0
236 221 208 183 -8 -8 0
228 213 205 180 0 -8 0
228 205 202 177 -8 0 0
220 205 199 174 0 -8 0
220 197 196 171 0 8 0
220 205 193 168 -8 8 0
212 213 190 165 0 -8 0
212 205 187 162 0 8 0
212 213 184 159 -8 0 0
204 213 181 156 0 0 0
204 213 178 153 -8 -8 0
196 205 175 150 0 -8 0
196 197 172 147 0 8 0
196 205 169 144 -8 8 0
188 213 166 141 0 8 0
188 221 163 138 0 -8 0
188 213 160 135 -8 0 0
180 213 157 132 0 0 0
180 213 154 129 -8 0 0
172 213 151 126 0 0 0
172 213 148 123 0 0 0
172 213 145 120 -8 -8 0
164 205 142 117 0 8 0
164 213 139 114 0 -8 0
164 205 136 111 -8 -8 0
156 197 133 108 0 8 0
156 205 130 105 -8 8 0
148 213 127 102 0 0 0
148 213 124 99 0 8 0
148 221 121 96 -8 0 0
140 221 118 93 0 -8 0
140 213 115 90 0 8 0
140 221 112 87 -8 8 0
132 229 109 84 0 -8 0
132 221 106 81 -8 0 0
124 221 103 78 0 8 0
124 229 100 75 0 0 0
124 229 97 72 -8 8 0
116 237 94 69 0 8 0
116 245 91 66 0 -8 0
116 237 88 63 -8 8 0
108 245 85 60 0 0 0
108 245 82 57 -8 0 0
100 245 79 54 0 -8 0
100 237 76 51 0 -8 0
100 229 73 48 -8 8 0
92 237 70 45 0 -8 0
92 229 67 42 0 8 0
92 237 64 39 -8 8 0
84 245 61 36 0 8 0
84 253 58 33 -8 -8 0
76 245 55 30 0 8 0
76 253 52 27 0 -8 0
76 245 49 24 -8 -8 0
68 237 46 21 0 0 0
68 237 43 18 0 8 0
68 245 40 15 -8 0 0
60 245 37 12 0 8 0
60 253 34 9 -8 0 0
60 253 31 12 0 -8 0
60 245 28 15 0 -8 0
60 237 25 18 0 8 0
60 245 22 21 0 -8 0
60 237 19 24 0 0 0
60 237 22 27 0 -8 0
60 229 25 30 0 8 0
60 237 28 33 0 0 0
60 237 31 36 0 0 0
60 237 34 39 0 -8 0
60 229 37 42 0 8 0
60 237 40 45 0 0 0
60 237 43 48 0 -8 0
60 229 46 51 0 0 0
60 229 49 54 0 8 0
60 237 52 57 0 -8 0
60 229 55 60 0 8 0
60 237 58 63 0 8 0
60 245 61 66 0 -8 0
60 237 64 69 0 0 0
60 237 67 72 0 8 0
60 245 70 75 0 -8 0
60 237 73 78 0 8 0
60 245 76 81 0 8 0
60 253 79 84 0 0 0
60 253 82 87 0 0 0
60 253 85 90 0 -8 0
60 245 88 93 0 0 0
60 245 91 96 0 8 0
60 253 94 99 0 0 0
60 253 97 102 0 0 0
60 253 100 105 0 0 0
60 253 103 108 0 -8 0
60 245 106 111 8 -8 0
68 237 109 114 0 -8 0
68 229 112 117 0 -8 0
68 221 115 120 8 8 0
76 229 118 123 0 8 0
76 237 121 126 0 8 0
76 245 124 129 8 8 0
84 253 127 132 0 0 0
84 253 130 135 8 0 0
92 253 133 138 0 -8 0
92 245 136 141 0 8 0
92 253 139 144 8 0 0
100 253 142 147 0 0 0
100 253 145 150 0 8 0
100 261 148 153 8 8 0
108 269 151 156 0 8 0
108 277 154 159 8 0 0
116 277 157 162 0 -8 0
116 269 160 165 0 -8 0
116 261 163 168 8 8 0
124 269 166 171 0 0 0
124 269 169 174 0 8 0
124 277 172 177 8 -8 0
132 269 175 180 0 -8 0
132 261 178 183 8 -8 0
140 253 181 186 0 0 0
140 253 184 189 0 -8 0
140 245 187 192 8 8 0
148 253 190 195 0 -8 0
148 245 193 198 0 0 0
148 245 196 201 8 -8 0
156 237 199 204 0 0 0
156 237 202 207 8 0 0
164 237 205 210 0 -8 0
164 229 208 213 0 8 0
164 237 211 216 8 0 0
172 237 214 219 0 0 0
172 237 217 222 0 -8 0
172 229 220 225 8 8 0
180 237 223 228 0 0 0
180 237 226 231 8 8 0
188 245 229 234 0 0 0
188 245 232 237 0 -8 0
188 237 235 240 8 -8 0
196 229 238 243 0 8 0
196 237 241 246 0 0 0
196 237 244 249 8 -8 0
204 229 247 252 0 -8 0
204 221 250 255 8 8 0
212 229 253 258 0 -8 0
212 221 256 261 0 0 0
212 221 259 264 8 8 0
220 229 262 267 0 8 0
220 237 265 270 0 8 0
220 245 268 273 8 8 0
228 253 271 276 0 0 0
228 253 274 279 8 0 0
236 253 277 282 0 0 0
236 253 280 285 0 -8 0
236 245 283 288 8 -8 0
244 237 286 291 0 0 0
244 237 289 294 0 0 0
244 237 292 297 8 -8 0
252 229 295 300 0 0 0
252 229 298 303 8 -8 0
260 221 301 306 0 8 0
260 229 304 309 0 8 0
260 237 307 312 8 0 0
268 237 310 315 0 0 0
268 237 313 318 0 0 0
268 237 316 321 8 0 0
276 237 319 324 0 0 0
276 237 322 327 8 -8 0
284 229 325 330 0 0 0
284 229 328 333 0 -8 0
284 221 331 336 8 0 0
292 221 334 339 0 -8 0
292 213 337 342 0 -8 0
292 205 340 345 8 0 0
300 205 343 348 0 -8 0
300 197 346 351 8 -8 0
308 189 349 354 0 -8 0
308 181 352 357 0 8 0
308 189 355 360 8 0 0
316 189 358 363 0 -8 0
316 181 361 366 0 0 0
316 181 364 369 8 -8 0
324 173 367 372 0 0 0
324 173 370 375 8 -8 0
332 165 373 378 0 0 0
332 165 376 381 0 0 0
332 165 379 384 8 -8 0
340 157 382 387 0 8 0
340 165 385 390 0 -8 0
340 157 388 393 8 -8 0
348 149 391 396 0 0 0
348 149 394 399 8 8 0
356 157 397 402 0 -8 0
356 149 400 405 0 -8 0
356 141 403 408 8 0 0
364 141 406 411 0 8 0
364 149 409 414 0 0 0
364 149 412 417 8 0 0
372 149 415 420 0 0 0
372 149 418 423 8 8 0
380 157 421 426 0 0 0
380 157 424 429 0 0 0
380 157 427 432 8 0 0
388 157 430 435 0 0 0
388 157 433 438 0 0 0
388 157 436 441 8 8 0
396 165 439 444 0 8 0
396 173 442 447 8 -8 0
404 165 445 450 0 -8 0
404 157 448 453 0 8 0
404 165 451 456 8 0 0
412 165 454 459 0 8 0
412 173 457 462 0 0 0
412 173 460 465 8 8 0
420 181 463 468 0 0 0
420 181 466 471 8 8 0
428 189 469 474 0 8 0
428 197 472 477 0 -8 0
428 189 475 480 8 0 0
436 189 478 483 0 0 0
436 189 481 486 0 0 0
436 189 484 489 8 8 0
444 197 487 492 0 8 0
444 205 490 495 8 8 0
452 213 493 498 0 0 0
452 213 496 501 0 -8 0
452 205 499 504 8 -8 0
460 197 502 507 0 8 0
460 205 505 510 0 0 0
460 205 508 513 8 0 0
468 205 511 516 0 8 0
468 213 514 519 8 0 0
476 213 517 522 0 8 0
476 221 520 525 0 0 0
476 221 523 528 8 0 0
484 221 526 531 0 8 0
484 229 529 534 0 -8 0
484 221 532 537 8 8 0
492 229 535 540 0 0 0
492 229 538 543 8 -8 0
500 221 541 546 0 8 0
500 229 544 549 0 8 0
500 237 547 552 8 0 0
508 237 550 555 0 8 0
508 245 553 558 0 8 0
508 253 556 561 8 -8 0
516 245 559 564 0 8 0
516 253 562 567 8 8 0
524 261 565 570 0 0 0
524 261 568 573 0 8 0
524 269 571 576 8 0 0
532 269 574 579 0 -8 0
532 261 577 582 0 0 0
532 261 580 585 8 -8 0
540 253 583 588 0 -8 0
540 245 586 591 8 -8 0
540 237 589 588 0 -8 0
540 229 592 585 0 0 0
540 229 595 582 0 -8 0
540 221 598 579 0 8 0
540 229 601 576 0 -8 0
540 221 604 573 0 0 0
540 221 607 570 0 0 0
540 221 610 567 0 0 0
540 221 613 564 0 0 0
540 221 616 561 0 8 0
540 229 619 558 0 8 0
540 237 622 555 0 8 0
540 245 625 552 0 0 0
540 245 628 549 0 0 0
540 245 631 546 0 0 0
540 245 634 543 0 8 0
540 253 637 540 0 0 0
540 253 640 537 0 0 0
540 253 643 534 0 -8 0
540 245 646 531 0 8 0
540 253 649 528 0 8 0
540 261 652 525 0 -8 0
540 253 655 522 0 8 0
540 261 658 519 0 8 0
540 269 661 516 0 8 0
540 277 664 513 0 -8 0
540 269 667 510 0 8 0
540 277 670 507 0 0 0
540 277 673 504 0 8 0
540 285 676 501 0 -8 0
540 277 679 498 0 8 0
540 285 682 495 0 0 0
540 285 685 492 0 8 0
540 293 688 489 -8 0 0
532 293 691 486 0 8 0
532 301 694 483 0 0 0
532 301 697 480 -8 8 0
524 309 700 477 0 8 0
524 317 703 474 0 8 0
524 325 706 471 -8 -8 0
516 317 709 468 0 8 0
516 325 712 465 -8 -8 0
508 317 715 462 0 8 0
508 325 718 459 0 0 0
508 325 721 456 -8 -8 0
500 317 724 453 0 0 0
500 317 727 450 0 -8 0
500 309 730 447 -8 8 0
492 317 733 444 0 0 0
492 317 736 441 -8 -8 0
484 309 739 438 0 8 0
484 317 742 435 0 -8 0
484 309 745 432 -8 -8 0
476 301 748 429 0 0 0
476 301 751 426 0 0 0
476 301 754 423 -8 8 0
468 309 757 420 0 0 0
468 309 760 417 -8 -8 0
460 301 763 414 0 -8 0
460 293 766 411 0 8 0
460 301 769 408 -8 -8 0
452 293 772 405 0 -8 0
452 285 775 402 0 8 0
452 293 778 399 -8 0 0
444 293 781 396 0 0 1
444 293 781 396 0 0 1
444 293 781 396 0 0 1
444 293 781 396 0 0 1
444 293 781 396 0 0 1
