469 393 367 489 0 0 0
469 393 370 492 0 -8 0
469 385 373 495 0 -8 0
469 377 376 498 0 8 0
469 385 379 501 0 8 0
469 393 382 504 0 8 0
469 401 385 507 0 8 0
469 409 388 510 0 -8 0
469 401 391 513 0 0 0
469 401 394 516 0 -8 0
469 393 397 519 0 8 0
469 401 400 522 8 -8 0
477 393 403 525 0 -8 0
477 385 406 528 8 0 0
485 385 409 531 0 -8 0
485 377 412 534 0 -8 0
485 369 415 537 8 8 0
493 377 418 540 0 0 0
493 377 421 543 0 0 0
493 377 424 546 8 8 0
501 385 427 549 0 -8 0
501 377 430 552 8 -8 0
509 369 433 555 0 -8 0
509 361 436 558 0 0 0
509 361 439 561 8 0 0
517 361 442 564 0 8 0
517 369 445 567 0 -8 0
517 361 448 570 8 -8 0
525 353 451 573 0 8 0
525 361 454 576 8 0 0
533 361 457 579 0 8 0
533 369 460 582 0 0 0
533 369 463 585 8 8 0
540 377 466 588 0 8 0
540 385 469 591 8 8 0
540 393 472 588 0 -8 0
540 385 475 585 0 8 0
540 393 478 582 0 8 0
540 401 481 579 0 0 0
540 401 484 576 0 -8 0
540 393 487 573 0 0 0
540 393 490 570 0 0 0
540 393 493 567 0 0 0
540 393 496 564 0 0 0
540 393 499 561 0 8 0
540 401 502 558 0 -8 0
540 393 505 555 0 -8 0
540 385 508 552 0 8 0
540 393 511 549 0 0 0
540 393 514 546 0 0 0
540 393 517 543 0 8 0
540 401 520 540 0 0 0
540 401 523 537 0 -8 0
540 393 526 534 0 -8 0
540 385 529 531 0 0 0
540 385 532 528 0 0 0
540 385 535 525 0 8 0
540 393 538 522 0 0 0
540 393 541 519 0 8 0
540 401 544 516 0 -8 0
540 393 547 513 0 0 0
540 393 550 510 0 8 0
540 401 553 507 0 0 0
540 401 556 504 0 -8 0
540 393 559 501 0 -8 0
540 385 562 498 0 -8 0
540 377 565 495 0 0 0
540 377 568 492 0 8 0
540 385 571 489 -8 -8 0
532 377 574 486 0 -8 0
532 369 577 483 0 0 0
532 369 580 480 -8 0 0
524 369 583 477 0 8 0
524 377 586 474 0 0 0
524 377 589 471 -8 8 0
516 385 592 468 0 -8 0
516 377 595 465 -8 -8 0
508 369 598 462 0 0 0
508 369 601 459 0 -8 0
508 361 604 456 -8 8 0
500 369 607 453 0 0 0
500 369 610 450 0 -8 0
500 361 613 447 -8 0 0
492 361 616 444 0 0 0
492 361 619 441 -8 0 0
484 361 622 438 0 8 0
484 369 625 435 0 8 0
484 377 628 432 -8 8 0
476 385 631 429 0 8 0
476 393 634 426 0 -8 0
476 385 637 423 -8 0 0
468 385 640 420 0 -8 0
468 377 643 417 -8 -8 0
460 369 646 414 0 8 0
460 377 649 411 0 -8 0
460 369 652 408 -8 0 0
452 369 655 405 0 -8 0
452 361 658 402 0 8 0
452 369 661 399 -8 -8 0
444 361 664 396 0 8 0
444 369 667 393 -8 -8 0
436 361 670 390 0 -8 0
436 353 673 387 0 0 0
436 353 676 384 -8 -8 0
428 345 679 381 0 0 0
428 345 682 378 0 -8 0
428 337 685 375 -8 -8 0
420 329 688 372 0 0 0
420 329 691 369 -8 0 0
412 329 694 366 0 8 0
412 337 697 363 0 -8 0
412 329 700 360 -8 -8 0
404 321 703 357 0 0 0
404 321 706 354 0 0 0
404 321 709 351 -8 0 0
396 321 712 348 0 8 0
396 329 715 345 -8 0 0
388 329 718 342 0 8 0
388 337 721 339 0 0 0
388 337 724 336 -8 0 0
380 337 727 333 0 8 0
380 345 730 330 0 0 0
380 345 733 327 -8 0 0
372 345 736 324 0 8 0
372 353 739 321 -8 8 0
364 361 742 318 0 -8 0
364 353 745 315 0 -8 0
364 345 748 312 -8 8 0
356 353 751 309 0 0 0
356 353 754 306 0 8 0
356 361 757 303 -8 8 0
348 369 760 300 0 -8 0
348 361 763 297 -8 0 0
340 361 766 294 0 -8 0
340 353 769 291 0 -8 0
340 345 772 288 -8 8 0
332 353 775 285 0 -8 0
332 345 778 282 0 8 0
332 353 781 279 0 0 1
332 353 781 279 0 0 1
332 353 781 279 0 0 1
332 353 781 279 0 0 1
332 353 781 279 0 0 1
