199 270 199 345 0 0 0
199 270 196 348 8 0 0
207 270 193 351 8 8 0
215 278 190 354 8 8 0
223 286 187 357 8 -8 0
231 278 184 360 8 8 0
239 286 181 363 8 0 0
247 286 178 366 8 0 0
255 286 175 369 8 8 0
263 294 172 372 8 0 0
271 294 169 375 8 0 0
279 294 166 378 8 8 0
287 302 163 381 8 -8 0
295 294 160 384 8 -8 0
303 286 157 387 8 0 0
311 286 154 390 8 0 0
319 286 151 393 8 -8 0
327 278 148 396 8 -8 0
335 270 145 399 8 0 0
343 270 142 402 8 0 0
351 270 139 405 8 8 0
359 278 136 408 0 -8 0
359 270 133 411 8 8 0
367 278 130 414 0 -8 0
367 270 127 417 0 -8 0
367 262 124 420 8 0 0
375 262 121 423 0 8 0
375 270 118 426 8 0 0
383 270 115 429 0 8 0
383 278 112 432 0 8 0
383 286 109 435 8 -8 0
391 278 106 438 0 8 0
391 286 103 441 0 0 0
391 286 100 444 8 8 0
399 294 97 447 0 0 0
399 294 94 450 8 -8 0
407 286 91 453 0 -8 0
407 278 88 456 0 8 0
407 286 85 459 8 0 0
415 286 82 462 0 -8 0
415 278 79 465 0 0 0
415 278 76 468 8 -8 0
423 270 73 471 0 -8 0
423 262 70 474 8 8 0
431 270 67 477 0 0 0
431 270 64 480 0 -8 0
431 262 61 483 8 0 0
439 262 58 486 0 -8 0
439 254 55 489 0 0 0
439 254 52 492 8 -8 0
447 246 49 495 0 -8 0
447 238 46 498 8 0 0
455 238 43 501 0 0 0
455 238 40 504 0 0 0
455 238 37 507 8 -8 0
463 230 34 510 0 8 0
463 238 31 513 0 -8 0
463 230 28 516 8 -8 0
471 222 25 519 0 0 0
471 222 22 522 8 0 0
479 222 19 525 0 8 0
479 230 22 528 0 0 0
479 230 25 531 8 8 0
487 238 28 534 0 8 0
487 246 31 537 0 -8 0
487 238 34 540 8 0 0
495 238 37 543 0 0 0
495 238 40 546 8 8 0
503 246 43 549 0 8 0
503 254 46 552 0 0 0
503 254 49 555 8 8 0
511 262 52 558 0 0 0
511 262 55 561 0 8 0
511 270 58 564 8 8 0
519 278 61 567 0 -8 0
519 270 64 570 8 8 0
527 278 67 573 0 8 0
527 286 70 576 0 8 0
527 294 73 579 8 -8 0
535 286 76 582 0 -8 0
535 278 79 585 0 0 0
535 278 82 588 8 8 0
540 286 85 591 8 -8 0
540 278 88 588 0 8 0
540 286 91 585 0 -8 0
540 278 94 582 0 8 0
540 286 97 579 0 8 0
540 294 100 576 0 -8 0
540 286 103 573 0 8 0
540 294 106 570 0 8 0
540 302 109 567 0 0 0
540 302 112 564 0 0 0
540 302 115 561 0 -8 0
540 294 118 558 0 0 0
540 294 121 555 0 0 0
540 294 124 552 0 8 0
540 302 127 549 0 0 0
540 302 130 546 0 8 0
540 310 133 543 0 0 0
540 310 136 540 0 -8 0
540 302 139 537 0 8 0
540 310 142 534 0 0 0
540 310 145 531 0 -8 0
540 302 148 528 0 0 0
540 302 151 525 0 -8 0
540 294 154 522 0 8 0
540 302 157 519 0 8 0
540 310 160 516 0 8 0
540 318 163 513 0 8 0
540 326 166 510 0 -8 0
540 318 169 507 0 0 0
540 318 172 504 0 0 0
540 318 175 501 0 8 0
540 326 178 498 0 -8 0
540 318 181 495 0 8 0
540 326 184 492 0 8 0
540 334 187 489 -8 8 0
532 342 190 486 0 8 0
532 350 193 483 0 -8 0
532 342 196 480 -8 0 0
524 342 199 477 0 0 0
524 342 202 474 0 8 0
524 350 205 471 -8 -8 0
516 342 208 468 0 -8 0
516 334 211 465 -8 8 0
508 342 214 462 0 8 0
508 350 217 459 0 0 0
508 350 220 456 -8 -8 0
500 342 223 453 0 8 0
500 350 226 450 0 -8 0
500 342 229 447 -8 0 0
492 342 232 444 0 0 0
492 342 235 441 -8 8 0
484 350 238 438 0 -8 0
484 342 241 435 0 -8 0
484 334 244 432 -8 8 0
476 342 247 429 0 8 0
476 350 250 426 0 -8 0
476 342 253 423 -8 -8 0
468 334 256 420 0 0 0
468 334 259 417 -8 8 0
460 342 262 414 0 8 0
460 350 265 411 0 0 0
460 350 268 408 -8 0 0
452 350 271 405 0 8 0
452 358 274 402 0 -8 0
452 350 277 399 -8 0 0
444 350 280 396 0 -8 0
444 342 283 393 -8 8 0
436 350 286 390 0 0 0
436 350 289 387 0 0 0
436 350 292 384 -8 -8 0
428 342 295 381 0 8 0
428 350 298 378 0 0 0
428 350 301 375 -8 0 0
420 350 304 372 0 8 0
420 358 307 369 -8 0 0
412 358 310 366 0 -8 0
412 350 313 363 0 -8 0
412 342 316 360 -8 0 0
404 342 319 357 0 8 0
404 350 322 354 0 8 0
404 358 325 351 -8 -8 0
396 350 328 348 0 0 0
396 350 331 345 -8 0 0
388 350 334 342 0 -8 0
388 342 337 339 0 0 0
388 342 340 336 -8 0 0
380 342 343 333 0 8 0
380 350 346 330 0 0 0
380 350 349 327 -8 0 0
372 350 352 324 0 0 0
372 350 355 321 -8 0 0
364 350 358 318 0 8 0
364 358 361 315 0 -8 0
364 350 364 312 -8 0 0
356 350 367 309 0 -8 0
356 342 370 306 0 8 0
356 350 373 303 -8 8 0
348 358 376 300 0 -8 0
348 350 379 297 -8 8 0
340 358 382 294 0 8 0
340 366 385 291 0 8 0
340 374 388 288 -8 0 0
332 374 391 285 0 8 0
332 382 394 282 0 0 0
332 382 397 279 -8 -8 0
324 374 400 276 0 8 0
324 382 403 273 -8 0 0
316 382 406 270 0 -8 0
316 374 409 267 0 8 0
316 382 412 264 -8 8 0
308 390 415 261 0 8 0
308 398 418 258 0 8 0
308 406 421 255 -8 8 0
300 414 424 252 0 0 0
300 414 427 249 -8 8 0
292 422 430 246 0 8 0
292 430 433 243 0 0 0
292 430 436 240 -8 -8 0
284 422 439 237 0 0 0
284 422 442 234 0 0 0
284 422 445 231 -8 8 0
276 430 448 228 0 0 0
276 430 451 225 -8 0 0
268 430 454 222 0 8 0
268 438 457 219 0 0 0
268 438 460 216 -8 8 0
260 446 463 213 0 8 0
260 454 466 210 0 0 0
260 454 469 207 -8 8 0
252 462 472 204 0 8 0
252 470 475 201 -8 8 0
244 478 478 198 0 -8 0
244 470 481 195 0 -8 0
244 462 484 192 -8 -8 0
236 454 487 189 0 -8 0
236 446 490 186 0 0 0
236 446 493 183 -8 0 0
228 446 496 180 0 8 0
228 454 499 177 -8 0 0
220 454 502 174 0 -8 0
220 446 505 171 0 -8 0
220 438 508 168 -8 0 0
212 438 511 165 0 -8 0
212 430 514 162 0 0 0
212 430 517 159 -8 0 0
204 430 520 156 0 -8 0
204 422 523 153 -8 -8 0
196 414 526 150 0 0 0
196 414 529 147 0 0 0
196 414 532 144 -8 0 0
188 414 535 141 0 -8 0
188 406 538 138 0 8 0
188 414 541 135 -8 0 0
180 414 544 132 0 8 0
180 422 547 129 -8 -8 0
172 414 550 126 0 -8 0
172 406 553 123 0 8 0
172 414 556 120 -8 8 0
164 422 559 117 0 -8 0
164 414 562 114 0 -8 0
164 406 565 111 -8 0 0
156 406 568 108 0 8 0
156 414 571 105 -8 -8 0
148 406 574 102 0 -8 0
148 398 577 99 0 -8 0
148 390 580 96 -8 0 0
140 390 583 93 0 -8 0
140 382 586 90 0 0 0
140 382 589 87 -8 -8 0
132 374 592 84 0 8 0
132 382 595 81 -8 0 0
124 382 598 78 0 8 0
124 390 601 75 0 8 0
124 398 604 72 -8 8 0
116 406 607 69 0 -8 0
116 398 610 66 0 8 0
116 406 613 63 -8 8 0
108 414 616 60 0 8 0
108 422 619 57 -8 8 0
100 430 622 54 0 -8 0
100 422 625 51 0 0 0
100 422 628 48 -8 -8 0
92 414 631 45 0 8 0
92 422 634 42 0 0 0
92 422 637 39 -8 0 0
84 422 640 36 0 0 0
84 422 643 33 -8 8 0
76 430 646 30 0 0 0
76 430 649 27 0 0 0
76 430 652 24 -8 8 0
68 438 655 21 0 -8 0
68 430 658 18 0 -8 0
68 422 661 15 -8 -8 0
60 414 664 12 0 -8 0
60 406 667 9 -8 0 0
60 406 670 12 0 0 0
60 406 673 15 0 8 0
60 414 676 18 0 0 0
60 414 679 21 0 0 0
60 414 682 24 0 -8 0
60 406 685 27 0 8 0
60 414 688 30 0 -8 0
60 406 691 33 0 0 0
60 406 694 36 0 8 0
60 414 697 39 0 -8 0
60 406 700 42 0 8 0
60 414 703 45 0 0 0
60 414 706 48 0 0 0
60 414 709 51 0 8 0
60 422 712 54 0 -8 0
60 414 715 57 0 -8 0
60 406 718 60 0 0 0
60 406 721 63 0 0 0
60 406 724 66 0 8 0
60 414 727 69 0 8 0
60 422 730 72 0 0 0
60 422 733 75 0 8 0
60 430 736 78 0 -8 0
60 422 739 81 0 -8 0
60 414 742 84 0 0 0
60 414 745 87 0 8 0
60 422 748 90 0 0 0
60 422 751 93 0 8 0
60 430 754 96 0 0 0
60 430 757 99 0 -8 0
60 422 760 102 0 -8 0
60 414 763 105 0 -8 0
60 406 766 108 0 0 0
60 406 769 111 8 0 0
68 406 772 114 0 8 0
68 414 775 117 0 0 0
68 414 778 120 8 8 0
76 422 781 123 0 0 1
76 422 781 123 0 0 1
76 422 781 123 0 0 1
76 422 781 123 0 0 1
76 422 781 123 0 0 1
