138 109 214 225 0 0 0
138 109 211 228 8 -8 0
146 101 208 231 8 0 0
154 101 205 234 8 0 0
162 101 202 237 8 0 0
170 101 199 240 8 0 0
178 101 196 243 8 -8 0
186 93 193 246 8 8 0
194 101 190 249 8 8 0
202 109 187 252 0 0 0
202 109 184 255 8 0 0
210 109 181 258 0 0 0
210 109 178 261 8 8 0
218 117 175 264 0 8 0
218 125 172 267 0 8 0
218 133 169 270 8 8 0
226 141 166 273 0 8 0
226 149 163 276 0 8 0
226 157 160 279 8 0 0
234 157 157 282 0 -8 0
234 149 154 285 8 -8 0
242 141 151 288 0 0 0
242 141 148 291 0 0 0
242 141 145 294 8 8 0
250 149 142 297 0 -8 0
250 141 139 300 0 -8 0
250 133 136 303 8 -8 0
258 125 133 306 0 8 0
258 133 130 309 8 -8 0
266 125 127 312 0 0 0
266 125 124 315 0 0 0
266 125 121 318 8 -8 0
274 117 118 321 0 8 0
274 125 115 324 0 0 0
274 125 112 327 8 0 0
282 125 109 330 0 -8 0
282 117 106 333 8 0 0
290 117 103 336 0 8 0
290 125 100 339 0 -8 0
290 117 97 342 8 0 0
298 117 94 345 0 0 0
298 117 91 348 0 0 0
298 117 88 351 8 0 0
306 117 85 354 0 -8 0
306 109 82 357 8 0 0
314 109 79 360 0 0 0
314 109 76 363 0 8 0
314 117 73 366 8 8 0
322 125 70 369 0 8 0
322 133 67 372 0 -8 0
322 125 64 375 8 8 0
330 133 61 378 0 8 0
330 141 58 381 8 -8 0
338 133 55 384 0 8 0
338 141 52 387 0 8 0
338 149 49 390 8 8 0
346 157 46 393 0 -8 0
346 149 43 396 0 -8 0
346 141 40 399 8 0 0
354 141 37 402 0 0 0
354 141 34 405 8 -8 0
362 133 31 408 0 -8 0
362 125 28 411 0 8 0
362 133 25 414 8 8 0
370 141 22 417 0 8 0
370 149 19 420 0 0 0
370 149 22 423 8 -8 0
378 141 25 426 0 8 0
378 149 28 429 8 0 0
386 149 31 432 0 0 0
386 149 34 435 0 0 0
386 149 37 438 8 8 0
394 157 40 441 0 -8 0
394 149 43 444 0 8 0
394 157 46 447 8 -8 0
402 149 49 450 0 0 0
402 149 52 453 8 -8 0
410 141 55 456 0 0 0
410 141 58 459 0 8 0
410 149 61 462 8 8 0
418 157 64 465 0 8 0
418 165 67 468 0 0 0
418 165 70 471 8 8 0
426 173 73 474 0 0 0
426 173 76 477 8 0 0
434 173 79 480 0 -8 0
434 165 82 483 0 -8 0
434 157 85 486 8 -8 0
442 149 88 489 0 8 0
442 157 91 492 0 8 0
442 165 94 495 8 8 0
450 173 97 498 0 -8 0
450 165 100 501 8 -8 0
458 157 103 504 0 8 0
458 165 106 507 0 8 0
458 173 109 510 8 -8 0
466 165 112 513 0 -8 0
466 157 115 516 0 -8 0
466 149 118 519 8 8 0
474 157 121 522 0 8 0
474 165 124 525 8 -8 0
482 157 127 528 0 0 0
482 157 130 531 0 8 0
482 165 133 534 8 -8 0
490 157 136 537 0 -8 0
490 149 139 540 0 0 0
490 149 142 543 8 0 0
498 149 145 546 0 8 0
498 157 148 549 8 0 0
506 157 151 552 0 0 0
506 157 154 555 0 8 0
506 165 157 558 8 -8 0
514 157 160 561 0 -8 0
514 149 163 564 0 -8 0
514 141 166 567 8 -8 0
522 133 169 570 0 0 0
522 133 172 573 8 0 0
530 133 175 576 0 0 0
530 133 178 579 0 -8 0
530 125 181 582 8 0 0
538 125 184 585 0 0 0
538 125 187 588 0 -8 0
538 117 190 591 8 -8 0
540 109 193 588 0 -8 0
540 101 196 585 0 -8 0
540 93 199 582 0 8 0
540 101 202 579 0 0 0
540 101 205 576 0 -8 0
540 93 208 573 0 8 0
540 101 211 570 0 -8 0
540 93 214 567 0 -8 0
540 85 217 564 0 8 0
540 93 220 561 0 -8 0
540 85 223 558 0 -8 0
540 77 226 555 0 0 0
540 77 229 552 0 8 0
540 85 232 549 0 0 0
540 85 235 546 0 0 0
540 85 238 543 0 8 0
540 93 241 540 0 8 0
540 101 244 537 0 0 0
540 101 247 534 0 0 0
540 101 250 531 0 0 0
540 101 253 528 0 8 0
540 109 256 525 0 0 0
540 109 259 522 0 8 0
540 117 262 519 0 -8 0
540 109 265 516 0 8 0
540 117 268 513 0 0 0
540 117 271 510 0 8 0
540 125 274 507 0 0 0
540 125 277 504 0 -8 0
540 117 280 501 0 -8 0
540 109 283 498 0 -8 0
540 101 286 495 0 0 0
540 101 289 492 0 8 0
540 109 292 489 -8 8 0
532 117 295 486 0 8 0
532 125 298 483 0 -8 0
532 117 301 480 -8 8 0
524 125 304 477 0 0 0
524 125 307 474 0 8 0
524 133 310 471 -8 8 0
516 141 313 468 0 8 0
516 149 316 465 -8 -8 0
508 141 319 462 0 0 0
508 141 322 459 0 0 0
508 141 325 456 -8 -8 0
500 133 328 453 0 0 0
500 133 331 450 0 8 0
500 141 334 447 -8 8 0
492 149 337 444 0 0 0
492 149 340 441 -8 8 0
484 157 343 438 0 0 0
484 157 346 435 0 0 0
484 157 349 432 -8 -8 0
476 149 352 429 0 0 0
476 149 355 426 0 -8 0
476 141 358 423 -8 0 0
468 141 361 420 0 8 0
468 149 364 417 -8 -8 0
460 141 367 414 0 0 0
460 141 370 411 0 0 0
460 141 373 408 -8 -8 0
452 133 376 405 0 -8 0
452 125 379 402 0 8 0
452 133 382 399 -8 8 0
444 141 385 396 0 -8 0
444 133 388 393 -8 -8 0
436 125 391 390 0 0 0
436 125 394 387 0 8 0
436 133 397 384 -8 0 0
428 133 400 381 0 -8 0
428 125 403 378 0 8 0
428 133 406 375 -8 8 0
420 141 409 372 0 8 0
420 149 412 369 -8 8 0
412 157 415 366 0 0 0
412 157 418 363 0 -8 0
412 149 421 360 -8 0 0
404 149 424 357 0 -8 0
404 141 427 354 0 0 0
404 141 430 351 -8 -8 0
396 133 433 348 0 0 0
396 133 436 345 -8 8 0
388 141 439 342 0 0 0
388 141 442 339 0 -8 0
388 133 445 336 -8 -8 0
380 125 448 333 0 -8 0
380 117 451 330 0 0 0
380 117 454 327 -8 8 0
372 125 457 324 0 8 0
372 133 460 321 -8 8 0
364 141 463 318 0 8 0
364 149 466 315 0 -8 0
364 141 469 312 -8 -8 0
356 133 472 309 0 8 0
356 141 475 306 0 8 0
356 149 478 303 -8 -8 0
348 141 481 300 0 8 0
348 149 484 297 -8 0 0
340 149 487 294 0 8 0
340 157 490 291 0 8 0
340 165 493 288 -8 0 0
332 165 496 285 0 8 0
332 173 499 282 0 -8 0
332 165 502 279 -8 -8 0
324 157 505 276 0 -8 0
324 149 508 273 -8 -8 0
316 141 511 270 0 0 0
316 141 514 267 0 8 0
316 149 517 264 -8 0 0
308 149 520 261 0 0 0
308 149 523 258 0 -8 0
308 141 526 255 -8 0 0
300 141 529 252 0 -8 0
300 133 532 249 -8 -8 0
292 125 535 246 0 0 0
292 125 538 243 0 8 0
292 133 541 240 -8 0 0
284 133 544 237 0 0 0
284 133 547 234 0 -8 0
284 125 550 231 -8 -8 0
276 117 553 228 0 0 0
276 117 556 225 -8 0 0
268 117 559 222 0 8 0
268 125 562 219 0 0 0
268 125 565 216 -8 -8 0
260 117 568 213 0 8 0
260 125 571 210 0 -8 0
260 117 574 207 -8 8 0
252 125 577 204 0 0 0
252 125 580 201 -8 -8 0
244 117 583 198 0 8 0
244 125 586 195 0 0 0
244 125 589 192 -8 0 0
236 125 592 189 0 8 0
236 133 595 186 0 0 0
236 133 598 183 -8 0 0
228 133 601 180 0 8 0
228 141 604 177 -8 -8 0
220 133 607 174 0 8 0
220 141 610 171 0 0 0
220 141 613 168 -8 0 0
212 141 616 165 0 8 0
212 149 619 162 0 8 0
212 157 622 159 -8 8 0
204 165 625 156 0 -8 0
204 157 628 153 -8 0 0
196 157 631 150 0 0 0
196 157 634 147 0 0 0
196 157 637 144 -8 0 0
188 157 640 141 0 0 0
188 157 643 138 0 -8 0
188 149 646 135 -8 0 0
180 149 649 132 0 8 0
180 157 652 129 -8 8 0
172 165 655 126 0 0 0
172 165 658 123 0 0 0
172 165 661 120 -8 -8 0
164 157 664 117 0 -8 0
164 149 667 114 0 8 0
164 157 670 111 -8 -8 0
156 149 673 108 0 0 0
156 149 676 105 -8 8 0
148 157 679 102 0 -8 0
148 149 682 99 0 8 0
148 157 685 96 -8 -8 0
140 149 688 93 0 8 0
140 157 691 90 0 -8 0
140 149 694 87 -8 8 0
132 157 697 84 0 -8 0
132 149 700 81 -8 0 0
124 149 703 78 0 8 0
124 157 706 75 0 8 0
124 165 709 72 -8 -8 0
116 157 712 69 0 0 0
116 157 715 66 0 8 0
116 165 718 63 -8 -8 0
108 157 721 60 0 0 0
108 157 724 57 -8 -8 0
100 149 727 54 0 8 0
100 157 730 51 0 8 0
100 165 733 48 -8 8 0
92 173 736 45 0 8 0
92 181 739 42 0 -8 0
92 173 742 39 -8 -8 0
84 165 745 36 0 8 0
84 173 748 33 -8 -8 0
76 165 751 30 0 8 0
76 173 754 27 0 -8 0
76 165 757 24 -8 8 0
68 173 760 21 0 8 0
68 181 763 18 0 8 0
68 189 766 15 -8 -8 0
60 181 769 12 0 0 0
60 181 772 9 -8 0 0
60 181 775 12 0 -8 0
60 173 778 15 0 0 0
60 173 781 18 0 0 1
60 173 781 18 0 0 1
60 173 781 18 0 0 1
60 173 781 18 0 0 1
60 173 781 18 0 0 1
