259 234 157 267 0 0 0
259 234 160 264 0 0 0
259 234 163 261 0 0 0
259 234 166 258 0 8 0
259 242 169 255 0 0 0
259 242 172 252 0 0 0
259 242 175 249 0 8 0
259 250 178 246 0 0 0
259 250 181 243 0 0 0
259 250 184 240 0 0 0
259 250 187 237 0 0 0
259 250 190 234 0 8 0
259 258 193 231 0 8 0
259 266 196 228 0 8 0
259 274 199 225 0 8 0
259 282 202 222 0 0 0
259 282 205 219 0 0 0
259 282 208 216 0 8 0
259 290 211 213 0 0 0
259 290 214 210 0 0 0
259 290 217 207 -8 -8 0
251 282 220 204 0 0 0
251 282 223 201 0 8 0
251 290 226 198 -8 -8 0
243 282 229 195 0 8 0
243 290 232 192 -8 0 0
235 290 235 189 0 -8 0
235 282 238 186 0 -8 0
235 274 241 183 -8 -8 0
227 266 244 180 0 8 0
227 274 247 177 0 0 0
227 274 250 174 -8 -8 0
219 266 253 171 0 -8 0
219 258 256 168 -8 8 0
211 266 259 165 0 0 0
211 266 262 162 0 0 0
211 266 265 159 -8 -8 0
203 258 268 156 0 -8 0
203 250 271 153 0 -8 0
203 242 274 150 -8 0 0
195 242 277 147 0 -8 0
195 234 280 144 -8 8 0
187 242 283 141 0 -8 0
187 234 286 138 0 0 0
187 234 289 135 -8 8 0
179 242 292 132 0 8 0
179 250 295 129 0 -8 0
179 242 298 126 -8 0 0
171 242 301 123 0 8 0
171 250 304 120 -8 -8 0
163 242 307 117 0 -8 0
163 234 310 114 0 0 0
163 234 313 111 -8 0 0
155 234 316 108 0 -8 0
155 226 319 105 0 8 0
155 234 322 102 -8 -8 0
147 226 325 99 0 -8 0
147 218 328 96 -8 0 0
139 218 331 93 0 8 0
139 226 334 90 0 8 0
139 234 337 87 -8 0 0
131 234 340 84 0 0 0
131 234 343 81 0 -8 0
131 226 346 78 -8 0 0
123 226 349 75 0 0 0
123 226 352 72 -8 -8 0
115 218 355 69 0 8 0
115 226 358 66 0 0 0
115 226 361 63 -8 0 0
107 226 364 60 0 -8 0
107 218 367 57 0 0 0
107 218 370 54 -8 0 0
99 218 373 51 0 -8 0
99 210 376 48 -8 -8 0
91 202 379 45 0 8 0
91 210 382 42 0 8 0
91 218 385 39 -8 0 0
83 218 388 36 0 0 0
83 218 391 33 0 -8 0
83 210 394 30 -8 8 0
75 218 397 27 0 -8 0
75 210 400 24 -8 0 0
67 210 403 21 0 -8 0
67 202 406 18 0 8 0
67 210 409 15 -8 8 0
60 218 412 12 0 0 0
60 218 415 9 -8 0 0
60 218 418 12 0 8 0
60 226 421 15 0 -8 0
60 218 424 18 0 8 0
60 226 427 21 0 8 0
60 234 430 24 0 0 0
60 234 433 27 0 0 0
60 234 436 30 0 -8 0
60 226 439 33 0 8 0
60 234 442 36 0 8 0
60 242 445 39 0 8 0
60 250 448 42 0 -8 0
60 242 451 45 0 -8 0
60 234 454 48 0 8 0
60 242 457 51 0 8 0
60 250 460 54 0 0 0
60 250 463 57 0 -8 0
60 242 466 60 0 0 0
60 242 469 63 0 8 0
60 250 472 66 0 -8 0
60 242 475 69 0 -8 0
60 234 478 72 0 0 0
60 234 481 75 0 -8 0
60 226 484 78 0 0 0
60 226 487 81 0 8 0
60 234 490 84 0 8 0
60 242 493 87 0 8 0
60 250 496 90 0 0 0
60 250 499 93 0 0 0
60 250 502 96 0 0 0
60 250 505 99 0 0 0
60 250 508 102 0 8 0
60 258 511 105 0 0 0
60 258 514 108 0 8 0
60 266 517 111 8 -8 0
68 258 520 114 0 8 0
68 266 523 117 0 8 0
68 274 526 120 8 8 0
76 282 529 123 0 8 0
76 290 532 126 0 8 0
76 298 535 129 8 8 0
84 306 538 132 0 0 0
84 306 541 135 8 -8 0
92 298 544 138 0 -8 0
92 290 547 141 0 0 0
92 290 550 144 8 -8 0
100 282 553 147 0 -8 0
100 274 556 150 0 0 0
100 274 559 153 8 8 0
108 282 562 156 0 0 0
108 282 565 159 8 8 0
116 290 568 162 0 0 0
116 290 571 165 0 -8 0
116 282 574 168 8 -8 0
124 274 577 171 0 0 0
124 274 580 174 0 -8 0
124 266 583 177 8 8 0
132 274 586 180 0 -8 0
132 266 589 183 8 0 0
140 266 592 186 0 0 0
140 266 595 189 0 0 0
140 266 598 192 8 8 0
148 274 601 195 0 0 0
148 274 604 198 0 -8 0
148 266 607 201 8 0 0
156 266 610 204 0 0 0
156 266 613 207 8 8 0
164 274 616 210 0 -8 0
164 266 619 213 0 -8 0
164 258 622 216 8 -8 0
172 250 625 219 0 0 0
172 250 628 222 0 8 0
172 258 631 225 8 -8 0
180 250 634 228 0 -8 0
180 242 637 231 8 -8 0
188 234 640 234 0 8 0
188 242 643 237 0 0 0
188 242 646 240 8 -8 0
196 234 649 243 0 0 0
196 234 652 246 0 0 0
196 234 655 249 8 0 0
204 234 658 252 0 -8 0
204 226 661 255 8 -8 0
212 218 664 258 0 8 0
212 226 667 261 0 0 0
212 226 670 264 8 -8 0
220 218 673 267 0 8 0
220 226 676 270 0 8 0
220 234 679 273 8 8 0
228 242 682 276 0 -8 0
228 234 685 279 8 8 0
236 242 688 282 0 -8 0
236 234 691 285 0 0 0
236 234 694 288 8 8 0
244 242 697 291 0 -8 0
244 234 700 294 0 8 0
244 242 703 297 8 8 0
252 250 706 300 0 0 0
252 250 709 303 8 -8 0
260 242 712 306 0 8 0
260 250 715 309 0 -8 0
260 242 718 312 8 8 0
268 250 721 315 0 0 0
268 250 724 318 0 8 0
268 258 727 321 8 8 0
276 266 730 324 0 -8 0
276 258 733 327 8 8 0
284 266 736 330 0 8 0
284 274 739 333 0 0 0
284 274 742 336 8 0 0
292 274 745 339 0 -8 0
292 266 748 342 0 8 0
292 274 751 345 8 8 0
300 282 754 348 0 -8 0
300 274 757 351 8 8 0
308 282 760 354 0 8 0
308 290 763 357 0 8 0
308 298 766 360 8 -8 0
316 290 769 363 0 0 0
316 290 772 366 0 -8 0
316 282 775 369 8 8 0
324 290 778 372 0 8 0
324 298 781 375 0 0 1
324 298 781 375 0 0 1
324 298 781 375 0 0 1
324 298 781 375 0 0 1
324 298 781 375 0 0 1
