284 231 433 186 0 0 0
284 231 430 189 -8 8 0
276 239 427 192 -8 8 0
268 247 424 195 -8 8 0
260 255 421 198 -8 8 0
252 263 418 201 -8 0 0
244 263 415 204 0 0 0
244 263 412 207 0 8 0
244 271 409 210 0 0 0
244 271 406 213 0 8 0
244 279 403 216 0 0 0
244 279 400 219 0 -8 0
244 271 397 222 0 0 0
244 271 394 225 0 8 0
244 279 391 228 0 -8 0
244 271 388 231 0 0 0
244 271 385 234 0 8 0
244 279 382 237 0 0 0
244 279 379 240 0 0 0
244 279 376 243 0 8 0
244 287 373 246 0 -8 0
244 279 370 249 0 -8 0
244 271 367 252 0 -8 0
244 263 364 255 0 -8 0
244 255 361 258 0 -8 0
244 247 358 261 0 -8 0
244 239 355 264 0 -8 0
244 231 352 267 0 -8 0
244 223 349 270 0 -8 0
244 215 346 273 0 -8 0
244 207 343 276 0 8 0
244 215 340 279 0 0 0
244 215 337 282 0 8 0
244 223 334 285 0 -8 0
244 215 331 288 0 8 0
244 223 328 291 0 8 0
244 231 325 294 0 0 0
244 231 322 297 8 0 0
252 231 319 300 0 8 0
252 239 316 303 8 8 0
260 247 313 306 0 0 0
260 247 310 309 0 8 0
260 255 307 312 8 0 0
268 255 304 315 0 0 0
268 255 301 318 0 8 0
268 263 298 321 8 0 0
276 263 295 324 0 -8 0
276 255 292 327 8 8 0
284 263 289 330 0 -8 0
284 255 286 333 0 -8 0
284 247 283 336 8 0 0
292 247 280 339 0 8 0
292 255 277 342 0 8 0
292 263 274 345 8 8 0
300 271 271 348 0 0 0
300 271 268 351 8 0 0
308 271 265 354 0 -8 0
308 263 262 357 0 8 0
308 271 259 360 8 8 0
316 279 256 363 0 8 0
316 287 253 366 0 8 0
316 295 250 369 8 0 0
324 295 247 372 0 8 0
324 303 244 375 8 -8 0
332 295 241 378 0 -8 0
332 287 238 381 0 -8 0
332 279 235 384 8 8 0
340 287 232 387 0 0 0
340 287 229 390 0 0 0
340 287 226 393 8 8 0
348 295 223 396 0 -8 0
348 287 220 399 8 8 0
356 295 217 402 0 -8 0
356 287 214 405 0 -8 0
356 279 211 408 8 -8 0
364 271 208 411 0 0 0
364 271 205 414 0 8 0
364 279 202 417 8 -8 0
372 271 199 420 0 8 0
372 279 196 423 8 0 0
380 279 193 426 0 0 0
380 279 190 429 0 8 0
380 287 187 432 8 8 0
388 295 184 435 0 0 0
388 295 181 438 0 0 0
388 295 178 441 8 -8 0
396 287 175 444 0 8 0
396 295 172 447 8 -8 0
404 287 169 450 0 0 0
404 287 166 453 0 0 0
404 287 163 456 8 -8 0
412 279 160 459 0 8 0
412 287 157 462 0 0 0
412 287 154 465 8 -8 0
420 279 151 468 0 8 0
420 287 148 471 8 0 0
428 287 145 474 0 -8 0
428 279 142 477 0 -8 0
428 271 139 480 8 0 0
436 271 136 483 0 8 0
436 279 133 486 0 8 0
436 287 130 489 8 -8 0
444 279 127 492 0 8 0
444 287 124 495 8 -8 0
452 279 121 498 0 -8 0
452 271 118 501 0 -8 0
452 263 115 504 8 8 0
460 271 112 507 0 0 0
460 271 109 510 0 8 0
460 279 106 513 8 0 0
468 279 103 516 0 0 0
468 279 100 519 8 -8 0
476 271 97 522 0 8 0
476 279 94 525 0 -8 0
476 271 91 528 8 -8 0
484 263 88 531 0 8 0
484 271 85 534 0 8 0
484 279 82 537 8 0 0
492 279 79 540 0 -8 0
492 271 76 543 8 0 0
500 271 73 546 0 -8 0
500 263 70 549 0 -8 0
500 255 67 552 8 8 0
508 263 64 555 0 0 0
508 263 61 558 0 -8 0
508 255 58 561 8 8 0
516 263 55 564 0 8 0
516 271 52 567 8 -8 0
524 263 49 570 0 -8 0
524 255 46 573 0 8 0
524 263 43 576 8 8 0
532 271 40 579 0 -8 0
532 263 37 582 0 -8 0
532 255 34 585 8 0 0
540 255 31 588 0 0 0
540 255 28 591 8 0 0
540 255 25 588 0 0 0
540 255 22 585 0 0 0
540 255 19 582 0 8 0
540 263 22 579 0 -8 0
540 255 25 576 0 8 0
540 263 28 573 0 -8 0
540 255 31 570 0 0 0
540 255 34 567 0 0 0
540 255 37 564 0 8 0
540 263 40 561 0 0 0
540 263 43 558 0 8 0
540 271 46 555 0 -8 0
540 263 49 552 0 8 0
540 271 52 549 0 -8 0
540 263 55 546 0 8 0
540 271 58 543 0 -8 0
540 263 61 540 0 0 0
540 263 64 537 0 0 0
540 263 67 534 0 -8 0
540 255 70 531 0 8 0
540 263 73 528 0 8 0
540 271 76 525 0 0 0
540 271 79 522 0 8 0
540 279 82 519 0 8 0
540 287 85 516 0 8 0
540 295 88 513 0 -8 0
540 287 91 510 0 8 0
540 295 94 507 0 8 0
540 303 97 504 0 0 0
540 303 100 501 0 8 0
540 311 103 498 0 -8 0
540 303 106 495 0 8 0
540 311 109 492 0 -8 0
540 303 112 489 -8 -8 0
532 295 115 486 0 0 0
532 295 118 483 0 -8 0
532 287 121 480 -8 0 0
524 287 124 477 0 8 0
524 295 127 474 0 8 0
524 303 130 471 -8 -8 0
516 295 133 468 0 8 0
516 303 136 465 -8 8 0
508 311 139 462 0 8 0
508 319 142 459 0 -8 0
508 311 145 456 -8 0 0
500 311 148 453 0 0 0
500 311 151 450 0 8 0
500 319 154 447 -8 0 0
492 319 157 444 0 -8 0
492 311 160 441 -8 0 0
484 311 163 438 0 -8 0
484 303 166 435 0 8 0
484 311 169 432 -8 8 0
476 319 172 429 0 -8 0
476 311 175 426 0 -8 0
476 303 178 423 -8 8 0
468 311 181 420 0 8 0
468 319 184 417 -8 0 0
460 319 187 414 0 8 0
460 327 190 411 0 8 0
460 335 193 408 -8 -8 0
452 327 196 405 0 0 0
452 327 199 402 0 0 0
452 327 202 399 -8 8 0
444 335 205 396 0 0 0
444 335 208 393 -8 -8 0
436 327 211 390 0 0 0
436 327 214 387 0 8 0
436 335 217 384 -8 8 0
428 343 220 381 0 8 0
428 351 223 378 0 -8 0
428 343 226 375 -8 8 0
420 351 229 372 0 0 0
420 351 232 369 -8 0 0
412 351 235 366 0 8 0
412 359 238 363 0 -8 0
412 351 241 360 -8 0 0
404 351 244 357 0 -8 0
404 343 247 354 0 -8 0
404 335 250 351 -8 -8 0
396 327 253 348 0 0 0
396 327 256 345 -8 -8 0
388 319 259 342 0 0 0
388 319 262 339 0 -8 0
388 311 265 336 -8 0 0
380 311 268 333 0 0 0
380 311 271 330 0 -8 0
380 303 274 327 -8 8 0
372 311 277 324 0 -8 0
372 303 280 321 -8 0 0
364 303 283 318 0 8 0
364 311 286 315 0 8 0
364 319 289 312 -8 -8 0
356 311 292 309 0 8 0
356 319 295 306 0 -8 0
356 311 298 303 -8 0 0
348 311 301 300 0 8 0
348 319 304 297 -8 0 0
340 319 307 294 0 8 0
340 327 310 291 0 8 0
340 335 313 288 -8 -8 0
332 327 316 285 0 0 0
332 327 319 282 0 0 0
332 327 322 279 -8 -8 0
324 319 325 276 0 8 0
324 327 328 273 -8 0 0
316 327 331 270 0 0 0
316 327 334 267 0 -8 0
316 319 337 264 -8 0 0
308 319 340 261 0 0 0
308 319 343 258 0 -8 0
308 311 346 255 -8 -8 0
300 303 349 252 0 -8 0
300 295 352 249 -8 8 0
292 303 355 246 0 0 0
292 303 358 243 0 -8 0
292 295 361 240 -8 8 0
284 303 364 237 0 8 0
284 311 367 234 0 0 0
284 311 370 231 -8 8 0
276 319 373 228 0 8 0
276 327 376 225 -8 -8 0
268 319 379 222 0 8 0
268 327 382 219 0 0 0
268 327 385 216 -8 8 0
260 335 388 213 0 -8 0
260 327 391 210 0 8 0
260 335 394 207 -8 8 0
252 343 397 204 0 0 0
252 343 400 201 -8 -8 0
244 335 403 198 0 -8 0
244 327 406 195 0 -8 0
244 319 409 192 -8 8 0
236 327 412 189 0 -8 0
236 319 415 186 0 -8 0
236 311 418 183 -8 0 0
228 311 421 180 0 8 0
228 319 424 177 -8 0 0
220 319 427 174 0 0 0
220 319 430 171 0 0 0
220 319 433 168 -8 0 0
212 319 436 165 0 8 0
212 327 439 162 0 0 0
212 327 442 159 -8 -8 0
204 319 445 156 0 -8 0
204 311 448 153 -8 -8 0
196 303 451 150 0 8 0
196 311 454 147 0 8 0
196 319 457 144 -8 -8 0
188 311 460 141 0 0 0
188 311 463 138 0 -8 0
188 303 466 135 -8 0 0
180 303 469 132 0 8 0
180 311 472 129 -8 0 0
172 311 475 126 0 -8 0
172 303 478 123 0 0 0
172 303 481 120 -8 0 0
164 303 484 117 0 0 0
164 303 487 114 0 -8 0
164 295 490 111 -8 0 0
156 295 493 108 0 -8 0
156 287 496 105 -8 -8 0
148 279 499 102 0 -8 0
148 271 502 99 0 8 0
148 279 505 96 -8 8 0
140 287 508 93 0 8 0
140 295 511 90 0 8 0
140 303 514 87 -8 -8 0
132 295 517 84 0 -8 0
132 287 520 81 -8 -8 0
124 279 523 78 0 0 0
124 279 526 75 0 0 0
124 279 529 72 -8 8 0
116 287 532 69 0 -8 0
116 279 535 66 0 8 0
116 287 538 63 -8 -8 0
108 279 541 60 0 0 0
108 279 544 57 -8 8 0
100 287 547 54 0 0 0
100 287 550 51 0 0 0
100 287 553 48 -8 0 0
92 287 556 45 0 0 0
92 287 559 42 0 -8 0
92 279 562 39 -8 -8 0
84 271 565 36 0 0 0
84 271 568 33 -8 0 0
76 271 571 30 0 8 0
76 279 574 27 0 8 0
76 287 577 24 -8 0 0
68 287 580 21 0 -8 0
68 279 583 18 0 -8 0
68 271 586 15 -8 0 0
60 271 589 12 0 -8 0
60 263 592 9 -8 0 0
60 263 595 12 0 0 0
60 263 598 15 0 0 0
60 263 601 18 0 0 0
60 263 604 21 0 -8 0
60 255 607 24 0 -8 0
60 247 610 27 0 8 0
60 255 613 30 0 8 0
60 263 616 33 0 -8 0
60 255 619 36 0 0 0
60 255 622 39 0 0 0
60 255 625 42 0 8 0
60 263 628 45 0 -8 0
60 255 631 48 0 -8 0
60 247 634 51 0 0 0
60 247 637 54 0 0 0
60 247 640 57 0 -8 0
60 239 643 60 0 -8 0
60 231 646 63 0 0 0
60 231 649 66 0 0 0
60 231 652 69 0 0 0
60 231 655 72 0 8 0
60 239 658 75 0 -8 0
60 231 661 78 0 -8 0
60 223 664 81 0 -8 0
60 215 667 84 0 -8 0
60 207 670 87 0 0 0
60 207 673 90 0 -8 0
60 199 676 93 0 0 0
60 199 679 96 0 8 0
60 207 682 99 0 0 0
60 207 685 102 0 -8 0
60 199 688 105 0 8 0
60 207 691 108 0 -8 0
60 199 694 111 8 -8 0
68 191 697 114 0 0 0
68 191 700 117 0 0 0
68 191 703 120 8 8 0
76 199 706 123 0 0 0
76 199 709 126 0 0 0
76 199 712 129 8 -8 0
84 191 715 132 0 8 0
84 199 718 135 8 8 0
92 207 721 138 0 -8 0
92 199 724 141 0 -8 0
92 191 727 144 8 0 0
100 191 730 147 0 8 0
100 199 733 150 0 0 0
100 199 736 153 8 0 0
108 199 739 156 0 -8 0
108 191 742 159 8 0 0
116 191 745 162 0 8 0
116 199 748 165 0 -8 0
116 191 751 168 8 0 0
124 191 754 171 0 -8 0
124 183 757 174 0 -8 0
124 175 760 177 8 -8 0
132 167 763 180 0 8 0
132 175 766 183 8 0 0
140 175 769 186 0 8 0
140 183 772 189 0 -8 0
140 175 775 192 8 -8 0
148 167 778 195 0 0 0
148 167 781 198 0 0 0
148 167 778 201 8 8 0
156 175 775 204 0 -8 0
156 167 772 207 8 -8 0
164 159 769 210 0 8 0
164 167 766 213 0 0 0
164 167 763 216 8 -8 0
172 159 760 219 0 -8 0
172 151 757 222 0 -8 0
172 143 754 225 8 0 0
180 143 751 228 0 8 0
180 151 748 231 8 0 0
188 151 745 234 0 0 0
188 151 742 237 0 -8 0
188 143 739 240 8 0 0
196 143 736 243 0 0 0
196 143 733 246 0 -8 0
196 135 730 249 8 -8 0
204 127 727 252 0 8 0
204 135 724 255 8 8 0
212 143 721 258 0 8 0
212 151 718 261 0 0 0
212 151 715 264 8 0 0
220 151 712 267 0 0 0
220 151 709 270 0 -8 0
220 143 706 273 8 8 0
228 151 703 276 0 8 0
228 159 700 279 8 0 0
236 159 697 282 0 0 0
236 159 694 285 0 0 0
236 159 691 288 8 8 0
244 167 688 291 0 0 0
244 167 685 294 0 0 0
244 167 682 297 8 -8 0
252 159 679 300 0 8 0
252 167 676 303 8 -8 0
260 159 673 306 0 -8 0
260 151 670 309 0 8 0
260 159 667 312 8 8 0
268 167 664 315 0 8 0
268 175 661 318 0 -8 0
268 167 658 321 8 -8 0
276 159 655 324 0 8 0
276 167 652 327 8 0 0
284 167 649 330 0 8 0
284 175 646 333 0 -8 0
284 167 643 336 8 0 0
292 167 640 339 0 8 0
292 175 637 342 0 8 0
292 183 634 345 8 8 0
300 191 631 348 0 0 0
300 191 628 351 8 0 0
308 191 625 354 0 -8 0
308 183 622 357 0 0 0
308 183 619 360 8 8 0
316 191 616 363 0 -8 0
316 183 613 366 0 8 0
316 191 610 369 8 0 0
324 191 607 372 0 -8 0
324 183 604 375 8 -8 0
332 175 601 378 0 0 0
332 175 598 381 0 8 0
332 183 595 384 8 -8 0
340 175 592 387 0 0 0
340 175 589 390 0 -8 0
340 167 586 393 8 8 0
348 175 583 396 0 8 0
348 183 580 399 8 8 0
356 191 577 402 0 -8 0
356 183 574 405 0 0 0
356 183 571 408 8 8 0
364 191 568 411 0 0 0
364 191 565 414 0 8 0
364 199 562 417 8 -8 0
372 191 559 420 0 0 0
372 191 556 423 8 -8 0
380 183 553 426 0 8 0
380 191 550 429 0 0 0
380 191 547 432 8 -8 0
388 183 544 435 0 -8 0
388 175 541 438 0 -8 0
388 167 538 441 8 -8 0
396 159 535 444 0 -8 0
396 151 532 447 8 0 0
404 151 529 450 0 -8 0
404 143 526 453 0 -8 0
404 135 523 456 8 8 0
412 143 520 459 0 0 0
412 143 517 462 0 -8 0
412 135 514 465 8 -8 0
420 127 511 468 0 8 0
420 135 508 471 8 -8 0
428 127 505 474 0 8 0
428 135 502 477 0 0 0
428 135 499 480 8 -8 0
436 127 496 483 0 8 0
436 135 493 486 0 0 0
436 135 490 489 8 0 0
444 135 487 492 0 8 0
444 143 484 495 8 8 0
452 151 481 498 0 -8 0
452 143 478 501 0 8 0
452 151 475 504 8 -8 0
460 143 472 507 0 8 0
460 151 469 510 0 0 0
460 151 466 513 8 -8 0
468 143 463 516 0 0 0
468 143 460 519 8 8 0
476 151 457 522 0 -8 0
476 143 454 525 0 -8 0
476 135 451 528 8 8 0
484 143 448 531 0 -8 0
484 135 445 534 0 8 0
484 143 442 537 8 8 0
492 151 439 540 0 0 0
492 151 436 543 8 -8 0
500 143 433 546 0 0 0
500 143 430 549 0 0 0
500 143 427 552 8 8 0
508 151 424 555 0 8 0
508 159 421 558 0 -8 0
508 151 418 561 8 -8 0
516 143 415 564 0 8 0
516 151 412 567 8 8 0
524 159 409 570 0 8 0
524 167 406 573 0 -8 0
524 159 403 576 8 8 0
532 167 400 579 0 8 0
532 175 397 582 0 8 0
532 183 394 585 8 0 0
540 183 391 588 0 8 0
540 191 388 591 8 0 0
540 191 385 588 0 0 0
540 191 382 585 0 -8 0
540 183 379 582 0 0 0
540 183 376 579 0 8 0
540 191 373 576 0 8 0
540 199 370 573 0 0 0
540 199 367 570 0 -8 0
540 191 364 567 0 -8 0
540 183 361 564 0 -8 0
540 175 358 561 0 0 0
540 175 355 558 0 -8 0
540 167 352 555 0 -8 0
540 159 349 552 0 -8 0
540 151 346 549 0 -8 0
540 143 343 546 0 8 0
540 151 340 543 0 0 0
540 151 337 540 0 0 0
540 151 334 537 0 8 0
540 159 331 534 0 8 0
540 167 328 531 0 8 0
540 175 325 528 0 8 0
540 183 322 525 0 8 0
540 191 319 522 0 -8 0
540 183 316 519 0 8 0
540 191 313 516 0 -8 0
540 183 310 513 0 0 0
540 183 307 510 0 0 0
540 183 304 507 0 8 0
540 191 301 504 0 8 0
540 199 298 501 0 -8 0
540 191 295 498 0 -8 0
540 183 292 495 0 8 0
540 191 289 492 0 -8 0
540 183 286 489 -8 -8 0
532 175 283 486 0 0 0
532 175 280 483 0 8 0
532 183 277 480 -8 0 0
524 183 274 477 0 0 0
524 183 271 474 0 -8 0
524 175 268 471 -8 -8 0
516 167 265 468 0 0 0
516 167 262 465 -8 8 0
508 175 259 462 0 8 0
508 183 256 459 0 8 0
508 191 253 456 -8 0 0
500 191 250 453 0 8 0
500 199 247 450 0 0 0
500 199 244 447 -8 0 0
492 199 241 444 0 0 0
492 199 238 441 -8 0 0
484 199 235 438 0 -8 0
484 191 232 435 0 8 0
484 199 229 432 -8 -8 0
476 191 226 429 0 0 0
476 191 223 426 0 0 0
476 191 220 423 -8 -8 0
468 183 217 420 0 -8 0
468 175 214 417 -8 0 0
460 175 211 414 0 0 0
460 175 208 411 0 8 0
460 183 205 408 -8 -8 0
452 175 202 405 0 8 0
452 183 199 402 0 -8 0
452 175 196 399 -8 -8 0
444 167 193 396 0 0 0
444 167 190 393 -8 0 0
436 167 187 390 0 0 0
436 167 184 387 0 8 0
436 175 181 384 -8 8 0
428 183 178 381 0 0 0
428 183 175 378 0 0 0
428 183 172 375 -8 8 0
420 191 169 372 0 0 0
420 191 166 369 -8 8 0
412 199 163 366 0 -8 0
412 191 160 363 0 8 0
412 199 157 360 -8 -8 0
404 191 154 357 0 0 0
404 191 151 354 0 8 0
404 199 148 351 -8 8 0
396 207 145 348 0 -8 0
396 199 142 345 -8 0 0
388 199 139 342 0 8 0
388 207 136 339 0 -8 0
388 199 133 336 -8 8 0
380 207 130 333 0 -8 0
380 199 127 330 0 8 0
380 207 124 327 -8 -8 0
372 199 121 324 0 -8 0
372 191 118 321 -8 -8 0
364 183 115 318 0 -8 0
364 175 112 315 0 8 0
364 183 109 312 -8 0 0
356 183 106 309 0 0 0
356 183 103 306 0 -8 0
356 175 100 303 -8 -8 0
348 167 97 300 0 8 0
348 175 94 297 -8 8 0
340 183 91 294 0 -8 0
340 175 88 291 0 8 0
340 183 85 288 -8 8 0
332 191 82 285 0 -8 0
332 183 79 282 0 -8 0
332 175 76 279 -8 8 0
324 183 73 276 0 0 0
324 183 70 273 -8 0 0
316 183 67 270 0 -8 0
316 175 64 267 0 8 0
316 183 61 264 -8 0 0
308 183 58 261 0 8 0
308 191 55 258 0 0 0
308 191 52 255 -8 8 0
300 199 49 252 0 -8 0
300 191 46 249 -8 8 0
292 199 43 246 0 8 0
292 207 40 243 0 8 0
292 215 37 240 -8 0 0
284 215 34 237 0 8 0
284 223 31 234 0 8 0
284 231 28 231 -8 -8 0
276 223 25 228 0 8 0
276 231 22 225 -8 8 0
268 239 19 222 0 -8 0
268 231 22 219 0 8 0
268 239 25 216 -8 -8 0
260 231 28 213 0 8 0
260 239 31 210 0 8 0
260 247 34 207 -8 0 0
252 247 37 204 0 8 0
252 255 40 201 -8 8 0
244 263 43 198 0 0 0
244 263 46 195 0 0 0
244 263 49 192 -8 0 0
236 263 52 189 0 -8 0
236 255 55 186 0 8 0
236 263 58 183 -8 -8 0
228 255 61 180 0 8 0
228 263 64 177 -8 0 0
220 263 67 174 0 8 0
220 271 70 171 0 -8 0
220 263 73 168 -8 0 0
212 263 76 165 0 0 0
212 263 79 162 0 0 0
212 263 82 159 -8 0 0
204 263 85 156 0 8 0
204 271 88 153 -8 0 0
196 271 91 150 0 0 0
196 271 94 147 0 0 0
196 271 97 144 -8 8 0
188 279 100 141 0 0 0
188 279 103 138 0 0 0
188 279 106 135 -8 -8 0
180 271 109 132 0 8 0
180 279 112 129 -8 0 0
172 279 115 126 0 -8 0
172 271 118 123 0 -8 0
172 263 121 120 -8 8 0
164 271 124 117 0 -8 0
164 263 127 114 0 -8 0
164 255 130 111 -8 0 0
156 255 133 108 0 0 0
156 255 136 105 -8 8 0
148 263 139 102 0 0 0
148 263 142 99 0 -8 0
148 255 145 96 -8 0 0
140 255 148 93 0 0 0
140 255 151 90 0 0 0
140 255 154 87 -8 8 0
132 263 157 84 0 0 0
132 263 160 81 -8 0 0
124 263 163 78 0 8 0
124 271 166 75 0 -8 0
124 263 169 72 -8 -8 0
116 255 172 69 0 -8 0
116 247 175 66 0 -8 0
116 239 178 63 -8 0 0
108 239 181 60 0 0 0
108 239 184 57 -8 -8 0
100 231 187 54 0 -8 0
100 223 190 51 0 8 0
100 231 193 48 -8 -8 0
92 223 196 45 0 8 0
92 231 199 42 0 8 0
92 239 202 39 -8 -8 0
84 231 205 36 0 8 0
84 239 208 33 -8 8 0
76 247 211 30 0 8 0
76 255 214 27 0 -8 0
76 247 217 24 -8 8 0
68 255 220 21 0 0 0
68 255 223 18 0 0 0
68 255 226 15 -8 0 0
60 255 229 12 0 8 0
60 263 232 9 -8 -8 0
60 255 235 12 0 8 0
60 263 238 15 0 -8 0
60 255 241 18 0 0 0
60 255 244 21 0 -8 0
60 247 247 24 0 -8 0
60 239 250 27 0 8 0
60 247 253 30 0 0 0
60 247 256 33 0 8 0
60 255 259 36 0 0 0
60 255 262 39 0 8 0
60 263 265 42 0 -8 0
60 255 268 45 0 8 0
60 263 271 48 0 -8 0
60 255 274 51 0 8 0
60 263 277 54 0 -8 0
60 255 280 57 0 8 0
60 263 283 60 0 8 0
60 271 286 63 0 0 0
60 271 289 66 0 0 0
60 271 292 69 0 8 0
60 279 295 72 0 8 0
60 287 298 75 0 -8 0
60 279 301 78 0 0 0
60 279 304 81 0 0 0
60 279 307 84 0 -8 0
60 271 310 87 0 -8 0
60 263 313 90 0 8 0
60 271 316 93 0 -8 0
60 263 319 96 0 -8 0
60 255 322 99 0 8 0
60 263 325 102 0 0 0
60 263 328 105 0 -8 0
60 255 331 108 0 -8 0
60 247 334 111 8 -8 0
68 239 337 114 0 -8 0
68 231 340 117 0 8 0
68 239 343 120 8 0 0
76 239 346 123 0 8 0
76 247 349 126 0 8 0
76 255 352 129 8 -8 0
84 247 355 132 0 8 0
84 255 358 135 8 -8 0
92 247 361 138 0 -8 0
92 239 364 141 0 8 0
92 247 367 144 8 0 0
100 247 370 147 0 8 0
100 255 373 150 0 -8 0
100 247 376 153 8 -8 0
108 239 379 156 0 -8 0
108 231 382 159 8 0 0
116 231 385 162 0 8 0
116 239 388 165 0 0 0
116 239 391 168 8 8 0
124 247 394 171 0 -8 0
124 239 397 174 0 -8 0
124 231 400 177 8 8 0
132 239 403 180 0 0 0
132 239 406 183 8 8 0
140 247 409 186 0 8 0
140 255 412 189 0 0 0
140 255 415 192 8 0 0
148 255 418 195 0 8 0
148 263 421 198 0 0 0
148 263 424 201 8 8 0
156 271 427 204 0 8 0
156 279 430 207 8 8 0
164 287 433 210 0 -8 0
164 279 436 213 0 8 0
164 287 439 216 8 -8 0
172 279 442 219 0 0 0
172 279 445 222 0 8 0
172 287 448 225 8 8 0
180 295 451 228 0 0 0
180 295 454 231 8 0 0
188 295 457 234 0 -8 0
188 287 460 237 0 -8 0
188 279 463 240 8 -8 0
196 271 466 243 0 8 0
196 279 469 246 0 -8 0
196 271 472 249 8 8 0
204 279 475 252 0 -8 0
204 271 478 255 8 8 0
212 279 481 258 0 8 0
212 287 484 261 0 0 0
212 287 487 264 8 -8 0
220 279 490 267 0 0 0
220 279 493 270 0 8 0
220 287 496 273 8 8 0
228 295 499 276 0 -8 0
228 287 502 279 8 -8 0
236 279 505 282 0 8 0
236 287 508 285 0 8 0
236 295 511 288 8 8 0
244 303 514 291 0 -8 0
244 295 517 294 0 0 0
244 295 520 297 8 -8 0
252 287 523 300 0 8 0
252 295 526 303 8 8 0
260 303 529 306 0 8 0
260 311 532 309 0 8 0
260 319 535 312 8 -8 0
268 311 538 315 0 0 0
268 311 541 318 0 0 0
268 311 544 321 8 -8 0
276 303 547 324 0 0 0
276 303 550 327 8 -8 0
284 295 553 330 0 -8 0
284 287 556 333 0 0 0
284 287 559 336 8 0 0
292 287 562 339 0 -8 0
292 279 565 342 0 0 0
292 279 568 345 8 -8 0
300 271 571 348 0 0 0
300 271 574 351 8 8 0
308 279 577 354 0 -8 0
308 271 580 357 0 0 0
308 271 583 360 8 8 0
316 279 586 363 0 -8 0
316 271 589 366 0 0 0
316 271 592 369 8 -8 0
324 263 595 372 0 0 0
324 263 598 375 8 -8 0
332 255 601 378 0 0 0
332 255 604 381 0 0 0
332 255 607 384 8 -8 0
340 247 610 387 0 0 0
340 247 613 390 0 0 0
340 247 616 393 8 8 0
348 255 619 396 0 0 0
348 255 622 399 8 -8 0
356 247 625 402 0 0 0
356 247 628 405 0 -8 0
356 239 631 408 8 8 0
364 247 634 411 0 0 0
364 247 637 414 0 -8 0
364 239 640 417 8 8 0
372 247 643 420 0 -8 0
372 239 646 423 8 0 0
380 239 649 426 0 -8 0
380 231 652 429 0 0 0
380 231 655 432 8 -8 0
388 223 658 435 0 0 0
388 223 661 438 0 8 0
388 231 664 441 8 -8 0
396 223 667 444 0 0 0
396 223 670 447 8 0 0
404 223 673 450 0 8 0
404 231 676 453 0 8 0
404 239 679 456 8 0 0
412 239 682 459 0 0 0
412 239 685 462 0 8 0
412 247 688 465 8 -8 0
420 239 691 468 0 8 0
420 247 694 471 8 8 0
428 255 697 474 0 8 0
428 263 700 477 0 8 0
428 271 703 480 8 8 0
436 279 706 483 0 8 0
436 287 709 486 0 -8 0
436 279 712 489 8 0 0
444 279 715 492 0 8 0
444 287 718 495 8 -8 0
452 279 721 498 0 -8 0
452 271 724 501 0 -8 0
452 263 727 504 8 -8 0
460 255 730 507 0 -8 0
460 247 733 510 0 -8 0
460 239 736 513 8 -8 0
468 231 739 516 0 8 0
468 239 742 519 8 0 0
476 239 745 522 0 8 0
476 247 748 525 0 8 0
476 255 751 528 8 -8 0
484 247 754 531 0 0 0
484 247 757 534 0 0 0
484 247 760 537 8 -8 0
492 239 763 540 0 -8 0
492 231 766 543 8 8 0
500 239 769 546 0 8 0
500 247 772 549 0 0 0
500 247 775 552 8 -8 0
508 239 778 555 0 8 0
508 247 781 558 0 0 1
508 247 781 558 0 0 1
508 247 781 558 0 0 1
508 247 781 558 0 0 1
508 247 781 558 0 0 1
