225 398 274 246 0 0 0
225 398 277 243 0 -8 0
225 390 280 240 0 -8 0
225 382 283 237 0 0 0
225 382 286 234 0 8 0
225 390 289 231 0 0 0
225 390 292 228 0 -8 0
225 382 295 225 0 -8 0
225 374 298 222 0 0 0
225 374 301 219 0 -8 0
225 366 304 216 0 0 0
225 366 307 213 0 -8 0
225 358 310 210 0 0 0
225 358 313 207 0 8 0
225 366 316 204 0 0 0
225 366 319 201 0 -8 0
225 358 322 198 0 8 0
225 366 325 195 0 -8 0
225 358 328 192 0 0 0
225 358 331 189 0 -8 0
225 350 334 186 0 -8 0
225 342 337 183 0 8 0
225 350 340 180 0 -8 0
225 342 343 177 0 8 0
225 350 346 174 -8 -8 0
217 342 349 171 0 0 0
217 342 352 168 0 0 0
217 342 355 165 -8 -8 0
209 334 358 162 0 0 0
209 334 361 159 0 8 0
209 342 364 156 -8 -8 0
201 334 367 153 0 8 0
201 342 370 150 -8 -8 0
193 334 373 147 0 0 0
193 334 376 144 0 8 0
193 342 379 141 -8 8 0
185 350 382 138 0 0 0
185 350 385 135 0 0 0
185 350 388 132 -8 8 0
177 358 391 129 0 0 0
177 358 394 126 -8 -8 0
169 350 397 123 0 0 0
169 350 400 120 0 8 0
169 358 403 117 -8 0 0
161 358 406 114 0 8 0
161 366 409 111 0 8 0
161 374 412 108 -8 0 0
153 374 415 105 0 0 0
153 374 418 102 -8 0 0
145 374 421 99 0 8 0
145 382 424 96 0 0 0
145 382 427 93 -8 8 0
137 390 430 90 0 8 0
137 398 433 87 0 0 0
137 398 436 84 -8 8 0
129 406 439 81 0 0 0
129 406 442 78 -8 0 0
121 406 445 75 0 8 0
121 414 448 72 0 0 0
121 414 451 69 -8 -8 0
113 406 454 66 0 0 0
113 406 457 63 0 0 0
113 406 460 60 -8 8 0
105 414 463 57 0 8 0
105 422 466 54 -8 0 0
97 422 469 51 0 -8 0
97 414 472 48 0 8 0
97 422 475 45 -8 0 0
89 422 478 42 0 0 0
89 422 481 39 0 0 0
89 422 484 36 -8 -8 0
81 414 487 33 0 8 0
81 422 490 30 -8 8 0
73 430 493 27 0 8 0
73 438 496 24 0 8 0
73 446 499 21 -8 8 0
65 454 502 18 0 0 0
65 454 505 15 0 -8 0
65 446 508 12 -8 -8 0
60 438 511 9 -8 0 0
60 438 514 12 0 8 0
60 446 517 15 0 0 0
60 446 520 18 0 0 0
60 446 523 21 0 8 0
60 454 526 24 0 -8 0
60 446 529 27 0 -8 0
60 438 532 30 0 -8 0
60 430 535 33 0 -8 0
60 422 538 36 0 0 0
60 422 541 39 0 8 0
60 430 544 42 0 8 0
60 438 547 45 0 -8 0
60 430 550 48 0 0 0
60 430 553 51 0 8 0
60 438 556 54 0 8 0
60 446 559 57 0 8 0
60 454 562 60 0 8 0
60 462 565 63 0 -8 0
60 454 568 66 0 0 0
60 454 571 69 0 0 0
60 454 574 72 0 0 0
60 454 577 75 0 8 0
60 462 580 78 0 0 0
60 462 583 81 0 -8 0
60 454 586 84 0 -8 0
60 446 589 87 0 0 0
60 446 592 90 0 -8 0
60 438 595 93 0 -8 0
60 430 598 96 0 -8 0
60 422 601 99 0 -8 0
60 414 604 102 0 -8 0
60 406 607 105 0 0 0
60 406 610 108 0 -8 0
60 398 613 111 8 0 0
68 398 616 114 0 -8 0
68 390 619 117 0 8 0
68 398 622 120 8 8 0
76 406 625 123 0 0 0
76 406 628 126 0 -8 0
76 398 631 129 8 8 0
84 406 634 132 0 0 0
84 406 637 135 8 8 0
92 414 640 138 0 -8 0
92 406 643 141 0 -8 0
92 398 646 144 8 0 0
100 398 649 147 0 -8 0
100 390 652 150 0 0 0
100 390 655 153 8 -8 0
108 382 658 156 0 0 0
108 382 661 159 8 0 0
116 382 664 162 0 8 0
116 390 667 165 0 0 0
116 390 670 168 8 8 0
124 398 673 171 0 8 0
124 406 676 174 0 0 0
124 406 679 177 8 -8 0
132 398 682 180 0 0 0
132 398 685 183 8 0 0
140 398 688 186 0 8 0
140 406 691 189 0 8 0
140 414 694 192 8 -8 0
148 406 697 195 0 -8 0
148 398 700 198 0 0 0
148 398 703 201 8 0 0
156 398 706 204 0 0 0
156 398 709 207 8 8 0
164 406 712 210 0 -8 0
164 398 715 213 0 -8 0
164 390 718 216 8 0 0
172 390 721 219 0 8 0
172 398 724 222 0 8 0
172 406 727 225 8 0 0
180 406 730 228 0 0 0
180 406 733 231 8 -8 0
188 398 736 234 0 -8 0
188 390 739 237 0 -8 0
188 382 742 240 8 0 0
196 382 745 243 0 8 0
196 390 748 246 0 8 0
196 398 751 249 8 8 0
204 406 754 252 0 0 0
204 406 757 255 8 -8 0
212 398 760 258 0 0 0
212 398 763 261 0 0 0
212 398 766 264 8 8 0
220 406 769 267 0 0 0
220 406 772 270 0 0 0
220 406 775 273 8 0 0
228 406 778 276 0 8 0
228 414 781 279 0 0 1
228 414 781 279 0 0 1
228 414 781 279 0 0 1
228 414 781 279 0 0 1
228 414 781 279 0 0 1
