137 423 211 414 0 0 0
137 423 214 411 8 8 0
145 431 217 408 8 0 0
153 431 220 405 8 8 0
161 439 223 402 8 -8 0
169 431 226 399 8 8 0
177 439 229 396 8 0 0
185 439 232 393 8 -8 0
193 431 235 390 8 8 0
201 439 238 387 8 -8 0
209 431 241 384 8 8 0
217 439 244 381 8 -8 0
225 431 247 378 8 0 0
233 431 250 375 8 -8 0
241 423 253 372 8 8 0
249 431 256 369 8 0 0
257 431 259 366 8 -8 0
265 423 262 363 8 8 0
273 431 265 360 8 -8 0
281 423 268 357 8 -8 0
289 415 271 354 8 0 0
297 415 274 351 8 8 0
305 423 277 348 0 -8 0
305 415 280 345 0 -8 0
305 407 283 342 0 0 0
305 407 286 339 0 0 0
305 407 289 336 0 -8 0
305 399 292 333 0 0 0
305 399 295 330 0 0 0
305 399 298 327 0 8 0
305 407 301 324 0 -8 0
305 399 304 321 0 0 0
305 399 307 318 0 8 0
305 407 310 315 0 -8 0
305 399 313 312 0 -8 0
305 391 316 309 0 8 0
305 399 319 306 0 8 0
305 407 322 303 0 8 0
305 415 325 300 0 -8 0
305 407 328 297 0 0 0
305 407 331 294 0 8 0
305 415 334 291 0 0 0
305 415 337 288 0 0 0
305 415 340 285 0 8 0
305 423 343 282 0 -8 0
305 415 346 279 0 -8 0
305 407 349 276 0 0 0
305 407 352 273 0 0 0
305 407 355 270 0 -8 0
305 399 358 267 0 8 0
305 407 361 264 0 0 0
305 407 364 261 0 8 0
305 415 367 258 0 0 0
305 415 370 255 0 0 0
305 415 373 252 -8 -8 0
297 407 376 249 0 8 0
297 415 379 246 -8 -8 0
289 407 382 243 0 8 0
289 415 385 240 0 8 0
289 423 388 237 -8 8 0
281 431 391 234 0 -8 0
281 423 394 231 0 0 0
281 423 397 228 -8 -8 0
273 415 400 225 0 0 0
273 415 403 222 -8 0 0
265 415 406 219 0 -8 0
265 407 409 216 0 0 0
265 407 412 213 -8 -8 0
257 399 415 210 0 0 0
257 399 418 207 0 0 0
257 399 421 204 -8 -8 0
249 391 424 201 0 -8 0
249 383 427 198 -8 8 0
241 391 430 195 0 -8 0
241 383 433 192 0 -8 0
241 375 436 189 -8 8 0
233 383 439 186 0 0 0
233 383 442 183 0 -8 0
233 375 445 180 -8 0 0
225 375 448 177 0 -8 0
225 367 451 174 -8 8 0
217 375 454 171 0 0 0
217 375 457 168 0 0 0
217 375 460 165 -8 -8 0
209 367 463 162 0 -8 0
209 359 466 159 0 0 0
209 359 469 156 -8 -8 0
201 351 472 153 0 -8 0
201 343 475 150 -8 0 0
193 343 478 147 0 -8 0
193 335 481 144 0 -8 0
193 327 484 141 -8 0 0
185 327 487 138 0 -8 0
185 319 490 135 0 0 0
185 319 493 132 -8 8 0
177 327 496 129 0 0 0
177 327 499 126 -8 8 0
169 335 502 123 0 0 0
169 335 505 120 0 8 0
169 343 508 117 -8 8 0
161 351 511 114 0 -8 0
161 343 514 111 0 8 0
161 351 517 108 -8 0 0
153 351 520 105 0 8 0
153 359 523 102 -8 0 0
145 359 526 99 0 0 0
145 359 529 96 0 -8 0
145 351 532 93 -8 0 0
137 351 535 90 0 0 0
137 351 538 87 0 0 0
137 351 541 84 -8 0 0
129 351 544 81 0 8 0
129 359 547 78 -8 8 0
121 367 550 75 0 -8 0
121 359 553 72 0 -8 0
121 351 556 69 -8 0 0
113 351 559 66 0 0 0
113 351 562 63 0 0 0
113 351 565 60 -8 -8 0
105 343 568 57 0 8 0
105 351 571 54 -8 0 0
97 351 574 51 0 0 0
97 351 577 48 0 -8 0
97 343 580 45 -8 -8 0
89 335 583 42 0 0 0
89 335 586 39 0 0 0
89 335 589 36 -8 0 0
81 335 592 33 0 0 0
81 335 595 30 -8 0 0
73 335 598 27 0 0 0
73 335 601 24 0 -8 0
73 327 604 21 -8 8 0
65 335 607 18 0 8 0
65 343 610 15 0 -8 0
65 335 613 12 -8 0 0
60 335 616 9 -8 8 0
60 343 619 12 0 0 0
60 343 622 15 0 0 0
60 343 625 18 0 8 0
60 351 628 21 0 8 0
60 359 631 24 0 8 0
60 367 634 27 0 8 0
60 375 637 30 0 8 0
60 383 640 33 0 8 0
60 391 643 36 0 -8 0
60 383 646 39 0 8 0
60 391 649 42 0 8 0
60 399 652 45 0 8 0
60 407 655 48 0 0 0
60 407 658 51 0 -8 0
60 399 661 54 0 -8 0
60 391 664 57 0 8 0
60 399 667 60 0 8 0
60 407 670 63 0 0 0
60 407 673 66 0 -8 0
60 399 676 69 0 -8 0
60 391 679 72 0 8 0
60 399 682 75 0 8 0
60 407 685 78 0 -8 0
60 399 688 81 0 -8 0
60 391 691 84 0 0 0
60 391 694 87 0 -8 0
60 383 697 90 0 0 0
60 383 700 93 0 8 0
60 391 703 96 0 0 0
60 391 706 99 0 0 0
60 391 709 102 0 8 0
60 399 712 105 0 -8 0
60 391 715 108 0 -8 0
60 383 718 111 8 -8 0
68 375 721 114 0 0 0
68 375 724 117 0 8 0
68 383 727 120 8 0 0
76 383 730 123 0 0 0
76 383 733 126 0 -8 0
76 375 736 129 8 8 0
84 383 739 132 0 0 0
84 383 742 135 8 -8 0
92 375 745 138 0 0 0
92 375 748 141 0 -8 0
92 367 751 144 8 8 0
100 375 754 147 0 0 0
100 375 757 150 0 -8 0
100 367 760 153 8 0 0
108 367 763 156 0 -8 0
108 359 766 159 8 -8 0
116 351 769 162 0 8 0
116 359 772 165 0 0 0
116 359 775 168 8 -8 0
124 351 778 171 0 -8 0
124 343 781 174 0 0 1
124 343 781 174 0 0 1
124 343 781 174 0 0 1
124 343 781 174 0 0 1
124 343 781 174 0 0 1
