342 143 577 321 0 0 0
342 143 580 324 0 8 0
342 151 583 327 0 8 0
342 159 586 330 0 0 0
342 159 589 333 0 8 0
342 167 592 336 0 0 0
342 167 595 339 0 0 0
342 167 598 342 0 8 0
342 175 601 345 0 0 0
342 175 604 348 0 -8 0
342 167 607 351 0 0 0
342 167 610 354 0 -8 0
342 159 613 357 0 8 0
342 167 616 360 0 0 0
342 167 619 363 0 0 0
342 167 622 366 0 8 0
342 175 625 369 0 -8 0
342 167 628 372 0 0 0
342 167 631 375 0 8 0
342 175 634 378 0 0 0
342 175 637 381 0 8 0
342 183 640 384 0 8 0
342 191 643 387 0 8 0
342 199 646 390 0 0 0
342 199 649 393 8 -8 0
350 191 652 396 0 -8 0
350 183 655 399 0 8 0
350 191 658 402 8 0 0
358 191 661 405 0 8 0
358 199 664 408 0 8 0
358 207 667 411 8 0 0
366 207 670 414 0 8 0
366 215 673 417 8 -8 0
374 207 676 420 0 0 0
374 207 679 423 0 -8 0
374 199 682 426 8 8 0
382 207 685 429 0 8 0
382 215 688 432 0 -8 0
382 207 691 435 8 0 0
390 207 694 438 0 8 0
390 215 697 441 8 8 0
398 223 700 444 0 0 0
398 223 703 447 0 -8 0
398 215 706 450 8 8 0
406 223 709 453 0 8 0
406 231 712 456 0 -8 0
406 223 715 459 8 0 0
414 223 718 462 0 -8 0
414 215 721 465 8 0 0
422 215 724 468 0 8 0
422 223 727 471 0 0 0
422 223 730 474 8 8 0
430 231 733 477 0 8 0
430 239 736 480 0 -8 0
430 231 739 483 8 8 0
438 239 742 486 0 -8 0
438 231 745 489 8 -8 0
446 223 748 492 0 -8 0
446 215 751 495 0 8 0
446 223 754 498 8 0 0
454 223 757 501 0 8 0
454 231 760 504 0 -8 0
454 223 763 507 8 8 0
462 231 766 510 0 0 0
462 231 769 513 8 0 0
470 231 772 516 0 -8 0
470 223 775 519 0 0 0
470 223 778 522 8 0 0
478 223 781 525 0 0 1
478 223 781 525 0 0 1
478 223 781 525 0 0 1
478 223 781 525 0 0 1
478 223 781 525 0 0 1
