331 115 466 459 0 0 0
331 115 469 462 8 8 0
339 123 472 465 8 0 0
347 123 475 468 8 0 0
355 123 478 471 8 -8 0
363 115 481 474 8 0 0
371 115 484 477 8 0 0
379 115 487 480 8 8 0
387 123 490 483 8 -8 0
395 115 493 486 8 -8 0
403 107 496 489 8 0 0
411 107 499 492 8 8 0
419 115 502 495 8 -8 0
427 107 505 498 8 -8 0
435 99 508 501 8 0 0
443 99 511 504 8 8 0
451 107 514 507 8 -8 0
459 99 517 510 8 8 0
467 107 520 513 0 0 0
467 107 523 516 0 0 0
467 107 526 519 8 -8 0
475 99 529 522 0 -8 0
475 91 532 525 0 -8 0
475 83 535 528 8 0 0
483 83 538 531 0 0 0
483 83 541 534 8 8 0
491 91 544 537 0 -8 0
491 83 547 540 0 0 0
491 83 550 543 8 0 0
499 83 553 546 0 0 0
499 83 556 549 0 8 0
499 91 559 552 8 0 0
507 91 562 555 0 0 0
507 91 565 558 8 0 0
515 91 568 561 0 8 0
515 99 571 564 0 0 0
515 99 574 567 8 -8 0
523 91 577 570 0 -8 0
523 83 580 573 0 -8 0
523 75 583 576 8 0 0
531 75 586 579 0 -8 0
531 67 589 582 8 0 0
539 67 592 585 0 8 0
539 75 595 588 0 -8 0
539 67 598 591 8 8 0
540 75 601 588 0 0 0
540 75 604 585 0 8 0
540 83 607 582 0 8 0
540 91 610 579 0 0 0
540 91 613 576 0 -8 0
540 83 616 573 0 0 0
540 83 619 570 0 -8 0
540 75 622 567 0 8 0
540 83 625 564 0 8 0
540 91 628 561 0 0 0
540 91 631 558 0 8 0
540 99 634 555 0 8 0
540 107 637 552 0 8 0
540 115 640 549 0 8 0
540 123 643 546 0 8 0
540 131 646 543 0 -8 0
540 123 649 540 0 8 0
540 131 652 537 0 -8 0
540 123 655 534 0 0 0
540 123 658 531 0 0 0
540 123 661 528 0 8 0
540 131 664 525 0 0 0
540 131 667 522 0 -8 0
540 123 670 519 0 8 0
540 131 673 516 0 0 0
540 131 676 513 0 0 0
540 131 679 510 0 0 0
540 131 682 507 0 -8 0
540 123 685 504 0 0 0
540 123 688 501 0 0 0
540 123 691 498 0 8 0
540 131 694 495 0 0 0
540 131 697 492 0 -8 0
540 123 700 489 -8 8 0
532 131 703 486 0 0 0
532 131 706 483 0 8 0
532 139 709 480 -8 8 0
524 147 712 477 0 0 0
524 147 715 474 0 0 0
524 147 718 471 -8 8 0
516 155 721 468 0 0 0
516 155 724 465 -8 -8 0
508 147 727 462 0 8 0
508 155 730 459 0 0 0
508 155 733 456 -8 -8 0
500 147 736 453 0 -8 0
500 139 739 450 0 -8 0
500 131 742 447 -8 -8 0
492 123 745 444 0 8 0
492 131 748 441 -8 0 0
484 131 751 438 0 8 0
484 139 754 435 0 8 0
484 147 757 432 -8 0 0
476 147 760 429 0 -8 0
476 139 763 426 0 8 0
476 147 766 423 -8 -8 0
468 139 769 420 0 8 0
468 147 772 417 -8 0 0
460 147 775 414 0 0 0
460 147 778 411 0 -8 0
460 139 781 408 0 0 1
460 139 781 408 0 0 1
460 139 781 408 0 0 1
460 139 781 408 0 0 1
460 139 781 408 0 0 1
