367 463 583 489 0 0 0
367 463 580 486 8 0 0
375 463 577 483 8 -8 0
383 455 574 480 8 -8 0
391 447 571 477 8 0 0
399 447 568 474 8 0 0
407 447 565 471 8 0 0
415 447 562 468 8 0 0
423 447 559 465 0 -8 0
423 439 556 462 0 0 0
423 439 553 459 0 8 0
423 447 550 456 0 8 0
423 455 547 453 0 -8 0
423 447 544 450 0 8 0
423 455 541 447 0 8 0
423 463 538 444 0 8 0
423 471 535 441 0 -8 0
423 463 532 438 0 8 0
423 471 529 435 0 8 0
423 479 526 432 0 8 0
423 487 523 429 0 -8 0
423 479 520 426 0 -8 0
423 471 517 423 0 -8 0
423 463 514 420 0 -8 0
423 455 511 417 0 8 0
423 463 508 414 0 -8 0
423 455 505 411 0 -8 0
423 447 502 408 0 -8 0
423 439 499 405 0 8 0
423 447 496 402 0 8 0
423 455 493 399 0 0 0
423 455 490 396 0 -8 0
423 447 487 393 0 0 0
423 447 484 390 0 0 0
423 447 481 387 0 -8 0
423 439 478 384 0 0 0
423 439 475 381 0 8 0
423 447 472 378 0 8 0
423 455 469 375 0 8 0
423 463 466 372 -8 0 0
415 463 463 369 0 0 0
415 463 460 366 0 -8 0
415 455 457 363 -8 8 0
407 463 454 360 0 8 0
407 471 451 357 0 -8 0
407 463 448 354 -8 8 0
399 471 445 351 0 0 0
399 471 442 348 -8 0 0
391 471 439 345 0 8 0
391 479 436 342 0 8 0
391 487 433 339 -8 0 0
383 487 430 336 0 8 0
383 495 427 333 0 0 0
383 495 424 330 -8 8 0
375 503 421 327 0 0 0
375 503 418 324 -8 -8 0
367 495 415 321 0 -8 0
367 487 412 318 0 8 0
367 495 409 315 -8 0 0
359 495 406 312 0 0 0
359 495 403 309 0 0 0
359 495 400 306 -8 8 0
351 503 397 303 0 0 0
351 503 394 300 -8 0 0
343 503 391 297 0 -8 0
343 495 388 294 0 0 0
343 495 385 291 -8 8 0
335 503 382 288 0 8 0
335 511 379 285 0 -8 0
335 503 376 282 -8 0 0
327 503 373 279 0 8 0
327 511 370 276 -8 8 0
319 519 367 273 0 8 0
319 527 364 270 0 0 0
319 527 361 267 -8 0 0
311 527 358 264 0 0 0
311 527 355 261 0 8 0
311 535 352 258 -8 0 0
303 535 349 255 0 -8 0
303 527 346 252 -8 8 0
295 535 343 249 0 8 0
295 540 340 246 0 8 0
295 540 337 243 -8 8 0
287 540 334 240 0 -8 0
287 532 331 237 0 8 0
287 540 328 234 -8 -8 0
279 532 325 231 0 0 0
279 532 322 228 -8 8 0
271 540 319 225 0 0 0
271 540 316 222 0 -8 0
271 532 313 219 -8 8 0
263 540 310 216 0 -8 0
263 532 307 213 0 0 0
263 532 304 210 -8 -8 0
255 524 301 207 0 -8 0
255 516 298 204 -8 8 0
247 524 295 201 0 -8 0
247 516 292 198 0 0 0
247 516 289 195 -8 8 0
239 524 286 192 0 -8 0
239 516 283 189 0 0 0
239 516 280 186 -8 8 0
231 524 277 183 0 -8 0
231 516 274 180 -8 0 0
223 516 271 177 0 8 0
223 524 268 174 0 0 0
223 524 265 171 -8 0 0
215 524 262 168 0 0 0
215 524 259 165 0 8 0
215 532 256 162 -8 8 0
207 540 253 159 0 8 0
207 540 250 156 -8 0 0
199 540 247 153 0 8 0
199 540 244 150 0 0 0
199 540 241 147 -8 0 0
191 540 238 144 0 -8 0
191 532 235 141 0 0 0
191 532 232 138 -8 8 0
183 540 229 135 0 0 0
183 540 226 132 -8 0 0
175 540 223 129 0 -8 0
175 532 220 126 0 8 0
175 540 217 123 -8 0 0
167 540 214 120 0 0 0
167 540 211 117 0 0 0
167 540 208 114 -8 0 0
159 540 205 111 0 0 0
159 540 202 108 -8 8 0
151 540 199 105 0 8 0
151 540 196 102 0 8 0
151 540 193 99 -8 8 0
143 540 190 96 0 8 0
143 540 187 93 0 8 0
143 540 184 90 -8 0 0
135 540 181 87 0 0 0
135 540 178 84 -8 8 0
127 540 175 81 0 0 0
127 540 172 78 0 0 0
127 540 169 75 -8 8 0
119 540 166 72 0 0 0
119 540 163 69 0 -8 0
119 532 160 66 -8 8 0
111 540 157 63 0 0 0
111 540 154 60 -8 8 0
103 540 151 57 0 0 0
103 540 148 54 0 0 0
103 540 145 51 -8 8 0
95 540 142 48 0 8 0
95 540 139 45 0 -8 0
95 532 136 42 -8 8 0
87 540 133 39 0 -8 0
87 532 130 36 -8 -8 0
79 524 127 33 0 8 0
79 532 124 30 0 -8 0
79 524 121 27 -8 -8 0
71 516 118 24 0 8 0
71 524 115 21 0 0 0
71 524 112 18 -8 8 0
63 532 109 15 0 -8 0
63 524 106 12 -8 -8 0
60 516 103 9 -8 0 0
60 516 100 12 0 8 0
60 524 97 15 0 -8 0
60 516 94 18 0 8 0
60 524 91 21 0 -8 0
60 516 88 24 0 0 0
60 516 85 27 0 8 0
60 524 82 30 0 -8 0
60 516 79 33 0 8 0
60 524 76 36 0 0 0
60 524 73 39 0 -8 0
60 516 70 42 0 8 0
60 524 67 45 0 8 0
60 532 64 48 0 -8 0
60 524 61 51 0 0 0
60 524 58 54 0 -8 0
60 516 55 57 0 -8 0
60 508 52 60 0 -8 0
60 500 49 63 0 8 0
60 508 46 66 0 8 0
60 516 43 69 0 0 0
60 516 40 72 0 -8 0
60 508 37 75 0 8 0
60 516 34 78 0 8 0
60 524 31 81 0 0 0
60 524 28 84 0 -8 0
60 516 25 87 0 -8 0
60 508 22 90 0 -8 0
60 500 19 93 0 8 0
60 508 22 96 0 0 0
60 508 25 99 0 8 0
60 516 28 102 0 0 0
60 516 31 105 0 -8 0
60 508 34 108 0 -8 0
60 500 37 111 8 0 0
68 500 40 114 0 0 0
68 500 43 117 0 0 0
68 500 46 120 8 8 0
76 508 49 123 0 8 0
76 516 52 126 0 0 0
76 516 55 129 8 -8 0
84 508 58 132 0 0 0
84 508 61 135 8 -8 0
92 500 64 138 0 -8 0
92 492 67 141 0 -8 0
92 484 70 144 8 8 0
100 492 73 147 0 -8 0
100 484 76 150 0 8 0
100 492 79 153 8 0 0
108 492 82 156 0 0 0
108 492 85 159 8 0 0
116 492 88 162 0 -8 0
116 484 91 165 0 0 0
116 484 94 168 8 8 0
124 492 97 171 0 8 0
124 500 100 174 0 0 0
124 500 103 177 8 -8 0
132 492 106 180 0 0 0
132 492 109 183 8 8 0
140 500 112 186 0 8 0
140 508 115 189 0 8 0
140 516 118 192 8 -8 0
148 508 121 195 0 0 0
148 508 124 198 0 -8 0
148 500 127 201 8 8 0
156 508 130 204 0 -8 0
156 500 133 207 8 8 0
164 508 136 210 0 0 0
164 508 139 213 0 8 0
164 516 142 216 8 0 0
172 516 145 219 0 -8 0
172 508 148 222 0 -8 0
172 500 151 225 8 -8 0
180 492 154 228 0 -8 0
180 484 157 231 8 0 0
188 484 160 234 0 -8 0
188 476 163 237 0 0 0
188 476 166 240 8 8 0
196 484 169 243 0 8 0
196 492 172 246 0 -8 0
196 484 175 249 8 8 0
204 492 178 252 0 8 0
204 500 181 255 8 8 0
212 508 184 258 0 -8 0
212 500 187 261 0 -8 0
212 492 190 264 8 0 0
220 492 193 267 0 0 0
220 492 196 270 0 8 0
220 500 199 273 8 0 0
228 500 202 276 0 0 0
228 500 205 279 8 8 0
236 508 208 282 0 -8 0
236 500 211 285 0 0 0
236 500 214 288 8 0 0
244 500 217 291 0 -8 0
244 492 220 294 0 -8 0
244 484 223 297 8 8 0
252 492 226 300 0 8 0
252 500 229 303 8 -8 0
260 492 232 306 0 0 0
260 492 235 309 0 -8 0
260 484 238 312 8 8 0
268 492 241 315 0 8 0
268 500 244 318 0 0 0
268 500 247 321 8 8 0
276 508 250 324 0 0 0
276 508 253 327 8 8 0
284 516 256 330 0 -8 0
284 508 259 333 0 0 0
284 508 262 336 8 8 0
292 516 265 339 0 8 0
292 524 268 342 0 0 0
292 524 271 345 8 0 0
300 524 274 348 0 -8 0
300 516 277 351 8 0 0
308 516 280 354 0 -8 0
308 508 283 357 0 0 0
308 508 286 360 8 0 0
316 508 289 363 0 -8 0
316 500 292 366 0 -8 0
316 492 295 369 8 8 0
324 500 298 372 0 8 0
324 508 301 375 8 0 0
332 508 304 378 0 0 0
332 508 307 381 0 0 0
332 508 310 384 8 0 0
340 508 313 387 0 0 0
340 508 316 390 0 -8 0
340 500 319 393 8 8 0
348 508 322 396 0 0 0
348 508 325 399 8 8 0
356 516 328 402 0 8 0
356 524 331 405 0 8 0
356 532 334 408 8 8 0
364 540 337 411 0 8 0
364 540 340 414 0 0 0
364 540 343 417 8 -8 0
372 532 346 420 0 8 0
372 540 349 423 8 -8 0
380 532 352 426 0 8 0
380 540 355 429 0 -8 0
380 532 358 432 8 0 0
388 532 361 435 0 0 0
388 532 364 438 0 -8 0
388 524 367 441 8 8 0
396 532 370 444 0 8 0
396 540 373 447 8 0 0
404 540 376 450 0 0 0
404 540 379 453 0 0 0
404 540 382 456 8 8 0
412 540 385 459 0 0 0
412 540 388 462 0 0 0
412 540 391 465 8 0 0
420 540 394 468 0 -8 0
420 532 397 471 8 -8 0
428 524 400 474 0 -8 0
428 516 403 477 0 0 0
428 516 406 480 8 0 0
436 516 409 483 0 8 0
436 524 412 486 0 -8 0
436 516 415 489 8 -8 0
444 508 418 492 0 0 0
444 508 421 495 8 0 0
452 508 424 498 0 -8 0
452 500 427 501 0 8 0
452 508 430 504 8 -8 0
460 500 433 507 0 8 0
460 508 436 510 0 -8 0
460 500 439 513 8 8 0
468 508 442 516 0 -8 0
468 500 445 519 8 8 0
476 508 448 522 0 0 0
476 508 451 525 0 -8 0
476 500 454 528 8 0 0
484 500 457 531 0 0 0
484 500 460 534 0 8 0
484 508 463 537 8 -8 0
492 500 466 540 0 8 0
492 508 469 543 8 8 0
500 516 472 546 0 0 0
500 516 475 549 0 -8 0
500 508 478 552 8 0 0
508 508 481 555 0 8 0
508 516 484 558 0 8 0
508 524 487 561 8 -8 0
516 516 490 564 0 -8 0
516 508 493 567 8 -8 0
524 500 496 570 0 -8 0
524 492 499 573 0 8 0
524 500 502 576 8 8 0
532 508 505 579 0 8 0
532 516 508 582 0 -8 0
532 508 511 585 8 8 0
540 516 514 588 0 -8 0
540 508 517 591 8 8 0
540 516 520 588 0 8 0
540 524 523 585 0 8 0
540 532 526 582 0 8 0
540 540 529 579 0 8 0
540 540 532 576 0 -8 0
540 532 535 573 0 0 0
540 532 538 570 0 0 0
540 532 541 567 0 0 0
540 532 544 564 0 0 0
540 532 547 561 0 0 0
540 532 550 558 0 8 0
540 540 553 555 0 -8 0
540 532 556 552 0 -8 0
540 524 559 549 0 0 0
540 524 562 546 0 8 0
540 532 565 543 0 -8 0
540 524 568 540 0 0 0
540 524 571 537 0 8 0
540 532 574 534 0 8 0
540 540 577 531 0 -8 0
540 532 580 528 0 0 0
540 532 583 525 0 0 0
540 532 586 522 0 8 0
540 540 589 519 0 8 0
540 540 592 516 0 -8 0
540 532 595 513 0 8 0
540 540 598 510 0 8 0
540 540 601 507 0 8 0
540 540 604 504 0 -8 0
540 532 607 501 0 -8 0
540 524 610 498 0 0 0
540 524 613 495 0 0 0
540 524 616 492 0 0 0
540 524 619 489 -8 8 0
532 532 622 486 0 -8 0
532 524 625 483 0 -8 0
532 516 628 480 -8 0 0
524 516 631 477 0 -8 0
524 508 634 474 0 -8 0
524 500 637 471 -8 8 0
516 508 640 468 0 8 0
516 516 643 465 -8 0 0
508 516 646 462 0 0 0
508 516 649 459 0 0 0
508 516 652 456 -8 8 0
500 524 655 453 0 0 0
500 524 658 450 0 8 0
500 532 661 447 -8 8 0
492 540 664 444 0 0 0
492 540 667 441 -8 8 0
484 540 670 438 0 0 0
484 540 673 435 0 -8 0
484 532 676 432 -8 -8 0
476 524 679 429 0 0 0
476 524 682 426 0 0 0
476 524 685 423 -8 8 0
468 532 688 420 0 -8 0
468 524 691 417 -8 8 0
460 532 694 414 0 8 0
460 540 697 411 0 -8 0
460 532 700 408 -8 -8 0
452 524 703 405 0 -8 0
452 516 706 402 0 -8 0
452 508 709 399 -8 -8 0
444 500 712 396 0 8 0
444 508 715 393 -8 8 0
436 516 718 390 0 0 0
436 516 721 387 0 0 0
436 516 724 384 -8 0 0
428 516 727 381 0 0 0
428 516 730 378 0 8 0
428 524 733 375 -8 0 0
420 524 736 372 0 8 0
420 532 739 369 -8 8 0
412 540 742 366 0 0 0
412 540 745 363 0 -8 0
412 532 748 360 -8 0 0
404 532 751 357 0 0 0
404 532 754 354 0 8 0
404 540 757 351 -8 8 0
396 540 760 348 0 8 0
396 540 763 345 -8 -8 0
388 532 766 342 0 8 0
388 540 769 339 0 -8 0
388 532 772 336 -8 -8 0
380 524 775 333 0 -8 0
380 516 778 330 0 -8 0
380 508 781 327 0 0 1
380 508 781 327 0 0 1
380 508 781 327 0 0 1
380 508 781 327 0 0 1
380 508 781 327 0 0 1
