540 496 358 312 0 0 0
540 496 361 309 -8 8 0
532 504 364 306 -8 -8 0
524 496 367 303 -8 -8 0
516 488 370 300 -8 8 0
508 496 373 297 -8 0 0
500 496 376 294 -8 0 0
492 496 379 291 -8 -8 0
484 488 382 288 -8 -8 0
476 480 385 285 -8 8 0
468 488 388 282 -8 -8 0
460 480 391 279 -8 -8 0
452 472 394 276 -8 8 0
444 480 397 273 -8 8 0
436 488 400 270 -8 -8 0
428 480 403 267 -8 8 0
420 488 406 264 -8 -8 0
412 480 409 261 -8 0 0
404 480 412 258 -8 0 0
396 480 415 255 -8 -8 0
388 472 418 252 -8 -8 0
380 464 421 249 -8 -8 0
372 456 424 246 -8 -8 0
364 448 427 243 -8 8 0
356 456 430 240 -8 8 0
348 464 433 237 -8 8 0
340 472 436 234 -8 -8 0
332 464 439 231 -8 8 0
324 472 442 228 -8 8 0
316 480 445 225 -8 0 0
308 480 448 222 -8 -8 0
300 472 451 219 -8 -8 0
292 464 454 216 -8 -8 0
284 456 457 213 -8 8 0
276 464 460 210 -8 8 0
268 472 463 207 -8 0 0
260 472 466 204 -8 0 0
252 472 469 201 -8 8 0
244 480 472 198 0 -8 0
244 472 475 195 0 -8 0
244 464 478 192 -8 -8 0
236 456 481 189 0 -8 0
236 448 484 186 0 -8 0
236 440 487 183 -8 -8 0
228 432 490 180 0 -8 0
228 424 493 177 -8 -8 0
220 416 496 174 0 -8 0
220 408 499 171 0 0 0
220 408 502 168 -8 0 0
212 408 505 165 0 8 0
212 416 508 162 0 -8 0
212 408 511 159 -8 -8 0
204 400 514 156 0 8 0
204 408 517 153 -8 0 0
196 408 520 150 0 -8 0
196 400 523 147 0 8 0
196 408 526 144 -8 -8 0
188 400 529 141 0 0 0
188 400 532 138 0 -8 0
188 392 535 135 -8 8 0
180 400 538 132 0 8 0
180 408 541 129 -8 8 0
172 416 544 126 0 8 0
172 424 547 123 0 8 0
172 432 550 120 -8 8 0
164 440 553 117 0 8 0
164 448 556 114 0 -8 0
164 440 559 111 -8 0 0
156 440 562 108 0 -8 0
156 432 565 105 -8 0 0
148 432 568 102 0 8 0
148 440 571 99 0 0 0
148 440 574 96 -8 8 0
140 448 577 93 0 8 0
140 456 580 90 0 -8 0
140 448 583 87 -8 -8 0
132 440 586 84 0 8 0
132 448 589 81 -8 8 0
124 456 592 78 0 0 0
124 456 595 75 0 8 0
124 464 598 72 -8 8 0
116 472 601 69 0 0 0
116 472 604 66 0 0 0
116 472 607 63 -8 8 0
108 480 610 60 0 0 0
108 480 613 57 -8 0 0
100 480 616 54 0 -8 0
100 472 619 51 0 8 0
100 480 622 48 -8 -8 0
92 472 625 45 0 8 0
92 480 628 42 0 8 0
92 488 631 39 -8 0 0
84 488 634 36 0 0 0
84 488 637 33 -8 8 0
76 496 640 30 0 0 0
76 496 643 27 0 0 0
76 496 646 24 -8 0 0
68 496 649 21 0 8 0
68 504 652 18 0 0 0
68 504 655 15 -8 0 0
60 504 658 12 0 0 0
60 504 661 9 -8 8 0
60 512 664 12 0 -8 0
60 504 667 15 0 8 0
60 512 670 18 0 0 0
60 512 673 21 0 -8 0
60 504 676 24 0 8 0
60 512 679 27 0 8 0
60 520 682 30 0 8 0
60 528 685 33 0 0 0
60 528 688 36 0 0 0
60 528 691 39 0 0 0
60 528 694 42 0 -8 0
60 520 697 45 0 8 0
60 528 700 48 0 -8 0
60 520 703 51 0 -8 0
60 512 706 54 0 8 0
60 520 709 57 0 0 0
60 520 712 60 0 0 0
60 520 715 63 0 0 0
60 520 718 66 0 8 0
60 528 721 69 0 8 0
60 536 724 72 0 8 0
60 540 727 75 0 8 0
60 540 730 78 0 8 0
60 540 733 81 0 8 0
60 540 736 84 0 8 0
60 540 739 87 0 -8 0
60 532 742 90 0 -8 0
60 524 745 93 0 -8 0
60 516 748 96 0 8 0
60 524 751 99 0 -8 0
60 516 754 102 0 0 0
60 516 757 105 0 -8 0
60 508 760 108 0 -8 0
60 500 763 111 8 0 0
68 500 766 114 0 0 0
68 500 769 117 0 -8 0
68 492 772 120 8 -8 0
76 484 775 123 0 0 0
76 484 778 126 0 8 0
76 492 781 129 0 0 1
76 492 781 129 0 0 1
76 492 781 129 0 0 1
76 492 781 129 0 0 1
76 492 781 129 0 0 1
