456 452 466 189 0 0 0
456 452 463 186 -8 8 0
448 460 460 183 -8 -8 0
440 452 457 180 -8 8 0
432 460 454 177 -8 -8 0
424 452 451 174 -8 -8 0
416 444 448 171 -8 0 0
408 444 445 168 -8 8 0
400 452 442 165 -8 0 0
392 452 439 162 -8 -8 0
384 444 436 159 -8 -8 0
376 436 433 156 -8 8 0
368 444 430 153 -8 0 0
360 444 427 150 -8 8 0
352 452 424 147 -8 8 0
344 460 421 144 -8 -8 0
336 452 418 141 -8 -8 0
328 444 415 138 -8 -8 0
320 436 412 135 -8 0 0
312 436 409 132 -8 -8 0
304 428 406 129 -8 0 0
296 428 403 126 -8 -8 0
288 420 400 123 -8 8 0
280 428 397 120 -8 -8 0
272 420 394 117 -8 -8 0
264 412 391 114 -8 -8 0
256 404 388 111 -8 8 0
248 412 385 108 -8 0 0
240 412 382 105 -8 8 0
232 420 379 102 -8 -8 0
224 412 376 99 -8 8 0
216 420 373 96 -8 -8 0
208 412 370 93 -8 8 0
200 420 367 90 -8 8 0
192 428 364 87 -8 8 0
184 436 361 84 -8 -8 0
176 428 358 81 -8 -8 0
168 420 355 78 -8 8 0
160 428 352 75 -8 0 0
152 428 349 72 -8 0 0
144 428 346 69 -8 8 0
136 436 343 66 -8 0 0
128 436 340 63 -8 8 0
120 444 337 60 -8 -8 0
112 436 334 57 -8 8 0
104 444 331 54 0 -8 0
104 436 328 51 -8 0 0
96 436 325 48 0 0 0
96 436 322 45 -8 0 0
88 436 319 42 0 -8 0
88 428 316 39 0 0 0
88 428 313 36 -8 8 0
80 436 310 33 0 8 0
80 444 307 30 0 8 0
80 452 304 27 -8 -8 0
72 444 301 24 0 -8 0
72 436 298 21 -8 8 0
64 444 295 18 0 0 0
64 444 292 15 0 -8 0
64 436 289 12 -8 8 0
60 444 286 9 -8 0 0
60 444 283 12 0 8 0
60 452 280 15 0 0 0
60 452 277 18 0 0 0
60 452 274 21 0 0 0
60 452 271 24 0 8 0
60 460 268 27 0 0 0
60 460 265 30 0 -8 0
60 452 262 33 0 0 0
60 452 259 36 0 8 0
60 460 256 39 0 8 0
60 468 253 42 0 0 0
60 468 250 45 0 8 0
60 476 247 48 0 0 0
60 476 244 51 0 8 0
60 484 241 54 0 -8 0
60 476 238 57 0 8 0
60 484 235 60 0 8 0
60 492 232 63 0 0 0
60 492 229 66 0 -8 0
60 484 226 69 0 0 0
60 484 223 72 0 0 0
60 484 220 75 0 -8 0
60 476 217 78 0 8 0
60 484 214 81 0 8 0
60 492 211 84 0 0 0
60 492 208 87 0 -8 0
60 484 205 90 0 -8 0
60 476 202 93 0 -8 0
60 468 199 96 0 -8 0
60 460 196 99 0 -8 0
60 452 193 102 0 8 0
60 460 190 105 0 0 0
60 460 187 108 0 0 0
60 460 184 111 8 -8 0
68 452 181 114 0 -8 0
68 444 178 117 0 0 0
68 444 175 120 8 8 0
76 452 172 123 0 8 0
76 460 169 126 0 -8 0
76 452 166 129 8 0 0
84 452 163 132 0 8 0
84 460 160 135 8 0 0
92 460 157 138 0 8 0
92 468 154 141 0 0 0
92 468 151 144 8 8 0
100 476 148 147 0 0 0
100 476 145 150 0 -8 0
100 468 142 153 8 -8 0
108 460 139 156 0 0 0
108 460 136 159 8 -8 0
116 452 133 162 0 8 0
116 460 130 165 0 8 0
116 468 127 168 8 -8 0
124 460 124 171 0 8 0
124 468 121 174 0 0 0
124 468 118 177 8 8 0
132 476 115 180 0 -8 0
132 468 112 183 8 -8 0
140 460 109 186 0 -8 0
140 452 106 189 0 8 0
140 460 103 192 8 0 0
148 460 100 195 0 8 0
148 468 97 198 0 -8 0
148 460 94 201 8 -8 0
156 452 91 204 0 8 0
156 460 88 207 8 -8 0
164 452 85 210 0 -8 0
164 444 82 213 0 8 0
164 452 79 216 8 0 0
172 452 76 219 0 0 0
172 452 73 222 0 -8 0
172 444 70 225 8 8 0
180 452 67 228 0 8 0
180 460 64 231 8 8 0
188 468 61 234 0 8 0
188 476 58 237 0 8 0
188 484 55 240 8 0 0
196 484 52 243 0 0 0
196 484 49 246 0 0 0
196 484 46 249 8 -8 0
204 476 43 252 0 0 0
204 476 40 255 8 8 0
212 484 37 258 0 -8 0
212 476 34 261 0 0 0
212 476 31 264 8 8 0
220 484 28 267 0 8 0
220 492 25 270 0 0 0
220 492 22 273 8 -8 0
228 484 19 276 0 8 0
228 492 22 279 8 -8 0
236 484 25 282 0 8 0
236 492 28 285 0 8 0
236 500 31 288 8 8 0
244 508 34 291 0 8 0
244 516 37 294 0 0 0
244 516 40 297 8 8 0
252 524 43 300 0 0 0
252 524 46 303 8 0 0
260 524 49 306 0 8 0
260 532 52 309 0 8 0
260 540 55 312 8 -8 0
268 532 58 315 0 8 0
268 540 61 318 0 8 0
268 540 64 321 8 -8 0
276 532 67 324 0 0 0
276 532 70 327 8 0 0
284 532 73 330 0 8 0
284 540 76 333 0 0 0
284 540 79 336 8 8 0
292 540 82 339 0 0 0
292 540 85 342 0 -8 0
292 532 88 345 8 8 0
300 540 91 348 0 -8 0
300 532 94 351 8 8 0
308 540 97 354 0 8 0
308 540 100 357 0 -8 0
308 532 103 360 8 8 0
316 540 106 363 0 -8 0
316 532 109 366 0 -8 0
316 524 112 369 8 -8 0
324 516 115 372 0 -8 0
324 508 118 375 8 0 0
332 508 121 378 0 8 0
332 516 124 381 0 8 0
332 524 127 384 8 -8 0
340 516 130 387 0 -8 0
340 508 133 390 0 -8 0
340 500 136 393 8 -8 0
348 492 139 396 0 -8 0
348 484 142 399 8 0 0
356 484 145 402 0 0 0
356 484 148 405 0 0 0
356 484 151 408 8 8 0
364 492 154 411 0 0 0
364 492 157 414 0 8 0
364 500 160 417 8 0 0
372 500 163 420 0 0 0
372 500 166 423 8 0 0
380 500 169 426 0 0 0
380 500 172 429 0 0 0
380 500 175 432 8 -8 0
388 492 178 435 0 0 0
388 492 181 438 0 -8 0
388 484 184 441 8 0 0
396 484 187 444 0 8 0
396 492 190 447 8 0 0
404 492 193 450 0 8 0
404 500 196 453 0 0 0
404 500 199 456 8 8 0
412 508 202 459 0 0 0
412 508 205 462 0 0 0
412 508 208 465 8 -8 0
420 500 211 468 0 0 0
420 500 214 471 8 -8 0
428 492 217 474 0 8 0
428 500 220 477 0 -8 0
428 492 223 480 8 8 0
436 500 226 483 0 -8 0
436 492 229 486 0 -8 0
436 484 232 489 8 -8 0
444 476 235 492 0 8 0
444 484 238 495 8 -8 0
452 476 241 498 0 8 0
452 484 244 501 0 8 0
452 492 247 504 8 0 0
460 492 250 507 0 8 0
460 500 253 510 0 8 0
460 508 256 513 8 0 0
468 508 259 516 0 8 0
468 516 262 519 8 -8 0
476 508 265 522 0 0 0
476 508 268 525 0 -8 0
476 500 271 528 8 0 0
484 500 274 531 0 -8 0
484 492 277 534 0 8 0
484 500 280 537 8 0 0
492 500 283 540 0 8 0
492 508 286 543 8 -8 0
500 500 289 546 0 -8 0
500 492 292 549 0 -8 0
500 484 295 552 8 -8 0
508 476 298 555 0 -8 0
508 468 301 558 0 -8 0
508 460 304 561 8 8 0
516 468 307 564 0 -8 0
516 460 310 567 8 8 0
524 468 313 570 0 -8 0
524 460 316 573 0 -8 0
524 452 319 576 8 0 0
532 452 322 579 0 0 0
532 452 325 582 0 0 0
532 452 328 585 8 -8 0
540 444 331 588 0 8 0
540 452 334 591 8 -8 0
540 444 337 588 0 -8 0
540 436 340 585 0 -8 0
540 428 343 582 0 -8 0
540 420 346 579 0 -8 0
540 412 349 576 0 -8 0
540 404 352 573 0 -8 0
540 396 355 570 0 -8 0
540 388 358 567 0 -8 0
540 380 361 564 0 -8 0
540 372 364 561 0 8 0
540 380 367 558 0 0 0
540 380 370 555 0 8 0
540 388 373 552 0 -8 0
540 380 376 549 0 -8 0
540 372 379 546 0 -8 0
540 364 382 543 0 8 0
540 372 385 540 0 8 0
540 380 388 537 0 8 0
540 388 391 534 0 -8 0
540 380 394 531 0 -8 0
540 372 397 528 0 0 0
540 372 400 525 0 8 0
540 380 403 522 0 0 0
540 380 406 519 0 0 0
540 380 409 516 0 8 0
540 388 412 513 0 8 0
540 396 415 510 0 8 0
540 404 418 507 0 -8 0
540 396 421 504 0 0 0
540 396 424 501 0 0 0
540 396 427 498 0 -8 0
540 388 430 495 0 0 0
540 388 433 492 0 8 0
540 396 436 489 -8 8 0
532 404 439 486 0 0 0
532 404 442 483 0 0 0
532 404 445 480 -8 -8 0
524 396 448 477 0 8 0
524 404 451 474 0 8 0
524 412 454 471 -8 -8 0
516 404 457 468 0 8 0
516 412 460 465 -8 0 0
508 412 463 462 0 8 0
508 420 466 459 0 -8 0
508 412 469 456 -8 -8 0
500 404 472 453 0 8 0
500 412 475 450 0 -8 0
500 404 478 447 -8 0 0
492 404 481 444 0 0 0
492 404 484 441 -8 -8 0
484 396 487 438 0 8 0
484 404 490 435 0 8 0
484 412 493 432 -8 -8 0
476 404 496 429 0 0 0
476 404 499 426 0 0 0
476 404 502 423 -8 0 0
468 404 505 420 0 8 0
468 412 508 417 -8 8 0
460 420 511 414 0 -8 0
460 412 514 411 0 0 0
460 412 517 408 -8 8 0
452 420 520 405 0 -8 0
452 412 523 402 0 0 0
452 412 526 399 -8 8 0
444 420 529 396 0 -8 0
444 412 532 393 -8 -8 0
436 404 535 390 0 0 0
436 404 538 387 0 8 0
436 412 541 384 -8 8 0
428 420 544 381 0 8 0
428 428 547 378 0 0 0
428 428 550 375 -8 8 0
420 436 553 372 0 8 0
420 444 556 369 -8 8 0
412 452 559 366 0 -8 0
412 444 562 363 0 -8 0
412 436 565 360 -8 0 0
404 436 568 357 0 -8 0
404 428 571 354 0 8 0
404 436 574 351 -8 8 0
396 444 577 348 0 -8 0
396 436 580 345 -8 -8 0
388 428 583 342 0 -8 0
388 420 586 339 0 0 0
388 420 589 336 -8 8 0
380 428 592 333 0 8 0
380 436 595 330 0 0 0
380 436 598 327 -8 8 0
372 444 601 324 0 8 0
372 452 604 321 -8 0 0
364 452 607 318 0 8 0
364 460 610 315 0 8 0
364 468 613 312 -8 8 0
356 476 616 309 0 8 0
356 484 619 306 0 0 0
356 484 622 303 -8 -8 0
348 476 625 300 0 8 0
348 484 628 297 -8 8 0
340 492 631 294 0 0 0
340 492 634 291 0 0 0
340 492 637 288 -8 8 0
332 500 640 285 0 -8 0
332 492 643 282 0 8 0
332 500 646 279 -8 0 0
324 500 649 276 0 8 0
324 508 652 273 -8 0 0
316 508 655 270 0 8 0
316 516 658 267 0 0 0
316 516 661 264 -8 0 0
308 516 664 261 0 0 0
308 516 667 258 0 0 0
308 516 670 255 -8 -8 0
300 508 673 252 0 -8 0
300 500 676 249 -8 -8 0
292 492 679 246 0 -8 0
292 484 682 243 0 -8 0
292 476 685 240 -8 -8 0
284 468 688 237 0 -8 0
284 460 691 234 0 0 0
284 460 694 231 -8 0 0
276 460 697 228 0 -8 0
276 452 700 225 -8 -8 0
268 444 703 222 0 8 0
268 452 706 219 0 0 0
268 452 709 216 -8 0 0
260 452 712 213 0 8 0
260 460 715 210 0 0 0
260 460 718 207 -8 0 0
252 460 721 204 0 8 0
252 468 724 201 -8 8 0
244 476 727 198 0 0 0
244 476 730 195 0 0 0
244 476 733 192 -8 0 0
236 476 736 189 0 8 0
236 484 739 186 0 0 0
236 484 742 183 -8 -8 0
228 476 745 180 0 0 0
228 476 748 177 -8 0 0
220 476 751 174 0 0 0
220 476 754 171 0 0 0
220 476 757 168 -8 8 0
212 484 760 165 0 -8 0
212 476 763 162 0 -8 0
212 468 766 159 -8 8 0
204 476 769 156 0 -8 0
204 468 772 153 -8 -8 0
196 460 775 150 0 8 0
196 468 778 147 0 8 0
196 476 781 144 0 0 1
196 476 781 144 0 0 1
196 476 781 144 0 0 1
196 476 781 144 0 0 1
196 476 781 144 0 0 1
