218 435 421 489 0 0 0
218 435 424 486 8 0 0
226 435 427 483 8 -8 0
234 427 430 480 8 8 0
242 435 433 477 8 -8 0
250 427 436 474 8 -8 0
258 419 439 471 8 8 0
266 427 442 468 8 0 0
274 427 445 465 8 8 0
282 435 448 462 8 8 0
290 443 451 459 8 0 0
298 443 454 456 8 0 0
306 443 457 453 8 8 0
314 451 460 450 8 8 0
322 459 463 447 8 8 0
330 467 466 444 8 8 0
338 475 469 441 8 -8 0
346 467 472 438 8 0 0
354 467 475 435 8 -8 0
362 459 478 432 8 -8 0
370 451 481 429 8 8 0
378 459 484 426 0 8 0
378 467 487 423 0 -8 0
378 459 490 420 0 8 0
378 467 493 417 0 8 0
378 475 496 414 0 0 0
378 475 499 411 0 8 0
378 483 502 408 0 -8 0
378 475 505 405 0 0 0
378 475 508 402 0 -8 0
378 467 511 399 0 8 0
378 475 514 396 0 -8 0
378 467 517 393 0 0 0
378 467 520 390 0 8 0
378 475 523 387 0 -8 0
378 467 526 384 0 -8 0
378 459 529 381 0 0 0
378 459 532 378 0 0 0
378 459 535 375 0 8 0
378 467 538 372 0 -8 0
378 459 541 369 0 0 0
378 459 544 366 0 8 0
378 467 547 363 0 0 0
378 467 550 360 0 8 0
378 475 553 357 0 -8 0
378 467 556 354 0 0 0
378 467 559 351 0 8 0
378 475 562 348 0 8 0
378 483 565 345 0 -8 0
378 475 568 342 0 -8 0
378 467 571 339 0 8 0
378 475 574 336 0 0 0
378 475 577 333 0 8 0
378 483 580 330 0 -8 0
378 475 583 327 -8 0 0
370 475 586 324 0 0 0
370 475 589 321 0 -8 0
370 467 592 318 -8 8 0
362 475 595 315 0 0 0
362 475 598 312 0 8 0
362 483 601 309 -8 0 0
354 483 604 306 0 0 0
354 483 607 303 -8 -8 0
346 475 610 300 0 -8 0
346 467 613 297 0 0 0
346 467 616 294 -8 0 0
338 467 619 291 0 -8 0
338 459 622 288 0 8 0
338 467 625 285 -8 -8 0
330 459 628 282 0 -8 0
330 451 631 279 -8 8 0
322 459 634 276 0 0 0
322 459 637 273 0 -8 0
322 451 640 270 -8 0 0
314 451 643 267 0 8 0
314 459 646 264 0 -8 0
314 451 649 261 -8 8 0
306 459 652 258 0 0 0
306 459 655 255 -8 -8 0
298 451 658 252 0 -8 0
298 443 661 249 0 -8 0
298 435 664 246 -8 8 0
290 443 667 243 0 -8 0
290 435 670 240 0 0 0
290 435 673 237 -8 0 0
282 435 676 234 0 0 0
282 435 679 231 -8 -8 0
274 427 682 228 0 0 0
274 427 685 225 0 -8 0
274 419 688 222 -8 0 0
266 419 691 219 0 0 0
266 419 694 216 0 -8 0
266 411 697 213 -8 0 0
258 411 700 210 0 8 0
258 419 703 207 -8 8 0
250 427 706 204 0 8 0
250 435 709 201 0 8 0
250 443 712 198 -8 0 0
242 443 715 195 0 0 0
242 443 718 192 0 8 0
242 451 721 189 -8 -8 0
234 443 724 186 0 0 0
234 443 727 183 -8 -8 0
226 435 730 180 0 -8 0
226 427 733 177 0 0 0
226 427 736 174 -8 8 0
218 435 739 171 0 0 0
218 435 742 168 0 -8 0
218 427 745 165 -8 0 0
210 427 748 162 0 8 0
210 435 751 159 -8 0 0
202 435 754 156 0 -8 0
202 427 757 153 0 8 0
202 435 760 150 -8 0 0
194 435 763 147 0 8 0
194 443 766 144 0 0 0
194 443 769 141 -8 -8 0
186 435 772 138 0 0 0
186 435 775 135 -8 0 0
178 435 778 132 0 0 0
178 435 781 129 0 0 1
178 435 781 129 0 0 1
178 435 781 129 0 0 1
178 435 781 129 0 0 1
178 435 781 129 0 0 1
