275 157 571 363 0 0 0
275 157 568 360 8 -8 0
283 149 565 357 8 8 0
291 157 562 354 8 -8 0
299 149 559 351 8 0 0
307 149 556 348 0 -8 0
307 141 553 345 0 -8 0
307 133 550 342 0 0 0
307 133 547 339 0 -8 0
307 125 544 336 0 8 0
307 133 541 333 0 0 0
307 133 538 330 0 8 0
307 141 535 327 0 8 0
307 149 532 324 0 -8 0
307 141 529 321 0 0 0
307 141 526 318 0 8 0
307 149 523 315 0 -8 0
307 141 520 312 0 0 0
307 141 517 309 0 -8 0
307 133 514 306 0 8 0
307 141 511 303 0 0 0
307 141 508 300 0 0 0
307 141 505 297 0 -8 0
307 133 502 294 0 -8 0
307 125 499 291 0 -8 0
307 117 496 288 0 -8 0
307 109 493 285 0 8 0
307 117 490 282 0 -8 0
307 109 487 279 0 0 0
307 109 484 276 0 -8 0
307 101 481 273 0 -8 0
307 93 478 270 0 0 0
307 93 475 267 0 0 0
307 93 472 264 0 8 0
307 101 469 261 0 0 0
307 101 466 258 0 8 0
307 109 463 255 -8 -8 0
299 101 460 252 0 0 0
299 101 457 249 0 -8 0
299 93 454 246 -8 0 0
291 93 451 243 0 -8 0
291 85 448 240 -8 0 0
283 85 445 237 0 8 0
283 93 442 234 0 8 0
283 101 439 231 -8 -8 0
275 93 436 228 0 0 0
275 93 433 225 0 8 0
275 101 430 222 -8 0 0
267 101 427 219 0 -8 0
267 93 424 216 -8 -8 0
259 85 421 213 0 8 0
259 93 418 210 0 0 0
259 93 415 207 -8 8 0
251 101 412 204 0 8 0
251 109 409 201 0 -8 0
251 101 406 198 -8 0 0
243 101 403 195 0 0 0
243 101 400 192 -8 -8 0
235 93 397 189 0 0 0
235 93 394 186 0 8 0
235 101 391 183 -8 0 0
227 101 388 180 0 8 0
227 109 385 177 0 -8 0
227 101 382 174 -8 0 0
219 101 379 171 0 0 0
219 101 376 168 -8 -8 0
211 93 373 165 0 0 0
211 93 370 162 0 8 0
211 101 367 159 -8 -8 0
203 93 364 156 0 -8 0
203 85 361 153 0 0 0
203 85 358 150 -8 -8 0
195 77 355 147 0 0 0
195 77 352 144 -8 8 0
187 85 349 141 0 -8 0
187 77 346 138 0 8 0
187 85 343 135 -8 -8 0
179 77 340 132 0 8 0
179 85 337 129 0 -8 0
179 77 334 126 -8 8 0
171 85 331 123 0 8 0
171 93 328 120 -8 0 0
163 93 325 117 0 -8 0
163 85 322 114 0 -8 0
163 77 319 111 -8 8 0
155 85 316 108 0 -8 0
155 77 313 105 0 0 0
155 77 310 102 -8 8 0
147 85 307 99 0 0 0
147 85 304 96 -8 8 0
139 93 301 93 0 8 0
139 101 298 90 0 -8 0
139 93 295 87 -8 8 0
131 101 292 84 0 0 0
131 101 289 81 0 -8 0
131 93 286 78 -8 8 0
123 101 283 75 0 -8 0
123 93 280 72 -8 -8 0
115 85 277 69 0 0 0
115 85 274 66 0 0 0
115 85 271 63 -8 -8 0
107 77 268 60 0 0 0
107 77 265 57 0 -8 0
107 69 262 54 -8 8 0
99 77 259 51 0 0 0
99 77 256 48 -8 -8 0
91 69 253 45 0 8 0
91 77 250 42 0 -8 0
91 69 247 39 -8 0 0
83 69 244 36 0 -8 0
83 61 241 33 0 -8 0
83 60 238 30 -8 0 0
75 60 235 27 0 -8 0
75 60 232 24 -8 0 0
67 60 229 21 0 8 0
67 68 226 18 0 0 0
67 68 223 15 -8 -8 0
60 60 220 12 0 -8 0
60 60 217 9 -8 -8 0
60 60 214 12 0 0 0
60 60 211 15 0 0 0
60 60 208 18 0 0 0
60 60 205 21 0 -8 0
60 60 202 24 0 -8 0
60 60 199 27 0 -8 0
60 60 196 30 0 -8 0
60 60 193 33 0 0 0
60 60 190 36 0 8 0
60 68 187 39 0 8 0
60 76 184 42 0 0 0
60 76 181 45 0 0 0
60 76 178 48 0 -8 0
60 68 175 51 0 -8 0
60 60 172 54 0 0 0
60 60 169 57 0 -8 0
60 60 166 60 0 8 0
60 68 163 63 0 -8 0
60 60 160 66 0 8 0
60 68 157 69 0 8 0
60 76 154 72 0 0 0
60 76 151 75 0 -8 0
60 68 148 78 0 0 0
60 68 145 81 0 8 0
60 76 142 84 0 8 0
60 84 139 87 0 8 0
60 92 136 90 0 0 0
60 92 133 93 0 -8 0
60 84 130 96 0 -8 0
60 76 127 99 0 8 0
60 84 124 102 0 0 0
60 84 121 105 0 -8 0
60 76 118 108 0 -8 0
60 68 115 111 8 0 0
68 68 112 114 0 0 0
68 68 109 117 0 8 0
68 76 106 120 8 -8 0
76 68 103 123 0 8 0
76 76 100 126 0 0 0
76 76 97 129 8 -8 0
84 68 94 132 0 0 0
84 68 91 135 8 -8 0
92 60 88 138 0 0 0
92 60 85 141 0 -8 0
92 60 82 144 8 0 0
100 60 79 147 0 8 0
100 68 76 150 0 8 0
100 76 73 153 8 0 0
108 76 70 156 0 -8 0
108 68 67 159 8 8 0
116 76 64 162 0 0 0
116 76 61 165 0 -8 0
116 68 58 168 8 8 0
124 76 55 171 0 -8 0
124 68 52 174 0 -8 0
124 60 49 177 8 0 0
132 60 46 180 0 0 0
132 60 43 183 8 8 0
140 68 40 186 0 -8 0
140 60 37 189 0 0 0
140 60 34 192 8 0 0
148 60 31 195 0 0 0
148 60 28 198 0 8 0
148 68 25 201 8 0 0
156 68 22 204 0 0 0
156 68 19 207 0 0 1
156 68 19 207 0 0 1
156 68 19 207 0 0 1
156 68 19 207 0 0 1
156 68 19 207 0 0 1
