490 265 358 231 0 0 0
490 265 361 228 -8 0 0
482 265 364 225 -8 0 0
474 265 367 222 -8 -8 0
466 257 370 219 -8 0 0
458 257 373 216 -8 -8 0
450 249 376 213 -8 8 0
442 257 379 210 -8 0 0
434 257 382 207 -8 -8 0
426 249 385 204 -8 -8 0
418 241 388 201 -8 8 0
410 249 391 198 -8 8 0
402 257 394 195 -8 0 0
394 257 397 192 -8 -8 0
386 249 400 189 -8 8 0
378 257 403 186 -8 0 0
370 257 406 183 -8 8 0
362 265 409 180 -8 -8 0
354 257 412 177 -8 0 0
346 257 415 174 -8 -8 0
338 249 418 171 -8 8 0
330 257 421 168 -8 -8 0
322 249 424 165 -8 0 0
314 249 427 162 -8 0 0
306 249 430 159 -8 -8 0
298 241 433 156 -8 -8 0
290 233 436 153 -8 -8 0
282 225 439 150 -8 0 0
274 225 442 147 -8 8 0
266 233 445 144 -8 -8 0
258 225 448 141 -8 -8 0
250 217 451 138 -8 8 0
242 225 454 135 -8 8 0
234 233 457 132 -8 0 0
226 233 460 129 -8 -8 0
218 225 463 126 -8 8 0
210 233 466 123 -8 -8 0
202 225 469 120 -8 0 0
194 225 472 117 -8 0 0
186 225 475 114 -8 0 0
178 225 478 111 -8 8 0
170 233 481 108 -8 -8 0
162 225 484 105 -8 0 0
154 225 487 102 -8 -8 0
146 217 490 99 0 0 0
146 217 493 96 0 -8 0
146 209 496 93 -8 0 0
138 209 499 90 0 -8 0
138 201 502 87 -8 0 0
130 201 505 84 0 8 0
130 209 508 81 0 0 0
130 209 511 78 -8 8 0
122 217 514 75 0 -8 0
122 209 517 72 0 0 0
122 209 520 69 -8 8 0
114 217 523 66 0 -8 0
114 209 526 63 -8 0 0
106 209 529 60 0 -8 0
106 201 532 57 0 0 0
106 201 535 54 -8 0 0
98 201 538 51 0 8 0
98 209 541 48 0 -8 0
98 201 544 45 -8 -8 0
90 193 547 42 0 -8 0
90 185 550 39 -8 0 0
82 185 553 36 0 0 0
82 185 556 33 0 0 0
82 185 559 30 -8 0 0
74 185 562 27 0 8 0
74 193 565 24 0 0 0
74 193 568 21 -8 0 0
66 193 571 18 0 -8 0
66 185 574 15 -8 8 0
60 193 577 12 0 8 0
60 201 580 9 -8 -8 0
60 193 583 12 0 -8 0
60 185 586 15 0 8 0
60 193 589 18 0 -8 0
60 185 592 21 0 8 0
60 193 595 24 0 0 0
60 193 598 27 0 8 0
60 201 601 30 0 0 0
60 201 604 33 0 -8 0
60 193 607 36 0 0 0
60 193 610 39 0 -8 0
60 185 613 42 0 -8 0
60 177 616 45 0 0 0
60 177 619 48 0 8 0
60 185 622 51 0 0 0
60 185 625 54 0 8 0
60 193 628 57 0 8 0
60 201 631 60 0 8 0
60 209 634 63 0 8 0
60 217 637 66 0 8 0
60 225 640 69 0 -8 0
60 217 643 72 0 -8 0
60 209 646 75 0 -8 0
60 201 649 78 0 8 0
60 209 652 81 0 -8 0
60 201 655 84 0 -8 0
60 193 658 87 0 8 0
60 201 661 90 0 8 0
60 209 664 93 0 0 0
60 209 667 96 0 -8 0
60 201 670 99 0 8 0
60 209 673 102 0 0 0
60 209 676 105 0 0 0
60 209 679 108 0 8 0
60 217 682 111 8 -8 0
68 209 685 114 0 -8 0
68 201 688 117 0 0 0
68 201 691 120 8 -8 0
76 193 694 123 0 0 0
76 193 697 126 0 8 0
76 201 700 129 8 0 0
84 201 703 132 0 0 0
84 201 706 135 8 8 0
92 209 709 138 0 8 0
92 217 712 141 0 0 0
92 217 715 144 8 0 0
100 217 718 147 0 8 0
100 225 721 150 0 0 0
100 225 724 153 8 0 0
108 225 727 156 0 -8 0
108 217 730 159 8 0 0
116 217 733 162 0 -8 0
116 209 736 165 0 0 0
116 209 739 168 8 8 0
124 217 742 171 0 -8 0
124 209 745 174 0 -8 0
124 201 748 177 8 -8 0
132 193 751 180 0 -8 0
132 185 754 183 8 0 0
140 185 757 186 0 0 0
140 185 760 189 0 8 0
140 193 763 192 8 0 0
148 193 766 195 0 8 0
148 201 769 198 0 8 0
148 209 772 201 8 0 0
156 209 775 204 0 8 0
156 217 778 207 8 -8 0
164 209 781 210 0 -8 0
164 201 778 213 0 -8 0
164 193 775 216 8 -8 0
172 185 772 219 0 0 0
172 185 769 222 0 -8 0
172 177 766 225 8 -8 0
180 169 763 228 0 8 0
180 177 760 231 8 8 0
188 185 757 234 0 8 0
188 193 754 237 0 -8 0
188 185 751 240 8 -8 0
196 177 748 243 0 8 0
196 185 745 246 0 0 0
196 185 742 249 8 8 0
204 193 739 252 0 8 0
204 201 736 255 8 8 0
212 209 733 258 0 -8 0
212 201 730 261 0 -8 0
212 193 727 264 8 8 0
220 201 724 267 0 8 0
220 209 721 270 0 8 0
220 217 718 273 8 -8 0
228 209 715 276 0 0 0
228 209 712 279 8 8 0
236 217 709 282 0 -8 0
236 209 706 285 0 -8 0
236 201 703 288 8 -8 0
244 193 700 291 0 -8 0
244 185 697 294 0 0 0
244 185 694 297 8 -8 0
252 177 691 300 0 8 0
252 185 688 303 8 8 0
260 193 685 306 0 0 0
260 193 682 309 0 8 0
260 201 679 312 8 8 0
268 209 676 315 0 8 0
268 217 673 318 0 8 0
268 225 670 321 8 0 0
276 225 667 324 0 0 0
276 225 664 327 8 0 0
284 225 661 330 0 0 0
284 225 658 333 0 8 0
284 233 655 336 8 -8 0
292 225 652 339 0 -8 0
292 217 649 342 0 8 0
292 225 646 345 8 0 0
300 225 643 348 0 8 0
300 233 640 351 8 0 0
308 233 637 354 0 0 0
308 233 634 357 0 0 0
308 233 631 360 8 8 0
316 241 628 363 0 8 0
316 249 625 366 0 8 0
316 257 622 369 8 8 0
324 265 619 372 0 8 0
324 273 616 375 8 0 0
332 273 613 378 0 0 0
332 273 610 381 0 0 0
332 273 607 384 8 8 0
340 281 604 387 0 0 0
340 281 601 390 0 8 0
340 289 598 393 8 8 0
348 297 595 396 0 8 0
348 305 592 399 8 8 0
356 313 589 402 0 0 0
356 313 586 405 0 8 0
356 321 583 408 8 8 0
364 329 580 411 0 8 0
364 337 577 414 0 0 0
364 337 574 417 8 -8 0
372 329 571 420 0 0 0
372 329 568 423 8 -8 0
380 321 565 426 0 0 0
380 321 562 429 0 8 0
380 329 559 432 8 0 0
388 329 556 435 0 0 0
388 329 553 438 0 8 0
388 337 550 441 8 8 0
396 345 547 444 0 8 0
396 353 544 447 8 8 0
404 361 541 450 0 -8 0
404 353 538 453 0 -8 0
404 345 535 456 8 -8 0
412 337 532 459 0 -8 0
412 329 529 462 0 8 0
412 337 526 465 8 -8 0
420 329 523 468 0 8 0
420 337 520 471 8 -8 0
428 329 517 474 0 0 0
428 329 514 477 0 0 0
428 329 511 480 8 8 0
436 337 508 483 0 0 0
436 337 505 486 0 0 0
436 337 502 489 8 -8 0
444 329 499 492 0 8 0
444 337 496 495 8 0 0
452 337 493 498 0 8 0
452 345 490 501 0 0 0
452 345 487 504 8 0 0
460 345 484 507 0 -8 0
460 337 481 510 0 8 0
460 345 478 513 8 0 0
468 345 475 516 0 8 0
468 353 472 519 8 8 0
476 361 469 522 0 -8 0
476 353 466 525 0 -8 0
476 345 463 528 8 0 0
484 345 460 531 0 0 0
484 345 457 534 0 0 0
484 345 454 537 8 0 0
492 345 451 540 0 0 0
492 345 448 543 8 8 0
500 353 445 546 0 -8 0
500 345 442 549 0 8 0
500 353 439 552 8 0 0
508 353 436 555 0 8 0
508 361 433 558 0 -8 0
508 353 430 561 8 0 0
516 353 427 564 0 8 0
516 361 424 567 8 0 0
524 361 421 570 0 0 0
524 361 418 573 0 0 0
524 361 415 576 8 0 0
532 361 412 579 0 0 0
532 361 409 582 0 0 0
532 361 406 585 8 8 0
540 369 403 588 0 8 0
540 377 400 591 8 -8 0
540 369 397 588 0 0 0
540 369 394 585 0 0 0
540 369 391 582 0 0 0
540 369 388 579 0 0 0
540 369 385 576 0 -8 0
540 361 382 573 0 0 0
540 361 379 570 0 8 0
540 369 376 567 0 8 0
540 377 373 564 0 0 0
540 377 370 561 0 8 0
540 385 367 558 0 -8 0
540 377 364 555 0 8 0
540 385 361 552 0 -8 0
540 377 358 549 0 8 0
540 385 355 546 0 0 0
540 385 352 543 0 -8 0
540 377 349 540 0 0 0
540 377 346 537 0 -8 0
540 369 343 534 0 0 0
540 369 340 531 0 8 0
540 377 337 528 0 -8 0
540 369 334 525 0 -8 0
540 361 331 522 0 0 0
540 361 328 519 0 0 0
540 361 325 516 0 -8 0
540 353 322 513 0 8 0
540 361 319 510 0 8 0
540 369 316 507 0 -8 0
540 361 313 504 0 8 0
540 369 310 501 0 -8 0
540 361 307 498 0 -8 0
540 353 304 495 0 8 0
540 361 301 492 0 8 0
540 369 298 489 -8 8 0
532 377 295 486 0 0 0
532 377 292 483 0 0 0
532 377 289 480 -8 8 0
524 385 286 477 0 0 0
524 385 283 474 0 0 0
524 385 280 471 -8 8 0
516 393 277 468 0 -8 0
516 385 274 465 -8 8 0
508 393 271 462 0 0 0
508 393 268 459 0 8 0
508 401 265 456 -8 0 0
500 401 262 453 0 0 0
500 401 259 450 0 0 0
500 401 256 447 -8 0 0
492 401 253 444 0 -8 0
492 393 250 441 -8 8 0
484 401 247 438 0 8 0
484 409 244 435 0 8 0
484 417 241 432 -8 -8 0
476 409 238 429 0 8 0
476 417 235 426 0 -8 0
476 409 232 423 -8 0 0
468 409 229 420 0 8 0
468 417 226 417 -8 0 0
460 417 223 414 0 8 0
460 425 220 411 0 0 0
460 425 217 408 -8 8 0
452 433 214 405 0 8 0
452 441 211 402 0 8 0
452 449 208 399 -8 -8 0
444 441 205 396 0 0 0
444 441 202 393 -8 -8 0
436 433 199 390 0 8 0
436 441 196 387 0 -8 0
436 433 193 384 -8 -8 0
428 425 190 381 0 -8 0
428 417 187 378 0 0 0
428 417 184 375 -8 -8 0
420 409 181 372 0 0 0
420 409 178 369 -8 0 0
412 409 175 366 0 8 0
412 417 172 363 0 0 0
412 417 169 360 -8 0 0
404 417 166 357 0 8 0
404 425 163 354 0 -8 0
404 417 160 351 -8 -8 0
396 409 157 348 0 -8 0
396 401 154 345 -8 8 0
388 409 151 342 0 -8 0
388 401 148 339 0 0 0
388 401 145 336 -8 -8 0
380 393 142 333 0 -8 0
380 385 139 330 0 -8 0
380 377 136 327 -8 0 0
372 377 133 324 0 -8 0
372 369 130 321 -8 0 0
364 369 127 318 0 0 0
364 369 124 315 0 8 0
364 377 121 312 -8 0 0
356 377 118 309 0 -8 0
356 369 115 306 0 0 0
356 369 112 303 -8 0 0
348 369 109 300 0 -8 0
348 361 106 297 -8 0 0
340 361 103 294 0 -8 0
340 353 100 291 0 8 0
340 361 97 288 -8 8 0
332 369 94 285 0 8 0
332 377 91 282 0 -8 0
332 369 88 279 -8 8 0
324 377 85 276 0 -8 0
324 369 82 273 -8 0 0
316 369 79 270 0 -8 0
316 361 76 267 0 8 0
316 369 73 264 -8 8 0
308 377 70 261 0 -8 0
308 369 67 258 0 0 0
308 369 64 255 -8 8 0
300 377 61 252 0 -8 0
300 369 58 249 -8 8 0
292 377 55 246 0 8 0
292 385 52 243 0 -8 0
292 377 49 240 -8 0 0
284 377 46 237 0 8 0
284 385 43 234 0 -8 0
284 377 40 231 -8 0 0
276 377 37 228 0 8 0
276 385 34 225 -8 0 0
268 385 31 222 0 0 0
268 385 28 219 0 8 0
268 393 25 216 -8 8 0
260 401 22 213 0 -8 0
260 393 19 210 0 -8 0
260 385 22 207 -8 -8 0
252 377 25 204 0 8 0
252 385 28 201 -8 8 0
244 393 31 198 0 0 0
244 393 34 195 0 -8 0
244 385 37 192 -8 -8 0
236 377 40 189 0 0 0
236 377 43 186 0 8 0
236 385 46 183 -8 0 0
228 385 49 180 0 -8 0
228 377 52 177 -8 -8 0
220 369 55 174 0 0 0
220 369 58 171 0 8 0
220 377 61 168 -8 8 0
212 385 64 165 0 0 0
212 385 67 162 0 8 0
212 393 70 159 -8 0 0
204 393 73 156 0 -8 0
204 385 76 153 -8 8 0
196 393 79 150 0 -8 0
196 385 82 147 0 -8 0
196 377 85 144 -8 0 0
188 377 88 141 0 8 0
188 385 91 138 0 -8 0
188 377 94 135 -8 8 0
180 385 97 132 0 8 0
180 393 100 129 -8 0 0
172 393 103 126 0 -8 0
172 385 106 123 0 -8 0
172 377 109 120 -8 8 0
164 385 112 117 0 8 0
164 393 115 114 0 8 0
164 401 118 111 -8 -8 0
156 393 121 108 0 8 0
156 401 124 105 -8 0 0
148 401 127 102 0 8 0
148 409 130 99 0 8 0
148 417 133 96 -8 -8 0
140 409 136 93 0 8 0
140 417 139 90 0 8 0
140 425 142 87 -8 8 0
132 433 145 84 0 0 0
132 433 148 81 -8 0 0
124 433 151 78 0 0 0
124 433 154 75 0 -8 0
124 425 157 72 -8 0 0
116 425 160 69 0 -8 0
116 417 163 66 0 8 0
116 425 166 63 -8 -8 0
108 417 169 60 0 8 0
108 425 172 57 -8 -8 0
100 417 175 54 0 0 0
100 417 178 51 0 8 0
100 425 181 48 -8 -8 0
92 417 184 45 0 0 0
92 417 187 42 0 -8 0
92 409 190 39 -8 8 0
84 417 193 36 0 0 0
84 417 196 33 -8 0 0
76 417 199 30 0 8 0
76 425 202 27 0 0 0
76 425 205 24 -8 -8 0
68 417 208 21 0 -8 0
68 409 211 18 0 -8 0
68 401 214 15 -8 -8 0
60 393 217 12 0 8 0
60 401 220 9 -8 8 0
60 409 223 12 0 0 0
60 409 226 15 0 8 0
60 417 229 18 0 0 0
60 417 232 21 0 0 0
60 417 235 24 0 -8 0
60 409 238 27 0 -8 0
60 401 241 30 0 0 0
60 401 244 33 0 -8 0
60 393 247 36 0 8 0
60 401 250 39 0 -8 0
60 393 253 42 0 -8 0
60 385 256 45 0 0 0
60 385 259 48 0 8 0
60 393 262 51 0 8 0
60 401 265 54 0 -8 0
60 393 268 57 0 0 0
60 393 271 60 0 0 0
60 393 274 63 0 0 0
60 393 277 66 0 0 0
60 393 280 69 0 8 0
60 401 283 72 0 -8 0
60 393 286 75 0 -8 0
60 385 289 78 0 8 0
60 393 292 81 0 8 0
60 401 295 84 0 -8 0
60 393 298 87 0 0 0
60 393 301 90 0 8 0
60 401 304 93 0 -8 0
60 393 307 96 0 -8 0
60 385 310 99 0 8 0
60 393 313 102 0 -8 0
60 385 316 105 0 8 0
60 393 319 108 0 8 0
60 401 322 111 8 8 0
68 409 325 114 0 8 0
68 417 328 117 0 -8 0
68 409 331 120 8 -8 0
76 401 334 123 0 0 0
76 401 337 126 0 -8 0
76 393 340 129 8 -8 0
84 385 343 132 0 8 0
84 393 346 135 8 8 0
92 401 349 138 0 8 0
92 409 352 141 0 -8 0
92 401 355 144 8 8 0
100 409 358 147 0 0 0
100 409 361 150 0 0 0
100 409 364 153 8 8 0
108 417 367 156 0 -8 0
108 409 370 159 8 8 0
116 417 373 162 0 0 0
116 417 376 165 0 8 0
116 425 379 168 8 -8 0
124 417 382 171 0 -8 0
124 409 385 174 0 -8 0
124 401 388 177 8 8 0
132 409 391 180 0 0 0
132 409 394 183 8 0 0
140 409 397 186 0 0 0
140 409 400 189 0 -8 0
140 401 403 192 8 0 0
148 401 406 195 0 8 0
148 409 409 198 0 8 0
148 417 412 201 8 8 0
156 425 415 204 0 0 0
156 425 418 207 8 0 0
164 425 421 210 0 -8 0
164 417 424 213 0 -8 0
164 409 427 216 8 0 0
172 409 430 219 0 8 0
172 417 433 222 0 0 0
172 417 436 225 8 -8 0
180 409 439 228 0 0 0
180 409 442 231 8 0 0
188 409 445 234 0 0 0
188 409 448 237 0 8 0
188 417 451 240 8 -8 0
196 409 454 243 0 8 0
196 417 457 246 0 -8 0
196 409 460 249 8 8 0
204 417 463 252 0 8 0
204 425 466 255 8 -8 0
212 417 469 258 0 -8 0
212 409 472 261 0 -8 0
212 401 475 264 8 0 0
220 401 478 267 0 8 0
220 409 481 270 0 0 0
220 409 484 273 8 -8 0
228 401 487 276 0 8 0
228 409 490 279 8 8 0
236 417 493 282 0 -8 0
236 409 496 285 0 0 0
236 409 499 288 8 8 0
244 417 502 291 0 0 0
244 417 505 294 0 0 0
244 417 508 297 8 -8 0
252 409 511 300 0 8 0
252 417 514 303 8 -8 0
260 409 517 306 0 0 0
260 409 520 309 0 8 0
260 417 523 312 8 8 0
268 425 526 315 0 0 0
268 425 529 318 0 -8 0
268 417 532 321 8 8 0
276 425 535 324 0 -8 0
276 417 538 327 8 -8 0
284 409 541 330 0 0 0
284 409 544 333 0 8 0
284 417 547 336 8 0 0
292 417 550 339 0 -8 0
292 409 553 342 0 8 0
292 417 556 345 8 8 0
300 425 559 348 0 -8 0
300 417 562 351 8 8 0
308 425 565 354 0 -8 0
308 417 568 357 0 -8 0
308 409 571 360 8 -8 0
316 401 574 363 0 8 0
316 409 577 366 0 0 0
316 409 580 369 8 0 0
324 409 583 372 0 -8 0
324 401 586 375 8 0 0
332 401 589 378 0 0 0
332 401 592 381 0 0 0
332 401 595 384 8 0 0
340 401 598 387 0 8 0
340 409 601 390 0 8 0
340 417 604 393 8 0 0
348 417 607 396 0 8 0
348 425 610 399 8 0 0
356 425 613 402 0 0 0
356 425 616 405 0 -8 0
356 417 619 408 8 0 0
364 417 622 411 0 -8 0
364 409 625 414 0 8 0
364 417 628 417 8 0 0
372 417 631 420 0 0 0
372 417 634 423 8 0 0
380 417 637 426 0 8 0
380 425 640 429 0 8 0
380 433 643 432 8 -8 0
388 425 646 435 0 0 0
388 425 649 438 0 0 0
388 425 652 441 8 0 0
396 425 655 444 0 8 0
396 433 658 447 8 8 0
404 441 661 450 0 8 0
404 449 664 453 0 0 0
404 449 667 456 8 0 0
412 449 670 459 0 0 0
412 449 673 462 0 0 0
412 449 676 465 8 -8 0
420 441 679 468 0 8 0
420 449 682 471 8 -8 0
428 441 685 474 0 8 0
428 449 688 477 0 8 0
428 457 691 480 8 0 0
436 457 694 483 0 -8 0
436 449 697 486 0 -8 0
436 441 700 489 8 0 0
444 441 703 492 0 8 0
444 449 706 495 8 8 0
452 457 709 498 0 -8 0
452 449 712 501 0 8 0
452 457 715 504 8 8 0
460 465 718 507 0 -8 0
460 457 721 510 0 0 0
460 457 724 513 8 8 0
468 465 727 516 0 0 0
468 465 730 519 8 8 0
476 473 733 522 0 8 0
476 481 736 525 0 -8 0
476 473 739 528 8 8 0
484 481 742 531 0 8 0
484 489 745 534 0 -8 0
484 481 748 537 8 8 0
492 489 751 540 0 8 0
492 497 754 543 8 0 0
500 497 757 546 0 8 0
500 505 760 549 0 -8 0
500 497 763 552 8 8 0
508 505 766 555 0 0 0
508 505 769 558 0 -8 0
508 497 772 561 8 -8 0
516 489 775 564 0 8 0
516 497 778 567 8 8 0
524 505 781 570 0 0 1
524 505 781 570 0 0 1
524 505 781 570 0 0 1
524 505 781 570 0 0 1
524 505 781 570 0 0 1
