176 283 253 351 0 0 0
176 283 256 354 8 -8 0
184 275 259 357 8 8 0
192 283 262 360 8 8 0
200 291 265 363 8 8 0
208 299 268 366 8 8 0
216 307 271 369 8 8 0
224 315 274 372 8 0 0
232 315 277 375 8 8 0
240 323 280 378 8 8 0
248 331 283 381 8 0 0
256 331 286 384 8 8 0
264 339 289 387 8 -8 0
272 331 292 390 8 -8 0
280 323 295 393 8 0 0
288 323 298 396 8 -8 0
296 315 301 399 8 0 0
304 315 304 402 8 -8 0
312 307 307 405 8 -8 0
320 299 310 408 8 0 0
328 299 313 411 8 0 0
336 299 316 414 8 -8 0
344 291 319 417 8 0 0
352 291 322 420 8 0 0
360 291 325 423 8 0 0
368 291 328 426 8 8 0
376 299 331 429 8 8 0
384 307 334 432 0 0 0
384 307 337 435 8 -8 0
392 299 340 438 0 0 0
392 299 343 441 0 0 0
392 299 346 444 8 8 0
400 307 349 447 0 0 0
400 307 352 450 0 0 0
400 307 355 453 8 -8 0
408 299 358 456 0 8 0
408 307 361 459 8 8 0
416 315 364 462 0 0 0
416 315 367 465 0 8 0
416 323 370 468 8 -8 0
424 315 373 471 0 8 0
424 323 376 474 0 0 0
424 323 379 477 8 0 0
432 323 382 480 0 0 0
432 323 385 483 8 8 0
440 331 388 486 0 8 0
440 339 391 489 0 0 0
440 339 394 492 8 -8 0
448 331 397 495 0 8 0
448 339 400 498 0 0 0
448 339 403 501 8 8 0
456 347 406 504 0 -8 0
456 339 409 507 8 -8 0
464 331 412 510 0 -8 0
464 323 415 513 0 8 0
464 331 418 516 8 -8 0
472 323 421 519 0 8 0
472 331 424 522 0 8 0
472 339 427 525 8 8 0
480 347 430 528 0 0 0
480 347 433 531 8 0 0
488 347 436 534 0 0 0
488 347 439 537 0 0 0
488 347 442 540 8 -8 0
496 339 445 543 0 -8 0
496 331 448 546 0 8 0
496 339 451 549 8 -8 0
504 331 454 552 0 0 0
504 331 457 555 8 0 0
512 331 460 558 0 8 0
512 339 463 561 0 8 0
512 347 466 564 8 8 0
520 355 469 567 0 0 0
520 355 472 570 0 -8 0
520 347 475 573 8 8 0
528 355 478 576 0 8 0
528 363 481 579 8 0 0
536 363 484 582 0 -8 0
536 355 487 585 0 8 0
536 363 490 588 8 -8 0
540 355 493 591 8 8 0
540 363 496 588 0 8 0
540 371 499 585 0 0 0
540 371 502 582 0 -8 0
540 363 505 579 0 0 0
540 363 508 576 0 0 0
540 363 511 573 0 8 0
540 371 514 570 0 8 0
540 379 517 567 0 0 0
540 379 520 564 0 0 0
540 379 523 561 0 8 0
540 387 526 558 0 8 0
540 395 529 555 0 -8 0
540 387 532 552 0 8 0
540 395 535 549 0 0 0
540 395 538 546 0 0 0
540 395 541 543 0 8 0
540 403 544 540 0 8 0
540 411 547 537 0 8 0
540 419 550 534 0 8 0
540 427 553 531 0 -8 0
540 419 556 528 0 -8 0
540 411 559 525 0 0 0
540 411 562 522 0 -8 0
540 403 565 519 0 -8 0
540 395 568 516 0 0 0
540 395 571 513 0 0 0
540 395 574 510 0 8 0
540 403 577 507 0 0 0
540 403 580 504 0 -8 0
540 395 583 501 0 -8 0
540 387 586 498 0 0 0
540 387 589 495 0 -8 0
540 379 592 492 0 -8 0
540 371 595 489 -8 0 0
532 371 598 486 0 0 0
532 371 601 483 0 0 0
532 371 604 480 -8 -8 0
524 363 607 477 0 0 0
524 363 610 474 0 0 0
524 363 613 471 -8 -8 0
516 355 616 468 0 0 0
516 355 619 465 -8 -8 0
508 347 622 462 0 -8 0
508 339 625 459 0 8 0
508 347 628 456 -8 8 0
500 355 631 453 0 0 0
500 355 634 450 0 -8 0
500 347 637 447 -8 0 0
492 347 640 444 0 0 0
492 347 643 441 -8 8 0
484 355 646 438 0 -8 0
484 347 649 435 0 8 0
484 355 652 432 -8 -8 0
476 347 655 429 0 -8 0
476 339 658 426 0 8 0
476 347 661 423 -8 8 0
468 355 664 420 0 -8 0
468 347 667 417 -8 -8 0
460 339 670 414 0 0 0
460 339 673 411 0 -8 0
460 331 676 408 -8 8 0
452 339 679 405 0 -8 0
452 331 682 402 0 -8 0
452 323 685 399 -8 -8 0
444 315 688 396 0 8 0
444 323 691 393 -8 0 0
436 323 694 390 0 0 0
436 323 697 387 0 0 0
436 323 700 384 -8 -8 0
428 315 703 381 0 8 0
428 323 706 378 0 0 0
428 323 709 375 -8 -8 0
420 315 712 372 0 8 0
420 323 715 369 -8 0 0
412 323 718 366 0 8 0
412 331 721 363 0 8 0
412 339 724 360 -8 8 0
404 347 727 357 0 0 0
404 347 730 354 0 0 0
404 347 733 351 -8 8 0
396 355 736 348 0 -8 0
396 347 739 345 -8 0 0
388 347 742 342 0 8 0
388 355 745 339 0 -8 0
388 347 748 336 -8 -8 0
380 339 751 333 0 8 0
380 347 754 330 0 8 0
380 355 757 327 -8 8 0
372 363 760 324 0 8 0
372 371 763 321 -8 -8 0
364 363 766 318 0 0 0
364 363 769 315 0 0 0
364 363 772 312 -8 -8 0
356 355 775 309 0 -8 0
356 347 778 306 0 -8 0
356 339 781 303 -8 8 0
348 347 778 300 0 -8 0
348 339 775 297 -8 8 0
340 347 772 294 0 8 0
340 355 769 291 0 0 0
340 355 766 288 -8 0 0
332 355 763 285 0 8 0
332 363 760 282 0 8 0
332 371 757 279 -8 8 0
324 379 754 276 0 8 0
324 387 751 273 -8 8 0
316 395 748 270 0 -8 0
316 387 745 267 0 8 0
316 395 742 264 -8 0 0
308 395 739 261 0 -8 0
308 387 736 258 0 8 0
308 395 733 255 -8 0 0
300 395 730 252 0 -8 0
300 387 727 249 -8 8 0
292 395 724 246 0 0 0
292 395 721 243 0 -8 0
292 387 718 240 -8 0 0
284 387 715 237 0 -8 0
284 379 712 234 0 0 0
284 379 709 231 -8 8 0
276 387 706 228 0 8 0
276 395 703 225 -8 8 0
268 403 700 222 0 -8 0
268 395 697 219 0 -8 0
268 387 694 216 -8 8 0
260 395 691 213 0 -8 0
260 387 688 210 0 -8 0
260 379 685 207 -8 -8 0
252 371 682 204 0 8 0
252 379 679 201 -8 8 0
244 387 676 198 0 8 0
244 395 673 195 0 8 0
244 403 670 192 -8 0 0
236 403 667 189 0 8 0
236 411 664 186 0 -8 0
236 403 661 183 -8 8 0
228 411 658 180 0 -8 0
228 403 655 177 -8 -8 0
220 395 652 174 0 8 0
220 403 649 171 0 -8 0
220 395 646 168 -8 0 0
212 395 643 165 0 -8 0
212 387 640 162 0 8 0
212 395 637 159 -8 8 0
204 403 634 156 0 8 0
204 411 631 153 -8 8 0
196 419 628 150 0 -8 0
196 411 625 147 0 0 0
196 411 622 144 -8 0 0
188 411 619 141 0 0 0
188 411 616 138 0 0 0
188 411 613 135 -8 -8 0
180 403 610 132 0 0 0
180 403 607 129 -8 0 0
172 403 604 126 0 8 0
172 411 601 123 0 -8 0
172 403 598 120 -8 8 0
164 411 595 117 0 8 0
164 419 592 114 0 -8 0
164 411 589 111 -8 0 0
156 411 586 108 0 0 0
156 411 583 105 -8 8 0
148 419 580 102 0 0 0
148 419 577 99 0 8 0
148 427 574 96 -8 -8 0
140 419 571 93 0 8 0
140 427 568 90 0 8 0
140 435 565 87 -8 -8 0
132 427 562 84 0 -8 0
132 419 559 81 -8 8 0
124 427 556 78 0 8 0
124 435 553 75 0 -8 0
124 427 550 72 -8 -8 0
116 419 547 69 0 8 0
116 427 544 66 0 -8 0
116 419 541 63 -8 8 0
108 427 538 60 0 8 0
108 435 535 57 -8 8 0
100 443 532 54 0 8 0
100 451 529 51 0 -8 0
100 443 526 48 -8 -8 0
92 435 523 45 0 -8 0
92 427 520 42 0 -8 0
92 419 517 39 -8 -8 0
84 411 514 36 0 8 0
84 419 511 33 -8 -8 0
76 411 508 30 0 0 0
76 411 505 27 0 -8 0
76 403 502 24 -8 -8 0
68 395 499 21 0 8 0
68 403 496 18 0 8 0
68 411 493 15 -8 -8 0
60 403 490 12 0 0 0
60 403 487 9 -8 -8 0
60 395 484 12 0 8 0
60 403 481 15 0 -8 0
60 395 478 18 0 0 0
60 395 475 21 0 0 0
60 395 472 24 0 8 0
60 403 469 27 0 -8 0
60 395 466 30 0 0 0
60 395 463 33 0 8 0
60 403 460 36 0 -8 0
60 395 457 39 0 8 0
60 403 454 42 0 -8 0
60 395 451 45 0 0 0
60 395 448 48 0 -8 0
60 387 445 51 0 8 0
60 395 442 54 0 0 0
60 395 439 57 0 0 0
60 395 436 60 0 8 0
60 403 433 63 0 0 0
60 403 430 66 0 0 0
60 403 427 69 0 -8 0
60 395 424 72 0 -8 0
60 387 421 75 0 8 0
60 395 418 78 0 0 0
60 395 415 81 0 0 0
60 395 412 84 0 0 0
60 395 409 87 0 -8 0
60 387 406 90 0 8 0
60 395 403 93 0 8 0
60 403 400 96 0 8 0
60 411 397 99 0 8 0
60 419 394 102 0 -8 0
60 411 391 105 0 8 0
60 419 388 108 0 -8 0
60 411 385 111 8 8 0
68 419 382 114 0 -8 0
68 411 379 117 0 -8 0
68 403 376 120 8 8 0
76 411 373 123 0 8 0
76 419 370 126 0 0 0
76 419 367 129 8 -8 0
84 411 364 132 0 8 0
84 419 361 135 8 8 0
92 427 358 138 0 -8 0
92 419 355 141 0 0 0
92 419 352 144 8 8 0
100 427 349 147 0 -8 0
100 419 346 150 0 0 0
100 419 343 153 8 8 0
108 427 340 156 0 -8 0
108 419 337 159 8 -8 0
116 411 334 162 0 0 0
116 411 331 165 0 0 0
116 411 328 168 8 -8 0
124 403 325 171 0 8 0
124 411 322 174 0 8 0
124 419 319 177 8 -8 0
132 411 316 180 0 -8 0
132 403 313 183 8 0 0
140 403 310 186 0 0 0
140 403 307 189 0 8 0
140 411 304 192 8 -8 0
148 403 301 195 0 8 0
148 411 298 198 0 0 0
148 411 295 201 8 8 0
156 419 292 204 0 8 0
156 427 289 207 8 0 0
164 427 286 210 0 8 0
164 435 283 213 0 0 0
164 435 280 216 8 0 0
172 435 277 219 0 0 0
172 435 274 222 0 0 0
172 435 271 225 8 8 0
180 443 268 228 0 -8 0
180 435 265 231 8 8 0
188 443 262 234 0 8 0
188 451 259 237 0 -8 0
188 443 256 240 8 8 0
196 451 253 243 0 -8 0
196 443 250 246 0 -8 0
196 435 247 249 8 0 0
204 435 244 252 0 8 0
204 443 241 255 8 8 0
212 451 238 258 0 0 0
212 451 235 261 0 0 0
212 451 232 264 8 8 0
220 459 229 267 0 -8 0
220 451 226 270 0 8 0
220 459 223 273 8 0 0
228 459 220 276 0 8 0
228 467 217 279 8 8 0
236 475 214 282 0 8 0
236 483 211 285 0 8 0
236 491 208 288 8 8 0
244 499 205 291 0 -8 0
244 491 202 294 0 -8 0
244 483 199 297 8 -8 0
252 475 196 300 0 0 0
252 475 193 303 8 -8 0
260 467 190 306 0 8 0
260 475 187 309 0 0 0
260 475 184 312 8 -8 0
268 467 181 315 0 0 0
268 467 178 318 0 -8 0
268 459 175 321 8 0 0
276 459 172 324 0 8 0
276 467 169 327 8 -8 0
284 459 166 330 0 -8 0
284 451 163 333 0 -8 0
284 443 160 336 8 -8 0
292 435 157 339 0 0 0
292 435 154 342 0 -8 0
292 427 151 345 8 8 0
300 435 148 348 0 0 0
300 435 145 351 8 -8 0
308 427 142 354 0 0 0
308 427 139 357 0 8 0
308 435 136 360 8 0 0
316 435 133 363 0 -8 0
316 427 130 366 0 8 0
316 435 127 369 8 8 0
324 443 124 372 0 8 0
324 451 121 375 8 8 0
332 459 118 378 0 0 0
332 459 115 381 0 0 0
332 459 112 384 8 0 0
340 459 109 387 0 0 0
340 459 106 390 0 0 0
340 459 103 393 8 -8 0
348 451 100 396 0 0 0
348 451 97 399 8 0 0
356 451 94 402 0 8 0
356 459 91 405 0 0 0
356 459 88 408 8 -8 0
364 451 85 411 0 -8 0
364 443 82 414 0 -8 0
364 435 79 417 8 -8 0
372 427 76 420 0 -8 0
372 419 73 423 8 0 0
380 419 70 426 0 8 0
380 427 67 429 0 8 0
380 435 64 432 8 8 0
388 443 61 435 0 0 0
388 443 58 438 0 -8 0
388 435 55 441 8 -8 0
396 427 52 444 0 0 0
396 427 49 447 8 0 0
404 427 46 450 0 0 0
404 427 43 453 0 0 0
404 427 40 456 8 0 0
412 427 37 459 0 -8 0
412 419 34 462 0 -8 0
412 411 31 465 8 0 0
420 411 28 468 0 0 0
420 411 25 471 8 -8 0
428 403 22 474 0 8 0
428 411 19 477 0 0 0
428 411 22 480 8 0 0
436 411 25 483 0 0 0
436 411 28 486 0 0 0
436 411 31 489 8 8 0
444 419 34 492 0 -8 0
444 411 37 495 8 8 0
452 419 40 498 0 -8 0
452 411 43 501 0 0 0
452 411 46 504 8 8 0
460 419 49 507 0 0 0
460 419 52 510 0 0 0
460 419 55 513 8 -8 0
468 411 58 516 0 0 0
468 411 61 519 8 0 0
476 411 64 522 0 8 0
476 419 67 525 0 0 0
476 419 70 528 8 8 0
484 427 73 531 0 0 0
484 427 76 534 0 -8 0
484 419 79 537 8 0 0
492 419 82 540 0 8 0
492 427 85 543 8 0 0
500 427 88 546 0 8 0
500 435 91 549 0 -8 0
500 427 94 552 8 8 0
508 435 97 555 0 -8 0
508 427 100 558 0 8 0
508 435 103 561 8 -8 0
516 427 106 564 0 0 0
516 427 109 567 8 0 0
524 427 112 570 0 0 0
524 427 115 573 0 0 0
524 427 118 576 8 8 0
532 435 121 579 0 8 0
532 443 124 582 0 8 0
532 451 127 585 8 -8 0
540 443 130 588 0 0 0
540 443 133 591 8 -8 0
540 435 136 588 0 -8 0
540 427 139 585 0 0 0
540 427 142 582 0 -8 0
540 419 145 579 0 8 0
540 427 148 576 0 8 0
540 435 151 573 0 0 0
540 435 154 570 0 0 0
540 435 157 567 0 -8 0
540 427 160 564 0 8 0
540 435 163 561 0 0 0
540 435 166 558 0 0 0
540 435 169 555 0 0 0
540 435 172 552 0 8 0
540 443 175 549 0 -8 0
540 435 178 546 0 0 0
540 435 181 543 0 -8 0
540 427 184 540 0 -8 0
540 419 187 537 0 -8 0
540 411 190 534 0 8 0
540 419 193 531 0 0 0
540 419 196 528 0 -8 0
540 411 199 525 0 8 0
540 419 202 522 0 0 0
540 419 205 519 0 0 0
540 419 208 516 0 8 0
540 427 211 513 0 -8 0
540 419 214 510 0 0 0
540 419 217 507 0 -8 0
540 411 220 504 0 8 0
540 419 223 501 0 8 0
540 427 226 498 0 0 0
540 427 229 495 0 -8 0
540 419 232 492 0 0 0
540 419 235 489 -8 0 0
532 419 238 486 0 8 0
532 427 241 483 0 -8 0
532 419 244 480 -8 -8 0
524 411 247 477 0 8 0
524 419 250 474 0 0 0
524 419 253 471 -8 8 0
516 427 256 468 0 8 0
516 435 259 465 -8 -8 0
508 427 262 462 0 8 0
508 435 265 459 0 0 0
508 435 268 456 -8 0 0
500 435 271 453 0 0 0
500 435 274 450 0 -8 0
500 427 277 447 -8 8 0
492 435 280 444 0 8 0
492 443 283 441 -8 0 0
484 443 286 438 0 0 0
484 443 289 435 0 -8 0
484 435 292 432 -8 0 0
476 435 295 429 0 8 0
476 443 298 426 0 -8 0
476 435 301 423 -8 -8 0
468 427 304 420 0 0 0
468 427 307 417 -8 8 0
460 435 310 414 0 8 0
460 443 313 411 0 0 0
460 443 316 408 -8 -8 0
452 435 319 405 0 -8 0
452 427 322 402 0 -8 0
452 419 325 399 -8 0 0
444 419 328 396 0 0 0
444 419 331 393 -8 -8 0
436 411 334 390 0 8 0
436 419 337 387 0 -8 0
436 411 340 384 -8 -8 0
428 403 343 381 0 -8 0
428 395 346 378 0 0 0
428 395 349 375 -8 8 0
420 403 352 372 0 -8 0
420 395 355 369 -8 8 0
412 403 358 366 0 8 0
412 411 361 363 0 8 0
412 419 364 360 -8 -8 0
404 411 367 357 0 -8 0
404 403 370 354 0 0 0
404 403 373 351 -8 -8 0
396 395 376 348 0 -8 0
396 387 379 345 -8 0 0
388 387 382 342 0 0 0
388 387 385 339 0 0 0
388 387 388 336 -8 -8 0
380 379 391 333 0 8 0
380 387 394 330 0 -8 0
380 379 397 327 -8 0 0
372 379 400 324 0 8 0
372 387 403 321 -8 0 0
364 387 406 318 0 -8 0
364 379 409 315 0 0 0
364 379 412 312 -8 8 0
356 387 415 309 0 -8 0
356 379 418 306 0 0 0
356 379 421 303 -8 -8 0
348 371 424 300 0 8 0
348 379 427 297 -8 8 0
340 387 430 294 0 0 0
340 387 433 291 0 8 0
340 395 436 288 -8 8 0
332 403 439 285 0 8 0
332 411 442 282 0 -8 0
332 403 445 279 -8 -8 0
324 395 448 276 0 8 0
324 403 451 273 -8 -8 0
316 395 454 270 0 0 0
316 395 457 267 0 -8 0
316 387 460 264 -8 8 0
308 395 463 261 0 -8 0
308 387 466 258 0 -8 0
308 379 469 255 -8 0 0
300 379 472 252 0 -8 0
300 371 475 249 -8 -8 0
292 363 478 246 0 0 0
292 363 481 243 0 -8 0
292 355 484 240 -8 0 0
284 355 487 237 0 8 0
284 363 490 234 0 0 0
284 363 493 231 -8 -8 0
276 355 496 228 0 0 0
276 355 499 225 -8 -8 0
268 347 502 222 0 0 0
268 347 505 219 0 0 0
268 347 508 216 -8 0 0
260 347 511 213 0 0 0
260 347 514 210 0 0 0
260 347 517 207 -8 0 0
252 347 520 204 0 0 0
252 347 523 201 -8 -8 0
244 339 526 198 0 8 0
244 347 529 195 0 0 0
244 347 532 192 -8 8 0
236 355 535 189 0 0 0
236 355 538 186 0 0 0
236 355 541 183 -8 -8 0
228 347 544 180 0 8 0
228 355 547 177 -8 8 0
220 363 550 174 0 -8 0
220 355 553 171 0 -8 0
220 347 556 168 -8 8 0
212 355 559 165 0 8 0
212 363 562 162 0 0 0
212 363 565 159 -8 8 0
204 371 568 156 0 0 0
204 371 571 153 -8 0 0
196 371 574 150 0 0 0
196 371 577 147 0 0 0
196 371 580 144 -8 8 0
188 379 583 141 0 -8 0
188 371 586 138 0 -8 0
188 363 589 135 -8 8 0
180 371 592 132 0 -8 0
180 363 595 129 -8 8 0
172 371 598 126 0 -8 0
172 363 601 123 0 8 0
172 371 604 120 -8 0 0
164 371 607 117 0 0 0
164 371 610 114 0 8 0
164 379 613 111 -8 8 0
156 387 616 108 0 -8 0
156 379 619 105 -8 0 0
148 379 622 102 0 8 0
148 387 625 99 0 8 0
148 395 628 96 -8 8 0
140 403 631 93 0 8 0
140 411 634 90 0 0 0
140 411 637 87 -8 -8 0
132 403 640 84 0 8 0
132 411 643 81 -8 8 0
124 419 646 78 0 -8 0
124 411 649 75 0 8 0
124 419 652 72 -8 0 0
116 419 655 69 0 8 0
116 427 658 66 0 0 0
116 427 661 63 -8 0 0
108 427 664 60 0 0 0
108 427 667 57 -8 8 0
100 435 670 54 0 8 0
100 443 673 51 0 8 0
100 451 676 48 -8 0 0
92 451 679 45 0 8 0
92 459 682 42 0 0 0
92 459 685 39 -8 0 0
84 459 688 36 0 0 0
84 459 691 33 -8 8 0
76 467 694 30 0 -8 0
76 459 697 27 0 -8 0
76 451 700 24 -8 0 0
68 451 703 21 0 0 0
68 451 706 18 0 0 0
68 451 709 15 -8 0 0
60 451 712 12 0 -8 0
60 443 715 9 -8 8 0
60 451 718 12 0 8 0
60 459 721 15 0 -8 0
60 451 724 18 0 8 0
60 459 727 21 0 0 0
60 459 730 24 0 0 0
60 459 733 27 0 0 0
60 459 736 30 0 8 0
60 467 739 33 0 0 0
60 467 742 36 0 0 0
60 467 745 39 0 0 0
60 467 748 42 0 0 0
60 467 751 45 0 -8 0
60 459 754 48 0 8 0
60 467 757 51 0 8 0
60 475 760 54 0 8 0
60 483 763 57 0 8 0
60 491 766 60 0 8 0
60 499 769 63 0 -8 0
60 491 772 66 0 -8 0
60 483 775 69 0 0 0
60 483 778 72 0 0 0
60 483 781 75 0 0 1
60 483 781 75 0 0 1
60 483 781 75 0 0 1
60 483 781 75 0 0 1
60 483 781 75 0 0 1
