299 519 106 489 0 0 0
299 519 103 492 8 0 0
307 519 100 495 8 -8 0
315 511 97 498 8 0 0
323 511 94 501 8 8 0
331 519 91 504 8 0 0
339 519 88 507 8 8 0
347 527 85 510 8 0 0
355 527 82 513 8 0 0
363 527 79 516 8 -8 0
371 519 76 519 8 0 0
379 519 73 522 8 0 0
387 519 70 525 8 0 0
395 519 67 528 8 0 0
403 519 64 531 8 8 0
411 527 61 534 8 0 0
419 527 58 537 8 0 0
427 527 55 540 8 0 0
435 527 52 543 8 8 0
443 535 49 546 8 -8 0
451 527 46 549 8 -8 0
459 519 43 552 8 0 0
467 519 40 555 8 0 0
475 519 37 558 8 0 0
483 519 34 561 8 8 0
491 527 31 564 8 -8 0
499 519 28 567 8 0 0
507 519 25 570 8 -8 0
515 511 22 573 8 0 0
523 511 19 576 0 0 1
523 511 19 576 0 0 1
523 511 19 576 0 0 1
523 511 19 576 0 0 1
523 511 19 576 0 0 1
