339 366 355 345 0 0 0
339 366 358 342 0 8 0
339 374 361 339 0 0 0
339 374 364 336 0 0 0
339 374 367 333 0 -8 0
339 366 370 330 0 8 0
339 374 373 327 0 0 0
339 374 376 324 0 8 0
339 382 379 321 0 8 0
339 390 382 318 0 -8 0
339 382 385 315 0 0 0
339 382 388 312 0 0 0
339 382 391 309 0 0 0
339 382 394 306 0 8 0
339 390 397 303 0 -8 0
339 382 400 300 0 -8 0
339 374 403 297 0 8 0
339 382 406 294 0 8 0
339 390 409 291 0 0 0
339 390 412 288 -8 0 0
331 390 415 285 0 8 0
331 398 418 282 0 8 0
331 406 421 279 -8 -8 0
323 398 424 276 0 0 0
323 398 427 273 0 -8 0
323 390 430 270 -8 0 0
315 390 433 267 0 -8 0
315 382 436 264 -8 8 0
307 390 439 261 0 -8 0
307 382 442 258 0 8 0
307 390 445 255 -8 0 0
299 390 448 252 0 -8 0
299 382 451 249 0 0 0
299 382 454 246 -8 0 0
291 382 457 243 0 0 0
291 382 460 240 -8 8 0
283 390 463 237 0 8 0
283 398 466 234 0 0 0
283 398 469 231 -8 8 0
275 406 472 228 0 0 0
275 406 475 225 0 0 0
275 406 478 222 -8 -8 0
267 398 481 219 0 0 0
267 398 484 216 -8 8 0
259 406 487 213 0 -8 0
259 398 490 210 0 -8 0
259 390 493 207 -8 -8 0
251 382 496 204 0 8 0
251 390 499 201 0 8 0
251 398 502 198 -8 8 0
243 406 505 195 0 0 0
243 406 508 192 -8 8 0
235 414 511 189 0 8 0
235 422 514 186 0 8 0
235 430 517 183 -8 0 0
227 430 520 180 0 0 0
227 430 523 177 0 8 0
227 438 526 174 -8 0 0
219 438 529 171 0 0 0
219 438 532 168 -8 0 0
211 438 535 165 0 0 0
211 438 538 162 0 -8 0
211 430 541 159 -8 -8 0
203 422 544 156 0 -8 0
203 414 547 153 0 8 0
203 422 550 150 -8 -8 0
195 414 553 147 0 0 0
195 414 556 144 -8 0 0
187 414 559 141 0 -8 0
187 406 562 138 0 8 0
187 414 565 135 -8 -8 0
179 406 568 132 0 8 0
179 414 571 129 0 8 0
179 422 574 126 -8 -8 0
171 414 577 123 0 -8 0
171 406 580 120 -8 8 0
163 414 583 117 0 0 0
163 414 586 114 0 0 0
163 414 589 111 -8 -8 0
155 406 592 108 0 -8 0
155 398 595 105 0 0 0
155 398 598 102 -8 8 0
147 406 601 99 0 0 0
147 406 604 96 -8 -8 0
139 398 607 93 0 0 0
139 398 610 90 0 -8 0
139 390 613 87 -8 0 0
131 390 616 84 0 0 0
131 390 619 81 0 -8 0
131 382 622 78 -8 0 0
123 382 625 75 0 -8 0
123 374 628 72 -8 -8 0
115 366 631 69 0 8 0
115 374 634 66 0 8 0
115 382 637 63 -8 8 0
107 390 640 60 0 8 0
107 398 643 57 0 -8 0
107 390 646 54 -8 -8 0
99 382 649 51 0 0 0
99 382 652 48 -8 -8 0
91 374 655 45 0 0 0
91 374 658 42 0 0 0
91 374 661 39 -8 0 0
83 374 664 36 0 0 0
83 374 667 33 0 8 0
83 382 670 30 -8 8 0
75 390 673 27 0 0 0
75 390 676 24 -8 8 0
67 398 679 21 0 8 0
67 406 682 18 0 8 0
67 414 685 15 -8 8 0
60 422 688 12 0 0 0
60 422 691 9 -8 0 0
60 422 694 12 0 0 0
60 422 697 15 0 0 0
60 422 700 18 0 -8 0
60 414 703 21 0 8 0
60 422 706 24 0 8 0
60 430 709 27 0 -8 0
60 422 712 30 0 8 0
60 430 715 33 0 0 0
60 430 718 36 0 -8 0
60 422 721 39 0 0 0
60 422 724 42 0 8 0
60 430 727 45 0 -8 0
60 422 730 48 0 -8 0
60 414 733 51 0 0 0
60 414 736 54 0 -8 0
60 406 739 57 0 -8 0
60 398 742 60 0 -8 0
60 390 745 63 0 8 0
60 398 748 66 0 8 0
60 406 751 69 0 -8 0
60 398 754 72 0 0 0
60 398 757 75 0 -8 0
60 390 760 78 0 8 0
60 398 763 81 0 -8 0
60 390 766 84 0 0 0
60 390 769 87 0 8 0
60 398 772 90 0 -8 0
60 390 775 93 0 0 0
60 390 778 96 0 0 0
60 390 781 99 0 0 1
60 390 781 99 0 0 1
60 390 781 99 0 0 1
60 390 781 99 0 0 1
60 390 781 99 0 0 1
