355 503 424 189 0 0 0
355 503 427 192 -8 8 0
347 511 430 195 -8 8 0
339 519 433 198 -8 0 0
331 519 436 201 -8 -8 0
323 511 439 204 -8 0 0
315 511 442 207 -8 0 0
307 511 445 210 -8 8 0
299 519 448 213 -8 8 0
291 527 451 216 -8 0 0
283 527 454 219 -8 8 0
275 535 457 222 -8 8 0
267 540 460 225 0 -8 0
267 532 463 228 0 8 0
267 540 466 231 0 0 0
267 540 469 234 0 -8 0
267 532 472 237 0 8 0
267 540 475 240 0 8 0
267 540 478 243 0 -8 0
267 532 481 246 0 -8 0
267 524 484 249 0 -8 0
267 516 487 252 0 0 0
267 516 490 255 0 8 0
267 524 493 258 0 -8 0
267 516 496 261 0 -8 0
267 508 499 264 0 0 0
267 508 502 267 0 -8 0
267 500 505 270 0 0 0
267 500 508 273 0 0 0
267 500 511 276 0 -8 0
267 492 514 279 0 8 0
267 500 517 282 0 8 0
267 508 520 285 0 0 0
267 508 523 288 0 -8 0
267 500 526 291 0 0 0
267 500 529 294 0 8 0
267 508 532 297 0 0 0
267 508 535 300 0 0 0
267 508 538 303 0 -8 0
267 500 541 306 0 -8 0
267 492 544 309 0 8 0
267 500 547 312 0 -8 0
267 492 550 315 0 8 0
267 500 553 318 8 8 0
275 508 556 321 0 0 0
275 508 559 324 0 -8 0
275 500 562 327 8 -8 0
283 492 565 330 0 0 0
283 492 568 333 0 -8 0
283 484 571 336 8 0 0
291 484 574 339 0 -8 0
291 476 577 342 8 -8 0
299 468 580 345 0 0 0
299 468 583 348 0 8 0
299 476 586 351 8 0 0
307 476 589 354 0 8 0
307 484 592 357 0 0 0
307 484 595 360 8 8 0
315 492 598 363 0 8 0
315 500 601 366 8 0 0
323 500 604 369 0 -8 0
323 492 607 372 0 -8 0
323 484 610 375 8 8 0
331 492 613 378 0 8 0
331 500 616 381 0 8 0
331 508 619 384 8 -8 0
339 500 622 387 0 0 0
339 500 625 390 8 0 0
347 500 628 393 0 8 0
347 508 631 396 0 0 0
347 508 634 399 8 -8 0
355 500 637 402 0 -8 0
355 492 640 405 0 8 0
355 500 643 408 8 8 0
363 508 646 411 0 0 0
363 508 649 414 8 0 0
371 508 652 417 0 -8 0
371 500 655 420 0 0 0
371 500 658 423 8 0 0
379 500 661 426 0 -8 0
379 492 664 429 0 8 0
379 500 667 432 8 -8 0
387 492 670 435 0 0 0
387 492 673 438 8 8 0
395 500 676 441 0 -8 0
395 492 679 444 0 0 0
395 492 682 447 8 -8 0
403 484 685 450 0 -8 0
403 476 688 453 0 8 0
403 484 691 456 8 8 0
411 492 694 459 0 -8 0
411 484 697 462 8 0 0
419 484 700 465 0 8 0
419 492 703 468 0 0 0
419 492 706 471 8 0 0
427 492 709 474 0 -8 0
427 484 712 477 0 0 0
427 484 715 480 8 8 0
435 492 718 483 0 0 0
435 492 721 486 8 8 0
443 500 724 489 0 -8 0
443 492 727 492 0 0 0
443 492 730 495 8 -8 0
451 484 733 498 0 -8 0
451 476 736 501 0 8 0
451 484 739 504 8 8 0
459 492 742 507 0 0 0
459 492 745 510 8 -8 0
467 484 748 513 0 0 0
467 484 751 516 0 8 0
467 492 754 519 8 0 0
475 492 757 522 0 8 0
475 500 760 525 0 8 0
475 508 763 528 8 -8 0
483 500 766 531 0 8 0
483 508 769 534 8 0 0
491 508 772 537 0 8 0
491 516 775 540 0 -8 0
491 508 778 543 8 -8 0
499 500 781 546 0 -8 0
499 492 778 549 0 0 0
499 492 775 552 8 0 0
507 492 772 555 0 8 0
507 500 769 558 8 8 0
515 508 766 561 0 0 0
515 508 763 564 0 -8 0
515 500 760 567 8 -8 0
523 492 757 570 0 -8 0
523 484 754 573 0 -8 0
523 476 751 576 8 -8 0
531 468 748 579 0 8 0
531 476 745 582 8 -8 0
539 468 742 585 0 0 0
539 468 739 588 0 -8 0
539 460 736 591 8 0 0
540 460 733 588 0 8 0
540 468 730 585 0 -8 0
540 460 727 582 0 8 0
540 468 724 579 0 0 0
540 468 721 576 0 8 0
540 476 718 573 0 -8 0
540 468 715 570 0 -8 0
540 460 712 567 0 8 0
540 468 709 564 0 -8 0
540 460 706 561 0 -8 0
540 452 703 558 0 -8 0
540 444 700 555 0 8 0
540 452 697 552 0 8 0
540 460 694 549 0 -8 0
540 452 691 546 0 8 0
540 460 688 543 0 0 0
540 460 685 540 0 -8 0
540 452 682 537 0 8 0
540 460 679 534 0 8 0
540 468 676 531 0 -8 0
540 460 673 528 0 -8 0
540 452 670 525 0 -8 0
540 444 667 522 0 8 0
540 452 664 519 0 -8 0
540 444 661 516 0 0 0
540 444 658 513 0 0 0
540 444 655 510 0 8 0
540 452 652 507 0 8 0
540 460 649 504 0 0 0
540 460 646 501 0 0 0
540 460 643 498 0 8 0
540 468 640 495 0 -8 0
540 460 637 492 0 -8 0
540 452 634 489 -8 8 0
532 460 631 486 0 8 0
532 468 628 483 0 8 0
532 476 625 480 -8 -8 0
524 468 622 477 0 0 0
524 468 619 474 0 0 0
524 468 616 471 -8 -8 0
516 460 613 468 0 8 0
516 468 610 465 -8 -8 0
508 460 607 462 0 -8 0
508 452 604 459 0 8 0
508 460 601 456 -8 -8 0
500 452 598 453 0 8 0
500 460 595 450 0 -8 0
500 452 592 447 -8 8 0
492 460 589 444 0 0 0
492 460 586 441 -8 8 0
484 468 583 438 0 0 0
484 468 580 435 0 8 0
484 476 577 432 -8 8 0
476 484 574 429 0 8 0
476 492 571 426 0 0 0
476 492 568 423 -8 -8 0
468 484 565 420 0 8 0
468 492 562 417 -8 -8 0
460 484 559 414 0 0 0
460 484 556 411 0 -8 0
460 476 553 408 -8 -8 0
452 468 550 405 0 8 0
452 476 547 402 0 0 0
452 476 544 399 -8 0 0
444 476 541 396 0 -8 0
444 468 538 393 -8 8 0
436 476 535 390 0 0 0
436 476 532 387 0 8 0
436 484 529 384 -8 8 0
428 492 526 381 0 0 0
428 492 523 378 0 8 0
428 500 520 375 -8 8 0
420 508 517 372 0 0 0
420 508 514 369 -8 0 0
412 508 511 366 0 0 0
412 508 508 363 0 8 0
412 516 505 360 -8 8 0
404 524 502 357 0 -8 0
404 516 499 354 0 0 0
404 516 496 351 -8 0 0
396 516 493 348 0 8 0
396 524 490 345 -8 -8 0
388 516 487 342 0 -8 0
388 508 484 339 0 0 0
388 508 481 336 -8 8 0
380 516 478 333 0 -8 0
380 508 475 330 0 -8 0
380 500 472 327 -8 8 0
372 508 469 324 0 0 0
372 508 466 321 -8 8 0
364 516 463 318 0 -8 0
364 508 460 315 0 -8 0
364 500 457 312 -8 -8 0
356 492 454 309 0 -8 0
356 484 451 306 0 8 0
356 492 448 303 -8 -8 0
348 484 445 300 0 8 0
348 492 442 297 -8 -8 0
340 484 439 294 0 0 0
340 484 436 291 0 8 0
340 492 433 288 -8 8 0
332 500 430 285 0 -8 0
332 492 427 282 0 -8 0
332 484 424 279 -8 -8 0
324 476 421 276 0 8 0
324 484 418 273 -8 8 0
316 492 415 270 0 8 0
316 500 412 267 0 8 0
316 508 409 264 -8 8 0
308 516 406 261 0 -8 0
308 508 403 258 0 8 0
308 516 400 255 -8 8 0
300 524 397 252 0 8 0
300 532 394 249 -8 8 0
292 540 391 246 0 0 0
292 540 388 243 0 8 0
292 540 385 240 -8 -8 0
284 532 382 237 0 -8 0
284 524 379 234 0 -8 0
284 516 376 231 -8 0 0
276 516 373 228 0 8 0
276 524 370 225 -8 8 0
268 532 367 222 0 -8 0
268 524 364 219 0 0 0
268 524 361 216 -8 0 0
260 524 358 213 0 -8 0
260 516 355 210 0 8 0
260 524 352 207 -8 -8 0
252 516 349 204 0 8 0
252 524 346 201 -8 8 0
244 532 343 198 0 -8 0
244 524 340 195 0 -8 0
244 516 337 192 -8 -8 0
236 508 334 189 0 0 0
236 508 331 186 0 8 0
236 516 328 183 -8 0 0
228 516 325 180 0 8 0
228 524 322 177 -8 0 0
220 524 319 174 0 -8 0
220 516 316 171 0 0 0
220 516 313 168 -8 -8 0
212 508 310 165 0 8 0
212 516 307 162 0 0 0
212 516 304 159 -8 -8 0
204 508 301 156 0 8 0
204 516 298 153 -8 0 0
196 516 295 150 0 8 0
196 524 292 147 0 -8 0
196 516 289 144 -8 0 0
188 516 286 141 0 8 0
188 524 283 138 0 -8 0
188 516 280 135 -8 8 0
180 524 277 132 0 -8 0
180 516 274 129 -8 -8 0
172 508 271 126 0 8 0
172 516 268 123 0 8 0
172 524 265 120 -8 -8 0
164 516 262 117 0 8 0
164 524 259 114 0 8 0
164 532 256 111 -8 -8 0
156 524 253 108 0 -8 0
156 516 250 105 -8 8 0
148 524 247 102 0 -8 0
148 516 244 99 0 8 0
148 524 241 96 -8 0 0
140 524 238 93 0 8 0
140 532 235 90 0 0 0
140 532 232 87 -8 -8 0
132 524 229 84 0 8 0
132 532 226 81 -8 8 0
124 540 223 78 0 0 0
124 540 220 75 0 -8 0
124 532 217 72 -8 -8 0
116 524 214 69 0 -8 0
116 516 211 66 0 8 0
116 524 208 63 -8 8 0
108 532 205 60 0 0 0
108 532 202 57 -8 0 0
100 532 199 54 0 -8 0
100 524 196 51 0 -8 0
100 516 193 48 -8 0 0
92 516 190 45 0 -8 0
92 508 187 42 0 -8 0
92 500 184 39 -8 8 0
84 508 181 36 0 8 0
84 516 178 33 -8 8 0
76 524 175 30 0 -8 0
76 516 172 27 0 -8 0
76 508 169 24 -8 8 0
68 516 166 21 0 0 0
68 516 163 18 0 -8 0
68 508 160 15 -8 8 0
60 516 157 12 0 8 0
60 524 154 9 -8 0 0
60 524 151 12 0 8 0
60 532 148 15 0 -8 0
60 524 145 18 0 0 0
60 524 142 21 0 8 0
60 532 139 24 0 8 0
60 540 136 27 0 8 0
60 540 133 30 0 -8 0
60 532 130 33 0 0 0
60 532 127 36 0 8 0
60 540 124 39 0 8 0
60 540 121 42 0 -8 0
60 532 118 45 0 -8 0
60 524 115 48 0 -8 0
60 516 112 51 0 8 0
60 524 109 54 0 -8 0
60 516 106 57 0 0 0
60 516 103 60 0 0 0
60 516 100 63 0 8 0
60 524 97 66 0 -8 0
60 516 94 69 0 -8 0
60 508 91 72 0 8 0
60 516 88 75 0 -8 0
60 508 85 78 0 -8 0
60 500 82 81 0 8 0
60 508 79 84 0 0 0
60 508 76 87 0 -8 0
60 500 73 90 0 -8 0
60 492 70 93 0 0 0
60 492 67 96 0 -8 0
60 484 64 99 0 -8 0
60 476 61 102 0 -8 0
60 468 58 105 0 -8 0
60 460 55 108 0 8 0
60 468 52 111 8 -8 0
68 460 49 114 0 -8 0
68 452 46 117 0 0 0
68 452 43 120 8 0 0
76 452 40 123 0 8 0
76 460 37 126 0 8 0
76 468 34 129 8 0 0
84 468 31 132 0 0 0
84 468 28 135 8 0 0
92 468 25 138 0 0 0
92 468 22 141 0 -8 0
92 460 19 144 0 0 1
92 460 19 144 0 0 1
92 460 19 144 0 0 1
92 460 19 144 0 0 1
92 460 19 144 0 0 1
