535 185 412 261 0 0 0
535 185 409 258 -8 8 0
527 193 406 255 -8 -8 0
519 185 403 252 -8 0 0
511 185 400 249 -8 8 0
503 193 397 246 -8 8 0
495 201 394 243 -8 -8 0
487 193 391 240 -8 8 0
479 201 388 237 -8 -8 0
471 193 385 234 -8 -8 0
463 185 382 231 -8 -8 0
455 177 379 228 -8 -8 0
447 169 376 225 -8 0 0
439 169 373 222 -8 8 0
431 177 370 219 -8 -8 0
423 169 367 216 -8 -8 0
415 161 364 213 -8 8 0
407 169 361 210 -8 0 0
399 169 358 207 -8 -8 0
391 161 355 204 -8 8 0
383 169 352 201 -8 -8 0
375 161 349 198 -8 -8 0
367 153 346 195 -8 8 0
359 161 343 192 -8 0 0
351 161 340 189 -8 8 0
343 169 337 186 -8 -8 0
335 161 334 183 -8 8 0
327 169 331 180 -8 8 0
319 177 328 177 -8 -8 0
311 169 325 174 -8 0 0
303 169 322 171 -8 -8 0
295 161 319 168 -8 -8 0
287 153 316 165 -8 8 0
279 161 313 162 -8 -8 0
271 153 310 159 -8 8 0
263 161 307 156 -8 -8 0
255 153 304 153 -8 -8 0
247 145 301 150 -8 -8 0
239 137 298 147 -8 -8 0
231 129 295 144 -8 -8 0
223 121 292 141 -8 0 0
215 121 289 138 -8 0 0
207 121 286 135 -8 8 0
199 129 283 132 -8 0 0
191 129 280 129 -8 -8 0
183 121 277 126 -8 8 0
175 129 274 123 -8 -8 0
167 121 271 120 0 8 0
167 129 268 117 0 8 0
167 137 265 114 -8 8 0
159 145 262 111 0 8 0
159 153 259 108 -8 0 0
151 153 256 105 0 -8 0
151 145 253 102 0 8 0
151 153 250 99 -8 -8 0
143 145 247 96 0 -8 0
143 137 244 93 0 -8 0
143 129 241 90 -8 0 0
135 129 238 87 0 -8 0
135 121 235 84 -8 -8 0
127 113 232 81 0 8 0
127 121 229 78 0 8 0
127 129 226 75 -8 8 0
119 137 223 72 0 0 0
119 137 220 69 0 -8 0
119 129 217 66 -8 -8 0
111 121 214 63 0 0 0
111 121 211 60 -8 8 0
103 129 208 57 0 0 0
103 129 205 54 0 0 0
103 129 202 51 -8 -8 0
95 121 199 48 0 0 0
95 121 196 45 0 0 0
95 121 193 42 -8 8 0
87 129 190 39 0 8 0
87 137 187 36 -8 0 0
79 137 184 33 0 8 0
79 145 181 30 0 -8 0
79 137 178 27 -8 -8 0
71 129 175 24 0 8 0
71 137 172 21 0 -8 0
71 129 169 18 -8 -8 0
63 121 166 15 0 8 0
63 129 163 12 -8 0 0
60 129 160 9 -8 -8 0
60 121 157 12 0 8 0
60 129 154 15 0 8 0
60 137 151 18 0 0 0
60 137 148 21 0 0 0
60 137 145 24 0 -8 0
60 129 142 27 0 -8 0
60 121 139 30 0 8 0
60 129 136 33 0 0 0
60 129 133 36 0 -8 0
60 121 130 39 0 8 0
60 129 127 42 0 8 0
60 137 124 45 0 -8 0
60 129 121 48 0 0 0
60 129 118 51 0 -8 0
60 121 115 54 0 0 0
60 121 112 57 0 0 0
60 121 109 60 0 0 0
60 121 106 63 0 8 0
60 129 103 66 0 8 0
60 137 100 69 0 0 0
60 137 97 72 0 0 0
60 137 94 75 0 0 0
60 137 91 78 0 0 0
60 137 88 81 0 8 0
60 145 85 84 0 8 0
60 153 82 87 0 0 0
60 153 79 90 0 0 0
60 153 76 93 0 -8 0
60 145 73 96 0 8 0
60 153 70 99 0 0 0
60 153 67 102 0 8 0
60 161 64 105 0 0 0
60 161 61 108 0 0 0
60 161 58 111 8 8 0
68 169 55 114 0 0 0
68 169 52 117 0 -8 0
68 161 49 120 8 8 0
76 169 46 123 0 -8 0
76 161 43 126 0 8 0
76 169 40 129 8 -8 0
84 161 37 132 0 -8 0
84 153 34 135 8 0 0
92 153 31 138 0 0 0
92 153 28 141 0 8 0
92 161 25 144 8 -8 0
100 153 22 147 0 8 0
100 161 19 150 0 8 0
100 169 22 153 8 8 0
108 177 25 156 0 8 0
108 185 28 159 8 8 0
116 193 31 162 0 8 0
116 201 34 165 0 8 0
116 209 37 168 8 -8 0
124 201 40 171 0 -8 0
124 193 43 174 0 0 0
124 193 46 177 8 8 0
132 201 49 180 0 0 0
132 201 52 183 8 0 0
140 201 55 186 0 8 0
140 209 58 189 0 8 0
140 217 61 192 8 -8 0
148 209 64 195 0 0 0
148 209 67 198 0 -8 0
148 201 70 201 8 8 0
156 209 73 204 0 8 0
156 217 76 207 8 0 0
164 217 79 210 0 -8 0
164 209 82 213 0 8 0
164 217 85 216 8 -8 0
172 209 88 219 0 8 0
172 217 91 222 0 0 0
172 217 94 225 8 8 0
180 225 97 228 0 0 0
180 225 100 231 8 8 0
188 233 103 234 0 -8 0
188 225 106 237 0 -8 0
188 217 109 240 8 8 0
196 225 112 243 0 0 0
196 225 115 246 0 8 0
196 233 118 249 8 -8 0
204 225 121 252 0 8 0
204 233 124 255 8 8 0
212 241 127 258 0 -8 0
212 233 130 261 0 0 0
212 233 133 264 8 0 0
220 233 136 267 0 -8 0
220 225 139 270 0 8 0
220 233 142 273 8 0 0
228 233 145 276 0 -8 0
228 225 148 279 8 0 0
236 225 151 282 0 -8 0
236 217 154 285 0 -8 0
236 209 157 288 8 8 0
244 217 160 291 0 0 0
244 217 163 294 0 -8 0
244 209 166 297 8 0 0
252 209 169 300 0 0 0
252 209 172 303 8 8 0
260 217 175 306 0 -8 0
260 209 178 309 0 -8 0
260 201 181 312 8 8 0
268 209 184 315 0 0 0
268 209 187 318 0 -8 0
268 201 190 321 8 0 0
276 201 193 324 0 8 0
276 209 196 327 8 0 0
284 209 199 330 0 -8 0
284 201 202 333 0 8 0
284 209 205 336 8 8 0
292 217 208 339 0 8 0
292 225 211 342 0 0 0
292 225 214 345 8 8 0
300 233 217 348 0 0 0
300 233 220 351 8 8 0
308 241 223 354 0 0 0
308 241 226 357 0 -8 0
308 233 229 360 8 -8 0
316 225 232 363 0 8 0
316 233 235 366 0 8 0
316 241 238 369 8 0 0
324 241 241 372 0 8 0
324 249 244 375 8 8 0
332 257 247 378 0 0 0
332 257 250 381 0 8 0
332 265 253 384 8 -8 0
340 257 256 387 0 0 0
340 257 259 390 0 8 0
340 265 262 393 8 -8 0
348 257 265 396 0 -8 0
348 249 268 399 8 -8 0
356 241 271 402 0 -8 0
356 233 274 405 0 -8 0
356 225 277 408 8 -8 0
364 217 280 411 0 -8 0
364 209 283 414 0 8 0
364 217 286 417 8 -8 0
372 209 289 420 0 -8 0
372 201 292 423 8 0 0
380 201 295 426 0 -8 0
380 193 298 429 0 0 0
380 193 301 432 8 8 0
388 201 304 435 0 8 0
388 209 307 438 0 8 0
388 217 310 441 8 0 0
396 217 313 444 0 0 0
396 217 316 447 8 0 0
404 217 319 450 0 8 0
404 225 322 453 0 0 0
404 225 325 456 8 8 0
412 233 328 459 0 0 0
412 233 331 462 0 0 0
412 233 334 465 8 8 0
420 241 337 468 0 -8 0
420 233 340 471 8 -8 0
428 225 343 474 0 0 0
428 225 346 477 0 8 0
428 233 349 480 8 -8 0
436 225 352 483 0 -8 0
436 217 355 486 0 8 0
436 225 358 489 8 8 0
444 233 361 492 0 0 0
444 233 364 495 8 0 0
452 233 367 498 0 0 0
452 233 370 501 0 8 0
452 241 373 504 8 8 0
460 249 376 507 0 -8 0
460 241 379 510 0 -8 0
460 233 382 513 8 0 0
468 233 385 516 0 0 0
468 233 388 519 8 8 0
476 241 391 522 0 -8 0
476 233 394 525 0 8 0
476 241 397 528 8 0 0
484 241 400 531 0 -8 0
484 233 403 534 0 0 0
484 233 406 537 8 0 0
492 233 409 540 0 8 0
492 241 412 543 8 0 0
500 241 415 546 0 8 0
500 249 418 549 0 8 0
500 257 421 552 8 8 0
508 265 424 555 0 8 0
508 273 427 558 0 8 0
508 281 430 561 8 -8 0
516 273 433 564 0 8 0
516 281 436 567 8 -8 0
524 273 439 570 0 8 0
524 281 442 573 0 0 0
524 281 445 576 8 8 0
532 289 448 579 0 -8 0
532 281 451 582 0 -8 0
532 273 454 585 8 -8 0
540 265 457 588 0 0 0
540 265 460 591 8 0 0
540 265 463 588 0 8 0
540 273 466 585 0 0 0
540 273 469 582 0 8 0
540 281 472 579 0 -8 0
540 273 475 576 0 -8 0
540 265 478 573 0 -8 0
540 257 481 570 0 -8 0
540 249 484 567 0 0 0
540 249 487 564 0 0 0
540 249 490 561 0 0 0
540 249 493 558 0 -8 0
540 241 496 555 0 8 0
540 249 499 552 0 0 0
540 249 502 549 0 -8 0
540 241 505 546 0 -8 0
540 233 508 543 0 8 0
540 241 511 540 0 0 0
540 241 514 537 0 0 0
540 241 517 534 0 8 0
540 249 520 531 0 8 0
540 257 523 528 0 0 0
540 257 526 525 0 8 0
540 265 529 522 0 0 0
540 265 532 519 0 -8 0
540 257 535 516 0 0 0
540 257 538 513 0 8 0
540 265 541 510 0 0 0
540 265 544 507 0 0 0
540 265 547 504 0 0 0
540 265 550 501 0 8 0
540 273 553 498 0 -8 0
540 265 556 495 0 -8 0
540 257 559 492 0 8 0
540 265 562 489 -8 8 0
532 273 565 486 0 0 0
532 273 568 483 0 -8 0
532 265 571 480 -8 -8 0
524 257 574 477 0 0 0
524 257 577 474 0 0 0
524 257 580 471 -8 0 0
516 257 583 468 0 8 0
516 265 586 465 -8 -8 0
508 257 589 462 0 -8 0
508 249 592 459 0 0 0
508 249 595 456 -8 8 0
500 257 598 453 0 8 0
500 265 601 450 0 0 0
500 265 604 447 -8 -8 0
492 257 607 444 0 -8 0
492 249 610 441 -8 8 0
484 257 613 438 0 0 0
484 257 616 435 0 -8 0
484 249 619 432 -8 0 0
476 249 622 429 0 -8 0
476 241 625 426 0 8 0
476 249 628 423 -8 0 0
468 249 631 420 0 -8 0
468 241 634 417 -8 8 0
460 249 637 414 0 8 0
460 257 640 411 0 0 0
460 257 643 408 -8 -8 0
452 249 646 405 0 0 0
452 249 649 402 0 8 0
452 257 652 399 -8 -8 0
444 249 655 396 0 0 0
444 249 658 393 -8 8 0
436 257 661 390 0 8 0
436 265 664 387 0 8 0
436 273 667 384 -8 8 0
428 281 670 381 0 8 0
428 289 673 378 0 8 0
428 297 676 375 -8 8 0
420 305 679 372 0 8 0
420 313 682 369 -8 -8 0
412 305 685 366 0 -8 0
412 297 688 363 0 8 0
412 305 691 360 -8 8 0
404 313 694 357 0 -8 0
404 305 697 354 0 0 0
404 305 700 351 -8 8 0
396 313 703 348 0 -8 0
396 305 706 345 -8 8 0
388 313 709 342 0 0 0
388 313 712 339 0 -8 0
388 305 715 336 -8 -8 0
380 297 718 333 0 -8 0
380 289 721 330 0 8 0
380 297 724 327 -8 0 0
372 297 727 324 0 -8 0
372 289 730 321 -8 8 0
364 297 733 318 0 -8 0
364 289 736 315 0 -8 0
364 281 739 312 -8 8 0
356 289 742 309 0 8 0
356 297 745 306 0 -8 0
356 289 748 303 -8 8 0
348 297 751 300 0 -8 0
348 289 754 297 -8 8 0
340 297 757 294 0 8 0
340 305 760 291 0 0 0
340 305 763 288 -8 8 0
332 313 766 285 0 0 0
332 313 769 282 0 -8 0
332 305 772 279 -8 0 0
324 305 775 276 0 8 0
324 313 778 273 -8 0 0
316 313 781 270 0 8 0
316 321 778 267 0 8 0
316 329 775 264 -8 0 0
308 329 772 261 0 8 0
308 337 769 258 0 -8 0
308 329 766 255 -8 8 0
300 337 763 252 0 8 0
300 345 760 249 -8 -8 0
292 337 757 246 0 0 0
292 337 754 243 0 8 0
292 345 751 240 -8 0 0
284 345 748 237 0 0 0
284 345 745 234 0 8 0
284 353 742 231 -8 -8 0
276 345 739 228 0 0 0
276 345 736 225 -8 8 0
268 353 733 222 0 0 0
268 353 730 219 0 -8 0
268 345 727 216 -8 8 0
260 353 724 213 0 0 0
260 353 721 210 0 8 0
260 361 718 207 -8 8 0
252 369 715 204 0 8 0
252 377 712 201 -8 8 0
244 385 709 198 0 8 0
244 393 706 195 0 8 0
244 401 703 192 -8 0 0
236 401 700 189 0 0 0
236 401 697 186 0 0 0
236 401 694 183 -8 -8 0
228 393 691 180 0 8 0
228 401 688 177 -8 0 0
220 401 685 174 0 8 0
220 409 682 171 0 -8 0
220 401 679 168 -8 0 0
212 401 676 165 0 0 0
212 401 673 162 0 -8 0
212 393 670 159 -8 -8 0
204 385 667 156 0 0 0
204 385 664 153 -8 8 0
196 393 661 150 0 0 0
196 393 658 147 0 8 0
196 401 655 144 -8 -8 0
188 393 652 141 0 8 0
188 401 649 138 0 -8 0
188 393 646 135 -8 8 0
180 401 643 132 0 -8 0
180 393 640 129 -8 0 0
172 393 637 126 0 8 0
172 401 634 123 0 -8 0
172 393 631 120 -8 0 0
164 393 628 117 0 8 0
164 401 625 114 0 8 0
164 409 622 111 -8 8 0
156 417 619 108 0 0 0
156 417 616 105 -8 -8 0
148 409 613 102 0 8 0
148 417 610 99 0 0 0
148 417 607 96 -8 -8 0
140 409 604 93 0 0 0
140 409 601 90 0 -8 0
140 401 598 87 -8 8 0
132 409 595 84 0 8 0
132 417 592 81 -8 -8 0
124 409 589 78 0 8 0
124 417 586 75 0 8 0
124 425 583 72 -8 0 0
116 425 580 69 0 0 0
116 425 577 66 0 -8 0
116 417 574 63 -8 -8 0
108 409 571 60 0 8 0
108 417 568 57 -8 8 0
100 425 565 54 0 8 0
100 433 562 51 0 0 0
100 433 559 48 -8 0 0
92 433 556 45 0 0 0
92 433 553 42 0 0 0
92 433 550 39 -8 8 0
84 441 547 36 0 -8 0
84 433 544 33 -8 8 0
76 441 541 30 0 0 0
76 441 538 27 0 -8 0
76 433 535 24 -8 8 0
68 441 532 21 0 0 0
68 441 529 18 0 -8 0
68 433 526 15 -8 8 0
60 441 523 12 0 -8 0
60 433 520 9 -8 -8 0
60 425 517 12 0 0 0
60 425 514 15 0 -8 0
60 417 511 18 0 -8 0
60 409 508 21 0 -8 0
60 401 505 24 0 0 0
60 401 502 27 0 8 0
60 409 499 30 0 0 0
60 409 496 33 0 -8 0
60 401 493 36 0 0 0
60 401 490 39 0 -8 0
60 393 487 42 0 -8 0
60 385 484 45 0 -8 0
60 377 481 48 0 0 0
60 377 478 51 0 0 0
60 377 475 54 0 8 0
60 385 472 57 0 0 0
60 385 469 60 0 -8 0
60 377 466 63 0 -8 0
60 369 463 66 0 8 0
60 377 460 69 0 8 0
60 385 457 72 0 8 0
60 393 454 75 0 -8 0
60 385 451 78 0 -8 0
60 377 448 81 0 -8 0
60 369 445 84 0 8 0
60 377 442 87 0 8 0
60 385 439 90 0 0 0
60 385 436 93 0 8 0
60 393 433 96 0 0 0
60 393 430 99 0 8 0
60 401 427 102 0 -8 0
60 393 424 105 0 -8 0
60 385 421 108 0 0 0
60 385 418 111 8 -8 0
68 377 415 114 0 0 0
68 377 412 117 0 -8 0
68 369 409 120 8 -8 0
76 361 406 123 0 0 0
76 361 403 126 0 8 0
76 369 400 129 8 0 0
84 369 397 132 0 0 0
84 369 394 135 8 0 0
92 369 391 138 0 8 0
92 377 388 141 0 -8 0
92 369 385 144 8 -8 0
100 361 382 147 0 8 0
100 369 379 150 0 -8 0
100 361 376 153 8 0 0
108 361 373 156 0 -8 0
108 353 370 159 8 8 0
116 361 367 162 0 -8 0
116 353 364 165 0 0 0
116 353 361 168 8 8 0
124 361 358 171 0 0 0
124 361 355 174 0 8 0
124 369 352 177 8 0 0
132 369 349 180 0 -8 0
132 361 346 183 8 8 0
140 369 343 186 0 0 0
140 369 340 189 0 0 0
140 369 337 192 8 8 0
148 377 334 195 0 8 0
148 385 331 198 0 0 0
148 385 328 201 8 -8 0
156 377 325 204 0 8 0
156 385 322 207 8 8 0
164 393 319 210 0 0 0
164 393 316 213 0 -8 0
164 385 313 216 8 8 0
172 393 310 219 0 -8 0
172 385 307 222 0 0 0
172 385 304 225 8 -8 0
180 377 301 228 0 -8 0
180 369 298 231 8 -8 0
188 361 295 234 0 0 0
188 361 292 237 0 0 0
188 361 289 240 8 0 0
196 361 286 243 0 8 0
196 369 283 246 0 8 0
196 377 280 249 8 8 0
204 385 277 252 0 0 0
204 385 274 255 8 8 0
212 393 271 258 0 8 0
212 401 268 261 0 8 0
212 409 265 264 8 -8 0
220 401 262 267 0 8 0
220 409 259 270 0 -8 0
220 401 256 273 8 0 0
228 401 253 276 0 8 0
228 409 250 279 8 -8 0
236 401 247 282 0 8 0
236 409 244 285 0 8 0
236 417 241 288 8 0 0
244 417 238 291 0 8 0
244 425 235 294 0 -8 0
244 417 232 297 8 -8 0
252 409 229 300 0 8 0
252 417 226 303 8 0 0
260 417 223 306 0 -8 0
260 409 220 309 0 0 0
260 409 217 312 8 8 0
268 417 214 315 0 -8 0
268 409 211 318 0 8 0
268 417 208 321 8 -8 0
276 409 205 324 0 8 0
276 417 202 327 8 8 0
284 425 199 330 0 -8 0
284 417 196 333 0 8 0
284 425 193 336 8 8 0
292 433 190 339 0 -8 0
292 425 187 342 0 -8 0
292 417 184 345 8 8 0
300 425 181 348 0 0 0
300 425 178 351 8 0 0
308 425 175 354 0 8 0
308 433 172 357 0 0 0
308 433 169 360 8 -8 0
316 425 166 363 0 8 0
316 433 163 366 0 -8 0
316 425 160 369 8 -8 0
324 417 157 372 0 8 0
324 425 154 375 8 8 0
332 433 151 378 0 -8 0
332 425 148 381 0 8 0
332 433 145 384 8 8 0
340 441 142 387 0 8 0
340 449 139 390 0 -8 0
340 441 136 393 8 0 0
348 441 133 396 0 0 0
348 441 130 399 8 -8 0
356 433 127 402 0 -8 0
356 425 124 405 0 -8 0
356 417 121 408 8 -8 0
364 409 118 411 0 8 0
364 417 115 414 0 0 0
364 417 112 417 8 -8 0
372 409 109 420 0 -8 0
372 401 106 423 8 -8 0
380 393 103 426 0 -8 0
380 385 100 429 0 -8 0
380 377 97 432 8 0 0
388 377 94 435 0 -8 0
388 369 91 438 0 -8 0
388 361 88 441 8 8 0
396 369 85 444 0 -8 0
396 361 82 447 8 -8 0
404 353 79 450 0 0 0
404 353 76 453 0 8 0
404 361 73 456 8 -8 0
412 353 70 459 0 0 0
412 353 67 462 0 8 0
412 361 64 465 8 -8 0
420 353 61 468 0 8 0
420 361 58 471 8 8 0
428 369 55 474 0 -8 0
428 361 52 477 0 0 0
428 361 49 480 8 0 0
436 361 46 483 0 8 0
436 369 43 486 0 0 0
436 369 40 489 8 8 0
444 377 37 492 0 0 0
444 377 34 495 8 -8 0
452 369 31 498 0 0 0
452 369 28 501 0 8 0
452 377 25 504 8 0 0
460 377 22 507 0 -8 0
460 369 19 510 0 8 0
460 377 22 513 8 -8 0
468 369 25 516 0 -8 0
468 361 28 519 8 8 0
476 369 31 522 0 8 0
476 377 34 525 0 -8 0
476 369 37 528 8 -8 0
484 361 40 531 0 -8 0
484 353 43 534 0 -8 0
484 345 46 537 8 0 0
492 345 49 540 0 0 0
492 345 52 543 8 -8 0
500 337 55 546 0 0 0
500 337 58 549 0 8 0
500 345 61 552 8 8 0
508 353 64 555 0 0 0
508 353 67 558 0 0 0
508 353 70 561 8 -8 0
516 345 73 564 0 -8 0
516 337 76 567 8 0 0
524 337 79 570 0 -8 0
524 329 82 573 0 -8 0
524 321 85 576 8 -8 0
532 313 88 579 0 -8 0
532 305 91 582 0 0 0
532 305 94 585 8 0 0
540 305 97 588 0 -8 0
540 297 100 591 8 -8 0
540 289 103 588 0 -8 0
540 281 106 585 0 0 0
540 281 109 582 0 8 0
540 289 112 579 0 0 0
540 289 115 576 0 0 0
540 289 118 573 0 0 0
540 289 121 570 0 0 0
540 289 124 567 0 8 0
540 297 127 564 0 8 0
540 305 130 561 0 0 0
540 305 133 558 0 0 0
540 305 136 555 0 8 0
540 313 139 552 0 8 0
540 321 142 549 0 -8 0
540 313 145 546 0 0 0
540 313 148 543 0 8 0
540 321 151 540 0 8 0
540 329 154 537 0 0 0
540 329 157 534 0 -8 0
540 321 160 531 0 0 0
540 321 163 528 0 8 0
540 329 166 525 0 0 0
540 329 169 522 0 8 0
540 337 172 519 0 -8 0
540 329 175 516 0 0 0
540 329 178 513 0 -8 0
540 321 181 510 0 -8 0
540 313 184 507 0 8 0
540 321 187 504 0 0 0
540 321 190 501 0 -8 0
540 313 193 498 0 0 0
540 313 196 495 0 -8 0
540 305 199 492 0 0 0
540 305 202 489 -8 8 0
532 313 205 486 0 8 0
532 321 208 483 0 8 0
532 329 211 480 -8 0 0
524 329 214 477 0 -8 0
524 321 217 474 0 0 0
524 321 220 471 -8 -8 0
516 313 223 468 0 8 0
516 321 226 465 -8 8 0
508 329 229 462 0 -8 0
508 321 232 459 0 8 0
508 329 235 456 -8 0 0
500 329 238 453 0 0 0
500 329 241 450 0 8 0
500 337 244 447 -8 8 0
492 345 247 444 0 0 0
492 345 250 441 -8 0 0
484 345 253 438 0 0 0
484 345 256 435 0 8 0
484 353 259 432 -8 -8 0
476 345 262 429 0 -8 0
476 337 265 426 0 0 0
476 337 268 423 -8 -8 0
468 329 271 420 0 8 0
468 337 274 417 -8 -8 0
460 329 277 414 0 8 0
460 337 280 411 0 -8 0
460 329 283 408 -8 0 0
452 329 286 405 0 -8 0
452 321 289 402 0 0 0
452 321 292 399 -8 0 0
444 321 295 396 0 -8 0
444 313 298 393 -8 -8 0
436 305 301 390 0 0 0
436 305 304 387 0 8 0
436 313 307 384 -8 0 0
428 313 310 381 0 0 0
428 313 313 378 0 -8 0
428 305 316 375 -8 8 0
420 313 319 372 0 0 0
420 313 322 369 -8 8 0
412 321 325 366 0 -8 0
412 313 328 363 0 -8 0
412 305 331 360 -8 -8 0
404 297 334 357 0 8 0
404 305 337 354 0 8 0
404 313 340 351 -8 0 0
396 313 343 348 0 8 0
396 321 346 345 -8 -8 0
388 313 349 342 0 0 0
388 313 352 339 0 0 0
388 313 355 336 -8 -8 0
380 305 358 333 0 0 0
380 305 361 330 0 -8 0
380 297 364 327 -8 -8 0
372 289 367 324 0 8 0
372 297 370 321 -8 0 0
364 297 373 318 0 -8 0
364 289 376 315 0 -8 0
364 281 379 312 -8 8 0
356 289 382 309 0 0 0
356 289 385 306 0 8 0
356 297 388 303 -8 0 0
348 297 391 300 0 -8 0
348 289 394 297 -8 -8 0
340 281 397 294 0 -8 0
340 273 400 291 0 -8 0
340 265 403 288 -8 0 0
332 265 406 285 0 0 0
332 265 409 282 0 8 0
332 273 412 279 -8 -8 0
324 265 415 276 0 -8 0
324 257 418 273 -8 8 0
316 265 421 270 0 -8 0
316 257 424 267 0 -8 0
316 249 427 264 -8 8 0
308 257 430 261 0 8 0
308 265 433 258 0 8 0
308 273 436 255 -8 -8 0
300 265 439 252 0 0 0
300 265 442 249 -8 8 0
292 273 445 246 0 0 0
292 273 448 243 0 -8 0
292 265 451 240 -8 -8 0
284 257 454 237 0 0 0
284 257 457 234 0 0 0
284 257 460 231 -8 0 0
276 257 463 228 0 -8 0
276 249 466 225 -8 -8 0
268 241 469 222 0 0 0
268 241 472 219 0 -8 0
268 233 475 216 -8 0 0
260 233 478 213 0 0 0
260 233 481 210 0 0 0
260 233 484 207 -8 0 0
252 233 487 204 0 0 0
252 233 490 201 -8 0 0
244 233 493 198 0 -8 0
244 225 496 195 0 8 0
244 233 499 192 -8 8 0
236 241 502 189 0 8 0
236 249 505 186 0 -8 0
236 241 508 183 -8 0 0
228 241 511 180 0 0 0
228 241 514 177 -8 0 0
220 241 517 174 0 8 0
220 249 520 171 0 -8 0
220 241 523 168 -8 8 0
212 249 526 165 0 8 0
212 257 529 162 0 8 0
212 265 532 159 -8 8 0
204 273 535 156 0 8 0
204 281 538 153 -8 0 0
196 281 541 150 0 8 0
196 289 544 147 0 -8 0
196 281 547 144 -8 8 0
188 289 550 141 0 8 0
188 297 553 138 0 0 0
188 297 556 135 -8 0 0
180 297 559 132 0 -8 0
180 289 562 129 -8 8 0
172 297 565 126 0 0 0
172 297 568 123 0 8 0
172 305 571 120 -8 -8 0
164 297 574 117 0 -8 0
164 289 577 114 0 0 0
164 289 580 111 -8 8 0
156 297 583 108 0 -8 0
156 289 586 105 -8 8 0
148 297 589 102 0 0 0
148 297 592 99 0 0 0
148 297 595 96 -8 8 0
140 305 598 93 0 -8 0
140 297 601 90 0 0 0
140 297 604 87 -8 0 0
132 297 607 84 0 0 0
132 297 610 81 -8 -8 0
124 289 613 78 0 -8 0
124 281 616 75 0 0 0
124 281 619 72 -8 8 0
116 289 622 69 0 0 0
116 289 625 66 0 -8 0
116 281 628 63 -8 0 0
108 281 631 60 0 8 0
108 289 634 57 -8 0 0
100 289 637 54 0 -8 0
100 281 640 51 0 -8 0
100 273 643 48 -8 0 0
92 273 646 45 0 8 0
92 281 649 42 0 8 0
92 289 652 39 -8 0 0
84 289 655 36 0 0 0
84 289 658 33 -8 -8 0
76 281 661 30 0 0 0
76 281 664 27 0 8 0
76 289 667 24 -8 0 0
68 289 670 21 0 -8 0
68 281 673 18 0 -8 0
68 273 676 15 -8 8 0
60 281 679 12 0 -8 0
60 273 682 9 -8 8 0
60 281 685 12 0 0 0
60 281 688 15 0 -8 0
60 273 691 18 0 8 0
60 281 694 21 0 -8 0
60 273 697 24 0 0 0
60 273 700 27 0 -8 0
60 265 703 30 0 8 0
60 273 706 33 0 8 0
60 281 709 36 0 0 0
60 281 712 39 0 8 0
60 289 715 42 0 -8 0
60 281 718 45 0 0 0
60 281 721 48 0 8 0
60 289 724 51 0 0 0
60 289 727 54 0 0 0
60 289 730 57 0 8 0
60 297 733 60 0 8 0
60 305 736 63 0 0 0
60 305 739 66 0 8 0
60 313 742 69 0 8 0
60 321 745 72 0 0 0
60 321 748 75 0 0 0
60 321 751 78 0 8 0
60 329 754 81 0 8 0
60 337 757 84 0 -8 0
60 329 760 87 0 0 0
60 329 763 90 0 -8 0
60 321 766 93 0 -8 0
60 313 769 96 0 -8 0
60 305 772 99 0 -8 0
60 297 775 102 0 8 0
60 305 778 105 0 8 0
60 313 781 108 0 0 1
60 313 781 108 0 0 1
60 313 781 108 0 0 1
60 313 781 108 0 0 1
60 313 781 108 0 0 1
