348 456 214 363 0 0 0
348 456 217 366 0 0 0
348 456 220 369 0 0 0
348 456 223 372 0 8 0
348 464 226 375 0 0 0
348 464 229 378 0 -8 0
348 456 232 381 0 0 0
348 456 235 384 0 8 0
348 464 238 387 0 0 0
348 464 241 390 0 0 0
348 464 244 393 0 0 0
348 464 247 396 0 8 0
348 472 250 399 8 8 0
356 480 253 402 0 -8 0
356 472 256 405 0 8 0
356 480 259 408 8 8 0
364 488 262 411 0 8 0
364 496 265 414 0 -8 0
364 488 268 417 8 -8 0
372 480 271 420 0 -8 0
372 472 274 423 8 0 0
380 472 277 426 0 -8 0
380 464 280 429 0 8 0
380 472 283 432 8 8 0
388 480 286 435 0 8 0
388 488 289 438 0 8 0
388 496 292 441 8 -8 0
396 488 295 444 0 0 0
396 488 298 447 8 -8 0
404 480 301 450 0 8 0
404 488 304 453 0 8 0
404 496 307 456 8 -8 0
412 488 310 459 0 8 0
412 496 313 462 0 8 0
412 504 316 465 8 0 0
420 504 319 468 0 0 0
420 504 322 471 8 -8 0
428 496 325 474 0 -8 0
428 488 328 477 0 -8 0
428 480 331 480 8 -8 0
436 472 334 483 0 0 0
436 472 337 486 0 0 0
436 472 340 489 8 -8 0
444 464 343 492 0 8 0
444 472 346 495 8 8 0
452 480 349 498 0 8 0
452 488 352 501 0 -8 0
452 480 355 504 8 8 0
460 488 358 507 0 8 0
460 496 361 510 0 -8 0
460 488 364 513 8 -8 0
468 480 367 516 0 8 0
468 488 370 519 8 8 0
476 496 373 522 0 8 0
476 504 376 525 0 -8 0
476 496 379 528 8 -8 0
484 488 382 531 0 0 0
484 488 385 534 0 -8 0
484 480 388 537 8 0 0
492 480 391 540 0 -8 0
492 472 394 543 8 -8 0
500 464 397 546 0 0 0
500 464 400 549 0 8 0
500 472 403 552 8 8 0
508 480 406 555 0 -8 0
508 472 409 558 0 -8 0
508 464 412 561 8 0 0
516 464 415 564 0 -8 0
516 456 418 567 8 -8 0
524 448 421 570 0 -8 0
524 440 424 573 0 -8 0
524 432 427 576 8 -8 0
532 424 430 579 0 8 0
532 432 433 582 0 0 0
532 432 436 585 8 -8 0
540 424 439 588 0 8 0
540 432 442 591 8 -8 0
540 424 445 588 0 8 0
540 432 448 585 0 0 0
540 432 451 582 0 8 0
540 440 454 579 0 0 0
540 440 457 576 0 8 0
540 448 460 573 0 0 0
540 448 463 570 0 -8 0
540 440 466 567 0 8 0
540 448 469 564 0 -8 0
540 440 472 561 0 -8 0
540 432 475 558 0 0 0
540 432 478 555 0 8 0
540 440 481 552 0 8 0
540 448 484 549 0 8 0
540 456 487 546 0 8 0
540 464 490 543 0 -8 0
540 456 493 540 0 -8 0
540 448 496 537 0 0 0
540 448 499 534 0 0 0
540 448 502 531 0 8 0
540 456 505 528 0 -8 0
540 448 508 525 0 8 0
540 456 511 522 0 8 0
540 464 514 519 0 8 0
540 472 517 516 0 -8 0
540 464 520 513 0 0 0
540 464 523 510 0 8 0
540 472 526 507 0 8 0
540 480 529 504 0 0 0
540 480 532 501 0 -8 0
540 472 535 498 0 0 0
540 472 538 495 0 0 0
540 472 541 492 0 -8 0
540 464 544 489 -8 -8 0
532 456 547 486 0 -8 0
532 448 550 483 0 8 0
532 456 553 480 -8 0 0
524 456 556 477 0 -8 0
524 448 559 474 0 8 0
524 456 562 471 -8 -8 0
516 448 565 468 0 8 0
516 456 568 465 -8 -8 0
508 448 571 462 0 0 0
508 448 574 459 0 0 0
508 448 577 456 -8 0 0
500 448 580 453 0 0 0
500 448 583 450 0 0 0
500 448 586 447 -8 -8 0
492 440 589 444 0 0 0
492 440 592 441 -8 8 0
484 448 595 438 0 -8 0
484 440 598 435 0 8 0
484 448 601 432 -8 -8 0
476 440 604 429 0 8 0
476 448 607 426 0 8 0
476 456 610 423 -8 8 0
468 464 613 420 0 0 0
468 464 616 417 -8 0 0
460 464 619 414 0 0 0
460 464 622 411 0 8 0
460 472 625 408 -8 -8 0
452 464 628 405 0 -8 0
452 456 631 402 0 0 0
452 456 634 399 -8 -8 0
444 448 637 396 0 -8 0
444 440 640 393 -8 0 0
436 440 643 390 0 -8 0
436 432 646 387 0 8 0
436 440 649 384 -8 8 0
428 448 652 381 0 8 0
428 456 655 378 0 0 0
428 456 658 375 -8 -8 0
420 448 661 372 0 0 0
420 448 664 369 -8 8 0
412 456 667 366 0 -8 0
412 448 670 363 0 8 0
412 456 673 360 -8 -8 0
404 448 676 357 0 8 0
404 456 679 354 0 0 0
404 456 682 351 -8 0 0
396 456 685 348 0 0 0
396 456 688 345 -8 0 0
388 456 691 342 0 -8 0
388 448 694 339 0 -8 0
388 440 697 336 -8 0 0
380 440 700 333 0 8 0
380 448 703 330 0 0 0
380 448 706 327 -8 8 0
372 456 709 324 0 0 0
372 456 712 321 -8 8 0
364 464 715 318 0 -8 0
364 456 718 315 0 -8 0
364 448 721 312 -8 8 0
356 456 724 309 0 -8 0
356 448 727 306 0 -8 0
356 440 730 303 -8 0 0
348 440 733 300 0 8 0
348 448 736 297 -8 8 0
340 456 739 294 0 8 0
340 464 742 291 0 8 0
340 472 745 288 -8 -8 0
332 464 748 285 0 0 0
332 464 751 282 0 8 0
332 472 754 279 -8 -8 0
324 464 757 276 0 -8 0
324 456 760 273 -8 -8 0
316 448 763 270 0 8 0
316 456 766 267 0 -8 0
316 448 769 264 -8 -8 0
308 440 772 261 0 -8 0
308 432 775 258 0 0 0
308 432 778 255 -8 -8 0
300 424 781 252 0 0 1
300 424 781 252 0 0 1
300 424 781 252 0 0 1
300 424 781 252 0 0 1
300 424 781 252 0 0 1
