114 250 424 351 0 0 0
114 250 421 348 8 -8 0
122 242 418 345 8 -8 0
130 234 415 342 8 0 0
138 234 412 339 8 -8 0
146 226 409 336 8 8 0
154 234 406 333 8 8 0
162 242 403 330 8 0 0
170 242 400 327 8 0 0
178 242 397 324 8 0 0
186 242 394 321 8 -8 0
194 234 391 318 8 8 0
202 242 388 315 8 0 0
210 242 385 312 8 0 0
218 242 382 309 8 0 0
226 242 379 306 8 -8 0
234 234 376 303 8 8 0
242 242 373 300 8 0 0
250 242 370 297 0 8 0
250 250 367 294 0 -8 0
250 242 364 291 0 -8 0
250 234 361 288 0 0 0
250 234 358 285 0 0 0
250 234 355 282 0 8 0
250 242 352 279 0 0 0
250 242 349 276 0 0 0
250 242 346 273 0 -8 0
250 234 343 270 0 8 0
250 242 340 267 0 0 0
250 242 337 264 0 0 0
250 242 334 261 0 -8 0
250 234 331 258 0 0 0
250 234 328 255 0 0 0
250 234 325 252 0 8 0
250 242 322 249 0 0 0
250 242 319 246 0 0 0
250 242 316 243 0 8 0
250 250 313 240 0 8 0
250 258 310 237 0 8 0
250 266 307 234 0 -8 0
250 258 304 231 0 -8 0
250 250 301 228 0 8 0
250 258 298 225 0 -8 0
250 250 295 222 0 8 0
250 258 292 219 0 0 0
250 258 289 216 0 8 0
250 266 286 213 0 8 0
250 274 283 210 0 -8 0
250 266 280 207 0 8 0
250 274 277 204 0 -8 0
250 266 274 201 0 0 0
250 266 271 198 -8 -8 0
242 258 268 195 0 0 0
242 258 265 192 0 0 0
242 258 262 189 -8 8 0
234 266 259 186 0 -8 0
234 258 256 183 -8 8 0
226 266 253 180 0 0 0
226 266 250 177 0 -8 0
226 258 247 174 -8 8 0
218 266 244 171 0 8 0
218 274 241 168 0 8 0
218 282 238 165 -8 8 0
210 290 235 162 0 -8 0
210 282 232 159 -8 0 0
202 282 229 156 0 0 0
202 282 226 153 0 0 0
202 282 223 150 -8 0 0
194 282 220 147 0 8 0
194 290 217 144 0 0 0
194 290 214 141 -8 0 0
186 290 211 138 0 -8 0
186 282 208 135 -8 0 0
178 282 205 132 0 8 0
178 290 202 129 0 -8 0
178 282 199 126 -8 -8 0
170 274 196 123 0 0 0
170 274 193 120 0 -8 0
170 266 190 117 -8 8 0
162 274 187 114 0 8 0
162 282 184 111 -8 0 0
154 282 181 108 0 0 0
154 282 178 105 0 0 0
154 282 175 102 -8 0 0
146 282 172 99 0 -8 0
146 274 169 96 0 -8 0
146 266 166 93 -8 0 0
138 266 163 90 0 0 0
138 266 160 87 -8 0 0
130 266 157 84 0 0 0
130 266 154 81 0 0 0
130 266 151 78 -8 0 0
122 266 148 75 0 -8 0
122 258 145 72 0 -8 0
122 250 142 69 -8 -8 0
114 242 139 66 0 0 0
114 242 136 63 -8 8 0
106 250 133 60 0 -8 0
106 242 130 57 0 8 0
106 250 127 54 -8 8 0
98 258 124 51 0 8 0
98 266 121 48 0 -8 0
98 258 118 45 -8 -8 0
90 250 115 42 0 8 0
90 258 112 39 -8 -8 0
82 250 109 36 0 8 0
82 258 106 33 0 -8 0
82 250 103 30 -8 8 0
74 258 100 27 0 8 0
74 266 97 24 0 8 0
74 274 94 21 -8 0 0
66 274 91 18 0 8 0
66 282 88 15 -8 -8 0
60 274 85 12 0 8 0
60 282 82 9 -8 8 0
60 290 79 12 0 0 0
60 290 76 15 0 0 0
60 290 73 18 0 0 0
60 290 70 21 0 -8 0
60 282 67 24 0 -8 0
60 274 64 27 0 8 0
60 282 61 30 0 0 0
60 282 58 33 0 0 0
60 282 55 36 0 8 0
60 290 52 39 0 0 0
60 290 49 42 0 8 0
60 298 46 45 0 -8 0
60 290 43 48 0 8 0
60 298 40 51 0 0 0
60 298 37 54 0 0 0
60 298 34 57 0 8 0
60 306 31 60 0 8 0
60 314 28 63 0 0 0
60 314 25 66 0 0 0
60 314 22 69 0 8 0
60 322 19 72 0 0 0
60 322 22 75 0 -8 0
60 314 25 78 0 0 0
60 314 28 81 0 0 0
60 314 31 84 0 8 0
60 322 34 87 0 -8 0
60 314 37 90 0 0 0
60 314 40 93 0 -8 0
60 306 43 96 0 0 0
60 306 46 99 0 -8 0
60 298 49 102 0 0 0
60 298 52 105 0 0 0
60 298 55 108 0 0 0
60 298 58 111 8 0 0
68 298 61 114 0 8 0
68 306 64 117 0 8 0
68 314 67 120 8 -8 0
76 306 70 123 0 8 0
76 314 73 126 0 0 0
76 314 76 129 8 0 0
84 314 79 132 0 8 0
84 322 82 135 8 0 0
92 322 85 138 0 8 0
92 330 88 141 0 0 0
92 330 91 144 8 0 0
100 330 94 147 0 -8 0
100 322 97 150 0 8 0
100 330 100 153 8 -8 0
108 322 103 156 0 -8 0
108 314 106 159 8 0 0
116 314 109 162 0 8 0
116 322 112 165 0 8 0
116 330 115 168 8 0 0
124 330 118 171 0 0 0
124 330 121 174 0 8 0
124 338 124 177 8 0 0
132 338 127 180 0 8 0
132 346 130 183 8 8 0
140 354 133 186 0 0 0
140 354 136 189 0 -8 0
140 346 139 192 8 0 0
148 346 142 195 0 8 0
148 354 145 198 0 0 0
148 354 148 201 8 8 0
156 362 151 204 0 -8 0
156 354 154 207 8 -8 0
164 346 157 210 0 8 0
164 354 160 213 0 8 0
164 362 163 216 8 0 0
172 362 166 219 0 0 0
172 362 169 222 0 -8 0
172 354 172 225 8 8 0
180 362 175 228 0 8 0
180 370 178 231 8 -8 0
188 362 181 234 0 -8 0
188 354 184 237 0 -8 0
188 346 187 240 8 0 0
196 346 190 243 0 0 0
196 346 193 246 0 0 0
196 346 196 249 8 8 0
204 354 199 252 0 0 0
204 354 202 255 8 8 0
212 362 205 258 0 0 0
212 362 208 261 0 0 0
212 362 211 264 8 -8 0
220 354 214 267 0 0 0
220 354 217 270 0 8 0
220 362 220 273 8 8 0
228 370 223 276 0 -8 0
228 362 226 279 8 -8 0
236 354 229 282 0 8 0
236 362 232 285 0 0 0
236 362 235 288 8 -8 0
244 354 238 291 0 -8 0
244 346 241 294 0 0 0
244 346 244 297 8 -8 0
252 338 247 300 0 -8 0
252 330 250 303 8 0 0
260 330 253 306 0 8 0
260 338 256 309 0 8 0
260 346 259 312 8 8 0
268 354 262 315 0 8 0
268 362 265 318 0 8 0
268 370 268 321 8 0 0
276 370 271 324 0 0 0
276 370 274 327 8 0 0
284 370 277 330 0 -8 0
284 362 280 333 0 8 0
284 370 283 336 8 -8 0
292 362 286 339 0 0 0
292 362 289 342 0 0 0
292 362 292 345 8 -8 0
300 354 295 348 0 -8 0
300 346 298 351 8 -8 0
308 338 301 354 0 0 0
308 338 304 357 0 0 0
308 338 307 360 8 0 0
316 338 310 363 0 0 0
316 338 313 366 0 0 0
316 338 316 369 8 8 0
324 346 319 372 0 8 0
324 354 322 375 8 0 0
332 354 325 378 0 -8 0
332 346 328 381 0 8 0
332 354 331 384 8 0 0
340 354 334 387 0 0 0
340 354 337 390 0 8 0
340 362 340 393 8 8 0
348 370 343 396 0 0 0
348 370 346 399 8 0 0
356 370 349 402 0 -8 0
356 362 352 405 0 8 0
356 370 355 408 8 8 0
364 378 358 411 0 8 0
364 386 361 414 0 8 0
364 394 364 417 8 -8 0
372 386 367 420 0 -8 0
372 378 370 423 8 8 0
380 386 373 426 0 8 0
380 394 376 429 0 0 0
380 394 379 432 8 0 0
388 394 382 435 0 8 0
388 402 385 438 0 8 0
388 410 388 441 8 8 0
396 418 391 444 0 -8 0
396 410 394 447 8 -8 0
404 402 397 450 0 0 0
404 402 400 453 0 0 0
404 402 403 456 8 -8 0
412 394 406 459 0 8 0
412 402 409 462 0 -8 0
412 394 412 465 8 8 0
420 402 415 468 0 0 0
420 402 418 471 8 8 0
428 410 421 474 0 0 0
428 410 424 477 0 8 0
428 418 427 480 8 -8 0
436 410 430 483 0 8 0
436 418 433 486 0 -8 0
436 410 436 489 8 -8 0
444 402 439 492 0 0 0
444 402 442 495 8 0 0
452 402 445 498 0 -8 0
452 394 448 501 0 -8 0
452 386 451 504 8 -8 0
460 378 454 507 0 8 0
460 386 457 510 0 8 0
460 394 460 513 8 0 0
468 394 463 516 0 -8 0
468 386 466 519 8 8 0
476 394 469 522 0 8 0
476 402 472 525 0 -8 0
476 394 475 528 8 -8 0
484 386 478 531 0 -8 0
484 378 481 534 0 -8 0
484 370 484 537 8 0 0
492 370 487 540 0 8 0
492 378 490 543 8 -8 0
500 370 493 546 0 -8 0
500 362 496 549 0 0 0
500 362 499 552 8 -8 0
508 354 502 555 0 -8 0
508 346 505 558 0 -8 0
508 338 508 561 8 0 0
516 338 511 564 0 8 0
516 346 514 567 8 -8 0
524 338 517 570 0 8 0
524 346 520 573 0 -8 0
524 338 523 576 8 8 0
532 346 526 579 0 -8 0
532 338 529 582 0 0 0
532 338 532 585 8 8 0
540 346 535 588 0 0 0
540 346 538 591 8 -8 0
540 338 541 588 0 8 0
540 346 544 585 0 0 0
540 346 547 582 0 8 0
540 354 550 579 0 8 0
540 362 553 576 0 8 0
540 370 556 573 0 -8 0
540 362 559 570 0 -8 0
540 354 562 567 0 0 0
540 354 565 564 0 -8 0
540 346 568 561 0 -8 0
540 338 571 558 0 8 0
540 346 574 555 0 8 0
540 354 577 552 0 8 0
540 362 580 549 0 0 0
540 362 583 546 0 8 0
540 370 586 543 0 8 0
540 378 589 540 0 0 0
540 378 592 537 0 8 0
540 386 595 534 0 8 0
540 394 598 531 0 -8 0
540 386 601 528 0 -8 0
540 378 604 525 0 -8 0
540 370 607 522 0 -8 0
540 362 610 519 0 0 0
540 362 613 516 0 0 0
540 362 616 513 0 8 0
540 370 619 510 0 0 0
540 370 622 507 0 0 0
540 370 625 504 0 8 0
540 378 628 501 0 -8 0
540 370 631 498 0 -8 0
540 362 634 495 0 0 0
540 362 637 492 0 8 0
540 370 640 489 -8 8 0
532 378 643 486 0 -8 0
532 370 646 483 0 8 0
532 378 649 480 -8 8 0
524 386 652 477 0 8 0
524 394 655 474 0 -8 0
524 386 658 471 -8 0 0
516 386 661 468 0 -8 0
516 378 664 465 -8 -8 0
508 370 667 462 0 0 0
508 370 670 459 0 -8 0
508 362 673 456 -8 -8 0
500 354 676 453 0 0 0
500 354 679 450 0 -8 0
500 346 682 447 -8 -8 0
492 338 685 444 0 0 0
492 338 688 441 -8 8 0
484 346 691 438 0 8 0
484 354 694 435 0 0 0
484 354 697 432 -8 8 0
476 362 700 429 0 -8 0
476 354 703 426 0 8 0
476 362 706 423 -8 0 0
468 362 709 420 0 -8 0
468 354 712 417 -8 8 0
460 362 715 414 0 0 0
460 362 718 411 0 -8 0
460 354 721 408 -8 0 0
452 354 724 405 0 0 0
452 354 727 402 0 8 0
452 362 730 399 -8 0 0
444 362 733 396 0 8 0
444 370 736 393 -8 -8 0
436 362 739 390 0 -8 0
436 354 742 387 0 -8 0
436 346 745 384 -8 0 0
428 346 748 381 0 8 0
428 354 751 378 0 0 0
428 354 754 375 -8 8 0
420 362 757 372 0 8 0
420 370 760 369 -8 8 0
412 378 763 366 0 -8 0
412 370 766 363 0 8 0
412 378 769 360 -8 0 0
404 378 772 357 0 0 0
404 378 775 354 0 0 0
404 378 778 351 -8 0 0
396 378 781 348 0 -8 0
396 370 778 345 -8 8 0
388 378 775 342 0 0 0
388 378 772 339 0 8 0
388 386 769 336 -8 8 0
380 394 766 333 0 8 0
380 402 763 330 0 -8 0
380 394 760 327 -8 0 0
372 394 757 324 0 0 0
372 394 754 321 -8 0 0
364 394 751 318 0 0 0
364 394 748 315 0 0 0
364 394 745 312 -8 -8 0
356 386 742 309 0 8 0
356 394 739 306 0 8 0
356 402 736 303 -8 -8 0
348 394 733 300 0 0 0
348 394 730 297 -8 0 0
340 394 727 294 0 -8 0
340 386 724 291 0 0 0
340 386 721 288 -8 0 0
332 386 718 285 0 -8 0
332 378 715 282 0 -8 0
332 370 712 279 -8 0 0
324 370 709 276 0 -8 0
324 362 706 273 -8 0 0
316 362 703 270 0 -8 0
316 354 700 267 0 0 0
316 354 697 264 -8 8 0
308 362 694 261 0 -8 0
308 354 691 258 0 -8 0
308 346 688 255 -8 8 0
300 354 685 252 0 -8 0
300 346 682 249 -8 -8 0
292 338 679 246 0 8 0
292 346 676 243 0 0 0
292 346 673 240 -8 8 0
284 354 670 237 0 8 0
284 362 667 234 0 0 0
284 362 664 231 -8 0 0
276 362 661 228 0 0 0
276 362 658 225 -8 0 0
268 362 655 222 0 -8 0
268 354 652 219 0 0 0
268 354 649 216 -8 8 0
260 362 646 213 0 0 0
260 362 643 210 0 8 0
260 370 640 207 -8 -8 0
252 362 637 204 0 8 0
252 370 634 201 -8 -8 0
244 362 631 198 0 -8 0
244 354 628 195 0 0 0
244 354 625 192 -8 -8 0
236 346 622 189 0 0 0
236 346 619 186 0 -8 0
236 338 616 183 -8 0 0
228 338 613 180 0 8 0
228 346 610 177 -8 8 0
220 354 607 174 0 0 0
220 354 604 171 0 -8 0
220 346 601 168 -8 0 0
212 346 598 165 0 8 0
212 354 595 162 0 8 0
212 362 592 159 -8 0 0
204 362 589 156 0 -8 0
204 354 586 153 -8 -8 0
196 346 583 150 0 0 0
196 346 580 147 0 0 0
196 346 577 144 -8 0 0
188 346 574 141 0 -8 0
188 338 571 138 0 0 0
188 338 568 135 -8 0 0
180 338 565 132 0 0 0
180 338 562 129 -8 -8 0
172 330 559 126 0 0 0
172 330 556 123 0 8 0
172 338 553 120 -8 8 0
164 346 550 117 0 -8 0
164 338 547 114 0 0 0
164 338 544 111 -8 -8 0
156 330 541 108 0 8 0
156 338 538 105 -8 -8 0
148 330 535 102 0 8 0
148 338 532 99 0 -8 0
148 330 529 96 -8 -8 0
140 322 526 93 0 0 0
140 322 523 90 0 8 0
140 330 520 87 -8 0 0
132 330 517 84 0 -8 0
132 322 514 81 -8 -8 0
124 314 511 78 0 -8 0
124 306 508 75 0 0 0
124 306 505 72 -8 8 0
116 314 502 69 0 0 0
116 314 499 66 0 -8 0
116 306 496 63 -8 0 0
108 306 493 60 0 -8 0
108 298 490 57 -8 -8 0
100 290 487 54 0 -8 0
100 282 484 51 0 -8 0
100 274 481 48 -8 8 0
92 282 478 45 0 8 0
92 290 475 42 0 0 0
92 290 472 39 -8 -8 0
84 282 469 36 0 8 0
84 290 466 33 -8 8 0
76 298 463 30 0 8 0
76 306 460 27 0 8 0
76 314 457 24 -8 -8 0
68 306 454 21 0 0 0
68 306 451 18 0 8 0
68 314 448 15 -8 0 0
60 314 445 12 0 -8 0
60 306 442 9 -8 0 0
60 306 439 12 0 -8 0
60 298 436 15 0 8 0
60 306 433 18 0 -8 0
60 298 430 21 0 -8 0
60 290 427 24 0 0 0
60 290 424 27 0 0 0
60 290 421 30 0 0 0
60 290 418 33 0 8 0
60 298 415 36 0 8 0
60 306 412 39 0 0 0
60 306 409 42 0 0 0
60 306 406 45 0 8 0
60 314 403 48 0 0 0
60 314 400 51 0 8 0
60 322 397 54 0 8 0
60 330 394 57 0 0 0
60 330 391 60 0 0 0
60 330 388 63 0 -8 0
60 322 385 66 0 8 0
60 330 382 69 0 -8 0
60 322 379 72 0 8 0
60 330 376 75 0 0 0
60 330 373 78 0 8 0
60 338 370 81 0 8 0
60 346 367 84 0 -8 0
60 338 364 87 0 0 0
60 338 361 90 0 8 0
60 346 358 93 0 8 0
60 354 355 96 0 0 0
60 354 352 99 0 8 0
60 362 349 102 0 8 0
60 370 346 105 0 8 0
60 378 343 108 0 8 0
60 386 340 111 8 8 0
68 394 337 114 0 -8 0
68 386 334 117 0 0 0
68 386 331 120 8 8 0
76 394 328 123 0 8 0
76 402 325 126 0 8 0
76 410 322 129 8 8 0
84 418 319 132 0 -8 0
84 410 316 135 8 -8 0
92 402 313 138 0 0 0
92 402 310 141 0 -8 0
92 394 307 144 8 0 0
100 394 304 147 0 8 0
100 402 301 150 0 0 0
100 402 298 153 8 -8 0
108 394 295 156 0 0 0
108 394 292 159 8 8 0
116 402 289 162 0 0 0
116 402 286 165 0 -8 0
116 394 283 168 8 0 0
124 394 280 171 0 0 0
124 394 277 174 0 8 0
124 402 274 177 8 0 0
132 402 271 180 0 0 0
132 402 268 183 8 -8 0
140 394 265 186 0 0 0
140 394 262 189 0 0 0
140 394 259 192 8 0 0
148 394 256 195 0 -8 0
148 386 253 198 0 0 0
148 386 250 201 8 -8 0
156 378 247 204 0 8 0
156 386 244 207 8 -8 0
164 378 241 210 0 0 0
164 378 238 213 0 8 0
164 386 235 216 8 0 0
172 386 232 219 0 8 0
172 394 229 222 0 0 0
172 394 226 225 8 0 0
180 394 223 228 0 -8 0
180 386 220 231 8 -8 0
188 378 217 234 0 0 0
188 378 214 237 0 -8 0
188 370 211 240 8 -8 0
196 362 208 243 0 -8 0
196 354 205 246 0 0 0
196 354 202 249 8 0 0
204 354 199 252 0 -8 0
204 346 196 255 8 -8 0
212 338 193 258 0 -8 0
212 330 190 261 0 -8 0
212 322 187 264 8 -8 0
220 314 184 267 0 0 0
220 314 181 270 0 8 0
220 322 178 273 8 0 0
228 322 175 276 0 8 0
228 330 172 279 8 8 0
236 338 169 282 0 -8 0
236 330 166 285 0 8 0
236 338 163 288 8 -8 0
244 330 160 291 0 8 0
244 338 157 294 0 8 0
244 346 154 297 8 -8 0
252 338 151 300 0 8 0
252 346 148 303 8 0 0
260 346 145 306 0 8 0
260 354 142 309 0 8 0
260 362 139 312 8 0 0
268 362 136 315 0 -8 0
268 354 133 318 0 8 0
268 362 130 321 8 -8 0
276 354 127 324 0 0 0
276 354 124 327 8 -8 0
284 346 121 330 0 0 0
284 346 118 333 0 0 0
284 346 115 336 8 0 0
292 346 112 339 0 -8 0
292 338 109 342 0 0 0
292 338 106 345 8 8 0
300 346 103 348 0 0 0
300 346 100 351 8 0 0
308 346 97 354 0 -8 0
308 338 94 357 0 -8 0
308 330 91 360 8 -8 0
316 322 88 363 0 8 0
316 330 85 366 0 -8 0
316 322 82 369 8 -8 0
324 314 79 372 0 0 0
324 314 76 375 8 0 0
332 314 73 378 0 0 0
332 314 70 381 0 0 0
332 314 67 384 8 0 0
340 314 64 387 0 -8 0
340 306 61 390 0 8 0
340 314 58 393 8 0 0
348 314 55 396 0 8 0
348 322 52 399 8 -8 0
356 314 49 402 0 8 0
356 322 46 405 0 -8 0
356 314 43 408 8 8 0
364 322 40 411 0 0 0
364 322 37 414 0 -8 0
364 314 34 417 8 0 0
372 314 31 420 0 0 0
372 314 28 423 8 -8 0
380 306 25 426 0 8 0
380 314 22 429 0 -8 0
380 306 19 432 0 0 1
380 306 19 432 0 0 1
380 306 19 432 0 0 1
380 306 19 432 0 0 1
380 306 19 432 0 0 1
