492 316 580 432 0 0 0
492 316 577 429 -8 8 0
484 324 574 426 -8 -8 0
476 316 571 423 -8 0 0
468 316 568 420 0 8 0
468 324 565 417 -8 8 0
460 332 562 414 0 8 0
460 340 559 411 0 -8 0
460 332 556 408 -8 8 0
452 340 553 405 0 -8 0
452 332 550 402 0 8 0
452 340 547 399 -8 0 0
444 340 544 396 0 8 0
444 348 541 393 -8 0 0
436 348 538 390 0 0 0
436 348 535 387 0 0 0
436 348 532 384 -8 8 0
428 356 529 381 0 0 0
428 356 526 378 0 0 0
428 356 523 375 -8 -8 0
420 348 520 372 0 8 0
420 356 517 369 -8 0 0
412 356 514 366 0 -8 0
412 348 511 363 0 8 0
412 356 508 360 -8 0 0
404 356 505 357 0 -8 0
404 348 502 354 0 0 0
404 348 499 351 -8 0 0
396 348 496 348 0 8 0
396 356 493 345 -8 -8 0
388 348 490 342 0 -8 0
388 340 487 339 0 -8 0
388 332 484 336 -8 8 0
380 340 481 333 0 -8 0
380 332 478 330 0 -8 0
380 324 475 327 -8 0 0
372 324 472 324 0 0 0
372 324 469 321 -8 0 0
364 324 466 318 0 0 0
364 324 463 315 0 -8 0
364 316 460 312 -8 8 0
356 324 457 309 0 8 0
356 332 454 306 0 -8 0
356 324 451 303 -8 8 0
348 332 448 300 0 -8 0
348 324 445 297 -8 8 0
340 332 442 294 0 -8 0
340 324 439 291 0 -8 0
340 316 436 288 -8 -8 0
332 308 433 285 0 0 0
332 308 430 282 0 -8 0
332 300 427 279 -8 8 0
324 308 424 276 0 8 0
324 316 421 273 -8 0 0
316 316 418 270 0 8 0
316 324 415 267 0 8 0
316 332 412 264 -8 0 0
308 332 409 261 0 8 0
308 340 406 258 0 0 0
308 340 403 255 -8 8 0
300 348 400 252 0 -8 0
300 340 397 249 -8 -8 0
292 332 394 246 0 -8 0
292 324 391 243 0 -8 0
292 316 388 240 -8 -8 0
284 308 385 237 0 -8 0
284 300 382 234 0 -8 0
284 292 379 231 -8 8 0
276 300 376 228 0 8 0
276 308 373 225 -8 0 0
268 308 370 222 0 8 0
268 316 367 219 0 8 0
268 324 364 216 -8 0 0
260 324 361 213 0 8 0
260 332 358 210 0 0 0
260 332 355 207 -8 -8 0
252 324 352 204 0 8 0
252 332 349 201 -8 0 0
244 332 346 198 0 0 0
244 332 343 195 0 -8 0
244 324 340 192 -8 8 0
236 332 337 189 0 0 0
236 332 334 186 0 8 0
236 340 331 183 -8 8 0
228 348 328 180 0 8 0
228 356 325 177 -8 -8 0
220 348 322 174 0 -8 0
220 340 319 171 0 8 0
220 348 316 168 -8 8 0
212 356 313 165 0 0 0
212 356 310 162 0 0 0
212 356 307 159 -8 0 0
204 356 304 156 0 8 0
204 364 301 153 -8 0 0
196 364 298 150 0 8 0
196 372 295 147 0 0 0
196 372 292 144 -8 -8 0
188 364 289 141 0 -8 0
188 356 286 138 0 -8 0
188 348 283 135 -8 0 0
180 348 280 132 0 0 0
180 348 277 129 -8 0 0
172 348 274 126 0 -8 0
172 340 271 123 0 -8 0
172 332 268 120 -8 8 0
164 340 265 117 0 8 0
164 348 262 114 0 8 0
164 356 259 111 -8 8 0
156 364 256 108 0 0 0
156 364 253 105 -8 -8 0
148 356 250 102 0 -8 0
148 348 247 99 0 8 0
148 356 244 96 -8 0 0
140 356 241 93 0 8 0
140 364 238 90 0 8 0
140 372 235 87 -8 -8 0
132 364 232 84 0 -8 0
132 356 229 81 -8 0 0
124 356 226 78 0 -8 0
124 348 223 75 0 8 0
124 356 220 72 -8 8 0
116 364 217 69 0 -8 0
116 356 214 66 0 0 0
116 356 211 63 -8 0 0
108 356 208 60 0 -8 0
108 348 205 57 -8 -8 0
100 340 202 54 0 0 0
100 340 199 51 0 8 0
100 348 196 48 -8 0 0
92 348 193 45 0 8 0
92 356 190 42 0 0 0
92 356 187 39 -8 0 0
84 356 184 36 0 8 0
84 364 181 33 -8 -8 0
76 356 178 30 0 -8 0
76 348 175 27 0 8 0
76 356 172 24 -8 8 0
68 364 169 21 0 8 0
68 372 166 18 0 8 0
68 380 163 15 -8 8 0
60 388 160 12 0 8 0
60 396 157 9 -8 8 0
60 404 154 12 0 0 0
60 404 151 15 0 0 0
60 404 148 18 0 0 0
60 404 145 21 0 0 0
60 404 142 24 0 0 0
60 404 139 27 0 8 0
60 412 136 30 0 0 0
60 412 133 33 0 -8 0
60 404 130 36 0 0 0
60 404 127 39 0 8 0
60 412 124 42 0 8 0
60 420 121 45 0 -8 0
60 412 118 48 0 0 0
60 412 115 51 0 0 0
60 412 112 54 0 0 0
60 412 109 57 0 0 0
60 412 106 60 0 8 0
60 420 103 63 0 8 0
60 428 100 66 0 0 0
60 428 97 69 0 0 0
60 428 94 72 0 -8 0
60 420 91 75 0 8 0
60 428 88 78 0 0 0
60 428 85 81 0 8 0
60 436 82 84 0 8 0
60 444 79 87 0 0 0
60 444 76 90 0 -8 0
60 436 73 93 0 -8 0
60 428 70 96 0 8 0
60 436 67 99 0 0 0
60 436 64 102 0 -8 0
60 428 61 105 0 8 0
60 436 58 108 0 8 0
60 444 55 111 8 8 0
68 452 52 114 0 0 0
68 452 49 117 0 0 0
68 452 46 120 8 0 0
76 452 43 123 0 -8 0
76 444 40 126 0 -8 0
76 436 37 129 8 0 0
84 436 34 132 0 0 0
84 436 31 135 8 0 0
92 436 28 138 0 0 0
92 436 25 141 0 0 0
92 436 22 144 8 8 0
100 444 19 147 0 -8 0
100 436 22 150 0 0 0
100 436 25 153 8 8 0
108 444 28 156 0 8 0
108 452 31 159 8 8 0
116 460 34 162 0 0 0
116 460 37 165 0 -8 0
116 452 40 168 8 8 0
124 460 43 171 0 -8 0
124 452 46 174 0 8 0
124 460 49 177 8 8 0
132 468 52 180 0 8 0
132 476 55 183 8 -8 0
140 468 58 186 0 -8 0
140 460 61 189 0 0 0
140 460 64 192 8 8 0
148 468 67 195 0 8 0
148 476 70 198 0 0 0
148 476 73 201 8 0 0
156 476 76 204 0 -8 0
156 468 79 207 8 -8 0
164 460 82 210 0 0 0
164 460 85 213 0 -8 0
164 452 88 216 8 -8 0
172 444 91 219 0 0 0
172 444 94 222 0 -8 0
172 436 97 225 8 -8 0
180 428 100 228 0 0 0
180 428 103 231 8 8 0
188 436 106 234 0 8 0
188 444 109 237 0 0 0
188 444 112 240 8 -8 0
196 436 115 243 0 8 0
196 444 118 246 0 -8 0
196 436 121 249 8 -8 0
204 428 124 252 0 8 0
204 436 127 255 8 8 0
212 444 130 258 0 0 0
212 444 133 261 0 0 0
212 444 136 264 8 8 0
220 452 139 267 0 -8 0
220 444 142 270 0 8 0
220 452 145 273 8 8 0
228 460 148 276 0 8 0
228 468 151 279 8 8 0
236 476 154 282 0 0 0
236 476 157 285 0 0 0
236 476 160 288 8 -8 0
244 468 163 291 0 8 0
244 476 166 294 0 -8 0
244 468 169 297 8 8 0
252 476 172 300 0 -8 0
252 468 175 303 8 8 0
260 476 178 306 0 0 0
260 476 181 309 0 8 0
260 484 184 312 8 8 0
268 492 187 315 0 0 0
268 492 190 318 0 0 0
268 492 193 321 8 0 0
276 492 196 324 0 8 0
276 500 199 327 8 8 0
284 508 202 330 0 0 0
284 508 205 333 0 8 0
284 516 208 336 8 8 0
292 524 211 339 0 0 0
292 524 214 342 0 0 0
292 524 217 345 8 8 0
300 532 220 348 0 0 0
300 532 223 351 8 8 0
308 540 226 354 0 8 0
308 540 229 357 0 -8 0
308 532 232 360 8 0 0
316 532 235 363 0 0 0
316 532 238 366 0 -8 0
316 524 241 369 8 -8 0
324 516 244 372 0 8 0
324 524 247 375 8 0 0
332 524 250 378 0 -8 0
332 516 253 381 0 8 0
332 524 256 384 8 8 0
340 532 259 387 0 0 0
340 532 262 390 0 -8 0
340 524 265 393 8 0 0
348 524 268 396 0 8 0
348 532 271 399 8 -8 0
356 524 274 402 0 0 0
356 524 277 405 0 8 0
356 532 280 408 8 -8 0
364 524 283 411 0 0 0
364 524 286 414 0 8 0
364 532 289 417 8 0 0
372 532 292 420 0 -8 0
372 524 295 423 8 -8 0
380 516 298 426 0 -8 0
380 508 301 429 0 8 0
380 516 304 432 8 8 0
388 524 307 435 0 -8 0
388 516 310 438 0 8 0
388 524 313 441 8 -8 0
396 516 316 444 0 8 0
396 524 319 447 8 -8 0
404 516 322 450 0 0 0
404 516 325 453 0 0 0
404 516 328 456 8 -8 0
412 508 331 459 0 8 0
412 516 334 462 0 8 0
412 524 337 465 8 0 0
420 524 340 468 0 0 0
420 524 343 471 8 0 0
428 524 346 474 0 8 0
428 532 349 477 0 -8 0
428 524 352 480 8 -8 0
436 516 355 483 0 0 0
436 516 358 486 0 -8 0
436 508 361 489 8 0 0
444 508 364 492 0 0 0
444 508 367 495 8 8 0
452 516 370 498 0 8 0
452 524 373 501 0 -8 0
452 516 376 504 8 8 0
460 524 379 507 0 -8 0
460 516 382 510 0 0 0
460 516 385 513 8 -8 0
468 508 388 516 0 8 0
468 516 391 519 8 0 0
476 516 394 522 0 8 0
476 524 397 525 0 -8 0
476 516 400 528 8 -8 0
484 508 403 531 0 8 0
484 516 406 534 0 -8 0
484 508 409 537 8 0 0
492 508 412 540 0 0 0
492 508 415 543 8 8 0
500 516 418 546 0 8 0
500 524 421 549 0 8 0
500 532 424 552 8 0 0
508 532 427 555 0 -8 0
508 524 430 558 0 0 0
508 524 433 561 8 8 0
516 532 436 564 0 -8 0
516 524 439 567 8 -8 0
524 516 442 570 0 -8 0
524 508 445 573 0 -8 0
524 500 448 576 8 8 0
532 508 451 579 0 8 0
532 516 454 582 0 -8 0
532 508 457 585 8 0 0
540 508 460 588 0 8 0
540 516 463 591 8 8 0
540 524 466 588 0 -8 0
540 516 469 585 0 8 0
540 524 472 582 0 8 0
540 532 475 579 0 -8 0
540 524 478 576 0 8 0
540 532 481 573 0 0 0
540 532 484 570 0 0 0
540 532 487 567 0 0 0
540 532 490 564 0 8 0
540 540 493 561 0 8 0
540 540 496 558 0 0 0
540 540 499 555 0 0 0
540 540 502 552 0 -8 0
540 532 505 549 0 0 0
540 532 508 546 0 -8 0
540 524 511 543 0 -8 0
540 516 514 540 0 8 0
540 524 517 537 0 8 0
540 532 520 534 0 -8 0
540 524 523 531 0 -8 0
540 516 526 528 0 8 0
540 524 529 525 0 -8 0
540 516 532 522 0 8 0
540 524 535 519 0 8 0
540 532 538 516 0 -8 0
540 524 541 513 0 0 0
540 524 544 510 0 8 0
540 532 547 507 0 8 0
540 540 550 504 0 0 0
540 540 553 501 0 -8 0
540 532 556 498 0 -8 0
540 524 559 495 0 -8 0
540 516 562 492 0 8 0
540 524 565 489 -8 8 0
532 532 568 486 0 8 0
532 540 571 483 0 0 0
532 540 574 480 -8 0 0
524 540 577 477 0 8 0
524 540 580 474 0 8 0
524 540 583 471 -8 0 0
516 540 586 468 0 -8 0
516 532 589 465 -8 -8 0
508 524 592 462 0 0 0
508 524 595 459 0 0 0
508 524 598 456 -8 0 0
500 524 601 453 0 0 0
500 524 604 450 0 0 0
500 524 607 447 -8 0 0
492 524 610 444 0 8 0
492 532 613 441 -8 0 0
484 532 616 438 0 0 0
484 532 619 435 0 0 0
484 532 622 432 -8 8 0
476 540 625 429 0 0 0
476 540 628 426 0 -8 0
476 532 631 423 -8 0 0
468 532 634 420 0 8 0
468 540 637 417 -8 8 0
460 540 640 414 0 8 0
460 540 643 411 0 8 0
460 540 646 408 -8 -8 0
452 532 649 405 0 0 0
452 532 652 402 0 0 0
452 532 655 399 -8 8 0
444 540 658 396 0 0 0
444 540 661 393 -8 -8 0
436 532 664 390 0 0 0
436 532 667 387 0 0 0
436 532 670 384 -8 -8 0
428 524 673 381 0 8 0
428 532 676 378 0 0 0
428 532 679 375 -8 0 0
420 532 682 372 0 0 0
420 532 685 369 -8 -8 0
412 524 688 366 0 0 0
412 524 691 363 0 -8 0
412 516 694 360 -8 0 0
404 516 697 357 0 0 0
404 516 700 354 0 8 0
404 524 703 351 -8 8 0
396 532 706 348 0 0 0
396 532 709 345 -8 8 0
388 540 712 342 0 -8 0
388 532 715 339 0 8 0
388 540 718 336 -8 8 0
380 540 721 333 0 8 0
380 540 724 330 0 8 0
380 540 727 327 -8 0 0
372 540 730 324 0 0 0
372 540 733 321 -8 8 0
364 540 736 318 0 8 0
364 540 739 315 0 8 0
364 540 742 312 -8 8 0
356 540 745 309 0 8 0
356 540 748 306 0 -8 0
356 532 751 303 -8 0 0
348 532 754 300 0 -8 0
348 524 757 297 -8 0 0
340 524 760 294 0 0 0
340 524 763 291 0 8 0
340 532 766 288 -8 0 0
332 532 769 285 0 -8 0
332 524 772 282 0 0 0
332 524 775 279 -8 -8 0
324 516 778 276 0 0 0
324 516 781 273 0 0 1
324 516 781 273 0 0 1
324 516 781 273 0 0 1
324 516 781 273 0 0 1
324 516 781 273 0 0 1
