81 78 235 270 0 0 0
81 78 232 267 8 0 0
89 78 229 264 8 8 0
97 86 226 261 8 0 0
105 86 223 258 8 -8 0
113 78 220 255 8 0 0
121 78 217 252 8 0 0
129 78 214 249 8 0 0
137 78 211 246 8 0 0
145 78 208 243 8 -8 0
153 70 205 240 8 -8 0
161 62 202 237 8 -8 0
169 60 199 234 8 -8 0
177 60 196 231 8 8 0
185 68 193 228 0 -8 0
185 60 190 225 0 0 0
185 60 187 222 0 -8 0
185 60 184 219 0 8 0
185 68 181 216 0 8 0
185 76 178 213 0 8 0
185 84 175 210 0 8 0
185 92 172 207 0 -8 0
185 84 169 204 0 8 0
185 92 166 201 0 -8 0
185 84 163 198 0 0 0
185 84 160 195 0 -8 0
185 76 157 192 0 8 0
185 84 154 189 0 8 0
185 92 151 186 0 8 0
185 100 148 183 0 8 0
185 108 145 180 0 8 0
185 116 142 177 0 0 0
185 116 139 174 0 0 0
185 116 136 171 0 -8 0
185 108 133 168 0 8 0
185 116 130 165 0 0 0
185 116 127 162 0 -8 0
185 108 124 159 0 -8 0
185 100 121 156 0 0 0
185 100 118 153 0 0 0
185 100 115 150 0 8 0
185 108 112 147 0 8 0
185 116 109 144 0 0 0
185 116 106 141 0 0 0
185 116 103 138 0 -8 0
185 108 100 135 0 0 0
185 108 97 132 -8 0 0
177 108 94 129 0 0 0
177 108 91 126 -8 -8 0
169 100 88 123 0 0 0
169 100 85 120 0 8 0
169 108 82 117 -8 0 0
161 108 79 114 0 0 0
161 108 76 111 0 8 0
161 116 73 108 -8 8 0
153 124 70 105 0 0 0
153 124 67 102 -8 0 0
145 124 64 99 0 8 0
145 132 61 96 0 -8 0
145 124 58 93 -8 -8 0
137 116 55 90 0 0 0
137 116 52 87 0 0 0
137 116 49 84 -8 8 0
129 124 46 81 0 0 0
129 124 43 78 -8 8 0
121 132 40 75 0 8 0
121 140 37 72 0 -8 0
121 132 34 69 -8 8 0
113 140 31 66 0 0 0
113 140 28 63 0 -8 0
113 132 25 60 -8 -8 0
105 124 22 57 0 0 0
105 124 19 54 0 0 1
105 124 19 54 0 0 1
105 124 19 54 0 0 1
105 124 19 54 0 0 1
105 124 19 54 0 0 1
