80 87 514 135 0 0 0
80 87 517 132 8 8 0
88 95 520 129 0 0 0
88 95 523 126 0 8 0
88 103 526 123 0 -8 0
88 95 529 120 0 8 0
88 103 532 117 0 8 0
88 111 535 114 0 8 0
88 119 538 111 0 8 0
88 127 541 108 0 8 0
88 135 544 105 0 0 0
88 135 547 102 0 8 0
88 143 550 99 0 0 0
88 143 553 96 0 -8 0
88 135 556 93 0 8 0
88 143 559 90 0 8 0
88 151 562 87 0 -8 0
88 143 565 84 0 0 0
88 143 568 81 0 -8 0
88 135 571 78 0 0 0
88 135 574 75 0 0 0
88 135 577 72 0 -8 0
88 127 580 69 0 8 0
88 135 583 66 0 0 0
88 135 586 63 0 0 0
88 135 589 60 0 -8 0
88 127 592 57 0 0 0
88 127 595 54 0 -8 0
88 119 598 51 0 -8 0
88 111 601 48 0 0 0
88 111 604 45 0 -8 0
88 103 607 42 0 -8 0
88 95 610 39 0 0 0
88 95 613 36 -8 8 0
80 103 616 33 0 0 0
80 103 619 30 0 8 0
80 111 622 27 -8 0 0
72 111 625 24 0 0 0
72 111 628 21 -8 8 0
64 119 631 18 0 8 0
64 127 634 15 0 0 0
64 127 637 12 -8 -8 0
60 119 640 9 -8 8 0
60 127 643 12 0 8 0
60 135 646 15 0 8 0
60 143 649 18 0 0 0
60 143 652 21 0 0 0
60 143 655 24 0 0 0
60 143 658 27 0 0 0
60 143 661 30 0 8 0
60 151 664 33 0 8 0
60 159 667 36 0 -8 0
60 151 670 39 0 0 0
60 151 673 42 0 0 0
60 151 676 45 0 0 0
60 151 679 48 0 -8 0
60 143 682 51 0 -8 0
60 135 685 54 0 0 0
60 135 688 57 0 0 0
60 135 691 60 0 -8 0
60 127 694 63 0 8 0
60 135 697 66 0 8 0
60 143 700 69 0 0 0
60 143 703 72 0 8 0
60 151 706 75 0 -8 0
60 143 709 78 0 0 0
60 143 712 81 0 -8 0
60 135 715 84 0 -8 0
60 127 718 87 0 8 0
60 135 721 90 0 -8 0
60 127 724 93 0 -8 0
60 119 727 96 0 8 0
60 127 730 99 0 0 0
60 127 733 102 0 8 0
60 135 736 105 0 -8 0
60 127 739 108 0 0 0
60 127 742 111 8 -8 0
68 119 745 114 0 8 0
68 127 748 117 0 -8 0
68 119 751 120 8 0 0
76 119 754 123 0 0 0
76 119 757 126 0 0 0
76 119 760 129 8 0 0
84 119 763 132 0 8 0
84 127 766 135 8 0 0
92 127 769 138 0 0 0
92 127 772 141 0 0 0
92 127 775 144 8 8 0
100 135 778 147 0 0 0
100 135 781 150 0 -8 0
100 127 778 153 8 0 0
108 127 775 156 0 8 0
108 135 772 159 8 -8 0
116 127 769 162 0 0 0
116 127 766 165 0 8 0
116 135 763 168 8 -8 0
124 127 760 171 0 8 0
124 135 757 174 0 8 0
124 143 754 177 8 0 0
132 143 751 180 0 -8 0
132 135 748 183 8 0 0
140 135 745 186 0 0 0
140 135 742 189 0 0 0
140 135 739 192 8 0 0
148 135 736 195 0 0 0
148 135 733 198 0 0 0
148 135 730 201 8 0 0
156 135 727 204 0 8 0
156 143 724 207 8 -8 0
164 135 721 210 0 8 0
164 143 718 213 0 0 0
164 143 715 216 8 -8 0
172 135 712 219 0 -8 0
172 127 709 222 0 8 0
172 135 706 225 8 0 0
180 135 703 228 0 0 0
180 135 700 231 8 8 0
188 143 697 234 0 8 0
188 151 694 237 0 8 0
188 159 691 240 8 -8 0
196 151 688 243 0 8 0
196 159 685 246 0 -8 0
196 151 682 249 8 8 0
204 159 679 252 0 0 0
204 159 676 255 8 0 0
212 159 673 258 0 8 0
212 167 670 261 0 -8 0
212 159 667 264 8 0 0
220 159 664 267 0 0 0
220 159 661 270 0 -8 0
220 151 658 273 8 8 0
228 159 655 276 0 0 0
228 159 652 279 8 0 0
236 159 649 282 0 8 0
236 167 646 285 0 0 0
236 167 643 288 8 8 0
244 175 640 291 0 0 0
244 175 637 294 0 -8 0
244 167 634 297 8 8 0
252 175 631 300 0 8 0
252 183 628 303 8 0 0
260 183 625 306 0 -8 0
260 175 622 309 0 0 0
260 175 619 312 8 0 0
268 175 616 315 0 -8 0
268 167 613 318 0 8 0
268 175 610 321 8 0 0
276 175 607 324 0 0 0
276 175 604 327 8 8 0
284 183 601 330 0 0 0
284 183 598 333 0 0 0
284 183 595 336 8 -8 0
292 175 592 339 0 0 0
292 175 589 342 0 -8 0
292 167 586 345 8 8 0
300 175 583 348 0 8 0
300 183 580 351 8 -8 0
308 175 577 354 0 8 0
308 183 574 357 0 0 0
308 183 571 360 8 8 0
316 191 568 363 0 0 0
316 191 565 366 0 -8 0
316 183 562 369 8 -8 0
324 175 559 372 0 -8 0
324 167 556 375 8 -8 0
332 159 553 378 0 0 0
332 159 550 381 0 0 0
332 159 547 384 8 8 0
340 167 544 387 0 -8 0
340 159 541 390 0 0 0
340 159 538 393 8 -8 0
348 151 535 396 0 8 0
348 159 532 399 8 -8 0
356 151 529 402 0 8 0
356 159 526 405 0 8 0
356 167 523 408 8 -8 0
364 159 520 411 0 0 0
364 159 517 414 0 8 0
364 167 514 417 8 0 0
372 167 511 420 0 -8 0
372 159 508 423 8 -8 0
380 151 505 426 0 -8 0
380 143 502 429 0 0 0
380 143 499 432 8 8 0
388 151 496 435 0 0 0
388 151 493 438 0 0 0
388 151 490 441 8 0 0
396 151 487 444 0 0 0
396 151 484 447 8 -8 0
404 143 481 450 0 0 0
404 143 478 453 0 0 0
404 143 475 456 8 -8 0
412 135 472 459 0 0 0
412 135 469 462 0 -8 0
412 127 466 465 8 0 0
420 127 463 468 0 8 0
420 135 460 471 8 8 0
428 143 457 474 0 0 0
428 143 454 477 0 0 0
428 143 451 480 8 8 0
436 151 448 483 0 0 0
436 151 445 486 0 0 0
436 151 442 489 8 8 0
444 159 439 492 0 0 0
444 159 436 495 8 8 0
452 167 433 498 0 0 0
452 167 430 501 0 -8 0
452 159 427 504 8 0 0
460 159 424 507 0 -8 0
460 151 421 510 0 8 0
460 159 418 513 8 8 0
468 167 415 516 0 0 0
468 167 412 519 8 -8 0
476 159 409 522 0 -8 0
476 151 406 525 0 -8 0
476 143 403 528 8 -8 0
484 135 400 531 0 -8 0
484 127 397 534 0 -8 0
484 119 394 537 8 8 0
492 127 391 540 0 8 0
492 135 388 543 8 -8 0
500 127 385 546 0 8 0
500 135 382 549 0 -8 0
500 127 379 552 8 8 0
508 135 376 555 0 8 0
508 143 373 558 0 -8 0
508 135 370 561 8 0 0
516 135 367 564 0 -8 0
516 127 364 567 8 0 0
524 127 361 570 0 0 0
524 127 358 573 0 -8 0
524 119 355 576 8 -8 0
532 111 352 579 0 8 0
532 119 349 582 0 -8 0
532 111 346 585 8 -8 0
540 103 343 588 0 8 0
540 111 340 591 8 0 0
540 111 337 588 0 8 0
540 119 334 585 0 0 0
540 119 331 582 0 -8 0
540 111 328 579 0 0 0
540 111 325 576 0 0 0
540 111 322 573 0 -8 0
540 103 319 570 0 0 0
540 103 316 567 0 0 0
540 103 313 564 0 8 0
540 111 310 561 0 8 0
540 119 307 558 0 0 0
540 119 304 555 0 -8 0
540 111 301 552 0 8 0
540 119 298 549 0 8 0
540 127 295 546 0 -8 0
540 119 292 543 0 -8 0
540 111 289 540 0 0 0
540 111 286 537 0 0 0
540 111 283 534 0 -8 0
540 103 280 531 0 0 0
540 103 277 528 0 -8 0
540 95 274 525 0 0 0
540 95 271 522 0 8 0
540 103 268 519 0 0 0
540 103 265 516 0 0 0
540 103 262 513 0 -8 0
540 95 259 510 0 -8 0
540 87 256 507 0 0 0
540 87 253 504 0 -8 0
540 79 250 501 0 8 0
540 87 247 498 0 -8 0
540 79 244 495 0 0 0
540 79 241 492 0 0 0
540 79 238 489 -8 8 0
532 87 235 486 0 8 0
532 95 232 483 0 -8 0
532 87 229 480 -8 0 0
524 87 226 477 0 -8 0
524 79 223 474 0 -8 0
524 71 220 471 -8 -8 0
516 63 217 468 0 8 0
516 71 214 465 -8 -8 0
508 63 211 462 0 -8 0
508 60 208 459 0 8 0
508 68 205 456 -8 8 0
500 76 202 453 0 8 0
500 84 199 450 0 8 0
500 92 196 447 -8 -8 0
492 84 193 444 0 8 0
492 92 190 441 -8 8 0
484 100 187 438 0 -8 0
484 92 184 435 0 8 0
484 100 181 432 -8 0 0
476 100 178 429 0 -8 0
476 92 175 426 0 0 0
476 92 172 423 -8 -8 0
468 84 169 420 0 -8 0
468 76 166 417 -8 8 0
460 84 163 414 0 -8 0
460 76 160 411 0 -8 0
460 68 157 408 -8 0 0
452 68 154 405 0 -8 0
452 60 151 402 0 8 0
452 68 148 399 -8 8 0
444 76 145 396 0 8 0
444 84 142 393 -8 8 0
436 92 139 390 0 8 0
436 100 136 387 0 8 0
436 108 133 384 -8 -8 0
428 100 130 381 0 -8 0
428 92 127 378 0 8 0
428 100 124 375 -8 0 0
420 100 121 372 0 8 0
420 108 118 369 -8 8 0
412 116 115 366 0 0 0
412 116 112 363 0 -8 0
412 108 109 360 -8 0 0
404 108 106 357 0 -8 0
404 100 103 354 0 0 0
404 100 100 351 -8 0 0
396 100 97 348 0 0 0
396 100 94 345 -8 -8 0
388 92 91 342 0 8 0
388 100 88 339 0 0 0
388 100 85 336 -8 8 0
380 108 82 333 0 0 0
380 108 79 330 0 0 0
380 108 76 327 -8 -8 0
372 100 73 324 0 0 0
372 100 70 321 -8 -8 0
364 92 67 318 0 0 0
364 92 64 315 0 -8 0
364 84 61 312 -8 -8 0
356 76 58 309 0 8 0
356 84 55 306 0 -8 0
356 76 52 303 -8 8 0
348 84 49 300 0 0 0
348 84 46 297 -8 8 0
340 92 43 294 0 -8 0
340 84 40 291 0 -8 0
340 76 37 288 -8 8 0
332 84 34 285 0 0 0
332 84 31 282 0 -8 0
332 76 28 279 -8 8 0
324 84 25 276 0 0 0
324 84 22 273 -8 -8 0
316 76 19 270 0 8 0
316 84 22 267 0 -8 0
316 76 25 264 -8 8 0
308 84 28 261 0 8 0
308 92 31 258 0 -8 0
308 84 34 255 -8 -8 0
300 76 37 252 0 0 0
300 76 40 249 -8 -8 0
292 68 43 246 0 -8 0
292 60 46 243 0 8 0
292 68 49 240 -8 0 0
284 68 52 237 0 8 0
284 76 55 234 0 8 0
284 84 58 231 -8 8 0
276 92 61 228 0 8 0
276 100 64 225 -8 0 0
268 100 67 222 0 0 0
268 100 70 219 0 8 0
268 108 73 216 -8 0 0
260 108 76 213 0 0 0
260 108 79 210 0 8 0
260 116 82 207 -8 0 0
252 116 85 204 0 8 0
252 124 88 201 -8 8 0
244 132 91 198 0 -8 0
244 124 94 195 0 0 0
244 124 97 192 -8 8 0
236 132 100 189 0 8 0
236 140 103 186 0 8 0
236 148 106 183 -8 -8 0
228 140 109 180 0 8 0
228 148 112 177 -8 0 0
220 148 115 174 0 0 0
220 148 118 171 0 -8 0
220 140 121 168 -8 -8 0
212 132 124 165 0 0 0
212 132 127 162 0 0 0
212 132 130 159 -8 0 0
204 132 133 156 0 -8 0
204 124 136 153 -8 -8 0
196 116 139 150 0 0 0
196 116 142 147 0 0 0
196 116 145 144 -8 8 0
188 124 148 141 0 -8 0
188 116 151 138 0 -8 0
188 108 154 135 -8 8 0
180 116 157 132 0 0 0
180 116 160 129 -8 8 0
172 124 163 126 0 -8 0
172 116 166 123 0 8 0
172 124 169 120 -8 -8 0
164 116 172 117 0 -8 0
164 108 175 114 0 8 0
164 116 178 111 -8 0 0
156 116 181 108 0 8 0
156 124 184 105 -8 8 0
148 132 187 102 0 -8 0
148 124 190 99 0 0 0
148 124 193 96 -8 0 0
140 124 196 93 0 8 0
140 132 199 90 0 0 0
140 132 202 87 -8 0 0
132 132 205 84 0 0 0
132 132 208 81 -8 8 0
124 140 211 78 0 0 0
124 140 214 75 0 -8 0
124 132 217 72 -8 8 0
116 140 220 69 0 0 0
116 140 223 66 0 8 0
116 148 226 63 -8 -8 0
108 140 229 60 0 -8 0
108 132 232 57 -8 0 0
100 132 235 54 0 -8 0
100 124 238 51 0 -8 0
100 116 241 48 -8 0 0
92 116 244 45 0 8 0
92 124 247 42 0 -8 0
92 116 250 39 -8 -8 0
84 108 253 36 0 -8 0
84 100 256 33 -8 8 0
76 108 259 30 0 0 0
76 108 262 27 0 -8 0
76 100 265 24 -8 8 0
68 108 268 21 0 -8 0
68 100 271 18 0 0 0
68 100 274 15 -8 8 0
60 108 277 12 0 8 0
60 116 280 9 -8 0 0
60 116 283 12 0 0 0
60 116 286 15 0 -8 0
60 108 289 18 0 -8 0
60 100 292 21 0 8 0
60 108 295 24 0 0 0
60 108 298 27 0 -8 0
60 100 301 30 0 -8 0
60 92 304 33 0 8 0
60 100 307 36 0 8 0
60 108 310 39 0 -8 0
60 100 313 42 0 8 0
60 108 316 45 0 8 0
60 116 319 48 0 -8 0
60 108 322 51 0 -8 0
60 100 325 54 0 8 0
60 108 328 57 0 8 0
60 116 331 60 0 -8 0
60 108 334 63 0 0 0
60 108 337 66 0 8 0
60 116 340 69 0 8 0
60 124 343 72 0 -8 0
60 116 346 75 0 -8 0
60 108 349 78 0 8 0
60 116 352 81 0 0 0
60 116 355 84 0 0 0
60 116 358 87 0 0 0
60 116 361 90 0 -8 0
60 108 364 93 0 0 0
60 108 367 96 0 0 0
60 108 370 99 0 0 0
60 108 373 102 0 0 0
60 108 376 105 0 0 0
60 108 379 108 0 -8 0
60 100 382 111 8 8 0
68 108 385 114 0 -8 0
68 100 388 117 0 8 0
68 108 391 120 8 0 0
76 108 394 123 0 8 0
76 116 397 126 0 0 0
76 116 400 129 8 0 0
84 116 403 132 0 -8 0
84 108 406 135 8 0 0
92 108 409 138 0 -8 0
92 100 412 141 0 8 0
92 108 415 144 8 -8 0
100 100 418 147 0 -8 0
100 92 421 150 0 -8 0
100 84 424 153 8 -8 0
108 76 427 156 0 8 0
108 84 430 159 8 -8 0
116 76 433 162 0 0 0
116 76 436 165 0 -8 0
116 68 439 168 8 0 0
124 68 442 171 0 -8 0
124 60 445 174 0 8 0
124 68 448 177 8 0 0
132 68 451 180 0 8 0
132 76 454 183 8 -8 0
140 68 457 186 0 8 0
140 76 460 189 0 0 0
140 76 463 192 8 0 0
148 76 466 195 0 0 0
148 76 469 198 0 0 0
148 76 472 201 8 8 0
156 84 475 204 0 -8 0
156 76 478 207 8 -8 0
164 68 481 210 0 8 0
164 76 484 213 0 -8 0
164 68 487 216 8 8 0
172 76 490 219 0 8 0
172 84 493 222 0 0 0
172 84 496 225 8 8 0
180 92 499 228 0 -8 0
180 84 502 231 8 8 0
188 92 505 234 0 -8 0
188 84 508 237 0 -8 0
188 76 511 240 8 0 0
196 76 514 243 0 0 0
196 76 517 246 0 8 0
196 84 520 249 8 0 0
204 84 523 252 0 -8 0
204 76 526 255 8 -8 0
212 68 529 258 0 -8 0
212 60 532 261 0 -8 0
212 60 535 264 8 8 0
220 68 538 267 0 -8 0
220 60 541 270 0 -8 0
220 60 544 273 8 8 0
228 68 547 276 0 0 0
228 68 550 279 8 8 0
236 76 553 282 0 -8 0
236 68 556 285 0 -8 0
236 60 559 288 8 -8 0
244 60 562 291 0 8 0
244 68 565 294 0 8 0
244 76 568 297 8 8 0
252 84 571 300 0 -8 0
252 76 574 303 8 0 0
260 76 577 306 0 8 0
260 84 580 309 0 0 0
260 84 583 312 8 -8 0
268 76 586 315 0 -8 0
268 68 589 318 0 8 0
268 76 592 321 8 0 0
276 76 595 324 0 8 0
276 84 598 327 8 8 0
284 92 601 330 0 -8 0
284 84 604 333 0 -8 0
284 76 607 336 8 0 0
292 76 610 339 0 0 0
292 76 613 342 0 0 0
292 76 616 345 8 0 0
300 76 619 348 0 0 0
300 76 622 351 8 -8 0
308 68 625 354 0 -8 0
308 60 628 357 0 8 0
308 68 631 360 8 8 0
316 76 634 363 0 8 0
316 84 637 366 0 0 0
316 84 640 369 8 -8 0
324 76 643 372 0 0 0
324 76 646 375 8 8 0
332 84 649 378 0 8 0
332 92 652 381 0 8 0
332 100 655 384 8 8 0
340 108 658 387 0 0 0
340 108 661 390 0 -8 0
340 100 664 393 8 8 0
348 108 667 396 0 -8 0
348 100 670 399 8 8 0
356 108 673 402 0 -8 0
356 100 676 405 0 -8 0
356 92 679 408 8 -8 0
364 84 682 411 0 8 0
364 92 685 414 0 8 0
364 100 688 417 8 -8 0
372 92 691 420 0 8 0
372 100 694 423 8 8 0
380 108 697 426 0 0 0
380 108 700 429 0 8 0
380 116 703 432 8 8 0
388 124 706 435 0 8 0
388 132 709 438 0 -8 0
388 124 712 441 8 8 0
396 132 715 444 0 8 0
396 140 718 447 8 -8 0
404 132 721 450 0 -8 0
404 124 724 453 0 0 0
404 124 727 456 8 0 0
412 124 730 459 0 0 0
412 124 733 462 0 0 0
412 124 736 465 8 0 0
420 124 739 468 0 0 0
420 124 742 471 8 8 0
428 132 745 474 0 -8 0
428 124 748 477 0 8 0
428 132 751 480 8 8 0
436 140 754 483 0 8 0
436 148 757 486 0 8 0
436 156 760 489 8 -8 0
444 148 763 492 0 0 0
444 148 766 495 8 8 0
452 156 769 498 0 -8 0
452 148 772 501 0 -8 0
452 140 775 504 8 -8 0
460 132 778 507 0 -8 0
460 124 781 510 0 0 1
460 124 781 510 0 0 1
460 124 781 510 0 0 1
460 124 781 510 0 0 1
460 124 781 510 0 0 1
