458 168 568 108 0 0 0
458 168 571 111 -8 -8 0
450 160 574 114 -8 0 0
442 160 577 117 -8 0 0
434 160 580 120 -8 -8 0
426 152 583 123 -8 8 0
418 160 586 126 -8 8 0
410 168 589 129 -8 -8 0
402 160 592 132 -8 8 0
394 168 595 135 -8 0 0
386 168 598 138 -8 0 0
378 168 601 141 -8 0 0
370 168 604 144 -8 0 0
362 168 607 147 -8 0 0
354 168 610 150 -8 8 0
346 176 613 153 -8 8 0
338 184 616 156 -8 -8 0
330 176 619 159 -8 0 0
322 176 622 162 -8 0 0
314 176 625 165 -8 8 0
306 184 628 168 -8 0 0
298 184 631 171 -8 -8 0
290 176 634 174 -8 8 0
282 184 637 177 -8 0 0
274 184 640 180 -8 0 0
266 184 643 183 -8 -8 0
258 176 646 186 -8 0 0
250 176 649 189 -8 0 0
242 176 652 192 0 -8 0
242 168 655 195 0 8 0
242 176 658 198 0 -8 0
242 168 661 201 0 -8 0
242 160 664 204 0 0 0
242 160 667 207 0 8 0
242 168 670 210 0 -8 0
242 160 673 213 0 0 0
242 160 676 216 0 0 0
242 160 679 219 0 8 0
242 168 682 222 0 8 0
242 176 685 225 0 8 0
242 184 688 228 0 0 0
242 184 691 231 0 8 0
242 192 694 234 0 0 0
242 192 697 237 0 -8 0
242 184 700 240 0 8 0
242 192 703 243 0 0 0
242 192 706 246 0 -8 0
242 184 709 249 0 8 0
242 192 712 252 0 0 0
242 192 715 255 0 8 0
242 200 718 258 0 -8 0
242 192 721 261 0 8 0
242 200 724 264 0 8 0
242 208 727 267 0 -8 0
242 200 730 270 0 8 0
242 208 733 273 0 0 0
242 208 736 276 0 -8 0
242 200 739 279 0 -8 0
242 192 742 282 0 0 0
242 192 745 285 0 0 0
242 192 748 288 0 -8 0
242 184 751 291 0 -8 0
242 176 754 294 8 -8 0
250 168 757 297 0 8 0
250 176 760 300 0 -8 0
250 168 763 303 8 -8 0
258 160 766 306 0 -8 0
258 152 769 309 8 8 0
266 160 772 312 0 8 0
266 168 775 315 0 8 0
266 176 778 318 8 0 0
274 176 781 321 0 0 1
274 176 781 321 0 0 1
274 176 781 321 0 0 1
274 176 781 321 0 0 1
274 176 781 321 0 0 1
