375 529 319 117 0 0 0
375 529 316 120 -8 8 0
367 537 313 123 -8 8 0
359 540 310 126 -8 -8 0
351 532 307 129 -8 -8 0
343 524 304 132 -8 -8 0
335 516 301 135 -8 8 0
327 524 298 138 -8 0 0
319 524 295 141 -8 8 0
311 532 292 144 -8 8 0
303 540 289 147 -8 0 0
295 540 286 150 -8 -8 0
287 532 283 153 -8 -8 0
279 524 280 156 -8 0 0
271 524 277 159 -8 8 0
263 532 274 162 -8 8 0
255 540 271 165 -8 8 0
247 540 268 168 -8 0 0
239 540 265 171 -8 -8 0
231 532 262 174 -8 0 0
223 532 259 177 0 8 0
223 540 256 180 0 -8 0
223 532 253 183 0 0 0
223 532 250 186 0 8 0
223 540 247 189 0 0 0
223 540 244 192 0 8 0
223 540 241 195 0 8 0
223 540 238 198 0 -8 0
223 532 235 201 0 0 0
223 532 232 204 0 -8 0
223 524 229 207 0 0 0
223 524 226 210 0 0 0
223 524 223 213 0 8 0
223 532 220 216 0 -8 0
223 524 217 219 0 8 0
223 532 214 222 0 8 0
223 540 211 225 0 0 0
223 540 208 228 0 -8 0
223 532 205 231 0 0 0
223 532 202 234 0 0 0
223 532 199 237 0 8 0
223 540 196 240 0 -8 0
223 532 193 243 0 8 0
223 540 190 246 0 0 0
223 540 187 249 0 0 0
223 540 184 252 0 -8 0
223 532 181 255 0 -8 0
223 524 178 258 0 8 0
223 532 175 261 0 8 0
223 540 172 264 0 0 0
223 540 169 267 0 0 0
223 540 166 270 0 0 0
223 540 163 273 0 8 0
223 540 160 276 8 -8 0
231 532 157 279 0 8 0
231 540 154 282 8 8 0
239 540 151 285 0 -8 0
239 532 148 288 0 0 0
239 532 145 291 8 0 0
247 532 142 294 0 -8 0
247 524 139 297 0 0 0
247 524 136 300 8 0 0
255 524 133 303 0 8 0
255 532 130 306 8 8 0
263 540 127 309 0 8 0
263 540 124 312 0 8 0
263 540 121 315 8 -8 0
271 532 118 318 0 0 0
271 532 115 321 0 -8 0
271 524 112 324 8 0 0
279 524 109 327 0 0 0
279 524 106 330 8 -8 0
287 516 103 333 0 0 0
287 516 100 336 0 8 0
287 524 97 339 8 0 0
295 524 94 342 0 -8 0
295 516 91 345 0 8 0
295 524 88 348 8 -8 0
303 516 85 351 0 0 0
303 516 82 354 8 8 0
311 524 79 357 0 8 0
311 532 76 360 0 8 0
311 540 73 363 8 8 0
319 540 70 366 0 8 0
319 540 67 369 0 8 0
319 540 64 372 8 0 0
327 540 61 375 0 -8 0
327 532 58 378 8 0 0
335 532 55 381 0 -8 0
335 524 52 384 0 -8 0
335 516 49 387 8 0 0
343 516 46 390 0 8 0
343 524 43 393 0 0 0
343 524 40 396 8 0 0
351 524 37 399 0 -8 0
351 516 34 402 8 -8 0
359 508 31 405 0 -8 0
359 500 28 408 0 -8 0
359 492 25 411 8 -8 0
367 484 22 414 0 0 0
367 484 19 417 0 -8 0
367 476 22 420 8 8 0
375 484 25 423 0 -8 0
375 476 28 426 8 -8 0
383 468 31 429 0 8 0
383 476 34 432 0 0 0
383 476 37 435 8 -8 0
391 468 40 438 0 8 0
391 476 43 441 0 -8 0
391 468 46 444 8 8 0
399 476 49 447 0 0 0
399 476 52 450 8 8 0
407 484 55 453 0 -8 0
407 476 58 456 0 -8 0
407 468 61 459 8 8 0
415 476 64 462 0 -8 0
415 468 67 465 0 8 0
415 476 70 468 8 -8 0
423 468 73 471 0 -8 0
423 460 76 474 8 8 0
431 468 79 477 0 -8 0
431 460 82 480 0 -8 0
431 452 85 483 8 0 0
439 452 88 486 0 0 0
439 452 91 489 0 -8 0
439 444 94 492 8 8 0
447 452 97 495 0 8 0
447 460 100 498 8 0 0
455 460 103 501 0 8 0
455 468 106 504 0 -8 0
455 460 109 507 8 0 0
463 460 112 510 0 0 0
463 460 115 513 0 0 0
463 460 118 516 8 0 0
471 460 121 519 0 0 0
471 460 124 522 8 8 0
479 468 127 525 0 8 0
479 476 130 528 0 -8 0
479 468 133 531 8 0 0
487 468 136 534 0 -8 0
487 460 139 537 0 -8 0
487 452 142 540 8 8 0
495 460 145 543 0 8 0
495 468 148 546 8 -8 0
503 460 151 549 0 -8 0
503 452 154 552 0 -8 0
503 444 157 555 8 -8 0
511 436 160 558 0 8 0
511 444 163 561 0 0 0
511 444 166 564 8 -8 0
519 436 169 567 0 0 0
519 436 172 570 8 8 0
527 444 175 573 0 8 0
527 452 178 576 0 -8 0
527 444 181 579 8 -8 0
535 436 184 582 0 0 0
535 436 187 585 0 -8 0
535 428 190 588 8 0 0
540 428 193 591 8 0 0
540 428 196 588 0 0 0
540 428 199 585 0 -8 0
540 420 202 582 0 8 0
540 428 205 579 0 -8 0
540 420 208 576 0 8 0
540 428 211 573 0 -8 0
540 420 214 570 0 0 0
540 420 217 567 0 -8 0
540 412 220 564 0 8 0
540 420 223 561 0 8 0
540 428 226 558 0 0 0
540 428 229 555 0 -8 0
540 420 232 552 0 -8 0
540 412 235 549 0 8 0
540 420 238 546 0 8 0
540 428 241 543 0 0 0
540 428 244 540 0 8 0
540 436 247 537 0 -8 0
540 428 250 534 0 8 0
540 436 253 531 0 8 0
540 444 256 528 0 0 0
540 444 259 525 0 0 0
540 444 262 522 0 -8 0
540 436 265 519 0 -8 0
540 428 268 516 0 -8 0
540 420 271 513 0 0 0
540 420 274 510 0 -8 0
540 412 277 507 0 0 0
540 412 280 504 0 0 0
540 412 283 501 0 -8 0
540 404 286 498 0 0 0
540 404 289 495 0 0 0
540 404 292 492 0 0 0
540 404 295 489 -8 0 0
532 404 298 486 0 -8 0
532 396 301 483 0 0 0
532 396 304 480 -8 -8 0
524 388 307 477 0 -8 0
524 380 310 474 0 0 0
524 380 313 471 -8 0 0
516 380 316 468 0 0 0
516 380 319 465 -8 0 0
508 380 322 462 0 -8 0
508 372 325 459 0 -8 0
508 364 328 456 -8 -8 0
500 356 331 453 0 0 0
500 356 334 450 0 8 0
500 364 337 447 -8 8 0
492 372 340 444 0 0 0
492 372 343 441 -8 8 0
484 380 346 438 0 0 0
484 380 349 435 0 0 0
484 380 352 432 -8 8 0
476 388 355 429 0 -8 0
476 380 358 426 0 -8 0
476 372 361 423 -8 -8 0
468 364 364 420 0 -8 0
468 356 367 417 -8 -8 0
460 348 370 414 0 -8 0
460 340 373 411 0 8 0
460 348 376 408 -8 -8 0
452 340 379 405 0 0 0
452 340 382 402 0 8 0
452 348 385 399 -8 0 0
444 348 388 396 0 -8 0
444 340 391 393 -8 0 0
436 340 394 390 0 -8 0
436 332 397 387 0 0 0
436 332 400 384 -8 8 0
428 340 403 381 0 0 0
428 340 406 378 0 8 0
428 348 409 375 -8 0 0
420 348 412 372 0 -8 0
420 340 415 369 -8 -8 0
412 332 418 366 0 8 0
412 340 421 363 0 8 0
412 348 424 360 -8 0 0
404 348 427 357 0 0 0
404 348 430 354 0 0 0
404 348 433 351 -8 0 0
396 348 436 348 0 8 0
396 356 439 345 -8 8 0
388 364 442 342 0 8 0
388 372 445 339 0 0 0
388 372 448 336 -8 8 0
380 380 451 333 0 0 0
380 380 454 330 0 8 0
380 388 457 327 -8 -8 0
372 380 460 324 0 -8 0
372 372 463 321 -8 0 0
364 372 466 318 0 0 0
364 372 469 315 0 0 0
364 372 472 312 -8 8 0
356 380 475 309 0 -8 0
356 372 478 306 0 -8 0
356 364 481 303 -8 -8 0
348 356 484 300 0 -8 0
348 348 487 297 -8 -8 0
340 340 490 294 0 0 0
340 340 493 291 0 -8 0
340 332 496 288 -8 8 0
332 340 499 285 0 8 0
332 348 502 282 0 8 0
332 356 505 279 -8 8 0
324 364 508 276 0 -8 0
324 356 511 273 -8 -8 0
316 348 514 270 0 -8 0
316 340 517 267 0 -8 0
316 332 520 264 -8 -8 0
308 324 523 261 0 0 0
308 324 526 258 0 0 0
308 324 529 255 -8 8 0
300 332 532 252 0 -8 0
300 324 535 249 -8 0 0
292 324 538 246 0 8 0
292 332 541 243 0 8 0
292 340 544 240 -8 8 0
284 348 547 237 0 0 0
284 348 550 234 0 0 0
284 348 553 231 -8 8 0
276 356 556 228 0 8 0
276 364 559 225 -8 0 0
268 364 562 222 0 8 0
268 372 565 219 0 -8 0
268 364 568 216 -8 8 0
260 372 571 213 0 -8 0
260 364 574 210 0 8 0
260 372 577 207 -8 0 0
252 372 580 204 0 8 0
252 380 583 201 -8 0 0
244 380 586 198 0 -8 0
244 372 589 195 0 8 0
244 380 592 192 -8 0 0
236 380 595 189 0 0 0
236 380 598 186 0 0 0
236 380 601 183 -8 0 0
228 380 604 180 0 0 0
228 380 607 177 -8 -8 0
220 372 610 174 0 8 0
220 380 613 171 0 8 0
220 388 616 168 -8 -8 0
212 380 619 165 0 8 0
212 388 622 162 0 8 0
212 396 625 159 -8 -8 0
204 388 628 156 0 -8 0
204 380 631 153 -8 -8 0
196 372 634 150 0 8 0
196 380 637 147 0 -8 0
196 372 640 144 -8 0 0
188 372 643 141 0 8 0
188 380 646 138 0 8 0
188 388 649 135 -8 8 0
180 396 652 132 0 -8 0
180 388 655 129 -8 -8 0
172 380 658 126 0 8 0
172 388 661 123 0 0 0
172 388 664 120 -8 -8 0
164 380 667 117 0 -8 0
164 372 670 114 0 0 0
164 372 673 111 -8 -8 0
156 364 676 108 0 0 0
156 364 679 105 -8 0 0
148 364 682 102 0 0 0
148 364 685 99 0 0 0
148 364 688 96 -8 0 0
140 364 691 93 0 8 0
140 372 694 90 0 -8 0
140 364 697 87 -8 -8 0
132 356 700 84 0 0 0
132 356 703 81 -8 -8 0
124 348 706 78 0 0 0
124 348 709 75 0 -8 0
124 340 712 72 -8 8 0
116 348 715 69 0 0 0
116 348 718 66 0 0 0
116 348 721 63 -8 -8 0
108 340 724 60 0 0 0
108 340 727 57 -8 -8 0
100 332 730 54 0 8 0
100 340 733 51 0 0 0
100 340 736 48 -8 8 0
92 348 739 45 0 8 0
92 356 742 42 0 -8 0
92 348 745 39 -8 8 0
84 356 748 36 0 8 0
84 364 751 33 -8 -8 0
76 356 754 30 0 8 0
76 364 757 27 0 8 0
76 372 760 24 -8 8 0
68 380 763 21 0 -8 0
68 372 766 18 0 -8 0
68 364 769 15 -8 0 0
60 364 772 12 0 -8 0
60 356 775 9 -8 0 0
60 356 778 12 0 0 0
60 356 781 15 0 0 1
60 356 781 15 0 0 1
60 356 781 15 0 0 1
60 356 781 15 0 0 1
60 356 781 15 0 0 1
