214 213 112 165 0 0 0
214 213 109 162 -8 0 0
206 213 106 159 0 0 0
206 213 103 156 0 0 0
206 213 100 153 -8 -8 0
198 205 97 150 0 0 0
198 205 94 147 -8 0 0
190 205 91 144 0 8 0
190 213 88 141 0 8 0
190 221 85 138 -8 0 0
182 221 82 135 0 -8 0
182 213 79 132 0 -8 0
182 205 76 129 -8 0 0
174 205 73 126 0 8 0
174 213 70 123 -8 0 0
166 213 67 120 0 -8 0
166 205 64 117 0 0 0
166 205 61 114 -8 0 0
158 205 58 111 0 8 0
158 213 55 108 0 -8 0
158 205 52 105 -8 -8 0
150 197 49 102 0 8 0
150 205 46 99 -8 8 0
142 213 43 96 0 0 0
142 213 40 93 0 0 0
142 213 37 90 -8 0 0
134 213 34 87 0 8 0
134 221 31 84 0 -8 0
134 213 28 81 -8 -8 0
126 205 25 78 0 -8 0
126 197 22 75 -8 0 0
118 197 19 72 0 8 0
118 205 22 69 0 8 0
118 213 25 66 -8 8 0
110 221 28 63 0 0 0
110 221 31 60 0 0 0
110 221 34 57 -8 8 0
102 229 37 54 0 8 0
102 237 40 51 -8 8 0
94 245 43 48 0 8 0
94 253 46 45 0 8 0
94 261 49 42 -8 -8 0
86 253 52 39 0 -8 0
86 245 55 36 0 8 0
86 253 58 33 -8 0 0
78 253 61 30 0 0 0
78 253 64 27 -8 8 0
70 261 67 24 0 8 0
70 269 70 21 0 0 0
70 269 73 18 -8 -8 0
62 261 76 15 0 -8 0
62 253 79 12 0 0 0
62 253 82 9 -8 0 0
60 253 85 12 0 -8 0
60 245 88 15 0 0 0
60 245 91 18 0 0 0
60 245 94 21 0 0 0
60 245 97 24 0 -8 0
60 237 100 27 0 0 0
60 237 103 30 0 -8 0
60 229 106 33 0 -8 0
60 221 109 36 0 -8 0
60 213 112 39 0 0 0
60 213 115 42 0 0 0
60 213 118 45 0 8 0
60 221 121 48 0 8 0
60 229 124 51 0 0 0
60 229 127 54 0 0 0
60 229 130 57 0 -8 0
60 221 133 60 0 8 0
60 229 136 63 0 -8 0
60 221 139 66 0 0 0
60 221 142 69 0 -8 0
60 213 145 72 0 -8 0
60 205 148 75 0 -8 0
60 197 151 78 0 0 0
60 197 154 81 0 0 0
60 197 157 84 0 8 0
60 205 160 87 0 -8 0
60 197 163 90 0 0 0
60 197 166 93 0 8 0
60 205 169 96 0 8 0
60 213 172 99 0 0 0
60 213 175 102 0 0 0
60 213 178 105 0 0 0
60 213 181 108 0 8 0
60 221 184 111 8 -8 0
68 213 187 114 0 0 0
68 213 190 117 0 -8 0
68 205 193 120 8 8 0
76 213 196 123 0 8 0
76 221 199 126 0 8 0
76 229 202 129 8 0 0
84 229 205 132 0 0 0
84 229 208 135 8 0 0
92 229 211 138 0 0 0
92 229 214 141 0 0 0
92 229 217 144 8 8 0
100 237 220 147 0 0 0
100 237 223 150 0 -8 0
100 229 226 153 8 -8 0
108 221 229 156 0 0 0
108 221 232 159 8 -8 0
116 213 235 162 0 -8 0
116 205 238 165 0 8 0
116 213 241 168 8 0 0
124 213 244 171 0 -8 0
124 205 247 174 0 0 0
124 205 250 177 8 -8 0
132 197 253 180 0 8 0
132 205 256 183 8 0 0
140 205 259 186 0 0 0
140 205 262 189 0 8 0
140 213 265 192 8 0 0
148 213 268 195 0 -8 0
148 205 271 198 0 8 0
148 213 274 201 8 0 0
156 213 277 204 0 -8 0
156 205 280 207 8 0 0
164 205 283 210 0 0 0
164 205 286 213 0 8 0
164 213 289 216 8 0 0
172 213 292 219 0 0 0
172 213 295 222 0 -8 0
172 205 298 225 8 0 0
180 205 301 228 0 -8 0
180 197 304 231 8 0 0
188 197 307 234 0 -8 0
188 189 310 237 0 -8 0
188 181 313 240 8 0 0
196 181 316 243 0 0 0
196 181 319 246 0 -8 0
196 173 322 249 8 -8 0
204 165 325 252 0 -8 0
204 157 328 255 8 -8 0
212 149 331 258 0 -8 0
212 141 334 261 0 8 0
212 149 337 264 8 8 0
220 157 340 267 0 0 0
220 157 343 270 0 -8 0
220 149 346 273 8 8 0
228 157 349 276 0 8 0
228 165 352 279 8 -8 0
236 157 355 282 0 8 0
236 165 358 285 0 -8 0
236 157 361 288 8 -8 0
244 149 364 291 0 -8 0
244 141 367 294 0 8 0
244 149 370 297 8 -8 0
252 141 373 300 0 0 0
252 141 376 303 8 0 0
260 141 379 306 0 0 0
260 141 382 309 0 -8 0
260 133 385 312 8 8 0
268 141 388 315 0 -8 0
268 133 391 318 0 0 0
268 133 394 321 8 -8 0
276 125 397 324 0 8 0
276 133 400 327 8 8 0
284 141 403 330 0 -8 0
284 133 406 333 0 0 0
284 133 409 336 8 8 0
292 141 412 339 0 -8 0
292 133 415 342 0 0 0
292 133 418 345 8 0 0
300 133 421 348 0 -8 0
300 125 424 351 8 0 0
308 125 427 354 0 8 0
308 133 430 357 0 0 0
308 133 433 360 8 8 0
316 141 436 363 0 8 0
316 149 439 366 0 8 0
316 157 442 369 8 0 0
324 157 445 372 0 8 0
324 165 448 375 8 8 0
332 173 451 378 0 0 0
332 173 454 381 0 0 0
332 173 457 384 8 -8 0
340 165 460 387 0 8 0
340 173 463 390 0 8 0
340 181 466 393 8 0 0
348 181 469 396 0 8 0
348 189 472 399 8 0 0
356 189 475 402 0 0 0
356 189 478 405 0 0 0
356 189 481 408 8 -8 0
364 181 484 411 0 -8 0
364 173 487 414 0 0 0
364 173 490 417 8 -8 0
372 165 493 420 0 0 0
372 165 496 423 8 8 0
380 173 499 426 0 8 0
380 181 502 429 0 0 0
380 181 505 432 8 -8 0
388 173 508 435 0 8 0
388 181 511 438 0 8 0
388 189 514 441 8 8 0
396 197 517 444 0 8 0
396 205 520 447 8 0 0
404 205 523 450 0 8 0
404 213 526 453 0 0 0
404 213 529 456 8 8 0
412 221 532 459 0 -8 0
412 213 535 462 0 0 0
412 213 538 465 8 8 0
420 221 541 468 0 -8 0
420 213 544 471 8 -8 0
428 205 547 474 0 -8 0
428 197 550 477 0 -8 0
428 189 553 480 8 8 0
436 197 556 483 0 8 0
436 205 559 486 0 8 0
436 213 562 489 8 0 0
444 213 565 492 0 -8 0
444 205 568 495 8 -8 0
452 197 571 498 0 0 0
452 197 574 501 0 -8 0
452 189 577 504 8 8 0
460 197 580 507 0 -8 0
460 189 583 510 0 8 0
460 197 586 513 8 8 0
468 205 589 516 0 8 0
468 213 592 519 8 8 0
476 221 595 522 0 8 0
476 229 598 525 0 8 0
476 237 601 528 8 0 0
484 237 604 531 0 8 0
484 245 607 534 0 -8 0
484 237 610 537 8 -8 0
492 229 613 540 0 -8 0
492 221 616 543 8 0 0
500 221 619 546 0 0 0
500 221 622 549 0 8 0
500 229 625 552 8 8 0
508 237 628 555 0 -8 0
508 229 631 558 0 0 0
508 229 634 561 8 8 0
516 237 637 564 0 -8 0
516 229 640 567 8 -8 0
524 221 643 570 0 0 0
524 221 646 573 0 -8 0
524 213 649 576 8 -8 0
532 205 652 579 0 0 0
532 205 655 582 0 8 0
532 213 658 585 8 -8 0
540 205 661 588 0 8 0
540 213 664 591 8 -8 0
540 205 667 588 0 -8 0
540 197 670 585 0 8 0
540 205 673 582 0 -8 0
540 197 676 579 0 -8 0
540 189 679 576 0 -8 0
540 181 682 573 0 -8 0
540 173 685 570 0 8 0
540 181 688 567 0 8 0
540 189 691 564 0 0 0
540 189 694 561 0 8 0
540 197 697 558 0 0 0
540 197 700 555 0 0 0
540 197 703 552 0 0 0
540 197 706 549 0 -8 0
540 189 709 546 0 0 0
540 189 712 543 0 8 0
540 197 715 540 0 -8 0
540 189 718 537 0 -8 0
540 181 721 534 0 0 0
540 181 724 531 0 -8 0
540 173 727 528 0 8 0
540 181 730 525 0 -8 0
540 173 733 522 0 0 0
540 173 736 519 0 8 0
540 181 739 516 0 -8 0
540 173 742 513 0 -8 0
540 165 745 510 0 -8 0
540 157 748 507 0 8 0
540 165 751 504 0 -8 0
540 157 754 501 0 0 0
540 157 757 498 0 8 0
540 165 760 495 0 0 0
540 165 763 492 0 0 0
540 165 766 489 -8 8 0
532 173 769 486 0 0 0
532 173 772 483 0 0 0
532 173 775 480 -8 0 0
524 173 778 477 0 -8 0
524 165 781 474 0 0 1
524 165 781 474 0 0 1
524 165 781 474 0 0 1
524 165 781 474 0 0 1
524 165 781 474 0 0 1
