248 430 559 360 0 0 0
248 430 556 357 8 0 0
256 430 553 354 8 0 0
264 430 550 351 8 0 0
272 430 547 348 8 -8 0
280 422 544 345 8 -8 0
288 414 541 342 8 8 0
296 422 538 339 0 0 0
296 422 535 336 0 -8 0
296 414 532 333 0 0 0
296 414 529 330 0 8 0
296 422 526 327 0 0 0
296 422 523 324 0 -8 0
296 414 520 321 0 -8 0
296 406 517 318 0 0 0
296 406 514 315 0 -8 0
296 398 511 312 0 0 0
296 398 508 309 0 -8 0
296 390 505 306 0 0 0
296 390 502 303 0 8 0
296 398 499 300 0 -8 0
296 390 496 297 0 -8 0
296 382 493 294 0 0 0
296 382 490 291 0 -8 0
296 374 487 288 0 8 0
296 382 484 285 0 0 0
296 382 481 282 0 -8 0
296 374 478 279 0 0 0
296 374 475 276 0 0 0
296 374 472 273 0 8 0
296 382 469 270 0 8 0
296 390 466 267 0 -8 0
296 382 463 264 0 8 0
296 390 460 261 0 8 0
296 398 457 258 0 8 0
296 406 454 255 0 8 0
296 414 451 252 0 0 0
296 414 448 249 0 8 0
296 422 445 246 0 -8 0
296 414 442 243 -8 0 0
288 414 439 240 0 8 0
288 422 436 237 -8 -8 0
280 414 433 234 0 -8 0
280 406 430 231 0 8 0
280 414 427 228 -8 -8 0
272 406 424 225 0 -8 0
272 398 421 222 0 8 0
272 406 418 219 -8 8 0
264 414 415 216 0 0 0
264 414 412 213 -8 8 0
256 422 409 210 0 -8 0
256 414 406 207 0 0 0
256 414 403 204 -8 0 0
248 414 400 201 0 0 0
248 414 397 198 0 -8 0
248 406 394 195 -8 -8 0
240 398 391 192 0 0 0
240 398 388 189 -8 0 0
232 398 385 186 0 -8 0
232 390 382 183 0 8 0
232 398 379 180 -8 8 0
224 406 376 177 0 -8 0
224 398 373 174 0 0 0
224 398 370 171 -8 0 0
216 398 367 168 0 -8 0
216 390 364 165 -8 -8 0
208 382 361 162 0 -8 0
208 374 358 159 0 -8 0
208 366 355 156 -8 8 0
200 374 352 153 0 8 0
200 382 349 150 0 -8 0
200 374 346 147 -8 -8 0
192 366 343 144 0 8 0
192 374 340 141 -8 -8 0
184 366 337 138 0 0 0
184 366 334 135 0 8 0
184 374 331 132 -8 0 0
176 374 328 129 0 0 0
176 374 325 126 0 0 0
176 374 322 123 -8 8 0
168 382 319 120 0 8 0
168 390 316 117 -8 0 0
160 390 313 114 0 0 0
160 390 310 111 0 -8 0
160 382 307 108 -8 0 0
152 382 304 105 0 8 0
152 390 301 102 0 -8 0
152 382 298 99 -8 8 0
144 390 295 96 0 8 0
144 398 292 93 -8 8 0
136 406 289 90 0 0 0
136 406 286 87 0 -8 0
136 398 283 84 -8 0 0
128 398 280 81 0 8 0
128 406 277 78 0 0 0
128 406 274 75 -8 -8 0
120 398 271 72 0 8 0
120 406 268 69 -8 8 0
112 414 265 66 0 8 0
112 422 262 63 0 0 0
112 422 259 60 -8 8 0
104 430 256 57 0 8 0
104 438 253 54 0 0 0
104 438 250 51 -8 8 0
96 446 247 48 0 8 0
96 454 244 45 -8 -8 0
88 446 241 42 0 -8 0
88 438 238 39 0 0 0
88 438 235 36 -8 -8 0
80 430 232 33 0 0 0
80 430 229 30 0 -8 0
80 422 226 27 -8 0 0
72 422 223 24 0 0 0
72 422 220 21 -8 -8 0
64 414 217 18 0 8 0
64 422 214 15 0 8 0
64 430 211 12 -8 -8 0
60 422 208 9 -8 -8 0
60 414 205 12 0 0 0
60 414 202 15 0 -8 0
60 406 199 18 0 0 0
60 406 196 21 0 0 0
60 406 193 24 0 0 0
60 406 190 27 0 8 0
60 414 187 30 0 -8 0
60 406 184 33 0 -8 0
60 398 181 36 0 0 0
60 398 178 39 0 0 0
60 398 175 42 0 8 0
60 406 172 45 0 0 0
60 406 169 48 0 -8 0
60 398 166 51 0 -8 0
60 390 163 54 0 -8 0
60 382 160 57 0 -8 0
60 374 157 60 0 8 0
60 382 154 63 0 8 0
60 390 151 66 0 -8 0
60 382 148 69 0 0 0
60 382 145 72 0 8 0
60 390 142 75 0 8 0
60 398 139 78 0 8 0
60 406 136 81 0 0 0
60 406 133 84 0 8 0
60 414 130 87 0 0 0
60 414 127 90 0 0 0
60 414 124 93 0 -8 0
60 406 121 96 0 -8 0
60 398 118 99 0 -8 0
60 390 115 102 0 0 0
60 390 112 105 0 8 0
60 398 109 108 0 -8 0
60 390 106 111 8 8 0
68 398 103 114 0 0 0
68 398 100 117 0 -8 0
68 390 97 120 8 0 0
76 390 94 123 0 0 0
76 390 91 126 0 -8 0
76 382 88 129 8 0 0
84 382 85 132 0 0 0
84 382 82 135 8 -8 0
92 374 79 138 0 8 0
92 382 76 141 0 -8 0
92 374 73 144 8 -8 0
100 366 70 147 0 -8 0
100 358 67 150 0 -8 0
100 350 64 153 8 8 0
108 358 61 156 0 0 0
108 358 58 159 8 -8 0
116 350 55 162 0 -8 0
116 342 52 165 0 8 0
116 350 49 168 8 0 0
124 350 46 171 0 8 0
124 358 43 174 0 -8 0
124 350 40 177 8 0 0
132 350 37 180 0 0 0
132 350 34 183 8 8 0
140 358 31 186 0 0 0
140 358 28 189 0 -8 0
140 350 25 192 8 -8 0
148 342 22 195 0 -8 0
148 334 19 198 0 -8 0
148 326 22 201 8 -8 0
156 318 25 204 0 8 0
156 326 28 207 8 -8 0
164 318 31 210 0 0 0
164 318 34 213 0 0 0
164 318 37 216 8 -8 0
172 310 40 219 0 -8 0
172 302 43 222 0 -8 0
172 294 46 225 8 -8 0
180 286 49 228 0 8 0
180 294 52 231 8 0 0
188 294 55 234 0 -8 0
188 286 58 237 0 0 0
188 286 61 240 8 -8 0
196 278 64 243 0 0 0
196 278 67 246 0 -8 0
196 270 70 249 8 0 0
204 270 73 252 0 0 0
204 270 76 255 8 8 0
212 278 79 258 0 -8 0
212 270 82 261 0 0 0
212 270 85 264 8 0 0
220 270 88 267 0 0 0
220 270 91 270 0 8 0
220 278 94 273 8 8 0
228 286 97 276 0 8 0
228 294 100 279 8 -8 0
236 286 103 282 0 0 0
236 286 106 285 0 -8 0
236 278 109 288 8 0 0
244 278 112 291 0 8 0
244 286 115 294 0 0 0
244 286 118 297 8 -8 0
252 278 121 300 0 8 0
252 286 124 303 8 -8 0
260 278 127 306 0 8 0
260 286 130 309 0 8 0
260 294 133 312 8 8 0
268 302 136 315 0 8 0
268 310 139 318 0 8 0
268 318 142 321 8 8 0
276 326 145 324 0 8 0
276 334 148 327 8 -8 0
284 326 151 330 0 0 0
284 326 154 333 0 -8 0
284 318 157 336 8 8 0
292 326 160 339 0 -8 0
292 318 163 342 0 0 0
292 318 166 345 8 8 0
300 326 169 348 0 -8 0
300 318 172 351 8 0 0
308 318 175 354 0 8 0
308 326 178 357 0 -8 0
308 318 181 360 8 0 0
316 318 184 363 0 0 0
316 318 187 366 0 -8 0
316 310 190 369 8 8 0
324 318 193 372 0 8 0
324 326 196 375 8 8 0
332 334 199 378 0 8 0
332 342 202 381 0 -8 0
332 334 205 384 8 0 0
340 334 208 387 0 0 0
340 334 211 390 0 0 0
340 334 214 393 8 8 0
348 342 217 396 0 0 0
348 342 220 399 8 -8 0
356 334 223 402 0 -8 0
356 326 226 405 0 0 0
356 326 229 408 8 8 0
364 334 232 411 0 0 0
364 334 235 414 0 -8 0
364 326 238 417 8 -8 0
372 318 241 420 0 0 0
372 318 244 423 8 -8 0
380 310 247 426 0 8 0
380 318 250 429 0 -8 0
380 310 253 432 8 0 0
388 310 256 435 0 -8 0
388 302 259 438 0 0 0
388 302 262 441 8 8 0
396 310 265 444 0 8 0
396 318 268 447 8 8 0
404 326 271 450 0 8 0
404 334 274 453 0 -8 0
404 326 277 456 8 0 0
412 326 280 459 0 8 0
412 334 283 462 0 -8 0
412 326 286 465 8 8 0
420 334 289 468 0 -8 0
420 326 292 471 8 -8 0
428 318 295 474 0 0 0
428 318 298 477 0 8 0
428 326 301 480 8 -8 0
436 318 304 483 0 -8 0
436 310 307 486 0 0 0
436 310 310 489 8 0 0
444 310 313 492 0 0 0
444 310 316 495 8 0 0
452 310 319 498 0 -8 0
452 302 322 501 0 0 0
452 302 325 504 8 8 0
460 310 328 507 0 -8 0
460 302 331 510 0 -8 0
460 294 334 513 8 0 0
468 294 337 516 0 -8 0
468 286 340 519 8 -8 0
476 278 343 522 0 -8 0
476 270 346 525 0 -8 0
476 262 349 528 8 8 0
484 270 352 531 0 0 0
484 270 355 534 0 -8 0
484 262 358 537 8 0 0
492 262 361 540 0 0 0
492 262 364 543 8 8 0
500 270 367 546 0 0 0
500 270 370 549 0 0 0
500 270 373 552 8 -8 0
508 262 376 555 0 -8 0
508 254 379 558 0 0 0
508 254 382 561 8 8 0
516 262 385 564 0 -8 0
516 254 388 567 8 0 0
524 254 391 570 0 8 0
524 262 394 573 0 8 0
524 270 397 576 8 8 0
532 278 400 579 0 -8 0
532 270 403 582 0 0 0
532 270 406 585 8 8 0
540 278 409 588 0 0 0
540 278 412 591 8 0 0
540 278 415 588 0 0 0
540 278 418 585 0 8 0
540 286 421 582 0 8 0
540 294 424 579 0 0 0
540 294 427 576 0 -8 0
540 286 430 573 0 0 0
540 286 433 570 0 -8 0
540 278 436 567 0 8 0
540 286 439 564 0 0 0
540 286 442 561 0 8 0
540 294 445 558 0 0 0
540 294 448 555 0 8 0
540 302 451 552 0 8 0
540 310 454 549 0 8 0
540 318 457 546 0 0 0
540 318 460 543 0 -8 0
540 310 463 540 0 -8 0
540 302 466 537 0 -8 0
540 294 469 534 0 0 0
540 294 472 531 0 0 0
540 294 475 528 0 8 0
540 302 478 525 0 -8 0
540 294 481 522 0 0 0
540 294 484 519 0 -8 0
540 286 487 516 0 0 0
540 286 490 513 0 -8 0
540 278 493 510 0 -8 0
540 270 496 507 0 8 0
540 278 499 504 0 8 0
540 286 502 501 0 -8 0
540 278 505 498 0 -8 0
540 270 508 495 0 8 0
540 278 511 492 0 0 0
540 278 514 489 -8 0 0
532 278 517 486 0 8 0
532 286 520 483 0 8 0
532 294 523 480 -8 -8 0
524 286 526 477 0 8 0
524 294 529 474 0 0 0
524 294 532 471 -8 0 0
516 294 535 468 0 8 0
516 302 538 465 -8 -8 0
508 294 541 462 0 8 0
508 302 544 459 0 0 0
508 302 547 456 -8 -8 0
500 294 550 453 0 0 0
500 294 553 450 0 0 0
500 294 556 447 -8 0 0
492 294 559 444 0 0 0
492 294 562 441 -8 8 0
484 302 565 438 0 -8 0
484 294 568 435 0 -8 0
484 286 571 432 -8 0 0
476 286 574 429 0 8 0
476 294 577 426 0 -8 0
476 286 580 423 -8 8 0
468 294 583 420 0 -8 0
468 286 586 417 -8 8 0
460 294 589 414 0 0 0
460 294 592 411 0 0 0
460 294 595 408 -8 0 0
452 294 598 405 0 8 0
452 302 601 402 0 8 0
452 310 604 399 -8 8 0
444 318 607 396 0 8 0
444 326 610 393 -8 -8 0
436 318 613 390 0 -8 0
436 310 616 387 0 -8 0
436 302 619 384 -8 -8 0
428 294 622 381 0 -8 0
428 286 625 378 0 8 0
428 294 628 375 -8 8 0
420 302 631 372 0 -8 0
420 294 634 369 -8 0 0
412 294 637 366 0 8 0
412 302 640 363 0 -8 0
412 294 643 360 -8 -8 0
404 286 646 357 0 8 0
404 294 649 354 0 8 0
404 302 652 351 -8 8 0
396 310 655 348 0 8 0
396 318 658 345 -8 0 0
388 318 661 342 0 8 0
388 326 664 339 0 0 0
388 326 667 336 -8 8 0
380 334 670 333 0 0 0
380 334 673 330 0 8 0
380 342 676 327 -8 -8 0
372 334 679 324 0 0 0
372 334 682 321 -8 0 0
364 334 685 318 0 0 0
364 334 688 315 0 -8 0
364 326 691 312 -8 -8 0
356 318 694 309 0 -8 0
356 310 697 306 0 0 0
356 310 700 303 -8 0 0
348 310 703 300 0 -8 0
348 302 706 297 -8 8 0
340 310 709 294 0 8 0
340 318 712 291 0 0 0
340 318 715 288 -8 0 0
332 318 718 285 0 0 0
332 318 721 282 0 0 0
332 318 724 279 -8 8 0
324 326 727 276 0 -8 0
324 318 730 273 -8 -8 0
316 310 733 270 0 8 0
316 318 736 267 0 0 0
316 318 739 264 -8 8 0
308 326 742 261 0 0 0
308 326 745 258 0 8 0
308 334 748 255 -8 8 0
300 342 751 252 0 -8 0
300 334 754 249 -8 0 0
292 334 757 246 0 -8 0
292 326 760 243 0 0 0
292 326 763 240 -8 -8 0
284 318 766 237 0 -8 0
284 310 769 234 0 0 0
284 310 772 231 -8 -8 0
276 302 775 228 0 -8 0
276 294 778 225 -8 -8 0
268 286 781 222 0 0 1
268 286 781 222 0 0 1
268 286 781 222 0 0 1
268 286 781 222 0 0 1
268 286 781 222 0 0 1
