123 145 253 447 0 0 0
123 145 250 450 8 -8 0
131 137 247 453 8 -8 0
139 129 244 456 8 0 0
147 129 241 459 8 0 0
155 129 238 462 8 -8 0
163 121 235 465 8 0 0
171 121 232 468 8 -8 0
179 113 229 471 8 8 0
187 121 226 474 8 0 0
195 121 223 477 8 8 0
203 129 220 480 8 8 0
211 137 217 483 8 8 0
219 145 214 486 8 0 0
227 145 211 489 8 8 0
235 153 208 492 8 0 0
243 153 205 495 8 0 0
251 153 202 498 8 0 0
259 153 199 501 8 -8 0
267 145 196 504 8 8 0
275 153 193 507 8 -8 0
283 145 190 510 8 0 0
291 145 187 513 8 -8 0
299 137 184 516 8 -8 0
307 129 181 519 8 8 0
315 137 178 522 8 0 0
323 137 175 525 8 0 0
331 137 172 528 8 0 0
339 137 169 531 8 -8 0
347 129 166 534 8 -8 0
355 121 163 537 8 8 0
363 129 160 540 8 -8 0
371 121 157 543 8 -8 0
379 113 154 546 8 0 0
387 113 151 549 8 8 0
395 121 148 552 8 8 0
403 129 145 555 8 8 0
411 137 142 558 8 8 0
419 145 139 561 8 8 0
427 153 136 564 8 -8 0
435 145 133 567 8 8 0
443 153 130 570 8 8 0
451 161 127 573 8 8 0
459 169 124 576 8 -8 0
467 161 121 579 8 0 0
475 161 118 582 8 8 0
483 169 115 585 8 8 0
491 177 112 588 8 0 0
499 177 109 591 8 0 0
507 177 106 588 8 0 0
515 177 103 585 8 8 0
523 185 100 582 8 8 0
531 193 97 579 0 8 0
531 201 94 576 0 8 0
531 209 91 573 0 -8 0
531 201 88 570 0 -8 0
531 193 85 567 0 -8 0
531 185 82 564 0 -8 0
531 177 79 561 0 0 0
531 177 76 558 0 0 0
531 177 73 555 0 -8 0
531 169 70 552 0 8 0
531 177 67 549 0 0 0
531 177 64 546 0 0 0
531 177 61 543 0 0 0
531 177 58 540 0 8 0
531 185 55 537 0 8 0
531 193 52 534 0 8 0
531 201 49 531 0 0 0
531 201 46 528 0 -8 0
531 193 43 525 0 0 0
531 193 40 522 0 8 0
531 201 37 519 0 8 0
531 209 34 516 0 -8 0
531 201 31 513 0 -8 0
531 193 28 510 0 8 0
531 201 25 507 0 -8 0
531 193 22 504 0 -8 0
531 185 19 501 0 -8 0
531 177 22 498 0 8 0
531 185 25 495 0 0 0
531 185 28 492 0 -8 0
531 177 31 489 0 8 0
531 185 34 486 0 -8 0
531 177 37 483 0 -8 0
531 169 40 480 -8 0 0
523 169 43 477 0 -8 0
523 161 46 474 0 8 0
523 169 49 471 -8 0 0
515 169 52 468 0 -8 0
515 161 55 465 0 8 0
515 169 58 462 -8 8 0
507 177 61 459 0 0 0
507 177 64 456 -8 -8 0
499 169 67 453 0 -8 0
499 161 70 450 0 8 0
499 169 73 447 -8 0 0
491 169 76 444 0 8 0
491 177 79 441 0 8 0
491 185 82 438 -8 8 0
483 193 85 435 0 8 0
483 201 88 432 -8 8 0
475 209 91 429 0 8 0
475 217 94 426 0 -8 0
475 209 97 423 -8 0 0
467 209 100 420 0 -8 0
467 201 103 417 0 0 0
467 201 106 414 -8 0 0
459 201 109 411 0 8 0
459 209 112 408 -8 8 0
451 217 115 405 0 -8 0
451 209 118 402 0 0 0
451 209 121 399 -8 0 0
443 209 124 396 0 0 0
443 209 127 393 0 -8 0
443 201 130 390 -8 0 0
435 201 133 387 0 0 0
435 201 136 384 -8 8 0
427 209 139 381 0 -8 0
427 201 142 378 0 8 0
427 209 145 375 -8 0 0
419 209 148 372 0 8 0
419 217 151 369 0 -8 0
419 209 154 366 -8 0 0
411 209 157 363 0 8 0
411 217 160 360 -8 -8 0
403 209 163 357 0 -8 0
403 201 166 354 0 8 0
403 209 169 351 -8 0 0
395 209 172 348 0 -8 0
395 201 175 345 0 -8 0
395 193 178 342 -8 -8 0
387 185 181 339 0 8 0
387 193 184 336 -8 8 0
379 201 187 333 0 8 0
379 209 190 330 0 0 0
379 209 193 327 -8 8 0
371 217 196 324 0 8 0
371 225 199 321 0 0 0
371 225 202 318 -8 0 0
363 225 205 315 0 8 0
363 233 208 312 -8 -8 0
355 225 211 309 0 8 0
355 233 214 306 0 8 0
355 241 217 303 -8 0 0
347 241 220 300 0 -8 0
347 233 223 297 0 -8 0
347 225 226 294 -8 8 0
339 233 229 291 0 0 0
339 233 232 288 -8 8 0
331 241 235 285 0 8 0
331 249 238 282 0 -8 0
331 241 241 279 -8 -8 0
323 233 244 276 0 0 0
323 233 247 273 0 8 0
323 241 250 270 -8 8 0
315 249 253 267 0 8 0
315 257 256 264 -8 -8 0
307 249 259 261 0 -8 0
307 241 262 258 0 8 0
307 249 265 255 -8 8 0
299 257 268 252 0 8 0
299 265 271 249 0 8 0
299 273 274 246 -8 -8 0
291 265 277 243 0 -8 0
291 257 280 240 -8 0 0
283 257 283 237 0 0 0
283 257 286 234 0 8 0
283 265 289 231 -8 -8 0
275 257 292 228 0 0 0
275 257 295 225 0 -8 0
275 249 298 222 -8 0 0
267 249 301 219 0 0 0
267 249 304 216 -8 -8 0
259 241 307 213 0 8 0
259 249 310 210 0 0 0
259 249 313 207 -8 -8 0
251 241 316 204 0 0 0
251 241 319 201 0 8 0
251 249 322 198 -8 8 0
243 257 325 195 0 0 0
243 257 328 192 -8 0 0
235 257 331 189 0 -8 0
235 249 334 186 0 8 0
235 257 337 183 -8 -8 0
227 249 340 180 0 8 0
227 257 343 177 0 0 0
227 257 346 174 -8 8 0
219 265 349 171 0 8 0
219 273 352 168 -8 -8 0
211 265 355 165 0 8 0
211 273 358 162 0 8 0
211 281 361 159 -8 8 0
203 289 364 156 0 0 0
203 289 367 153 0 8 0
203 297 370 150 -8 0 0
195 297 373 147 0 8 0
195 305 376 144 -8 -8 0
187 297 379 141 0 -8 0
187 289 382 138 0 -8 0
187 281 385 135 -8 0 0
179 281 388 132 0 -8 0
179 273 391 129 0 0 0
179 273 394 126 -8 8 0
171 281 397 123 0 8 0
171 289 400 120 -8 8 0
163 297 403 117 0 8 0
163 305 406 114 0 0 0
163 305 409 111 -8 8 0
155 313 412 108 0 8 0
155 321 415 105 0 -8 0
155 313 418 102 -8 0 0
147 313 421 99 0 -8 0
147 305 424 96 -8 -8 0
139 297 427 93 0 -8 0
139 289 430 90 0 -8 0
139 281 433 87 -8 0 0
131 281 436 84 0 8 0
131 289 439 81 0 8 0
131 297 442 78 -8 8 0
123 305 445 75 0 0 0
123 305 448 72 -8 -8 0
115 297 451 69 0 -8 0
115 289 454 66 0 8 0
115 297 457 63 -8 -8 0
107 289 460 60 0 0 0
107 289 463 57 0 -8 0
107 281 466 54 -8 -8 0
99 273 469 51 0 -8 0
99 265 472 48 -8 8 0
91 273 475 45 0 0 0
91 273 478 42 0 8 0
91 281 481 39 -8 -8 0
83 273 484 36 0 8 0
83 281 487 33 0 0 0
83 281 490 30 -8 0 0
75 281 493 27 0 -8 0
75 273 496 24 -8 8 0
67 281 499 21 0 8 0
67 289 502 18 0 8 0
67 297 505 15 -8 -8 0
60 289 508 12 0 -8 0
60 281 511 9 -8 0 0
60 281 514 12 0 8 0
60 289 517 15 0 -8 0
60 281 520 18 0 0 0
60 281 523 21 0 -8 0
60 273 526 24 0 -8 0
60 265 529 27 0 0 0
60 265 532 30 0 -8 0
60 257 535 33 0 8 0
60 265 538 36 0 8 0
60 273 541 39 0 -8 0
60 265 544 42 0 0 0
60 265 547 45 0 0 0
60 265 550 48 0 0 0
60 265 553 51 0 8 0
60 273 556 54 0 8 0
60 281 559 57 0 -8 0
60 273 562 60 0 -8 0
60 265 565 63 0 0 0
60 265 568 66 0 -8 0
60 257 571 69 0 -8 0
60 249 574 72 0 8 0
60 257 577 75 0 -8 0
60 249 580 78 0 8 0
60 257 583 81 0 8 0
60 265 586 84 0 8 0
60 273 589 87 0 0 0
60 273 592 90 0 -8 0
60 265 595 93 0 0 0
60 265 598 96 0 8 0
60 273 601 99 0 8 0
60 281 604 102 0 0 0
60 281 607 105 0 0 0
60 281 610 108 0 8 0
60 289 613 111 8 8 0
68 297 616 114 0 0 0
68 297 619 117 0 -8 0
68 289 622 120 8 8 0
76 297 625 123 0 8 0
76 305 628 126 0 0 0
76 305 631 129 8 -8 0
84 297 634 132 0 8 0
84 305 637 135 8 8 0
92 313 640 138 0 -8 0
92 305 643 141 0 8 0
92 313 646 144 8 8 0
100 321 649 147 0 0 0
100 321 652 150 0 0 0
100 321 655 153 8 0 0
108 321 658 156 0 0 0
108 321 661 159 8 -8 0
116 313 664 162 0 8 0
116 321 667 165 0 0 0
116 321 670 168 8 -8 0
124 313 673 171 0 0 0
124 313 676 174 0 0 0
124 313 679 177 8 -8 0
132 305 682 180 0 -8 0
132 297 685 183 8 0 0
140 297 688 186 0 -8 0
140 289 691 189 0 -8 0
140 281 694 192 8 -8 0
148 273 697 195 0 0 0
148 273 700 198 0 8 0
148 281 703 201 8 0 0
156 281 706 204 0 8 0
156 289 709 207 8 8 0
164 297 712 210 0 0 0
164 297 715 213 0 -8 0
164 289 718 216 8 -8 0
172 281 721 219 0 -8 0
172 273 724 222 0 8 0
172 281 727 225 8 0 0
180 281 730 228 0 0 0
180 281 733 231 8 -8 0
188 273 736 234 0 0 0
188 273 739 237 0 0 0
188 273 742 240 8 -8 0
196 265 745 243 0 8 0
196 273 748 246 0 0 0
196 273 751 249 8 -8 0
204 265 754 252 0 -8 0
204 257 757 255 8 -8 0
212 249 760 258 0 -8 0
212 241 763 261 0 0 0
212 241 766 264 8 -8 0
220 233 769 267 0 -8 0
220 225 772 270 0 8 0
220 233 775 273 8 0 0
228 233 778 276 0 8 0
228 241 781 279 8 0 0
236 241 778 282 0 8 0
236 249 775 285 0 8 0
236 257 772 288 8 -8 0
244 249 769 291 0 0 0
244 249 766 294 0 -8 0
244 241 763 297 8 -8 0
252 233 760 300 0 0 0
252 233 757 303 8 8 0
260 241 754 306 0 8 0
260 249 751 309 0 8 0
260 257 748 312 8 -8 0
268 249 745 315 0 8 0
268 257 742 318 0 -8 0
268 249 739 321 8 -8 0
276 241 736 324 0 8 0
276 249 733 327 8 -8 0
284 241 730 330 0 0 0
284 241 727 333 0 0 0
284 241 724 336 8 0 0
292 241 721 339 0 -8 0
292 233 718 342 0 0 0
292 233 715 345 8 -8 0
300 225 712 348 0 -8 0
300 217 709 351 8 0 0
308 217 706 354 0 0 0
308 217 703 357 0 0 0
308 217 700 360 8 8 0
316 225 697 363 0 -8 0
316 217 694 366 0 0 0
316 217 691 369 8 -8 0
324 209 688 372 0 -8 0
324 201 685 375 8 8 0
332 209 682 378 0 -8 0
332 201 679 381 0 0 0
332 201 676 384 8 -8 0
340 193 673 387 0 0 0
340 193 670 390 0 8 0
340 201 667 393 8 8 0
348 209 664 396 0 -8 0
348 201 661 399 8 0 0
356 201 658 402 0 0 0
356 201 655 405 0 8 0
356 209 652 408 8 8 0
364 217 649 411 0 8 0
364 225 646 414 0 0 0
364 225 643 417 8 0 0
372 225 640 420 0 0 0
372 225 637 423 8 8 0
380 233 634 426 0 8 0
380 241 631 429 0 0 0
380 241 628 432 8 0 0
388 241 625 435 0 8 0
388 249 622 438 0 8 0
388 257 619 441 8 0 0
396 257 616 444 0 -8 0
396 249 613 447 8 0 0
404 249 610 450 0 -8 0
404 241 607 453 0 8 0
404 249 604 456 8 -8 0
412 241 601 459 0 8 0
412 249 598 462 0 8 0
412 257 595 465 8 -8 0
420 249 592 468 0 -8 0
420 241 589 471 8 8 0
428 249 586 474 0 0 0
428 249 583 477 0 -8 0
428 241 580 480 8 8 0
436 249 577 483 0 0 0
436 249 574 486 0 0 0
436 249 571 489 8 8 0
444 257 568 492 0 0 0
444 257 565 495 8 8 0
452 265 562 498 0 -8 0
452 257 559 501 0 -8 0
452 249 556 504 8 -8 0
460 241 553 507 0 8 0
460 249 550 510 0 -8 0
460 241 547 513 8 -8 0
468 233 544 516 0 0 0
468 233 541 519 8 8 0
476 241 538 522 0 0 0
476 241 535 525 0 -8 0
476 233 532 528 8 0 0
484 233 529 531 0 -8 0
484 225 526 534 0 -8 0
484 217 523 537 8 -8 0
492 209 520 540 0 8 0
492 217 517 543 8 -8 0
500 209 514 546 0 8 0
500 217 511 549 0 -8 0
500 209 508 552 8 -8 0
508 201 505 555 0 8 0
508 209 502 558 0 0 0
508 209 499 561 8 8 0
516 217 496 564 0 8 0
516 225 493 567 8 8 0
524 233 490 570 0 0 0
524 233 487 573 0 8 0
524 241 484 576 8 -8 0
532 233 481 579 0 8 0
532 241 478 582 0 8 0
532 249 475 585 8 8 0
540 257 472 588 0 8 0
540 265 469 591 8 -8 0
540 257 466 588 0 -8 0
540 249 463 585 0 -8 0
540 241 460 582 0 -8 0
540 233 457 579 0 0 0
540 233 454 576 0 0 0
540 233 451 573 0 0 0
540 233 448 570 0 -8 0
540 225 445 567 0 -8 0
540 217 442 564 0 0 0
540 217 439 561 0 8 0
540 225 436 558 0 0 0
540 225 433 555 0 -8 0
540 217 430 552 0 0 0
540 217 427 549 0 8 0
540 225 424 546 0 8 0
540 233 421 543 0 0 0
540 233 418 540 0 -8 0
540 225 415 537 0 0 0
540 225 412 534 0 -8 0
540 217 409 531 0 -8 0
540 209 406 528 0 8 0
540 217 403 525 0 -8 0
540 209 400 522 0 8 0
540 217 397 519 0 -8 0
540 209 394 516 0 8 0
540 217 391 513 0 -8 0
540 209 388 510 0 0 0
540 209 385 507 0 0 0
540 209 382 504 0 -8 0
540 201 379 501 0 -8 0
540 193 376 498 0 -8 0
540 185 373 495 0 -8 0
540 177 370 492 0 0 0
540 177 367 489 -8 0 0
532 177 364 486 0 8 0
532 185 361 483 0 8 0
532 193 358 480 -8 8 0
524 201 355 477 0 8 0
524 209 352 474 0 -8 0
524 201 349 471 -8 8 0
516 209 346 468 0 8 0
516 217 343 465 -8 0 0
508 217 340 462 0 8 0
508 225 337 459 0 -8 0
508 217 334 456 -8 -8 0
500 209 331 453 0 0 0
500 209 328 450 0 8 0
500 217 325 447 -8 -8 0
492 209 322 444 0 0 0
492 209 319 441 -8 0 0
484 209 316 438 0 -8 0
484 201 313 435 0 8 0
484 209 310 432 -8 0 0
476 209 307 429 0 0 0
476 209 304 426 0 -8 0
476 201 301 423 -8 8 0
468 209 298 420 0 8 0
468 217 295 417 -8 0 0
460 217 292 414 0 -8 0
460 209 289 411 0 8 0
460 217 286 408 -8 8 0
452 225 283 405 0 -8 0
452 217 280 402 0 0 0
452 217 277 399 -8 8 0
444 225 274 396 0 8 0
444 233 271 393 -8 8 0
436 241 268 390 0 -8 0
436 233 265 387 0 8 0
436 241 262 384 -8 0 0
428 241 259 381 0 -8 0
428 233 256 378 0 8 0
428 241 253 375 -8 8 0
420 249 250 372 0 0 0
420 249 247 369 -8 8 0
412 257 244 366 0 8 0
412 265 241 363 0 8 0
412 273 238 360 -8 8 0
404 281 235 357 0 8 0
404 289 232 354 0 0 0
404 289 229 351 -8 -8 0
396 281 226 348 0 0 0
396 281 223 345 -8 0 0
388 281 220 342 0 8 0
388 289 217 339 0 8 0
388 297 214 336 -8 8 0
380 305 211 333 0 8 0
380 313 208 330 0 -8 0
380 305 205 327 -8 -8 0
372 297 202 324 0 8 0
372 305 199 321 -8 -8 0
364 297 196 318 0 8 0
364 305 193 315 0 8 0
364 313 190 312 -8 0 0
356 313 187 309 0 8 0
356 321 184 306 0 -8 0
356 313 181 303 -8 8 0
348 321 178 300 0 8 0
348 329 175 297 -8 -8 0
340 321 172 294 0 8 0
340 329 169 291 0 -8 0
340 321 166 288 -8 0 0
332 321 163 285 0 -8 0
332 313 160 282 0 0 0
332 313 157 279 -8 0 0
324 313 154 276 0 -8 0
324 305 151 273 -8 0 0
316 305 148 270 0 -8 0
316 297 145 267 0 8 0
316 305 142 264 -8 -8 0
308 297 139 261 0 0 0
308 297 136 258 0 -8 0
308 289 133 255 -8 -8 0
300 281 130 252 0 0 0
300 281 127 249 -8 -8 0
292 273 124 246 0 0 0
292 273 121 243 0 8 0
292 281 118 240 -8 -8 0
284 273 115 237 0 0 0
284 273 112 234 0 -8 0
284 265 109 231 -8 8 0
276 273 106 228 0 -8 0
276 265 103 225 -8 0 0
268 265 100 222 0 8 0
268 273 97 219 0 8 0
268 281 94 216 -8 0 0
260 281 91 213 0 -8 0
260 273 88 210 0 0 0
260 273 85 207 -8 8 0
252 281 82 204 0 8 0
252 289 79 201 -8 0 0
244 289 76 198 0 -8 0
244 281 73 195 0 0 0
244 281 70 192 -8 -8 0
236 273 67 189 0 8 0
236 281 64 186 0 -8 0
236 273 61 183 -8 0 0
228 273 58 180 0 -8 0
228 265 55 177 -8 8 0
220 273 52 174 0 0 0
220 273 49 171 0 8 0
220 281 46 168 -8 -8 0
212 273 43 165 0 -8 0
212 265 40 162 0 8 0
212 273 37 159 -8 8 0
204 281 34 156 0 8 0
204 289 31 153 -8 0 0
196 289 28 150 0 8 0
196 297 25 147 0 8 0
196 305 22 144 -8 -8 0
188 297 19 141 0 -8 0
188 289 22 138 0 8 0
188 297 25 135 -8 8 0
180 305 28 132 0 0 0
180 305 31 129 -8 0 0
172 305 34 126 0 0 0
172 305 37 123 0 8 0
172 313 40 120 -8 8 0
164 321 43 117 0 0 0
164 321 46 114 0 0 0
164 321 49 111 -8 0 0
156 321 52 108 0 0 0
156 321 55 105 -8 -8 0
148 313 58 102 0 8 0
148 321 61 99 0 8 0
148 329 64 96 -8 8 0
140 337 67 93 0 -8 0
140 329 70 90 0 0 0
140 329 73 87 -8 -8 0
132 321 76 84 0 8 0
132 329 79 81 -8 0 0
124 329 82 78 0 8 0
124 337 85 75 0 8 0
124 345 88 72 -8 0 0
116 345 91 69 0 8 0
116 353 94 66 0 -8 0
116 345 97 63 -8 -8 0
108 337 100 60 0 8 0
108 345 103 57 -8 8 0
100 353 106 54 0 8 0
100 361 109 51 0 0 0
100 361 112 48 -8 -8 0
92 353 115 45 0 -8 0
92 345 118 42 0 -8 0
92 337 121 39 -8 -8 0
84 329 124 36 0 0 0
84 329 127 33 -8 8 0
76 337 130 30 0 -8 0
76 329 133 27 0 -8 0
76 321 136 24 -8 -8 0
68 313 139 21 0 8 0
68 321 142 18 0 0 0
68 321 145 15 -8 0 0
60 321 148 12 0 -8 0
60 313 151 9 -8 8 0
60 321 154 12 0 0 0
60 321 157 15 0 0 0
60 321 160 18 0 0 0
60 321 163 21 0 0 0
60 321 166 24 0 0 0
60 321 169 27 0 -8 0
60 313 172 30 0 0 0
60 313 175 33 0 -8 0
60 305 178 36 0 0 0
60 305 181 39 0 8 0
60 313 184 42 0 -8 0
60 305 187 45 0 -8 0
60 297 190 48 0 8 0
60 305 193 51 0 8 0
60 313 196 54 0 -8 0
60 305 199 57 0 0 0
60 305 202 60 0 8 0
60 313 205 63 0 0 0
60 313 208 66 0 -8 0
60 305 211 69 0 -8 0
60 297 214 72 0 0 0
60 297 217 75 0 0 0
60 297 220 78 0 -8 0
60 289 223 81 0 -8 0
60 281 226 84 0 0 0
60 281 229 87 0 -8 0
60 273 232 90 0 -8 0
60 265 235 93 0 0 0
60 265 238 96 0 8 0
60 273 241 99 0 8 0
60 281 244 102 0 8 0
60 289 247 105 0 8 0
60 297 250 108 0 0 0
60 297 253 111 8 0 0
68 297 256 114 0 0 0
68 297 259 117 0 0 0
68 297 262 120 8 8 0
76 305 265 123 0 0 0
76 305 268 126 0 -8 0
76 297 271 129 8 0 0
84 297 274 132 0 0 0
84 297 277 135 8 0 0
92 297 280 138 0 -8 0
92 289 283 141 0 -8 0
92 281 286 144 8 8 0
100 289 289 147 0 -8 0
100 281 292 150 0 8 0
100 289 295 153 8 8 0
108 297 298 156 0 0 0
108 297 301 159 8 0 0
116 297 304 162 0 0 0
116 297 307 165 0 0 0
116 297 310 168 8 0 0
124 297 313 171 0 -8 0
124 289 316 174 0 8 0
124 297 319 177 8 8 0
132 305 322 180 0 0 0
132 305 325 183 8 0 0
140 305 328 186 0 -8 0
140 297 331 189 0 0 0
140 297 334 192 8 -8 0
148 289 337 195 0 0 0
148 289 340 198 0 -8 0
148 281 343 201 8 0 0
156 281 346 204 0 -8 0
156 273 349 207 8 8 0
164 281 352 210 0 -8 0
164 273 355 213 0 8 0
164 281 358 216 8 -8 0
172 273 361 219 0 8 0
172 281 364 222 0 -8 0
172 273 367 225 8 8 0
180 281 370 228 0 0 0
180 281 373 231 8 8 0
188 289 376 234 0 -8 0
188 281 379 237 0 0 0
188 281 382 240 8 8 0
196 289 385 243 0 -8 0
196 281 388 246 0 8 0
196 289 391 249 8 8 0
204 297 394 252 0 8 0
204 305 397 255 8 8 0
212 313 400 258 0 8 0
212 321 403 261 0 8 0
212 329 406 264 8 -8 0
220 321 409 267 0 -8 0
220 313 412 270 0 0 0
220 313 415 273 8 8 0
228 321 418 276 0 8 0
228 329 421 279 8 8 0
236 337 424 282 0 8 0
236 345 427 285 0 0 0
236 345 430 288 8 0 0
244 345 433 291 0 0 0
244 345 436 294 0 -8 0
244 337 439 297 8 -8 0
252 329 442 300 0 -8 0
252 321 445 303 8 0 0
260 321 448 306 0 8 0
260 329 451 309 0 8 0
260 337 454 312 8 -8 0
268 329 457 315 0 8 0
268 337 460 318 0 0 0
268 337 463 321 8 0 0
276 337 466 324 0 8 0
276 345 469 327 8 8 0
284 353 472 330 0 -8 0
284 345 475 333 0 -8 0
284 337 478 336 8 -8 0
292 329 481 339 0 -8 0
292 321 484 342 0 8 0
292 329 487 345 8 -8 0
300 321 490 348 0 -8 0
300 313 493 351 8 -8 0
308 305 496 354 0 8 0
308 313 499 357 0 0 0
308 313 502 360 8 0 0
316 313 505 363 0 8 0
316 321 508 366 0 8 0
316 329 511 369 8 0 0
324 329 514 372 0 8 0
324 337 517 375 8 -8 0
332 329 520 378 0 8 0
332 337 523 381 0 0 0
332 337 526 384 8 0 0
340 337 529 387 0 8 0
340 345 532 390 0 -8 0
340 337 535 393 8 8 0
348 345 538 396 0 8 0
348 353 541 399 8 8 0
356 361 544 402 0 -8 0
356 353 547 405 0 8 0
356 361 550 408 8 0 0
364 361 553 411 0 8 0
364 369 556 414 0 0 0
364 369 559 417 8 8 0
372 377 562 420 0 0 0
372 377 565 423 8 8 0
380 385 568 426 0 8 0
380 393 571 429 0 8 0
380 401 574 432 8 -8 0
388 393 577 435 0 0 0
388 393 580 438 0 0 0
388 393 583 441 8 -8 0
396 385 586 444 0 0 0
396 385 589 447 8 8 0
404 393 592 450 0 8 0
404 401 595 453 0 -8 0
404 393 598 456 8 -8 0
412 385 601 459 0 0 0
412 385 604 462 0 -8 0
412 377 607 465 8 0 0
420 377 610 468 0 8 0
420 385 613 471 8 -8 0
428 377 616 474 0 8 0
428 385 619 477 0 -8 0
428 377 622 480 8 8 0
436 385 625 483 0 0 0
436 385 628 486 0 8 0
436 393 631 489 8 -8 0
444 385 634 492 0 -8 0
444 377 637 495 8 8 0
452 385 640 498 0 0 0
452 385 643 501 0 0 0
452 385 646 504 8 8 0
460 393 649 507 0 0 0
460 393 652 510 0 8 0
460 401 655 513 8 8 0
468 409 658 516 0 8 0
468 417 661 519 8 8 0
476 425 664 522 0 8 0
476 433 667 525 0 0 0
476 433 670 528 8 8 0
484 441 673 531 0 -8 0
484 433 676 534 0 8 0
484 441 679 537 8 -8 0
492 433 682 540 0 -8 0
492 425 685 543 8 -8 0
500 417 688 546 0 8 0
500 425 691 549 0 8 0
500 433 694 552 8 8 0
508 441 697 555 0 0 0
508 441 700 558 0 -8 0
508 433 703 561 8 8 0
516 441 706 564 0 0 0
516 441 709 567 8 8 0
524 449 712 570 0 8 0
524 457 715 573 0 8 0
524 465 718 576 8 8 0
532 473 721 579 0 8 0
532 481 724 582 0 8 0
532 489 727 585 8 0 0
540 489 730 588 0 0 0
540 489 733 591 8 -8 0
540 481 736 588 0 0 0
540 481 739 585 0 0 0
540 481 742 582 0 -8 0
540 473 745 579 0 8 0
540 481 748 576 0 8 0
540 489 751 573 0 0 0
540 489 754 570 0 0 0
540 489 757 567 0 0 0
540 489 760 564 0 0 0
540 489 763 561 0 -8 0
540 481 766 558 0 -8 0
540 473 769 555 0 8 0
540 481 772 552 0 8 0
540 489 775 549 0 -8 0
540 481 778 546 0 8 0
540 489 781 543 0 0 1
540 489 781 543 0 0 1
540 489 781 543 0 0 1
540 489 781 543 0 0 1
540 489 781 543 0 0 1
