378 62 406 249 0 0 0
378 62 403 246 -8 0 0
370 62 400 243 -8 0 0
362 62 397 240 -8 8 0
354 70 394 237 -8 0 0
346 70 391 234 -8 -8 0
338 62 388 231 -8 0 0
330 62 385 228 -8 0 0
322 62 382 225 -8 8 0
314 70 379 222 -8 -8 0
306 62 376 219 -8 8 0
298 70 373 216 -8 -8 0
290 62 370 213 -8 -8 0
282 60 367 210 -8 0 0
274 60 364 207 -8 0 0
266 60 361 204 -8 8 0
258 68 358 201 -8 -8 0
250 60 355 198 -8 -8 0
242 60 352 195 0 -8 0
242 60 349 192 0 0 0
242 60 346 189 -8 -8 0
234 60 343 186 0 0 0
234 60 340 183 -8 8 0
226 68 337 180 0 0 0
226 68 334 177 0 8 0
226 76 331 174 -8 8 0
218 84 328 171 0 -8 0
218 76 325 168 0 8 0
218 84 322 165 -8 0 0
210 84 319 162 0 8 0
210 92 316 159 -8 -8 0
202 84 313 156 0 0 0
202 84 310 153 0 -8 0
202 76 307 150 -8 0 0
194 76 304 147 0 -8 0
194 68 301 144 0 8 0
194 76 298 141 -8 8 0
186 84 295 138 0 0 0
186 84 292 135 -8 8 0
178 92 289 132 0 -8 0
178 84 286 129 0 -8 0
178 76 283 126 -8 -8 0
170 68 280 123 0 0 0
170 68 277 120 0 8 0
170 76 274 117 -8 0 0
162 76 271 114 0 8 0
162 84 268 111 -8 0 0
154 84 265 108 0 -8 0
154 76 262 105 0 -8 0
154 68 259 102 -8 0 0
146 68 256 99 0 -8 0
146 60 253 96 0 8 0
146 68 250 93 -8 0 0
138 68 247 90 0 0 0
138 68 244 87 -8 8 0
130 76 241 84 0 8 0
130 84 238 81 0 8 0
130 92 235 78 -8 -8 0
122 84 232 75 0 8 0
122 92 229 72 0 8 0
122 100 226 69 -8 8 0
114 108 223 66 0 -8 0
114 100 220 63 -8 8 0
106 108 217 60 0 -8 0
106 100 214 57 0 -8 0
106 92 211 54 -8 8 0
98 100 208 51 0 8 0
98 108 205 48 0 0 0
98 108 202 45 -8 0 0
90 108 199 42 0 -8 0
90 100 196 39 -8 0 0
82 100 193 36 0 8 0
82 108 190 33 0 8 0
82 116 187 30 -8 0 0
74 116 184 27 0 -8 0
74 108 181 24 0 8 0
74 116 178 21 -8 8 0
66 124 175 18 0 0 0
66 124 172 15 -8 8 0
60 132 169 12 0 -8 0
60 124 166 9 -8 0 0
60 124 163 12 0 8 0
60 132 160 15 0 8 0
60 140 157 18 0 -8 0
60 132 154 21 0 0 0
60 132 151 24 0 0 0
60 132 148 27 0 -8 0
60 124 145 30 0 0 0
60 124 142 33 0 0 0
60 124 139 36 0 0 0
60 124 136 39 0 8 0
60 132 133 42 0 0 0
60 132 130 45 0 8 0
60 140 127 48 0 0 0
60 140 124 51 0 0 0
60 140 121 54 0 8 0
60 148 118 57 0 -8 0
60 140 115 60 0 8 0
60 148 112 63 0 0 0
60 148 109 66 0 0 0
60 148 106 69 0 8 0
60 156 103 72 0 8 0
60 164 100 75 0 8 0
60 172 97 78 0 8 0
60 180 94 81 0 0 0
60 180 91 84 0 -8 0
60 172 88 87 0 -8 0
60 164 85 90 0 8 0
60 172 82 93 0 0 0
60 172 79 96 0 0 0
60 172 76 99 0 0 0
60 172 73 102 0 8 0
60 180 70 105 0 0 0
60 180 67 108 0 0 0
60 180 64 111 8 0 0
68 180 61 114 0 8 0
68 188 58 117 0 -8 0
68 180 55 120 8 -8 0
76 172 52 123 0 8 0
76 180 49 126 0 -8 0
76 172 46 129 8 8 0
84 180 43 132 0 0 0
84 180 40 135 8 8 0
92 188 37 138 0 0 0
92 188 34 141 0 0 0
92 188 31 144 8 8 0
100 196 28 147 0 0 0
100 196 25 150 0 -8 0
100 188 22 153 8 8 0
108 196 19 156 0 0 0
108 196 22 159 8 8 0
116 204 25 162 0 0 0
116 204 28 165 0 -8 0
116 196 31 168 8 8 0
124 204 34 171 0 8 0
124 212 37 174 0 -8 0
124 204 40 177 8 0 0
132 204 43 180 0 8 0
132 212 46 183 8 0 0
140 212 49 186 0 -8 0
140 204 52 189 0 0 0
140 204 55 192 8 0 0
148 204 58 195 0 0 0
148 204 61 198 0 0 0
148 204 64 201 8 0 0
156 204 67 204 0 8 0
156 212 70 207 8 0 0
164 212 73 210 0 8 0
164 220 76 213 0 -8 0
164 212 79 216 8 -8 0
172 204 82 219 0 0 0
172 204 85 222 0 -8 0
172 196 88 225 8 8 0
180 204 91 228 0 0 0
180 204 94 231 8 0 0
188 204 97 234 0 8 0
188 212 100 237 0 8 0
188 220 103 240 8 -8 0
196 212 106 243 0 0 0
196 212 109 246 0 -8 0
196 204 112 249 8 0 0
204 204 115 252 0 -8 0
204 196 118 255 8 -8 0
212 188 121 258 0 0 0
212 188 124 261 0 0 0
212 188 127 264 8 8 0
220 196 130 267 0 0 0
220 196 133 270 0 8 0
220 204 136 273 8 0 0
228 204 139 276 0 0 0
228 204 142 279 8 -8 0
236 196 145 282 0 0 0
236 196 148 285 0 -8 0
236 188 151 288 8 0 0
244 188 154 291 0 8 0
244 196 157 294 0 8 0
244 204 160 297 8 8 0
252 212 163 300 0 0 0
252 212 166 303 8 -8 0
260 204 169 306 0 8 0
260 212 172 309 0 -8 0
260 204 175 312 8 -8 0
268 196 178 315 0 8 0
268 204 181 318 0 0 0
268 204 184 321 8 8 0
276 212 187 324 0 -8 0
276 204 190 327 8 -8 0
284 196 193 330 0 8 0
284 204 196 333 0 8 0
284 212 199 336 8 0 0
292 212 202 339 0 0 0
292 212 205 342 0 8 0
292 220 208 345 8 -8 0
300 212 211 348 0 0 0
300 212 214 351 8 0 0
308 212 217 354 0 0 0
308 212 220 357 0 0 0
308 212 223 360 8 8 0
316 220 226 363 0 8 0
316 228 229 366 0 8 0
316 236 232 369 8 8 0
324 244 235 372 0 0 0
324 244 238 375 8 -8 0
332 236 241 378 0 8 0
332 244 244 381 0 8 0
332 252 247 384 8 -8 0
340 244 250 387 0 8 0
340 252 253 390 0 -8 0
340 244 256 393 8 -8 0
348 236 259 396 0 -8 0
348 228 262 399 8 -8 0
356 220 265 402 0 -8 0
356 212 268 405 0 -8 0
356 204 271 408 8 0 0
364 204 274 411 0 -8 0
364 196 277 414 0 0 0
364 196 280 417 8 -8 0
372 188 283 420 0 -8 0
372 180 286 423 8 8 0
380 188 289 426 0 -8 0
380 180 292 429 0 -8 0
380 172 295 432 8 8 0
388 180 298 435 0 -8 0
388 172 301 438 0 0 0
388 172 304 441 8 8 0
396 180 307 444 0 8 0
396 188 310 447 8 8 0
404 196 313 450 0 0 0
404 196 316 453 0 -8 0
404 188 319 456 8 -8 0
412 180 322 459 0 0 0
412 180 325 462 0 8 0
412 188 328 465 8 8 0
420 196 331 468 0 0 0
420 196 334 471 8 0 0
428 196 337 474 0 -8 0
428 188 340 477 0 8 0
428 196 343 480 8 8 0
436 204 346 483 0 8 0
436 212 349 486 0 -8 0
436 204 352 489 8 8 0
444 212 355 492 0 8 0
444 220 358 495 8 0 0
452 220 361 498 0 8 0
452 228 364 501 0 -8 0
452 220 367 504 8 0 0
460 220 370 507 0 8 0
460 228 373 510 0 0 0
460 228 376 513 8 8 0
468 236 379 516 0 8 0
468 244 382 519 8 0 0
476 244 385 522 0 -8 0
476 236 388 525 0 8 0
476 244 391 528 8 0 0
484 244 394 531 0 -8 0
484 236 397 534 0 -8 0
484 228 400 537 8 0 0
492 228 403 540 0 -8 0
492 220 406 543 8 0 0
500 220 409 546 0 0 0
500 220 412 549 0 0 0
500 220 415 552 8 0 0
508 220 418 555 0 0 0
508 220 421 558 0 8 0
508 228 424 561 8 -8 0
516 220 427 564 0 -8 0
516 212 430 567 8 0 0
524 212 433 570 0 0 0
524 212 436 573 0 8 0
524 220 439 576 8 -8 0
532 212 442 579 0 -8 0
532 204 445 582 0 0 0
532 204 448 585 8 0 0
540 204 451 588 0 -8 0
540 196 454 591 8 0 0
540 196 457 588 0 8 0
540 204 460 585 0 8 0
540 212 463 582 0 8 0
540 220 466 579 0 -8 0
540 212 469 576 0 8 0
540 220 472 573 0 8 0
540 228 475 570 0 8 0
540 236 478 567 0 -8 0
540 228 481 564 0 8 0
540 236 484 561 0 -8 0
540 228 487 558 0 -8 0
540 220 490 555 0 8 0
540 228 493 552 0 8 0
540 236 496 549 0 0 0
540 236 499 546 0 8 0
540 244 502 543 0 -8 0
540 236 505 540 0 0 0
540 236 508 537 0 -8 0
540 228 511 534 0 0 0
540 228 514 531 0 8 0
540 236 517 528 0 0 0
540 236 520 525 0 -8 0
540 228 523 522 0 0 0
540 228 526 519 0 8 0
540 236 529 516 0 0 0
540 236 532 513 0 0 0
540 236 535 510 0 8 0
540 244 538 507 0 -8 0
540 236 541 504 0 0 0
540 236 544 501 0 -8 0
540 228 547 498 0 -8 0
540 220 550 495 0 0 0
540 220 553 492 0 0 0
540 220 556 489 -8 8 0
532 228 559 486 0 0 0
532 228 562 483 0 8 0
532 236 565 480 -8 8 0
524 244 568 477 0 -8 0
524 236 571 474 0 -8 0
524 228 574 471 -8 -8 0
516 220 577 468 0 0 0
516 220 580 465 -8 8 0
508 228 583 462 0 -8 0
508 220 586 459 0 -8 0
508 212 589 456 -8 -8 0
500 204 592 453 0 8 0
500 212 595 450 0 -8 0
500 204 598 447 -8 8 0
492 212 601 444 0 0 0
492 212 604 441 -8 0 0
484 212 607 438 0 0 0
484 212 610 435 0 8 0
484 220 613 432 -8 0 0
476 220 616 429 0 0 0
476 220 619 426 0 -8 0
476 212 622 423 -8 8 0
468 220 625 420 0 0 0
468 220 628 417 -8 0 0
460 220 631 414 0 -8 0
460 212 634 411 0 8 0
460 220 637 408 -8 8 0
452 228 640 405 0 0 0
452 228 643 402 0 -8 0
452 220 646 399 -8 -8 0
444 212 649 396 0 0 0
444 212 652 393 -8 -8 0
436 204 655 390 0 8 0
436 212 658 387 0 -8 0
436 204 661 384 -8 0 0
428 204 664 381 0 8 0
428 212 667 378 0 8 0
428 220 670 375 -8 0 0
420 220 673 372 0 -8 0
420 212 676 369 -8 -8 0
412 204 679 366 0 0 0
412 204 682 363 0 -8 0
412 196 685 360 -8 8 0
404 204 688 357 0 -8 0
404 196 691 354 0 -8 0
404 188 694 351 -8 0 0
396 188 697 348 0 -8 0
396 180 700 345 -8 -8 0
388 172 703 342 0 -8 0
388 164 706 339 0 8 0
388 172 709 336 -8 0 0
380 172 712 333 0 -8 0
380 164 715 330 0 -8 0
380 156 718 327 -8 -8 0
372 148 721 324 0 8 0
372 156 724 321 -8 0 0
364 156 727 318 0 0 0
364 156 730 315 0 -8 0
364 148 733 312 -8 0 0
356 148 736 309 0 8 0
356 156 739 306 0 -8 0
356 148 742 303 -8 0 0
348 148 745 300 0 0 0
348 148 748 297 -8 0 0
340 148 751 294 0 0 0
340 148 754 291 0 0 0
340 148 757 288 -8 -8 0
332 140 760 285 0 -8 0
332 132 763 282 0 -8 0
332 124 766 279 -8 0 0
324 124 769 276 0 0 0
324 124 772 273 -8 8 0
316 132 775 270 0 0 0
316 132 778 267 0 -8 0
316 124 781 264 0 0 1
316 124 781 264 0 0 1
316 124 781 264 0 0 1
316 124 781 264 0 0 1
316 124 781 264 0 0 1
