153 86 475 270 0 0 0
153 86 478 273 8 0 0
161 86 481 276 8 -8 0
169 78 484 279 8 -8 0
177 70 487 282 8 0 0
185 70 490 285 8 0 0
193 70 493 288 8 8 0
201 78 496 291 8 0 0
209 78 499 294 8 8 0
217 86 502 297 8 0 0
225 86 505 300 8 8 0
233 94 508 303 8 0 0
241 94 511 306 8 -8 0
249 86 514 309 8 8 0
257 94 517 312 8 0 0
265 94 520 315 0 -8 0
265 86 523 318 8 8 0
273 94 526 321 0 0 0
273 94 529 324 8 -8 0
281 86 532 327 0 8 0
281 94 535 330 0 0 0
281 94 538 333 8 8 0
289 102 541 336 0 -8 0
289 94 544 339 0 0 0
289 94 547 342 8 8 0
297 102 550 345 0 8 0
297 110 553 348 8 0 0
305 110 556 351 0 -8 0
305 102 559 354 0 0 0
305 102 562 357 8 8 0
313 110 565 360 0 -8 0
313 102 568 363 0 -8 0
313 94 571 366 8 0 0
321 94 574 369 0 8 0
321 102 577 372 8 8 0
329 110 580 375 0 8 0
329 118 583 378 0 0 0
329 118 586 381 8 0 0
337 118 589 384 0 0 0
337 118 592 387 0 -8 0
337 110 595 390 8 0 0
345 110 598 393 0 -8 0
345 102 601 396 8 0 0
353 102 604 399 0 -8 0
353 94 607 402 0 8 0
353 102 610 405 8 0 0
361 102 613 408 0 -8 0
361 94 616 411 0 8 0
361 102 619 414 8 8 0
369 110 622 417 0 8 0
369 118 625 420 8 -8 0
377 110 628 423 0 8 0
377 118 631 426 0 0 0
377 118 634 429 8 8 0
385 126 637 432 0 -8 0
385 118 640 435 0 8 0
385 126 643 438 8 -8 0
393 118 646 441 0 -8 0
393 110 649 444 8 -8 0
401 102 652 447 0 0 0
401 102 655 450 0 8 0
401 110 658 453 8 8 0
409 118 661 456 0 -8 0
409 110 664 459 0 8 0
409 118 667 462 8 0 0
417 118 670 465 0 -8 0
417 110 673 468 8 0 0
425 110 676 471 0 -8 0
425 102 679 474 0 8 0
425 110 682 477 8 0 0
433 110 685 480 0 0 0
433 110 688 483 0 -8 0
433 102 691 486 8 8 0
441 110 694 489 0 0 0
441 110 697 492 8 8 0
449 118 700 495 0 -8 0
449 110 703 498 0 0 0
449 110 706 501 8 0 0
457 110 709 504 0 -8 0
457 102 712 507 0 -8 0
457 94 715 510 8 -8 0
465 86 718 513 0 8 0
465 94 721 516 8 -8 0
473 86 724 519 0 8 0
473 94 727 522 0 8 0
473 102 730 525 8 -8 0
481 94 733 528 0 -8 0
481 86 736 531 0 -8 0
481 78 739 534 8 0 0
489 78 742 537 0 8 0
489 86 745 540 8 -8 0
497 78 748 543 0 -8 0
497 70 751 546 0 -8 0
497 62 754 549 8 0 0
505 62 757 552 0 -8 0
505 60 760 555 0 0 0
505 60 763 558 8 8 0
513 68 766 561 0 -8 0
513 60 769 564 8 8 0
521 68 772 567 0 0 0
521 68 775 570 0 0 0
521 68 778 573 8 0 0
529 68 781 576 0 0 1
529 68 781 576 0 0 1
529 68 781 576 0 0 1
529 68 781 576 0 0 1
529 68 781 576 0 0 1
