91 182 286 135 0 0 0
91 182 283 132 0 0 0
91 182 280 129 0 8 0
91 190 277 126 0 -8 0
91 182 274 123 0 8 0
91 190 271 120 0 8 0
91 198 268 117 0 -8 0
91 190 265 114 0 8 0
91 198 262 111 0 -8 0
91 190 259 108 0 -8 0
91 182 256 105 0 8 0
91 190 253 102 0 0 0
91 190 250 99 0 0 0
91 190 247 96 0 8 0
91 198 244 93 0 0 0
91 198 241 90 0 8 0
91 206 238 87 0 0 0
91 206 235 84 0 -8 0
91 198 232 81 0 8 0
91 206 229 78 0 -8 0
91 198 226 75 0 -8 0
91 190 223 72 0 8 0
91 198 220 69 0 -8 0
91 190 217 66 0 0 0
91 190 214 63 0 8 0
91 198 211 60 0 -8 0
91 190 208 57 0 0 0
91 190 205 54 0 0 0
91 190 202 51 0 0 0
91 190 199 48 0 0 0
91 190 196 45 0 -8 0
91 182 193 42 0 -8 0
91 174 190 39 -8 0 0
83 174 187 36 0 -8 0
83 166 184 33 0 -8 0
83 158 181 30 -8 -8 0
75 150 178 27 0 0 0
75 150 175 24 -8 8 0
67 158 172 21 0 8 0
67 166 169 18 0 0 0
67 166 166 15 -8 0 0
60 166 163 12 0 8 0
60 174 160 9 -8 0 0
60 174 157 12 0 0 0
60 174 154 15 0 8 0
60 182 151 18 0 -8 0
60 174 148 21 0 8 0
60 182 145 24 0 0 0
60 182 142 27 0 8 0
60 190 139 30 0 -8 0
60 182 136 33 0 0 0
60 182 133 36 0 0 0
60 182 130 39 0 0 0
60 182 127 42 0 8 0
60 190 124 45 0 0 0
60 190 121 48 0 0 0
60 190 118 51 0 0 0
60 190 115 54 0 -8 0
60 182 112 57 0 -8 0
60 174 109 60 0 -8 0
60 166 106 63 0 8 0
60 174 103 66 0 8 0
60 182 100 69 0 -8 0
60 174 97 72 0 8 0
60 182 94 75 0 0 0
60 182 91 78 0 -8 0
60 174 88 81 0 -8 0
60 166 85 84 0 8 0
60 174 82 87 0 8 0
60 182 79 90 0 0 0
60 182 76 93 0 8 0
60 190 73 96 0 -8 0
60 182 70 99 0 -8 0
60 174 67 102 0 0 0
60 174 64 105 0 0 0
60 174 61 108 0 8 0
60 182 58 111 8 0 0
68 182 55 114 0 8 0
68 190 52 117 0 0 0
68 190 49 120 8 8 0
76 198 46 123 0 0 0
76 198 43 126 0 -8 0
76 190 40 129 8 -8 0
84 182 37 132 0 -8 0
84 174 34 135 8 -8 0
92 166 31 138 0 0 0
92 166 28 141 0 -8 0
92 158 25 144 8 8 0
100 166 22 147 0 0 0
100 166 19 150 0 -8 0
100 158 22 153 8 8 0
108 166 25 156 0 8 0
108 174 28 159 8 -8 0
116 166 31 162 0 -8 0
116 158 34 165 0 -8 0
116 150 37 168 8 -8 0
124 142 40 171 0 0 0
124 142 43 174 0 8 0
124 150 46 177 8 0 0
132 150 49 180 0 8 0
132 158 52 183 8 0 0
140 158 55 186 0 0 0
140 158 58 189 0 -8 0
140 150 61 192 8 0 0
148 150 64 195 0 8 0
148 158 67 198 0 0 0
148 158 70 201 8 8 0
156 166 73 204 0 0 0
156 166 76 207 8 -8 0
164 158 79 210 0 8 0
164 166 82 213 0 -8 0
164 158 85 216 8 -8 0
172 150 88 219 0 8 0
172 158 91 222 0 0 0
172 158 94 225 8 -8 0
180 150 97 228 0 8 0
180 158 100 231 8 8 0
188 166 103 234 0 0 0
188 166 106 237 0 8 0
188 174 109 240 8 -8 0
196 166 112 243 0 0 0
196 166 115 246 0 0 0
196 166 118 249 8 -8 0
204 158 121 252 0 -8 0
204 150 124 255 8 -8 0
212 142 127 258 0 8 0
212 150 130 261 0 -8 0
212 142 133 264 8 8 0
220 150 136 267 0 -8 0
220 142 139 270 0 -8 0
220 134 142 273 8 -8 0
228 126 145 276 0 0 0
228 126 148 279 8 -8 0
236 118 151 282 0 8 0
236 126 154 285 0 0 0
236 126 157 288 8 8 0
244 134 160 291 0 8 0
244 142 163 294 0 -8 0
244 134 166 297 8 0 0
252 134 169 300 0 0 0
252 134 172 303 8 0 0
260 134 175 306 0 0 0
260 134 178 309 0 8 0
260 142 181 312 8 8 0
268 150 184 315 0 0 0
268 150 187 318 0 8 0
268 158 190 321 8 0 0
276 158 193 324 0 0 0
276 158 196 327 8 -8 0
284 150 199 330 0 -8 0
284 142 202 333 0 8 0
284 150 205 336 8 8 0
292 158 208 339 0 -8 0
292 150 211 342 0 -8 0
292 142 214 345 8 0 0
300 142 217 348 0 -8 0
300 134 220 351 8 0 0
308 134 223 354 0 8 0
308 142 226 357 0 8 0
308 150 229 360 8 -8 0
316 142 232 363 0 -8 0
316 134 235 366 0 -8 0
316 126 238 369 8 -8 0
324 118 241 372 0 8 0
324 126 244 375 8 0 0
332 126 247 378 0 8 0
332 134 250 381 0 0 0
332 134 253 384 8 -8 0
340 126 256 387 0 0 0
340 126 259 390 0 0 0
340 126 262 393 8 -8 0
348 118 265 396 0 0 0
348 118 268 399 8 0 0
356 118 271 402 0 8 0
356 126 274 405 0 8 0
356 134 277 408 8 8 0
364 142 280 411 0 0 0
364 142 283 414 0 8 0
364 150 286 417 8 0 0
372 150 289 420 0 8 0
372 158 292 423 8 0 0
380 158 295 426 0 -8 0
380 150 298 429 0 0 0
380 150 301 432 8 0 0
388 150 304 435 0 8 0
388 158 307 438 0 0 0
388 158 310 441 8 0 0
396 158 313 444 0 8 0
396 166 316 447 8 -8 0
404 158 319 450 0 -8 0
404 150 322 453 0 -8 0
404 142 325 456 8 0 0
412 142 328 459 0 0 0
412 142 331 462 0 0 0
412 142 334 465 8 -8 0
420 134 337 468 0 0 0
420 134 340 471 8 -8 0
428 126 343 474 0 8 0
428 134 346 477 0 -8 0
428 126 349 480 8 -8 0
436 118 352 483 0 -8 0
436 110 355 486 0 8 0
436 118 358 489 8 -8 0
444 110 361 492 0 -8 0
444 102 364 495 8 0 0
452 102 367 498 0 8 0
452 110 370 501 0 8 0
452 118 373 504 8 0 0
460 118 376 507 0 8 0
460 126 379 510 0 -8 0
460 118 382 513 8 8 0
468 126 385 516 0 0 0
468 126 388 519 8 8 0
476 134 391 522 0 8 0
476 142 394 525 0 8 0
476 150 397 528 8 0 0
484 150 400 531 0 8 0
484 158 403 534 0 0 0
484 158 406 537 8 8 0
492 166 409 540 0 0 0
492 166 412 543 8 0 0
500 166 415 546 0 8 0
500 174 418 549 0 -8 0
500 166 421 552 8 8 0
508 174 424 555 0 0 0
508 174 427 558 0 -8 0
508 166 430 561 8 -8 0
516 158 433 564 0 0 0
516 158 436 567 8 -8 0
524 150 439 570 0 -8 0
524 142 442 573 0 0 0
524 142 445 576 8 0 0
532 142 448 579 0 -8 0
532 134 451 582 0 -8 0
532 126 454 585 8 0 0
540 126 457 588 0 0 0
540 126 460 591 8 -8 0
540 118 463 588 0 0 0
540 118 466 585 0 8 0
540 126 469 582 0 0 0
540 126 472 579 0 -8 0
540 118 475 576 0 -8 0
540 110 478 573 0 -8 0
540 102 481 570 0 -8 0
540 94 484 567 0 0 0
540 94 487 564 0 8 0
540 102 490 561 0 0 0
540 102 493 558 0 8 0
540 110 496 555 0 -8 0
540 102 499 552 0 -8 0
540 94 502 549 0 -8 0
540 86 505 546 0 8 0
540 94 508 543 0 8 0
540 102 511 540 0 8 0
540 110 514 537 0 0 0
540 110 517 534 0 8 0
540 118 520 531 0 8 0
540 126 523 528 0 -8 0
540 118 526 525 0 0 0
540 118 529 522 0 0 0
540 118 532 519 0 0 0
540 118 535 516 0 8 0
540 126 538 513 0 -8 0
540 118 541 510 0 8 0
540 126 544 507 0 8 0
540 134 547 504 0 0 0
540 134 550 501 0 0 0
540 134 553 498 0 -8 0
540 126 556 495 0 -8 0
540 118 559 492 0 -8 0
540 110 562 489 -8 0 0
532 110 565 486 0 0 0
532 110 568 483 0 -8 0
532 102 571 480 -8 -8 0
524 94 574 477 0 0 0
524 94 577 474 0 8 0
524 102 580 471 -8 0 0
516 102 583 468 0 0 0
516 102 586 465 -8 8 0
508 110 589 462 0 8 0
508 118 592 459 0 -8 0
508 110 595 456 -8 0 0
500 110 598 453 0 8 0
500 118 601 450 0 -8 0
500 110 604 447 -8 0 0
492 110 607 444 0 -8 0
492 102 610 441 -8 -8 0
484 94 613 438 0 8 0
484 102 616 435 0 0 0
484 102 619 432 -8 -8 0
476 94 622 429 0 0 0
476 94 625 426 0 0 0
476 94 628 423 -8 8 0
468 102 631 420 0 0 0
468 102 634 417 -8 8 0
460 110 637 414 0 0 0
460 110 640 411 0 0 0
460 110 643 408 -8 8 0
452 118 646 405 0 -8 0
452 110 649 402 0 0 0
452 110 652 399 -8 0 0
444 110 655 396 0 8 0
444 118 658 393 -8 -8 0
436 110 661 390 0 -8 0
436 102 664 387 0 -8 0
436 94 667 384 -8 8 0
428 102 670 381 0 0 0
428 102 673 378 0 0 0
428 102 676 375 -8 8 0
420 110 679 372 0 0 0
420 110 682 369 -8 0 0
412 110 685 366 0 0 0
412 110 688 363 0 0 0
412 110 691 360 -8 0 0
404 110 694 357 0 0 0
404 110 697 354 0 -8 0
404 102 700 351 -8 0 0
396 102 703 348 0 8 0
396 110 706 345 -8 8 0
388 118 709 342 0 0 0
388 118 712 339 0 -8 0
388 110 715 336 -8 -8 0
380 102 718 333 0 8 0
380 110 721 330 0 0 0
380 110 724 327 -8 0 0
372 110 727 324 0 -8 0
372 102 730 321 -8 0 0
364 102 733 318 0 8 0
364 110 736 315 0 -8 0
364 102 739 312 -8 -8 0
356 94 742 309 0 0 0
356 94 745 306 0 8 0
356 102 748 303 -8 0 0
348 102 751 300 0 0 0
348 102 754 297 -8 0 0
340 102 757 294 0 -8 0
340 94 760 291 0 -8 0
340 86 763 288 -8 -8 0
332 78 766 285 0 -8 0
332 70 769 282 0 -8 0
332 62 772 279 -8 -8 0
324 60 775 276 0 0 0
324 60 778 273 -8 -8 0
316 60 781 270 0 0 1
316 60 781 270 0 0 1
316 60 781 270 0 0 1
316 60 781 270 0 0 1
316 60 781 270 0 0 1
