152 147 169 300 0 0 0
152 147 172 303 8 -8 0
160 139 175 306 8 -8 0
168 131 178 309 8 -8 0
176 123 181 312 8 -8 0
184 115 184 315 8 -8 0
192 107 187 318 8 8 0
200 115 190 321 8 0 0
208 115 193 324 8 8 0
216 123 196 327 8 0 0
224 123 199 330 8 -8 0
232 115 202 333 8 0 0
240 115 205 336 8 8 0
248 123 208 339 8 8 0
256 131 211 342 8 8 0
264 139 214 345 8 0 0
272 139 217 348 8 -8 0
280 131 220 351 8 8 0
288 139 223 354 8 8 0
296 147 226 357 8 0 0
304 147 229 360 8 0 0
312 147 232 363 8 0 0
320 147 235 366 0 8 0
320 155 238 369 0 -8 0
320 147 241 372 8 8 0
328 155 244 375 0 0 0
328 155 247 378 0 -8 0
328 147 250 381 8 0 0
336 147 253 384 0 -8 0
336 139 256 387 8 -8 0
344 131 259 390 0 0 0
344 131 262 393 0 8 0
344 139 265 396 8 0 0
352 139 268 399 0 -8 0
352 131 271 402 0 8 0
352 139 274 405 8 8 0
360 147 277 408 0 0 0
360 147 280 411 8 -8 0
368 139 283 414 0 0 0
368 139 286 417 0 8 0
368 147 289 420 8 -8 0
376 139 292 423 0 8 0
376 147 295 426 0 8 0
376 155 298 429 8 -8 0
384 147 301 432 0 8 0
384 155 304 435 8 0 0
392 155 307 438 0 8 0
392 163 310 441 0 -8 0
392 155 313 444 8 8 0
400 163 316 447 0 0 0
400 163 319 450 0 8 0
400 171 322 453 8 0 0
408 171 325 456 0 -8 0
408 163 328 459 8 -8 0
416 155 331 462 0 0 0
416 155 334 465 0 -8 0
416 147 337 468 8 8 0
424 155 340 471 0 0 0
424 155 343 474 0 0 0
424 155 346 477 8 0 0
432 155 349 480 0 0 0
432 155 352 483 8 0 0
440 155 355 486 0 -8 0
440 147 358 489 0 8 0
440 155 361 492 8 8 0
448 163 364 495 0 8 0
448 171 367 498 0 8 0
448 179 370 501 8 -8 0
456 171 373 504 0 0 0
456 171 376 507 8 8 0
464 179 379 510 0 0 0
464 179 382 513 0 8 0
464 187 385 516 8 -8 0
472 179 388 519 0 -8 0
472 171 391 522 0 8 0
472 179 394 525 8 -8 0
480 171 397 528 0 0 0
480 171 400 531 8 -8 0
488 163 403 534 0 -8 0
488 155 406 537 0 -8 0
488 147 409 540 8 0 0
496 147 412 543 0 0 0
496 147 415 546 0 0 0
496 147 418 549 8 0 0
504 147 421 552 0 0 0
504 147 424 555 8 8 0
512 155 427 558 0 -8 0
512 147 430 561 0 0 0
512 147 433 564 8 0 0
520 147 436 567 0 8 0
520 155 439 570 0 -8 0
520 147 442 573 8 0 0
528 147 445 576 0 0 0
528 147 448 579 8 -8 0
536 139 451 582 0 8 0
536 147 454 585 0 -8 0
536 139 457 588 8 8 0
540 147 460 591 8 -8 0
540 139 463 588 0 -8 0
540 131 466 585 0 -8 0
540 123 469 582 0 -8 0
540 115 472 579 0 8 0
540 123 475 576 0 8 0
540 131 478 573 0 -8 0
540 123 481 570 0 8 0
540 131 484 567 0 8 0
540 139 487 564 0 8 0
540 147 490 561 0 8 0
540 155 493 558 0 0 0
540 155 496 555 0 8 0
540 163 499 552 0 0 0
540 163 502 549 0 -8 0
540 155 505 546 0 -8 0
540 147 508 543 0 8 0
540 155 511 540 0 0 0
540 155 514 537 0 0 0
540 155 517 534 0 8 0
540 163 520 531 0 0 0
540 163 523 528 0 8 0
540 171 526 525 0 8 0
540 179 529 522 0 8 0
540 187 532 519 0 8 0
540 195 535 516 0 -8 0
540 187 538 513 0 0 0
540 187 541 510 0 8 0
540 195 544 507 0 0 0
540 195 547 504 0 8 0
540 203 550 501 0 8 0
540 211 553 498 0 -8 0
540 203 556 495 0 0 0
540 203 559 492 0 8 0
540 211 562 489 -8 8 0
532 219 565 486 0 0 0
532 219 568 483 0 8 0
532 227 571 480 -8 0 0
524 227 574 477 0 8 0
524 235 577 474 0 8 0
524 243 580 471 -8 8 0
516 251 583 468 0 -8 0
516 243 586 465 -8 -8 0
508 235 589 462 0 8 0
508 243 592 459 0 0 0
508 243 595 456 -8 0 0
500 243 598 453 0 8 0
500 251 601 450 0 -8 0
500 243 604 447 -8 -8 0
492 235 607 444 0 8 0
492 243 610 441 -8 8 0
484 251 613 438 0 8 0
484 259 616 435 0 0 0
484 259 619 432 -8 -8 0
476 251 622 429 0 8 0
476 259 625 426 0 8 0
476 267 628 423 -8 8 0
468 275 631 420 0 -8 0
468 267 634 417 -8 8 0
460 275 637 414 0 0 0
460 275 640 411 0 8 0
460 283 643 408 -8 0 0
452 283 646 405 0 0 0
452 283 649 402 0 -8 0
452 275 652 399 -8 0 0
444 275 655 396 0 8 0
444 283 658 393 -8 0 0
436 283 661 390 0 0 0
436 283 664 387 0 -8 0
436 275 667 384 -8 8 0
428 283 670 381 0 0 0
428 283 673 378 0 -8 0
428 275 676 375 -8 8 0
420 283 679 372 0 -8 0
420 275 682 369 -8 -8 0
412 267 685 366 0 8 0
412 275 688 363 0 8 0
412 283 691 360 -8 0 0
404 283 694 357 0 8 0
404 291 697 354 0 -8 0
404 283 700 351 -8 8 0
396 291 703 348 0 8 0
396 299 706 345 -8 8 0
388 307 709 342 0 8 0
388 315 712 339 0 8 0
388 323 715 336 -8 -8 0
380 315 718 333 0 8 0
380 323 721 330 0 8 0
380 331 724 327 -8 8 0
372 339 727 324 0 -8 0
372 331 730 321 -8 8 0
364 339 733 318 0 -8 0
364 331 736 315 0 -8 0
364 323 739 312 -8 -8 0
356 315 742 309 0 0 0
356 315 745 306 0 0 0
356 315 748 303 -8 -8 0
348 307 751 300 0 0 0
348 307 754 297 -8 0 0
340 307 757 294 0 0 0
340 307 760 291 0 -8 0
340 299 763 288 -8 -8 0
332 291 766 285 0 8 0
332 299 769 282 0 0 0
332 299 772 279 -8 8 0
324 307 775 276 0 8 0
324 315 778 273 -8 0 0
316 315 781 270 0 8 0
316 323 778 267 0 0 0
316 323 775 264 -8 8 0
308 331 772 261 0 -8 0
308 323 769 258 0 8 0
308 331 766 255 -8 0 0
300 331 763 252 0 -8 0
300 323 760 249 -8 0 0
292 323 757 246 0 -8 0
292 315 754 243 0 0 0
292 315 751 240 -8 -8 0
284 307 748 237 0 8 0
284 315 745 234 0 8 0
284 323 742 231 -8 0 0
276 323 739 228 0 0 0
276 323 736 225 -8 0 0
268 323 733 222 0 8 0
268 331 730 219 0 8 0
268 339 727 216 -8 0 0
260 339 724 213 0 -8 0
260 331 721 210 0 8 0
260 339 718 207 -8 0 0
252 339 715 204 0 8 0
252 347 712 201 -8 -8 0
244 339 709 198 0 0 0
244 339 706 195 0 -8 0
244 331 703 192 -8 0 0
236 331 700 189 0 -8 0
236 323 697 186 0 0 0
236 323 694 183 -8 8 0
228 331 691 180 0 -8 0
228 323 688 177 -8 0 0
220 323 685 174 0 8 0
220 331 682 171 0 0 0
220 331 679 168 -8 8 0
212 339 676 165 0 8 0
212 347 673 162 0 0 0
212 347 670 159 -8 0 0
204 347 667 156 0 -8 0
204 339 664 153 -8 -8 0
196 331 661 150 0 -8 0
196 323 658 147 0 0 0
196 323 655 144 -8 0 0
188 323 652 141 0 0 0
188 323 649 138 0 8 0
188 331 646 135 -8 -8 0
180 323 643 132 0 0 0
180 323 640 129 -8 0 0
172 323 637 126 0 0 0
172 323 634 123 0 0 0
172 323 631 120 -8 -8 0
164 315 628 117 0 0 0
164 315 625 114 0 -8 0
164 307 622 111 -8 -8 0
156 299 619 108 0 -8 0
156 291 616 105 -8 0 0
148 291 613 102 0 8 0
148 299 610 99 0 8 0
148 307 607 96 -8 0 0
140 307 604 93 0 -8 0
140 299 601 90 0 0 0
140 299 598 87 -8 -8 0
132 291 595 84 0 -8 0
132 283 592 81 -8 0 0
124 283 589 78 0 -8 0
124 275 586 75 0 0 0
124 275 583 72 -8 0 0
116 275 580 69 0 8 0
116 283 577 66 0 0 0
116 283 574 63 -8 -8 0
108 275 571 60 0 -8 0
108 267 568 57 -8 8 0
100 275 565 54 0 0 0
100 275 562 51 0 0 0
100 275 559 48 -8 0 0
92 275 556 45 0 0 0
92 275 553 42 0 0 0
92 275 550 39 -8 -8 0
84 267 547 36 0 -8 0
84 259 544 33 -8 0 0
76 259 541 30 0 8 0
76 267 538 27 0 -8 0
76 259 535 24 -8 -8 0
68 251 532 21 0 -8 0
68 243 529 18 0 8 0
68 251 526 15 -8 -8 0
60 243 523 12 0 -8 0
60 235 520 9 -8 -8 0
60 227 517 12 0 8 0
60 235 514 15 0 -8 0
60 227 511 18 0 8 0
60 235 508 21 0 -8 0
60 227 505 24 0 8 0
60 235 502 27 0 0 0
60 235 499 30 0 0 0
60 235 496 33 0 8 0
60 243 493 36 0 0 0
60 243 490 39 0 -8 0
60 235 487 42 0 -8 0
60 227 484 45 0 -8 0
60 219 481 48 0 0 0
60 219 478 51 0 8 0
60 227 475 54 0 0 0
60 227 472 57 0 8 0
60 235 469 60 0 8 0
60 243 466 63 0 -8 0
60 235 463 66 0 -8 0
60 227 460 69 0 8 0
60 235 457 72 0 8 0
60 243 454 75 0 8 0
60 251 451 78 0 -8 0
60 243 448 81 0 0 0
60 243 445 84 0 -8 0
60 235 442 87 0 8 0
60 243 439 90 0 8 0
60 251 436 93 0 -8 0
60 243 433 96 0 8 0
60 251 430 99 0 8 0
60 259 427 102 0 -8 0
60 251 424 105 0 8 0
60 259 421 108 0 -8 0
60 251 418 111 8 -8 0
68 243 415 114 0 0 0
68 243 412 117 0 8 0
68 251 409 120 8 8 0
76 259 406 123 0 -8 0
76 251 403 126 0 8 0
76 259 400 129 8 -8 0
84 251 397 132 0 8 0
84 259 394 135 8 8 0
92 267 391 138 0 0 0
92 267 388 141 0 8 0
92 275 385 144 8 8 0
100 283 382 147 0 8 0
100 291 379 150 0 0 0
100 291 376 153 8 8 0
108 299 373 156 0 0 0
108 299 370 159 8 -8 0
116 291 367 162 0 8 0
116 299 364 165 0 -8 0
116 291 361 168 8 0 0
124 291 358 171 0 -8 0
124 283 355 174 0 -8 0
124 275 352 177 8 8 0
132 283 349 180 0 0 0
132 283 346 183 8 8 0
140 291 343 186 0 0 0
140 291 340 189 0 -8 0
140 283 337 192 8 -8 0
148 275 334 195 0 -8 0
148 267 331 198 0 8 0
148 275 328 201 8 8 0
156 283 325 204 0 8 0
156 291 322 207 8 8 0
164 299 319 210 0 -8 0
164 291 316 213 0 0 0
164 291 313 216 8 0 0
172 291 310 219 0 0 0
172 291 307 222 0 -8 0
172 283 304 225 8 8 0
180 291 301 228 0 0 0
180 291 298 231 8 8 0
188 299 295 234 0 -8 0
188 291 292 237 0 0 0
188 291 289 240 8 8 0
196 299 286 243 0 -8 0
196 291 283 246 0 -8 0
196 283 280 249 8 8 0
204 291 277 252 0 -8 0
204 283 274 255 8 -8 0
212 275 271 258 0 8 0
212 283 268 261 0 8 0
212 291 265 264 8 0 0
220 291 262 267 0 8 0
220 299 259 270 0 0 0
220 299 256 273 8 8 0
228 307 253 276 0 8 0
228 315 250 279 8 8 0
236 323 247 282 0 -8 0
236 315 244 285 0 0 0
236 315 241 288 8 0 0
244 315 238 291 0 -8 0
244 307 235 294 0 8 0
244 315 232 297 8 -8 0
252 307 229 300 0 -8 0
252 299 226 303 8 8 0
260 307 223 306 0 0 0
260 307 220 309 0 8 0
260 315 217 312 8 8 0
268 323 214 315 0 -8 0
268 315 211 318 0 8 0
268 323 208 321 8 8 0
276 331 205 324 0 8 0
276 339 202 327 8 -8 0
284 331 199 330 0 0 0
284 331 196 333 0 0 0
284 331 193 336 8 -8 0
292 323 190 339 0 8 0
292 331 187 342 0 8 0
292 339 184 345 8 0 0
300 339 181 348 0 8 0
300 347 178 351 8 8 0
308 355 175 354 0 -8 0
308 347 172 357 0 -8 0
308 339 169 360 8 8 0
316 347 166 363 0 8 0
316 355 163 366 0 -8 0
316 347 160 369 8 8 0
324 355 157 372 0 8 0
324 363 154 375 8 -8 0
332 355 151 378 0 0 0
332 355 148 381 0 0 0
332 355 145 384 8 0 0
340 355 142 387 0 0 0
340 355 139 390 0 0 0
340 355 136 393 8 0 0
348 355 133 396 0 0 0
348 355 130 399 8 -8 0
356 347 127 402 0 0 0
356 347 124 405 0 0 0
356 347 121 408 8 0 0
364 347 118 411 0 8 0
364 355 115 414 0 -8 0
364 347 112 417 8 0 0
372 347 109 420 0 0 0
372 347 106 423 8 -8 0
380 339 103 426 0 -8 0
380 331 100 429 0 -8 0
380 323 97 432 8 8 0
388 331 94 435 0 0 0
388 331 91 438 0 -8 0
388 323 88 441 8 8 0
396 331 85 444 0 -8 0
396 323 82 447 8 8 0
404 331 79 450 0 8 0
404 339 76 453 0 0 0
404 339 73 456 8 0 0
412 339 70 459 0 -8 0
412 331 67 462 0 0 0
412 331 64 465 8 8 0
420 339 61 468 0 -8 0
420 331 58 471 8 0 0
428 331 55 474 0 -8 0
428 323 52 477 0 0 0
428 323 49 480 8 -8 0
436 315 46 483 0 -8 0
436 307 43 486 0 8 0
436 315 40 489 8 0 0
444 315 37 492 0 8 0
444 323 34 495 8 -8 0
452 315 31 498 0 8 0
452 323 28 501 0 -8 0
452 315 25 504 8 -8 0
460 307 22 507 0 -8 0
460 299 19 510 0 8 0
460 307 22 513 8 -8 0
468 299 25 516 0 -8 0
468 291 28 519 8 0 0
476 291 31 522 0 8 0
476 299 34 525 0 0 0
476 299 37 528 8 0 0
484 299 40 531 0 8 0
484 307 43 534 0 8 0
484 315 46 537 8 0 0
492 315 49 540 0 0 0
492 315 52 543 8 -8 0
500 307 55 546 0 8 0
500 315 58 549 0 8 0
500 323 61 552 8 -8 0
508 315 64 555 0 0 0
508 315 67 558 0 8 0
508 323 70 561 8 0 0
516 323 73 564 0 -8 0
516 315 76 567 8 8 0
524 323 79 570 0 -8 0
524 315 82 573 0 0 0
524 315 85 576 8 0 0
532 315 88 579 0 -8 0
532 307 91 582 0 -8 0
532 299 94 585 8 0 0
540 299 97 588 0 -8 0
540 291 100 591 8 -8 0
540 283 103 588 0 -8 0
540 275 106 585 0 -8 0
540 267 109 582 0 8 0
540 275 112 579 0 0 0
540 275 115 576 0 8 0
540 283 118 573 0 8 0
540 291 121 570 0 0 0
540 291 124 567 0 8 0
540 299 127 564 0 8 0
540 307 130 561 0 8 0
540 315 133 558 0 0 0
540 315 136 555 0 0 0
540 315 139 552 0 -8 0
540 307 142 549 0 8 0
540 315 145 546 0 8 0
540 323 148 543 0 0 0
540 323 151 540 0 0 0
540 323 154 537 0 -8 0
540 315 157 534 0 8 0
540 323 160 531 0 0 0
540 323 163 528 0 -8 0
540 315 166 525 0 -8 0
540 307 169 522 0 -8 0
540 299 172 519 0 8 0
540 307 175 516 0 -8 0
540 299 178 513 0 0 0
540 299 181 510 0 8 0
540 307 184 507 0 0 0
540 307 187 504 0 8 0
540 315 190 501 0 8 0
540 323 193 498 0 8 0
540 331 196 495 0 8 0
540 339 199 492 0 0 0
540 339 202 489 -8 0 0
532 339 205 486 0 0 0
532 339 208 483 0 0 0
532 339 211 480 -8 8 0
524 347 214 477 0 0 0
524 347 217 474 0 8 0
524 355 220 471 -8 8 0
516 363 223 468 0 -8 0
516 355 226 465 -8 -8 0
508 347 229 462 0 8 0
508 355 232 459 0 0 0
508 355 235 456 -8 8 0
500 363 238 453 0 8 0
500 371 241 450 0 -8 0
500 363 244 447 -8 0 0
492 363 247 444 0 0 0
492 363 250 441 -8 0 0
484 363 253 438 0 0 0
484 363 256 435 0 0 0
484 363 259 432 -8 8 0
476 371 262 429 0 8 0
476 379 265 426 0 0 0
476 379 268 423 -8 8 0
468 387 271 420 0 8 0
468 395 274 417 -8 8 0
460 403 277 414 0 0 0
460 403 280 411 0 -8 0
460 395 283 408 -8 -8 0
452 387 286 405 0 8 0
452 395 289 402 0 -8 0
452 387 292 399 -8 0 0
444 387 295 396 0 -8 0
444 379 298 393 -8 8 0
436 387 301 390 0 8 0
436 395 304 387 0 -8 0
436 387 307 384 -8 8 0
428 395 310 381 0 0 0
428 395 313 378 0 0 0
428 395 316 375 -8 8 0
420 403 319 372 0 8 0
420 411 322 369 -8 8 0
412 419 325 366 0 -8 0
412 411 328 363 0 0 0
412 411 331 360 -8 8 0
404 419 334 357 0 -8 0
404 411 337 354 0 8 0
404 419 340 351 -8 -8 0
396 411 343 348 0 0 0
396 411 346 345 -8 0 0
388 411 349 342 0 -8 0
388 403 352 339 0 0 0
388 403 355 336 -8 0 0
380 403 358 333 0 0 0
380 403 361 330 0 8 0
380 411 364 327 -8 0 0
372 411 367 324 0 8 0
372 419 370 321 -8 0 0
364 419 373 318 0 8 0
364 427 376 315 0 8 0
364 435 379 312 -8 8 0
356 443 382 309 0 -8 0
356 435 385 306 0 0 0
356 435 388 303 -8 0 0
348 435 391 300 0 0 0
348 435 394 297 -8 8 0
340 443 397 294 0 -8 0
340 435 400 291 0 0 0
340 435 403 288 -8 8 0
332 443 406 285 0 8 0
332 451 409 282 0 8 0
332 459 412 279 -8 -8 0
324 451 415 276 0 -8 0
324 443 418 273 -8 -8 0
316 435 421 270 0 -8 0
316 427 424 267 0 -8 0
316 419 427 264 -8 8 0
308 427 430 261 0 -8 0
308 419 433 258 0 -8 0
308 411 436 255 -8 0 0
300 411 439 252 0 0 0
300 411 442 249 -8 0 0
292 411 445 246 0 0 0
292 411 448 243 0 -8 0
292 403 451 240 -8 -8 0
284 395 454 237 0 0 0
284 395 457 234 0 -8 0
284 387 460 231 -8 8 0
276 395 463 228 0 0 0
276 395 466 225 -8 0 0
268 395 469 222 0 0 0
268 395 472 219 0 0 0
268 395 475 216 -8 8 0
260 403 478 213 0 -8 0
260 395 481 210 0 8 0
260 403 484 207 -8 8 0
252 411 487 204 0 0 0
252 411 490 201 -8 -8 0
244 403 493 198 0 -8 0
244 395 496 195 0 0 0
244 395 499 192 -8 8 0
236 403 502 189 0 0 0
236 403 505 186 0 0 0
236 403 508 183 -8 -8 0
228 395 511 180 0 8 0
228 403 514 177 -8 0 0
220 403 517 174 0 -8 0
220 395 520 171 0 8 0
220 403 523 168 -8 0 0
212 403 526 165 0 8 0
212 411 529 162 0 8 0
212 419 532 159 -8 8 0
204 427 535 156 0 8 0
204 435 538 153 -8 -8 0
196 427 541 150 0 0 0
196 427 544 147 0 8 0
196 435 547 144 -8 0 0
188 435 550 141 0 8 0
188 443 553 138 0 -8 0
188 435 556 135 -8 0 0
180 435 559 132 0 8 0
180 443 562 129 -8 -8 0
172 435 565 126 0 -8 0
172 427 568 123 0 -8 0
172 419 571 120 -8 -8 0
164 411 574 117 0 -8 0
164 403 577 114 0 -8 0
164 395 580 111 -8 -8 0
156 387 583 108 0 8 0
156 395 586 105 -8 -8 0
148 387 589 102 0 0 0
148 387 592 99 0 -8 0
148 379 595 96 -8 8 0
140 387 598 93 0 8 0
140 395 601 90 0 0 0
140 395 604 87 -8 0 0
132 395 607 84 0 0 0
132 395 610 81 -8 -8 0
124 387 613 78 0 -8 0
124 379 616 75 0 -8 0
124 371 619 72 -8 0 0
116 371 622 69 0 -8 0
116 363 625 66 0 -8 0
116 355 628 63 -8 8 0
108 363 631 60 0 8 0
108 371 634 57 -8 -8 0
100 363 637 54 0 8 0
100 371 640 51 0 -8 0
100 363 643 48 -8 0 0
92 363 646 45 0 0 0
92 363 649 42 0 -8 0
92 355 652 39 -8 -8 0
84 347 655 36 0 0 0
84 347 658 33 -8 -8 0
76 339 661 30 0 -8 0
76 331 664 27 0 8 0
76 339 667 24 -8 8 0
68 347 670 21 0 0 0
68 347 673 18 0 8 0
68 355 676 15 -8 -8 0
60 347 679 12 0 8 0
60 355 682 9 -8 8 0
60 363 685 12 0 8 0
60 371 688 15 0 8 0
60 379 691 18 0 8 0
60 387 694 21 0 -8 0
60 379 697 24 0 0 0
60 379 700 27 0 -8 0
60 371 703 30 0 8 0
60 379 706 33 0 -8 0
60 371 709 36 0 -8 0
60 363 712 39 0 8 0
60 371 715 42 0 8 0
60 379 718 45 0 -8 0
60 371 721 48 0 0 0
60 371 724 51 0 0 0
60 371 727 54 0 8 0
60 379 730 57 0 0 0
60 379 733 60 0 0 0
60 379 736 63 0 8 0
60 387 739 66 0 -8 0
60 379 742 69 0 -8 0
60 371 745 72 0 8 0
60 379 748 75 0 8 0
60 387 751 78 0 8 0
60 395 754 81 0 0 0
60 395 757 84 0 8 0
60 403 760 87 0 0 0
60 403 763 90 0 0 0
60 403 766 93 0 0 0
60 403 769 96 0 8 0
60 411 772 99 0 8 0
60 419 775 102 0 -8 0
60 411 778 105 0 -8 0
60 403 781 108 0 0 1
60 403 781 108 0 0 1
60 403 781 108 0 0 1
60 403 781 108 0 0 1
60 403 781 108 0 0 1
