86 458 496 192 0 0 0
86 458 493 195 8 -8 0
94 450 490 198 8 0 0
102 450 487 201 8 -8 0
110 442 484 204 8 0 0
118 442 481 207 8 -8 0
126 434 478 210 8 0 0
134 434 475 213 8 0 0
142 434 472 216 8 -8 0
150 426 469 219 8 0 0
158 426 466 222 8 -8 0
166 418 463 225 8 -8 0
174 410 460 228 8 8 0
182 418 457 231 0 8 0
182 426 454 234 8 0 0
190 426 451 237 0 8 0
190 434 448 240 0 0 0
190 434 445 243 8 -8 0
198 426 442 246 0 8 0
198 434 439 249 8 -8 0
206 426 436 252 0 0 0
206 426 433 255 0 -8 0
206 418 430 258 8 -8 0
214 410 427 261 0 -8 0
214 402 424 264 0 -8 0
214 394 421 267 8 0 0
222 394 418 270 0 0 0
222 394 415 273 8 8 0
230 402 412 276 0 -8 0
230 394 409 279 0 -8 0
230 386 406 282 8 0 0
238 386 403 285 0 -8 0
238 378 400 288 0 0 0
238 378 397 291 8 8 0
246 386 394 294 0 -8 0
246 378 391 297 8 0 0
254 378 388 300 0 -8 0
254 370 385 303 0 0 0
254 370 382 306 8 0 0
262 370 379 309 0 8 0
262 378 376 312 0 8 0
262 386 373 315 8 8 0
270 394 370 318 0 0 0
270 394 367 321 8 8 0
278 402 364 324 0 -8 0
278 394 361 327 0 0 0
278 394 358 330 8 -8 0
286 386 355 333 0 8 0
286 394 352 336 0 0 0
286 394 349 339 8 8 0
294 402 346 342 0 0 0
294 402 343 345 8 8 0
302 410 340 348 0 -8 0
302 402 337 351 0 0 0
302 402 334 354 8 -8 0
310 394 331 357 0 0 0
310 394 328 360 0 -8 0
310 386 325 363 8 -8 0
318 378 322 366 0 8 0
318 386 319 369 8 -8 0
326 378 316 372 0 0 0
326 378 313 375 0 0 0
326 378 310 378 8 -8 0
334 370 307 381 0 -8 0
334 362 304 384 0 -8 0
334 354 301 387 8 -8 0
342 346 298 390 0 0 0
342 346 295 393 8 8 0
350 354 292 396 0 -8 0
350 346 289 399 0 8 0
350 354 286 402 8 -8 0
358 346 283 405 0 0 0
358 346 280 408 0 -8 0
358 338 277 411 8 0 0
366 338 274 414 0 0 0
366 338 271 417 8 -8 0
374 330 268 420 0 8 0
374 338 265 423 0 8 0
374 346 262 426 8 8 0
382 354 259 429 0 0 0
382 354 256 432 0 8 0
382 362 253 435 8 -8 0
390 354 250 438 0 8 0
390 362 247 441 8 0 0
398 362 244 444 0 0 0
398 362 241 447 0 8 0
398 370 238 450 8 8 0
406 378 235 453 0 0 0
406 378 232 456 0 -8 0
406 370 229 459 8 0 0
414 370 226 462 0 0 0
414 370 223 465 8 0 0
422 370 220 468 0 8 0
422 378 217 471 0 8 0
422 386 214 474 8 8 0
430 394 211 477 0 8 0
430 402 208 480 0 -8 0
430 394 205 483 8 0 0
438 394 202 486 0 0 0
438 394 199 489 8 0 0
446 394 196 492 0 8 0
446 402 193 495 0 8 0
446 410 190 498 8 0 0
454 410 187 501 0 -8 0
454 402 184 504 0 -8 0
454 394 181 507 8 -8 0
462 386 178 510 0 0 0
462 386 175 513 8 0 0
470 386 172 516 0 0 0
470 386 169 519 0 8 0
470 394 166 522 8 8 0
478 402 163 525 0 -8 0
478 394 160 528 0 8 0
478 402 157 531 8 -8 0
486 394 154 534 0 8 0
486 402 151 537 8 8 0
494 410 148 540 0 8 0
494 418 145 543 0 -8 0
494 410 142 546 8 -8 0
502 402 139 549 0 8 0
502 410 136 552 0 8 0
502 418 133 555 8 -8 0
510 410 130 558 0 8 0
510 418 127 561 8 8 0
518 426 124 564 0 -8 0
518 418 121 567 0 8 0
518 426 118 570 8 0 0
526 426 115 573 0 -8 0
526 418 112 576 0 0 0
526 418 109 579 8 -8 0
534 410 106 582 0 0 0
534 410 103 585 8 0 0
540 410 100 588 0 8 0
540 418 97 591 8 8 0
540 426 94 588 0 8 0
540 434 91 585 0 8 0
540 442 88 582 0 0 0
540 442 85 579 0 0 0
540 442 82 576 0 0 0
540 442 79 573 0 -8 0
540 434 76 570 0 0 0
540 434 73 567 0 -8 0
540 426 70 564 0 8 0
540 434 67 561 0 0 0
540 434 64 558 0 -8 0
540 426 61 555 0 -8 0
540 418 58 552 0 -8 0
540 410 55 549 0 -8 0
540 402 52 546 0 8 0
540 410 49 543 0 8 0
540 418 46 540 0 -8 0
540 410 43 537 0 -8 0
540 402 40 534 0 -8 0
540 394 37 531 0 0 0
540 394 34 528 0 8 0
540 402 31 525 0 -8 0
540 394 28 522 0 0 0
540 394 25 519 0 -8 0
540 386 22 516 0 0 0
540 386 19 513 0 8 0
540 394 22 510 0 0 0
540 394 25 507 0 -8 0
540 386 28 504 0 0 0
540 386 31 501 0 8 0
540 394 34 498 0 0 0
540 394 37 495 0 0 0
540 394 40 492 0 -8 0
540 386 43 489 -8 8 0
532 394 46 486 0 8 0
532 402 49 483 0 -8 0
532 394 52 480 -8 0 0
524 394 55 477 0 -8 0
524 386 58 474 0 8 0
524 394 61 471 -8 0 0
516 394 64 468 0 8 0
516 402 67 465 -8 8 0
508 410 70 462 0 -8 0
508 402 73 459 0 -8 0
508 394 76 456 -8 8 0
500 402 79 453 0 0 0
500 402 82 450 0 8 0
500 410 85 447 -8 0 0
492 410 88 444 0 -8 0
492 402 91 441 -8 -8 0
484 394 94 438 0 -8 0
484 386 97 435 0 0 0
484 386 100 432 -8 8 0
476 394 103 429 0 8 0
476 402 106 426 0 0 0
476 402 109 423 -8 8 0
468 410 112 420 0 0 0
468 410 115 417 -8 8 0
460 418 118 414 0 0 0
460 418 121 411 0 0 0
460 418 124 408 -8 0 0
452 418 127 405 0 8 0
452 426 130 402 0 0 0
452 426 133 399 -8 8 0
444 434 136 396 0 8 0
444 442 139 393 -8 8 0
436 450 142 390 0 0 0
436 450 145 387 0 8 0
436 458 148 384 -8 0 0
428 458 151 381 0 -8 0
428 450 154 378 0 0 0
428 450 157 375 -8 0 0
420 450 160 372 0 -8 0
420 442 163 369 -8 8 0
412 450 166 366 0 8 0
412 458 169 363 0 8 0
412 466 172 360 -8 8 0
404 474 175 357 0 8 0
404 482 178 354 0 0 0
404 482 181 351 -8 0 0
396 482 184 348 0 8 0
396 490 187 345 -8 8 0
388 498 190 342 0 -8 0
388 490 193 339 0 0 0
388 490 196 336 -8 -8 0
380 482 199 333 0 0 0
380 482 202 330 0 0 0
380 482 205 327 -8 0 0
372 482 208 324 0 8 0
372 490 211 321 -8 8 0
364 498 214 318 0 -8 0
364 490 217 315 0 8 0
364 498 220 312 -8 -8 0
356 490 223 309 0 8 0
356 498 226 306 0 -8 0
356 490 229 303 -8 -8 0
348 482 232 300 0 8 0
348 490 235 297 -8 -8 0
340 482 238 294 0 0 0
340 482 241 291 0 8 0
340 490 244 288 -8 0 0
332 490 247 285 0 8 0
332 498 250 282 0 0 0
332 498 253 279 -8 0 0
324 498 256 276 0 -8 0
324 490 259 273 -8 0 0
316 490 262 270 0 0 0
316 490 265 267 0 -8 0
316 482 268 264 -8 8 0
308 490 271 261 0 -8 0
308 482 274 258 0 8 0
308 490 277 255 -8 -8 0
300 482 280 252 0 0 0
300 482 283 249 -8 8 0
292 490 286 246 0 -8 0
292 482 289 243 0 8 0
292 490 292 240 -8 0 0
284 490 295 237 0 -8 0
284 482 298 234 0 -8 0
284 474 301 231 -8 8 0
276 482 304 228 0 0 0
276 482 307 225 -8 -8 0
268 474 310 222 0 8 0
268 482 313 219 0 8 0
268 490 316 216 -8 -8 0
260 482 319 213 0 0 0
260 482 322 210 0 0 0
260 482 325 207 -8 -8 0
252 474 328 204 0 -8 0
252 466 331 201 -8 -8 0
244 458 334 198 0 -8 0
244 450 337 195 0 8 0
244 458 340 192 -8 8 0
236 466 343 189 0 0 0
236 466 346 186 0 0 0
236 466 349 183 -8 0 0
228 466 352 180 0 -8 0
228 458 355 177 -8 8 0
220 466 358 174 0 8 0
220 474 361 171 0 -8 0
220 466 364 168 -8 8 0
212 474 367 165 0 8 0
212 482 370 162 0 8 0
212 490 373 159 -8 0 0
204 490 376 156 0 0 0
204 490 379 153 -8 -8 0
196 482 382 150 0 -8 0
196 474 385 147 0 0 0
196 474 388 144 -8 -8 0
188 466 391 141 0 -8 0
188 458 394 138 0 0 0
188 458 397 135 -8 0 0
180 458 400 132 0 8 0
180 466 403 129 -8 -8 0
172 458 406 126 0 8 0
172 466 409 123 0 -8 0
172 458 412 120 -8 -8 0
164 450 415 117 0 -8 0
164 442 418 114 0 -8 0
164 434 421 111 -8 0 0
156 434 424 108 0 -8 0
156 426 427 105 -8 8 0
148 434 430 102 0 -8 0
148 426 433 99 0 -8 0
148 418 436 96 -8 0 0
140 418 439 93 0 0 0
140 418 442 90 0 -8 0
140 410 445 87 -8 -8 0
132 402 448 84 0 8 0
132 410 451 81 -8 0 0
124 410 454 78 0 8 0
124 418 457 75 0 8 0
124 426 460 72 -8 -8 0
116 418 463 69 0 8 0
116 426 466 66 0 0 0
116 426 469 63 -8 -8 0
108 418 472 60 0 0 0
108 418 475 57 -8 8 0
100 426 478 54 0 0 0
100 426 481 51 0 0 0
100 426 484 48 -8 -8 0
92 418 487 45 0 8 0
92 426 490 42 0 -8 0
92 418 493 39 -8 -8 0
84 410 496 36 0 8 0
84 418 499 33 -8 8 0
76 426 502 30 0 0 0
76 426 505 27 0 0 0
76 426 508 24 -8 0 0
68 426 511 21 0 0 0
68 426 514 18 0 -8 0
68 418 517 15 -8 8 0
60 426 520 12 0 0 0
60 426 523 9 -8 -8 0
60 418 526 12 0 0 0
60 418 529 15 0 0 0
60 418 532 18 0 8 0
60 426 535 21 0 -8 0
60 418 538 24 0 8 0
60 426 541 27 0 0 0
60 426 544 30 0 8 0
60 434 547 33 0 -8 0
60 426 550 36 0 0 0
60 426 553 39 0 8 0
60 434 556 42 0 0 0
60 434 559 45 0 -8 0
60 426 562 48 0 8 0
60 434 565 51 0 -8 0
60 426 568 54 0 0 0
60 426 571 57 0 0 0
60 426 574 60 0 -8 0
60 418 577 63 0 0 0
60 418 580 66 0 -8 0
60 410 583 69 0 0 0
60 410 586 72 0 -8 0
60 402 589 75 0 0 0
60 402 592 78 0 0 0
60 402 595 81 0 -8 0
60 394 598 84 0 0 0
60 394 601 87 0 0 0
60 394 604 90 0 8 0
60 402 607 93 0 0 0
60 402 610 96 0 8 0
60 410 613 99 0 -8 0
60 402 616 102 0 -8 0
60 394 619 105 0 -8 0
60 386 622 108 0 8 0
60 394 625 111 8 0 0
68 394 628 114 0 -8 0
68 386 631 117 0 0 0
68 386 634 120 8 0 0
76 386 637 123 0 -8 0
76 378 640 126 0 8 0
76 386 643 129 8 8 0
84 394 646 132 0 -8 0
84 386 649 135 8 8 0
92 394 652 138 0 -8 0
92 386 655 141 0 8 0
92 394 658 144 8 0 0
100 394 661 147 0 8 0
100 402 664 150 0 8 0
100 410 667 153 8 -8 0
108 402 670 156 0 -8 0
108 394 673 159 8 8 0
116 402 676 162 0 -8 0
116 394 679 165 0 -8 0
116 386 682 168 8 -8 0
124 378 685 171 0 -8 0
124 370 688 174 0 -8 0
124 362 691 177 8 0 0
132 362 694 180 0 0 0
132 362 697 183 8 -8 0
140 354 700 186 0 -8 0
140 346 703 189 0 8 0
140 354 706 192 8 -8 0
148 346 709 195 0 0 0
148 346 712 198 0 0 0
148 346 715 201 8 -8 0
156 338 718 204 0 0 0
156 338 721 207 8 0 0
164 338 724 210 0 0 0
164 338 727 213 0 0 0
164 338 730 216 8 -8 0
172 330 733 219 0 0 0
172 330 736 222 0 8 0
172 338 739 225 8 0 0
180 338 742 228 0 0 0
180 338 745 231 8 -8 0
188 330 748 234 0 8 0
188 338 751 237 0 8 0
188 346 754 240 8 8 0
196 354 757 243 0 0 0
196 354 760 246 0 8 0
196 362 763 249 8 -8 0
204 354 766 252 0 -8 0
204 346 769 255 8 0 0
212 346 772 258 0 0 0
212 346 775 261 0 8 0
212 354 778 264 8 8 0
220 362 781 267 0 0 1
220 362 781 267 0 0 1
220 362 781 267 0 0 1
220 362 781 267 0 0 1
220 362 781 267 0 0 1
