532 159 442 207 0 0 0
532 159 439 204 -8 0 0
524 159 436 201 -8 0 0
516 159 433 198 -8 0 0
508 159 430 195 -8 8 0
500 167 427 192 -8 0 0
492 167 424 189 -8 0 0
484 167 421 186 -8 8 0
476 175 418 183 -8 0 0
468 175 415 180 -8 -8 0
460 167 412 177 -8 8 0
452 175 409 174 -8 -8 0
444 167 406 171 -8 -8 0
436 159 403 168 -8 -8 0
428 151 400 165 -8 -8 0
420 143 397 162 -8 0 0
412 143 394 159 -8 0 0
404 143 391 156 -8 -8 0
396 135 388 153 -8 0 0
388 135 385 150 -8 0 0
380 135 382 147 -8 8 0
372 143 379 144 -8 -8 0
364 135 376 141 -8 -8 0
356 127 373 138 -8 8 0
348 135 370 135 -8 0 0
340 135 367 132 -8 0 0
332 135 364 129 -8 8 0
324 143 361 126 -8 8 0
316 151 358 123 -8 -8 0
308 143 355 120 -8 8 0
300 151 352 117 -8 0 0
292 151 349 114 -8 0 0
284 151 346 111 -8 0 0
276 151 343 108 -8 8 0
268 159 340 105 -8 8 0
260 167 337 102 -8 8 0
252 175 334 99 -8 0 0
244 175 331 96 -8 8 0
236 183 328 93 -8 0 0
228 183 325 90 -8 8 0
220 191 322 87 -8 0 0
212 191 319 84 -8 8 0
204 199 316 81 -8 0 0
196 199 313 78 -8 -8 0
188 191 310 75 -8 8 0
180 199 307 72 -8 0 0
172 199 304 69 -8 0 0
164 199 301 66 -8 8 0
156 207 298 63 -8 -8 0
148 199 295 60 -8 -8 0
140 191 292 57 -8 0 0
132 191 289 54 -8 0 0
124 191 286 51 -8 -8 0
116 183 283 48 -8 0 0
108 183 280 45 -8 0 0
100 183 277 42 -8 0 0
92 183 274 39 -8 0 0
84 183 271 36 0 0 0
84 183 268 33 -8 -8 0
76 175 265 30 0 0 0
76 175 262 27 0 -8 0
76 167 259 24 -8 0 0
68 167 256 21 0 0 0
68 167 253 18 0 8 0
68 175 250 15 -8 0 0
60 175 247 12 0 -8 0
60 167 244 9 -8 8 0
60 175 241 12 0 0 0
60 175 238 15 0 -8 0
60 167 235 18 0 -8 0
60 159 232 21 0 0 0
60 159 229 24 0 -8 0
60 151 226 27 0 8 0
60 159 223 30 0 -8 0
60 151 220 33 0 -8 0
60 143 217 36 0 -8 0
60 135 214 39 0 -8 0
60 127 211 42 0 8 0
60 135 208 45 0 0 0
60 135 205 48 0 8 0
60 143 202 51 0 -8 0
60 135 199 54 0 8 0
60 143 196 57 0 -8 0
60 135 193 60 0 8 0
60 143 190 63 0 8 0
60 151 187 66 0 -8 0
60 143 184 69 0 0 0
60 143 181 72 0 0 0
60 143 178 75 0 0 0
60 143 175 78 0 8 0
60 151 172 81 0 -8 0
60 143 169 84 0 8 0
60 151 166 87 0 -8 0
60 143 163 90 0 -8 0
60 135 160 93 0 -8 0
60 127 157 96 0 -8 0
60 119 154 99 0 -8 0
60 111 151 102 0 8 0
60 119 148 105 0 8 0
60 127 145 108 0 0 0
60 127 142 111 8 -8 0
68 119 139 114 0 -8 0
68 111 136 117 0 -8 0
68 103 133 120 8 8 0
76 111 130 123 0 8 0
76 119 127 126 0 8 0
76 127 124 129 8 8 0
84 135 121 132 0 -8 0
84 127 118 135 8 -8 0
92 119 115 138 0 -8 0
92 111 112 141 0 -8 0
92 103 109 144 8 8 0
100 111 106 147 0 -8 0
100 103 103 150 0 8 0
100 111 100 153 8 -8 0
108 103 97 156 0 0 0
108 103 94 159 8 -8 0
116 95 91 162 0 -8 0
116 87 88 165 0 -8 0
116 79 85 168 8 8 0
124 87 82 171 0 0 0
124 87 79 174 0 8 0
124 95 76 177 8 -8 0
132 87 73 180 0 -8 0
132 79 70 183 8 0 0
140 79 67 186 0 0 0
140 79 64 189 0 8 0
140 87 61 192 8 -8 0
148 79 58 195 0 8 0
148 87 55 198 0 -8 0
148 79 52 201 8 8 0
156 87 49 204 0 0 0
156 87 46 207 8 -8 0
164 79 43 210 0 0 0
164 79 40 213 0 -8 0
164 71 37 216 8 -8 0
172 63 34 219 0 0 0
172 63 31 222 0 0 0
172 63 28 225 8 8 0
180 71 25 228 0 8 0
180 79 22 231 8 0 0
188 79 19 234 0 8 0
188 87 22 237 0 -8 0
188 79 25 240 8 0 0
196 79 28 243 0 0 0
196 79 31 246 0 -8 0
196 71 34 249 8 -8 0
204 63 37 252 0 0 0
204 63 40 255 8 8 0
212 71 43 258 0 8 0
212 79 46 261 0 -8 0
212 71 49 264 8 8 0
220 79 52 267 0 -8 0
220 71 55 270 0 0 0
220 71 58 273 8 -8 0
228 63 61 276 0 8 0
228 71 64 279 8 -8 0
236 63 67 282 0 0 0
236 63 70 285 0 8 0
236 71 73 288 8 8 0
244 79 76 291 0 8 0
244 87 79 294 0 8 0
244 95 82 297 8 8 0
252 103 85 300 0 8 0
252 111 88 303 8 0 0
260 111 91 306 0 -8 0
260 103 94 309 0 0 0
260 103 97 312 8 -8 0
268 95 100 315 0 8 0
268 103 103 318 0 8 0
268 111 106 321 8 -8 0
276 103 109 324 0 0 0
276 103 112 327 8 0 0
284 103 115 330 0 -8 0
284 95 118 333 0 0 0
284 95 121 336 8 0 0
292 95 124 339 0 0 0
292 95 127 342 0 -8 0
292 87 130 345 8 0 0
300 87 133 348 0 0 0
300 87 136 351 8 0 0
308 87 139 354 0 -8 0
308 79 142 357 0 0 0
308 79 145 360 8 0 0
316 79 148 363 0 -8 0
316 71 151 366 0 8 0
316 79 154 369 8 0 0
324 79 157 372 0 8 0
324 87 160 375 8 0 0
332 87 163 378 0 8 0
332 95 166 381 0 0 0
332 95 169 384 8 -8 0
340 87 172 387 0 8 0
340 95 175 390 0 0 0
340 95 178 393 8 0 0
348 95 181 396 0 0 0
348 95 184 399 8 0 0
356 95 187 402 0 8 0
356 103 190 405 0 0 0
356 103 193 408 8 -8 0
364 95 196 411 0 0 0
364 95 199 414 0 -8 0
364 87 202 417 8 8 0
372 95 205 420 0 8 0
372 103 208 423 8 8 0
380 111 211 426 0 -8 0
380 103 214 429 0 0 0
380 103 217 432 8 8 0
388 111 220 435 0 8 0
388 119 223 438 0 -8 0
388 111 226 441 8 8 0
396 119 229 444 0 -8 0
396 111 232 447 8 8 0
404 119 235 450 0 -8 0
404 111 238 453 0 0 0
404 111 241 456 8 -8 0
412 103 244 459 0 -8 0
412 95 247 462 0 -8 0
412 87 250 465 8 0 0
420 87 253 468 0 -8 0
420 79 256 471 8 0 0
428 79 259 474 0 -8 0
428 71 262 477 0 0 0
428 71 265 480 8 0 0
436 71 268 483 0 8 0
436 79 271 486 0 0 0
436 79 274 489 8 -8 0
444 71 277 492 0 0 0
444 71 280 495 8 -8 0
452 63 283 498 0 0 0
452 63 286 501 0 8 0
452 71 289 504 8 0 0
460 71 292 507 0 8 0
460 79 295 510 0 8 0
460 87 298 513 8 -8 0
468 79 301 516 0 0 0
468 79 304 519 8 8 0
476 87 307 522 0 8 0
476 95 310 525 0 8 0
476 103 313 528 8 8 0
484 111 316 531 0 0 0
484 111 319 534 0 -8 0
484 103 322 537 8 0 0
492 103 325 540 0 0 0
492 103 328 543 8 0 0
500 103 331 546 0 0 0
500 103 334 549 0 -8 0
500 95 337 552 8 8 0
508 103 340 555 0 -8 0
508 95 343 558 0 8 0
508 103 346 561 8 0 0
516 103 349 564 0 8 0
516 111 352 567 8 0 0
524 111 355 570 0 0 0
524 111 358 573 0 -8 0
524 103 361 576 8 8 0
532 111 364 579 0 8 0
532 119 367 582 0 0 0
532 119 370 585 8 8 0
540 127 373 588 0 -8 0
540 119 376 591 8 8 0
540 127 379 588 0 -8 0
540 119 382 585 0 -8 0
540 111 385 582 0 -8 0
540 103 388 579 0 -8 0
540 95 391 576 0 8 0
540 103 394 573 0 -8 0
540 95 397 570 0 -8 0
540 87 400 567 0 0 0
540 87 403 564 0 8 0
540 95 406 561 0 0 0
540 95 409 558 0 -8 0
540 87 412 555 0 8 0
540 95 415 552 0 -8 0
540 87 418 549 0 0 0
540 87 421 546 0 0 0
540 87 424 543 0 -8 0
540 79 427 540 0 -8 0
540 71 430 537 0 0 0
540 71 433 534 0 -8 0
540 63 436 531 0 -8 0
540 60 439 528 0 0 0
540 60 442 525 0 8 0
540 68 445 522 0 0 0
540 68 448 519 0 -8 0
540 60 451 516 0 -8 0
540 60 454 513 0 8 0
540 68 457 510 0 -8 0
540 60 460 507 0 8 0
540 68 463 504 0 8 0
540 76 466 501 0 0 0
540 76 469 498 0 0 0
540 76 472 495 0 8 0
540 84 475 492 0 0 0
540 84 478 489 -8 8 0
532 92 481 486 0 0 0
532 92 484 483 0 8 0
532 100 487 480 -8 0 0
524 100 490 477 0 8 0
524 108 493 474 0 0 0
524 108 496 471 -8 8 0
516 116 499 468 0 -8 0
516 108 502 465 -8 8 0
508 116 505 462 0 0 0
508 116 508 459 0 8 0
508 124 511 456 -8 8 0
500 132 514 453 0 8 0
500 140 517 450 0 0 0
500 140 520 447 -8 0 0
492 140 523 444 0 0 0
492 140 526 441 -8 8 0
484 148 529 438 0 8 0
484 156 532 435 0 0 0
484 156 535 432 -8 -8 0
476 148 538 429 0 0 0
476 148 541 426 0 8 0
476 156 544 423 -8 -8 0
468 148 547 420 0 0 0
468 148 550 417 -8 8 0
460 156 553 414 0 -8 0
460 148 556 411 0 0 0
460 148 559 408 -8 8 0
452 156 562 405 0 0 0
452 156 565 402 0 0 0
452 156 568 399 -8 8 0
444 164 571 396 0 -8 0
444 156 574 393 -8 0 0
436 156 577 390 0 8 0
436 164 580 387 0 8 0
436 172 583 384 -8 0 0
428 172 586 381 0 8 0
428 180 589 378 0 -8 0
428 172 592 375 -8 0 0
420 172 595 372 0 8 0
420 180 598 369 -8 8 0
412 188 601 366 0 8 0
412 196 604 363 0 -8 0
412 188 607 360 -8 -8 0
404 180 610 357 0 0 0
404 180 613 354 0 8 0
404 188 616 351 -8 0 0
396 188 619 348 0 8 0
396 196 622 345 -8 -8 0
388 188 625 342 0 -8 0
388 180 628 339 0 -8 0
388 172 631 336 -8 -8 0
380 164 634 333 0 -8 0
380 156 637 330 0 -8 0
380 148 640 327 -8 0 0
372 148 643 324 0 0 0
372 148 646 321 -8 0 0
364 148 649 318 0 8 0
364 156 652 315 0 -8 0
364 148 655 312 -8 8 0
356 156 658 309 0 0 0
356 156 661 306 0 -8 0
356 148 664 303 -8 -8 0
348 140 667 300 0 -8 0
348 132 670 297 -8 -8 0
340 124 673 294 0 0 0
340 124 676 291 0 0 0
340 124 679 288 -8 0 0
332 124 682 285 0 -8 0
332 116 685 282 0 -8 0
332 108 688 279 -8 -8 0
324 100 691 276 0 0 0
324 100 694 273 -8 -8 0
316 92 697 270 0 -8 0
316 84 700 267 0 -8 0
316 76 703 264 -8 8 0
308 84 706 261 0 8 0
308 92 709 258 0 0 0
308 92 712 255 -8 8 0
300 100 715 252 0 0 0
300 100 718 249 -8 -8 0
292 92 721 246 0 0 0
292 92 724 243 0 -8 0
292 84 727 240 -8 0 0
284 84 730 237 0 -8 0
284 76 733 234 0 -8 0
284 68 736 231 -8 8 0
276 76 739 228 0 8 0
276 84 742 225 -8 -8 0
268 76 745 222 0 -8 0
268 68 748 219 0 0 0
268 68 751 216 -8 -8 0
260 60 754 213 0 -8 0
260 60 757 210 0 -8 0
260 60 760 207 -8 8 0
252 68 763 204 0 -8 0
252 60 766 201 -8 -8 0
244 60 769 198 0 -8 0
244 60 772 195 0 0 0
244 60 775 192 -8 8 0
236 68 778 189 0 8 0
236 76 781 186 0 0 1
236 76 781 186 0 0 1
236 76 781 186 0 0 1
236 76 781 186 0 0 1
236 76 781 186 0 0 1
