540 439 271 117 0 0 0
540 439 268 120 -8 8 0
532 447 265 123 -8 -8 0
524 439 262 126 -8 8 0
516 447 259 129 -8 0 0
508 447 256 132 -8 -8 0
500 439 253 135 -8 -8 0
492 431 250 138 -8 0 0
484 431 247 141 -8 8 0
476 439 244 144 -8 0 0
468 439 241 147 -8 0 0
460 439 238 150 -8 0 0
452 439 235 153 -8 8 0
444 447 232 156 -8 8 0
436 455 229 159 -8 0 0
428 455 226 162 -8 -8 0
420 447 223 165 -8 -8 0
412 439 220 168 -8 -8 0
404 431 217 171 -8 -8 0
396 423 214 174 -8 -8 0
388 415 211 177 -8 -8 0
380 407 208 180 -8 -8 0
372 399 205 183 -8 8 0
364 407 202 186 -8 -8 0
356 399 199 189 -8 0 0
348 399 196 192 -8 -8 0
340 391 193 195 -8 8 0
332 399 190 198 -8 0 0
324 399 187 201 -8 -8 0
316 391 184 204 -8 0 0
308 391 181 207 -8 -8 0
300 383 178 210 -8 -8 0
292 375 175 213 -8 8 0
284 383 172 216 -8 8 0
276 391 169 219 -8 0 0
268 391 166 222 0 0 0
268 391 163 225 0 0 0
268 391 160 228 0 0 0
268 391 157 231 0 -8 0
268 383 154 234 0 8 0
268 391 151 237 0 0 0
268 391 148 240 0 8 0
268 399 145 243 0 0 0
268 399 142 246 0 0 0
268 399 139 249 0 8 0
268 407 136 252 0 -8 0
268 399 133 255 0 8 0
268 407 130 258 0 0 0
268 407 127 261 0 0 0
268 407 124 264 0 0 0
268 407 121 267 0 0 0
268 407 118 270 0 -8 0
268 399 115 273 0 -8 0
268 391 112 276 0 0 0
268 391 109 279 0 -8 0
268 383 106 282 0 0 0
268 383 103 285 0 -8 0
268 375 100 288 0 8 0
268 383 97 291 0 0 0
268 383 94 294 0 -8 0
268 375 91 297 0 -8 0
268 367 88 300 0 8 0
268 375 85 303 0 -8 0
268 367 82 306 0 8 0
268 375 79 309 0 8 0
268 383 76 312 0 8 0
268 391 73 315 0 8 0
268 399 70 318 0 -8 0
268 391 67 321 8 -8 0
276 383 64 324 0 0 0
276 383 61 327 8 0 0
284 383 58 330 0 0 0
284 383 55 333 0 -8 0
284 375 52 336 8 0 0
292 375 49 339 0 0 0
292 375 46 342 0 0 0
292 375 43 345 8 0 0
300 375 40 348 0 -8 0
300 367 37 351 8 0 0
308 367 34 354 0 0 0
308 367 31 357 0 0 0
308 367 28 360 8 0 0
316 367 25 363 0 -8 0
316 359 22 366 0 0 0
316 359 19 369 0 0 1
316 359 19 369 0 0 1
316 359 19 369 0 0 1
316 359 19 369 0 0 1
316 359 19 369 0 0 1
