420 295 301 210 0 0 0
420 295 298 207 -8 -8 0
412 287 295 204 -8 -8 0
404 279 292 201 -8 8 0
396 287 289 198 -8 8 0
388 295 286 195 -8 8 0
380 303 283 192 -8 0 0
372 303 280 189 -8 0 0
364 303 277 186 -8 0 0
356 303 274 183 -8 8 0
348 311 271 180 -8 0 0
340 311 268 177 -8 -8 0
332 303 265 174 -8 8 0
324 311 262 171 -8 8 0
316 319 259 168 -8 0 0
308 319 256 165 -8 -8 0
300 311 253 162 -8 8 0
292 319 250 159 -8 -8 0
284 311 247 156 -8 8 0
276 319 244 153 -8 -8 0
268 311 241 150 -8 8 0
260 319 238 147 -8 8 0
252 327 235 144 -8 0 0
244 327 232 141 -8 -8 0
236 319 229 138 -8 8 0
228 327 226 135 -8 -8 0
220 319 223 132 -8 8 0
212 327 220 129 -8 -8 0
204 319 217 126 -8 8 0
196 327 214 123 -8 8 0
188 335 211 120 -8 8 0
180 343 208 117 -8 -8 0
172 335 205 114 -8 8 0
164 343 202 111 -8 -8 0
156 335 199 108 0 0 0
156 335 196 105 -8 8 0
148 343 193 102 0 8 0
148 351 190 99 0 -8 0
148 343 187 96 -8 0 0
140 343 184 93 0 0 0
140 343 181 90 0 8 0
140 351 178 87 -8 8 0
132 359 175 84 0 0 0
132 359 172 81 -8 8 0
124 367 169 78 0 0 0
124 367 166 75 0 0 0
124 367 163 72 -8 8 0
116 375 160 69 0 -8 0
116 367 157 66 0 -8 0
116 359 154 63 -8 0 0
108 359 151 60 0 -8 0
108 351 148 57 -8 0 0
100 351 145 54 0 0 0
100 351 142 51 0 8 0
100 359 139 48 -8 -8 0
92 351 136 45 0 0 0
92 351 133 42 0 8 0
92 359 130 39 -8 8 0
84 367 127 36 0 8 0
84 375 124 33 -8 0 0
76 375 121 30 0 0 0
76 375 118 27 0 -8 0
76 367 115 24 -8 -8 0
68 359 112 21 0 0 0
68 359 109 18 0 0 0
68 359 106 15 -8 8 0
60 367 103 12 0 0 0
60 367 100 9 -8 8 0
60 375 97 12 0 -8 0
60 367 94 15 0 0 0
60 367 91 18 0 8 0
60 375 88 21 0 8 0
60 383 85 24 0 0 0
60 383 82 27 0 8 0
60 391 79 30 0 8 0
60 399 76 33 0 0 0
60 399 73 36 0 8 0
60 407 70 39 0 0 0
60 407 67 42 0 -8 0
60 399 64 45 0 0 0
60 399 61 48 0 -8 0
60 391 58 51 0 -8 0
60 383 55 54 0 8 0
60 391 52 57 0 -8 0
60 383 49 60 0 8 0
60 391 46 63 0 8 0
60 399 43 66 0 0 0
60 399 40 69 0 -8 0
60 391 37 72 0 0 0
60 391 34 75 0 0 0
60 391 31 78 0 -8 0
60 383 28 81 0 -8 0
60 375 25 84 0 -8 0
60 367 22 87 0 0 0
60 367 19 90 0 -8 0
60 359 22 93 0 8 0
60 367 25 96 0 8 0
60 375 28 99 0 -8 0
60 367 31 102 0 0 0
60 367 34 105 0 -8 0
60 359 37 108 0 -8 0
60 351 40 111 8 0 0
68 351 43 114 0 -8 0
68 343 46 117 0 8 0
68 351 49 120 8 -8 0
76 343 52 123 0 8 0
76 351 55 126 0 -8 0
76 343 58 129 8 -8 0
84 335 61 132 0 -8 0
84 327 64 135 8 8 0
92 335 67 138 0 0 0
92 335 70 141 0 -8 0
92 327 73 144 8 -8 0
100 319 76 147 0 0 0
100 319 79 150 0 8 0
100 327 82 153 8 0 0
108 327 85 156 0 8 0
108 335 88 159 8 8 0
116 343 91 162 0 8 0
116 351 94 165 0 -8 0
116 343 97 168 8 8 0
124 351 100 171 0 0 0
124 351 103 174 0 -8 0
124 343 106 177 8 -8 0
132 335 109 180 0 0 0
132 335 112 183 8 0 0
140 335 115 186 0 0 0
140 335 118 189 0 -8 0
140 327 121 192 8 -8 0
148 319 124 195 0 -8 0
148 311 127 198 0 8 0
148 319 130 201 8 0 0
156 319 133 204 0 -8 0
156 311 136 207 8 -8 0
164 303 139 210 0 -8 0
164 295 142 213 0 -8 0
164 287 145 216 8 -8 0
172 279 148 219 0 -8 0
172 271 151 222 0 -8 0
172 263 154 225 8 0 0
180 263 157 228 0 8 0
180 271 160 231 8 -8 0
188 263 163 234 0 -8 0
188 255 166 237 0 0 0
188 255 169 240 8 8 0
196 263 172 243 0 8 0
196 271 175 246 0 -8 0
196 263 178 249 8 -8 0
204 255 181 252 0 0 0
204 255 184 255 8 0 0
212 255 187 258 0 -8 0
212 247 190 261 0 8 0
212 255 193 264 8 -8 0
220 247 196 267 0 0 0
220 247 199 270 0 8 0
220 255 202 273 8 0 0
228 255 205 276 0 8 0
228 263 208 279 8 0 0
236 263 211 282 0 -8 0
236 255 214 285 0 0 0
236 255 217 288 8 -8 0
244 247 220 291 0 8 0
244 255 223 294 0 0 0
244 255 226 297 8 8 0
252 263 229 300 0 0 0
252 263 232 303 8 0 0
260 263 235 306 0 0 0
260 263 238 309 0 -8 0
260 255 241 312 8 8 0
268 263 244 315 0 0 0
268 263 247 318 0 8 0
268 271 250 321 8 0 0
276 271 253 324 0 8 0
276 279 256 327 8 0 0
284 279 259 330 0 0 0
284 279 262 333 0 -8 0
284 271 265 336 8 0 0
292 271 268 339 0 -8 0
292 263 271 342 0 -8 0
292 255 274 345 8 0 0
300 255 277 348 0 8 0
300 263 280 351 8 -8 0
308 255 283 354 0 0 0
308 255 286 357 0 8 0
308 263 289 360 8 -8 0
316 255 292 363 0 -8 0
316 247 295 366 0 -8 0
316 239 298 369 8 8 0
324 247 301 372 0 -8 0
324 239 304 375 8 0 0
332 239 307 378 0 8 0
332 247 310 381 0 -8 0
332 239 313 384 8 0 0
340 239 316 387 0 -8 0
340 231 319 390 0 -8 0
340 223 322 393 8 -8 0
348 215 325 396 0 8 0
348 223 328 399 8 -8 0
356 215 331 402 0 0 0
356 215 334 405 0 8 0
356 223 337 408 8 0 0
364 223 340 411 0 -8 0
364 215 343 414 0 -8 0
364 207 346 417 8 8 0
372 215 349 420 0 0 0
372 215 352 423 8 -8 0
380 207 355 426 0 0 0
380 207 358 429 0 0 0
380 207 361 432 8 8 0
388 215 364 435 0 -8 0
388 207 367 438 0 -8 0
388 199 370 441 8 -8 0
396 191 373 444 0 0 0
396 191 376 447 8 -8 0
404 183 379 450 0 -8 0
404 175 382 453 0 0 0
404 175 385 456 8 0 0
412 175 388 459 0 8 0
412 183 391 462 0 8 0
412 191 394 465 8 8 0
420 199 397 468 0 0 0
420 199 400 471 8 -8 0
428 191 403 474 0 8 0
428 199 406 477 0 0 0
428 199 409 480 8 8 0
436 207 412 483 0 0 0
436 207 415 486 0 -8 0
436 199 418 489 8 0 0
444 199 421 492 0 0 0
444 199 424 495 8 8 0
452 207 427 498 0 0 0
452 207 430 501 0 0 0
452 207 433 504 8 8 0
460 215 436 507 0 8 0
460 223 439 510 0 0 0
460 223 442 513 8 0 0
468 223 445 516 0 0 0
468 223 448 519 8 8 0
476 231 451 522 0 8 0
476 239 454 525 0 8 0
476 247 457 528 8 -8 0
484 239 460 531 0 0 0
484 239 463 534 0 -8 0
484 231 466 537 8 -8 0
492 223 469 540 0 0 0
492 223 472 543 8 8 0
500 231 475 546 0 0 0
500 231 478 549 0 8 0
500 239 481 552 8 0 0
508 239 484 555 0 8 0
508 247 487 558 0 -8 0
508 239 490 561 8 -8 0
516 231 493 564 0 0 0
516 231 496 567 8 -8 0
524 223 499 570 0 8 0
524 231 502 573 0 -8 0
524 223 505 576 8 0 0
532 223 508 579 0 8 0
532 231 511 582 0 8 0
532 239 514 585 8 0 0
540 239 517 588 0 8 0
540 247 520 591 8 -8 0
540 239 523 588 0 -8 0
540 231 526 585 0 0 0
540 231 529 582 0 0 0
540 231 532 579 0 -8 0
540 223 535 576 0 -8 0
540 215 538 573 0 8 0
540 223 541 570 0 -8 0
540 215 544 567 0 8 0
540 223 547 564 0 8 0
540 231 550 561 0 0 0
540 231 553 558 0 8 0
540 239 556 555 0 8 0
540 247 559 552 0 0 0
540 247 562 549 0 8 0
540 255 565 546 0 -8 0
540 247 568 543 0 -8 0
540 239 571 540 0 8 0
540 247 574 537 0 8 0
540 255 577 534 0 8 0
540 263 580 531 0 0 0
540 263 583 528 0 8 0
540 271 586 525 0 0 0
540 271 589 522 0 8 0
540 279 592 519 0 0 0
540 279 595 516 0 8 0
540 287 598 513 0 -8 0
540 279 601 510 0 -8 0
540 271 604 507 0 0 0
540 271 607 504 0 0 0
540 271 610 501 0 -8 0
540 263 613 498 0 8 0
540 271 616 495 0 8 0
540 279 619 492 0 0 0
540 279 622 489 -8 0 0
532 279 625 486 0 -8 0
532 271 628 483 0 8 0
532 279 631 480 -8 -8 0
524 271 634 477 0 0 0
524 271 637 474 0 -8 0
524 263 640 471 -8 8 0
516 271 643 468 0 -8 0
516 263 646 465 -8 0 0
508 263 649 462 0 0 0
508 263 652 459 0 0 0
508 263 655 456 -8 -8 0
500 255 658 453 0 0 0
500 255 661 450 0 -8 0
500 247 664 447 -8 -8 0
492 239 667 444 0 0 0
492 239 670 441 -8 0 0
484 239 673 438 0 0 0
484 239 676 435 0 8 0
484 247 679 432 -8 8 0
476 255 682 429 0 0 0
476 255 685 426 0 -8 0
476 247 688 423 -8 8 0
468 255 691 420 0 -8 0
468 247 694 417 -8 -8 0
460 239 697 414 0 0 0
460 239 700 411 0 -8 0
460 231 703 408 -8 -8 0
452 223 706 405 0 0 0
452 223 709 402 0 -8 0
452 215 712 399 -8 -8 0
444 207 715 396 0 8 0
444 215 718 393 -8 -8 0
436 207 721 390 0 -8 0
436 199 724 387 0 0 0
436 199 727 384 -8 0 0
428 199 730 381 0 0 0
428 199 733 378 0 -8 0
428 191 736 375 -8 -8 0
420 183 739 372 0 -8 0
420 175 742 369 -8 0 0
412 175 745 366 0 0 0
412 175 748 363 0 0 0
412 175 751 360 -8 0 0
404 175 754 357 0 0 0
404 175 757 354 0 -8 0
404 167 760 351 -8 -8 0
396 159 763 348 0 -8 0
396 151 766 345 -8 0 0
388 151 769 342 0 0 0
388 151 772 339 0 -8 0
388 143 775 336 -8 -8 0
380 135 778 333 0 0 0
380 135 781 330 0 0 1
380 135 781 330 0 0 1
380 135 781 330 0 0 1
380 135 781 330 0 0 1
380 135 781 330 0 0 1
