418 376 445 318 0 0 0
418 376 448 321 -8 8 0
410 384 451 324 -8 8 0
402 392 454 327 -8 0 0
394 392 457 330 -8 8 0
386 400 460 333 -8 -8 0
378 392 463 336 0 8 0
378 400 466 339 0 8 0
378 408 469 342 0 0 0
378 408 472 345 0 0 0
378 408 475 348 0 8 0
378 416 478 351 0 -8 0
378 408 481 354 0 8 0
378 416 484 357 0 8 0
378 424 487 360 0 0 0
378 424 490 363 0 -8 0
378 416 493 366 0 0 0
378 416 496 369 0 0 0
378 416 499 372 0 8 0
378 424 502 375 0 -8 0
378 416 505 378 0 -8 0
378 408 508 381 0 0 0
378 408 511 384 0 8 0
378 416 514 387 0 -8 0
378 408 517 390 0 -8 0
378 400 520 393 0 0 0
378 400 523 396 0 0 0
378 400 526 399 0 8 0
378 408 529 402 0 0 0
378 408 532 405 0 8 0
378 416 535 408 0 0 0
378 416 538 411 0 8 0
378 424 541 414 0 -8 0
378 416 544 417 0 -8 0
378 408 547 420 0 -8 0
378 400 550 423 0 0 0
378 400 553 426 0 0 0
378 400 556 429 8 8 0
386 408 559 432 0 -8 0
386 400 562 435 0 -8 0
386 392 565 438 8 0 0
394 392 568 441 0 0 0
394 392 571 444 0 0 0
394 392 574 447 8 0 0
402 392 577 450 0 -8 0
402 384 580 453 8 -8 0
410 376 583 456 0 8 0
410 384 586 459 0 8 0
410 392 589 462 8 8 0
418 400 592 465 0 8 0
418 408 595 468 0 -8 0
418 400 598 471 8 -8 0
426 392 601 474 0 -8 0
426 384 604 477 8 -8 0
434 376 607 480 0 -8 0
434 368 610 483 0 0 0
434 368 613 486 8 -8 0
442 360 616 489 0 0 0
442 360 619 492 0 0 0
442 360 622 495 8 8 0
450 368 625 498 0 8 0
450 376 628 501 8 0 0
458 376 631 504 0 -8 0
458 368 634 507 0 -8 0
458 360 637 510 8 0 0
466 360 640 513 0 0 0
466 360 643 516 0 -8 0
466 352 646 519 8 0 0
474 352 649 522 0 8 0
474 360 652 525 8 -8 0
482 352 655 528 0 -8 0
482 344 658 531 0 -8 0
482 336 661 534 8 0 0
490 336 664 537 0 -8 0
490 328 667 540 0 0 0
490 328 670 543 8 -8 0
498 320 673 546 0 0 0
498 320 676 549 8 8 0
506 328 679 552 0 0 0
506 328 682 555 0 8 0
506 336 685 558 8 0 0
514 336 688 561 0 -8 0
514 328 691 564 0 8 0
514 336 694 567 8 -8 0
522 328 697 570 0 8 0
522 336 700 573 8 8 0
530 344 703 576 0 8 0
530 352 706 579 0 0 0
530 352 709 582 8 -8 0
538 344 712 585 0 8 0
538 352 715 588 0 0 0
538 352 718 591 8 0 0
540 352 721 588 0 -8 0
540 344 724 585 0 0 0
540 344 727 582 0 8 0
540 352 730 579 0 -8 0
540 344 733 576 0 -8 0
540 336 736 573 0 0 0
540 336 739 570 0 -8 0
540 328 742 567 0 0 0
540 328 745 564 0 0 0
540 328 748 561 0 8 0
540 336 751 558 0 -8 0
540 328 754 555 0 0 0
540 328 757 552 0 8 0
540 336 760 549 0 -8 0
540 328 763 546 0 8 0
540 336 766 543 0 8 0
540 344 769 540 0 8 0
540 352 772 537 0 0 0
540 352 775 534 0 0 0
540 352 778 531 0 -8 0
540 344 781 528 0 0 1
540 344 781 528 0 0 1
540 344 781 528 0 0 1
540 344 781 528 0 0 1
540 344 781 528 0 0 1
