309 220 403 279 0 0 0
309 220 406 282 0 -8 0
309 212 409 285 0 0 0
309 212 412 288 0 8 0
309 220 415 291 0 8 0
309 228 418 294 0 -8 0
309 220 421 297 0 8 0
309 228 424 300 0 -8 0
309 220 427 303 0 8 0
309 228 430 306 0 8 0
309 236 433 309 0 8 0
309 244 436 312 0 0 0
309 244 439 315 0 8 0
309 252 442 318 0 8 0
309 260 445 321 0 -8 0
309 252 448 324 0 0 0
309 252 451 327 0 -8 0
309 244 454 330 0 -8 0
309 236 457 333 0 0 0
309 236 460 336 0 0 0
309 236 463 339 0 8 0
309 244 466 342 0 0 0
309 244 469 345 0 -8 0
309 236 472 348 0 0 0
309 236 475 351 0 8 0
309 244 478 354 0 8 0
309 252 481 357 0 -8 0
309 244 484 360 8 0 0
317 244 487 363 0 -8 0
317 236 490 366 0 -8 0
317 228 493 369 8 0 0
325 228 496 372 0 8 0
325 236 499 375 0 0 0
325 236 502 378 8 0 0
333 236 505 381 0 -8 0
333 228 508 384 8 8 0
341 236 511 387 0 -8 0
341 228 514 390 0 8 0
341 236 517 393 8 0 0
349 236 520 396 0 -8 0
349 228 523 399 0 -8 0
349 220 526 402 8 -8 0
357 212 529 405 0 0 0
357 212 532 408 8 8 0
365 220 535 411 0 -8 0
365 212 538 414 0 0 0
365 212 541 417 8 8 0
373 220 544 420 0 -8 0
373 212 547 423 0 0 0
373 212 550 426 8 -8 0
381 204 553 429 0 8 0
381 212 556 432 8 0 0
389 212 559 435 0 -8 0
389 204 562 438 0 0 0
389 204 565 441 8 -8 0
397 196 568 444 0 -8 0
397 188 571 447 0 8 0
397 196 574 450 8 8 0
405 204 577 453 0 8 0
405 212 580 456 8 8 0
413 220 583 459 0 8 0
413 228 586 462 0 8 0
413 236 589 465 8 0 0
421 236 592 468 0 8 0
421 244 595 471 0 8 0
421 252 598 474 8 8 0
429 260 601 477 0 8 0
429 268 604 480 8 0 0
437 268 607 483 0 8 0
437 276 610 486 0 0 0
437 276 613 489 8 8 0
445 284 616 492 0 0 0
445 284 619 495 0 0 0
445 284 622 498 8 0 0
453 284 625 501 0 8 0
453 292 628 504 8 0 0
461 292 631 507 0 8 0
461 300 634 510 0 0 0
461 300 637 513 8 8 0
469 308 640 516 0 -8 0
469 300 643 519 0 8 0
469 308 646 522 8 -8 0
477 300 649 525 0 0 0
477 300 652 528 8 8 0
485 308 655 531 0 -8 0
485 300 658 534 0 0 0
485 300 661 537 8 8 0
493 308 664 540 0 0 0
493 308 667 543 0 -8 0
493 300 670 546 8 0 0
501 300 673 549 0 -8 0
501 292 676 552 8 0 0
509 292 679 555 0 8 0
509 300 682 558 0 8 0
509 308 685 561 8 8 0
517 316 688 564 0 8 0
517 324 691 567 0 0 0
517 324 694 570 8 -8 0
525 316 697 573 0 -8 0
525 308 700 576 8 -8 0
533 300 703 579 0 -8 0
533 292 706 582 0 0 0
533 292 709 585 8 0 0
540 292 712 588 0 -8 0
540 284 715 591 8 -8 0
540 276 718 588 0 0 0
540 276 721 585 0 0 0
540 276 724 582 0 -8 0
540 268 727 579 0 -8 0
540 260 730 576 0 -8 0
540 252 733 573 0 -8 0
540 244 736 570 0 0 0
540 244 739 567 0 8 0
540 252 742 564 0 -8 0
540 244 745 561 0 0 0
540 244 748 558 0 -8 0
540 236 751 555 0 0 0
540 236 754 552 0 8 0
540 244 757 549 0 -8 0
540 236 760 546 0 0 0
540 236 763 543 0 8 0
540 244 766 540 0 0 0
540 244 769 537 0 -8 0
540 236 772 534 0 0 0
540 236 775 531 0 8 0
540 244 778 528 0 -8 0
540 236 781 525 0 0 1
540 236 781 525 0 0 1
540 236 781 525 0 0 1
540 236 781 525 0 0 1
540 236 781 525 0 0 1
