525 286 481 216 0 0 0
525 286 478 213 -8 0 0
517 286 475 210 -8 8 0
509 294 472 207 -8 -8 0
501 286 469 204 -8 0 0
493 286 466 201 -8 0 0
485 286 463 198 -8 0 0
477 286 460 195 -8 -8 0
469 278 457 192 -8 0 0
461 278 454 189 -8 -8 0
453 270 451 186 -8 0 0
445 270 448 183 -8 0 0
437 270 445 180 -8 8 0
429 278 442 177 -8 -8 0
421 270 439 174 -8 -8 0
413 262 436 171 -8 8 0
405 270 433 168 -8 8 0
397 278 430 165 -8 -8 0
389 270 427 162 -8 8 0
381 278 424 159 -8 -8 0
373 270 421 156 -8 8 0
365 278 418 153 -8 0 0
357 278 415 150 -8 0 0
349 278 412 147 -8 8 0
341 286 409 144 -8 -8 0
333 278 406 141 -8 0 0
325 278 403 138 -8 -8 0
317 270 400 135 -8 -8 0
309 262 397 132 -8 0 0
301 262 394 129 -8 -8 0
293 254 391 126 -8 0 0
285 254 388 123 -8 0 0
277 254 385 120 -8 -8 0
269 246 382 117 -8 -8 0
261 238 379 114 -8 -8 0
253 230 376 111 -8 0 0
245 230 373 108 -8 8 0
237 238 370 105 -8 8 0
229 246 367 102 -8 8 0
221 254 364 99 -8 -8 0
213 246 361 96 -8 0 0
205 246 358 93 -8 8 0
197 254 355 90 -8 -8 0
189 246 352 87 -8 8 0
181 254 349 84 -8 0 0
173 254 346 81 -8 0 0
165 254 343 78 -8 -8 0
157 246 340 75 -8 0 0
149 246 337 72 -8 0 0
141 246 334 69 -8 0 0
133 246 331 66 -8 8 0
125 254 328 63 -8 -8 0
117 246 325 60 -8 0 0
109 246 322 57 -8 8 0
101 254 319 54 0 0 0
101 254 316 51 0 0 0
101 254 313 48 -8 0 0
93 254 310 45 0 0 0
93 254 307 42 -8 -8 0
85 246 304 39 0 8 0
85 254 301 36 0 0 0
85 254 298 33 -8 8 0
77 262 295 30 0 -8 0
77 254 292 27 0 -8 0
77 246 289 24 -8 0 0
69 246 286 21 0 8 0
69 254 283 18 -8 -8 0
61 246 280 15 0 0 0
61 246 277 12 0 8 0
61 254 274 9 -8 -8 0
60 246 271 12 0 8 0
60 254 268 15 0 -8 0
60 246 265 18 0 -8 0
60 238 262 21 0 8 0
60 246 259 24 0 8 0
60 254 256 27 0 -8 0
60 246 253 30 0 -8 0
60 238 250 33 0 0 0
60 238 247 36 0 0 0
60 238 244 39 0 8 0
60 246 241 42 0 8 0
60 254 238 45 0 8 0
60 262 235 48 0 8 0
60 270 232 51 0 8 0
60 278 229 54 0 -8 0
60 270 226 57 0 0 0
60 270 223 60 0 8 0
60 278 220 63 0 0 0
60 278 217 66 0 8 0
60 286 214 69 0 -8 0
60 278 211 72 0 0 0
60 278 208 75 0 -8 0
60 270 205 78 0 -8 0
60 262 202 81 0 0 0
60 262 199 84 0 8 0
60 270 196 87 0 -8 0
60 262 193 90 0 8 0
60 270 190 93 0 8 0
60 278 187 96 0 8 0
60 286 184 99 0 -8 0
60 278 181 102 0 0 0
60 278 178 105 0 8 0
60 286 175 108 0 -8 0
60 278 172 111 8 -8 0
68 270 169 114 0 8 0
68 278 166 117 0 0 0
68 278 163 120 8 0 0
76 278 160 123 0 8 0
76 286 157 126 0 -8 0
76 278 154 129 8 8 0
84 286 151 132 0 0 0
84 286 148 135 8 0 0
92 286 145 138 0 0 0
92 286 142 141 0 -8 0
92 278 139 144 8 0 0
100 278 136 147 0 8 0
100 286 133 150 0 0 0
100 286 130 153 8 -8 0
108 278 127 156 0 -8 0
108 270 124 159 8 8 0
116 278 121 162 0 0 0
116 278 118 165 0 -8 0
116 270 115 168 8 8 0
124 278 112 171 0 -8 0
124 270 109 174 0 0 0
124 270 106 177 8 0 0
132 270 103 180 0 8 0
132 278 100 183 8 0 0
140 278 97 186 0 -8 0
140 270 94 189 0 -8 0
140 262 91 192 8 -8 0
148 254 88 195 0 -8 0
148 246 85 198 0 -8 0
148 238 82 201 8 0 0
156 238 79 204 0 8 0
156 246 76 207 8 8 0
164 254 73 210 0 8 0
164 262 70 213 0 0 0
164 262 67 216 8 0 0
172 262 64 219 0 0 0
172 262 61 222 0 -8 0
172 254 58 225 8 8 0
180 262 55 228 0 -8 0
180 254 52 231 8 -8 0
188 246 49 234 0 8 0
188 254 46 237 0 8 0
188 262 43 240 8 8 0
196 270 40 243 0 -8 0
196 262 37 246 0 8 0
196 270 34 249 8 0 0
204 270 31 252 0 0 0
204 270 28 255 8 -8 0
212 262 25 258 0 8 0
212 270 22 261 0 -8 0
212 262 19 264 0 0 1
212 262 19 264 0 0 1
212 262 19 264 0 0 1
212 262 19 264 0 0 1
212 262 19 264 0 0 1
