297 446 145 270 0 0 0
297 446 142 267 0 -8 0
297 438 139 264 0 0 0
297 438 136 261 0 0 0
297 438 133 258 0 -8 0
297 430 130 255 0 8 0
297 438 127 252 0 0 0
297 438 124 249 0 8 0
297 446 121 246 -8 0 0
289 446 118 243 0 8 0
289 454 115 240 0 8 0
289 462 112 237 -8 -8 0
281 454 109 234 0 0 0
281 454 106 231 0 8 0
281 462 103 228 -8 0 0
273 462 100 225 0 8 0
273 470 97 222 -8 8 0
265 478 94 219 0 8 0
265 486 91 216 0 -8 0
265 478 88 213 -8 -8 0
257 470 85 210 0 -8 0
257 462 82 207 0 8 0
257 470 79 204 -8 0 0
249 470 76 201 0 8 0
249 478 73 198 -8 0 0
241 478 70 195 0 8 0
241 486 67 192 0 8 0
241 494 64 189 -8 0 0
233 494 61 186 0 -8 0
233 486 58 183 0 -8 0
233 478 55 180 -8 -8 0
225 470 52 177 0 8 0
225 478 49 174 -8 -8 0
217 470 46 171 0 0 0
217 470 43 168 0 -8 0
217 462 40 165 -8 8 0
209 470 37 162 0 -8 0
209 462 34 159 0 0 0
209 462 31 156 -8 8 0
201 470 28 153 0 -8 0
201 462 25 150 -8 0 0
193 462 22 147 0 -8 0
193 454 19 144 0 0 0
193 454 22 141 -8 8 0
185 462 25 138 0 0 0
185 462 28 135 0 8 0
185 470 31 132 -8 0 0
177 470 34 129 0 -8 0
177 462 37 126 -8 8 0
169 470 40 123 0 -8 0
169 462 43 120 0 0 0
169 462 46 117 -8 -8 0
161 454 49 114 0 -8 0
161 446 52 111 0 -8 0
161 438 55 108 -8 8 0
153 446 58 105 0 -8 0
153 438 61 102 -8 8 0
145 446 64 99 0 -8 0
145 438 67 96 0 0 0
145 438 70 93 -8 0 0
137 438 73 90 0 8 0
137 446 76 87 0 8 0
137 454 79 84 -8 8 0
129 462 82 81 0 0 0
129 462 85 78 -8 8 0
121 470 88 75 0 -8 0
121 462 91 72 0 8 0
121 470 94 69 -8 0 0
113 470 97 66 0 0 0
113 470 100 63 0 8 0
113 478 103 60 -8 8 0
105 486 106 57 0 -8 0
105 478 109 54 -8 -8 0
97 470 112 51 0 0 0
97 470 115 48 0 8 0
97 478 118 45 -8 8 0
89 486 121 42 0 8 0
89 494 124 39 0 0 0
89 494 127 36 -8 8 0
81 502 130 33 0 0 0
81 502 133 30 -8 -8 0
73 494 136 27 0 0 0
73 494 139 24 0 8 0
73 502 142 21 -8 8 0
65 510 145 18 0 0 0
65 510 148 15 0 0 0
65 510 151 12 -8 0 0
60 510 154 9 -8 0 0
60 510 157 12 0 8 0
60 518 160 15 0 -8 0
60 510 163 18 0 -8 0
60 502 166 21 0 -8 0
60 494 169 24 0 -8 0
60 486 172 27 0 8 0
60 494 175 30 0 -8 0
60 486 178 33 0 -8 0
60 478 181 36 0 0 0
60 478 184 39 0 -8 0
60 470 187 42 0 -8 0
60 462 190 45 0 8 0
60 470 193 48 0 8 0
60 478 196 51 0 -8 0
60 470 199 54 0 0 0
60 470 202 57 0 -8 0
60 462 205 60 0 -8 0
60 454 208 63 0 -8 0
60 446 211 66 0 8 0
60 454 214 69 0 -8 0
60 446 217 72 0 0 0
60 446 220 75 0 8 0
60 454 223 78 0 8 0
60 462 226 81 0 8 0
60 470 229 84 0 -8 0
60 462 232 87 0 -8 0
60 454 235 90 0 8 0
60 462 238 93 0 8 0
60 470 241 96 0 0 0
60 470 244 99 0 -8 0
60 462 247 102 0 0 0
60 462 250 105 0 -8 0
60 454 253 108 0 0 0
60 454 256 111 8 -8 0
68 446 259 114 0 8 0
68 454 262 117 0 -8 0
68 446 265 120 8 0 0
76 446 268 123 0 8 0
76 454 271 126 0 -8 0
76 446 274 129 8 8 0
84 454 277 132 0 0 0
84 454 280 135 8 8 0
92 462 283 138 0 8 0
92 470 286 141 0 0 0
92 470 289 144 8 8 0
100 478 292 147 0 0 0
100 478 295 150 0 0 0
100 478 298 153 8 0 0
108 478 301 156 0 -8 0
108 470 304 159 8 0 0
116 470 307 162 0 8 0
116 478 310 165 0 -8 0
116 470 313 168 8 0 0
124 470 316 171 0 0 0
124 470 319 174 0 8 0
124 478 322 177 8 -8 0
132 470 325 180 0 0 0
132 470 328 183 8 8 0
140 478 331 186 0 -8 0
140 470 334 189 0 0 0
140 470 337 192 8 0 0
148 470 340 195 0 -8 0
148 462 343 198 0 0 0
148 462 346 201 8 -8 0
156 454 349 204 0 0 0
156 454 352 207 8 0 0
164 454 355 210 0 -8 0
164 446 358 213 0 -8 0
164 438 361 216 8 0 0
172 438 364 219 0 -8 0
172 430 367 222 0 8 0
172 438 370 225 8 8 0
180 446 373 228 0 -8 0
180 438 376 231 8 0 0
188 438 379 234 0 8 0
188 446 382 237 0 8 0
188 454 385 240 8 -8 0
196 446 388 243 0 -8 0
196 438 391 246 0 -8 0
196 430 394 249 8 -8 0
204 422 397 252 0 -8 0
204 414 400 255 8 0 0
212 414 403 258 0 -8 0
212 406 406 261 0 8 0
212 414 409 264 8 0 0
220 414 412 267 0 8 0
220 422 415 270 0 -8 0
220 414 418 273 8 0 0
228 414 421 276 0 -8 0
228 406 424 279 8 0 0
236 406 427 282 0 0 0
236 406 430 285 0 -8 0
236 398 433 288 8 8 0
244 406 436 291 0 8 0
244 414 439 294 0 -8 0
244 406 442 297 8 8 0
252 414 445 300 0 -8 0
252 406 448 303 8 0 0
260 406 451 306 0 0 0
260 406 454 309 0 0 0
260 406 457 312 8 -8 0
268 398 460 315 0 -8 0
268 390 463 318 0 8 0
268 398 466 321 8 -8 0
276 390 469 324 0 0 0
276 390 472 327 8 -8 0
284 382 475 330 0 8 0
284 390 478 333 0 0 0
284 390 481 336 8 -8 0
292 382 484 339 0 0 0
292 382 487 342 0 0 0
292 382 490 345 8 -8 0
300 374 493 348 0 0 0
300 374 496 351 8 0 0
308 374 499 354 0 0 0
308 374 502 357 0 -8 0
308 366 505 360 8 0 0
316 366 508 363 0 0 0
316 366 511 366 0 8 0
316 374 514 369 8 8 0
324 382 517 372 0 0 0
324 382 520 375 8 8 0
332 390 523 378 0 -8 0
332 382 526 381 0 -8 0
332 374 529 384 8 -8 0
340 366 532 387 0 0 0
340 366 535 390 0 8 0
340 374 538 393 8 0 0
348 374 541 396 0 -8 0
348 366 544 399 8 8 0
356 374 547 402 0 0 0
356 374 550 405 0 -8 0
356 366 553 408 8 8 0
364 374 556 411 0 -8 0
364 366 559 414 0 0 0
364 366 562 417 8 -8 0
372 358 565 420 0 -8 0
372 350 568 423 8 0 0
380 350 571 426 0 0 0
380 350 574 429 0 -8 0
380 342 577 432 8 -8 0
388 334 580 435 0 0 0
388 334 583 438 0 -8 0
388 326 586 441 8 0 0
396 326 589 444 0 8 0
396 334 592 447 8 -8 0
404 326 595 450 0 -8 0
404 318 598 453 0 0 0
404 318 601 456 8 0 0
412 318 604 459 0 8 0
412 326 607 462 0 0 0
412 326 610 465 8 8 0
420 334 613 468 0 8 0
420 342 616 471 8 -8 0
428 334 619 474 0 0 0
428 334 622 477 0 -8 0
428 326 625 480 8 -8 0
436 318 628 483 0 8 0
436 326 631 486 0 -8 0
436 318 634 489 8 -8 0
444 310 637 492 0 -8 0
444 302 640 495 8 -8 0
452 294 643 498 0 8 0
452 302 646 501 0 -8 0
452 294 649 504 8 8 0
460 302 652 507 0 0 0
460 302 655 510 0 8 0
460 310 658 513 8 -8 0
468 302 661 516 0 0 0
468 302 664 519 8 -8 0
476 294 667 522 0 8 0
476 302 670 525 0 0 0
476 302 673 528 8 0 0
484 302 676 531 0 8 0
484 310 679 534 0 -8 0
484 302 682 537 8 8 0
492 310 685 540 0 8 0
492 318 688 543 8 0 0
500 318 691 546 0 -8 0
500 310 694 549 0 8 0
500 318 697 552 8 8 0
508 326 700 555 0 8 0
508 334 703 558 0 0 0
508 334 706 561 8 0 0
516 334 709 564 0 -8 0
516 326 712 567 8 0 0
524 326 715 570 0 0 0
524 326 718 573 0 -8 0
524 318 721 576 8 0 0
532 318 724 579 0 -8 0
532 310 727 582 0 -8 0
532 302 730 585 8 -8 0
540 294 733 588 0 0 0
540 294 736 591 8 -8 0
540 286 739 588 0 0 0
540 286 742 585 0 8 0
540 294 745 582 0 8 0
540 302 748 579 0 0 0
540 302 751 576 0 -8 0
540 294 754 573 0 -8 0
540 286 757 570 0 8 0
540 294 760 567 0 8 0
540 302 763 564 0 -8 0
540 294 766 561 0 0 0
540 294 769 558 0 0 0
540 294 772 555 0 -8 0
540 286 775 552 0 8 0
540 294 778 549 0 8 0
540 302 781 546 0 0 1
540 302 781 546 0 0 1
540 302 781 546 0 0 1
540 302 781 546 0 0 1
540 302 781 546 0 0 1
