295 207 172 489 0 0 0
295 207 169 486 8 0 0
303 207 166 483 8 -8 0
311 199 163 480 8 -8 0
319 191 160 477 8 8 0
327 199 157 474 8 8 0
335 207 154 471 8 -8 0
343 199 151 468 8 8 0
351 207 148 465 8 8 0
359 215 145 462 8 -8 0
367 207 142 459 8 -8 0
375 199 139 456 8 -8 0
383 191 136 453 8 0 0
391 191 133 450 8 8 0
399 199 130 447 0 0 0
399 199 127 444 0 8 0
399 207 124 441 0 0 0
399 207 121 438 0 8 0
399 215 118 435 0 8 0
399 223 115 432 0 0 0
399 223 112 429 0 8 0
399 231 109 426 0 8 0
399 239 106 423 0 0 0
399 239 103 420 0 8 0
399 247 100 417 0 -8 0
399 239 97 414 0 0 0
399 239 94 411 0 -8 0
399 231 91 408 0 -8 0
399 223 88 405 0 0 0
399 223 85 402 0 0 0
399 223 82 399 0 8 0
399 231 79 396 0 8 0
399 239 76 393 0 8 0
399 247 73 390 0 8 0
399 255 70 387 0 8 0
399 263 67 384 0 -8 0
399 255 64 381 0 8 0
399 263 61 378 0 -8 0
399 255 58 375 0 0 0
399 255 55 372 0 -8 0
399 247 52 369 0 8 0
399 255 49 366 0 -8 0
399 247 46 363 0 -8 0
399 239 43 360 0 -8 0
399 231 40 357 0 8 0
399 239 37 354 0 0 0
399 239 34 351 0 -8 0
399 231 31 348 -8 8 0
391 239 28 345 0 0 0
391 239 25 342 0 8 0
391 247 22 339 -8 8 0
383 255 19 336 0 0 0
383 255 22 333 0 8 0
383 263 25 330 -8 0 0
375 263 28 327 0 -8 0
375 255 31 324 -8 0 0
367 255 34 321 0 -8 0
367 247 37 318 0 -8 0
367 239 40 315 -8 0 0
359 239 43 312 0 -8 0
359 231 46 309 0 0 0
359 231 49 306 -8 -8 0
351 223 52 303 0 -8 0
351 215 55 300 -8 0 0
343 215 58 297 0 -8 0
343 207 61 294 0 -8 0
343 199 64 291 -8 -8 0
335 191 67 288 0 -8 0
335 183 70 285 0 8 0
335 191 73 282 -8 8 0
327 199 76 279 0 -8 0
327 191 79 276 -8 8 0
319 199 82 273 0 -8 0
319 191 85 270 0 0 0
319 191 88 267 -8 -8 0
311 183 91 264 0 0 0
311 183 94 261 0 -8 0
311 175 97 258 -8 -8 0
303 167 100 255 0 8 0
303 175 103 252 -8 8 0
295 183 106 249 0 0 0
295 183 109 246 0 -8 0
295 175 112 243 -8 8 0
287 183 115 240 0 0 0
287 183 118 237 0 8 0
287 191 121 234 -8 -8 0
279 183 124 231 0 0 0
279 183 127 228 -8 8 0
271 191 130 225 0 -8 0
271 183 133 222 0 8 0
271 191 136 219 -8 -8 0
263 183 139 216 0 8 0
263 191 142 213 0 -8 0
263 183 145 210 -8 0 0
255 183 148 207 0 8 0
255 191 151 204 -8 8 0
247 199 154 201 0 8 0
247 207 157 198 0 0 0
247 207 160 195 -8 0 0
239 207 163 192 0 0 0
239 207 166 189 0 8 0
239 215 169 186 -8 8 0
231 223 172 183 0 -8 0
231 215 175 180 -8 8 0
223 223 178 177 0 0 0
223 223 181 174 0 -8 0
223 215 184 171 -8 0 0
215 215 187 168 0 -8 0
215 207 190 165 0 -8 0
215 199 193 162 -8 8 0
207 207 196 159 0 8 0
207 215 199 156 -8 -8 0
199 207 202 153 0 0 0
199 207 205 150 0 8 0
199 215 208 147 -8 0 0
191 215 211 144 0 8 0
191 223 214 141 0 -8 0
191 215 217 138 -8 0 0
183 215 220 135 0 8 0
183 223 223 132 -8 8 0
175 231 226 129 0 0 0
175 231 229 126 0 -8 0
175 223 232 123 -8 8 0
167 231 235 120 0 8 0
167 239 238 117 0 0 0
167 239 241 114 -8 8 0
159 247 244 111 0 0 0
159 247 247 108 -8 0 0
151 247 250 105 0 0 0
151 247 253 102 0 -8 0
151 239 256 99 -8 0 0
143 239 259 96 0 8 0
143 247 262 93 0 8 0
143 255 265 90 -8 8 0
135 263 268 87 0 0 0
135 263 271 84 -8 8 0
127 271 274 81 0 0 0
127 271 277 78 0 0 0
127 271 280 75 -8 0 0
119 271 283 72 0 0 0
119 271 286 69 0 8 0
119 279 289 66 -8 0 0
111 279 292 63 0 -8 0
111 271 295 60 -8 8 0
103 279 298 57 0 0 0
103 279 301 54 0 -8 0
103 271 304 51 -8 -8 0
95 263 307 48 0 8 0
95 271 310 45 0 8 0
95 279 313 42 -8 8 0
87 287 316 39 0 0 0
87 287 319 36 -8 -8 0
79 279 322 33 0 8 0
79 287 325 30 0 0 0
79 287 328 27 -8 0 0
71 287 331 24 0 0 0
71 287 334 21 0 8 0
71 295 337 18 -8 0 0
63 295 340 15 0 -8 0
63 287 343 12 -8 0 0
60 287 346 9 -8 -8 0
60 279 349 12 0 8 0
60 287 352 15 0 8 0
60 295 355 18 0 0 0
60 295 358 21 0 0 0
60 295 361 24 0 -8 0
60 287 364 27 0 8 0
60 295 367 30 0 8 0
60 303 370 33 0 -8 0
60 295 373 36 0 -8 0
60 287 376 39 0 -8 0
60 279 379 42 0 8 0
60 287 382 45 0 8 0
60 295 385 48 0 0 0
60 295 388 51 0 8 0
60 303 391 54 0 8 0
60 311 394 57 0 -8 0
60 303 397 60 0 0 0
60 303 400 63 0 -8 0
60 295 403 66 0 0 0
60 295 406 69 0 0 0
60 295 409 72 0 8 0
60 303 412 75 0 0 0
60 303 415 78 0 -8 0
60 295 418 81 0 8 0
60 303 421 84 0 -8 0
60 295 424 87 0 -8 0
60 287 427 90 0 -8 0
60 279 430 93 0 -8 0
60 271 433 96 0 0 0
60 271 436 99 0 8 0
60 279 439 102 0 -8 0
60 271 442 105 0 -8 0
60 263 445 108 0 -8 0
60 255 448 111 8 -8 0
68 247 451 114 0 0 0
68 247 454 117 0 8 0
68 255 457 120 8 0 0
76 255 460 123 0 -8 0
76 247 463 126 0 -8 0
76 239 466 129 8 0 0
84 239 469 132 0 0 0
84 239 472 135 8 0 0
92 239 475 138 0 8 0
92 247 478 141 0 -8 0
92 239 481 144 8 8 0
100 247 484 147 0 8 0
100 255 487 150 0 0 0
100 255 490 153 8 0 0
108 255 493 156 0 8 0
108 263 496 159 8 0 0
116 263 499 162 0 0 0
116 263 502 165 0 -8 0
116 255 505 168 8 -8 0
124 247 508 171 0 -8 0
124 239 511 174 0 0 0
124 239 514 177 8 8 0
132 247 517 180 0 -8 0
132 239 520 183 8 8 0
140 247 523 186 0 8 0
140 255 526 189 0 0 0
140 255 529 192 8 0 0
148 255 532 195 0 8 0
148 263 535 198 0 -8 0
148 255 538 201 8 0 0
156 255 541 204 0 0 0
156 255 544 207 8 0 0
164 255 547 210 0 -8 0
164 247 550 213 0 -8 0
164 239 553 216 8 0 0
172 239 556 219 0 8 0
172 247 559 222 0 0 0
172 247 562 225 8 0 0
180 247 565 228 0 8 0
180 255 568 231 8 0 0
188 255 571 234 0 8 0
188 263 574 237 0 8 0
188 271 577 240 8 8 0
196 279 580 243 0 -8 0
196 271 583 246 0 -8 0
196 263 586 249 8 8 0
204 271 589 252 0 8 0
204 279 592 255 8 0 0
212 279 595 258 0 -8 0
212 271 598 261 0 -8 0
212 263 601 264 8 0 0
220 263 604 267 0 8 0
220 271 607 270 0 8 0
220 279 610 273 8 0 0
228 279 613 276 0 8 0
228 287 616 279 8 8 0
236 295 619 282 0 -8 0
236 287 622 285 0 0 0
236 287 625 288 8 8 0
244 295 628 291 0 8 0
244 303 631 294 0 0 0
244 303 634 297 8 -8 0
252 295 637 300 0 -8 0
252 287 640 303 8 0 0
260 287 643 306 0 0 0
260 287 646 309 0 8 0
260 295 649 312 8 8 0
268 303 652 315 0 0 0
268 303 655 318 0 -8 0
268 295 658 321 8 0 0
276 295 661 324 0 -8 0
276 287 664 327 8 8 0
284 295 667 330 0 -8 0
284 287 670 333 0 8 0
284 295 673 336 8 0 0
292 295 676 339 0 -8 0
292 287 679 342 0 8 0
292 295 682 345 8 0 0
300 295 685 348 0 8 0
300 303 688 351 8 -8 0
308 295 691 354 0 8 0
308 303 694 357 0 -8 0
308 295 697 360 8 0 0
316 295 700 363 0 0 0
316 295 703 366 0 0 0
316 295 706 369 8 0 0
324 295 709 372 0 8 0
324 303 712 375 8 0 0
332 303 715 378 0 8 0
332 311 718 381 0 -8 0
332 303 721 384 8 0 0
340 303 724 387 0 8 0
340 311 727 390 0 0 0
340 311 730 393 8 -8 0
348 303 733 396 0 -8 0
348 295 736 399 8 0 0
356 295 739 402 0 0 0
356 295 742 405 0 -8 0
356 287 745 408 8 8 0
364 295 748 411 0 -8 0
364 287 751 414 0 8 0
364 295 754 417 8 8 0
372 303 757 420 0 -8 0
372 295 760 423 8 -8 0
380 287 763 426 0 0 0
380 287 766 429 0 8 0
380 295 769 432 8 -8 0
388 287 772 435 0 8 0
388 295 775 438 0 -8 0
388 287 778 441 8 8 0
396 295 781 444 0 0 1
396 295 781 444 0 0 1
396 295 781 444 0 0 1
396 295 781 444 0 0 1
396 295 781 444 0 0 1
