250 424 496 180 0 0 0
250 424 499 183 -8 -8 0
242 416 502 186 -8 0 0
234 416 505 189 0 0 0
234 416 508 192 0 8 0
234 424 511 195 0 8 0
234 432 514 198 0 8 0
234 440 517 201 0 8 0
234 448 520 204 0 -8 0
234 440 523 207 0 0 0
234 440 526 210 0 0 0
234 440 529 213 0 -8 0
234 432 532 216 0 8 0
234 440 535 219 0 8 0
234 448 538 222 0 -8 0
234 440 541 225 0 0 0
234 440 544 228 0 8 0
234 448 547 231 0 -8 0
234 440 550 234 0 -8 0
234 432 553 237 0 -8 0
234 424 556 240 0 8 0
234 432 559 243 0 -8 0
234 424 562 246 0 0 0
234 424 565 249 0 -8 0
234 416 568 252 0 0 0
234 416 571 255 0 -8 0
234 408 574 258 0 -8 0
234 400 577 261 0 8 0
234 408 580 264 0 0 0
234 408 583 267 0 8 0
234 416 586 270 0 -8 0
234 408 589 273 0 -8 0
234 400 592 276 0 8 0
234 408 595 279 0 0 0
234 408 598 282 0 8 0
234 416 601 285 8 0 0
242 416 604 288 0 -8 0
242 408 607 291 0 8 0
242 416 610 294 8 -8 0
250 408 613 297 0 8 0
250 416 616 300 0 0 0
250 416 619 303 8 8 0
258 424 622 306 0 8 0
258 432 625 309 8 -8 0
266 424 628 312 0 -8 0
266 416 631 315 0 0 0
266 416 634 318 8 0 0
274 416 637 321 0 -8 0
274 408 640 324 0 0 0
274 408 643 327 8 -8 0
282 400 646 330 0 8 0
282 408 649 333 8 8 0
290 416 652 336 0 8 0
290 424 655 339 0 0 0
290 424 658 342 8 -8 0
298 416 661 345 0 -8 0
298 408 664 348 0 8 0
298 416 667 351 8 8 0
306 424 670 354 0 8 0
306 432 673 357 8 8 0
314 440 676 360 0 -8 0
314 432 679 363 0 -8 0
314 424 682 366 8 8 0
322 432 685 369 0 8 0
322 440 688 372 0 8 0
322 448 691 375 8 8 0
330 456 694 378 0 8 0
330 464 697 381 8 8 0
338 472 700 384 0 0 0
338 472 703 387 0 -8 0
338 464 706 390 8 -8 0
346 456 709 393 0 0 0
346 456 712 396 0 8 0
346 464 715 399 8 8 0
354 472 718 402 0 0 0
354 472 721 405 8 0 0
362 472 724 408 0 0 0
362 472 727 411 0 8 0
362 480 730 414 8 8 0
370 488 733 417 0 8 0
370 496 736 420 0 -8 0
370 488 739 423 8 -8 0
378 480 742 426 0 -8 0
378 472 745 429 8 -8 0
386 464 748 432 0 0 0
386 464 751 435 0 -8 0
386 456 754 438 8 8 0
394 464 757 441 0 -8 0
394 456 760 444 0 0 0
394 456 763 447 8 8 0
402 464 766 450 0 8 0
402 472 769 453 8 8 0
410 480 772 456 0 0 0
410 480 775 459 0 0 0
410 480 778 462 8 -8 0
418 472 781 465 0 8 0
418 480 778 468 0 8 0
418 488 775 471 8 0 0
426 488 772 474 0 -8 0
426 480 769 477 8 -8 0
434 472 766 480 0 0 0
434 472 763 483 0 8 0
434 480 760 486 8 -8 0
442 472 757 489 0 0 0
442 472 754 492 0 -8 0
442 464 751 495 8 -8 0
450 456 748 498 0 0 0
450 456 745 501 8 8 0
458 464 742 504 0 8 0
458 472 739 507 0 -8 0
458 464 736 510 8 8 0
466 472 733 513 0 -8 0
466 464 730 516 0 -8 0
466 456 727 519 8 8 0
474 464 724 522 0 8 0
474 472 721 525 8 0 0
482 472 718 528 0 0 0
482 472 715 531 0 0 0
482 472 712 534 8 -8 0
490 464 709 537 0 -8 0
490 456 706 540 0 8 0
490 464 703 543 8 -8 0
498 456 700 546 0 -8 0
498 448 697 549 8 -8 0
506 440 694 552 0 -8 0
506 432 691 555 0 0 0
506 432 688 558 8 0 0
514 432 685 561 0 0 0
514 432 682 564 0 0 0
514 432 679 567 8 0 0
522 432 676 570 0 0 0
522 432 673 573 8 8 0
530 440 670 576 0 0 0
530 440 667 579 0 0 0
530 440 664 582 8 0 0
538 440 661 585 0 8 0
538 448 658 588 0 0 0
538 448 655 591 8 8 0
540 456 652 588 0 0 0
540 456 649 585 0 -8 0
540 448 646 582 0 0 0
540 448 643 579 0 8 0
540 456 640 576 0 0 0
540 456 637 573 0 0 0
540 456 634 570 0 8 0
540 464 631 567 0 -8 0
540 456 628 564 0 0 0
540 456 625 561 0 8 0
540 464 622 558 0 0 0
540 464 619 555 0 8 0
540 472 616 552 0 0 0
540 472 613 549 0 -8 0
540 464 610 546 0 8 0
540 472 607 543 0 0 0
540 472 604 540 0 8 0
540 480 601 537 0 -8 0
540 472 598 534 0 8 0
540 480 595 531 0 0 0
540 480 592 528 0 0 0
540 480 589 525 0 8 0
540 488 586 522 0 -8 0
540 480 583 519 0 -8 0
540 472 580 516 0 8 0
540 480 577 513 0 -8 0
540 472 574 510 0 0 0
540 472 571 507 0 0 0
540 472 568 504 0 0 0
540 472 565 501 0 0 0
540 472 562 498 0 0 0
540 472 559 495 0 0 0
540 472 556 492 0 8 0
540 480 553 489 -8 0 0
532 480 550 486 0 8 0
532 488 547 483 0 8 0
532 496 544 480 -8 8 0
524 504 541 477 0 -8 0
524 496 538 474 0 8 0
524 504 535 471 -8 0 0
516 504 532 468 0 -8 0
516 496 529 465 -8 8 0
508 504 526 462 0 0 0
508 504 523 459 0 8 0
508 512 520 456 -8 0 0
500 512 517 453 0 -8 0
500 504 514 450 0 -8 0
500 496 511 447 -8 0 0
492 496 508 444 0 8 0
492 504 505 441 -8 8 0
484 512 502 438 0 0 0
484 512 499 435 0 -8 0
484 504 496 432 -8 8 0
476 512 493 429 0 0 0
476 512 490 426 0 -8 0
476 504 487 423 -8 8 0
468 512 484 420 0 -8 0
468 504 481 417 -8 0 0
460 504 478 414 0 -8 0
460 496 475 411 0 -8 0
460 488 472 408 -8 0 0
452 488 469 405 0 8 0
452 496 466 402 0 -8 0
452 488 463 399 -8 0 0
444 488 460 396 0 0 0
444 488 457 393 -8 0 0
436 488 454 390 0 8 0
436 496 451 387 0 0 0
436 496 448 384 -8 0 0
428 496 445 381 0 0 0
428 496 442 378 0 0 0
428 496 439 375 -8 -8 0
420 488 436 372 0 8 0
420 496 433 369 -8 8 0
412 504 430 366 0 8 0
412 512 427 363 0 -8 0
412 504 424 360 -8 0 0
404 504 421 357 0 -8 0
404 496 418 354 0 -8 0
404 488 415 351 -8 8 0
396 496 412 348 0 8 0
396 504 409 345 -8 0 0
388 504 406 342 0 0 0
388 504 403 339 0 8 0
388 512 400 336 -8 -8 0
380 504 397 333 0 8 0
380 512 394 330 0 8 0
380 520 391 327 -8 8 0
372 528 388 324 0 0 0
372 528 385 321 -8 8 0
364 536 382 318 0 -8 0
364 528 379 315 0 -8 0
364 520 376 312 -8 8 0
356 528 373 309 0 8 0
356 536 370 306 0 0 0
356 536 367 303 -8 -8 0
348 528 364 300 0 -8 0
348 520 361 297 -8 0 0
340 520 358 294 0 0 0
340 520 355 291 0 -8 0
340 512 352 288 -8 0 0
332 512 349 285 0 0 0
332 512 346 282 0 -8 0
332 504 343 279 -8 -8 0
324 496 340 276 0 8 0
324 504 337 273 -8 0 0
316 504 334 270 0 0 0
316 504 331 267 0 8 0
316 512 328 264 -8 -8 0
308 504 325 261 0 0 0
308 504 322 258 0 -8 0
308 496 319 255 -8 -8 0
300 488 316 252 0 8 0
300 496 313 249 -8 8 0
292 504 310 246 0 -8 0
292 496 307 243 0 -8 0
292 488 304 240 -8 8 0
284 496 301 237 0 8 0
284 504 298 234 0 0 0
284 504 295 231 -8 8 0
276 512 292 228 0 0 0
276 512 289 225 -8 -8 0
268 504 286 222 0 8 0
268 512 283 219 0 8 0
268 520 280 216 -8 8 0
260 528 277 213 0 -8 0
260 520 274 210 0 -8 0
260 512 271 207 -8 8 0
252 520 268 204 0 0 0
252 520 265 201 -8 8 0
244 528 262 198 0 0 0
244 528 259 195 0 -8 0
244 520 256 192 -8 8 0
236 528 253 189 0 -8 0
236 520 250 186 0 0 0
236 520 247 183 -8 -8 0
228 512 244 180 0 0 0
228 512 241 177 -8 8 0
220 520 238 174 0 -8 0
220 512 235 171 0 8 0
220 520 232 168 -8 -8 0
212 512 229 165 0 8 0
212 520 226 162 0 0 0
212 520 223 159 -8 -8 0
204 512 220 156 0 8 0
204 520 217 153 -8 -8 0
196 512 214 150 0 -8 0
196 504 211 147 0 8 0
196 512 208 144 -8 0 0
188 512 205 141 0 -8 0
188 504 202 138 0 0 0
188 504 199 135 -8 -8 0
180 496 196 132 0 0 0
180 496 193 129 -8 0 0
172 496 190 126 0 -8 0
172 488 187 123 0 8 0
172 496 184 120 -8 -8 0
164 488 181 117 0 8 0
164 496 178 114 0 0 0
164 496 175 111 -8 8 0
156 504 172 108 0 8 0
156 512 169 105 -8 -8 0
148 504 166 102 0 -8 0
148 496 163 99 0 -8 0
148 488 160 96 -8 0 0
140 488 157 93 0 0 0
140 488 154 90 0 0 0
140 488 151 87 -8 -8 0
132 480 148 84 0 8 0
132 488 145 81 -8 0 0
124 488 142 78 0 0 0
124 488 139 75 0 8 0
124 496 136 72 -8 -8 0
116 488 133 69 0 8 0
116 496 130 66 0 0 0
116 496 127 63 -8 8 0
108 504 124 60 0 8 0
108 512 121 57 -8 -8 0
100 504 118 54 0 8 0
100 512 115 51 0 -8 0
100 504 112 48 -8 0 0
92 504 109 45 0 0 0
92 504 106 42 0 -8 0
92 496 103 39 -8 8 0
84 504 100 36 0 -8 0
84 496 97 33 -8 8 0
76 504 94 30 0 0 0
76 504 91 27 0 0 0
76 504 88 24 -8 8 0
68 512 85 21 0 -8 0
68 504 82 18 0 8 0
68 512 79 15 -8 -8 0
60 504 76 12 0 8 0
60 512 73 9 -8 8 0
60 520 70 12 0 0 0
60 520 67 15 0 0 0
60 520 64 18 0 -8 0
60 512 61 21 0 0 0
60 512 58 24 0 -8 0
60 504 55 27 0 0 0
60 504 52 30 0 0 0
60 504 49 33 0 0 0
60 504 46 36 0 -8 0
60 496 43 39 0 0 0
60 496 40 42 0 -8 0
60 488 37 45 0 0 0
60 488 34 48 0 0 0
60 488 31 51 0 8 0
60 496 28 54 0 8 0
60 504 25 57 0 8 0
60 512 22 60 0 8 0
60 520 19 63 0 -8 0
60 512 22 66 0 0 0
60 512 25 69 0 -8 0
60 504 28 72 0 8 0
60 512 31 75 0 -8 0
60 504 34 78 0 8 0
60 512 37 81 0 8 0
60 520 40 84 0 8 0
60 528 43 87 0 0 0
60 528 46 90 0 8 0
60 536 49 93 0 0 0
60 536 52 96 0 0 0
60 536 55 99 0 -8 0
60 528 58 102 0 -8 0
60 520 61 105 0 8 0
60 528 64 108 0 8 0
60 536 67 111 8 -8 0
68 528 70 114 0 8 0
68 536 73 117 0 8 0
68 540 76 120 8 8 0
76 540 79 123 0 0 0
76 540 82 126 0 -8 0
76 532 85 129 8 8 0
84 540 88 132 0 -8 0
84 532 91 135 8 -8 0
92 524 94 138 0 -8 0
92 516 97 141 0 8 0
92 524 100 144 8 0 0
100 524 103 147 0 -8 0
100 516 106 150 0 8 0
100 524 109 153 8 8 0
108 532 112 156 0 8 0
108 540 115 159 8 -8 0
116 532 118 162 0 0 0
116 532 121 165 0 0 0
116 532 124 168 8 -8 0
124 524 127 171 0 8 0
124 532 130 174 0 8 0
124 540 133 177 8 -8 0
132 532 136 180 0 8 0
132 540 139 183 8 0 0
140 540 142 186 0 8 0
140 540 145 189 0 -8 0
140 532 148 192 8 -8 0
148 524 151 195 0 0 0
148 524 154 198 0 8 0
148 532 157 201 8 8 0
156 540 160 204 0 -8 0
156 532 163 207 8 0 0
164 532 166 210 0 0 0
164 532 169 213 0 0 0
164 532 172 216 8 8 0
172 540 175 219 0 -8 0
172 532 178 222 0 -8 0
172 524 181 225 8 -8 0
180 516 184 228 0 0 0
180 516 187 231 8 0 0
188 516 190 234 0 -8 0
188 508 193 237 0 8 0
188 516 196 240 8 8 0
196 524 199 243 0 -8 0
196 516 202 246 0 0 0
196 516 205 249 8 0 0
204 516 208 252 0 8 0
204 524 211 255 8 -8 0
212 516 214 258 0 -8 0
212 508 217 261 0 8 0
212 516 220 264 8 -8 0
220 508 223 267 0 0 0
220 508 226 270 0 0 0
220 508 229 273 8 0 0
228 508 232 276 0 0 0
228 508 235 279 8 0 0
236 508 238 282 0 8 0
236 516 241 285 0 8 0
236 524 244 288 8 -8 0
244 516 247 291 0 -8 0
244 508 250 294 0 -8 0
244 500 253 297 8 -8 0
252 492 256 300 0 0 0
252 492 259 303 8 0 0
260 492 262 306 0 0 0
260 492 265 309 0 8 0
260 500 268 312 8 0 0
268 500 271 315 0 0 0
268 500 274 318 0 8 0
268 508 277 321 8 -8 0
276 500 280 324 0 -8 0
276 492 283 327 8 8 0
284 500 286 330 0 -8 0
284 492 289 333 0 0 0
284 492 292 336 8 8 0
292 500 295 339 0 0 0
292 500 298 342 0 0 0
292 500 301 345 8 -8 0
300 492 304 348 0 0 0
300 492 307 351 8 -8 0
308 484 310 354 0 0 0
308 484 313 357 0 8 0
308 492 316 360 8 0 0
316 492 319 363 0 -8 0
316 484 322 366 0 -8 0
316 476 325 369 8 8 0
324 484 328 372 0 8 0
324 492 331 375 8 0 0
332 492 334 378 0 8 0
332 500 337 381 0 8 0
332 508 340 384 8 -8 0
340 500 343 387 0 -8 0
340 492 346 390 0 8 0
340 500 349 393 8 0 0
348 500 352 396 0 8 0
348 508 355 399 8 8 0
356 516 358 402 0 8 0
356 524 361 405 0 -8 0
356 516 364 408 8 8 0
364 524 367 411 0 0 0
364 524 370 414 0 8 0
364 532 373 417 8 0 0
372 532 376 420 0 -8 0
372 524 379 423 8 -8 0
380 516 382 426 0 8 0
380 524 385 429 0 8 0
380 532 388 432 8 -8 0
388 524 391 435 0 8 0
388 532 394 438 0 8 0
388 540 397 441 8 0 0
396 540 400 444 0 -8 0
396 532 403 447 8 -8 0
404 524 406 450 0 0 0
404 524 409 453 0 0 0
404 524 412 456 8 8 0
412 532 415 459 0 -8 0
412 524 418 462 0 -8 0
412 516 421 465 8 8 0
420 524 424 468 0 0 0
420 524 427 471 8 8 0
428 532 430 474 0 8 0
428 540 433 477 0 0 0
428 540 436 480 8 -8 0
436 532 439 483 0 0 0
436 532 442 486 0 0 0
436 532 445 489 8 -8 0
444 524 448 492 0 -8 0
444 516 451 495 8 8 0
452 524 454 498 0 0 0
452 524 457 501 0 0 0
452 524 460 504 8 -8 0
460 516 463 507 0 -8 0
460 508 466 510 0 -8 0
460 500 469 513 8 8 0
468 508 472 516 0 0 0
468 508 475 519 8 0 0
476 508 478 522 0 8 0
476 516 481 525 0 8 0
476 524 484 528 8 0 0
484 524 487 531 0 8 0
484 532 490 534 0 8 0
484 540 493 537 8 0 0
492 540 496 540 0 8 0
492 540 499 543 8 0 0
500 540 502 546 0 8 0
500 540 505 549 0 8 0
500 540 508 552 8 -8 0
508 532 511 555 0 8 0
508 540 514 558 0 -8 0
508 532 517 561 8 -8 0
516 524 520 564 0 8 0
516 532 523 567 8 -8 0
524 524 526 570 0 -8 0
524 516 529 573 0 -8 0
524 508 532 576 8 -8 0
532 500 535 579 0 0 0
532 500 538 582 0 -8 0
532 492 541 585 8 8 0
540 500 544 588 0 8 0
540 508 547 591 8 8 0
540 516 550 588 0 -8 0
540 508 553 585 0 -8 0
540 500 556 582 0 -8 0
540 492 559 579 0 8 0
540 500 562 576 0 8 0
540 508 565 573 0 -8 0
540 500 568 570 0 0 0
540 500 571 567 0 0 0
540 500 574 564 0 0 0
540 500 577 561 0 0 0
540 500 580 558 0 8 0
540 508 583 555 0 -8 0
540 500 586 552 0 0 0
540 500 589 549 0 -8 0
540 492 592 546 0 0 0
540 492 595 543 0 -8 0
540 484 598 540 0 0 0
540 484 601 537 0 0 0
540 484 604 534 0 -8 0
540 476 607 531 0 8 0
540 484 610 528 0 0 0
540 484 613 525 0 -8 0
540 476 616 522 0 8 0
540 484 619 519 0 8 0
540 492 622 516 0 0 0
540 492 625 513 0 8 0
540 500 628 510 0 8 0
540 508 631 507 0 0 0
540 508 634 504 0 8 0
540 516 637 501 0 -8 0
540 508 640 498 0 -8 0
540 500 643 495 0 0 0
540 500 646 492 0 0 0
540 500 649 489 -8 -8 0
532 492 652 486 0 8 0
532 500 655 483 0 8 0
532 508 658 480 -8 -8 0
524 500 661 477 0 8 0
524 508 664 474 0 0 0
524 508 667 471 -8 -8 0
516 500 670 468 0 -8 0
516 492 673 465 -8 0 0
508 492 676 462 0 0 0
508 492 679 459 0 -8 0
508 484 682 456 -8 8 0
500 492 685 453 0 0 0
500 492 688 450 0 8 0
500 500 691 447 -8 -8 0
492 492 694 444 0 8 0
492 500 697 441 -8 -8 0
484 492 700 438 0 -8 0
484 484 703 435 0 -8 0
484 476 706 432 -8 8 0
476 484 709 429 0 8 0
476 492 712 426 0 -8 0
476 484 715 423 -8 -8 0
468 476 718 420 0 -8 0
468 468 721 417 -8 0 0
460 468 724 414 0 8 0
460 476 727 411 0 8 0
460 484 730 408 -8 -8 0
452 476 733 405 0 0 0
452 476 736 402 0 8 0
452 484 739 399 -8 0 0
444 484 742 396 0 -8 0
444 476 745 393 -8 8 0
436 484 748 390 0 -8 0
436 476 751 387 0 -8 0
436 468 754 384 -8 8 0
428 476 757 381 0 0 0
428 476 760 378 0 0 0
428 476 763 375 -8 -8 0
420 468 766 372 0 8 0
420 476 769 369 -8 -8 0
412 468 772 366 0 -8 0
412 460 775 363 0 -8 0
412 452 778 360 -8 0 0
404 452 781 357 0 0 1
404 452 781 357 0 0 1
404 452 781 357 0 0 1
404 452 781 357 0 0 1
404 452 781 357 0 0 1
