498 129 157 366 0 0 0
498 129 160 363 -8 -8 0
490 121 163 360 -8 -8 0
482 113 166 357 -8 -8 0
474 105 169 354 -8 8 0
466 113 172 351 -8 8 0
458 121 175 348 -8 -8 0
450 113 178 345 -8 8 0
442 121 181 342 -8 0 0
434 121 184 339 -8 0 0
426 121 187 336 -8 8 0
418 129 190 333 -8 0 0
410 129 193 330 -8 8 0
402 137 196 327 -8 0 0
394 137 199 324 -8 8 0
386 145 202 321 -8 -8 0
378 137 205 318 -8 -8 0
370 129 208 315 -8 8 0
362 137 211 312 0 0 0
362 137 214 309 -8 8 0
354 145 217 306 0 -8 0
354 137 220 303 -8 8 0
346 145 223 300 0 0 0
346 145 226 297 0 -8 0
346 137 229 294 -8 0 0
338 137 232 291 0 8 0
338 145 235 288 0 -8 0
338 137 238 285 -8 0 0
330 137 241 282 0 -8 0
330 129 244 279 -8 -8 0
322 121 247 276 0 0 0
322 121 250 273 0 0 0
322 121 253 270 -8 -8 0
314 113 256 267 0 0 0
314 113 259 264 0 8 0
314 121 262 261 -8 0 0
306 121 265 258 0 8 0
306 129 268 255 -8 8 0
298 137 271 252 0 0 0
298 137 274 249 0 0 0
298 137 277 246 -8 0 0
290 137 280 243 0 0 0
290 137 283 240 0 -8 0
290 129 286 237 -8 8 0
282 137 289 234 0 8 0
282 145 292 231 -8 -8 0
274 137 295 228 0 0 0
274 137 298 225 0 8 0
274 145 301 222 -8 8 0
266 153 304 219 0 8 0
266 161 307 216 0 0 0
266 161 310 213 -8 8 0
258 169 313 210 0 0 0
258 169 316 207 -8 0 0
250 169 319 204 0 8 0
250 177 322 201 0 -8 0
250 169 325 198 -8 -8 0
242 161 328 195 0 8 0
242 169 331 192 0 -8 0
242 161 334 189 -8 8 0
234 169 337 186 0 -8 0
234 161 340 183 -8 0 0
226 161 343 180 0 0 0
226 161 346 177 0 -8 0
226 153 349 174 -8 8 0
218 161 352 171 0 -8 0
218 153 355 168 0 0 0
218 153 358 165 -8 0 0
210 153 361 162 0 8 0
210 161 364 159 -8 0 0
202 161 367 156 0 8 0
202 169 370 153 0 -8 0
202 161 373 150 -8 -8 0
194 153 376 147 0 8 0
194 161 379 144 0 8 0
194 169 382 141 -8 8 0
186 177 385 138 0 -8 0
186 169 388 135 -8 0 0
178 169 391 132 0 0 0
178 169 394 129 0 -8 0
178 161 397 126 -8 -8 0
170 153 400 123 0 0 0
170 153 403 120 0 8 0
170 161 406 117 -8 -8 0
162 153 409 114 0 -8 0
162 145 412 111 -8 0 0
154 145 415 108 0 0 0
154 145 418 105 0 0 0
154 145 421 102 -8 8 0
146 153 424 99 0 8 0
146 161 427 96 0 0 0
146 161 430 93 -8 0 0
138 161 433 90 0 0 0
138 161 436 87 -8 0 0
130 161 439 84 0 0 0
130 161 442 81 0 -8 0
130 153 445 78 -8 -8 0
122 145 448 75 0 -8 0
122 137 451 72 0 0 0
122 137 454 69 -8 0 0
114 137 457 66 0 -8 0
114 129 460 63 -8 -8 0
106 121 463 60 0 0 0
106 121 466 57 0 8 0
106 129 469 54 -8 -8 0
98 121 472 51 0 -8 0
98 113 475 48 0 0 0
98 113 478 45 -8 -8 0
90 105 481 42 0 0 0
90 105 484 39 -8 0 0
82 105 487 36 0 0 0
82 105 490 33 0 0 0
82 105 493 30 -8 0 0
74 105 496 27 0 8 0
74 113 499 24 0 -8 0
74 105 502 21 -8 -8 0
66 97 505 18 0 8 0
66 105 508 15 -8 8 0
60 113 511 12 0 -8 0
60 105 514 9 -8 0 0
60 105 517 12 0 0 0
60 105 520 15 0 8 0
60 113 523 18 0 -8 0
60 105 526 21 0 0 0
60 105 529 24 0 8 0
60 113 532 27 0 8 0
60 121 535 30 0 0 0
60 121 538 33 0 0 0
60 121 541 36 0 8 0
60 129 544 39 0 0 0
60 129 547 42 0 8 0
60 137 550 45 0 0 0
60 137 553 48 0 0 0
60 137 556 51 0 8 0
60 145 559 54 0 0 0
60 145 562 57 0 8 0
60 153 565 60 0 8 0
60 161 568 63 0 -8 0
60 153 571 66 0 -8 0
60 145 574 69 0 0 0
60 145 577 72 0 0 0
60 145 580 75 0 0 0
60 145 583 78 0 0 0
60 145 586 81 0 0 0
60 145 589 84 0 8 0
60 153 592 87 0 0 0
60 153 595 90 0 8 0
60 161 598 93 0 8 0
60 169 601 96 0 8 0
60 177 604 99 0 0 0
60 177 607 102 0 -8 0
60 169 610 105 0 8 0
60 177 613 108 0 8 0
60 185 616 111 8 0 0
68 185 619 114 0 0 0
68 185 622 117 0 -8 0
68 177 625 120 8 -8 0
76 169 628 123 0 8 0
76 177 631 126 0 -8 0
76 169 634 129 8 0 0
84 169 637 132 0 8 0
84 177 640 135 8 8 0
92 185 643 138 0 -8 0
92 177 646 141 0 0 0
92 177 649 144 8 8 0
100 185 652 147 0 8 0
100 193 655 150 0 0 0
100 193 658 153 8 0 0
108 193 661 156 0 0 0
108 193 664 159 8 8 0
116 201 667 162 0 -8 0
116 193 670 165 0 0 0
116 193 673 168 8 0 0
124 193 676 171 0 8 0
124 201 679 174 0 8 0
124 209 682 177 8 8 0
132 217 685 180 0 -8 0
132 209 688 183 8 8 0
140 217 691 186 0 8 0
140 225 694 189 0 0 0
140 225 697 192 8 -8 0
148 217 700 195 0 0 0
148 217 703 198 0 8 0
148 225 706 201 8 -8 0
156 217 709 204 0 0 0
156 217 712 207 8 -8 0
164 209 715 210 0 -8 0
164 201 718 213 0 0 0
164 201 721 216 8 0 0
172 201 724 219 0 0 0
172 201 727 222 0 0 0
172 201 730 225 8 8 0
180 209 733 228 0 8 0
180 217 736 231 8 -8 0
188 209 739 234 0 -8 0
188 201 742 237 0 -8 0
188 193 745 240 8 -8 0
196 185 748 243 0 8 0
196 193 751 246 0 8 0
196 201 754 249 8 0 0
204 201 757 252 0 -8 0
204 193 760 255 8 8 0
212 201 763 258 0 0 0
212 201 766 261 0 -8 0
212 193 769 264 8 8 0
220 201 772 267 0 8 0
220 209 775 270 0 -8 0
220 201 778 273 8 8 0
228 209 781 276 0 0 1
228 209 781 276 0 0 1
228 209 781 276 0 0 1
228 209 781 276 0 0 1
228 209 781 276 0 0 1
