521 136 484 420 0 0 0
521 136 481 423 -8 -8 0
513 128 478 426 -8 -8 0
505 120 475 429 -8 8 0
497 128 472 432 -8 0 0
489 128 469 435 -8 -8 0
481 120 466 438 0 -8 0
481 112 463 441 0 8 0
481 120 460 444 0 -8 0
481 112 457 447 0 -8 0
481 104 454 450 0 8 0
481 112 451 453 0 -8 0
481 104 448 456 0 0 0
481 104 445 459 0 0 0
481 104 442 462 0 -8 0
481 96 439 465 0 -8 0
481 88 436 468 0 -8 0
481 80 433 471 0 -8 0
481 72 430 474 0 8 0
481 80 427 477 0 8 0
481 88 424 480 0 8 0
481 96 421 483 0 0 0
481 96 418 486 0 -8 0
481 88 415 489 0 0 0
481 88 412 492 0 8 0
481 96 409 495 0 8 0
481 104 406 498 0 -8 0
481 96 403 501 0 0 0
481 96 400 504 0 0 0
481 96 397 507 0 -8 0
481 88 394 510 0 -8 0
481 80 391 513 0 -8 0
481 72 388 516 0 8 0
481 80 385 519 0 -8 0
481 72 382 522 0 8 0
481 80 379 525 0 -8 0
481 72 376 528 0 0 0
481 72 373 531 0 -8 0
481 64 370 534 8 8 0
489 72 367 537 0 -8 0
489 64 364 540 8 8 0
497 72 361 543 0 0 0
497 72 358 546 0 0 0
497 72 355 549 8 8 0
505 80 352 552 0 8 0
505 88 349 555 0 8 0
505 96 346 558 8 -8 0
513 88 343 561 0 -8 0
513 80 340 564 8 0 0
521 80 337 567 0 0 0
521 80 334 570 0 8 0
521 88 331 573 8 8 0
529 96 328 576 0 8 0
529 104 325 579 0 -8 0
529 96 322 582 8 8 0
537 104 319 585 0 -8 0
537 96 316 588 8 8 0
540 104 313 591 8 -8 0
540 96 310 588 0 -8 0
540 88 307 585 0 8 0
540 96 304 582 0 0 0
540 96 301 579 0 -8 0
540 88 298 576 0 8 0
540 96 295 573 0 -8 0
540 88 292 570 0 8 0
540 96 289 567 0 -8 0
540 88 286 564 0 0 0
540 88 283 561 0 0 0
540 88 280 558 0 8 0
540 96 277 555 0 -8 0
540 88 274 552 0 8 0
540 96 271 549 0 -8 0
540 88 268 546 0 0 0
540 88 265 543 0 -8 0
540 80 262 540 0 8 0
540 88 259 537 0 -8 0
540 80 256 534 0 8 0
540 88 253 531 0 8 0
540 96 250 528 0 -8 0
540 88 247 525 0 0 0
540 88 244 522 0 -8 0
540 80 241 519 0 8 0
540 88 238 516 0 8 0
540 96 235 513 0 -8 0
540 88 232 510 0 0 0
540 88 229 507 0 8 0
540 96 226 504 0 -8 0
540 88 223 501 0 -8 0
540 80 220 498 0 -8 0
540 72 217 495 0 0 0
540 72 214 492 0 -8 0
540 64 211 489 -8 8 0
532 72 208 486 0 8 0
532 80 205 483 0 -8 0
532 72 202 480 -8 0 0
524 72 199 477 0 -8 0
524 64 196 474 0 -8 0
524 60 193 471 -8 -8 0
516 60 190 468 0 -8 0
516 60 187 465 -8 0 0
508 60 184 462 0 8 0
508 68 181 459 0 -8 0
508 60 178 456 -8 0 0
500 60 175 453 0 8 0
500 68 172 450 0 -8 0
500 60 169 447 -8 0 0
492 60 166 444 0 -8 0
492 60 163 441 -8 8 0
484 68 160 438 0 8 0
484 76 157 435 0 -8 0
484 68 154 432 -8 0 0
476 68 151 429 0 8 0
476 76 148 426 0 -8 0
476 68 145 423 -8 -8 0
468 60 142 420 0 -8 0
468 60 139 417 -8 8 0
460 68 136 414 0 8 0
460 76 133 411 0 0 0
460 76 130 408 -8 -8 0
452 68 127 405 0 -8 0
452 60 124 402 0 0 0
452 60 121 399 -8 8 0
444 68 118 396 0 -8 0
444 60 115 393 -8 -8 0
436 60 112 390 0 0 0
436 60 109 387 0 0 0
436 60 106 384 -8 -8 0
428 60 103 381 0 0 0
428 60 100 378 0 0 0
428 60 97 375 -8 0 0
420 60 94 372 0 0 0
420 60 91 369 -8 -8 0
412 60 88 366 0 0 0
412 60 85 363 0 8 0
412 68 82 360 -8 0 0
404 68 79 357 0 0 0
404 68 76 354 0 0 0
404 68 73 351 -8 0 0
396 68 70 348 0 0 0
396 68 67 345 -8 0 0
388 68 64 342 0 -8 0
388 60 61 339 0 8 0
388 68 58 336 -8 0 0
380 68 55 333 0 8 0
380 76 52 330 0 8 0
380 84 49 327 -8 -8 0
372 76 46 324 0 0 0
372 76 43 321 -8 8 0
364 84 40 318 0 0 0
364 84 37 315 0 8 0
364 92 34 312 -8 0 0
356 92 31 309 0 8 0
356 100 28 306 0 8 0
356 108 25 303 -8 -8 0
348 100 22 300 0 0 0
348 100 19 297 0 0 1
348 100 19 297 0 0 1
348 100 19 297 0 0 1
348 100 19 297 0 0 1
348 100 19 297 0 0 1
