246 277 337 237 0 0 0
246 277 334 234 0 0 0
246 277 331 231 0 -8 0
246 269 328 228 0 -8 0
246 261 325 225 0 0 0
246 261 322 222 0 -8 0
246 253 319 219 0 -8 0
246 245 316 216 0 8 0
246 253 313 213 0 -8 0
246 245 310 210 0 8 0
246 253 307 207 0 8 0
246 261 304 204 0 8 0
246 269 301 201 0 8 0
246 277 298 198 0 8 0
246 285 295 195 -8 -8 0
238 277 292 192 0 8 0
238 285 289 189 0 8 0
238 293 286 186 -8 8 0
230 301 283 183 0 0 0
230 301 280 180 0 0 0
230 301 277 177 -8 8 0
222 309 274 174 0 0 0
222 309 271 171 -8 8 0
214 317 268 168 0 0 0
214 317 265 165 0 8 0
214 325 262 162 -8 8 0
206 333 259 159 0 8 0
206 341 256 156 0 0 0
206 341 253 153 -8 8 0
198 349 250 150 0 8 0
198 357 247 147 -8 0 0
190 357 244 144 0 8 0
190 365 241 141 0 0 0
190 365 238 138 -8 0 0
182 365 235 135 0 8 0
182 373 232 132 0 8 0
182 381 229 129 -8 -8 0
174 373 226 126 0 0 0
174 373 223 123 -8 -8 0
166 365 220 120 0 8 0
166 373 217 117 0 -8 0
166 365 214 114 -8 8 0
158 373 211 111 0 -8 0
158 365 208 108 0 0 0
158 365 205 105 -8 8 0
150 373 202 102 0 8 0
150 381 199 99 -8 8 0
142 389 196 96 0 8 0
142 397 193 93 0 8 0
142 405 190 90 -8 0 0
134 405 187 87 0 8 0
134 413 184 84 0 -8 0
134 405 181 81 -8 -8 0
126 397 178 78 0 -8 0
126 389 175 75 -8 -8 0
118 381 172 72 0 0 0
118 381 169 69 0 -8 0
118 373 166 66 -8 0 0
110 373 163 63 0 8 0
110 381 160 60 0 8 0
110 389 157 57 -8 8 0
102 397 154 54 0 -8 0
102 389 151 51 -8 0 0
94 389 148 48 0 8 0
94 397 145 45 0 -8 0
94 389 142 42 -8 -8 0
86 381 139 39 0 0 0
86 381 136 36 0 -8 0
86 373 133 33 -8 0 0
78 373 130 30 0 -8 0
78 365 127 27 -8 -8 0
70 357 124 24 0 0 0
70 357 121 21 0 0 0
70 357 118 18 -8 8 0
62 365 115 15 0 0 0
62 365 112 12 0 -8 0
62 357 109 9 -8 -8 0
60 349 106 12 0 0 0
60 349 103 15 0 0 0
60 349 100 18 0 0 0
60 349 97 21 0 8 0
60 357 94 24 0 -8 0
60 349 91 27 0 -8 0
60 341 88 30 0 -8 0
60 333 85 33 0 -8 0
60 325 82 36 0 0 0
60 325 79 39 0 8 0
60 333 76 42 0 0 0
60 333 73 45 0 8 0
60 341 70 48 0 8 0
60 349 67 51 0 -8 0
60 341 64 54 0 8 0
60 349 61 57 0 -8 0
60 341 58 60 0 0 0
60 341 55 63 0 -8 0
60 333 52 66 0 -8 0
60 325 49 69 0 8 0
60 333 46 72 0 -8 0
60 325 43 75 0 0 0
60 325 40 78 0 -8 0
60 317 37 81 0 -8 0
60 309 34 84 0 -8 0
60 301 31 87 0 -8 0
60 293 28 90 0 0 0
60 293 25 93 0 8 0
60 301 22 96 0 0 0
60 301 19 99 0 0 0
60 301 22 102 0 0 0
60 301 25 105 0 8 0
60 309 28 108 0 0 0
60 309 31 111 8 0 0
68 309 34 114 0 8 0
68 317 37 117 0 -8 0
68 309 40 120 8 -8 0
76 301 43 123 0 0 0
76 301 46 126 0 -8 0
76 293 49 129 8 0 0
84 293 52 132 0 0 0
84 293 55 135 8 0 0
92 293 58 138 0 -8 0
92 285 61 141 0 -8 0
92 277 64 144 8 0 0
100 277 67 147 0 0 0
100 277 70 150 0 0 0
100 277 73 153 8 8 0
108 285 76 156 0 8 0
108 293 79 159 8 0 0
116 293 82 162 0 8 0
116 301 85 165 0 0 0
116 301 88 168 8 8 0
124 309 91 171 0 0 0
124 309 94 174 0 0 0
124 309 97 177 8 -8 0
132 301 100 180 0 -8 0
132 293 103 183 8 -8 0
140 285 106 186 0 -8 0
140 277 109 189 0 8 0
140 285 112 192 8 8 0
148 293 115 195 0 0 0
148 293 118 198 0 0 0
148 293 121 201 8 8 0
156 301 124 204 0 8 0
156 309 127 207 8 0 0
164 309 130 210 0 8 0
164 317 133 213 0 0 0
164 317 136 216 8 -8 0
172 309 139 219 0 8 0
172 317 142 222 0 -8 0
172 309 145 225 8 0 0
180 309 148 228 0 0 0
180 309 151 231 8 -8 0
188 301 154 234 0 -8 0
188 293 157 237 0 8 0
188 301 160 240 8 0 0
196 301 163 243 0 8 0
196 309 166 246 0 -8 0
196 301 169 249 8 0 0
204 301 172 252 0 8 0
204 309 175 255 8 8 0
212 317 178 258 0 0 0
212 317 181 261 0 8 0
212 325 184 264 8 0 0
220 325 187 267 0 0 0
220 325 190 270 0 0 0
220 325 193 273 8 8 0
228 333 196 276 0 -8 0
228 325 199 279 8 -8 0
236 317 202 282 0 0 0
236 317 205 285 0 0 0
236 317 208 288 8 -8 0
244 309 211 291 0 -8 0
244 301 214 294 0 0 0
244 301 217 297 8 -8 0
252 293 220 300 0 -8 0
252 285 223 303 8 -8 0
260 277 226 306 0 8 0
260 285 229 309 0 0 0
260 285 232 312 8 8 0
268 293 235 315 0 -8 0
268 285 238 318 0 -8 0
268 277 241 321 8 8 0
276 285 244 324 0 8 0
276 293 247 327 8 8 0
284 301 250 330 0 0 0
284 301 253 333 0 0 0
284 301 256 336 8 -8 0
292 293 259 339 0 8 0
292 301 262 342 0 8 0
292 309 265 345 8 8 0
300 317 268 348 0 -8 0
300 309 271 351 8 -8 0
308 301 274 354 0 -8 0
308 293 277 357 0 -8 0
308 285 280 360 8 0 0
316 285 283 363 0 8 0
316 293 286 366 0 -8 0
316 285 289 369 8 8 0
324 293 292 372 0 8 0
324 301 295 375 8 -8 0
332 293 298 378 0 0 0
332 293 301 381 0 0 0
332 293 304 384 8 8 0
340 301 307 387 0 0 0
340 301 310 390 0 -8 0
340 293 313 393 8 0 0
348 293 316 396 0 0 0
348 293 319 399 8 -8 0
356 285 322 402 0 0 0
356 285 325 405 0 -8 0
356 277 328 408 8 8 0
364 285 331 411 0 -8 0
364 277 334 414 0 -8 0
364 269 337 417 8 0 0
372 269 340 420 0 8 0
372 277 343 423 8 8 0
380 285 346 426 0 0 0
380 285 349 429 0 8 0
380 293 352 432 8 8 0
388 301 355 435 0 -8 0
388 293 358 438 0 0 0
388 293 361 441 8 0 0
396 293 364 444 0 8 0
396 301 367 447 8 8 0
404 309 370 450 0 8 0
404 317 373 453 0 8 0
404 325 376 456 8 8 0
412 333 379 459 0 8 0
412 341 382 462 0 0 0
412 341 385 465 8 -8 0
420 333 388 468 0 0 0
420 333 391 471 8 0 0
428 333 394 474 0 0 0
428 333 397 477 0 -8 0
428 325 400 480 8 -8 0
436 317 403 483 0 -8 0
436 309 406 486 0 0 0
436 309 409 489 8 0 0
444 309 412 492 0 8 0
444 317 415 495 8 0 0
452 317 418 498 0 8 0
452 325 421 501 0 0 0
452 325 424 504 8 0 0
460 325 427 507 0 -8 0
460 317 430 510 0 0 0
460 317 433 513 8 0 0
468 317 436 516 0 0 0
468 317 439 519 8 8 0
476 325 442 522 0 8 0
476 333 445 525 0 0 0
476 333 448 528 8 -8 0
484 325 451 531 0 0 0
484 325 454 534 0 -8 0
484 317 457 537 8 -8 0
492 309 460 540 0 0 0
492 309 463 543 8 -8 0
500 301 466 546 0 8 0
500 309 469 549 0 -8 0
500 301 472 552 8 0 0
508 301 475 555 0 0 0
508 301 478 558 0 8 0
508 309 481 561 8 0 0
516 309 484 564 0 0 0
516 309 487 567 8 0 0
524 309 490 570 0 8 0
524 317 493 573 0 0 0
524 317 496 576 8 -8 0
532 309 499 579 0 -8 0
532 301 502 582 0 8 0
532 309 505 585 8 0 0
540 309 508 588 0 8 0
540 317 511 591 8 0 0
540 317 514 588 0 -8 0
540 309 517 585 0 8 0
540 317 520 582 0 0 0
540 317 523 579 0 -8 0
540 309 526 576 0 -8 0
540 301 529 573 0 0 0
540 301 532 570 0 -8 0
540 293 535 567 0 0 0
540 293 538 564 0 0 0
540 293 541 561 0 0 0
540 293 544 558 0 0 0
540 293 547 555 0 -8 0
540 285 550 552 0 0 0
540 285 553 549 0 8 0
540 293 556 546 0 -8 0
540 285 559 543 0 -8 0
540 277 562 540 0 0 0
540 277 565 537 0 0 0
540 277 568 534 0 8 0
540 285 571 531 0 -8 0
540 277 574 528 0 0 0
540 277 577 525 0 -8 0
540 269 580 522 0 0 0
540 269 583 519 0 -8 0
540 261 586 516 0 -8 0
540 253 589 513 0 -8 0
540 245 592 510 0 -8 0
540 237 595 507 0 -8 0
540 229 598 504 0 -8 0
540 221 601 501 0 0 0
540 221 604 498 0 -8 0
540 213 607 495 0 -8 0
540 205 610 492 0 0 0
540 205 613 489 -8 8 0
532 213 616 486 0 0 0
532 213 619 483 0 0 0
532 213 622 480 -8 0 0
524 213 625 477 0 -8 0
524 205 628 474 0 0 0
524 205 631 471 -8 0 0
516 205 634 468 0 0 0
516 205 637 465 -8 8 0
508 213 640 462 0 0 0
508 213 643 459 0 8 0
508 221 646 456 -8 0 0
500 221 649 453 0 -8 0
500 213 652 450 0 -8 0
500 205 655 447 -8 0 0
492 205 658 444 0 -8 0
492 197 661 441 -8 8 0
484 205 664 438 0 -8 0
484 197 667 435 0 8 0
484 205 670 432 -8 0 0
476 205 673 429 0 0 0
476 205 676 426 0 8 0
476 213 679 423 -8 0 0
468 213 682 420 0 0 0
468 213 685 417 -8 8 0
460 221 688 414 0 0 0
460 221 691 411 0 8 0
460 229 694 408 -8 -8 0
452 221 697 405 0 0 0
452 221 700 402 0 -8 0
452 213 703 399 -8 0 0
444 213 706 396 0 0 0
444 213 709 393 -8 8 0
436 221 712 390 0 0 0
436 221 715 387 0 8 0
436 229 718 384 -8 0 0
428 229 721 381 0 0 0
428 229 724 378 0 0 0
428 229 727 375 -8 8 0
420 237 730 372 0 0 0
420 237 733 369 -8 8 0
412 245 736 366 0 -8 0
412 237 739 363 0 0 0
412 237 742 360 -8 -8 0
404 229 745 357 0 8 0
404 237 748 354 0 0 0
404 237 751 351 -8 0 0
396 237 754 348 0 -8 0
396 229 757 345 -8 -8 0
388 221 760 342 0 8 0
388 229 763 339 0 0 0
388 229 766 336 -8 -8 0
380 221 769 333 0 -8 0
380 213 772 330 0 8 0
380 221 775 327 -8 0 0
372 221 778 324 0 -8 0
372 213 781 321 0 0 1
372 213 781 321 0 0 1
372 213 781 321 0 0 1
372 213 781 321 0 0 1
372 213 781 321 0 0 1
