158 387 670 414 0 0 0
158 387 673 411 8 -8 0
166 379 676 408 8 8 0
174 387 679 405 8 8 0
182 395 682 402 8 8 0
190 403 685 399 8 8 0
198 411 688 396 8 8 0
206 419 691 393 8 0 0
214 419 694 390 8 8 0
222 427 697 387 8 8 0
230 435 700 384 8 8 0
238 443 703 381 8 8 0
246 451 706 378 8 -8 0
254 443 709 375 8 0 0
262 443 712 372 8 8 0
270 451 715 369 8 -8 0
278 443 718 366 8 8 0
286 451 721 363 8 0 0
294 451 724 360 8 0 0
302 451 727 357 8 0 0
310 451 730 354 0 8 0
310 459 733 351 0 -8 0
310 451 736 348 0 8 0
310 459 739 345 0 0 0
310 459 742 342 0 0 0
310 459 745 339 0 0 0
310 459 748 336 0 -8 0
310 451 751 333 0 0 0
310 451 754 330 0 0 0
310 451 757 327 0 0 0
310 451 760 324 0 0 0
310 451 763 321 0 8 0
310 459 766 318 0 8 0
310 467 769 315 0 -8 0
310 459 772 312 0 8 0
310 467 775 309 0 -8 0
310 459 778 306 0 0 0
310 459 781 303 0 0 1
310 459 781 303 0 0 1
310 459 781 303 0 0 1
310 459 781 303 0 0 1
310 459 781 303 0 0 1
