272 368 652 267 0 0 0
272 368 649 264 0 -8 0
272 360 646 261 0 8 0
272 368 643 258 0 -8 0
272 360 640 255 0 -8 0
272 352 637 252 0 0 0
272 352 634 249 0 -8 0
272 344 631 246 0 8 0
272 352 628 243 0 -8 0
272 344 625 240 0 -8 0
272 336 622 237 0 0 0
272 336 619 234 0 -8 0
272 328 616 231 0 8 0
272 336 613 228 0 -8 0
272 328 610 225 0 0 0
272 328 607 222 0 -8 0
272 320 604 219 -8 0 0
264 320 601 216 0 -8 0
264 312 598 213 -8 -8 0
256 304 595 210 0 0 0
256 304 592 207 0 8 0
256 312 589 204 -8 8 0
248 320 586 201 0 -8 0
248 312 583 198 0 -8 0
248 304 580 195 -8 -8 0
240 296 577 192 0 8 0
240 304 574 189 -8 0 0
232 304 571 186 0 0 0
232 304 568 183 0 8 0
232 312 565 180 -8 8 0
224 320 562 177 0 -8 0
224 312 559 174 0 0 0
224 312 556 171 -8 0 0
216 312 553 168 0 0 0
216 312 550 165 -8 8 0
208 320 547 162 0 -8 0
208 312 544 159 0 8 0
208 320 541 156 -8 8 0
200 328 538 153 0 -8 0
200 320 535 150 0 -8 0
200 312 532 147 -8 0 0
192 312 529 144 0 0 0
192 312 526 141 -8 -8 0
184 304 523 138 0 0 0
184 304 520 135 0 8 0
184 312 517 132 -8 8 0
176 320 514 129 0 0 0
176 320 511 126 0 0 0
176 320 508 123 -8 -8 0
168 312 505 120 0 -8 0
168 304 502 117 -8 0 0
160 304 499 114 0 -8 0
160 296 496 111 0 0 0
160 296 493 108 -8 0 0
152 296 490 105 0 -8 0
152 288 487 102 0 8 0
152 296 484 99 -8 8 0
144 304 481 96 0 8 0
144 312 478 93 -8 8 0
136 320 475 90 0 0 0
136 320 472 87 0 0 0
136 320 469 84 -8 8 0
128 328 466 81 0 0 0
128 328 463 78 0 0 0
128 328 460 75 -8 0 0
120 328 457 72 0 0 0
120 328 454 69 -8 -8 0
112 320 451 66 0 -8 0
112 312 448 63 0 8 0
112 320 445 60 -8 8 0
104 328 442 57 0 8 0
104 336 439 54 0 0 0
104 336 436 51 -8 8 0
96 344 433 48 0 -8 0
96 336 430 45 -8 -8 0
88 328 427 42 0 -8 0
88 320 424 39 0 0 0
88 320 421 36 -8 0 0
80 320 418 33 0 0 0
80 320 415 30 0 0 0
80 320 412 27 -8 0 0
72 320 409 24 0 -8 0
72 312 406 21 -8 -8 0
64 304 403 18 0 -8 0
64 296 400 15 0 8 0
64 304 397 12 -8 -8 0
60 296 394 9 -8 0 0
60 296 391 12 0 -8 0
60 288 388 15 0 0 0
60 288 385 18 0 0 0
60 288 382 21 0 8 0
60 296 379 24 0 8 0
60 304 376 27 0 8 0
60 312 373 30 0 8 0
60 320 370 33 0 8 0
60 328 367 36 0 0 0
60 328 364 39 0 8 0
60 336 361 42 0 -8 0
60 328 358 45 0 0 0
60 328 355 48 0 -8 0
60 320 352 51 0 0 0
60 320 349 54 0 -8 0
60 312 346 57 0 8 0
60 320 343 60 0 0 0
60 320 340 63 0 -8 0
60 312 337 66 0 8 0
60 320 334 69 0 8 0
60 328 331 72 0 0 0
60 328 328 75 0 -8 0
60 320 325 78 0 0 0
60 320 322 81 0 -8 0
60 312 319 84 0 -8 0
60 304 316 87 0 0 0
60 304 313 90 0 -8 0
60 296 310 93 0 0 0
60 296 307 96 0 -8 0
60 288 304 99 0 0 0
60 288 301 102 0 0 0
60 288 298 105 0 -8 0
60 280 295 108 0 0 0
60 280 292 111 8 -8 0
68 272 289 114 0 8 0
68 280 286 117 0 0 0
68 280 283 120 8 8 0
76 288 280 123 0 8 0
76 296 277 126 0 8 0
76 304 274 129 8 0 0
84 304 271 132 0 -8 0
84 296 268 135 8 0 0
92 296 265 138 0 8 0
92 304 262 141 0 0 0
92 304 259 144 8 8 0
100 312 256 147 0 0 0
100 312 253 150 0 0 0
100 312 250 153 8 -8 0
108 304 247 156 0 -8 0
108 296 244 159 8 0 0
116 296 241 162 0 8 0
116 304 238 165 0 -8 0
116 296 235 168 8 8 0
124 304 232 171 0 -8 0
124 296 229 174 0 8 0
124 304 226 177 8 8 0
132 312 223 180 0 0 0
132 312 220 183 8 0 0
140 312 217 186 0 0 0
140 312 214 189 0 -8 0
140 304 211 192 8 8 0
148 312 208 195 0 -8 0
148 304 205 198 0 8 0
148 312 202 201 8 8 0
156 320 199 204 0 8 0
156 328 196 207 8 -8 0
164 320 193 210 0 -8 0
164 312 190 213 0 0 0
164 312 187 216 8 8 0
172 320 184 219 0 -8 0
172 312 181 222 0 -8 0
172 304 178 225 8 8 0
180 312 175 228 0 -8 0
180 304 172 231 8 0 0
188 304 169 234 0 8 0
188 312 166 237 0 0 0
188 312 163 240 8 0 0
196 312 160 243 0 0 0
196 312 157 246 0 -8 0
196 304 154 249 8 -8 0
204 296 151 252 0 0 0
204 296 148 255 8 -8 0
212 288 145 258 0 -8 0
212 280 142 261 0 -8 0
212 272 139 264 8 0 0
220 272 136 267 0 8 0
220 280 133 270 0 8 0
220 288 130 273 8 -8 0
228 280 127 276 0 -8 0
228 272 124 279 8 -8 0
236 264 121 282 0 0 0
236 264 118 285 0 8 0
236 272 115 288 8 0 0
244 272 112 291 0 0 0
244 272 109 294 0 -8 0
244 264 106 297 8 8 0
252 272 103 300 0 -8 0
252 264 100 303 8 0 0
260 264 97 306 0 -8 0
260 256 94 309 0 -8 0
260 248 91 312 8 8 0
268 256 88 315 0 0 0
268 256 85 318 0 -8 0
268 248 82 321 8 -8 0
276 240 79 324 0 0 0
276 240 76 327 8 0 0
284 240 73 330 0 0 0
284 240 70 333 0 -8 0
284 232 67 336 8 0 0
292 232 64 339 0 -8 0
292 224 61 342 0 8 0
292 232 58 345 8 8 0
300 240 55 348 0 0 0
300 240 52 351 8 -8 0
308 232 49 354 0 8 0
308 240 46 357 0 0 0
308 240 43 360 8 0 0
316 240 40 363 0 8 0
316 248 37 366 0 8 0
316 256 34 369 8 0 0
324 256 31 372 0 -8 0
324 248 28 375 8 8 0
332 256 25 378 0 8 0
332 264 22 381 0 0 0
332 264 19 384 0 0 1
332 264 19 384 0 0 1
332 264 19 384 0 0 1
332 264 19 384 0 0 1
332 264 19 384 0 0 1
