229 428 598 111 0 0 0
229 428 601 108 -8 8 0
221 436 604 105 -8 8 0
213 444 607 102 -8 0 0
205 444 610 99 -8 -8 0
197 436 613 96 -8 0 0
189 436 616 93 -8 8 0
181 444 619 90 -8 -8 0
173 436 622 87 -8 8 0
165 444 625 84 -8 -8 0
157 436 628 81 -8 0 0
149 436 631 78 -8 8 0
141 444 634 75 -8 -8 0
133 436 637 72 -8 0 0
125 436 640 69 -8 -8 0
117 428 643 66 -8 -8 0
109 420 646 63 0 8 0
109 428 649 60 0 0 0
109 428 652 57 -8 0 0
101 428 655 54 0 8 0
101 436 658 51 0 0 0
101 436 661 48 -8 8 0
93 444 664 45 0 8 0
93 452 667 42 -8 8 0
85 460 670 39 0 8 0
85 468 673 36 0 8 0
85 476 676 33 -8 0 0
77 476 679 30 0 -8 0
77 468 682 27 0 -8 0
77 460 685 24 -8 0 0
69 460 688 21 0 -8 0
69 452 691 18 -8 -8 0
61 444 694 15 0 8 0
61 452 697 12 0 8 0
61 460 700 9 -8 -8 0
60 452 703 12 0 -8 0
60 444 706 15 0 -8 0
60 436 709 18 0 -8 0
60 428 712 21 0 -8 0
60 420 715 24 0 -8 0
60 412 718 27 0 0 0
60 412 721 30 0 0 0
60 412 724 33 0 0 0
60 412 727 36 0 8 0
60 420 730 39 0 8 0
60 428 733 42 0 8 0
60 436 736 45 0 -8 0
60 428 739 48 0 -8 0
60 420 742 51 0 8 0
60 428 745 54 0 -8 0
60 420 748 57 0 -8 0
60 412 751 60 0 8 0
60 420 754 63 0 8 0
60 428 757 66 0 -8 0
60 420 760 69 0 -8 0
60 412 763 72 0 0 0
60 412 766 75 0 0 0
60 412 769 78 0 0 0
60 412 772 81 0 -8 0
60 404 775 84 0 -8 0
60 396 778 87 0 0 0
60 396 781 90 0 0 1
60 396 781 90 0 0 1
60 396 781 90 0 0 1
60 396 781 90 0 0 1
60 396 781 90 0 0 1
