246 160 343 219 0 0 0
246 160 346 222 0 8 0
246 168 349 225 0 0 0
246 168 352 228 0 -8 0
246 160 355 231 0 -8 0
246 152 358 234 0 -8 0
246 144 361 237 0 0 0
246 144 364 240 0 -8 0
246 136 367 243 0 -8 0
246 128 370 246 0 -8 0
246 120 373 249 0 -8 0
246 112 376 252 0 0 0
246 112 379 255 0 8 0
246 120 382 258 0 -8 0
246 112 385 261 0 8 0
246 120 388 264 0 8 0
246 128 391 267 0 -8 0
246 120 394 270 0 0 0
246 120 397 273 0 0 0
246 120 400 276 0 8 0
246 128 403 279 0 -8 0
246 120 406 282 0 -8 0
246 112 409 285 0 0 0
246 112 412 288 0 0 0
246 112 415 291 0 8 0
246 120 418 294 0 -8 0
246 112 421 297 8 -8 0
254 104 424 300 0 8 0
254 112 427 303 0 0 0
254 112 430 306 8 -8 0
262 104 433 309 0 -8 0
262 96 436 312 0 8 0
262 104 439 315 8 0 0
270 104 442 318 0 8 0
270 112 445 321 8 0 0
278 112 448 324 0 0 0
278 112 451 327 0 0 0
278 112 454 330 8 8 0
286 120 457 333 0 -8 0
286 112 460 336 0 0 0
286 112 463 339 8 -8 0
294 104 466 342 0 0 0
294 104 469 345 8 8 0
302 112 472 348 0 8 0
302 120 475 351 0 8 0
302 128 478 354 8 0 0
310 128 481 357 0 -8 0
310 120 484 360 0 -8 0
310 112 487 363 8 8 0
318 120 490 366 0 0 0
318 120 493 369 8 8 0
326 128 496 372 0 8 0
326 136 499 375 0 8 0
326 144 502 378 8 0 0
334 144 505 381 0 8 0
334 152 508 384 0 8 0
334 160 511 387 8 0 0
342 160 514 390 0 8 0
342 168 517 393 8 0 0
350 168 520 396 0 0 0
350 168 523 399 0 8 0
350 176 526 402 8 -8 0
358 168 529 405 0 8 0
358 176 532 408 0 0 0
358 176 535 411 8 8 0
366 184 538 414 0 8 0
366 192 541 417 8 -8 0
374 184 544 420 0 8 0
374 192 547 423 0 0 0
374 192 550 426 8 -8 0
382 184 553 429 0 -8 0
382 176 556 432 0 8 0
382 184 559 435 8 8 0
390 192 562 438 0 0 0
390 192 565 441 8 -8 0
398 184 568 444 0 -8 0
398 176 571 447 0 8 0
398 184 574 450 8 -8 0
406 176 577 453 0 -8 0
406 168 580 456 0 8 0
406 176 583 459 8 0 0
414 176 586 462 0 0 0
414 176 589 465 8 8 0
422 184 592 468 0 0 0
422 184 595 471 0 8 0
422 192 598 474 8 0 0
430 192 601 477 0 8 0
430 200 604 480 0 0 0
430 200 607 483 8 0 0
438 200 610 486 0 0 0
438 200 613 489 8 -8 0
446 192 616 492 0 -8 0
446 184 619 495 0 0 0
446 184 622 498 8 0 0
454 184 625 501 0 -8 0
454 176 628 504 0 -8 0
454 168 631 507 8 0 0
462 168 634 510 0 -8 0
462 160 637 513 8 -8 0
470 152 640 516 0 8 0
470 160 643 519 0 8 0
470 168 646 522 8 -8 0
478 160 649 525 0 8 0
478 168 652 528 0 0 0
478 168 655 531 8 0 0
486 168 658 534 0 8 0
486 176 661 537 8 -8 0
494 168 664 540 0 8 0
494 176 667 543 0 0 0
494 176 670 546 8 0 0
502 176 673 549 0 -8 0
502 168 676 552 0 8 0
502 176 679 555 8 -8 0
510 168 682 558 0 -8 0
510 160 685 561 8 -8 0
518 152 688 564 0 0 0
518 152 691 567 0 -8 0
518 144 694 570 8 -8 0
526 136 697 573 0 0 0
526 136 700 576 0 0 0
526 136 703 579 8 -8 0
534 128 706 582 0 -8 0
534 120 709 585 8 8 0
540 128 712 588 0 -8 0
540 120 715 591 8 8 0
540 128 718 588 0 8 0
540 136 721 585 0 -8 0
540 128 724 582 0 8 0
540 136 727 579 0 -8 0
540 128 730 576 0 0 0
540 128 733 573 0 -8 0
540 120 736 570 0 0 0
540 120 739 567 0 0 0
540 120 742 564 0 -8 0
540 112 745 561 0 8 0
540 120 748 558 0 -8 0
540 112 751 555 0 8 0
540 120 754 552 0 8 0
540 128 757 549 0 0 0
540 128 760 546 0 0 0
540 128 763 543 0 8 0
540 136 766 540 0 0 0
540 136 769 537 0 -8 0
540 128 772 534 0 8 0
540 136 775 531 0 0 0
540 136 778 528 0 0 0
540 136 781 525 0 0 1
540 136 781 525 0 0 1
540 136 781 525 0 0 1
540 136 781 525 0 0 1
540 136 781 525 0 0 1
