402 358 385 408 0 0 0
402 358 382 405 0 0 0
402 358 379 402 0 0 0
402 358 376 399 0 8 0
402 366 373 396 0 -8 0
402 358 370 393 0 -8 0
402 350 367 390 0 0 0
402 350 364 387 0 0 0
402 350 361 384 0 -8 0
402 342 358 381 0 8 0
402 350 355 378 0 0 0
402 350 352 375 0 -8 0
402 342 349 372 0 -8 0
402 334 346 369 0 -8 0
402 326 343 366 0 -8 0
402 318 340 363 0 0 0
402 318 337 360 0 -8 0
402 310 334 357 0 -8 0
402 302 331 354 0 0 0
402 302 328 351 -8 0 0
394 302 325 348 0 -8 0
394 294 322 345 0 8 0
394 302 319 342 -8 8 0
386 310 316 339 0 -8 0
386 302 313 336 0 -8 0
386 294 310 333 -8 8 0
378 302 307 330 0 8 0
378 310 304 327 -8 8 0
370 318 301 324 0 -8 0
370 310 298 321 0 -8 0
370 302 295 318 -8 -8 0
362 294 292 315 0 8 0
362 302 289 312 0 -8 0
362 294 286 309 -8 8 0
354 302 283 306 0 8 0
354 310 280 303 -8 8 0
346 318 277 300 0 -8 0
346 310 274 297 0 -8 0
346 302 271 294 -8 -8 0
338 294 268 291 0 0 0
338 294 265 288 0 -8 0
338 286 262 285 -8 -8 0
330 278 259 282 0 -8 0
330 270 256 279 -8 0 0
322 270 253 276 0 -8 0
322 262 250 273 0 0 0
322 262 247 270 -8 0 0
314 262 244 267 0 0 0
314 262 241 264 0 8 0
314 270 238 261 -8 0 0
306 270 235 258 0 8 0
306 278 232 255 -8 0 0
298 278 229 252 0 8 0
298 286 226 249 0 -8 0
298 278 223 246 -8 0 0
290 278 220 243 0 -8 0
290 270 217 240 0 8 0
290 278 214 237 -8 8 0
282 286 211 234 0 8 0
282 294 208 231 -8 8 0
274 302 205 228 0 8 0
274 310 202 225 0 -8 0
274 302 199 222 -8 0 0
266 302 196 219 0 -8 0
266 294 193 216 0 8 0
266 302 190 213 -8 -8 0
258 294 187 210 0 -8 0
258 286 184 207 -8 0 0
250 286 181 204 0 -8 0
250 278 178 201 0 8 0
250 286 175 198 -8 8 0
242 294 172 195 0 8 0
242 302 169 192 0 -8 0
242 294 166 189 -8 -8 0
234 286 163 186 0 0 0
234 286 160 183 -8 0 0
226 286 157 180 0 0 0
226 286 154 177 0 -8 0
226 278 151 174 -8 8 0
218 286 148 171 0 8 0
218 294 145 168 0 -8 0
218 286 142 165 -8 -8 0
210 278 139 162 0 0 0
210 278 136 159 -8 0 0
202 278 133 156 0 0 0
202 278 130 153 0 0 0
202 278 127 150 -8 0 0
194 278 124 147 0 -8 0
194 270 121 144 0 -8 0
194 262 118 141 -8 -8 0
186 254 115 138 0 0 0
186 254 112 135 -8 0 0
178 254 109 132 0 8 0
178 262 106 129 0 8 0
178 270 103 126 -8 0 0
170 270 100 123 0 0 0
170 270 97 120 0 -8 0
170 262 94 117 -8 8 0
162 270 91 114 0 -8 0
162 262 88 111 -8 0 0
154 262 85 108 0 -8 0
154 254 82 105 0 0 0
154 254 79 102 -8 8 0
146 262 76 99 0 0 0
146 262 73 96 0 8 0
146 270 70 93 -8 -8 0
138 262 67 90 0 8 0
138 270 64 87 -8 8 0
130 278 61 84 0 8 0
130 286 58 81 0 0 0
130 286 55 78 -8 -8 0
122 278 52 75 0 -8 0
122 270 49 72 0 0 0
122 270 46 69 -8 8 0
114 278 43 66 0 0 0
114 278 40 63 -8 8 0
106 286 37 60 0 -8 0
106 278 34 57 0 -8 0
106 270 31 54 -8 -8 0
98 262 28 51 0 0 0
98 262 25 48 0 -8 0
98 254 22 45 -8 0 0
90 254 19 42 0 0 0
90 254 22 39 -8 8 0
82 262 25 36 0 0 0
82 262 28 33 0 8 0
82 270 31 30 -8 8 0
74 278 34 27 0 8 0
74 286 37 24 0 0 0
74 286 40 21 -8 -8 0
66 278 43 18 0 -8 0
66 270 46 15 -8 0 0
60 270 49 12 0 -8 0
60 262 52 9 -8 8 0
60 270 55 12 0 -8 0
60 262 58 15 0 0 0
60 262 61 18 0 -8 0
60 254 64 21 0 -8 0
60 246 67 24 0 0 0
60 246 70 27 0 -8 0
60 238 73 30 0 0 0
60 238 76 33 0 8 0
60 246 79 36 0 8 0
60 254 82 39 0 8 0
60 262 85 42 0 8 0
60 270 88 45 0 0 0
60 270 91 48 0 0 0
60 270 94 51 0 -8 0
60 262 97 54 0 -8 0
60 254 100 57 0 8 0
60 262 103 60 0 0 0
60 262 106 63 0 8 0
60 270 109 66 0 -8 0
60 262 112 69 0 0 0
60 262 115 72 0 0 0
60 262 118 75 0 -8 0
60 254 121 78 0 -8 0
60 246 124 81 0 8 0
60 254 127 84 0 8 0
60 262 130 87 0 -8 0
60 254 133 90 0 -8 0
60 246 136 93 0 0 0
60 246 139 96 0 0 0
60 246 142 99 0 8 0
60 254 145 102 0 -8 0
60 246 148 105 0 -8 0
60 238 151 108 0 8 0
60 246 154 111 8 8 0
68 254 157 114 0 -8 0
68 246 160 117 0 -8 0
68 238 163 120 8 8 0
76 246 166 123 0 8 0
76 254 169 126 0 0 0
76 254 172 129 8 -8 0
84 246 175 132 0 0 0
84 246 178 135 8 -8 0
92 238 181 138 0 0 0
92 238 184 141 0 -8 0
92 230 187 144 8 0 0
100 230 190 147 0 0 0
100 230 193 150 0 8 0
100 238 196 153 8 0 0
108 238 199 156 0 0 0
108 238 202 159 8 0 0
116 238 205 162 0 8 0
116 246 208 165 0 0 0
116 246 211 168 8 -8 0
124 238 214 171 0 -8 0
124 230 217 174 0 0 0
124 230 220 177 8 8 0
132 238 223 180 0 -8 0
132 230 226 183 8 -8 0
140 222 229 186 0 0 0
140 222 232 189 0 8 0
140 230 235 192 8 0 0
148 230 238 195 0 8 0
148 238 241 198 0 -8 0
148 230 244 201 8 8 0
156 238 247 204 0 8 0
156 246 250 207 8 0 0
164 246 253 210 0 0 0
164 246 256 213 0 8 0
164 254 259 216 8 8 0
172 262 262 219 0 -8 0
172 254 265 222 0 0 0
172 254 268 225 8 -8 0
180 246 271 228 0 8 0
180 254 274 231 8 -8 0
188 246 277 234 0 8 0
188 254 280 237 0 -8 0
188 246 283 240 8 8 0
196 254 286 243 0 8 0
196 262 289 246 0 -8 0
196 254 292 249 8 8 0
204 262 295 252 0 -8 0
204 254 298 255 8 0 0
212 254 301 258 0 0 0
212 254 304 261 0 -8 0
212 246 307 264 8 8 0
220 254 310 267 0 -8 0
220 246 313 270 0 0 0
220 246 316 273 8 8 0
228 254 319 276 0 0 0
228 254 322 279 8 -8 0
236 246 325 282 0 0 0
236 246 328 285 0 -8 0
236 238 331 288 8 -8 0
244 230 334 291 0 -8 0
244 222 337 294 0 0 0
244 222 340 297 8 0 0
252 222 343 300 0 8 0
252 230 346 303 8 -8 0
260 222 349 306 0 8 0
260 230 352 309 0 8 0
260 238 355 312 8 -8 0
268 230 358 315 0 0 0
268 230 361 318 0 -8 0
268 222 364 321 8 0 0
276 222 367 324 0 -8 0
276 214 370 327 8 8 0
284 222 373 330 0 8 0
284 230 376 333 0 0 0
284 230 379 336 8 0 0
292 230 382 339 0 -8 0
292 222 385 342 0 0 0
292 222 388 345 8 -8 0
300 214 391 348 0 0 0
300 214 394 351 8 8 0
308 222 397 354 0 8 0
308 230 400 357 0 0 0
308 230 403 360 8 -8 0
316 222 406 363 0 -8 0
316 214 409 366 0 0 0
316 214 412 369 8 8 0
324 222 415 372 0 8 0
324 230 418 375 8 8 0
332 238 421 378 0 8 0
332 246 424 381 0 0 0
332 246 427 384 8 -8 0
340 238 430 387 0 0 0
340 238 433 390 0 -8 0
340 230 436 393 8 0 0
348 230 439 396 0 -8 0
348 222 442 399 8 -8 0
356 214 445 402 0 8 0
356 222 448 405 0 -8 0
356 214 451 408 8 -8 0
364 206 454 411 0 8 0
364 214 457 414 0 8 0
364 222 460 417 8 8 0
372 230 463 420 0 0 0
372 230 466 423 8 0 0
380 230 469 426 0 -8 0
380 222 472 429 0 8 0
380 230 475 432 8 8 0
388 238 478 435 0 8 0
388 246 481 438 0 8 0
388 254 484 441 8 -8 0
396 246 487 444 0 0 0
396 246 490 447 8 -8 0
404 238 493 450 0 0 0
404 238 496 453 0 -8 0
404 230 499 456 8 -8 0
412 222 502 459 0 8 0
412 230 505 462 0 0 0
412 230 508 465 8 -8 0
420 222 511 468 0 0 0
420 222 514 471 8 8 0
428 230 517 474 0 0 0
428 230 520 477 0 8 0
428 238 523 480 8 0 0
436 238 526 483 0 0 0
436 238 529 486 0 8 0
436 246 532 489 8 8 0
444 254 535 492 0 -8 0
444 246 538 495 8 -8 0
452 238 541 498 0 0 0
452 238 544 501 0 0 0
452 238 547 504 8 8 0
460 246 550 507 0 0 0
460 246 553 510 0 0 0
460 246 556 513 8 -8 0
468 238 559 516 0 8 0
468 246 562 519 8 8 0
476 254 565 522 0 0 0
476 254 568 525 0 8 0
476 262 571 528 8 8 0
484 270 574 531 0 8 0
484 278 577 534 0 -8 0
484 270 580 537 8 0 0
492 270 583 540 0 -8 0
492 262 586 543 8 8 0
500 270 589 546 0 -8 0
500 262 592 549 0 0 0
500 262 595 552 8 0 0
508 262 598 555 0 8 0
508 270 601 558 0 0 0
508 270 604 561 8 0 0
516 270 607 564 0 8 0
516 278 610 567 8 -8 0
524 270 613 570 0 8 0
524 278 616 573 0 -8 0
524 270 619 576 8 0 0
532 270 622 579 0 0 0
532 270 625 582 0 0 0
532 270 628 585 8 -8 0
540 262 631 588 0 8 0
540 270 634 591 8 0 0
540 270 637 588 0 0 0
540 270 640 585 0 -8 0
540 262 643 582 0 0 0
540 262 646 579 0 8 0
540 270 649 576 0 8 0
540 278 652 573 0 0 0
540 278 655 570 0 0 0
540 278 658 567 0 8 0
540 286 661 564 0 0 0
540 286 664 561 0 0 0
540 286 667 558 0 0 0
540 286 670 555 0 8 0
540 294 673 552 0 0 0
540 294 676 549 0 0 0
540 294 679 546 0 -8 0
540 286 682 543 0 -8 0
540 278 685 540 0 -8 0
540 270 688 537 0 0 0
540 270 691 534 0 8 0
540 278 694 531 0 0 0
540 278 697 528 0 0 0
540 278 700 525 0 0 0
540 278 703 522 0 0 0
540 278 706 519 0 0 0
540 278 709 516 0 -8 0
540 270 712 513 0 -8 0
540 262 715 510 0 -8 0
540 254 718 507 0 -8 0
540 246 721 504 0 -8 0
540 238 724 501 0 -8 0
540 230 727 498 0 -8 0
540 222 730 495 0 -8 0
540 214 733 492 0 -8 0
540 206 736 489 -8 8 0
532 214 739 486 0 0 0
532 214 742 483 0 0 0
532 214 745 480 -8 0 0
524 214 748 477 0 8 0
524 222 751 474 0 -8 0
524 214 754 471 -8 8 0
516 222 757 468 0 0 0
516 222 760 465 -8 8 0
508 230 763 462 0 8 0
508 238 766 459 0 -8 0
508 230 769 456 -8 0 0
500 230 772 453 0 0 0
500 230 775 450 0 8 0
500 238 778 447 -8 -8 0
492 230 781 444 0 0 1
492 230 781 444 0 0 1
492 230 781 444 0 0 1
492 230 781 444 0 0 1
492 230 781 444 0 0 1
