227 330 577 363 0 0 0
227 330 580 366 8 8 0
235 338 583 369 8 0 0
243 338 586 372 8 -8 0
251 330 589 375 8 -8 0
259 322 592 378 8 8 0
267 330 595 381 8 0 0
275 330 598 384 8 -8 0
283 322 601 387 8 0 0
291 322 604 390 8 0 0
299 322 607 393 8 8 0
307 330 610 396 8 0 0
315 330 613 399 8 8 0
323 338 616 402 8 0 0
331 338 619 405 8 -8 0
339 330 622 408 8 0 0
347 330 625 411 8 0 0
355 330 628 414 8 0 0
363 330 631 417 8 0 0
371 330 634 420 0 8 0
371 338 637 423 8 -8 0
379 330 640 426 0 -8 0
379 322 643 429 0 -8 0
379 314 646 432 8 0 0
387 314 649 435 0 8 0
387 322 652 438 8 8 0
395 330 655 441 0 8 0
395 338 658 444 0 0 0
395 338 661 447 8 8 0
403 346 664 450 0 8 0
403 354 667 453 0 0 0
403 354 670 456 8 0 0
411 354 673 459 0 0 0
411 354 676 462 8 0 0
419 354 679 465 0 0 0
419 354 682 468 0 0 0
419 354 685 471 8 8 0
427 362 688 474 0 8 0
427 370 691 477 0 0 0
427 370 694 480 8 0 0
435 370 697 483 0 8 0
435 378 700 486 8 -8 0
443 370 703 489 0 -8 0
443 362 706 492 0 0 0
443 362 709 495 8 8 0
451 370 712 498 0 8 0
451 378 715 501 0 -8 0
451 370 718 504 8 0 0
459 370 721 507 0 0 0
459 370 724 510 8 0 0
467 370 727 513 0 -8 0
467 362 730 516 0 0 0
467 362 733 519 8 -8 0
475 354 736 522 0 -8 0
475 346 739 525 0 -8 0
475 338 742 528 8 8 0
483 346 745 531 0 8 0
483 354 748 534 8 0 0
491 354 751 537 0 0 0
491 354 754 540 0 0 0
491 354 757 543 8 0 0
499 354 760 546 0 0 0
499 354 763 549 0 -8 0
499 346 766 552 8 8 0
507 354 769 555 0 -8 0
507 346 772 558 8 -8 0
515 338 775 561 0 -8 0
515 330 778 564 0 0 0
515 330 781 567 0 0 1
515 330 781 567 0 0 1
515 330 781 567 0 0 1
515 330 781 567 0 0 1
515 330 781 567 0 0 1
