156 74 532 147 0 0 0
156 74 529 144 0 0 0
156 74 526 141 0 8 0
156 82 523 138 0 -8 0
156 74 520 135 0 8 0
156 82 517 132 0 0 0
156 82 514 129 0 -8 0
156 74 511 126 0 8 0
156 82 508 123 0 0 0
156 82 505 120 0 8 0
156 90 502 117 0 8 0
156 98 499 114 0 0 0
156 98 496 111 0 8 0
156 106 493 108 0 -8 0
156 98 490 105 -8 0 0
148 98 487 102 0 8 0
148 106 484 99 0 0 0
148 106 481 96 -8 -8 0
140 98 478 93 0 0 0
140 98 475 90 0 -8 0
140 90 472 87 -8 8 0
132 98 469 84 0 -8 0
132 90 466 81 -8 8 0
124 98 463 78 0 8 0
124 106 460 75 0 0 0
124 106 457 72 -8 0 0
116 106 454 69 0 -8 0
116 98 451 66 0 0 0
116 98 448 63 -8 0 0
108 98 445 60 0 8 0
108 106 442 57 -8 -8 0
100 98 439 54 0 0 0
100 98 436 51 0 8 0
100 106 433 48 -8 8 0
92 114 430 45 0 0 0
92 114 427 42 0 -8 0
92 106 424 39 -8 0 0
84 106 421 36 0 8 0
84 114 418 33 -8 8 0
76 122 415 30 0 8 0
76 130 412 27 0 0 0
76 130 409 24 -8 0 0
68 130 406 21 0 8 0
68 138 403 18 0 8 0
68 146 400 15 -8 -8 0
60 138 397 12 0 0 0
60 138 394 9 -8 -8 0
60 130 391 12 0 -8 0
60 122 388 15 0 -8 0
60 114 385 18 0 8 0
60 122 382 21 0 0 0
60 122 379 24 0 0 0
60 122 376 27 0 0 0
60 122 373 30 0 -8 0
60 114 370 33 0 8 0
60 122 367 36 0 -8 0
60 114 364 39 0 0 0
60 114 361 42 0 0 0
60 114 358 45 0 8 0
60 122 355 48 0 0 0
60 122 352 51 0 -8 0
60 114 349 54 0 8 0
60 122 346 57 0 8 0
60 130 343 60 0 -8 0
60 122 340 63 0 8 0
60 130 337 66 0 0 0
60 130 334 69 0 -8 0
60 122 331 72 0 0 0
60 122 328 75 0 0 0
60 122 325 78 0 0 0
60 122 322 81 0 8 0
60 130 319 84 0 -8 0
60 122 316 87 0 -8 0
60 114 313 90 0 8 0
60 122 310 93 0 8 0
60 130 307 96 0 -8 0
60 122 304 99 0 -8 0
60 114 301 102 0 8 0
60 122 298 105 0 0 0
60 122 295 108 0 -8 0
60 114 292 111 8 0 0
68 114 289 114 0 8 0
68 122 286 117 0 -8 0
68 114 283 120 8 8 0
76 122 280 123 0 -8 0
76 114 277 126 0 0 0
76 114 274 129 8 -8 0
84 106 271 132 0 -8 0
84 98 268 135 8 -8 0
92 90 265 138 0 8 0
92 98 262 141 0 -8 0
92 90 259 144 8 0 0
100 90 256 147 0 8 0
100 98 253 150 0 8 0
100 106 250 153 8 -8 0
108 98 247 156 0 8 0
108 106 244 159 8 8 0
116 114 241 162 0 0 0
116 114 238 165 0 8 0
116 122 235 168 8 -8 0
124 114 232 171 0 0 0
124 114 229 174 0 -8 0
124 106 226 177 8 8 0
132 114 223 180 0 8 0
132 122 220 183 8 0 0
140 122 217 186 0 0 0
140 122 214 189 0 -8 0
140 114 211 192 8 -8 0
148 106 208 195 0 8 0
148 114 205 198 0 0 0
148 114 202 201 8 -8 0
156 106 199 204 0 8 0
156 114 196 207 8 -8 0
164 106 193 210 0 -8 0
164 98 190 213 0 0 0
164 98 187 216 8 -8 0
172 90 184 219 0 0 0
172 90 181 222 0 -8 0
172 82 178 225 8 -8 0
180 74 175 228 0 8 0
180 82 172 231 8 8 0
188 90 169 234 0 -8 0
188 82 166 237 0 -8 0
188 74 163 240 8 0 0
196 74 160 243 0 -8 0
196 66 157 246 0 8 0
196 74 154 249 8 0 0
204 74 151 252 0 0 0
204 74 148 255 8 8 0
212 82 145 258 0 -8 0
212 74 142 261 0 -8 0
212 66 139 264 8 0 0
220 66 136 267 0 -8 0
220 60 133 270 0 8 0
220 68 130 273 8 -8 0
228 60 127 276 0 -8 0
228 60 124 279 8 0 0
236 60 121 282 0 0 0
236 60 118 285 0 8 0
236 68 115 288 8 0 0
244 68 112 291 0 -8 0
244 60 109 294 0 8 0
244 68 106 297 8 0 0
252 68 103 300 0 0 0
252 68 100 303 8 8 0
260 76 97 306 0 -8 0
260 68 94 309 0 8 0
260 76 91 312 8 0 0
268 76 88 315 0 -8 0
268 68 85 318 0 0 0
268 68 82 321 8 -8 0
276 60 79 324 0 0 0
276 60 76 327 8 -8 0
284 60 73 330 0 -8 0
284 60 70 333 0 8 0
284 68 67 336 8 8 0
292 76 64 339 0 0 0
292 76 61 342 0 8 0
292 84 58 345 8 8 0
300 92 55 348 0 8 0
300 100 52 351 8 -8 0
308 92 49 354 0 -8 0
308 84 46 357 0 8 0
308 92 43 360 8 -8 0
316 84 40 363 0 0 0
316 84 37 366 0 0 0
316 84 34 369 8 8 0
324 92 31 372 0 8 0
324 100 28 375 8 0 0
332 100 25 378 0 -8 0
332 92 22 381 0 0 0
332 92 19 384 0 0 1
332 92 19 384 0 0 1
332 92 19 384 0 0 1
332 92 19 384 0 0 1
332 92 19 384 0 0 1
