354 212 298 411 0 0 0
354 212 295 408 8 8 0
362 220 292 405 0 0 0
362 220 289 402 0 -8 0
362 212 286 399 0 -8 0
362 204 283 396 0 -8 0
362 196 280 393 0 -8 0
362 188 277 390 0 8 0
362 196 274 387 0 0 0
362 196 271 384 0 8 0
362 204 268 381 0 8 0
362 212 265 378 0 8 0
362 220 262 375 0 8 0
362 228 259 372 0 0 0
362 228 256 369 0 0 0
362 228 253 366 0 -8 0
362 220 250 363 0 -8 0
362 212 247 360 0 -8 0
362 204 244 357 0 -8 0
362 196 241 354 0 8 0
362 204 238 351 0 0 0
362 204 235 348 0 0 0
362 204 232 345 0 0 0
362 204 229 342 0 8 0
362 212 226 339 0 -8 0
362 204 223 336 0 -8 0
362 196 220 333 0 -8 0
362 188 217 330 0 -8 0
362 180 214 327 0 8 0
362 188 211 324 0 -8 0
362 180 208 321 0 -8 0
362 172 205 318 0 -8 0
362 164 202 315 0 0 0
362 164 199 312 0 -8 0
362 156 196 309 -8 0 0
354 156 193 306 0 0 0
354 156 190 303 -8 0 0
346 156 187 300 0 -8 0
346 148 184 297 0 -8 0
346 140 181 294 -8 -8 0
338 132 178 291 0 0 0
338 132 175 288 0 -8 0
338 124 172 285 -8 8 0
330 132 169 282 0 -8 0
330 124 166 279 -8 8 0
322 132 163 276 0 -8 0
322 124 160 273 0 0 0
322 124 157 270 -8 0 0
314 124 154 267 0 8 0
314 132 151 264 0 0 0
314 132 148 261 -8 -8 0
306 124 145 258 0 0 0
306 124 142 255 -8 0 0
298 124 139 252 0 0 0
298 124 136 249 0 -8 0
298 116 133 246 -8 -8 0
290 108 130 243 0 -8 0
290 100 127 240 0 -8 0
290 92 124 237 -8 0 0
282 92 121 234 0 0 0
282 92 118 231 -8 8 0
274 100 115 228 0 0 0
274 100 112 225 0 0 0
274 100 109 222 -8 8 0
266 108 106 219 0 8 0
266 116 103 216 0 8 0
266 124 100 213 -8 -8 0
258 116 97 210 0 8 0
258 124 94 207 -8 8 0
250 132 91 204 0 0 0
250 132 88 201 0 0 0
250 132 85 198 -8 8 0
242 140 82 195 0 -8 0
242 132 79 192 0 -8 0
242 124 76 189 -8 -8 0
234 116 73 186 0 0 0
234 116 70 183 -8 0 0
226 116 67 180 0 -8 0
226 108 64 177 0 8 0
226 116 61 174 -8 -8 0
218 108 58 171 0 8 0
218 116 55 168 0 -8 0
218 108 52 165 -8 8 0
210 116 49 162 0 0 0
210 116 46 159 -8 -8 0
202 108 43 156 0 -8 0
202 100 40 153 0 -8 0
202 92 37 150 -8 0 0
194 92 34 147 0 0 0
194 92 31 144 0 0 0
194 92 28 141 -8 -8 0
186 84 25 138 0 -8 0
186 76 22 135 -8 0 0
178 76 19 132 0 8 0
178 84 22 129 0 0 0
178 84 25 126 -8 0 0
170 84 28 123 0 -8 0
170 76 31 120 0 0 0
170 76 34 117 -8 8 0
162 84 37 114 0 -8 0
162 76 40 111 -8 8 0
154 84 43 108 0 8 0
154 92 46 105 0 8 0
154 100 49 102 -8 -8 0
146 92 52 99 0 0 0
146 92 55 96 0 0 0
146 92 58 93 -8 0 0
138 92 61 90 0 8 0
138 100 64 87 -8 8 0
130 108 67 84 0 -8 0
130 100 70 81 0 0 0
130 100 73 78 -8 0 0
122 100 76 75 0 8 0
122 108 79 72 0 8 0
122 116 82 69 -8 0 0
114 116 85 66 0 -8 0
114 108 88 63 -8 0 0
106 108 91 60 0 -8 0
106 100 94 57 0 -8 0
106 92 97 54 -8 -8 0
98 84 100 51 0 8 0
98 92 103 48 0 8 0
98 100 106 45 -8 -8 0
90 92 109 42 0 8 0
90 100 112 39 -8 8 0
82 108 115 36 0 -8 0
82 100 118 33 0 0 0
82 100 121 30 -8 -8 0
74 92 124 27 0 0 0
74 92 127 24 0 0 0
74 92 130 21 -8 0 0
66 92 133 18 0 8 0
66 100 136 15 -8 8 0
60 108 139 12 0 -8 0
60 100 142 9 -8 0 0
60 100 145 12 0 8 0
60 108 148 15 0 0 0
60 108 151 18 0 -8 0
60 100 154 21 0 0 0
60 100 157 24 0 8 0
60 108 160 27 0 -8 0
60 100 163 30 0 -8 0
60 92 166 33 0 -8 0
60 84 169 36 0 0 0
60 84 172 39 0 0 0
60 84 175 42 0 8 0
60 92 178 45 0 -8 0
60 84 181 48 0 -8 0
60 76 184 51 0 -8 0
60 68 187 54 0 0 0
60 68 190 57 0 0 0
60 68 193 60 0 8 0
60 76 196 63 0 0 0
60 76 199 66 0 8 0
60 84 202 69 0 8 0
60 92 205 72 0 -8 0
60 84 208 75 0 -8 0
60 76 211 78 0 0 0
60 76 214 81 0 8 0
60 84 217 84 0 0 0
60 84 220 87 0 8 0
60 92 223 90 0 0 0
60 92 226 93 0 8 0
60 100 229 96 0 -8 0
60 92 232 99 0 -8 0
60 84 235 102 0 -8 0
60 76 238 105 0 8 0
60 84 241 108 0 8 0
60 92 244 111 8 -8 0
68 84 247 114 0 -8 0
68 76 250 117 0 -8 0
68 68 253 120 8 0 0
76 68 256 123 0 8 0
76 76 259 126 0 8 0
76 84 262 129 8 -8 0
84 76 265 132 0 -8 0
84 68 268 135 8 0 0
92 68 271 138 0 8 0
92 76 274 141 0 8 0
92 84 277 144 8 0 0
100 84 280 147 0 -8 0
100 76 283 150 0 -8 0
100 68 286 153 8 8 0
108 76 289 156 0 8 0
108 84 292 159 8 0 0
116 84 295 162 0 8 0
116 92 298 165 0 8 0
116 100 301 168 8 0 0
124 100 304 171 0 8 0
124 108 307 174 0 0 0
124 108 310 177 8 -8 0
132 100 313 180 0 8 0
132 108 316 183 8 -8 0
140 100 319 186 0 0 0
140 100 322 189 0 8 0
140 108 325 192 8 8 0
148 116 328 195 0 -8 0
148 108 331 198 0 0 0
148 108 334 201 8 0 0
156 108 337 204 0 -8 0
156 100 340 207 8 -8 0
164 92 343 210 0 0 0
164 92 346 213 0 8 0
164 100 349 216 8 8 0
172 108 352 219 0 8 0
172 116 355 222 0 0 0
172 116 358 225 8 0 0
180 116 361 228 0 8 0
180 124 364 231 8 -8 0
188 116 367 234 0 0 0
188 116 370 237 0 0 0
188 116 373 240 8 -8 0
196 108 376 243 0 8 0
196 116 379 246 0 0 0
196 116 382 249 8 8 0
204 124 385 252 0 8 0
204 132 388 255 8 -8 0
212 124 391 258 0 0 0
212 124 394 261 0 8 0
212 132 397 264 8 -8 0
220 124 400 267 0 8 0
220 132 403 270 0 0 0
220 132 406 273 8 0 0
228 132 409 276 0 8 0
228 140 412 279 8 -8 0
236 132 415 282 0 -8 0
236 124 418 285 0 8 0
236 132 421 288 8 0 0
244 132 424 291 0 -8 0
244 124 427 294 0 8 0
244 132 430 297 8 -8 0
252 124 433 300 0 -8 0
252 116 436 303 8 0 0
260 116 439 306 0 -8 0
260 108 442 309 0 8 0
260 116 445 312 8 8 0
268 124 448 315 0 0 0
268 124 451 318 0 0 0
268 124 454 321 8 0 0
276 124 457 324 0 8 0
276 132 460 327 8 0 0
284 132 463 330 0 -8 0
284 124 466 333 0 8 0
284 132 469 336 8 8 0
292 140 472 339 0 8 0
292 148 475 342 0 -8 0
292 140 478 345 8 -8 0
300 132 481 348 0 0 0
300 132 484 351 8 8 0
308 140 487 354 0 8 0
308 148 490 357 0 8 0
308 156 493 360 8 8 0
316 164 496 363 0 0 0
316 164 499 366 0 -8 0
316 156 502 369 8 0 0
324 156 505 372 0 8 0
324 164 508 375 8 0 0
332 164 511 378 0 8 0
332 172 514 381 0 -8 0
332 164 517 384 8 0 0
340 164 520 387 0 -8 0
340 156 523 390 0 8 0
340 164 526 393 8 -8 0
348 156 529 396 0 0 0
348 156 532 399 8 8 0
356 164 535 402 0 0 0
356 164 538 405 0 8 0
356 172 541 408 8 8 0
364 180 544 411 0 -8 0
364 172 547 414 0 0 0
364 172 550 417 8 8 0
372 180 553 420 0 8 0
372 188 556 423 8 0 0
380 188 559 426 0 8 0
380 196 562 429 0 0 0
380 196 565 432 8 -8 0
388 188 568 435 0 8 0
388 196 571 438 0 8 0
388 204 574 441 8 8 0
396 212 577 444 0 8 0
396 220 580 447 8 8 0
404 228 583 450 0 0 0
404 228 586 453 0 0 0
404 228 589 456 8 0 0
412 228 592 459 0 0 0
412 228 595 462 0 8 0
412 236 598 465 8 -8 0
420 228 601 468 0 0 0
420 228 604 471 8 -8 0
428 220 607 474 0 8 0
428 228 610 477 0 8 0
428 236 613 480 8 0 0
436 236 616 483 0 -8 0
436 228 619 486 0 8 0
436 236 622 489 8 8 0
444 244 625 492 0 -8 0
444 236 628 495 8 8 0
452 244 631 498 0 -8 0
452 236 634 501 0 8 0
452 244 637 504 8 0 0
460 244 640 507 0 8 0
460 252 643 510 0 0 0
460 252 646 513 8 0 0
468 252 649 516 0 -8 0
468 244 652 519 8 8 0
476 252 655 522 0 0 0
476 252 658 525 0 8 0
476 260 661 528 8 -8 0
484 252 664 531 0 8 0
484 260 667 534 0 0 0
484 260 670 537 8 8 0
492 268 673 540 0 0 0
492 268 676 543 8 -8 0
500 260 679 546 0 8 0
500 268 682 549 0 -8 0
500 260 685 552 8 8 0
508 268 688 555 0 0 0
508 268 691 558 0 8 0
508 276 694 561 8 -8 0
516 268 697 564 0 0 0
516 268 700 567 8 -8 0
524 260 703 570 0 -8 0
524 252 706 573 0 0 0
524 252 709 576 8 0 0
532 252 712 579 0 0 0
532 252 715 582 0 -8 0
532 244 718 585 8 0 0
540 244 721 588 0 -8 0
540 236 724 591 8 8 0
540 244 727 588 0 8 0
540 252 730 585 0 0 0
540 252 733 582 0 0 0
540 252 736 579 0 0 0
540 252 739 576 0 8 0
540 260 742 573 0 8 0
540 268 745 570 0 0 0
540 268 748 567 0 8 0
540 276 751 564 0 -8 0
540 268 754 561 0 8 0
540 276 757 558 0 -8 0
540 268 760 555 0 8 0
540 276 763 552 0 8 0
540 284 766 549 0 0 0
540 284 769 546 0 -8 0
540 276 772 543 0 8 0
540 284 775 540 0 -8 0
540 276 778 537 0 -8 0
540 268 781 534 0 0 1
540 268 781 534 0 0 1
540 268 781 534 0 0 1
540 268 781 534 0 0 1
540 268 781 534 0 0 1
