198 243 331 288 0 0 0
198 243 334 291 8 0 0
206 243 337 294 8 -8 0
214 235 340 297 8 0 0
222 235 343 300 8 8 0
230 243 346 303 8 -8 0
238 235 349 306 8 -8 0
246 227 352 309 8 -8 0
254 219 355 312 8 -8 0
262 211 358 315 8 8 0
270 219 361 318 0 8 0
270 227 364 321 8 8 0
278 235 367 324 0 0 0
278 235 370 327 0 -8 0
278 227 373 330 8 8 0
286 235 376 333 0 8 0
286 243 379 336 0 -8 0
286 235 382 339 8 8 0
294 243 385 342 0 8 0
294 251 388 345 8 -8 0
302 243 391 348 0 8 0
302 251 394 351 0 -8 0
302 243 397 354 8 8 0
310 251 400 357 0 0 0
310 251 403 360 0 8 0
310 259 406 363 8 8 0
318 267 409 366 0 0 0
318 267 412 369 8 0 0
326 267 415 372 0 -8 0
326 259 418 375 0 0 0
326 259 421 378 8 0 0
334 259 424 381 0 -8 0
334 251 427 384 0 -8 0
334 243 430 387 8 8 0
342 251 433 390 0 0 0
342 251 436 393 8 8 0
350 259 439 396 0 -8 0
350 251 442 399 0 8 0
350 259 445 402 8 0 0
358 259 448 405 0 0 0
358 259 451 408 0 0 0
358 259 454 411 8 -8 0
366 251 457 414 0 0 0
366 251 460 417 8 0 0
374 251 463 420 0 0 0
374 251 466 423 0 0 0
374 251 469 426 8 -8 0
382 243 472 429 0 8 0
382 251 475 432 0 8 0
382 259 478 435 8 8 0
390 267 481 438 0 8 0
390 275 484 441 8 0 0
398 275 487 444 0 8 0
398 283 490 447 0 0 0
398 283 493 450 8 0 0
406 283 496 453 0 0 0
406 283 499 456 0 -8 0
406 275 502 459 8 8 0
414 283 505 462 0 -8 0
414 275 508 465 8 8 0
422 283 511 468 0 -8 0
422 275 514 471 0 0 0
422 275 517 474 8 -8 0
430 267 520 477 0 -8 0
430 259 523 480 0 0 0
430 259 526 483 8 8 0
438 267 529 486 0 8 0
438 275 532 489 8 8 0
446 283 535 492 0 0 0
446 283 538 495 0 0 0
446 283 541 498 8 8 0
454 291 544 501 0 0 0
454 291 547 504 0 -8 0
454 283 550 507 8 0 0
462 283 553 510 0 0 0
462 283 556 513 8 8 0
470 291 559 516 0 -8 0
470 283 562 519 0 8 0
470 291 565 522 8 -8 0
478 283 568 525 0 -8 0
478 275 571 528 0 -8 0
478 267 574 531 8 0 0
486 267 577 534 0 8 0
486 275 580 537 8 0 0
494 275 583 540 0 8 0
494 283 586 543 0 8 0
494 291 589 546 8 0 0
502 291 592 549 0 8 0
502 299 595 552 0 0 0
502 299 598 555 8 8 0
510 307 601 558 0 8 0
510 315 604 561 8 8 0
518 323 607 564 0 0 0
518 323 610 567 0 8 0
518 331 613 570 8 0 0
526 331 616 573 0 8 0
526 339 619 576 0 0 0
526 339 622 579 8 -8 0
534 331 625 582 0 -8 0
534 323 628 585 8 -8 0
540 315 631 588 0 -8 0
540 307 634 591 8 -8 0
540 299 637 588 0 8 0
540 307 640 585 0 0 0
540 307 643 582 0 0 0
540 307 646 579 0 8 0
540 315 649 576 0 -8 0
540 307 652 573 0 8 0
540 315 655 570 0 0 0
540 315 658 567 0 8 0
540 323 661 564 0 -8 0
540 315 664 561 0 -8 0
540 307 667 558 0 0 0
540 307 670 555 0 0 0
540 307 673 552 0 0 0
540 307 676 549 0 8 0
540 315 679 546 0 0 0
540 315 682 543 0 0 0
540 315 685 540 0 8 0
540 323 688 537 0 0 0
540 323 691 534 0 8 0
540 331 694 531 0 8 0
540 339 697 528 0 0 0
540 339 700 525 0 8 0
540 347 703 522 0 0 0
540 347 706 519 0 8 0
540 355 709 516 0 8 0
540 363 712 513 0 -8 0
540 355 715 510 0 0 0
540 355 718 507 0 0 0
540 355 721 504 0 8 0
540 363 724 501 0 0 0
540 363 727 498 0 8 0
540 371 730 495 0 -8 0
540 363 733 492 0 -8 0
540 355 736 489 -8 0 0
532 355 739 486 0 8 0
532 363 742 483 0 8 0
532 371 745 480 -8 0 0
524 371 748 477 0 0 0
524 371 751 474 0 8 0
524 379 754 471 -8 0 0
516 379 757 468 0 -8 0
516 371 760 465 -8 0 0
508 371 763 462 0 8 0
508 379 766 459 0 8 0
508 387 769 456 -8 0 0
500 387 772 453 0 8 0
500 395 775 450 0 8 0
500 403 778 447 -8 8 0
492 411 781 444 0 8 0
492 419 778 441 -8 8 0
484 427 775 438 0 8 0
484 435 772 435 0 8 0
484 443 769 432 -8 8 0
476 451 766 429 0 0 0
476 451 763 426 0 -8 0
476 443 760 423 -8 0 0
468 443 757 420 0 0 0
468 443 754 417 -8 8 0
460 451 751 414 0 0 0
460 451 748 411 0 0 0
460 451 745 408 -8 8 0
452 459 742 405 0 8 0
452 467 739 402 0 -8 0
452 459 736 399 -8 -8 0
444 451 733 396 0 -8 0
444 443 730 393 -8 8 0
436 451 727 390 0 8 0
436 459 724 387 0 -8 0
436 451 721 384 -8 8 0
428 459 718 381 0 -8 0
428 451 715 378 0 8 0
428 459 712 375 -8 8 0
420 467 709 372 0 8 0
420 475 706 369 -8 -8 0
412 467 703 366 0 -8 0
412 459 700 363 0 8 0
412 467 697 360 -8 -8 0
404 459 694 357 0 0 0
404 459 691 354 0 8 0
404 467 688 351 -8 0 0
396 467 685 348 0 -8 0
396 459 682 345 -8 8 0
388 467 679 342 0 8 0
388 475 676 339 0 -8 0
388 467 673 336 -8 8 0
380 475 670 333 0 8 0
380 483 667 330 0 0 0
380 483 664 327 -8 -8 0
372 475 661 324 0 0 0
372 475 658 321 -8 -8 0
364 467 655 318 0 8 0
364 475 652 315 0 0 0
364 475 649 312 -8 -8 0
356 467 646 309 0 -8 0
356 459 643 306 0 -8 0
356 451 640 303 -8 -8 0
348 443 637 300 0 8 0
348 451 634 297 -8 8 0
340 459 631 294 0 8 0
340 467 628 291 0 -8 0
340 459 625 288 -8 8 0
332 467 622 285 0 0 0
332 467 619 282 0 -8 0
332 459 616 279 -8 8 0
324 467 613 276 0 8 0
324 475 610 273 -8 8 0
316 483 607 270 0 8 0
316 491 604 267 0 0 0
316 491 601 264 -8 -8 0
308 483 598 261 0 0 0
308 483 595 258 0 0 0
308 483 592 255 -8 0 0
300 483 589 252 0 8 0
300 491 586 249 -8 -8 0
292 483 583 246 0 8 0
292 491 580 243 0 8 0
292 499 577 240 -8 -8 0
284 491 574 237 0 -8 0
284 483 571 234 0 0 0
284 483 568 231 -8 0 0
276 483 565 228 0 -8 0
276 475 562 225 -8 -8 0
268 467 559 222 0 -8 0
268 459 556 219 0 0 0
268 459 553 216 -8 -8 0
260 451 550 213 0 0 0
260 451 547 210 0 8 0
260 459 544 207 -8 -8 0
252 451 541 204 0 8 0
252 459 538 201 -8 0 0
244 459 535 198 0 0 0
244 459 532 195 0 0 0
244 459 529 192 -8 0 0
236 459 526 189 0 8 0
236 467 523 186 0 -8 0
236 459 520 183 -8 -8 0
228 451 517 180 0 -8 0
228 443 514 177 -8 0 0
220 443 511 174 0 -8 0
220 435 508 171 0 8 0
220 443 505 168 -8 -8 0
212 435 502 165 0 0 0
212 435 499 162 0 0 0
212 435 496 159 -8 8 0
204 443 493 156 0 0 0
204 443 490 153 -8 -8 0
196 435 487 150 0 -8 0
196 427 484 147 0 -8 0
196 419 481 144 -8 0 0
188 419 478 141 0 0 0
188 419 475 138 0 -8 0
188 411 472 135 -8 -8 0
180 403 469 132 0 -8 0
180 395 466 129 -8 0 0
172 395 463 126 0 8 0
172 403 460 123 0 8 0
172 411 457 120 -8 0 0
164 411 454 117 0 -8 0
164 403 451 114 0 8 0
164 411 448 111 -8 8 0
156 419 445 108 0 8 0
156 427 442 105 -8 8 0
148 435 439 102 0 -8 0
148 427 436 99 0 -8 0
148 419 433 96 -8 0 0
140 419 430 93 0 0 0
140 419 427 90 0 8 0
140 427 424 87 -8 8 0
132 435 421 84 0 8 0
132 443 418 81 -8 0 0
124 443 415 78 0 8 0
124 451 412 75 0 -8 0
124 443 409 72 -8 -8 0
116 435 406 69 0 8 0
116 443 403 66 0 0 0
116 443 400 63 -8 8 0
108 451 397 60 0 8 0
108 459 394 57 -8 -8 0
100 451 391 54 0 8 0
100 459 388 51 0 0 0
100 459 385 48 -8 8 0
92 467 382 45 0 8 0
92 475 379 42 0 0 0
92 475 376 39 -8 8 0
84 483 373 36 0 8 0
84 491 370 33 -8 0 0
76 491 367 30 0 0 0
76 491 364 27 0 -8 0
76 483 361 24 -8 8 0
68 491 358 21 0 0 0
68 491 355 18 0 -8 0
68 483 352 15 -8 0 0
60 483 349 12 0 8 0
60 491 346 9 -8 0 0
60 491 343 12 0 8 0
60 499 340 15 0 8 0
60 507 337 18 0 8 0
60 515 334 21 0 0 0
60 515 331 24 0 -8 0
60 507 328 27 0 8 0
60 515 325 30 0 -8 0
60 507 322 33 0 8 0
60 515 319 36 0 8 0
60 523 316 39 0 8 0
60 531 313 42 0 8 0
60 539 310 45 0 0 0
60 539 307 48 0 0 0
60 539 304 51 0 0 0
60 539 301 54 0 8 0
60 540 298 57 0 0 0
60 540 295 60 0 -8 0
60 532 292 63 0 8 0
60 540 289 66 0 8 0
60 540 286 69 0 8 0
60 540 283 72 0 8 0
60 540 280 75 0 0 0
60 540 277 78 0 8 0
60 540 274 81 0 -8 0
60 532 271 84 0 -8 0
60 524 268 87 0 -8 0
60 516 265 90 0 8 0
60 524 262 93 0 0 0
60 524 259 96 0 8 0
60 532 256 99 0 0 0
60 532 253 102 0 8 0
60 540 250 105 0 -8 0
60 532 247 108 0 0 0
60 532 244 111 8 -8 0
68 524 241 114 0 0 0
68 524 238 117 0 0 0
68 524 235 120 8 8 0
76 532 232 123 0 8 0
76 540 229 126 0 -8 0
76 532 226 129 8 8 0
84 540 223 132 0 -8 0
84 532 220 135 8 0 0
92 532 217 138 0 -8 0
92 524 214 141 0 0 0
92 524 211 144 8 -8 0
100 516 208 147 0 -8 0
100 508 205 150 0 -8 0
100 500 202 153 8 0 0
108 500 199 156 0 0 0
108 500 196 159 8 -8 0
116 492 193 162 0 8 0
116 500 190 165 0 8 0
116 508 187 168 8 8 0
124 516 184 171 0 0 0
124 516 181 174 0 8 0
124 524 178 177 8 8 0
132 532 175 180 0 8 0
132 540 172 183 8 -8 0
140 532 169 186 0 -8 0
140 524 166 189 0 -8 0
140 516 163 192 8 0 0
148 516 160 195 0 0 0
148 516 157 198 0 0 0
148 516 154 201 8 0 0
156 516 151 204 0 0 0
156 516 148 207 8 8 0
164 524 145 210 0 -8 0
164 516 142 213 0 -8 0
164 508 139 216 8 8 0
172 516 136 219 0 0 0
172 516 133 222 0 0 0
172 516 130 225 8 0 0
180 516 127 228 0 8 0
180 524 124 231 8 8 0
188 532 121 234 0 8 0
188 540 118 237 0 -8 0
188 532 115 240 8 -8 0
196 524 112 243 0 8 0
196 532 109 246 0 -8 0
196 524 106 249 8 8 0
204 532 103 252 0 -8 0
204 524 100 255 8 0 0
212 524 97 258 0 8 0
212 532 94 261 0 0 0
212 532 91 264 8 0 0
220 532 88 267 0 8 0
220 540 85 270 0 0 0
220 540 82 273 8 8 0
228 540 79 276 0 8 0
228 540 76 279 8 8 0
236 540 73 282 0 0 0
236 540 70 285 0 0 0
236 540 67 288 8 -8 0
244 532 64 291 0 0 0
244 532 61 294 0 0 0
244 532 58 297 8 -8 0
252 524 55 300 0 0 0
252 524 52 303 8 -8 0
260 516 49 306 0 -8 0
260 508 46 309 0 0 0
260 508 43 312 8 0 0
268 508 40 315 0 8 0
268 516 37 318 0 8 0
268 524 34 321 8 -8 0
276 516 31 324 0 0 0
276 516 28 327 8 8 0
284 524 25 330 0 0 0
284 524 22 333 0 -8 0
284 516 19 336 0 0 1
284 516 19 336 0 0 1
284 516 19 336 0 0 1
284 516 19 336 0 0 1
284 516 19 336 0 0 1
