457 126 529 339 0 0 0
457 126 532 336 -8 -8 0
449 118 535 333 -8 0 0
441 118 538 330 -8 8 0
433 126 541 327 -8 8 0
425 134 544 324 -8 -8 0
417 126 547 321 -8 0 0
409 126 550 318 -8 8 0
401 134 553 315 -8 -8 0
393 126 556 312 -8 -8 0
385 118 559 309 -8 -8 0
377 110 562 306 -8 0 0
369 110 565 303 -8 0 0
361 110 568 300 -8 0 0
353 110 571 297 -8 -8 0
345 102 574 294 -8 -8 0
337 94 577 291 0 8 0
337 102 580 288 0 8 0
337 110 583 285 -8 -8 0
329 102 586 282 0 -8 0
329 94 589 279 0 0 0
329 94 592 276 -8 -8 0
321 86 595 273 0 0 0
321 86 598 270 -8 0 0
313 86 601 267 0 -8 0
313 78 604 264 0 8 0
313 86 607 261 -8 0 0
305 86 610 258 0 8 0
305 94 613 255 0 8 0
305 102 616 252 -8 -8 0
297 94 619 249 0 -8 0
297 86 622 246 -8 -8 0
289 78 625 243 0 0 0
289 78 628 240 0 -8 0
289 70 631 237 -8 8 0
281 78 634 234 0 -8 0
281 70 637 231 0 -8 0
281 62 640 228 -8 8 0
273 70 643 225 0 -8 0
273 62 646 222 -8 0 0
265 62 649 219 0 -8 0
265 60 652 216 0 0 0
265 60 655 213 -8 0 0
257 60 658 210 0 -8 0
257 60 661 207 0 8 0
257 68 664 204 -8 -8 0
249 60 667 201 0 -8 0
249 60 670 198 -8 -8 0
241 60 673 195 0 0 0
241 60 676 192 0 8 0
241 68 679 189 -8 -8 0
233 60 682 186 0 -8 0
233 60 685 183 0 8 0
233 68 688 180 -8 -8 0
225 60 691 177 0 8 0
225 68 694 174 -8 -8 0
217 60 697 171 0 0 0
217 60 700 168 0 8 0
217 68 703 165 -8 0 0
209 68 706 162 0 0 0
209 68 709 159 0 0 0
209 68 712 156 -8 8 0
201 76 715 153 0 0 0
201 76 718 150 -8 0 0
193 76 721 147 0 8 0
193 84 724 144 0 -8 0
193 76 727 141 -8 -8 0
185 68 730 138 0 0 0
185 68 733 135 0 -8 0
185 60 736 132 -8 -8 0
177 60 739 129 0 -8 0
177 60 742 126 -8 -8 0
169 60 745 123 0 8 0
169 68 748 120 0 0 0
169 68 751 117 -8 -8 0
161 60 754 114 0 -8 0
161 60 757 111 0 8 0
161 68 760 108 -8 0 0
153 68 763 105 0 8 0
153 76 766 102 -8 0 0
145 76 769 99 0 -8 0
145 68 772 96 0 -8 0
145 60 775 93 -8 -8 0
137 60 778 90 0 8 0
137 68 781 87 0 8 0
137 76 778 84 -8 8 0
129 84 775 81 0 0 0
129 84 772 78 -8 8 0
121 92 769 75 0 0 0
121 92 766 72 0 -8 0
121 84 763 69 -8 0 0
113 84 760 66 0 -8 0
113 76 757 63 0 8 0
113 84 754 60 -8 -8 0
105 76 751 57 0 0 0
105 76 748 54 -8 8 0
97 84 745 51 0 0 0
97 84 742 48 0 -8 0
97 76 739 45 -8 0 0
89 76 736 42 0 -8 0
89 68 733 39 0 0 0
89 68 730 36 -8 0 0
81 68 727 33 0 8 0
81 76 724 30 -8 8 0
73 84 721 27 0 8 0
73 92 718 24 0 0 0
73 92 715 21 -8 -8 0
65 84 712 18 0 0 0
65 84 709 15 0 8 0
65 92 706 12 -8 0 0
60 92 703 9 -8 8 0
60 100 700 12 0 8 0
60 108 697 15 0 8 0
60 116 694 18 0 0 0
60 116 691 21 0 -8 0
60 108 688 24 0 0 0
60 108 685 27 0 8 0
60 116 682 30 0 0 0
60 116 679 33 0 8 0
60 124 676 36 0 -8 0
60 116 673 39 0 0 0
60 116 670 42 0 0 0
60 116 667 45 0 -8 0
60 108 664 48 0 8 0
60 116 661 51 0 -8 0
60 108 658 54 0 -8 0
60 100 655 57 0 0 0
60 100 652 60 0 8 0
60 108 649 63 0 0 0
60 108 646 66 0 -8 0
60 100 643 69 0 0 0
60 100 640 72 0 -8 0
60 92 637 75 0 -8 0
60 84 634 78 0 8 0
60 92 631 81 0 0 0
60 92 628 84 0 -8 0
60 84 625 87 0 8 0
60 92 622 90 0 0 0
60 92 619 93 0 8 0
60 100 616 96 0 0 0
60 100 613 99 0 0 0
60 100 610 102 0 -8 0
60 92 607 105 0 0 0
60 92 604 108 0 8 0
60 100 601 111 8 0 0
68 100 598 114 0 -8 0
68 92 595 117 0 0 0
68 92 592 120 8 8 0
76 100 589 123 0 8 0
76 108 586 126 0 0 0
76 108 583 129 8 0 0
84 108 580 132 0 8 0
84 116 577 135 8 -8 0
92 108 574 138 0 8 0
92 116 571 141 0 -8 0
92 108 568 144 8 0 0
100 108 565 147 0 8 0
100 116 562 150 0 0 0
100 116 559 153 8 0 0
108 116 556 156 0 8 0
108 124 553 159 8 8 0
116 132 550 162 0 -8 0
116 124 547 165 0 8 0
116 132 544 168 8 8 0
124 140 541 171 0 0 0
124 140 538 174 0 -8 0
124 132 535 177 8 8 0
132 140 532 180 0 8 0
132 148 529 183 8 8 0
140 156 526 186 0 -8 0
140 148 523 189 0 8 0
140 156 520 192 8 8 0
148 164 517 195 0 8 0
148 172 514 198 0 0 0
148 172 511 201 8 -8 0
156 164 508 204 0 0 0
156 164 505 207 8 -8 0
164 156 502 210 0 -8 0
164 148 499 213 0 8 0
164 156 496 216 8 -8 0
172 148 493 219 0 0 0
172 148 490 222 0 8 0
172 156 487 225 8 8 0
180 164 484 228 0 -8 0
180 156 481 231 8 8 0
188 164 478 234 0 0 0
188 164 475 237 0 0 0
188 164 472 240 8 8 0
196 172 469 243 0 8 0
196 180 466 246 0 -8 0
196 172 463 249 8 -8 0
204 164 460 252 0 0 0
204 164 457 255 8 8 0
212 172 454 258 0 8 0
212 180 451 261 0 8 0
212 188 448 264 8 -8 0
220 180 445 267 0 -8 0
220 172 442 270 0 8 0
220 180 439 273 8 0 0
228 180 436 276 0 -8 0
228 172 433 279 8 -8 0
236 164 430 282 0 8 0
236 172 427 285 0 8 0
236 180 424 288 8 8 0
244 188 421 291 0 8 0
244 196 418 294 0 8 0
244 204 415 297 8 0 0
252 204 412 300 0 0 0
252 204 409 303 8 0 0
260 204 406 306 0 0 0
260 204 403 309 0 8 0
260 212 400 312 8 8 0
268 220 397 315 0 0 0
268 220 394 318 0 8 0
268 228 391 321 8 8 0
276 236 388 324 0 0 0
276 236 385 327 8 0 0
284 236 382 330 0 -8 0
284 228 379 333 0 8 0
284 236 376 336 8 -8 0
292 228 373 339 0 0 0
292 228 370 342 0 -8 0
292 220 367 345 8 -8 0
300 212 364 348 0 0 0
300 212 361 351 8 -8 0
308 204 358 354 0 -8 0
308 196 355 357 0 0 0
308 196 352 360 8 8 0
316 204 349 363 0 -8 0
316 196 346 366 0 8 0
316 204 343 369 8 8 0
324 212 340 372 0 0 0
324 212 337 375 8 0 0
332 212 334 378 0 0 0
332 212 331 381 0 8 0
332 220 328 384 8 0 0
340 220 325 387 0 0 0
340 220 322 390 0 0 0
340 220 319 393 8 8 0
348 228 316 396 0 0 0
348 228 313 399 8 -8 0
356 220 310 402 0 8 0
356 228 307 405 0 8 0
356 236 304 408 8 0 0
364 236 301 411 0 -8 0
364 228 298 414 0 0 0
364 228 295 417 8 -8 0
372 220 292 420 0 0 0
372 220 289 423 8 0 0
380 220 286 426 0 8 0
380 228 283 429 0 8 0
380 236 280 432 8 -8 0
388 228 277 435 0 0 0
388 228 274 438 0 8 0
388 236 271 441 8 0 0
396 236 268 444 0 8 0
396 244 265 447 8 8 0
404 252 262 450 0 0 0
404 252 259 453 0 -8 0
404 244 256 456 8 8 0
412 252 253 459 0 -8 0
412 244 250 462 0 -8 0
412 236 247 465 8 -8 0
420 228 244 468 0 -8 0
420 220 241 471 8 -8 0
428 212 238 474 0 8 0
428 220 235 477 0 8 0
428 228 232 480 8 8 0
436 236 229 483 0 8 0
436 244 226 486 0 -8 0
436 236 223 489 8 0 0
444 236 220 492 0 8 0
444 244 217 495 8 8 0
452 252 214 498 0 0 0
452 252 211 501 0 0 0
452 252 208 504 8 8 0
460 260 205 507 0 -8 0
460 252 202 510 0 0 0
460 252 199 513 8 -8 0
468 244 196 516 0 -8 0
468 236 193 519 8 -8 0
476 228 190 522 0 0 0
476 228 187 525 0 8 0
476 236 184 528 8 8 0
484 244 181 531 0 -8 0
484 236 178 534 0 0 0
484 236 175 537 8 -8 0
492 228 172 540 0 -8 0
492 220 169 543 8 8 0
500 228 166 546 0 0 0
500 228 163 549 0 8 0
500 236 160 552 8 -8 0
508 228 157 555 0 8 0
508 236 154 558 0 0 0
508 236 151 561 8 0 0
516 236 148 564 0 0 0
516 236 145 567 8 8 0
524 244 142 570 0 -8 0
524 236 139 573 0 8 0
524 244 136 576 8 -8 0
532 236 133 579 0 0 0
532 236 130 582 0 8 0
532 244 127 585 8 0 0
540 244 124 588 0 8 0
540 252 121 591 8 -8 0
540 244 118 588 0 8 0
540 252 115 585 0 0 0
540 252 112 582 0 0 0
540 252 109 579 0 0 0
540 252 106 576 0 0 0
540 252 103 573 0 8 0
540 260 100 570 0 0 0
540 260 97 567 0 0 0
540 260 94 564 0 -8 0
540 252 91 561 0 0 0
540 252 88 558 0 -8 0
540 244 85 555 0 8 0
540 252 82 552 0 -8 0
540 244 79 549 0 8 0
540 252 76 546 0 0 0
540 252 73 543 0 0 0
540 252 70 540 0 8 0
540 260 67 537 0 0 0
540 260 64 534 0 0 0
540 260 61 531 0 0 0
540 260 58 528 0 -8 0
540 252 55 525 0 8 0
540 260 52 522 0 -8 0
540 252 49 519 0 -8 0
540 244 46 516 0 0 0
540 244 43 513 0 0 0
540 244 40 510 0 8 0
540 252 37 507 0 8 0
540 260 34 504 0 0 0
540 260 31 501 0 8 0
540 268 28 498 0 -8 0
540 260 25 495 0 0 0
540 260 22 492 0 0 0
540 260 19 489 0 0 1
540 260 19 489 0 0 1
540 260 19 489 0 0 1
540 260 19 489 0 0 1
540 260 19 489 0 0 1
