452 155 433 171 0 0 0
452 155 430 174 -8 -8 0
444 147 427 177 -8 0 0
436 147 424 180 -8 0 0
428 147 421 183 -8 8 0
420 155 418 186 -8 0 0
412 155 415 189 -8 0 0
404 155 412 192 -8 8 0
396 163 409 195 -8 -8 0
388 155 406 198 -8 -8 0
380 147 403 201 -8 0 0
372 147 400 204 -8 8 0
364 155 397 207 -8 0 0
356 155 394 210 -8 0 0
348 155 391 213 -8 0 0
340 155 388 216 -8 8 0
332 163 385 219 -8 8 0
324 171 382 222 -8 -8 0
316 163 379 225 -8 0 0
308 163 376 228 -8 0 0
300 163 373 231 -8 8 0
292 171 370 234 -8 -8 0
284 163 367 237 0 0 0
284 163 364 240 0 0 0
284 163 361 243 0 -8 0
284 155 358 246 0 8 0
284 163 355 249 0 -8 0
284 155 352 252 0 -8 0
284 147 349 255 0 8 0
284 155 346 258 0 -8 0
284 147 343 261 0 -8 0
284 139 340 264 0 -8 0
284 131 337 267 0 8 0
284 139 334 270 0 -8 0
284 131 331 273 0 8 0
284 139 328 276 0 -8 0
284 131 325 279 0 0 0
284 131 322 282 0 -8 0
284 123 319 285 0 8 0
284 131 316 288 0 8 0
284 139 313 291 0 8 0
284 147 310 294 0 0 0
284 147 307 297 0 -8 0
284 139 304 300 0 8 0
284 147 301 303 0 0 0
284 147 298 306 0 -8 0
284 139 295 309 0 8 0
284 147 292 312 0 -8 0
284 139 289 315 0 0 0
284 139 286 318 0 0 0
284 139 283 321 0 8 0
284 147 280 324 0 0 0
284 147 277 327 0 -8 0
284 139 274 330 0 0 0
284 139 271 333 0 -8 0
284 131 268 336 8 0 0
292 131 265 339 0 8 0
292 139 262 342 0 0 0
292 139 259 345 8 0 0
300 139 256 348 0 -8 0
300 131 253 351 8 0 0
308 131 250 354 0 0 0
308 131 247 357 0 -8 0
308 123 244 360 8 -8 0
316 115 241 363 0 -8 0
316 107 238 366 0 -8 0
316 99 235 369 8 8 0
324 107 232 372 0 8 0
324 115 229 375 8 0 0
332 115 226 378 0 -8 0
332 107 223 381 0 -8 0
332 99 220 384 8 8 0
340 107 217 387 0 0 0
340 107 214 390 0 8 0
340 115 211 393 8 0 0
348 115 208 396 0 0 0
348 115 205 399 8 -8 0
356 107 202 402 0 0 0
356 107 199 405 0 8 0
356 115 196 408 8 0 0
364 115 193 411 0 8 0
364 123 190 414 0 0 0
364 123 187 417 8 8 0
372 131 184 420 0 -8 0
372 123 181 423 8 -8 0
380 115 178 426 0 8 0
380 123 175 429 0 0 0
380 123 172 432 8 -8 0
388 115 169 435 0 8 0
388 123 166 438 0 8 0
388 131 163 441 8 -8 0
396 123 160 444 0 -8 0
396 115 157 447 8 8 0
404 123 154 450 0 -8 0
404 115 151 453 0 0 0
404 115 148 456 8 8 0
412 123 145 459 0 0 0
412 123 142 462 0 0 0
412 123 139 465 8 0 0
420 123 136 468 0 8 0
420 131 133 471 8 -8 0
428 123 130 474 0 8 0
428 131 127 477 0 8 0
428 139 124 480 8 0 0
436 139 121 483 0 8 0
436 147 118 486 0 0 0
436 147 115 489 8 0 0
444 147 112 492 0 -8 0
444 139 109 495 8 8 0
452 147 106 498 0 8 0
452 155 103 501 0 -8 0
452 147 100 504 8 0 0
460 147 97 507 0 -8 0
460 139 94 510 0 8 0
460 147 91 513 8 8 0
468 155 88 516 0 -8 0
468 147 85 519 8 -8 0
476 139 82 522 0 8 0
476 147 79 525 0 8 0
476 155 76 528 8 0 0
484 155 73 531 0 8 0
484 163 70 534 0 -8 0
484 155 67 537 8 0 0
492 155 64 540 0 8 0
492 163 61 543 8 8 0
500 171 58 546 0 8 0
500 179 55 549 0 8 0
500 187 52 552 8 0 0
508 187 49 555 0 0 0
508 187 46 558 0 -8 0
508 179 43 561 8 -8 0
516 171 40 564 0 8 0
516 179 37 567 8 0 0
524 179 34 570 0 8 0
524 187 31 573 0 -8 0
524 179 28 576 8 8 0
532 187 25 579 0 -8 0
532 179 22 582 0 -8 0
532 171 19 585 0 0 1
532 171 19 585 0 0 1
532 171 19 585 0 0 1
532 171 19 585 0 0 1
532 171 19 585 0 0 1
