75 354 199 423 0 0 0
75 354 202 426 8 -8 0
83 346 205 429 8 -8 0
91 338 208 432 8 0 0
99 338 211 435 8 0 0
107 338 214 438 8 0 0
115 338 217 441 8 -8 0
123 330 220 444 8 -8 0
131 322 223 447 8 8 0
139 330 226 450 8 -8 0
147 322 229 453 8 8 0
155 330 232 456 8 -8 0
163 322 235 459 8 8 0
171 330 238 462 8 -8 0
179 322 241 465 8 0 0
187 322 244 468 8 8 0
195 330 247 471 8 0 0
203 330 250 474 8 8 0
211 338 253 477 8 -8 0
219 330 256 480 8 -8 0
227 322 259 483 8 -8 0
235 314 262 486 8 8 0
243 322 265 489 8 8 0
251 330 268 492 8 -8 0
259 322 271 495 8 -8 0
267 314 274 498 8 -8 0
275 306 277 501 8 8 0
283 314 280 504 8 8 0
291 322 283 507 8 8 0
299 330 286 510 8 8 0
307 338 289 513 8 -8 0
315 330 292 516 8 8 0
323 338 295 519 8 0 0
331 338 298 522 8 -8 0
339 330 301 525 8 8 0
347 338 304 528 8 -8 0
355 330 307 531 8 -8 0
363 322 310 534 8 0 0
371 322 313 537 8 8 0
379 330 316 540 8 -8 0
387 322 319 543 8 -8 0
395 314 322 546 8 -8 0
403 306 325 549 8 0 0
411 306 328 552 8 8 0
419 314 331 555 8 0 0
427 314 334 558 8 0 0
435 314 337 561 8 -8 0
443 306 340 564 8 -8 0
451 298 343 567 8 0 0
459 298 346 570 8 8 0
467 306 349 573 8 8 0
475 314 352 576 8 0 0
483 314 355 579 8 -8 0
491 306 358 582 8 0 0
499 306 361 585 8 -8 0
507 298 364 588 8 0 0
515 298 367 591 8 -8 0
523 290 370 588 8 8 0
531 298 373 585 8 8 0
539 306 376 582 0 8 0
539 314 379 579 0 8 0
539 322 382 576 0 0 0
539 322 385 573 0 -8 0
539 314 388 570 0 0 0
539 314 391 567 0 8 0
539 322 394 564 0 -8 0
539 314 397 561 0 8 0
539 322 400 558 0 0 0
539 322 403 555 0 0 0
539 322 406 552 0 8 0
539 330 409 549 0 0 0
539 330 412 546 0 0 0
539 330 415 543 0 8 0
539 338 418 540 0 -8 0
539 330 421 537 0 -8 0
539 322 424 534 0 -8 0
539 314 427 531 0 0 0
539 314 430 528 0 -8 0
539 306 433 525 0 -8 0
539 298 436 522 0 0 0
539 298 439 519 0 0 0
539 298 442 516 0 -8 0
539 290 445 513 0 8 0
539 298 448 510 0 -8 0
539 290 451 507 0 8 0
539 298 454 504 0 0 0
539 298 457 501 0 8 0
539 306 460 498 0 -8 0
539 298 463 495 0 0 0
539 298 466 492 0 -8 0
539 290 469 489 0 8 0
539 298 472 486 -8 -8 0
531 290 475 483 0 8 0
531 298 478 480 -8 8 0
523 306 481 477 0 -8 0
523 298 484 474 0 8 0
523 306 487 471 -8 0 0
515 306 490 468 0 -8 0
515 298 493 465 0 0 0
515 298 496 462 -8 -8 0
507 290 499 459 0 -8 0
507 282 502 456 -8 -8 0
499 274 505 453 0 -8 0
499 266 508 450 0 0 0
499 266 511 447 -8 8 0
491 274 514 444 0 0 0
491 274 517 441 0 0 0
491 274 520 438 -8 0 0
483 274 523 435 0 0 0
483 274 526 432 -8 -8 0
475 266 529 429 0 -8 0
475 258 532 426 0 -8 0
475 250 535 423 -8 -8 0
467 242 538 420 0 0 0
467 242 541 417 0 8 0
467 250 544 414 -8 0 0
459 250 547 411 0 8 0
459 258 550 408 -8 -8 0
451 250 553 405 0 -8 0
451 242 556 402 0 -8 0
451 234 559 399 -8 0 0
443 234 562 396 0 -8 0
443 226 565 393 0 -8 0
443 218 568 390 -8 0 0
435 218 571 387 0 8 0
435 226 574 384 -8 -8 0
427 218 577 381 0 8 0
427 226 580 378 0 8 0
427 234 583 375 -8 8 0
419 242 586 372 0 8 0
419 250 589 369 0 -8 0
419 242 592 366 -8 -8 0
411 234 595 363 0 -8 0
411 226 598 360 -8 -8 0
403 218 601 357 0 8 0
403 226 604 354 0 0 0
403 226 607 351 -8 -8 0
395 218 610 348 0 -8 0
395 210 613 345 0 0 0
395 210 616 342 -8 -8 0
387 202 619 339 0 8 0
387 210 622 336 -8 -8 0
379 202 625 333 0 0 0
379 202 628 330 0 0 0
379 202 631 327 -8 -8 0
371 194 634 324 0 8 0
371 202 637 321 0 -8 0
371 194 640 318 -8 8 0
363 202 643 315 0 -8 0
363 194 646 312 -8 -8 0
355 186 649 309 0 8 0
355 194 652 306 0 8 0
355 202 655 303 -8 0 0
347 202 658 300 0 -8 0
347 194 661 297 0 -8 0
347 186 664 294 -8 -8 0
339 178 667 291 0 0 0
339 178 670 288 -8 0 0
331 178 673 285 0 -8 0
331 170 676 282 0 8 0
331 178 679 279 -8 -8 0
323 170 682 276 0 8 0
323 178 685 273 0 -8 0
323 170 688 270 -8 -8 0
315 162 691 267 0 8 0
315 170 694 264 -8 8 0
307 178 697 261 0 8 0
307 186 700 258 0 0 0
307 186 703 255 -8 8 0
299 194 706 252 0 -8 0
299 186 709 249 0 -8 0
299 178 712 246 -8 0 0
291 178 715 243 0 0 0
291 178 718 240 -8 8 0
283 186 721 237 0 8 0
283 194 724 234 0 8 0
283 202 727 231 -8 0 0
275 202 730 228 0 -8 0
275 194 733 225 0 8 0
275 202 736 222 -8 -8 0
267 194 739 219 0 0 0
267 194 742 216 -8 8 0
259 202 745 213 0 0 0
259 202 748 210 0 8 0
259 210 751 207 -8 8 0
251 218 754 204 0 8 0
251 226 757 201 0 8 0
251 234 760 198 -8 8 0
243 242 763 195 0 8 0
243 250 766 192 -8 -8 0
235 242 769 189 0 -8 0
235 234 772 186 0 0 0
235 234 775 183 -8 0 0
227 234 778 180 0 0 0
227 234 781 177 0 0 1
227 234 781 177 0 0 1
227 234 781 177 0 0 1
227 234 781 177 0 0 1
227 234 781 177 0 0 1
