130 323 205 312 0 0 0
130 323 208 315 8 -8 0
138 315 211 318 8 -8 0
146 307 214 321 8 -8 0
154 299 217 324 8 8 0
162 307 220 327 8 8 0
170 315 223 330 8 8 0
178 323 226 333 8 8 0
186 331 229 336 8 0 0
194 331 232 339 8 8 0
202 339 235 342 8 -8 0
210 331 238 345 8 -8 0
218 323 241 348 8 0 0
226 323 244 351 8 0 0
234 323 247 354 8 0 0
242 323 250 357 8 0 0
250 323 253 360 8 8 0
258 331 256 363 8 -8 0
266 323 259 366 8 0 0
274 323 262 369 8 8 0
282 331 265 372 8 -8 0
290 323 268 375 8 8 0
298 331 271 378 8 -8 0
306 323 274 381 8 0 0
314 323 277 384 8 0 0
322 323 280 387 8 8 0
330 331 283 390 8 0 0
338 331 286 393 8 0 0
346 331 289 396 0 8 0
346 339 292 399 8 -8 0
354 331 295 402 0 -8 0
354 323 298 405 8 -8 0
362 315 301 408 0 0 0
362 315 304 411 0 0 0
362 315 307 414 8 -8 0
370 307 310 417 0 0 0
370 307 313 420 0 0 0
370 307 316 423 8 0 0
378 307 319 426 0 8 0
378 315 322 429 8 0 0
386 315 325 432 0 8 0
386 323 328 435 0 8 0
386 331 331 438 8 0 0
394 331 334 441 0 -8 0
394 323 337 444 0 -8 0
394 315 340 447 8 8 0
402 323 343 450 0 8 0
402 331 346 453 8 0 0
410 331 349 456 0 0 0
410 331 352 459 0 0 0
410 331 355 462 8 0 0
418 331 358 465 0 0 0
418 331 361 468 0 8 0
418 339 364 471 8 -8 0
426 331 367 474 0 8 0
426 339 370 477 8 0 0
434 339 373 480 0 0 0
434 339 376 483 0 8 0
434 347 379 486 8 8 0
442 355 382 489 0 8 0
442 363 385 492 0 -8 0
442 355 388 495 8 0 0
450 355 391 498 0 -8 0
450 347 394 501 8 8 0
458 355 397 504 0 8 0
458 363 400 507 0 8 0
458 371 403 510 8 0 0
466 371 406 513 0 8 0
466 379 409 516 0 -8 0
466 371 412 519 8 8 0
474 379 415 522 0 -8 0
474 371 418 525 8 8 0
482 379 421 528 0 8 0
482 387 424 531 0 0 0
482 387 427 534 8 8 0
490 395 430 537 0 -8 0
490 387 433 540 0 -8 0
490 379 436 543 8 -8 0
498 371 439 546 0 8 0
498 379 442 549 8 0 0
506 379 445 552 0 -8 0
506 371 448 555 0 0 0
506 371 451 558 8 0 0
514 371 454 561 0 -8 0
514 363 457 564 0 8 0
514 371 460 567 8 0 0
522 371 463 570 0 -8 0
522 363 466 573 8 -8 0
530 355 469 576 0 0 0
530 355 472 579 0 0 0
530 355 475 582 8 0 0
538 355 478 585 0 0 0
538 355 481 588 0 -8 0
538 347 484 591 8 -8 0
540 339 487 588 0 0 0
540 339 490 585 0 8 0
540 347 493 582 0 8 0
540 355 496 579 0 -8 0
540 347 499 576 0 8 0
540 355 502 573 0 -8 0
540 347 505 570 0 0 0
540 347 508 567 0 0 0
540 347 511 564 0 8 0
540 355 514 561 0 0 0
540 355 517 558 0 0 0
540 355 520 555 0 -8 0
540 347 523 552 0 0 0
540 347 526 549 0 -8 0
540 339 529 546 0 -8 0
540 331 532 543 0 8 0
540 339 535 540 0 8 0
540 347 538 537 0 8 0
540 355 541 534 0 8 0
540 363 544 531 0 -8 0
540 355 547 528 0 0 0
540 355 550 525 0 0 0
540 355 553 522 0 -8 0
540 347 556 519 0 0 0
540 347 559 516 0 0 0
540 347 562 513 0 -8 0
540 339 565 510 0 0 0
540 339 568 507 0 0 0
540 339 571 504 0 8 0
540 347 574 501 0 0 0
540 347 577 498 0 -8 0
540 339 580 495 0 8 0
540 347 583 492 0 -8 0
540 339 586 489 -8 0 0
532 339 589 486 0 8 0
532 347 592 483 0 -8 0
532 339 595 480 -8 8 0
524 347 598 477 0 -8 0
524 339 601 474 0 0 0
524 339 604 471 -8 0 0
516 339 607 468 0 -8 0
516 331 610 465 -8 8 0
508 339 613 462 0 8 0
508 347 616 459 0 -8 0
508 339 619 456 -8 8 0
500 347 622 453 0 -8 0
500 339 625 450 0 8 0
500 347 628 447 -8 -8 0
492 339 631 444 0 0 0
492 339 634 441 -8 8 0
484 347 637 438 0 -8 0
484 339 640 435 0 0 0
484 339 643 432 -8 0 0
476 339 646 429 0 8 0
476 347 649 426 0 0 0
476 347 652 423 -8 -8 0
468 339 655 420 0 -8 0
468 331 658 417 -8 -8 0
460 323 661 414 0 -8 0
460 315 664 411 0 0 0
460 315 667 408 -8 8 0
452 323 670 405 0 8 0
452 331 673 402 0 -8 0
452 323 676 399 -8 8 0
444 331 679 396 0 0 0
444 331 682 393 -8 -8 0
436 323 685 390 0 8 0
436 331 688 387 0 -8 0
436 323 691 384 -8 0 0
428 323 694 381 0 8 0
428 331 697 378 0 8 0
428 339 700 375 -8 8 0
420 347 703 372 0 -8 0
420 339 706 369 -8 0 0
412 339 709 366 0 8 0
412 347 712 363 0 0 0
412 347 715 360 -8 0 0
404 347 718 357 0 0 0
404 347 721 354 0 8 0
404 355 724 351 -8 -8 0
396 347 727 348 0 8 0
396 355 730 345 -8 0 0
388 355 733 342 0 0 0
388 355 736 339 0 8 0
388 363 739 336 -8 -8 0
380 355 742 333 0 -8 0
380 347 745 330 0 -8 0
380 339 748 327 -8 -8 0
372 331 751 324 0 -8 0
372 323 754 321 -8 0 0
364 323 757 318 0 8 0
364 331 760 315 0 8 0
364 339 763 312 -8 0 0
356 339 766 309 0 -8 0
356 331 769 306 0 8 0
356 339 772 303 -8 8 0
348 347 775 300 0 0 0
348 347 778 297 -8 -8 0
340 339 781 294 0 -8 0
340 331 778 291 0 0 0
340 331 775 288 -8 -8 0
332 323 772 285 0 0 0
332 323 769 282 0 8 0
332 331 766 279 -8 0 0
324 331 763 276 0 8 0
324 339 760 273 -8 8 0
316 347 757 270 0 0 0
316 347 754 267 0 -8 0
316 339 751 264 -8 -8 0
308 331 748 261 0 8 0
308 339 745 258 0 -8 0
308 331 742 255 -8 -8 0
300 323 739 252 0 0 0
300 323 736 249 -8 0 0
292 323 733 246 0 8 0
292 331 730 243 0 -8 0
292 323 727 240 -8 0 0
284 323 724 237 0 0 0
284 323 721 234 0 0 0
284 323 718 231 -8 -8 0
276 315 715 228 0 0 0
276 315 712 225 -8 8 0
268 323 709 222 0 -8 0
268 315 706 219 0 8 0
268 323 703 216 -8 -8 0
260 315 700 213 0 0 0
260 315 697 210 0 0 0
260 315 694 207 -8 0 0
252 315 691 204 0 -8 0
252 307 688 201 -8 0 0
244 307 685 198 0 8 0
244 315 682 195 0 -8 0
244 307 679 192 -8 8 0
236 315 676 189 0 8 0
236 323 673 186 0 0 0
236 323 670 183 -8 0 0
228 323 667 180 0 -8 0
228 315 664 177 -8 8 0
220 323 661 174 0 -8 0
220 315 658 171 0 0 0
220 315 655 168 -8 0 0
212 315 652 165 0 0 0
212 315 649 162 0 8 0
212 323 646 159 -8 0 0
204 323 643 156 0 -8 0
204 315 640 153 -8 0 0
196 315 637 150 0 0 0
196 315 634 147 0 -8 0
196 307 631 144 -8 -8 0
188 299 628 141 0 0 0
188 299 625 138 0 -8 0
188 291 622 135 -8 -8 0
180 283 619 132 0 8 0
180 291 616 129 -8 -8 0
172 283 613 126 0 -8 0
172 275 610 123 0 -8 0
172 267 607 120 -8 -8 0
164 259 604 117 0 -8 0
164 251 601 114 0 0 0
164 251 598 111 -8 8 0
156 259 595 108 0 -8 0
156 251 592 105 -8 -8 0
148 243 589 102 0 8 0
148 251 586 99 0 -8 0
148 243 583 96 -8 8 0
140 251 580 93 0 0 0
140 251 577 90 0 -8 0
140 243 574 87 -8 -8 0
132 235 571 84 0 -8 0
132 227 568 81 -8 -8 0
124 219 565 78 0 -8 0
124 211 562 75 0 -8 0
124 203 559 72 -8 8 0
116 211 556 69 0 8 0
116 219 553 66 0 8 0
116 227 550 63 -8 8 0
108 235 547 60 0 8 0
108 243 544 57 -8 -8 0
100 235 541 54 0 -8 0
100 227 538 51 0 -8 0
100 219 535 48 -8 8 0
92 227 532 45 0 0 0
92 227 529 42 0 -8 0
92 219 526 39 -8 8 0
84 227 523 36 0 8 0
84 235 520 33 -8 0 0
76 235 517 30 0 8 0
76 243 514 27 0 0 0
76 243 511 24 -8 0 0
68 243 508 21 0 -8 0
68 235 505 18 0 -8 0
68 227 502 15 -8 -8 0
60 219 499 12 0 -8 0
60 211 496 9 -8 -8 0
60 203 493 12 0 0 0
60 203 490 15 0 8 0
60 211 487 18 0 -8 0
60 203 484 21 0 -8 0
60 195 481 24 0 8 0
60 203 478 27 0 -8 0
60 195 475 30 0 -8 0
60 187 472 33 0 -8 0
60 179 469 36 0 -8 0
60 171 466 39 0 0 0
60 171 463 42 0 8 0
60 179 460 45 0 -8 0
60 171 457 48 0 0 0
60 171 454 51 0 0 0
60 171 451 54 0 8 0
60 179 448 57 0 8 0
60 187 445 60 0 0 0
60 187 442 63 0 -8 0
60 179 439 66 0 -8 0
60 171 436 69 0 0 0
60 171 433 72 0 0 0
60 171 430 75 0 8 0
60 179 427 78 0 0 0
60 179 424 81 0 8 0
60 187 421 84 0 -8 0
60 179 418 87 0 8 0
60 187 415 90 0 8 0
60 195 412 93 0 0 0
60 195 409 96 0 8 0
60 203 406 99 0 8 0
60 211 403 102 0 8 0
60 219 400 105 0 0 0
60 219 397 108 0 -8 0
60 211 394 111 8 0 0
68 211 391 114 0 -8 0
68 203 388 117 0 -8 0
68 195 385 120 8 -8 0
76 187 382 123 0 -8 0
76 179 379 126 0 8 0
76 187 376 129 8 -8 0
84 179 373 132 0 0 0
84 179 370 135 8 0 0
92 179 367 138 0 8 0
92 187 364 141 0 -8 0
92 179 361 144 8 8 0
100 187 358 147 0 0 0
100 187 355 150 0 -8 0
100 179 352 153 8 -8 0
108 171 349 156 0 0 0
108 171 346 159 8 8 0
116 179 343 162 0 0 0
116 179 340 165 0 8 0
116 187 337 168 8 0 0
124 187 334 171 0 0 0
124 187 331 174 0 -8 0
124 179 328 177 8 -8 0
132 171 325 180 0 8 0
132 179 322 183 8 -8 0
140 171 319 186 0 0 0
140 171 316 189 0 0 0
140 171 313 192 8 0 0
148 171 310 195 0 0 0
148 171 307 198 0 0 0
148 171 304 201 8 8 0
156 179 301 204 0 8 0
156 187 298 207 8 0 0
164 187 295 210 0 -8 0
164 179 292 213 0 8 0
164 187 289 216 8 0 0
172 187 286 219 0 -8 0
172 179 283 222 0 -8 0
172 171 280 225 8 0 0
180 171 277 228 0 8 0
180 179 274 231 8 -8 0
188 171 271 234 0 8 0
188 179 268 237 0 8 0
188 187 265 240 8 -8 0
196 179 262 243 0 0 0
196 179 259 246 0 0 0
196 179 256 249 8 0 0
204 179 253 252 0 -8 0
204 171 250 255 8 8 0
212 179 247 258 0 8 0
212 187 244 261 0 -8 0
212 179 241 264 8 -8 0
220 171 238 267 0 8 0
220 179 235 270 0 8 0
220 187 232 273 8 8 0
228 195 229 276 0 8 0
228 203 226 279 8 0 0
236 203 223 282 0 0 0
236 203 220 285 0 8 0
236 211 217 288 8 0 0
244 211 214 291 0 8 0
244 219 211 294 0 8 0
244 227 208 297 8 -8 0
252 219 205 300 0 0 0
252 219 202 303 8 0 0
260 219 199 306 0 8 0
260 227 196 309 0 -8 0
260 219 193 312 8 0 0
268 219 190 315 0 0 0
268 219 187 318 0 8 0
268 227 184 321 8 0 0
276 227 181 324 0 -8 0
276 219 178 327 8 0 0
284 219 175 330 0 -8 0
284 211 172 333 0 0 0
284 211 169 336 8 -8 0
292 203 166 339 0 0 0
292 203 163 342 0 0 0
292 203 160 345 8 8 0
300 211 157 348 0 8 0
300 219 154 351 8 0 0
308 219 151 354 0 -8 0
308 211 148 357 0 0 0
308 211 145 360 8 -8 0
316 203 142 363 0 -8 0
316 195 139 366 0 8 0
316 203 136 369 8 -8 0
324 195 133 372 0 0 0
324 195 130 375 8 0 0
332 195 127 378 0 -8 0
332 187 124 381 0 -8 0
332 179 121 384 8 8 0
340 187 118 387 0 -8 0
340 179 115 390 0 -8 0
340 171 112 393 8 -8 0
348 163 109 396 0 -8 0
348 155 106 399 8 -8 0
356 147 103 402 0 -8 0
356 139 100 405 0 8 0
356 147 97 408 8 0 0
364 147 94 411 0 0 0
364 147 91 414 0 0 0
364 147 88 417 8 -8 0
372 139 85 420 0 8 0
372 147 82 423 8 8 0
380 155 79 426 0 8 0
380 163 76 429 0 -8 0
380 155 73 432 8 0 0
388 155 70 435 0 -8 0
388 147 67 438 0 8 0
388 155 64 441 8 8 0
396 163 61 444 0 8 0
396 171 58 447 8 0 0
404 171 55 450 0 -8 0
404 163 52 453 0 -8 0
404 155 49 456 8 -8 0
412 147 46 459 0 0 0
412 147 43 462 0 8 0
412 155 40 465 8 0 0
420 155 37 468 0 -8 0
420 147 34 471 8 -8 0
428 139 31 474 0 0 0
428 139 28 477 0 8 0
428 147 25 480 8 8 0
436 155 22 483 0 -8 0
436 147 19 486 0 8 0
436 155 22 489 8 -8 0
444 147 25 492 0 8 0
444 155 28 495 8 8 0
452 163 31 498 0 0 0
452 163 34 501 0 0 0
452 163 37 504 8 0 0
460 163 40 507 0 0 0
460 163 43 510 0 -8 0
460 155 46 513 8 0 0
468 155 49 516 0 8 0
468 163 52 519 8 8 0
476 171 55 522 0 8 0
476 179 58 525 0 0 0
476 179 61 528 8 8 0
484 187 64 531 0 0 0
484 187 67 534 0 8 0
484 195 70 537 8 8 0
492 203 73 540 0 -8 0
492 195 76 543 8 8 0
500 203 79 546 0 0 0
500 203 82 549 0 8 0
500 211 85 552 8 -8 0
508 203 88 555 0 8 0
508 211 91 558 0 -8 0
508 203 94 561 8 0 0
516 203 97 564 0 0 0
516 203 100 567 8 8 0
524 211 103 570 0 0 0
524 211 106 573 0 8 0
524 219 109 576 8 0 0
532 219 112 579 0 -8 0
532 211 115 582 0 -8 0
532 203 118 585 8 8 0
540 211 121 588 0 0 0
540 211 124 591 8 0 0
540 211 127 588 0 0 0
540 211 130 585 0 8 0
540 219 133 582 0 -8 0
540 211 136 579 0 -8 0
540 203 139 576 0 -8 0
540 195 142 573 0 0 0
540 195 145 570 0 -8 0
540 187 148 567 0 0 0
540 187 151 564 0 0 0
540 187 154 561 0 0 0
540 187 157 558 0 -8 0
540 179 160 555 0 -8 0
540 171 163 552 0 -8 0
540 163 166 549 0 -8 0
540 155 169 546 0 -8 0
540 147 172 543 0 8 0
540 155 175 540 0 8 0
540 163 178 537 0 -8 0
540 155 181 534 0 8 0
540 163 184 531 0 -8 0
540 155 187 528 0 8 0
540 163 190 525 0 8 0
540 171 193 522 0 8 0
540 179 196 519 0 -8 0
540 171 199 516 0 -8 0
540 163 202 513 0 8 0
540 171 205 510 0 -8 0
540 163 208 507 0 8 0
540 171 211 504 0 8 0
540 179 214 501 0 8 0
540 187 217 498 0 0 0
540 187 220 495 0 0 0
540 187 223 492 0 8 0
540 195 226 489 -8 -8 0
532 187 229 486 0 0 0
532 187 232 483 0 -8 0
532 179 235 480 -8 8 0
524 187 238 477 0 8 0
524 195 241 474 0 -8 0
524 187 244 471 -8 0 0
516 187 247 468 0 0 0
516 187 250 465 -8 8 0
508 195 253 462 0 0 0
508 195 256 459 0 0 0
508 195 259 456 -8 8 0
500 203 262 453 0 0 0
500 203 265 450 0 0 0
500 203 268 447 -8 -8 0
492 195 271 444 0 -8 0
492 187 274 441 -8 -8 0
484 179 277 438 0 8 0
484 187 280 435 0 0 0
484 187 283 432 -8 -8 0
476 179 286 429 0 0 0
476 179 289 426 0 0 0
476 179 292 423 -8 8 0
468 187 295 420 0 0 0
468 187 298 417 -8 0 0
460 187 301 414 0 8 0
460 195 304 411 0 0 0
460 195 307 408 -8 -8 0
452 187 310 405 0 0 0
452 187 313 402 0 -8 0
452 179 316 399 -8 -8 0
444 171 319 396 0 0 0
444 171 322 393 -8 8 0
436 179 325 390 0 -8 0
436 171 328 387 0 8 0
436 179 331 384 -8 8 0
428 187 334 381 0 0 0
428 187 337 378 0 0 0
428 187 340 375 -8 8 0
420 195 343 372 0 -8 0
420 187 346 369 -8 8 0
412 195 349 366 0 -8 0
412 187 352 363 0 0 0
412 187 355 360 -8 8 0
404 195 358 357 0 0 0
404 195 361 354 0 8 0
404 203 364 351 -8 8 0
396 211 367 348 0 -8 0
396 203 370 345 -8 0 0
388 203 373 342 0 8 0
388 211 376 339 0 0 0
388 211 379 336 -8 0 0
380 211 382 333 0 -8 0
380 203 385 330 0 0 0
380 203 388 327 -8 -8 0
372 195 391 324 0 8 0
372 203 394 321 -8 -8 0
364 195 397 318 0 0 0
364 195 400 315 0 -8 0
364 187 403 312 -8 8 0
356 195 406 309 0 -8 0
356 187 409 306 0 0 0
356 187 412 303 -8 8 0
348 195 415 300 0 -8 0
348 187 418 297 -8 -8 0
340 179 421 294 0 0 0
340 179 424 291 0 0 0
340 179 427 288 -8 8 0
332 187 430 285 0 8 0
332 195 433 282 0 0 0
332 195 436 279 -8 0 0
324 195 439 276 0 0 0
324 195 442 273 -8 8 0
316 203 445 270 0 8 0
316 211 448 267 0 -8 0
316 203 451 264 -8 0 0
308 203 454 261 0 0 0
308 203 457 258 0 -8 0
308 195 460 255 -8 0 0
300 195 463 252 0 0 0
300 195 466 249 -8 -8 0
292 187 469 246 0 0 0
292 187 472 243 0 0 0
292 187 475 240 -8 -8 0
284 179 478 237 0 -8 0
284 171 481 234 0 8 0
284 179 484 231 -8 8 0
276 187 487 228 0 -8 0
276 179 490 225 -8 -8 0
268 171 493 222 0 -8 0
268 163 496 219 0 8 0
268 171 499 216 -8 8 0
260 179 502 213 0 -8 0
260 171 505 210 0 0 0
260 171 508 207 -8 -8 0
252 163 511 204 0 8 0
252 171 514 201 -8 8 0
244 179 517 198 0 -8 0
244 171 520 195 0 0 0
244 171 523 192 -8 8 0
236 179 526 189 0 8 0
236 187 529 186 0 8 0
236 195 532 183 -8 0 0
228 195 535 180 0 8 0
228 203 538 177 -8 8 0
220 211 541 174 0 -8 0
220 203 544 171 0 -8 0
220 195 547 168 -8 8 0
212 203 550 165 0 0 0
212 203 553 162 0 -8 0
212 195 556 159 -8 -8 0
204 187 559 156 0 8 0
204 195 562 153 -8 -8 0
196 187 565 150 0 0 0
196 187 568 147 0 0 0
196 187 571 144 -8 0 0
188 187 574 141 0 0 0
188 187 577 138 0 -8 0
188 179 580 135 -8 -8 0
180 171 583 132 0 0 0
180 171 586 129 -8 8 0
172 179 589 126 0 -8 0
172 171 592 123 0 0 0
172 171 595 120 -8 0 0
164 171 598 117 0 -8 0
164 163 601 114 0 8 0
164 171 604 111 -8 -8 0
156 163 607 108 0 0 0
156 163 610 105 -8 8 0
148 171 613 102 0 -8 0
148 163 616 99 0 -8 0
148 155 619 96 -8 -8 0
140 147 622 93 0 -8 0
140 139 625 90 0 -8 0
140 131 628 87 -8 -8 0
132 123 631 84 0 -8 0
132 115 634 81 -8 -8 0
124 107 637 78 0 -8 0
124 99 640 75 0 -8 0
124 91 643 72 -8 8 0
116 99 646 69 0 -8 0
116 91 649 66 0 -8 0
116 83 652 63 -8 -8 0
108 75 655 60 0 -8 0
108 67 658 57 -8 -8 0
100 60 661 54 0 0 0
100 60 664 51 0 -8 0
100 60 667 48 -8 8 0
92 68 670 45 0 8 0
92 76 673 42 0 -8 0
92 68 676 39 -8 0 0
84 68 679 36 0 -8 0
84 60 682 33 -8 -8 0
76 60 685 30 0 -8 0
76 60 688 27 0 0 0
76 60 691 24 -8 0 0
68 60 694 21 0 8 0
68 68 697 18 0 0 0
68 68 700 15 -8 -8 0
60 60 703 12 0 0 0
60 60 706 9 -8 0 0
60 60 709 12 0 -8 0
60 60 712 15 0 0 0
60 60 715 18 0 -8 0
60 60 718 21 0 0 0
60 60 721 24 0 -8 0
60 60 724 27 0 8 0
60 68 727 30 0 8 0
60 76 730 33 0 0 0
60 76 733 36 0 -8 0
60 68 736 39 0 -8 0
60 60 739 42 0 0 0
60 60 742 45 0 -8 0
60 60 745 48 0 -8 0
60 60 748 51 0 8 0
60 68 751 54 0 0 0
60 68 754 57 0 8 0
60 76 757 60 0 8 0
60 84 760 63 0 8 0
60 92 763 66 0 8 0
60 100 766 69 0 0 0
60 100 769 72 0 8 0
60 108 772 75 0 8 0
60 116 775 78 0 -8 0
60 108 778 81 0 -8 0
60 100 781 84 0 -8 0
60 92 778 87 0 8 0
60 100 775 90 0 8 0
60 108 772 93 0 8 0
60 116 769 96 0 8 0
60 124 766 99 0 8 0
60 132 763 102 0 -8 0
60 124 760 105 0 8 0
60 132 757 108 0 -8 0
60 124 754 111 8 8 0
68 132 751 114 0 0 0
68 132 748 117 0 -8 0
68 124 745 120 8 8 0
76 132 742 123 0 0 0
76 132 739 126 0 -8 0
76 124 736 129 8 0 0
84 124 733 132 0 -8 0
84 116 730 135 8 -8 0
92 108 727 138 0 -8 0
92 100 724 141 0 0 0
92 100 721 144 8 0 0
100 100 718 147 0 0 0
100 100 715 150 0 -8 0
100 92 712 153 8 8 0
108 100 709 156 0 8 0
108 108 706 159 8 -8 0
116 100 703 162 0 0 0
116 100 700 165 0 -8 0
116 92 697 168 8 8 0
124 100 694 171 0 0 0
124 100 691 174 0 0 0
124 100 688 177 8 0 0
132 100 685 180 0 0 0
132 100 682 183 8 -8 0
140 92 679 186 0 8 0
140 100 676 189 0 8 0
140 108 673 192 8 8 0
148 116 670 195 0 8 0
148 124 667 198 0 8 0
148 132 664 201 8 -8 0
156 124 661 204 0 8 0
156 132 658 207 8 -8 0
164 124 655 210 0 0 0
164 124 652 213 0 0 0
164 124 649 216 8 -8 0
172 116 646 219 0 0 0
172 116 643 222 0 8 0
172 124 640 225 8 0 0
180 124 637 228 0 0 0
180 124 634 231 8 0 0
188 124 631 234 0 -8 0
188 116 628 237 0 -8 0
188 108 625 240 8 8 0
196 116 622 243 0 8 0
196 124 619 246 0 -8 0
196 116 616 249 8 0 0
204 116 613 252 0 -8 0
204 108 610 255 8 8 0
212 116 607 258 0 -8 0
212 108 604 261 0 0 0
212 108 601 264 8 8 0
220 116 598 267 0 -8 0
220 108 595 270 0 0 0
220 108 592 273 8 0 0
228 108 589 276 0 0 0
228 108 586 279 8 0 0
236 108 583 282 0 0 0
236 108 580 285 0 -8 0
236 100 577 288 8 8 0
244 108 574 291 0 8 0
244 116 571 294 0 -8 0
244 108 568 297 8 0 0
252 108 565 300 0 0 0
252 108 562 303 8 0 0
260 108 559 306 0 0 0
260 108 556 309 0 -8 0
260 100 553 312 8 0 0
268 100 550 315 0 0 0
268 100 547 318 0 0 0
268 100 544 321 8 8 0
276 108 541 324 0 -8 0
276 100 538 327 8 8 0
284 108 535 330 0 8 0
284 116 532 333 0 0 0
284 116 529 336 8 -8 0
292 108 526 339 0 -8 0
292 100 523 342 0 0 0
292 100 520 345 8 8 0
300 108 517 348 0 -8 0
300 100 514 351 8 0 0
308 100 511 354 0 8 0
308 108 508 357 0 8 0
308 116 505 360 8 8 0
316 124 502 363 0 -8 0
316 116 499 366 0 8 0
316 124 496 369 8 0 0
324 124 493 372 0 0 0
324 124 490 375 8 -8 0
332 116 487 378 0 -8 0
332 108 484 381 0 8 0
332 116 481 384 8 -8 0
340 108 478 387 0 0 0
340 108 475 390 0 -8 0
340 100 472 393 8 8 0
348 108 469 396 0 8 0
348 116 466 399 8 8 0
356 124 463 402 0 0 0
356 124 460 405 0 8 0
356 132 457 408 8 -8 0
364 124 454 411 0 8 0
364 132 451 414 0 -8 0
364 124 448 417 8 0 0
372 124 445 420 0 8 0
372 132 442 423 8 0 0
380 132 439 426 0 8 0
380 140 436 429 0 0 0
380 140 433 432 8 -8 0
388 132 430 435 0 0 0
388 132 427 438 0 0 0
388 132 424 441 8 8 0
396 140 421 444 0 0 0
396 140 418 447 8 8 0
404 148 415 450 0 8 0
404 156 412 453 0 8 0
404 164 409 456 8 8 0
412 172 406 459 0 0 0
412 172 403 462 0 0 0
412 172 400 465 8 0 0
420 172 397 468 0 0 0
420 172 394 471 8 0 0
428 172 391 474 0 0 0
428 172 388 477 0 -8 0
428 164 385 480 8 8 0
436 172 382 483 0 -8 0
436 164 379 486 0 -8 0
436 156 376 489 8 8 0
444 164 373 492 0 0 0
444 164 370 495 8 8 0
452 172 367 498 0 8 0
452 180 364 501 0 0 0
452 180 361 504 8 8 0
460 188 358 507 0 0 0
460 188 355 510 0 -8 0
460 180 352 513 8 8 0
468 188 349 516 0 8 0
468 196 346 519 8 0 0
476 196 343 522 0 8 0
476 204 340 525 0 0 0
476 204 337 528 8 -8 0
484 196 334 531 0 8 0
484 204 331 534 0 8 0
484 212 328 537 8 0 0
492 212 325 540 0 8 0
492 220 322 543 8 0 0
500 220 319 546 0 8 0
500 228 316 549 0 8 0
500 236 313 552 8 -8 0
508 228 310 555 0 0 0
508 228 307 558 0 8 0
508 236 304 561 8 -8 0
516 228 301 564 0 -8 0
516 220 298 567 8 0 0
524 220 295 570 0 -8 0
524 212 292 573 0 0 0
524 212 289 576 8 8 0
532 220 286 579 0 -8 0
532 212 283 582 0 -8 0
532 204 280 585 8 0 0
540 204 277 588 0 -8 0
540 196 274 591 8 0 0
540 196 271 588 0 0 0
540 196 268 585 0 -8 0
540 188 265 582 0 0 0
540 188 262 579 0 -8 0
540 180 259 576 0 -8 0
540 172 256 573 0 0 0
540 172 253 570 0 8 0
540 180 250 567 0 0 0
540 180 247 564 0 -8 0
540 172 244 561 0 8 0
540 180 241 558 0 0 0
540 180 238 555 0 -8 0
540 172 235 552 0 8 0
540 180 232 549 0 8 0
540 188 229 546 0 0 0
540 188 226 543 0 0 0
540 188 223 540 0 8 0
540 196 220 537 0 0 0
540 196 217 534 0 0 0
540 196 214 531 0 8 0
540 204 211 528 0 -8 0
540 196 208 525 0 -8 0
540 188 205 522 0 8 0
540 196 202 519 0 -8 0
540 188 199 516 0 0 0
540 188 196 513 0 8 0
540 196 193 510 0 8 0
540 204 190 507 0 8 0
540 212 187 504 0 0 0
540 212 184 501 0 0 0
540 212 181 498 0 0 0
540 212 178 495 0 8 0
540 220 175 492 0 8 0
540 228 172 489 -8 -8 0
532 220 169 486 0 0 0
532 220 166 483 0 -8 0
532 212 163 480 -8 0 0
524 212 160 477 0 8 0
524 220 157 474 0 -8 0
524 212 154 471 -8 8 0
516 220 151 468 0 0 0
516 220 148 465 -8 0 0
508 220 145 462 0 8 0
508 228 142 459 0 -8 0
508 220 139 456 -8 8 0
500 228 136 453 0 0 0
500 228 133 450 0 8 0
500 236 130 447 -8 0 0
492 236 127 444 0 -8 0
492 228 124 441 -8 -8 0
484 220 121 438 0 -8 0
484 212 118 435 0 8 0
484 220 115 432 -8 0 0
476 220 112 429 0 8 0
476 228 109 426 0 8 0
476 236 106 423 -8 -8 0
468 228 103 420 0 8 0
468 236 100 417 -8 -8 0
460 228 97 414 0 0 0
460 228 94 411 0 8 0
460 236 91 408 -8 8 0
452 244 88 405 0 8 0
452 252 85 402 0 0 0
452 252 82 399 -8 0 0
444 252 79 396 0 0 0
444 252 76 393 -8 8 0
436 260 73 390 0 8 0
436 268 70 387 0 -8 0
436 260 67 384 -8 0 0
428 260 64 381 0 -8 0
428 252 61 378 0 -8 0
428 244 58 375 -8 0 0
420 244 55 372 0 -8 0
420 236 52 369 -8 -8 0
412 228 49 366 0 -8 0
412 220 46 363 0 -8 0
412 212 43 360 -8 0 0
404 212 40 357 0 8 0
404 220 37 354 0 0 0
404 220 34 351 -8 8 0
396 228 31 348 0 -8 0
396 220 28 345 -8 8 0
388 228 25 342 0 0 0
388 228 22 339 0 -8 0
388 220 19 336 0 0 1
388 220 19 336 0 0 1
388 220 19 336 0 0 1
388 220 19 336 0 0 1
388 220 19 336 0 0 1
