171 99 166 495 0 0 0
171 99 163 492 8 0 0
179 99 160 489 8 -8 0
187 91 157 486 8 0 0
195 91 154 483 8 8 0
203 99 151 480 8 -8 0
211 91 148 477 8 8 0
219 99 145 474 8 0 0
227 99 142 471 8 -8 0
235 91 139 468 8 0 0
243 91 136 465 8 -8 0
251 83 133 462 8 -8 0
259 75 130 459 8 0 0
267 75 127 456 8 0 0
275 75 124 453 8 8 0
283 83 121 450 8 0 0
291 83 118 447 8 -8 0
299 75 115 444 8 -8 0
307 67 112 441 8 0 0
315 67 109 438 8 8 0
323 75 106 435 8 8 0
331 83 103 432 8 8 0
339 91 100 429 8 0 0
347 91 97 426 8 0 0
355 91 94 423 8 0 0
363 91 91 420 8 -8 0
371 83 88 417 0 -8 0
371 75 85 414 0 8 0
371 83 82 411 0 8 0
371 91 79 408 0 -8 0
371 83 76 405 0 0 0
371 83 73 402 0 8 0
371 91 70 399 0 8 0
371 99 67 396 0 0 0
371 99 64 393 0 -8 0
371 91 61 390 0 0 0
371 91 58 387 0 -8 0
371 83 55 384 0 8 0
371 91 52 381 0 0 0
371 91 49 378 0 -8 0
371 83 46 375 0 0 0
371 83 43 372 0 -8 0
371 75 40 369 0 8 0
371 83 37 366 0 8 0
371 91 34 363 0 0 0
371 91 31 360 0 0 0
371 91 28 357 0 0 0
371 91 25 354 0 0 0
371 91 22 351 0 0 0
371 91 19 348 0 8 0
371 99 22 345 0 0 0
371 99 25 342 0 -8 0
371 91 28 339 0 0 0
371 91 31 336 0 0 0
371 91 34 333 0 8 0
371 99 37 330 0 -8 0
371 91 40 327 0 -8 0
371 83 43 324 0 -8 0
371 75 46 321 0 8 0
371 83 49 318 -8 8 0
363 91 52 315 0 -8 0
363 83 55 312 -8 -8 0
355 75 58 309 0 -8 0
355 67 61 306 0 0 0
355 67 64 303 -8 8 0
347 75 67 300 0 8 0
347 83 70 297 0 8 0
347 91 73 294 -8 8 0
339 99 76 291 0 -8 0
339 91 79 288 -8 -8 0
331 83 82 285 0 -8 0
331 75 85 282 0 0 0
331 75 88 279 -8 0 0
323 75 91 276 0 0 0
323 75 94 273 0 0 0
323 75 97 270 -8 0 0
315 75 100 267 0 -8 0
315 67 103 264 -8 8 0
307 75 106 261 0 0 0
307 75 109 258 0 0 0
307 75 112 255 -8 -8 0
299 67 115 252 0 8 0
299 75 118 249 0 0 0
299 75 121 246 -8 8 0
291 83 124 243 0 8 0
291 91 127 240 -8 8 0
283 99 130 237 0 -8 0
283 91 133 234 0 8 0
283 99 136 231 -8 0 0
275 99 139 228 0 8 0
275 107 142 225 0 0 0
275 107 145 222 -8 -8 0
267 99 148 219 0 8 0
267 107 151 216 -8 -8 0
259 99 154 213 0 8 0
259 107 157 210 0 0 0
259 107 160 207 -8 0 0
251 107 163 204 0 8 0
251 115 166 201 0 -8 0
251 107 169 198 -8 0 0
243 107 172 195 0 0 0
243 107 175 192 -8 0 0
235 107 178 189 0 0 0
235 107 181 186 0 -8 0
235 99 184 183 -8 -8 0
227 91 187 180 0 0 0
227 91 190 177 0 8 0
227 99 193 174 -8 8 0
219 107 196 171 0 8 0
219 115 199 168 -8 0 0
211 115 202 165 0 0 0
211 115 205 162 0 -8 0
211 107 208 159 -8 0 0
203 107 211 156 0 -8 0
203 99 214 153 0 0 0
203 99 217 150 -8 -8 0
195 91 220 147 0 0 0
195 91 223 144 -8 -8 0
187 83 226 141 0 -8 0
187 75 229 138 0 8 0
187 83 232 135 -8 -8 0
179 75 235 132 0 8 0
179 83 238 129 0 0 0
179 83 241 126 -8 8 0
171 91 244 123 0 8 0
171 99 247 120 -8 -8 0
163 91 250 117 0 0 0
163 91 253 114 0 -8 0
163 83 256 111 -8 0 0
155 83 259 108 0 8 0
155 91 262 105 0 8 0
155 99 265 102 -8 -8 0
147 91 268 99 0 8 0
147 99 271 96 -8 -8 0
139 91 274 93 0 8 0
139 99 277 90 0 0 0
139 99 280 87 -8 8 0
131 107 283 84 0 8 0
131 115 286 81 0 0 0
131 115 289 78 -8 8 0
123 123 292 75 0 -8 0
123 115 295 72 -8 8 0
115 123 298 69 0 0 0
115 123 301 66 0 0 0
115 123 304 63 -8 -8 0
107 115 307 60 0 0 0
107 115 310 57 0 0 0
107 115 313 54 -8 8 0
99 123 316 51 0 0 0
99 123 319 48 -8 -8 0
91 115 322 45 0 -8 0
91 107 325 42 0 -8 0
91 99 328 39 -8 -8 0
83 91 331 36 0 8 0
83 99 334 33 0 0 0
83 99 337 30 -8 8 0
75 107 340 27 0 -8 0
75 99 343 24 -8 -8 0
67 91 346 21 0 8 0
67 99 349 18 0 8 0
67 107 352 15 -8 8 0
60 115 355 12 0 0 0
60 115 358 9 -8 8 0
60 123 361 12 0 -8 0
60 115 364 15 0 8 0
60 123 367 18 0 0 0
60 123 370 21 0 -8 0
60 115 373 24 0 8 0
60 123 376 27 0 0 0
60 123 379 30 0 0 0
60 123 382 33 0 0 0
60 123 385 36 0 -8 0
60 115 388 39 0 8 0
60 123 391 42 0 8 0
60 131 394 45 0 0 0
60 131 397 48 0 -8 0
60 123 400 51 0 0 0
60 123 403 54 0 -8 0
60 115 406 57 0 -8 0
60 107 409 60 0 8 0
60 115 412 63 0 -8 0
60 107 415 66 0 0 0
60 107 418 69 0 8 0
60 115 421 72 0 0 0
60 115 424 75 0 8 0
60 123 427 78 0 8 0
60 131 430 81 0 -8 0
60 123 433 84 0 -8 0
60 115 436 87 0 0 0
60 115 439 90 0 8 0
60 123 442 93 0 8 0
60 131 445 96 0 8 0
60 139 448 99 0 0 0
60 139 451 102 0 -8 0
60 131 454 105 0 -8 0
60 123 457 108 0 0 0
60 123 460 111 8 -8 0
68 115 463 114 0 0 0
68 115 466 117 0 -8 0
68 107 469 120 8 0 0
76 107 472 123 0 8 0
76 115 475 126 0 8 0
76 123 478 129 8 8 0
84 131 481 132 0 -8 0
84 123 484 135 8 -8 0
92 115 487 138 0 0 0
92 115 490 141 0 -8 0
92 107 493 144 8 0 0
100 107 496 147 0 0 0
100 107 499 150 0 -8 0
100 99 502 153 8 0 0
108 99 505 156 0 8 0
108 107 508 159 8 -8 0
116 99 511 162 0 -8 0
116 91 514 165 0 -8 0
116 83 517 168 8 0 0
124 83 520 171 0 -8 0
124 75 523 174 0 -8 0
124 67 526 177 8 -8 0
132 60 529 180 0 8 0
132 68 532 183 8 8 0
140 76 535 186 0 8 0
140 84 538 189 0 0 0
140 84 541 192 8 0 0
148 84 544 195 0 0 0
148 84 547 198 0 8 0
148 92 550 201 8 -8 0
156 84 553 204 0 -8 0
156 76 556 207 8 8 0
164 84 559 210 0 0 0
164 84 562 213 0 8 0
164 92 565 216 8 8 0
172 100 568 219 0 0 0
172 100 571 222 0 8 0
172 108 574 225 8 0 0
180 108 577 228 0 -8 0
180 100 580 231 8 0 0
188 100 583 234 0 -8 0
188 92 586 237 0 0 0
188 92 589 240 8 8 0
196 100 592 243 0 8 0
196 108 595 246 0 0 0
196 108 598 249 8 8 0
204 116 601 252 0 8 0
204 124 604 255 8 -8 0
212 116 607 258 0 -8 0
212 108 610 261 0 8 0
212 116 613 264 8 0 0
220 116 616 267 0 -8 0
220 108 619 270 0 -8 0
220 100 622 273 8 8 0
228 108 625 276 0 0 0
228 108 628 279 8 -8 0
236 100 631 282 0 -8 0
236 92 634 285 0 8 0
236 100 637 288 8 8 0
244 108 640 291 0 0 0
244 108 643 294 0 0 0
244 108 646 297 8 0 0
252 108 649 300 0 0 0
252 108 652 303 8 8 0
260 116 655 306 0 0 0
260 116 658 309 0 0 0
260 116 661 312 8 8 0
268 124 664 315 0 -8 0
268 116 667 318 0 -8 0
268 108 670 321 8 8 0
276 116 673 324 0 8 0
276 124 676 327 8 0 0
284 124 679 330 0 8 0
284 132 682 333 0 8 0
284 140 685 336 8 -8 0
292 132 688 339 0 8 0
292 140 691 342 0 8 0
292 148 694 345 8 0 0
300 148 697 348 0 8 0
300 156 700 351 8 0 0
308 156 703 354 0 -8 0
308 148 706 357 0 8 0
308 156 709 360 8 0 0
316 156 712 363 0 8 0
316 164 715 366 0 -8 0
316 156 718 369 8 0 0
324 156 721 372 0 -8 0
324 148 724 375 8 -8 0
332 140 727 378 0 -8 0
332 132 730 381 0 -8 0
332 124 733 384 8 -8 0
340 116 736 387 0 -8 0
340 108 739 390 0 0 0
340 108 742 393 8 -8 0
348 100 745 396 0 0 0
348 100 748 399 8 8 0
356 108 751 402 0 8 0
356 116 754 405 0 0 0
356 116 757 408 8 0 0
364 116 760 411 0 -8 0
364 108 763 414 0 0 0
364 108 766 417 8 -8 0
372 100 769 420 0 -8 0
372 92 772 423 8 0 0
380 92 775 426 0 0 0
380 92 778 429 0 8 0
380 100 781 432 0 0 1
380 100 781 432 0 0 1
380 100 781 432 0 0 1
380 100 781 432 0 0 1
380 100 781 432 0 0 1
