427 189 385 297 0 0 0
427 189 382 294 -8 0 0
419 189 379 291 -8 0 0
411 189 376 288 -8 -8 0
403 181 373 285 -8 -8 0
395 173 370 282 -8 -8 0
387 165 367 279 -8 -8 0
379 157 364 276 -8 -8 0
371 149 361 273 -8 0 0
363 149 358 270 -8 -8 0
355 141 355 267 -8 0 0
347 141 352 264 -8 8 0
339 149 349 261 -8 0 0
331 149 346 258 -8 -8 0
323 141 343 255 -8 0 0
315 141 340 252 -8 -8 0
307 133 337 249 -8 -8 0
299 125 334 246 -8 8 0
291 133 331 243 0 -8 0
291 125 328 240 -8 8 0
283 133 325 237 0 -8 0
283 125 322 234 0 -8 0
283 117 319 231 -8 -8 0
275 109 316 228 0 0 0
275 109 313 225 0 -8 0
275 101 310 222 -8 8 0
267 109 307 219 0 -8 0
267 101 304 216 -8 8 0
259 109 301 213 0 -8 0
259 101 298 210 0 -8 0
259 93 295 207 -8 0 0
251 93 292 204 0 -8 0
251 85 289 201 0 -8 0
251 77 286 198 -8 8 0
243 85 283 195 0 -8 0
243 77 280 192 -8 8 0
235 85 277 189 0 0 0
235 85 274 186 0 -8 0
235 77 271 183 -8 -8 0
227 69 268 180 0 0 0
227 69 265 177 0 -8 0
227 61 262 174 -8 0 0
219 61 259 171 0 -8 0
219 60 256 168 -8 -8 0
211 60 253 165 0 -8 0
211 60 250 162 0 8 0
211 68 247 159 -8 8 0
203 76 244 156 0 -8 0
203 68 241 153 0 8 0
203 76 238 150 -8 0 0
195 76 235 147 0 8 0
195 84 232 144 -8 8 0
187 92 229 141 0 0 0
187 92 226 138 0 8 0
187 100 223 135 -8 -8 0
179 92 220 132 0 0 0
179 92 217 129 0 8 0
179 100 214 126 -8 -8 0
171 92 211 123 0 8 0
171 100 208 120 -8 8 0
163 108 205 117 0 8 0
163 116 202 114 0 0 0
163 116 199 111 -8 8 0
155 124 196 108 0 8 0
155 132 193 105 0 8 0
155 140 190 102 -8 8 0
147 148 187 99 0 8 0
147 156 184 96 -8 -8 0
139 148 181 93 0 0 0
139 148 178 90 0 8 0
139 156 175 87 -8 0 0
131 156 172 84 0 -8 0
131 148 169 81 0 8 0
131 156 166 78 -8 0 0
123 156 163 75 0 0 0
123 156 160 72 -8 8 0
115 164 157 69 0 -8 0
115 156 154 66 0 8 0
115 164 151 63 -8 0 0
107 164 148 60 0 -8 0
107 156 145 57 0 -8 0
107 148 142 54 -8 -8 0
99 140 139 51 0 0 0
99 140 136 48 -8 0 0
91 140 133 45 0 -8 0
91 132 130 42 0 -8 0
91 124 127 39 -8 -8 0
83 116 124 36 0 -8 0
83 108 121 33 0 -8 0
83 100 118 30 -8 8 0
75 108 115 27 0 0 0
75 108 112 24 -8 8 0
67 116 109 21 0 8 0
67 124 106 18 0 8 0
67 132 103 15 -8 -8 0
60 124 100 12 0 0 0
60 124 97 9 -8 0 0
60 124 94 12 0 0 0
60 124 91 15 0 0 0
60 124 88 18 0 8 0
60 132 85 21 0 -8 0
60 124 82 24 0 -8 0
60 116 79 27 0 -8 0
60 108 76 30 0 0 0
60 108 73 33 0 8 0
60 116 70 36 0 0 0
60 116 67 39 0 8 0
60 124 64 42 0 -8 0
60 116 61 45 0 0 0
60 116 58 48 0 -8 0
60 108 55 51 0 -8 0
60 100 52 54 0 -8 0
60 92 49 57 0 -8 0
60 84 46 60 0 0 0
60 84 43 63 0 0 0
60 84 40 66 0 -8 0
60 76 37 69 0 8 0
60 84 34 72 0 8 0
60 92 31 75 0 0 0
60 92 28 78 0 8 0
60 100 25 81 0 -8 0
60 92 22 84 0 8 0
60 100 19 87 0 -8 0
60 92 22 90 0 -8 0
60 84 25 93 0 0 0
60 84 28 96 0 0 0
60 84 31 99 0 0 0
60 84 34 102 0 -8 0
60 76 37 105 0 -8 0
60 68 40 108 0 8 0
60 76 43 111 8 -8 0
68 68 46 114 0 0 0
68 68 49 117 0 -8 0
68 60 52 120 8 0 0
76 60 55 123 0 -8 0
76 60 58 126 0 0 0
76 60 61 129 8 8 0
84 68 64 132 0 0 0
84 68 67 135 8 0 0
92 68 70 138 0 0 0
92 68 73 141 0 -8 0
92 60 76 144 8 8 0
100 68 79 147 0 0 0
100 68 82 150 0 -8 0
100 60 85 153 8 -8 0
108 60 88 156 0 8 0
108 68 91 159 8 -8 0
116 60 94 162 0 0 0
116 60 97 165 0 0 0
116 60 100 168 8 -8 0
124 60 103 171 0 -8 0
124 60 106 174 0 0 0
124 60 109 177 8 8 0
132 68 112 180 0 -8 0
132 60 115 183 8 0 0
140 60 118 186 0 8 0
140 68 121 189 0 -8 0
140 60 124 192 8 -8 0
148 60 127 195 0 -8 0
148 60 130 198 0 -8 0
148 60 133 201 8 -8 0
156 60 136 204 0 -8 0
156 60 139 207 8 -8 0
164 60 142 210 0 0 0
164 60 145 213 0 8 0
164 68 148 216 8 8 0
172 76 151 219 0 8 0
172 84 154 222 0 8 0
172 92 157 225 8 8 0
180 100 160 228 0 8 0
180 108 163 231 8 8 0
188 116 166 234 0 -8 0
188 108 169 237 0 0 0
188 108 172 240 8 -8 0
196 100 175 243 0 -8 0
196 92 178 246 0 8 0
196 100 181 249 8 -8 0
204 92 184 252 0 -8 0
204 84 187 255 8 0 0
212 84 190 258 0 -8 0
212 76 193 261 0 0 0
212 76 196 264 8 0 0
220 76 199 267 0 0 0
220 76 202 270 0 8 0
220 84 205 273 8 -8 0
228 76 208 276 0 0 0
228 76 211 279 8 -8 0
236 68 214 282 0 -8 0
236 60 217 285 0 8 0
236 68 220 288 8 8 0
244 76 223 291 0 8 0
244 84 226 294 0 0 0
244 84 229 297 8 0 0
252 84 232 300 0 -8 0
252 76 235 303 8 -8 0
260 68 238 306 0 8 0
260 76 241 309 0 0 0
260 76 244 312 8 0 0
268 76 247 315 0 0 0
268 76 250 318 0 -8 0
268 68 253 321 8 8 0
276 76 256 324 0 0 0
276 76 259 327 8 0 0
284 76 262 330 0 -8 0
284 68 265 333 0 -8 0
284 60 268 336 8 0 0
292 60 271 339 0 -8 0
292 60 274 342 0 8 0
292 68 277 345 8 0 0
300 68 280 348 0 -8 0
300 60 283 351 8 -8 0
308 60 286 354 0 -8 0
308 60 289 357 0 8 0
308 68 292 360 8 8 0
316 76 295 363 0 8 0
316 84 298 366 0 -8 0
316 76 301 369 8 0 0
324 76 304 372 0 0 0
324 76 307 375 8 8 0
332 84 310 378 0 0 0
332 84 313 381 0 8 0
332 92 316 384 8 0 0
340 92 319 387 0 8 0
340 100 322 390 0 0 0
340 100 325 393 8 -8 0
348 92 328 396 0 8 0
348 100 331 399 8 0 0
356 100 334 402 0 0 0
356 100 337 405 0 0 0
356 100 340 408 8 8 0
364 108 343 411 0 8 0
364 116 346 414 0 0 0
364 116 349 417 8 -8 0
372 108 352 420 0 8 0
372 116 355 423 8 8 0
380 124 358 426 0 8 0
380 132 361 429 0 -8 0
380 124 364 432 8 -8 0
388 116 367 435 0 8 0
388 124 370 438 0 -8 0
388 116 373 441 8 8 0
396 124 376 444 0 0 0
396 124 379 447 8 -8 0
404 116 382 450 0 0 0
404 116 385 453 0 8 0
404 124 388 456 8 8 0
412 132 391 459 0 -8 0
412 124 394 462 0 -8 0
412 116 397 465 8 0 0
420 116 400 468 0 0 0
420 116 403 471 8 -8 0
428 108 406 474 0 8 0
428 116 409 477 0 0 0
428 116 412 480 8 -8 0
436 108 415 483 0 0 0
436 108 418 486 0 0 0
436 108 421 489 8 8 0
444 116 424 492 0 8 0
444 124 427 495 8 8 0
452 132 430 498 0 -8 0
452 124 433 501 0 0 0
452 124 436 504 8 -8 0
460 116 439 507 0 -8 0
460 108 442 510 0 -8 0
460 100 445 513 8 8 0
468 108 448 516 0 0 0
468 108 451 519 8 -8 0
476 100 454 522 0 8 0
476 108 457 525 0 0 0
476 108 460 528 8 0 0
484 108 463 531 0 0 0
484 108 466 534 0 0 0
484 108 469 537 8 0 0
492 108 472 540 0 -8 0
492 100 475 543 8 8 0
500 108 478 546 0 8 0
500 116 481 549 0 8 0
500 124 484 552 8 0 0
508 124 487 555 0 8 0
508 132 490 558 0 0 0
508 132 493 561 8 -8 0
516 124 496 564 0 -8 0
516 116 499 567 8 8 0
524 124 502 570 0 0 0
524 124 505 573 0 -8 0
524 116 508 576 8 -8 0
532 108 511 579 0 0 0
532 108 514 582 0 8 0
532 116 517 585 8 0 0
540 116 520 588 0 0 0
540 116 523 591 8 0 0
540 116 526 588 0 -8 0
540 108 529 585 0 -8 0
540 100 532 582 0 -8 0
540 92 535 579 0 8 0
540 100 538 576 0 8 0
540 108 541 573 0 0 0
540 108 544 570 0 -8 0
540 100 547 567 0 -8 0
540 92 550 564 0 -8 0
540 84 553 561 0 0 0
540 84 556 558 0 -8 0
540 76 559 555 0 0 0
540 76 562 552 0 0 0
540 76 565 549 0 0 0
540 76 568 546 0 8 0
540 84 571 543 0 -8 0
540 76 574 540 0 -8 0
540 68 577 537 0 8 0
540 76 580 534 0 8 0
540 84 583 531 0 -8 0
540 76 586 528 0 -8 0
540 68 589 525 0 0 0
540 68 592 522 0 8 0
540 76 595 519 0 0 0
540 76 598 516 0 8 0
540 84 601 513 0 -8 0
540 76 604 510 0 8 0
540 84 607 507 0 8 0
540 92 610 504 0 0 0
540 92 613 501 0 8 0
540 100 616 498 0 8 0
540 108 619 495 0 -8 0
540 100 622 492 0 -8 0
540 92 625 489 -8 8 0
532 100 628 486 0 0 0
532 100 631 483 0 -8 0
532 92 634 480 -8 -8 0
524 84 637 477 0 -8 0
524 76 640 474 0 0 0
524 76 643 471 -8 0 0
516 76 646 468 0 8 0
516 84 649 465 -8 8 0
508 92 652 462 0 -8 0
508 84 655 459 0 0 0
508 84 658 456 -8 0 0
500 84 661 453 0 -8 0
500 76 664 450 0 -8 0
500 68 667 447 -8 0 0
492 68 670 444 0 8 0
492 76 673 441 -8 8 0
484 84 676 438 0 8 0
484 92 679 435 0 -8 0
484 84 682 432 -8 8 0
476 92 685 429 0 8 0
476 100 688 426 0 -8 0
476 92 691 423 -8 8 0
468 100 694 420 0 -8 0
468 92 697 417 -8 0 0
460 92 700 414 0 0 0
460 92 703 411 0 8 0
460 100 706 408 -8 8 0
452 108 709 405 0 0 0
452 108 712 402 0 8 0
452 116 715 399 -8 8 0
444 124 718 396 0 -8 0
444 116 721 393 -8 -8 0
436 108 724 390 0 8 0
436 116 727 387 0 -8 0
436 108 730 384 -8 8 0
428 116 733 381 0 -8 0
428 108 736 378 0 -8 0
428 100 739 375 -8 0 0
420 100 742 372 0 8 0
420 108 745 369 -8 -8 0
412 100 748 366 0 0 0
412 100 751 363 0 0 0
412 100 754 360 -8 0 0
404 100 757 357 0 8 0
404 108 760 354 0 -8 0
404 100 763 351 -8 0 0
396 100 766 348 0 0 0
396 100 769 345 -8 8 0
388 108 772 342 0 0 0
388 108 775 339 0 0 0
388 108 778 336 -8 0 0
380 108 781 333 0 0 1
380 108 781 333 0 0 1
380 108 781 333 0 0 1
380 108 781 333 0 0 1
380 108 781 333 0 0 1
