90 197 295 492 0 0 0
90 197 292 489 8 8 0
98 205 289 486 8 8 0
106 213 286 483 8 0 0
114 213 283 480 8 0 0
122 213 280 477 8 -8 0
130 205 277 474 8 8 0
138 213 274 471 8 0 0
146 213 271 468 8 -8 0
154 205 268 465 8 0 0
162 205 265 462 8 -8 0
170 197 262 459 8 8 0
178 205 259 456 8 -8 0
186 197 256 453 8 0 0
194 197 253 450 8 -8 0
202 189 250 447 8 0 0
210 189 247 444 8 0 0
218 189 244 441 8 -8 0
226 181 241 438 8 8 0
234 189 238 435 8 8 0
242 197 235 432 8 0 0
250 197 232 429 8 0 0
258 197 229 426 8 -8 0
266 189 226 423 8 8 0
274 197 223 420 8 8 0
282 205 220 417 8 8 0
290 213 217 414 8 -8 0
298 205 214 411 8 8 0
306 213 211 408 8 8 0
314 221 208 405 8 -8 0
322 213 205 402 8 8 0
330 221 202 399 8 -8 0
338 213 199 396 8 -8 0
346 205 196 393 0 -8 0
346 197 193 390 0 0 0
346 197 190 387 0 0 0
346 197 187 384 0 0 0
346 197 184 381 0 -8 0
346 189 181 378 0 -8 0
346 181 178 375 0 0 0
346 181 175 372 0 8 0
346 189 172 369 0 8 0
346 197 169 366 0 8 0
346 205 166 363 0 0 0
346 205 163 360 0 -8 0
346 197 160 357 0 -8 0
346 189 157 354 0 -8 0
346 181 154 351 0 -8 0
346 173 151 348 0 -8 0
346 165 148 345 0 8 0
346 173 145 342 0 8 0
346 181 142 339 0 0 0
346 181 139 336 0 0 0
346 181 136 333 0 0 0
346 181 133 330 0 -8 0
346 173 130 327 0 8 0
346 181 127 324 0 8 0
346 189 124 321 0 -8 0
346 181 121 318 0 0 0
346 181 118 315 0 0 0
346 181 115 312 0 8 0
346 189 112 309 0 0 0
346 189 109 306 0 -8 0
346 181 106 303 0 0 0
346 181 103 300 0 8 0
346 189 100 297 0 0 0
346 189 97 294 -8 8 0
338 197 94 291 0 0 0
338 197 91 288 0 -8 0
338 189 88 285 -8 -8 0
330 181 85 282 0 0 0
330 181 82 279 -8 8 0
322 189 79 276 0 8 0
322 197 76 273 0 8 0
322 205 73 270 -8 -8 0
314 197 70 267 0 0 0
314 197 67 264 0 0 0
314 197 64 261 -8 8 0
306 205 61 258 0 0 0
306 205 58 255 -8 8 0
298 213 55 252 0 -8 0
298 205 52 249 0 0 0
298 205 49 246 -8 0 0
290 205 46 243 0 -8 0
290 197 43 240 0 -8 0
290 189 40 237 -8 8 0
282 197 37 234 0 0 0
282 197 34 231 -8 -8 0
274 189 31 228 0 0 0
274 189 28 225 0 -8 0
274 181 25 222 -8 8 0
266 189 22 219 0 -8 0
266 181 19 216 0 -8 0
266 173 22 213 -8 0 0
258 173 25 210 0 -8 0
258 165 28 207 -8 8 0
250 173 31 204 0 -8 0
250 165 34 201 0 8 0
250 173 37 198 -8 -8 0
242 165 40 195 0 8 0
242 173 43 192 0 8 0
242 181 46 189 -8 -8 0
234 173 49 186 0 -8 0
234 165 52 183 -8 0 0
226 165 55 180 0 8 0
226 173 58 177 0 8 0
226 181 61 174 -8 -8 0
218 173 64 171 0 8 0
218 181 67 168 0 -8 0
218 173 70 165 -8 -8 0
210 165 73 162 0 8 0
210 173 76 159 -8 0 0
202 173 79 156 0 -8 0
202 165 82 153 0 -8 0
202 157 85 150 -8 0 0
194 157 88 147 0 8 0
194 165 91 144 0 8 0
194 173 94 141 -8 -8 0
186 165 97 138 0 -8 0
186 157 100 135 -8 -8 0
178 149 103 132 0 -8 0
178 141 106 129 0 0 0
178 141 109 126 -8 8 0
170 149 112 123 0 -8 0
170 141 115 120 0 -8 0
170 133 118 117 -8 0 0
162 133 121 114 0 8 0
162 141 124 111 -8 0 0
154 141 127 108 0 8 0
154 149 130 105 0 8 0
154 157 133 102 -8 0 0
146 157 136 99 0 -8 0
146 149 139 96 0 0 0
146 149 142 93 -8 0 0
138 149 145 90 0 8 0
138 157 148 87 -8 8 0
130 165 151 84 0 -8 0
130 157 154 81 0 -8 0
130 149 157 78 -8 8 0
122 157 160 75 0 8 0
122 165 163 72 0 8 0
122 173 166 69 -8 -8 0
114 165 169 66 0 0 0
114 165 172 63 -8 0 0
106 165 175 60 0 8 0
106 173 178 57 0 8 0
106 181 181 54 -8 0 0
98 181 184 51 0 -8 0
98 173 187 48 0 8 0
98 181 190 45 -8 0 0
90 181 193 42 0 8 0
90 189 196 39 -8 0 0
82 189 199 36 0 -8 0
82 181 202 33 0 -8 0
82 173 205 30 -8 -8 0
74 165 208 27 0 -8 0
74 157 211 24 0 -8 0
74 149 214 21 -8 -8 0
66 141 217 18 0 8 0
66 149 220 15 -8 0 0
60 149 223 12 0 0 0
60 149 226 9 -8 8 0
60 157 229 12 0 0 0
60 157 232 15 0 8 0
60 165 235 18 0 8 0
60 173 238 21 0 8 0
60 181 241 24 0 8 0
60 189 244 27 0 8 0
60 197 247 30 0 0 0
60 197 250 33 0 8 0
60 205 253 36 0 8 0
60 213 256 39 0 -8 0
60 205 259 42 0 0 0
60 205 262 45 0 0 0
60 205 265 48 0 0 0
60 205 268 51 0 -8 0
60 197 271 54 0 -8 0
60 189 274 57 0 8 0
60 197 277 60 0 -8 0
60 189 280 63 0 -8 0
60 181 283 66 0 8 0
60 189 286 69 0 8 0
60 197 289 72 0 0 0
60 197 292 75 0 -8 0
60 189 295 78 0 8 0
60 197 298 81 0 -8 0
60 189 301 84 0 0 0
60 189 304 87 0 -8 0
60 181 307 90 0 8 0
60 189 310 93 0 0 0
60 189 313 96 0 0 0
60 189 316 99 0 8 0
60 197 319 102 0 0 0
60 197 322 105 0 0 0
60 197 325 108 0 0 0
60 197 328 111 8 8 0
68 205 331 114 0 -8 0
68 197 334 117 0 0 0
68 197 337 120 8 -8 0
76 189 340 123 0 0 0
76 189 343 126 0 8 0
76 197 346 129 8 0 0
84 197 349 132 0 -8 0
84 189 352 135 8 8 0
92 197 355 138 0 0 0
92 197 358 141 0 0 0
92 197 361 144 8 -8 0
100 189 364 147 0 -8 0
100 181 367 150 0 0 0
100 181 370 153 8 8 0
108 189 373 156 0 0 0
108 189 376 159 8 -8 0
116 181 379 162 0 8 0
116 189 382 165 0 0 0
116 189 385 168 8 8 0
124 197 388 171 0 0 0
124 197 391 174 0 0 0
124 197 394 177 8 8 0
132 205 397 180 0 8 0
132 213 400 183 8 8 0
140 221 403 186 0 0 0
140 221 406 189 0 -8 0
140 213 409 192 8 8 0
148 221 412 195 0 -8 0
148 213 415 198 0 8 0
148 221 418 201 8 8 0
156 229 421 204 0 8 0
156 237 424 207 8 8 0
164 245 427 210 0 0 0
164 245 430 213 0 -8 0
164 237 433 216 8 8 0
172 245 436 219 0 0 0
172 245 439 222 0 8 0
172 253 442 225 8 0 0
180 253 445 228 0 8 0
180 261 448 231 8 -8 0
188 253 451 234 0 0 0
188 253 454 237 0 8 0
188 261 457 240 8 8 0
196 269 460 243 0 8 0
196 277 463 246 0 0 0
196 277 466 249 8 0 0
204 277 469 252 0 0 0
204 277 472 255 8 8 0
212 285 475 258 0 8 0
212 293 478 261 0 0 0
212 293 481 264 8 8 0
220 301 484 267 0 -8 0
220 293 487 270 0 -8 0
220 285 490 273 8 8 0
228 293 493 276 0 0 0
228 293 496 279 8 8 0
236 301 499 282 0 8 0
236 309 502 285 0 -8 0
236 301 505 288 8 -8 0
244 293 508 291 0 8 0
244 301 511 294 0 8 0
244 309 514 297 8 8 0
252 317 517 300 0 0 0
252 317 520 303 8 8 0
260 325 523 306 0 -8 0
260 317 526 309 0 8 0
260 325 529 312 8 -8 0
268 317 532 315 0 -8 0
268 309 535 318 0 -8 0
268 301 538 321 8 8 0
276 309 541 324 0 0 0
276 309 544 327 8 -8 0
284 301 547 330 0 8 0
284 309 550 333 0 0 0
284 309 553 336 8 -8 0
292 301 556 339 0 8 0
292 309 559 342 0 0 0
292 309 562 345 8 -8 0
300 301 565 348 0 0 0
300 301 568 351 8 0 0
308 301 571 354 0 0 0
308 301 574 357 0 -8 0
308 293 577 360 8 0 0
316 293 580 363 0 -8 0
316 285 583 366 0 -8 0
316 277 586 369 8 8 0
324 285 589 372 0 -8 0
324 277 592 375 8 8 0
332 285 595 378 0 8 0
332 293 598 381 0 0 0
332 293 601 384 8 8 0
340 301 604 387 0 0 0
340 301 607 390 0 8 0
340 309 610 393 8 0 0
348 309 613 396 0 8 0
348 317 616 399 8 0 0
356 317 619 402 0 -8 0
356 309 622 405 0 0 0
356 309 625 408 8 0 0
364 309 628 411 0 0 0
364 309 631 414 0 0 0
364 309 634 417 8 8 0
372 317 637 420 0 0 0
372 317 640 423 8 -8 0
380 309 643 426 0 -8 0
380 301 646 429 0 0 0
380 301 649 432 8 8 0
388 309 652 435 0 8 0
388 317 655 438 0 -8 0
388 309 658 441 8 8 0
396 317 661 444 0 8 0
396 325 664 447 8 0 0
404 325 667 450 0 0 0
404 325 670 453 0 -8 0
404 317 673 456 8 8 0
412 325 676 459 0 0 0
412 325 679 462 0 -8 0
412 317 682 465 8 8 0
420 325 685 468 0 8 0
420 333 688 471 8 8 0
428 341 691 474 0 -8 0
428 333 694 477 0 8 0
428 341 697 480 8 -8 0
436 333 700 483 0 -8 0
436 325 703 486 0 8 0
436 333 706 489 8 -8 0
444 325 709 492 0 8 0
444 333 712 495 8 -8 0
452 325 715 498 0 8 0
452 333 718 501 0 0 0
452 333 721 504 8 0 0
460 333 724 507 0 0 0
460 333 727 510 0 -8 0
460 325 730 513 8 8 0
468 333 733 516 0 8 0
468 341 736 519 8 8 0
476 349 739 522 0 0 0
476 349 742 525 0 -8 0
476 341 745 528 8 0 0
484 341 748 531 0 -8 0
484 333 751 534 0 0 0
484 333 754 537 8 0 0
492 333 757 540 0 8 0
492 341 760 543 8 -8 0
500 333 763 546 0 0 0
500 333 766 549 0 8 0
500 341 769 552 8 0 0
508 341 772 555 0 8 0
508 349 775 558 0 -8 0
508 341 778 561 8 0 0
516 341 781 564 0 0 1
516 341 781 564 0 0 1
516 341 781 564 0 0 1
516 341 781 564 0 0 1
516 341 781 564 0 0 1
