114 114 655 258 0 0 0
114 114 652 261 8 -8 0
122 106 649 264 8 0 0
130 106 646 267 8 8 0
138 114 643 270 8 0 0
146 114 640 273 8 8 0
154 122 637 276 8 0 0
162 122 634 279 8 8 0
170 130 631 282 8 0 0
178 130 628 285 8 -8 0
186 122 625 288 8 8 0
194 130 622 291 8 -8 0
202 122 619 294 8 0 0
210 122 616 297 8 0 0
218 122 613 300 8 -8 0
226 114 610 303 8 0 0
234 114 607 306 8 -8 0
242 106 604 309 8 8 0
250 114 601 312 8 8 0
258 122 598 315 8 -8 0
266 114 595 318 8 -8 0
274 106 592 321 0 -8 0
274 98 589 324 0 0 0
274 98 586 327 8 0 0
282 98 583 330 0 -8 0
282 90 580 333 8 8 0
290 98 577 336 0 0 0
290 98 574 339 0 -8 0
290 90 571 342 8 0 0
298 90 568 345 0 0 0
298 90 565 348 0 -8 0
298 82 562 351 8 8 0
306 90 559 354 0 -8 0
306 82 556 357 8 -8 0
314 74 553 360 0 8 0
314 82 550 363 0 8 0
314 90 547 366 8 8 0
322 98 544 369 0 0 0
322 98 541 372 0 -8 0
322 90 538 375 8 8 0
330 98 535 378 0 0 0
330 98 532 381 8 8 0
338 106 529 384 0 -8 0
338 98 526 387 0 -8 0
338 90 523 390 8 0 0
346 90 520 393 0 -8 0
346 82 517 396 0 -8 0
346 74 514 399 8 8 0
354 82 511 402 0 8 0
354 90 508 405 8 -8 0
362 82 505 408 0 0 0
362 82 502 411 0 8 0
362 90 499 414 8 8 0
370 98 496 417 0 0 0
370 98 493 420 0 -8 0
370 90 490 423 8 0 0
378 90 487 426 0 0 0
378 90 484 429 8 -8 0
386 82 481 432 0 -8 0
386 74 478 435 0 8 0
386 82 475 438 8 8 0
394 90 472 441 0 -8 0
394 82 469 444 0 8 0
394 90 466 447 8 -8 0
402 82 463 450 0 -8 0
402 74 460 453 8 -8 0
410 66 457 456 0 8 0
410 74 454 459 0 -8 0
410 66 451 462 8 8 0
418 74 448 465 0 8 0
418 82 445 468 0 -8 0
418 74 442 471 8 0 0
426 74 439 474 0 -8 0
426 66 436 477 8 8 0
434 74 433 480 0 0 0
434 74 430 483 0 8 0
434 82 427 486 8 0 0
442 82 424 489 0 8 0
442 90 421 492 0 0 0
442 90 418 495 8 8 0
450 98 415 498 0 0 0
450 98 412 501 8 -8 0
458 90 409 504 0 0 0
458 90 406 507 0 0 0
458 90 403 510 8 -8 0
466 82 400 513 0 8 0
466 90 397 516 0 8 0
466 98 394 519 8 -8 0
474 90 391 522 0 8 0
474 98 388 525 8 0 0
482 98 385 528 0 8 0
482 106 382 531 0 0 0
482 106 379 534 8 0 0
490 106 376 537 0 -8 0
490 98 373 540 0 -8 0
490 90 370 543 8 8 0
498 98 367 546 0 -8 0
498 90 364 549 8 0 0
506 90 361 552 0 0 0
506 90 358 555 0 -8 0
506 82 355 558 8 0 0
514 82 352 561 0 -8 0
514 74 349 564 0 8 0
514 82 346 567 8 0 0
522 82 343 570 0 8 0
522 90 340 573 8 0 0
530 90 337 576 0 0 0
530 90 334 579 0 0 0
530 90 331 582 8 -8 0
538 82 328 585 0 -8 0
538 74 325 588 0 0 0
538 74 322 591 8 -8 0
540 66 319 588 0 0 0
540 66 316 585 0 0 0
540 66 313 582 0 0 0
540 66 310 579 0 8 0
540 74 307 576 0 -8 0
540 66 304 573 0 -8 0
540 60 301 570 0 -8 0
540 60 298 567 0 0 0
540 60 295 564 0 8 0
540 68 292 561 0 -8 0
540 60 289 558 0 8 0
540 68 286 555 0 8 0
540 76 283 552 0 -8 0
540 68 280 549 0 -8 0
540 60 277 546 0 8 0
540 68 274 543 0 -8 0
540 60 271 540 0 -8 0
540 60 268 537 0 8 0
540 68 265 534 0 8 0
540 76 262 531 0 8 0
540 84 259 528 0 0 0
540 84 256 525 0 -8 0
540 76 253 522 0 0 0
540 76 250 519 0 -8 0
540 68 247 516 0 -8 0
540 60 244 513 0 -8 0
540 60 241 510 0 0 0
540 60 238 507 0 8 0
540 68 235 504 0 -8 0
540 60 232 501 0 0 0
540 60 229 498 0 -8 0
540 60 226 495 0 8 0
540 68 223 492 0 -8 0
540 60 220 489 -8 0 0
532 60 217 486 0 8 0
532 68 214 483 0 0 0
532 68 211 480 -8 -8 0
524 60 208 477 0 -8 0
524 60 205 474 0 0 0
524 60 202 471 -8 -8 0
516 60 199 468 0 -8 0
516 60 196 465 -8 -8 0
508 60 193 462 0 -8 0
508 60 190 459 0 -8 0
508 60 187 456 -8 -8 0
500 60 184 453 0 0 0
500 60 181 450 0 0 0
500 60 178 447 -8 8 0
492 68 175 444 0 -8 0
492 60 172 441 -8 0 0
484 60 169 438 0 -8 0
484 60 166 435 0 -8 0
484 60 163 432 -8 8 0
476 68 160 429 0 8 0
476 76 157 426 0 0 0
476 76 154 423 -8 8 0
468 84 151 420 0 0 0
468 84 148 417 -8 8 0
460 92 145 414 0 -8 0
460 84 142 411 0 -8 0
460 76 139 408 -8 0 0
452 76 136 405 0 -8 0
452 68 133 402 0 8 0
452 76 130 399 -8 0 0
444 76 127 396 0 8 0
444 84 124 393 -8 8 0
436 92 121 390 0 0 0
436 92 118 387 0 -8 0
436 84 115 384 -8 0 0
428 84 112 381 0 0 0
428 84 109 378 0 -8 0
428 76 106 375 -8 8 0
420 84 103 372 0 0 0
420 84 100 369 -8 0 0
412 84 97 366 0 8 0
412 92 94 363 0 -8 0
412 84 91 360 -8 0 0
404 84 88 357 0 -8 0
404 76 85 354 0 8 0
404 84 82 351 -8 8 0
396 92 79 348 0 0 0
396 92 76 345 -8 0 0
388 92 73 342 0 -8 0
388 84 70 339 0 8 0
388 92 67 336 -8 8 0
380 100 64 333 0 0 0
380 100 61 330 0 8 0
380 108 58 327 -8 8 0
372 116 55 324 0 0 0
372 116 52 321 -8 8 0
364 124 49 318 0 -8 0
364 116 46 315 0 8 0
364 124 43 312 -8 0 0
356 124 40 309 0 0 0
356 124 37 306 0 0 0
356 124 34 303 -8 -8 0
348 116 31 300 0 -8 0
348 108 28 297 -8 8 0
340 116 25 294 0 0 0
340 116 22 291 0 -8 0
340 108 19 288 0 0 1
340 108 19 288 0 0 1
340 108 19 288 0 0 1
340 108 19 288 0 0 1
340 108 19 288 0 0 1
