455 176 553 495 0 0 0
455 176 550 492 0 8 0
455 184 547 489 0 8 0
455 192 544 486 0 8 0
455 200 541 483 0 8 0
455 208 538 480 0 8 0
455 216 535 477 0 -8 0
455 208 532 474 0 8 0
455 216 529 471 0 8 0
455 224 526 468 0 -8 0
455 216 523 465 0 8 0
455 224 520 462 0 0 0
455 224 517 459 0 -8 0
455 216 514 456 0 0 0
455 216 511 453 0 8 0
455 224 508 450 0 8 0
455 232 505 447 0 8 0
455 240 502 444 0 8 0
455 248 499 441 0 0 0
455 248 496 438 0 -8 0
455 240 493 435 0 0 0
455 240 490 432 0 0 0
455 240 487 429 0 0 0
455 240 484 426 0 0 0
455 240 481 423 0 -8 0
455 232 478 420 0 8 0
455 240 475 417 0 -8 0
455 232 472 414 0 8 0
455 240 469 411 0 0 0
455 240 466 408 0 -8 0
455 232 463 405 0 -8 0
455 224 460 402 -8 0 0
447 224 457 399 0 8 0
447 232 454 396 -8 8 0
439 240 451 393 0 -8 0
439 232 448 390 0 0 0
439 232 445 387 -8 8 0
431 240 442 384 0 8 0
431 248 439 381 0 0 0
431 248 436 378 -8 8 0
423 256 433 375 0 8 0
423 264 430 372 -8 0 0
415 264 427 369 0 0 0
415 264 424 366 0 0 0
415 264 421 363 -8 0 0
407 264 418 360 0 -8 0
407 256 415 357 0 8 0
407 264 412 354 -8 0 0
399 264 409 351 0 -8 0
399 256 406 348 -8 -8 0
391 248 403 345 0 8 0
391 256 400 342 0 8 0
391 264 397 339 -8 8 0
383 272 394 336 0 8 0
383 280 391 333 0 8 0
383 288 388 330 -8 -8 0
375 280 385 327 0 0 0
375 280 382 324 -8 0 0
367 280 379 321 0 8 0
367 288 376 318 0 8 0
367 296 373 315 -8 8 0
359 304 370 312 0 -8 0
359 296 367 309 0 0 0
359 296 364 306 -8 8 0
351 304 361 303 0 0 0
351 304 358 300 -8 -8 0
343 296 355 297 0 8 0
343 304 352 294 0 -8 0
343 296 349 291 -8 8 0
335 304 346 288 0 0 0
335 304 343 285 0 0 0
335 304 340 282 -8 8 0
327 312 337 279 0 8 0
327 320 334 276 -8 8 0
319 328 331 273 0 8 0
319 336 328 270 0 -8 0
319 328 325 267 -8 -8 0
311 320 322 264 0 8 0
311 328 319 261 0 0 0
311 328 316 258 -8 8 0
303 336 313 255 0 -8 0
303 328 310 252 -8 -8 0
295 320 307 249 0 8 0
295 328 304 246 0 8 0
295 336 301 243 -8 0 0
287 336 298 240 0 8 0
287 344 295 237 0 8 0
287 352 292 234 -8 8 0
279 360 289 231 0 0 0
279 360 286 228 -8 -8 0
271 352 283 225 0 8 0
271 360 280 222 0 -8 0
271 352 277 219 -8 -8 0
263 344 274 216 0 8 0
263 352 271 213 0 0 0
263 352 268 210 -8 8 0
255 360 265 207 0 -8 0
255 352 262 204 -8 0 0
247 352 259 201 0 0 0
247 352 256 198 0 -8 0
247 344 253 195 -8 8 0
239 352 250 192 0 0 0
239 352 247 189 0 0 0
239 352 244 186 -8 0 0
231 352 241 183 0 8 0
231 360 238 180 -8 0 0
223 360 235 177 0 0 0
223 360 232 174 0 -8 0
223 352 229 171 -8 0 0
215 352 226 168 0 -8 0
215 344 223 165 0 8 0
215 352 220 162 -8 -8 0
207 344 217 159 0 8 0
207 352 214 156 -8 -8 0
199 344 211 153 0 8 0
199 352 208 150 0 0 0
199 352 205 147 -8 8 0
191 360 202 144 0 0 0
191 360 199 141 0 -8 0
191 352 196 138 -8 -8 0
183 344 193 135 0 -8 0
183 336 190 132 -8 8 0
175 344 187 129 0 -8 0
175 336 184 126 0 0 0
175 336 181 123 -8 8 0
167 344 178 120 0 -8 0
167 336 175 117 0 0 0
167 336 172 114 -8 8 0
159 344 169 111 0 0 0
159 344 166 108 -8 8 0
151 352 163 105 0 0 0
151 352 160 102 0 8 0
151 360 157 99 -8 -8 0
143 352 154 96 0 0 0
143 352 151 93 0 -8 0
143 344 148 90 -8 8 0
135 352 145 87 0 -8 0
135 344 142 84 -8 0 0
127 344 139 81 0 8 0
127 352 136 78 0 8 0
127 360 133 75 -8 0 0
119 360 130 72 0 0 0
119 360 127 69 0 0 0
119 360 124 66 -8 -8 0
111 352 121 63 0 -8 0
111 344 118 60 -8 8 0
103 352 115 57 0 -8 0
103 344 112 54 0 0 0
103 344 109 51 -8 -8 0
95 336 106 48 0 0 0
95 336 103 45 0 0 0
95 336 100 42 -8 -8 0
87 328 97 39 0 8 0
87 336 94 36 -8 8 0
79 344 91 33 0 8 0
79 352 88 30 0 0 0
79 352 85 27 -8 0 0
71 352 82 24 0 0 0
71 352 79 21 0 -8 0
71 344 76 18 -8 8 0
63 352 73 15 0 -8 0
63 344 70 12 -8 -8 0
60 336 67 9 -8 0 0
60 336 64 12 0 -8 0
60 328 61 15 0 8 0
60 336 58 18 0 8 0
60 344 55 21 0 -8 0
60 336 52 24 0 0 0
60 336 49 27 0 0 0
60 336 46 30 0 -8 0
60 328 43 33 0 -8 0
60 320 40 36 0 8 0
60 328 37 39 0 0 0
60 328 34 42 0 -8 0
60 320 31 45 0 -8 0
60 312 28 48 0 -8 0
60 304 25 51 0 0 0
60 304 22 54 0 0 0
60 304 19 57 0 8 0
60 312 22 60 0 8 0
60 320 25 63 0 0 0
60 320 28 66 0 -8 0
60 312 31 69 0 8 0
60 320 34 72 0 0 0
60 320 37 75 0 0 0
60 320 40 78 0 0 0
60 320 43 81 0 -8 0
60 312 46 84 0 8 0
60 320 49 87 0 0 0
60 320 52 90 0 8 0
60 328 55 93 0 -8 0
60 320 58 96 0 0 0
60 320 61 99 0 -8 0
60 312 64 102 0 8 0
60 320 67 105 0 -8 0
60 312 70 108 0 8 0
60 320 73 111 8 0 0
68 320 76 114 0 8 0
68 328 79 117 0 -8 0
68 320 82 120 8 0 0
76 320 85 123 0 8 0
76 328 88 126 0 0 0
76 328 91 129 8 0 0
84 328 94 132 0 -8 0
84 320 97 135 8 8 0
92 328 100 138 0 8 0
92 336 103 141 0 8 0
92 344 106 144 8 0 0
100 344 109 147 0 -8 0
100 336 112 150 0 0 0
100 336 115 153 8 -8 0
108 328 118 156 0 8 0
108 336 121 159 8 0 0
116 336 124 162 0 8 0
116 344 127 165 0 0 0
116 344 130 168 8 0 0
124 344 133 171 0 -8 0
124 336 136 174 0 -8 0
124 328 139 177 8 0 0
132 328 142 180 0 -8 0
132 320 145 183 8 -8 0
140 312 148 186 0 -8 0
140 304 151 189 0 0 0
140 304 154 192 8 8 0
148 312 157 195 0 8 0
148 320 160 198 0 0 0
148 320 163 201 8 -8 0
156 312 166 204 0 0 0
156 312 169 207 8 0 0
164 312 172 210 0 -8 0
164 304 175 213 0 -8 0
164 296 178 216 8 8 0
172 304 181 219 0 8 0
172 312 184 222 0 -8 0
172 304 187 225 8 0 0
180 304 190 228 0 -8 0
180 296 193 231 8 -8 0
188 288 196 234 0 8 0
188 296 199 237 0 -8 0
188 288 202 240 8 0 0
196 288 205 243 0 0 0
196 288 208 246 0 8 0
196 296 211 249 8 -8 0
204 288 214 252 0 0 0
204 288 217 255 8 8 0
212 296 220 258 0 8 0
212 304 223 261 0 0 0
212 304 226 264 8 8 0
220 312 229 267 0 8 0
220 320 232 270 0 0 0
220 320 235 273 8 0 0
228 320 238 276 0 0 0
228 320 241 279 8 0 0
236 320 244 282 0 0 0
236 320 247 285 0 0 0
236 320 250 288 8 -8 0
244 312 253 291 0 0 0
244 312 256 294 0 8 0
244 320 259 297 8 0 0
252 320 262 300 0 8 0
252 328 265 303 8 8 0
260 336 268 306 0 0 0
260 336 271 309 0 0 0
260 336 274 312 8 0 0
268 336 277 315 0 8 0
268 344 280 318 0 0 0
268 344 283 321 8 0 0
276 344 286 324 0 0 0
276 344 289 327 8 0 0
284 344 292 330 0 -8 0
284 336 295 333 0 0 0
284 336 298 336 8 8 0
292 344 301 339 0 -8 0
292 336 304 342 0 -8 0
292 328 307 345 8 8 0
300 336 310 348 0 8 0
300 344 313 351 8 8 0
308 352 316 354 0 8 0
308 360 319 357 0 -8 0
308 352 322 360 8 8 0
316 360 325 363 0 -8 0
316 352 328 366 0 0 0
316 352 331 369 8 0 0
324 352 334 372 0 -8 0
324 344 337 375 8 0 0
332 344 340 378 0 8 0
332 352 343 381 0 -8 0
332 344 346 384 8 0 0
340 344 349 387 0 -8 0
340 336 352 390 0 8 0
340 344 355 393 8 8 0
348 352 358 396 0 0 0
348 352 361 399 8 8 0
356 360 364 402 0 8 0
356 368 367 405 0 0 0
356 368 370 408 8 -8 0
364 360 373 411 0 0 0
364 360 376 414 0 8 0
364 368 379 417 8 8 0
372 376 382 420 0 -8 0
372 368 385 423 8 0 0
380 368 388 426 0 0 0
380 368 391 429 0 8 0
380 376 394 432 8 8 0
388 384 397 435 0 0 0
388 384 400 438 0 -8 0
388 376 403 441 8 -8 0
396 368 406 444 0 8 0
396 376 409 447 8 0 0
404 376 412 450 0 8 0
404 384 415 453 0 8 0
404 392 418 456 8 -8 0
412 384 421 459 0 -8 0
412 376 424 462 0 -8 0
412 368 427 465 8 8 0
420 376 430 468 0 8 0
420 384 433 471 8 0 0
428 384 436 474 0 0 0
428 384 439 477 0 -8 0
428 376 442 480 8 0 0
436 376 445 483 0 8 0
436 384 448 486 0 8 0
436 392 451 489 8 0 0
444 392 454 492 0 8 0
444 400 457 495 8 -8 0
452 392 460 498 0 -8 0
452 384 463 501 0 -8 0
452 376 466 504 8 -8 0
460 368 469 507 0 -8 0
460 360 472 510 0 -8 0
460 352 475 513 8 8 0
468 360 478 516 0 8 0
468 368 481 519 8 0 0
476 368 484 522 0 8 0
476 376 487 525 0 8 0
476 384 490 528 8 -8 0
484 376 493 531 0 -8 0
484 368 496 534 0 0 0
484 368 499 537 8 8 0
492 376 502 540 0 -8 0
492 368 505 543 8 0 0
500 368 508 546 0 -8 0
500 360 511 549 0 -8 0
500 352 514 552 8 8 0
508 360 517 555 0 0 0
508 360 520 558 0 8 0
508 368 523 561 8 -8 0
516 360 526 564 0 8 0
516 368 529 567 8 -8 0
524 360 532 570 0 -8 0
524 352 535 573 0 0 0
524 352 538 576 8 0 0
532 352 541 579 0 -8 0
532 344 544 582 0 -8 0
532 336 547 585 8 8 0
540 344 550 588 0 -8 0
540 336 553 591 8 -8 0
540 328 556 588 0 -8 0
540 320 559 585 0 0 0
540 320 562 582 0 8 0
540 328 565 579 0 -8 0
540 320 568 576 0 8 0
540 328 571 573 0 8 0
540 336 574 570 0 8 0
540 344 577 567 0 8 0
540 352 580 564 0 8 0
540 360 583 561 0 -8 0
540 352 586 558 0 8 0
540 360 589 555 0 8 0
540 368 592 552 0 0 0
540 368 595 549 0 0 0
540 368 598 546 0 0 0
540 368 601 543 0 -8 0
540 360 604 540 0 -8 0
540 352 607 537 0 -8 0
540 344 610 534 0 8 0
540 352 613 531 0 0 0
540 352 616 528 0 -8 0
540 344 619 525 0 -8 0
540 336 622 522 0 0 0
540 336 625 519 0 0 0
540 336 628 516 0 -8 0
540 328 631 513 0 0 0
540 328 634 510 0 0 0
540 328 637 507 0 0 0
540 328 640 504 0 0 0
540 328 643 501 0 0 0
540 328 646 498 0 8 0
540 336 649 495 0 8 0
540 344 652 492 0 0 0
540 344 655 489 -8 8 0
532 352 658 486 0 0 0
532 352 661 483 0 0 0
532 352 664 480 -8 0 0
524 352 667 477 0 8 0
524 360 670 474 0 -8 0
524 352 673 471 -8 -8 0
516 344 676 468 0 8 0
516 352 679 465 -8 8 0
508 360 682 462 0 -8 0
508 352 685 459 0 8 0
508 360 688 456 -8 8 0
500 368 691 453 0 0 0
500 368 694 450 0 -8 0
500 360 697 447 -8 8 0
492 368 700 444 0 -8 0
492 360 703 441 -8 0 0
484 360 706 438 0 -8 0
484 352 709 435 0 8 0
484 360 712 432 -8 0 0
476 360 715 429 0 8 0
476 368 718 426 0 8 0
476 376 721 423 -8 -8 0
468 368 724 420 0 0 0
468 368 727 417 -8 0 0
460 368 730 414 0 0 0
460 368 733 411 0 -8 0
460 360 736 408 -8 8 0
452 368 739 405 0 8 0
452 376 742 402 0 0 0
452 376 745 399 -8 -8 0
444 368 748 396 0 0 0
444 368 751 393 -8 8 0
436 376 754 390 0 8 0
436 384 757 387 0 -8 0
436 376 760 384 -8 -8 0
428 368 763 381 0 0 0
428 368 766 378 0 -8 0
428 360 769 375 -8 -8 0
420 352 772 372 0 -8 0
420 344 775 369 -8 8 0
412 352 778 366 0 -8 0
412 344 781 363 0 -8 0
412 336 778 360 -8 -8 0
404 328 775 357 0 0 0
404 328 772 354 0 8 0
404 336 769 351 -8 8 0
396 344 766 348 0 0 0
396 344 763 345 -8 -8 0
388 336 760 342 0 -8 0
388 328 757 339 0 -8 0
388 320 754 336 -8 8 0
380 328 751 333 0 0 0
380 328 748 330 0 8 0
380 336 745 327 -8 0 0
372 336 742 324 0 8 0
372 344 739 321 -8 0 0
364 344 736 318 0 0 0
364 344 733 315 0 0 0
364 344 730 312 -8 8 0
356 352 727 309 0 8 0
356 360 724 306 0 -8 0
356 352 721 303 -8 8 0
348 360 718 300 0 -8 0
348 352 715 297 -8 8 0
340 360 712 294 0 8 0
340 368 709 291 0 8 0
340 376 706 288 -8 8 0
332 384 703 285 0 8 0
332 392 700 282 0 0 0
332 392 697 279 -8 -8 0
324 384 694 276 0 -8 0
324 376 691 273 -8 8 0
316 384 688 270 0 -8 0
316 376 685 267 0 -8 0
316 368 682 264 -8 0 0
308 368 679 261 0 0 0
308 368 676 258 0 0 0
308 368 673 255 -8 -8 0
300 360 670 252 0 8 0
300 368 667 249 -8 0 0
292 368 664 246 0 -8 0
292 360 661 243 0 0 0
292 360 658 240 -8 -8 0
284 352 655 237 0 0 0
284 352 652 234 0 -8 0
284 344 649 231 -8 0 0
276 344 646 228 0 0 0
276 344 643 225 -8 8 0
268 352 640 222 0 8 0
268 360 637 219 0 8 0
268 368 634 216 -8 8 0
260 376 631 213 0 0 0
260 376 628 210 0 0 0
260 376 625 207 -8 0 0
252 376 622 204 0 -8 0
252 368 619 201 -8 -8 0
244 360 616 198 0 8 0
244 368 613 195 0 0 0
244 368 610 192 -8 0 0
236 368 607 189 0 0 0
236 368 604 186 0 -8 0
236 360 601 183 -8 8 0
228 368 598 180 0 8 0
228 376 595 177 -8 8 0
220 384 592 174 0 8 0
220 392 589 171 0 0 0
220 392 586 168 -8 8 0
212 400 583 165 0 8 0
212 408 580 162 0 8 0
212 416 577 159 -8 8 0
204 424 574 156 0 -8 0
204 416 571 153 -8 8 0
196 424 568 150 0 -8 0
196 416 565 147 0 -8 0
196 408 562 144 -8 8 0
188 416 559 141 0 0 0
188 416 556 138 0 8 0
188 424 553 135 -8 -8 0
180 416 550 132 0 8 0
180 424 547 129 -8 0 0
172 424 544 126 0 -8 0
172 416 541 123 0 8 0
172 424 538 120 -8 8 0
164 432 535 117 0 -8 0
164 424 532 114 0 -8 0
164 416 529 111 -8 0 0
156 416 526 108 0 0 0
156 416 523 105 -8 -8 0
148 408 520 102 0 -8 0
148 400 517 99 0 0 0
148 400 514 96 -8 -8 0
140 392 511 93 0 -8 0
140 384 508 90 0 -8 0
140 376 505 87 -8 0 0
132 376 502 84 0 -8 0
132 368 499 81 -8 0 0
124 368 496 78 0 0 0
124 368 493 75 0 -8 0
124 360 490 72 -8 -8 0
116 352 487 69 0 0 0
116 352 484 66 0 8 0
116 360 481 63 -8 -8 0
108 352 478 60 0 8 0
108 360 475 57 -8 -8 0
100 352 472 54 0 0 0
100 352 469 51 0 -8 0
100 344 466 48 -8 0 0
92 344 463 45 0 -8 0
92 336 460 42 0 0 0
92 336 457 39 -8 -8 0
84 328 454 36 0 -8 0
84 320 451 33 -8 8 0
76 328 448 30 0 0 0
76 328 445 27 0 8 0
76 336 442 24 -8 -8 0
68 328 439 21 0 8 0
68 336 436 18 0 8 0
68 344 433 15 -8 0 0
60 344 430 12 0 -8 0
60 336 427 9 -8 8 0
60 344 424 12 0 8 0
60 352 421 15 0 0 0
60 352 418 18 0 0 0
60 352 415 21 0 8 0
60 360 412 24 0 8 0
60 368 409 27 0 8 0
60 376 406 30 0 8 0
60 384 403 33 0 0 0
60 384 400 36 0 -8 0
60 376 397 39 0 0 0
60 376 394 42 0 -8 0
60 368 391 45 0 0 0
60 368 388 48 0 8 0
60 376 385 51 0 8 0
60 384 382 54 0 -8 0
60 376 379 57 0 -8 0
60 368 376 60 0 8 0
60 376 373 63 0 8 0
60 384 370 66 0 0 0
60 384 367 69 0 -8 0
60 376 364 72 0 8 0
60 384 361 75 0 -8 0
60 376 358 78 0 0 0
60 376 355 81 0 0 0
60 376 352 84 0 8 0
60 384 349 87 0 -8 0
60 376 346 90 0 -8 0
60 368 343 93 0 0 0
60 368 340 96 0 8 0
60 376 337 99 0 -8 0
60 368 334 102 0 -8 0
60 360 331 105 0 0 0
60 360 328 108 0 0 0
60 360 325 111 8 -8 0
68 352 322 114 0 0 0
68 352 319 117 0 0 0
68 352 316 120 8 8 0
76 360 313 123 0 8 0
76 368 310 126 0 8 0
76 376 307 129 8 0 0
84 376 304 132 0 8 0
84 384 301 135 8 -8 0
92 376 298 138 0 8 0
92 384 295 141 0 0 0
92 384 292 144 8 -8 0
100 376 289 147 0 0 0
100 376 286 150 0 0 0
100 376 283 153 8 0 0
108 376 280 156 0 -8 0
108 368 277 159 8 8 0
116 376 274 162 0 0 0
116 376 271 165 0 0 0
116 376 268 168 8 0 0
124 376 265 171 0 0 0
124 376 262 174 0 8 0
124 384 259 177 8 -8 0
132 376 256 180 0 0 0
132 376 253 183 8 8 0
140 384 250 186 0 -8 0
140 376 247 189 0 -8 0
140 368 244 192 8 0 0
148 368 241 195 0 -8 0
148 360 238 198 0 -8 0
148 352 235 201 8 0 0
156 352 232 204 0 8 0
156 360 229 207 8 -8 0
164 352 226 210 0 0 0
164 352 223 213 0 0 0
164 352 220 216 8 -8 0
172 344 217 219 0 -8 0
172 336 214 222 0 -8 0
172 328 211 225 8 -8 0
180 320 208 228 0 8 0
180 328 205 231 8 8 0
188 336 202 234 0 8 0
188 344 199 237 0 0 0
188 344 196 240 8 -8 0
196 336 193 243 0 -8 0
196 328 190 246 0 -8 0
196 320 187 249 8 0 0
204 320 184 252 0 8 0
204 328 181 255 8 -8 0
212 320 178 258 0 0 0
212 320 175 261 0 0 0
212 320 172 264 8 0 0
220 320 169 267 0 8 0
220 328 166 270 0 0 0
220 328 163 273 8 -8 0
228 320 160 276 0 0 0
228 320 157 279 8 0 0
236 320 154 282 0 -8 0
236 312 151 285 0 8 0
236 320 148 288 8 8 0
244 328 145 291 0 0 0
244 328 142 294 0 -8 0
244 320 139 297 8 0 0
252 320 136 300 0 0 0
252 320 133 303 8 8 0
260 328 130 306 0 -8 0
260 320 127 309 0 0 0
260 320 124 312 8 0 0
268 320 121 315 0 8 0
268 328 118 318 0 -8 0
268 320 115 321 8 0 0
276 320 112 324 0 -8 0
276 312 109 327 8 0 0
284 312 106 330 0 -8 0
284 304 103 333 0 0 0
284 304 100 336 8 8 0
292 312 97 339 0 -8 0
292 304 94 342 0 -8 0
292 296 91 345 8 -8 0
300 288 88 348 0 0 0
300 288 85 351 8 -8 0
308 280 82 354 0 8 0
308 288 79 357 0 8 0
308 296 76 360 8 -8 0
316 288 73 363 0 8 0
316 296 70 366 0 8 0
316 304 67 369 8 -8 0
324 296 64 372 0 0 0
324 296 61 375 8 -8 0
332 288 58 378 0 0 0
332 288 55 381 0 8 0
332 296 52 384 8 8 0
340 304 49 387 0 -8 0
340 296 46 390 0 8 0
340 304 43 393 8 -8 0
348 296 40 396 0 0 0
348 296 37 399 8 8 0
356 304 34 402 0 -8 0
356 296 31 405 0 0 0
356 296 28 408 8 0 0
364 296 25 411 0 0 0
364 296 22 414 0 0 0
364 296 19 417 0 0 1
364 296 19 417 0 0 1
364 296 19 417 0 0 1
364 296 19 417 0 0 1
364 296 19 417 0 0 1
