200 136 586 174 0 0 0
200 136 589 177 0 0 0
200 136 592 180 0 -8 0
200 128 595 183 0 -8 0
200 120 598 186 0 -8 0
200 112 601 189 0 8 0
200 120 604 192 0 0 0
200 120 607 195 0 -8 0
200 112 610 198 0 0 0
200 112 613 201 0 0 0
200 112 616 204 0 0 0
200 112 619 207 0 -8 0
200 104 622 210 0 8 0
200 112 625 213 0 8 0
200 120 628 216 0 0 0
200 120 631 219 0 8 0
200 128 634 222 0 0 0
200 128 637 225 0 0 0
200 128 640 228 0 -8 0
200 120 643 231 0 8 0
200 128 646 234 0 -8 0
200 120 649 237 0 8 0
200 128 652 240 0 0 0
200 128 655 243 0 8 0
200 136 658 246 0 8 0
200 144 661 249 0 -8 0
200 136 664 252 8 8 0
208 144 667 255 0 8 0
208 152 670 258 0 -8 0
208 144 673 261 8 -8 0
216 136 676 264 0 0 0
216 136 679 267 8 8 0
224 144 682 270 0 8 0
224 152 685 273 0 8 0
224 160 688 276 8 -8 0
232 152 691 279 0 8 0
232 160 694 282 0 0 0
232 160 697 285 8 8 0
240 168 700 288 0 8 0
240 176 703 291 8 0 0
248 176 706 294 0 0 0
248 176 709 297 0 0 0
248 176 712 300 8 -8 0
256 168 715 303 0 8 0
256 176 718 306 0 -8 0
256 168 721 309 8 0 0
264 168 724 312 0 0 0
264 168 727 315 8 8 0
272 176 730 318 0 -8 0
272 168 733 321 0 8 0
272 176 736 324 8 -8 0
280 168 739 327 0 0 0
280 168 742 330 0 8 0
280 176 745 333 8 0 0
288 176 748 336 0 0 0
288 176 751 339 8 0 0
296 176 754 342 0 -8 0
296 168 757 345 0 -8 0
296 160 760 348 8 0 0
304 160 763 351 0 8 0
304 168 766 354 0 8 0
304 176 769 357 8 0 0
312 176 772 360 0 -8 0
312 168 775 363 8 -8 0
320 160 778 366 0 0 0
320 160 781 369 0 0 1
320 160 781 369 0 0 1
320 160 781 369 0 0 1
320 160 781 369 0 0 1
320 160 781 369 0 0 1
