444 432 679 486 0 0 0
444 432 676 489 0 -8 0
444 424 673 492 0 0 0
444 424 670 495 8 8 0
452 432 667 498 0 8 0
452 440 664 501 0 0 0
452 440 661 504 8 -8 0
460 432 658 507 0 -8 0
460 424 655 510 0 -8 0
460 416 652 513 8 0 0
468 416 649 516 0 0 0
468 416 646 519 8 8 0
476 424 643 522 0 -8 0
476 416 640 525 0 -8 0
476 408 637 528 8 0 0
484 408 634 531 0 8 0
484 416 631 534 0 0 0
484 416 628 537 8 8 0
492 424 625 540 0 -8 0
492 416 622 543 8 -8 0
500 408 619 546 0 -8 0
500 400 616 549 0 8 0
500 408 613 552 8 0 0
508 408 610 555 0 8 0
508 416 607 558 0 0 0
508 416 604 561 8 0 0
516 416 601 564 0 8 0
516 424 598 567 8 0 0
524 424 595 570 0 -8 0
524 416 592 573 0 -8 0
524 408 589 576 8 8 0
532 416 586 579 0 -8 0
532 408 583 582 0 0 0
532 408 580 585 8 -8 0
540 400 577 588 0 -8 0
540 392 574 591 8 8 0
540 400 571 588 0 -8 0
540 392 568 585 0 -8 0
540 384 565 582 0 -8 0
540 376 562 579 0 0 0
540 376 559 576 0 0 0
540 376 556 573 0 -8 0
540 368 553 570 0 0 0
540 368 550 567 0 8 0
540 376 547 564 0 8 0
540 384 544 561 0 8 0
540 392 541 558 0 8 0
540 400 538 555 0 -8 0
540 392 535 552 0 0 0
540 392 532 549 0 -8 0
540 384 529 546 0 -8 0
540 376 526 543 0 0 0
540 376 523 540 0 8 0
540 384 520 537 0 -8 0
540 376 517 534 0 -8 0
540 368 514 531 0 8 0
540 376 511 528 0 8 0
540 384 508 525 0 8 0
540 392 505 522 0 0 0
540 392 502 519 0 0 0
540 392 499 516 0 8 0
540 400 496 513 0 -8 0
540 392 493 510 0 8 0
540 400 490 507 0 -8 0
540 392 487 504 0 8 0
540 400 484 501 0 -8 0
540 392 481 498 0 0 0
540 392 478 495 0 8 0
540 400 475 492 0 -8 0
540 392 472 489 -8 0 0
532 392 469 486 0 -8 0
532 384 466 483 0 8 0
532 392 463 480 -8 8 0
524 400 460 477 0 -8 0
524 392 457 474 0 0 0
524 392 454 471 -8 -8 0
516 384 451 468 0 0 0
516 384 448 465 -8 8 0
508 392 445 462 0 -8 0
508 384 442 459 0 0 0
508 384 439 456 -8 -8 0
500 376 436 453 0 -8 0
500 368 433 450 0 8 0
500 376 430 447 -8 0 0
492 376 427 444 0 0 0
492 376 424 441 -8 -8 0
484 368 421 438 0 0 0
484 368 418 435 0 -8 0
484 360 415 432 -8 -8 0
476 352 412 429 0 8 0
476 360 409 426 0 8 0
476 368 406 423 -8 -8 0
468 360 403 420 0 0 0
468 360 400 417 -8 -8 0
460 352 397 414 0 8 0
460 360 394 411 0 8 0
460 368 391 408 -8 -8 0
452 360 388 405 0 8 0
452 368 385 402 0 -8 0
452 360 382 399 -8 8 0
444 368 379 396 0 8 0
444 376 376 393 -8 8 0
436 384 373 390 0 0 0
436 384 370 387 0 -8 0
436 376 367 384 -8 8 0
428 384 364 381 0 0 0
428 384 361 378 0 8 0
428 392 358 375 -8 8 0
420 400 355 372 0 0 0
420 400 352 369 -8 -8 0
412 392 349 366 0 8 0
412 400 346 363 0 -8 0
412 392 343 360 -8 8 0
404 400 340 357 0 0 0
404 400 337 354 0 8 0
404 408 334 351 -8 8 0
396 416 331 348 0 0 0
396 416 328 345 -8 0 0
388 416 325 342 0 -8 0
388 408 322 339 0 8 0
388 416 319 336 -8 -8 0
380 408 316 333 0 0 0
380 408 313 330 0 8 0
380 416 310 327 -8 -8 0
372 408 307 324 0 8 0
372 416 304 321 -8 8 0
364 424 301 318 0 0 0
364 424 298 315 0 -8 0
364 416 295 312 -8 0 0
356 416 292 309 0 0 0
356 416 289 306 0 8 0
356 424 286 303 -8 0 0
348 424 283 300 0 0 0
348 424 280 297 -8 8 0
340 432 277 294 0 0 0
340 432 274 291 0 0 0
340 432 271 288 -8 0 0
332 432 268 285 0 8 0
332 440 265 282 0 8 0
332 448 262 279 -8 -8 0
324 440 259 276 0 8 0
324 448 256 273 -8 0 0
316 448 253 270 0 -8 0
316 440 250 267 0 8 0
316 448 247 264 -8 0 0
308 448 244 261 0 -8 0
308 440 241 258 0 -8 0
308 432 238 255 -8 0 0
300 432 235 252 0 0 0
300 432 232 249 -8 8 0
292 440 229 246 0 -8 0
292 432 226 243 0 8 0
292 440 223 240 -8 -8 0
284 432 220 237 0 -8 0
284 424 217 234 0 8 0
284 432 214 231 -8 8 0
276 440 211 228 0 0 0
276 440 208 225 -8 8 0
268 448 205 222 0 -8 0
268 440 202 219 0 0 0
268 440 199 216 -8 -8 0
260 432 196 213 0 0 0
260 432 193 210 0 8 0
260 440 190 207 -8 8 0
252 448 187 204 0 -8 0
252 440 184 201 -8 0 0
244 440 181 198 0 0 0
244 440 178 195 0 -8 0
244 432 175 192 -8 8 0
236 440 172 189 0 -8 0
236 432 169 186 0 0 0
236 432 166 183 -8 -8 0
228 424 163 180 0 -8 0
228 416 160 177 -8 8 0
220 424 157 174 0 -8 0
220 416 154 171 0 -8 0
220 408 151 168 -8 8 0
212 416 148 165 0 8 0
212 424 145 162 0 0 0
212 424 142 159 -8 8 0
204 432 139 156 0 0 0
204 432 136 153 -8 8 0
196 440 133 150 0 0 0
196 440 130 147 0 0 0
196 440 127 144 -8 8 0
188 448 124 141 0 8 0
188 456 121 138 0 -8 0
188 448 118 135 -8 8 0
180 456 115 132 0 0 0
180 456 112 129 -8 -8 0
172 448 109 126 0 0 0
172 448 106 123 0 8 0
172 456 103 120 -8 0 0
164 456 100 117 0 8 0
164 464 97 114 0 0 0
164 464 94 111 -8 8 0
156 472 91 108 0 0 0
156 472 88 105 -8 8 0
148 480 85 102 0 8 0
148 488 82 99 0 0 0
148 488 79 96 -8 -8 0
140 480 76 93 0 0 0
140 480 73 90 0 0 0
140 480 70 87 -8 8 0
132 488 67 84 0 0 0
132 488 64 81 -8 0 0
124 488 61 78 0 0 0
124 488 58 75 0 -8 0
124 480 55 72 -8 0 0
116 480 52 69 0 -8 0
116 472 49 66 0 8 0
116 480 46 63 -8 -8 0
108 472 43 60 0 8 0
108 480 40 57 -8 8 0
100 488 37 54 0 -8 0
100 480 34 51 0 -8 0
100 472 31 48 -8 0 0
92 472 28 45 0 -8 0
92 464 25 42 0 8 0
92 472 22 39 -8 8 0
84 480 19 36 0 -8 0
84 472 22 33 -8 8 0
76 480 25 30 0 -8 0
76 472 28 27 0 8 0
76 480 31 24 -8 8 0
68 488 34 21 0 -8 0
68 480 37 18 0 8 0
68 488 40 15 -8 0 0
60 488 43 12 0 8 0
60 496 46 9 -8 0 0
60 496 49 12 0 0 0
60 496 52 15 0 8 0
60 504 55 18 0 -8 0
60 496 58 21 0 -8 0
60 488 61 24 0 8 0
60 496 64 27 0 8 0
60 504 67 30 0 0 0
60 504 70 33 0 8 0
60 512 73 36 0 -8 0
60 504 76 39 0 0 0
60 504 79 42 0 8 0
60 512 82 45 0 -8 0
60 504 85 48 0 -8 0
60 496 88 51 0 8 0
60 504 91 54 0 0 0
60 504 94 57 0 -8 0
60 496 97 60 0 0 0
60 496 100 63 0 0 0
60 496 103 66 0 0 0
60 496 106 69 0 8 0
60 504 109 72 0 0 0
60 504 112 75 0 8 0
60 512 115 78 0 -8 0
60 504 118 81 0 8 0
60 512 121 84 0 0 0
60 512 124 87 0 0 0
60 512 127 90 0 8 0
60 520 130 93 0 8 0
60 528 133 96 0 0 0
60 528 136 99 0 -8 0
60 520 139 102 0 -8 0
60 512 142 105 0 8 0
60 520 145 108 0 0 0
60 520 148 111 8 -8 0
68 512 151 114 0 0 0
68 512 154 117 0 8 0
68 520 157 120 8 0 0
76 520 160 123 0 8 0
76 528 163 126 0 -8 0
76 520 166 129 8 0 0
84 520 169 132 0 -8 0
84 512 172 135 8 0 0
92 512 175 138 0 0 0
92 512 178 141 0 -8 0
92 504 181 144 8 8 0
100 512 184 147 0 -8 0
100 504 187 150 0 8 0
100 512 190 153 8 -8 0
108 504 193 156 0 0 0
108 504 196 159 8 -8 0
116 496 199 162 0 8 0
116 504 202 165 0 0 0
116 504 205 168 8 0 0
124 504 208 171 0 8 0
124 512 211 174 0 8 0
124 520 214 177 8 -8 0
132 512 217 180 0 8 0
132 520 220 183 8 8 0
140 528 223 186 0 8 0
140 536 226 189 0 8 0
140 540 229 192 8 0 0
148 540 232 195 0 -8 0
148 532 235 198 0 8 0
148 540 238 201 8 -8 0
156 532 241 204 0 8 0
156 540 244 207 8 -8 0
164 532 247 210 0 -8 0
164 524 250 213 0 -8 0
164 516 253 216 8 -8 0
172 508 256 219 0 -8 0
172 500 259 222 0 8 0
172 508 262 225 8 0 0
180 508 265 228 0 0 0
180 508 268 231 8 8 0
188 516 271 234 0 -8 0
188 508 274 237 0 8 0
188 516 277 240 8 0 0
196 516 280 243 0 8 0
196 524 283 246 0 -8 0
196 516 286 249 8 0 0
204 516 289 252 0 -8 0
204 508 292 255 8 8 0
212 516 295 258 0 8 0
212 524 298 261 0 0 0
212 524 301 264 8 -8 0
220 516 304 267 0 0 0
220 516 307 270 0 0 0
220 516 310 273 8 -8 0
228 508 313 276 0 -8 0
228 500 316 279 8 0 0
236 500 319 282 0 8 0
236 508 322 285 0 -8 0
236 500 325 288 8 -8 0
244 492 328 291 0 0 0
244 492 331 294 0 0 0
244 492 334 297 8 0 0
252 492 337 300 0 8 0
252 500 340 303 8 0 0
260 500 343 306 0 0 0
260 500 346 309 0 -8 0
260 492 349 312 8 -8 0
268 484 352 315 0 -8 0
268 476 355 318 0 -8 0
268 468 358 321 8 0 0
276 468 361 324 0 -8 0
276 460 364 327 8 0 0
284 460 367 330 0 -8 0
284 452 370 333 0 8 0
284 460 373 336 8 8 0
292 468 376 339 0 -8 0
292 460 379 342 0 0 0
292 460 382 345 8 8 0
300 468 385 348 0 8 0
300 476 388 351 8 -8 0
308 468 391 354 0 8 0
308 476 394 357 0 -8 0
308 468 397 360 8 0 0
316 468 400 363 0 8 0
316 476 403 366 0 -8 0
316 468 406 369 8 0 0
324 468 409 372 0 8 0
324 476 412 375 8 -8 0
332 468 415 378 0 -8 0
332 460 418 381 0 -8 0
332 452 421 384 8 0 0
340 452 424 387 0 8 0
340 460 427 390 0 8 0
340 468 430 393 8 8 0
348 476 433 396 0 -8 0
348 468 436 399 8 8 0
356 476 439 402 0 8 0
356 484 442 405 0 -8 0
356 476 445 408 8 -8 0
364 468 448 411 0 8 0
364 476 451 414 0 0 0
364 476 454 417 8 -8 0
372 468 457 420 0 8 0
372 476 460 423 8 8 0
380 484 463 426 0 0 0
380 484 466 429 0 8 0
380 492 469 432 8 -8 0
388 484 472 435 0 0 0
388 484 475 438 0 -8 0
388 476 478 441 8 -8 0
396 468 481 444 0 -8 0
396 460 484 447 8 0 0
404 460 487 450 0 8 0
404 468 490 453 0 -8 0
404 460 493 456 8 0 0
412 460 496 459 0 -8 0
412 452 499 462 0 -8 0
412 444 502 465 8 0 0
420 444 505 468 0 0 0
420 444 508 471 8 8 0
428 452 511 474 0 0 0
428 452 514 477 0 0 0
428 452 517 480 8 8 0
436 460 520 483 0 0 0
436 460 523 486 0 0 0
436 460 526 489 8 8 0
444 468 529 492 0 0 0
444 468 532 495 8 0 0
452 468 535 498 0 8 0
452 476 538 501 0 0 0
452 476 541 504 8 -8 0
460 468 544 507 0 8 0
460 476 547 510 0 0 0
460 476 550 513 8 8 0
468 484 553 516 0 0 0
468 484 556 519 8 0 0
476 484 559 522 0 -8 0
476 476 562 525 0 -8 0
476 468 565 528 8 0 0
484 468 568 531 0 0 0
484 468 571 534 0 -8 0
484 460 574 537 8 8 0
492 468 577 540 0 8 0
492 476 580 543 8 8 0
500 484 583 546 0 -8 0
500 476 586 549 0 8 0
500 484 589 552 8 -8 0
508 476 592 555 0 8 0
508 484 595 558 0 8 0
508 492 598 561 8 8 0
516 500 601 564 0 -8 0
516 492 604 567 8 0 0
524 492 607 570 0 0 0
524 492 610 573 0 -8 0
524 484 613 576 8 -8 0
532 476 616 579 0 0 0
532 476 619 582 0 8 0
532 484 622 585 8 -8 0
540 476 625 588 0 -8 0
540 468 628 591 8 -8 0
540 460 631 588 0 -8 0
540 452 634 585 0 8 0
540 460 637 582 0 -8 0
540 452 640 579 0 0 0
540 452 643 576 0 8 0
540 460 646 573 0 -8 0
540 452 649 570 0 -8 0
540 444 652 567 0 0 0
540 444 655 564 0 -8 0
540 436 658 561 0 -8 0
540 428 661 558 0 -8 0
540 420 664 555 0 8 0
540 428 667 552 0 0 0
540 428 670 549 0 0 0
540 428 673 546 0 0 0
540 428 676 543 0 8 0
540 436 679 540 0 -8 0
540 428 682 537 0 8 0
540 436 685 534 0 8 0
540 444 688 531 0 8 0
540 452 691 528 0 8 0
540 460 694 525 0 8 0
540 468 697 522 0 -8 0
540 460 700 519 0 -8 0
540 452 703 516 0 0 0
540 452 706 513 0 8 0
540 460 709 510 0 8 0
540 468 712 507 0 8 0
540 476 715 504 0 -8 0
540 468 718 501 0 0 0
540 468 721 498 0 0 0
540 468 724 495 0 8 0
540 476 727 492 0 8 0
540 484 730 489 -8 -8 0
532 476 733 486 0 0 0
532 476 736 483 0 -8 0
532 468 739 480 -8 -8 0
524 460 742 477 0 0 0
524 460 745 474 0 8 0
524 468 748 471 -8 0 0
516 468 751 468 0 -8 0
516 460 754 465 -8 8 0
508 468 757 462 0 0 0
508 468 760 459 0 -8 0
508 460 763 456 -8 0 0
500 460 766 453 0 8 0
500 468 769 450 0 8 0
500 476 772 447 -8 8 0
492 484 775 444 0 0 0
492 484 778 441 -8 8 0
484 492 781 438 0 0 1
484 492 781 438 0 0 1
484 492 781 438 0 0 1
484 492 781 438 0 0 1
484 492 781 438 0 0 1
