427 408 622 210 0 0 0
427 408 625 207 -8 8 0
419 416 628 204 -8 0 0
411 416 631 201 -8 -8 0
403 408 634 198 -8 -8 0
395 400 637 195 -8 -8 0
387 392 640 192 -8 8 0
379 400 643 189 -8 -8 0
371 392 646 186 -8 0 0
363 392 649 183 -8 8 0
355 400 652 180 -8 -8 0
347 392 655 177 -8 -8 0
339 384 658 174 -8 8 0
331 392 661 171 -8 0 0
323 392 664 168 -8 8 0
315 400 667 165 -8 -8 0
307 392 670 162 -8 0 0
299 392 673 159 -8 8 0
291 400 676 156 -8 0 0
283 400 679 153 -8 8 0
275 408 682 150 -8 -8 0
267 400 685 147 -8 0 0
259 400 688 144 -8 0 0
251 400 691 141 -8 -8 0
243 392 694 138 -8 0 0
235 392 697 135 -8 -8 0
227 384 700 132 -8 -8 0
219 376 703 129 -8 0 0
211 376 706 126 -8 8 0
203 384 709 123 -8 -8 0
195 376 712 120 -8 0 0
187 376 715 117 -8 -8 0
179 368 718 114 -8 0 0
171 368 721 111 -8 8 0
163 376 724 108 -8 -8 0
155 368 727 105 0 0 0
155 368 730 102 -8 8 0
147 376 733 99 0 8 0
147 384 736 96 -8 -8 0
139 376 739 93 0 0 0
139 376 742 90 0 0 0
139 376 745 87 -8 -8 0
131 368 748 84 0 8 0
131 376 751 81 0 0 0
131 376 754 78 -8 -8 0
123 368 757 75 0 -8 0
123 360 760 72 -8 0 0
115 360 763 69 0 8 0
115 368 766 66 0 8 0
115 376 769 63 -8 -8 0
107 368 772 60 0 8 0
107 376 775 57 0 0 0
107 376 778 54 -8 -8 0
99 368 781 51 0 0 1
99 368 781 51 0 0 1
99 368 781 51 0 0 1
99 368 781 51 0 0 1
99 368 781 51 0 0 1
