299 278 247 483 0 0 0
299 278 244 480 8 8 0
307 286 241 477 8 8 0
315 294 238 474 8 -8 0
323 286 235 471 8 -8 0
331 278 232 468 8 -8 0
339 270 229 465 8 0 0
347 270 226 462 8 -8 0
355 262 223 459 8 8 0
363 270 220 456 8 -8 0
371 262 217 453 8 0 0
379 262 214 450 8 0 0
387 262 211 447 8 -8 0
395 254 208 444 0 0 0
395 254 205 441 0 8 0
395 262 202 438 0 0 0
395 262 199 435 0 8 0
395 270 196 432 0 0 0
395 270 193 429 0 -8 0
395 262 190 426 0 0 0
395 262 187 423 0 -8 0
395 254 184 420 0 0 0
395 254 181 417 0 8 0
395 262 178 414 0 8 0
395 270 175 411 0 8 0
395 278 172 408 0 8 0
395 286 169 405 0 0 0
395 286 166 402 0 0 0
395 286 163 399 0 0 0
395 286 160 396 0 0 0
395 286 157 393 0 8 0
395 294 154 390 0 0 0
395 294 151 387 0 -8 0
395 286 148 384 0 -8 0
395 278 145 381 0 -8 0
395 270 142 378 0 0 0
395 270 139 375 0 0 0
395 270 136 372 0 0 0
395 270 133 369 0 0 0
395 270 130 366 0 8 0
395 278 127 363 0 -8 0
395 270 124 360 0 0 0
395 270 121 357 0 0 0
395 270 118 354 0 0 0
395 270 115 351 0 8 0
395 278 112 348 0 0 0
395 278 109 345 0 8 0
395 286 106 342 -8 8 0
387 294 103 339 0 -8 0
387 286 100 336 -8 0 0
379 286 97 333 0 0 0
379 286 94 330 0 -8 0
379 278 91 327 -8 0 0
371 278 88 324 0 8 0
371 286 85 321 0 0 0
371 286 82 318 -8 8 0
363 294 79 315 0 0 0
363 294 76 312 -8 -8 0
355 286 73 309 0 0 0
355 286 70 306 0 -8 0
355 278 67 303 -8 -8 0
347 270 64 300 0 0 0
347 270 61 297 0 8 0
347 278 58 294 -8 8 0
339 286 55 291 0 8 0
339 294 52 288 -8 0 0
331 294 49 285 0 -8 0
331 286 46 282 0 8 0
331 294 43 279 -8 8 0
323 302 40 276 0 8 0
323 310 37 273 0 8 0
323 318 34 270 -8 8 0
315 326 31 267 0 0 0
315 326 28 264 -8 -8 0
307 318 25 261 0 0 0
307 318 22 258 0 -8 0
307 310 19 255 0 0 1
307 310 19 255 0 0 1
307 310 19 255 0 0 1
307 310 19 255 0 0 1
307 310 19 255 0 0 1
