282 165 574 330 0 0 0
282 165 577 333 8 0 0
290 165 580 336 0 -8 0
290 157 583 339 0 0 0
290 157 586 342 8 8 0
298 165 589 345 0 0 0
298 165 592 348 0 8 0
298 173 595 351 8 -8 0
306 165 598 354 0 0 0
306 165 601 357 8 0 0
314 165 604 360 0 -8 0
314 157 607 363 0 -8 0
314 149 610 366 8 -8 0
322 141 613 369 0 8 0
322 149 616 372 0 8 0
322 157 619 375 8 8 0
330 165 622 378 0 0 0
330 165 625 381 8 0 0
338 165 628 384 0 0 0
338 165 631 387 0 -8 0
338 157 634 390 8 0 0
346 157 637 393 0 -8 0
346 149 640 396 0 -8 0
346 141 643 399 8 8 0
354 149 646 402 0 8 0
354 157 649 405 8 -8 0
362 149 652 408 0 8 0
362 157 655 411 0 0 0
362 157 658 414 8 0 0
370 157 661 417 0 0 0
370 157 664 420 0 0 0
370 157 667 423 8 -8 0
378 149 670 426 0 8 0
378 157 673 429 8 -8 0
386 149 676 432 0 -8 0
386 141 679 435 0 8 0
386 149 682 438 8 -8 0
394 141 685 441 0 8 0
394 149 688 444 0 -8 0
394 141 691 447 8 -8 0
402 133 694 450 0 -8 0
402 125 697 453 8 8 0
410 133 700 456 0 -8 0
410 125 703 459 0 0 0
410 125 706 462 8 -8 0
418 117 709 465 0 8 0
418 125 712 468 0 8 0
418 133 715 471 8 8 0
426 141 718 474 0 -8 0
426 133 721 477 8 8 0
434 141 724 480 0 8 0
434 149 727 483 0 -8 0
434 141 730 486 8 8 0
442 149 733 489 0 -8 0
442 141 736 492 0 8 0
442 149 739 495 8 8 0
450 157 742 498 0 8 0
450 165 745 501 8 0 0
458 165 748 504 0 0 0
458 165 751 507 0 0 0
458 165 754 510 8 -8 0
466 157 757 513 0 0 0
466 157 760 516 0 8 0
466 165 763 519 8 8 0
474 173 766 522 0 8 0
474 181 769 525 8 -8 0
482 173 772 528 0 -8 0
482 165 775 531 0 -8 0
482 157 778 534 8 -8 0
490 149 781 537 0 0 1
490 149 781 537 0 0 1
490 149 781 537 0 0 1
490 149 781 537 0 0 1
490 149 781 537 0 0 1
