206 498 247 210 0 0 0
206 498 250 213 0 -8 0
206 490 253 216 0 -8 0
206 482 256 219 0 8 0
206 490 259 222 0 8 0
206 498 262 225 0 8 0
206 506 265 228 0 0 0
206 506 268 231 0 0 0
206 506 271 234 0 0 0
206 506 274 237 0 0 0
206 506 277 240 0 0 0
206 506 280 243 0 8 0
206 514 283 246 0 -8 0
206 506 286 249 0 8 0
206 514 289 252 0 -8 0
206 506 292 255 0 0 0
206 506 295 258 8 -8 0
214 498 298 261 0 0 0
214 498 301 264 0 -8 0
214 490 304 267 8 0 0
222 490 307 270 0 8 0
222 498 310 273 8 0 0
230 498 313 276 0 0 0
230 498 316 279 0 8 0
230 506 319 282 8 0 0
238 506 322 285 0 8 0
238 514 325 288 0 -8 0
238 506 328 291 8 -8 0
246 498 331 294 0 8 0
246 506 334 297 8 -8 0
254 498 337 300 0 -8 0
254 490 340 303 0 8 0
254 498 343 306 8 0 0
262 498 346 309 0 -8 0
262 490 349 312 0 0 0
262 490 352 315 8 0 0
270 490 355 318 0 0 0
270 490 358 321 8 8 0
278 498 361 324 0 8 0
278 506 364 327 0 0 0
278 506 367 330 8 8 0
286 514 370 333 0 8 0
286 522 373 336 0 8 0
286 530 376 339 8 0 0
294 530 379 342 0 8 0
294 538 382 345 8 8 0
302 540 385 348 0 8 0
302 540 388 351 0 0 0
302 540 391 354 8 0 0
310 540 394 357 0 8 0
310 540 397 360 0 8 0
310 540 400 363 8 8 0
318 540 403 366 0 0 0
318 540 406 369 8 0 0
326 540 409 372 0 -8 0
326 532 412 375 0 -8 0
326 524 415 378 8 -8 0
334 516 418 381 0 0 0
334 516 421 384 0 -8 0
334 508 424 387 8 0 0
342 508 427 390 0 8 0
342 516 430 393 8 8 0
350 524 433 396 0 0 0
350 524 436 399 0 8 0
350 532 439 402 8 0 0
358 532 442 405 0 8 0
358 540 445 408 0 -8 0
358 532 448 411 8 0 0
366 532 451 414 0 -8 0
366 524 454 417 8 8 0
374 532 457 420 0 0 0
374 532 460 423 0 0 0
374 532 463 426 8 8 0
382 540 466 429 0 8 0
382 540 469 432 0 0 0
382 540 472 435 8 -8 0
390 532 475 438 0 8 0
390 540 478 441 8 8 0
398 540 481 444 0 0 0
398 540 484 447 0 8 0
398 540 487 450 8 0 0
406 540 490 453 0 8 0
406 540 493 456 0 -8 0
406 532 496 459 8 0 0
414 532 499 462 0 0 0
414 532 502 465 8 8 0
422 540 505 468 0 8 0
422 540 508 471 0 -8 0
422 532 511 474 8 -8 0
430 524 514 477 0 -8 0
430 516 517 480 0 -8 0
430 508 520 483 8 0 0
438 508 523 486 0 0 0
438 508 526 489 8 -8 0
446 500 529 492 0 0 0
446 500 532 495 0 8 0
446 508 535 498 8 8 0
454 516 538 501 0 8 0
454 524 541 504 0 -8 0
454 516 544 507 8 0 0
462 516 547 510 0 0 0
462 516 550 513 8 0 0
470 516 553 516 0 8 0
470 524 556 519 0 8 0
470 532 559 522 8 8 0
478 540 562 525 0 8 0
478 540 565 528 0 -8 0
478 532 568 531 8 8 0
486 540 571 534 0 0 0
486 540 574 537 8 8 0
494 540 577 540 0 -8 0
494 532 580 543 0 8 0
494 540 583 546 8 0 0
502 540 586 549 0 -8 0
502 532 589 552 0 0 0
502 532 592 555 8 -8 0
510 524 595 558 0 -8 0
510 516 598 561 8 8 0
518 524 601 564 0 8 0
518 532 604 567 0 8 0
518 540 607 570 8 8 0
526 540 610 573 0 -8 0
526 532 613 576 0 0 0
526 532 616 579 8 8 0
534 540 619 582 0 0 0
534 540 622 585 8 -8 0
540 532 625 588 0 -8 0
540 524 628 591 8 0 0
540 524 631 588 0 -8 0
540 516 634 585 0 0 0
540 516 637 582 0 -8 0
540 508 640 579 0 -8 0
540 500 643 576 0 -8 0
540 492 646 573 0 0 0
540 492 649 570 0 -8 0
540 484 652 567 0 -8 0
540 476 655 564 0 0 0
540 476 658 561 0 8 0
540 484 661 558 0 8 0
540 492 664 555 0 0 0
540 492 667 552 0 8 0
540 500 670 549 0 -8 0
540 492 673 546 0 8 0
540 500 676 543 0 8 0
540 508 679 540 0 -8 0
540 500 682 537 0 -8 0
540 492 685 534 0 8 0
540 500 688 531 0 -8 0
540 492 691 528 0 8 0
540 500 694 525 0 0 0
540 500 697 522 0 8 0
540 508 700 519 0 8 0
540 516 703 516 0 -8 0
540 508 706 513 0 0 0
540 508 709 510 0 8 0
540 516 712 507 0 -8 0
540 508 715 504 0 -8 0
540 500 718 501 0 -8 0
540 492 721 498 0 8 0
540 500 724 495 0 0 0
540 500 727 492 0 8 0
540 508 730 489 -8 -8 0
532 500 733 486 0 -8 0
532 492 736 483 0 -8 0
532 484 739 480 -8 -8 0
524 476 742 477 0 8 0
524 484 745 474 0 -8 0
524 476 748 471 -8 0 0
516 476 751 468 0 -8 0
516 468 754 465 -8 0 0
508 468 757 462 0 8 0
508 476 760 459 0 -8 0
508 468 763 456 -8 0 0
500 468 766 453 0 -8 0
500 460 769 450 0 -8 0
500 452 772 447 -8 0 0
492 452 775 444 0 8 0
492 460 778 441 -8 8 0
484 468 781 438 0 8 0
484 476 778 435 0 8 0
484 484 775 432 -8 0 0
476 484 772 429 0 -8 0
476 476 769 426 0 -8 0
476 468 766 423 -8 8 0
468 476 763 420 0 0 0
468 476 760 417 -8 0 0
460 476 757 414 0 -8 0
460 468 754 411 0 0 0
460 468 751 408 -8 0 0
452 468 748 405 0 -8 0
452 460 745 402 0 8 0
452 468 742 399 -8 8 0
444 476 739 396 0 8 0
444 484 736 393 -8 8 0
436 492 733 390 0 0 0
436 492 730 387 0 0 0
436 492 727 384 -8 0 0
428 492 724 381 0 8 0
428 500 721 378 0 -8 0
428 492 718 375 -8 8 0
420 500 715 372 0 -8 0
420 492 712 369 -8 0 0
412 492 709 366 0 8 0
412 500 706 363 0 8 0
412 508 703 360 -8 -8 0
404 500 700 357 0 0 0
404 500 697 354 0 -8 0
404 492 694 351 -8 -8 0
396 484 691 348 0 0 0
396 484 688 345 -8 8 0
388 492 685 342 0 8 0
388 500 682 339 0 8 0
388 508 679 336 -8 0 0
380 508 676 333 0 0 0
380 508 673 330 0 8 0
380 516 670 327 -8 -8 0
372 508 667 324 0 8 0
372 516 664 321 -8 8 0
364 524 661 318 0 -8 0
364 516 658 315 0 8 0
364 524 655 312 -8 8 0
356 532 652 309 0 8 0
356 540 649 306 0 8 0
356 540 646 303 -8 8 0
348 540 643 300 0 8 0
348 540 640 297 -8 8 0
340 540 637 294 0 8 0
340 540 634 291 0 0 0
340 540 631 288 -8 0 0
332 540 628 285 0 -8 0
332 532 625 282 0 8 0
332 540 622 279 -8 0 0
324 540 619 276 0 0 0
324 540 616 273 -8 0 0
316 540 613 270 0 -8 0
316 532 610 267 0 8 0
316 540 607 264 -8 0 0
308 540 604 261 0 -8 0
308 532 601 258 0 -8 0
308 524 598 255 -8 0 0
300 524 595 252 0 8 0
300 532 592 249 -8 8 0
292 540 589 246 0 0 0
292 540 586 243 0 0 0
292 540 583 240 -8 8 0
284 540 580 237 0 0 0
284 540 577 234 0 -8 0
284 532 574 231 -8 -8 0
276 524 571 228 0 8 0
276 532 568 225 -8 0 0
268 532 565 222 0 -8 0
268 524 562 219 0 8 0
268 532 559 216 -8 0 0
260 532 556 213 0 8 0
260 540 553 210 0 -8 0
260 532 550 207 -8 0 0
252 532 547 204 0 -8 0
252 524 544 201 -8 -8 0
244 516 541 198 0 -8 0
244 508 538 195 0 8 0
244 516 535 192 -8 8 0
236 524 532 189 0 8 0
236 532 529 186 0 0 0
236 532 526 183 -8 -8 0
228 524 523 180 0 -8 0
228 516 520 177 -8 -8 0
220 508 517 174 0 -8 0
220 500 514 171 0 8 0
220 508 511 168 -8 0 0
212 508 508 165 0 -8 0
212 500 505 162 0 8 0
212 508 502 159 -8 8 0
204 516 499 156 0 8 0
204 524 496 153 -8 -8 0
196 516 493 150 0 8 0
196 524 490 147 0 8 0
196 532 487 144 -8 8 0
188 540 484 141 0 8 0
188 540 481 138 0 8 0
188 540 478 135 -8 8 0
180 540 475 132 0 8 0
180 540 472 129 -8 -8 0
172 532 469 126 0 0 0
172 532 466 123 0 8 0
172 540 463 120 -8 8 0
164 540 460 117 0 0 0
164 540 457 114 0 -8 0
164 532 454 111 -8 0 0
156 532 451 108 0 -8 0
156 524 448 105 -8 8 0
148 532 445 102 0 -8 0
148 524 442 99 0 8 0
148 532 439 96 -8 -8 0
140 524 436 93 0 -8 0
140 516 433 90 0 -8 0
140 508 430 87 -8 0 0
132 508 427 84 0 8 0
132 516 424 81 -8 -8 0
124 508 421 78 0 8 0
124 516 418 75 0 -8 0
124 508 415 72 -8 -8 0
116 500 412 69 0 -8 0
116 492 409 66 0 -8 0
116 484 406 63 -8 -8 0
108 476 403 60 0 0 0
108 476 400 57 -8 8 0
100 484 397 54 0 0 0
100 484 394 51 0 0 0
100 484 391 48 -8 0 0
92 484 388 45 0 0 0
92 484 385 42 0 0 0
92 484 382 39 -8 0 0
84 484 379 36 0 -8 0
84 476 376 33 -8 8 0
76 484 373 30 0 0 0
76 484 370 27 0 -8 0
76 476 367 24 -8 -8 0
68 468 364 21 0 -8 0
68 460 361 18 0 8 0
68 468 358 15 -8 -8 0
60 460 355 12 0 -8 0
60 452 352 9 -8 0 0
60 452 349 12 0 8 0
60 460 346 15 0 8 0
60 468 343 18 0 0 0
60 468 340 21 0 -8 0
60 460 337 24 0 -8 0
60 452 334 27 0 8 0
60 460 331 30 0 8 0
60 468 328 33 0 0 0
60 468 325 36 0 0 0
60 468 322 39 0 -8 0
60 460 319 42 0 8 0
60 468 316 45 0 8 0
60 476 313 48 0 0 0
60 476 310 51 0 8 0
60 484 307 54 0 8 0
60 492 304 57 0 -8 0
60 484 301 60 0 0 0
60 484 298 63 0 8 0
60 492 295 66 0 -8 0
60 484 292 69 0 -8 0
60 476 289 72 0 -8 0
60 468 286 75 0 8 0
60 476 283 78 0 8 0
60 484 280 81 0 -8 0
60 476 277 84 0 -8 0
60 468 274 87 0 8 0
60 476 271 90 0 8 0
60 484 268 93 0 8 0
60 492 265 96 0 -8 0
60 484 262 99 0 0 0
60 484 259 102 0 8 0
60 492 256 105 0 0 0
60 492 253 108 0 8 0
60 500 250 111 8 8 0
68 508 247 114 0 0 0
68 508 244 117 0 -8 0
68 500 241 120 8 0 0
76 500 238 123 0 0 0
76 500 235 126 0 -8 0
76 492 232 129 8 0 0
84 492 229 132 0 8 0
84 500 226 135 8 0 0
92 500 223 138 0 0 0
92 500 220 141 0 8 0
92 508 217 144 8 -8 0
100 500 214 147 0 0 0
100 500 211 150 0 8 0
100 508 208 153 8 8 0
108 516 205 156 0 -8 0
108 508 202 159 8 -8 0
116 500 199 162 0 0 0
116 500 196 165 0 -8 0
116 492 193 168 8 0 0
124 492 190 171 0 -8 0
124 484 187 174 0 0 0
124 484 184 177 8 0 0
132 484 181 180 0 -8 0
132 476 178 183 8 0 0
140 476 175 186 0 0 0
140 476 172 189 0 8 0
140 484 169 192 8 8 0
148 492 166 195 0 -8 0
148 484 163 198 0 -8 0
148 476 160 201 8 0 0
156 476 157 204 0 -8 0
156 468 154 207 8 0 0
164 468 151 210 0 0 0
164 468 148 213 0 8 0
164 476 145 216 8 0 0
172 476 142 219 0 8 0
172 484 139 222 0 8 0
172 492 136 225 8 8 0
180 500 133 228 0 0 0
180 500 130 231 8 8 0
188 508 127 234 0 -8 0
188 500 124 237 0 0 0
188 500 121 240 8 -8 0
196 492 118 243 0 8 0
196 500 115 246 0 -8 0
196 492 112 249 8 0 0
204 492 109 252 0 8 0
204 500 106 255 8 8 0
212 508 103 258 0 8 0
212 516 100 261 0 0 0
212 516 97 264 8 0 0
220 516 94 267 0 0 0
220 516 91 270 0 -8 0
220 508 88 273 8 0 0
228 508 85 276 0 8 0
228 516 82 279 8 8 0
236 524 79 282 0 -8 0
236 516 76 285 0 8 0
236 524 73 288 8 8 0
244 532 70 291 0 0 0
244 532 67 294 0 8 0
244 540 64 297 8 -8 0
252 532 61 300 0 -8 0
252 524 58 303 8 -8 0
260 516 55 306 0 0 0
260 516 52 309 0 8 0
260 524 49 312 8 -8 0
268 516 46 315 0 0 0
268 516 43 318 0 -8 0
268 508 40 321 8 0 0
276 508 37 324 0 8 0
276 516 34 327 8 8 0
284 524 31 330 0 8 0
284 532 28 333 0 8 0
284 540 25 336 8 8 0
292 540 22 339 0 8 0
292 540 19 342 0 8 0
292 540 22 345 8 -8 0
300 532 25 348 0 0 0
300 532 28 351 8 0 0
308 532 31 354 0 0 0
308 532 34 357 0 0 0
308 532 37 360 8 0 0
316 532 40 363 0 0 0
316 532 43 366 0 -8 0
316 524 46 369 8 -8 0
324 516 49 372 0 -8 0
324 508 52 375 8 8 0
332 516 55 378 0 8 0
332 524 58 381 0 0 0
332 524 61 384 8 8 0
340 532 64 387 0 8 0
340 540 67 390 0 8 0
340 540 70 393 8 0 0
348 540 73 396 0 8 0
348 540 76 399 8 -8 0
356 532 79 402 0 8 0
356 540 82 405 0 0 0
356 540 85 408 8 8 0
364 540 88 411 0 -8 0
364 532 91 414 0 8 0
364 540 94 417 8 8 0
372 540 97 420 0 -8 0
372 532 100 423 8 -8 0
380 524 103 426 0 0 0
380 524 106 429 0 8 0
380 532 109 432 8 8 0
388 540 112 435 0 0 0
388 540 115 438 0 8 0
388 540 118 441 8 -8 0
396 532 121 444 0 0 0
396 532 124 447 8 0 0
404 532 127 450 0 0 0
404 532 130 453 0 0 0
404 532 133 456 8 8 0
412 540 136 459 0 8 0
412 540 139 462 0 -8 0
412 532 142 465 8 -8 0
420 524 145 468 0 0 0
420 524 148 471 8 -8 0
428 516 151 474 0 8 0
428 524 154 477 0 8 0
428 532 157 480 8 0 0
436 532 160 483 0 -8 0
436 524 163 486 0 0 0
436 524 166 489 8 0 0
444 524 169 492 0 8 0
444 532 172 495 8 0 0
452 532 175 498 0 -8 0
452 524 178 501 0 -8 0
452 516 181 504 8 -8 0
460 508 184 507 0 0 0
460 508 187 510 0 0 0
460 508 190 513 8 8 0
468 516 193 516 0 -8 0
468 508 196 519 8 -8 0
476 500 199 522 0 -8 0
476 492 202 525 0 8 0
476 500 205 528 8 8 0
484 508 208 531 0 -8 0
484 500 211 534 0 -8 0
484 492 214 537 8 8 0
492 500 217 540 0 0 0
492 500 220 543 8 0 0
500 500 223 546 0 0 0
500 500 226 549 0 0 0
500 500 229 552 8 -8 0
508 492 232 555 0 0 0
508 492 235 558 0 8 0
508 500 238 561 8 -8 0
516 492 241 564 0 -8 0
516 484 244 567 8 8 0
524 492 247 570 0 -8 0
524 484 250 573 0 0 0
524 484 253 576 8 0 0
532 484 256 579 0 8 0
532 492 259 582 0 0 0
532 492 262 585 8 0 0
540 492 265 588 0 0 0
540 492 268 591 8 -8 0
540 484 271 588 0 -8 0
540 476 274 585 0 8 0
540 484 277 582 0 -8 0
540 476 280 579 0 -8 0
540 468 283 576 0 8 0
540 476 286 573 0 -8 0
540 468 289 570 0 8 0
540 476 292 567 0 -8 0
540 468 295 564 0 8 0
540 476 298 561 0 8 0
540 484 301 558 0 -8 0
540 476 304 555 0 0 0
540 476 307 552 0 0 0
540 476 310 549 0 8 0
540 484 313 546 0 -8 0
540 476 316 543 0 -8 0
540 468 319 540 0 8 0
540 476 322 537 0 8 0
540 484 325 534 0 0 0
540 484 328 531 0 -8 0
540 476 331 528 0 8 0
540 484 334 525 0 8 0
540 492 337 522 0 8 0
540 500 340 519 0 -8 0
540 492 343 516 0 8 0
540 500 346 513 0 -8 0
540 492 349 510 0 0 0
540 492 352 507 0 0 0
540 492 355 504 0 8 0
540 500 358 501 0 0 0
540 500 361 498 0 -8 0
540 492 364 495 0 8 0
540 500 367 492 0 -8 0
540 492 370 489 -8 8 0
532 500 373 486 0 -8 0
532 492 376 483 0 -8 0
532 484 379 480 -8 8 0
524 492 382 477 0 -8 0
524 484 385 474 0 -8 0
524 476 388 471 -8 8 0
516 484 391 468 0 8 0
516 492 394 465 -8 8 0
508 500 397 462 0 -8 0
508 492 400 459 0 -8 0
508 484 403 456 -8 -8 0
500 476 406 453 0 8 0
500 484 409 450 0 0 0
500 484 412 447 -8 8 0
492 492 415 444 0 0 0
492 492 418 441 -8 -8 0
484 484 421 438 0 -8 0
484 476 424 435 0 -8 0
484 468 427 432 -8 0 0
476 468 430 429 0 -8 0
476 460 433 426 0 -8 0
476 452 436 423 -8 8 0
468 460 439 420 0 -8 0
468 452 442 417 -8 8 0
460 460 445 414 0 0 0
460 460 448 411 0 0 0
460 460 451 408 -8 0 0
452 460 454 405 0 0 0
452 460 457 402 0 0 0
452 460 460 399 -8 0 0
444 460 463 396 0 -8 0
444 452 466 393 -8 8 0
436 460 469 390 0 8 0
436 468 472 387 0 -8 0
436 460 475 384 -8 -8 0
428 452 478 381 0 -8 0
428 444 481 378 0 -8 0
428 436 484 375 -8 -8 0
420 428 487 372 0 -8 0
420 420 490 369 -8 8 0
412 428 493 366 0 0 0
412 428 496 363 0 8 0
412 436 499 360 -8 0 0
404 436 502 357 0 0 0
404 436 505 354 0 0 0
404 436 508 351 -8 -8 0
396 428 511 348 0 -8 0
396 420 514 345 -8 8 0
388 428 517 342 0 8 0
388 436 520 339 0 -8 0
388 428 523 336 -8 -8 0
380 420 526 333 0 8 0
380 428 529 330 0 -8 0
380 420 532 327 -8 0 0
372 420 535 324 0 -8 0
372 412 538 321 -8 8 0
364 420 541 318 0 8 0
364 428 544 315 0 0 0
364 428 547 312 -8 0 0
356 428 550 309 0 0 0
356 428 553 306 0 -8 0
356 420 556 303 -8 0 0
348 420 559 300 0 8 0
348 428 562 297 -8 -8 0
340 420 565 294 0 8 0
340 428 568 291 0 -8 0
340 420 571 288 -8 -8 0
332 412 574 285 0 0 0
332 412 577 282 0 8 0
332 420 580 279 -8 0 0
324 420 583 276 0 -8 0
324 412 586 273 -8 8 0
316 420 589 270 0 -8 0
316 412 592 267 0 0 0
316 412 595 264 -8 -8 0
308 404 598 261 0 -8 0
308 396 601 258 0 8 0
308 404 604 255 -8 0 0
300 404 607 252 0 -8 0
300 396 610 249 -8 8 0
292 404 613 246 0 -8 0
292 396 616 243 0 8 0
292 404 619 240 -8 0 0
284 404 622 237 0 0 0
284 404 625 234 0 -8 0
284 396 628 231 -8 0 0
276 396 631 228 0 -8 0
276 388 634 225 -8 -8 0
268 380 637 222 0 0 0
268 380 640 219 0 8 0
268 388 643 216 -8 8 0
260 396 646 213 0 8 0
260 404 649 210 0 -8 0
260 396 652 207 -8 8 0
252 404 655 204 0 0 0
252 404 658 201 -8 0 0
244 404 661 198 0 8 0
244 412 664 195 0 8 0
244 420 667 192 -8 0 0
236 420 670 189 0 8 0
236 428 673 186 0 -8 0
236 420 676 183 -8 8 0
228 428 679 180 0 -8 0
228 420 682 177 -8 -8 0
220 412 685 174 0 8 0
220 420 688 171 0 8 0
220 428 691 168 -8 -8 0
212 420 694 165 0 8 0
212 428 697 162 0 0 0
212 428 700 159 -8 8 0
204 436 703 156 0 0 0
204 436 706 153 -8 8 0
196 444 709 150 0 8 0
196 452 712 147 0 0 0
196 452 715 144 -8 8 0
188 460 718 141 0 -8 0
188 452 721 138 0 -8 0
188 444 724 135 -8 0 0
180 444 727 132 0 0 0
180 444 730 129 -8 8 0
172 452 733 126 0 8 0
172 460 736 123 0 0 0
172 460 739 120 -8 0 0
164 460 742 117 0 -8 0
164 452 745 114 0 8 0
164 460 748 111 -8 8 0
156 468 751 108 0 0 0
156 468 754 105 -8 8 0
148 476 757 102 0 8 0
148 484 760 99 0 8 0
148 492 763 96 -8 0 0
140 492 766 93 0 -8 0
140 484 769 90 0 8 0
140 492 772 87 -8 -8 0
132 484 775 84 0 0 0
132 484 778 81 -8 0 0
124 484 781 78 0 0 1
124 484 781 78 0 0 1
124 484 781 78 0 0 1
124 484 781 78 0 0 1
124 484 781 78 0 0 1
