534 412 112 441 0 0 0
534 412 109 438 -8 0 0
526 412 106 435 -8 0 0
518 412 103 432 -8 0 0
510 412 100 429 -8 8 0
502 420 97 426 -8 8 0
494 428 94 423 -8 0 0
486 428 91 420 -8 -8 0
478 420 88 417 -8 -8 0
470 412 85 414 -8 -8 0
462 404 82 411 -8 8 0
454 412 79 408 0 -8 0
454 404 76 405 0 -8 0
454 396 73 402 -8 8 0
446 404 70 399 0 0 0
446 404 67 396 0 0 0
446 404 64 393 -8 8 0
438 412 61 390 0 8 0
438 420 58 387 -8 0 0
430 420 55 384 0 0 0
430 420 52 381 0 8 0
430 428 49 378 -8 -8 0
422 420 46 375 0 8 0
422 428 43 372 0 8 0
422 436 40 369 -8 8 0
414 444 37 366 0 -8 0
414 436 34 363 -8 0 0
406 436 31 360 0 0 0
406 436 28 357 0 8 0
406 444 25 354 -8 0 0
398 444 22 351 0 0 0
398 444 19 348 0 0 0
398 444 22 345 -8 8 0
390 452 25 342 0 8 0
390 460 28 339 -8 0 0
382 460 31 336 0 0 0
382 460 34 333 0 8 0
382 468 37 330 -8 0 0
374 468 40 327 0 0 0
374 468 43 324 0 0 0
374 468 46 321 -8 0 0
366 468 49 318 0 0 0
366 468 52 315 -8 8 0
358 476 55 312 0 8 0
358 484 58 309 0 0 0
358 484 61 306 -8 0 0
350 484 64 303 0 0 0
350 484 67 300 0 8 0
350 492 70 297 -8 0 0
342 492 73 294 0 0 0
342 492 76 291 -8 8 0
334 500 79 288 0 -8 0
334 492 82 285 0 8 0
334 500 85 282 -8 0 0
326 500 88 279 0 0 0
326 500 91 276 0 0 0
326 500 94 273 -8 8 0
318 508 97 270 0 -8 0
318 500 100 267 -8 0 0
310 500 103 264 0 8 0
310 508 106 261 0 0 0
310 508 109 258 -8 0 0
302 508 112 255 0 0 0
302 508 115 252 0 0 0
302 508 118 249 -8 -8 0
294 500 121 246 0 -8 0
294 492 124 243 -8 0 0
286 492 127 240 0 0 0
286 492 130 237 0 -8 0
286 484 133 234 -8 0 0
278 484 136 231 0 0 0
278 484 139 228 0 8 0
278 492 142 225 -8 -8 0
270 484 145 222 0 -8 0
270 476 148 219 -8 0 0
262 476 151 216 0 8 0
262 484 154 213 0 0 0
262 484 157 210 -8 8 0
254 492 160 207 0 -8 0
254 484 163 204 0 -8 0
254 476 166 201 -8 8 0
246 484 169 198 0 0 0
246 484 172 195 -8 8 0
238 492 175 192 0 8 0
238 500 178 189 0 0 0
238 500 181 186 -8 8 0
230 508 184 183 0 0 0
230 508 187 180 0 0 0
230 508 190 177 -8 0 0
222 508 193 174 0 0 0
222 508 196 171 -8 8 0
214 516 199 168 0 0 0
214 516 202 165 0 -8 0
214 508 205 162 -8 -8 0
206 500 208 159 0 8 0
206 508 211 156 0 8 0
206 516 214 153 -8 8 0
198 524 217 150 0 -8 0
198 516 220 147 -8 0 0
190 516 223 144 0 8 0
190 524 226 141 0 -8 0
190 516 229 138 -8 8 0
182 524 232 135 0 8 0
182 532 235 132 0 8 0
182 540 238 129 -8 0 0
174 540 241 126 0 8 0
174 540 244 123 -8 -8 0
166 532 247 120 0 -8 0
166 524 250 117 0 8 0
166 532 253 114 -8 8 0
158 540 256 111 0 -8 0
158 532 259 108 0 -8 0
158 524 262 105 -8 8 0
150 532 265 102 0 0 0
150 532 268 99 -8 8 0
142 540 271 96 0 0 0
142 540 274 93 0 0 0
142 540 277 90 -8 -8 0
134 532 280 87 0 -8 0
134 524 283 84 0 0 0
134 524 286 81 -8 0 0
126 524 289 78 0 8 0
126 532 292 75 -8 0 0
118 532 295 72 0 -8 0
118 524 298 69 0 0 0
118 524 301 66 -8 0 0
110 524 304 63 0 -8 0
110 516 307 60 0 0 0
110 516 310 57 -8 8 0
102 524 313 54 0 -8 0
102 516 316 51 -8 -8 0
94 508 319 48 0 -8 0
94 500 322 45 0 8 0
94 508 325 42 -8 -8 0
86 500 328 39 0 0 0
86 500 331 36 0 0 0
86 500 334 33 -8 0 0
78 500 337 30 0 -8 0
78 492 340 27 -8 0 0
70 492 343 24 0 8 0
70 500 346 21 0 0 0
70 500 349 18 -8 0 0
62 500 352 15 0 0 0
62 500 355 12 0 0 0
62 500 358 9 -8 -8 0
60 492 361 12 0 8 0
60 500 364 15 0 8 0
60 508 367 18 0 8 0
60 516 370 21 0 -8 0
60 508 373 24 0 -8 0
60 500 376 27 0 0 0
60 500 379 30 0 -8 0
60 492 382 33 0 0 0
60 492 385 36 0 8 0
60 500 388 39 0 -8 0
60 492 391 42 0 -8 0
60 484 394 45 0 0 0
60 484 397 48 0 -8 0
60 476 400 51 0 8 0
60 484 403 54 0 0 0
60 484 406 57 0 -8 0
60 476 409 60 0 -8 0
60 468 412 63 0 0 0
60 468 415 66 0 -8 0
60 460 418 69 0 8 0
60 468 421 72 0 -8 0
60 460 424 75 0 -8 0
60 452 427 78 0 -8 0
60 444 430 81 0 8 0
60 452 433 84 0 -8 0
60 444 436 87 0 8 0
60 452 439 90 0 -8 0
60 444 442 93 0 0 0
60 444 445 96 0 8 0
60 452 448 99 0 8 0
60 460 451 102 0 8 0
60 468 454 105 0 8 0
60 476 457 108 0 0 0
60 476 460 111 8 8 0
68 484 463 114 0 8 0
68 492 466 117 0 8 0
68 500 469 120 8 8 0
76 508 472 123 0 0 0
76 508 475 126 0 8 0
76 516 478 129 8 8 0
84 524 481 132 0 8 0
84 532 484 135 8 8 0
92 540 487 138 0 8 0
92 540 490 141 0 -8 0
92 532 493 144 8 -8 0
100 524 496 147 0 -8 0
100 516 499 150 0 -8 0
100 508 502 153 8 -8 0
108 500 505 156 0 8 0
108 508 508 159 8 -8 0
116 500 511 162 0 -8 0
116 492 514 165 0 8 0
116 500 517 168 8 8 0
124 508 520 171 0 -8 0
124 500 523 174 0 0 0
124 500 526 177 8 8 0
132 508 529 180 0 -8 0
132 500 532 183 8 8 0
140 508 535 186 0 0 0
140 508 538 189 0 0 0
140 508 541 192 8 8 0
148 516 544 195 0 8 0
148 524 547 198 0 -8 0
148 516 550 201 8 0 0
156 516 553 204 0 -8 0
156 508 556 207 8 8 0
164 516 559 210 0 -8 0
164 508 562 213 0 8 0
164 516 565 216 8 -8 0
172 508 568 219 0 0 0
172 508 571 222 0 8 0
172 516 574 225 8 -8 0
180 508 577 228 0 0 0
180 508 580 231 8 0 0
188 508 583 234 0 8 0
188 516 586 237 0 -8 0
188 508 589 240 8 0 0
196 508 592 243 0 -8 0
196 500 595 246 0 0 0
196 500 598 249 8 8 0
204 508 601 252 0 -8 0
204 500 604 255 8 -8 0
212 492 607 258 0 -8 0
212 484 610 261 0 -8 0
212 476 613 264 8 -8 0
220 468 616 267 0 -8 0
220 460 619 270 0 8 0
220 468 622 273 8 8 0
228 476 625 276 0 -8 0
228 468 628 279 8 -8 0
236 460 631 282 0 0 0
236 460 634 285 0 0 0
236 460 637 288 8 -8 0
244 452 640 291 0 -8 0
244 444 643 294 0 0 0
244 444 646 297 8 0 0
252 444 649 300 0 0 0
252 444 652 303 8 0 0
260 444 655 306 0 8 0
260 452 658 309 0 8 0
260 460 661 312 8 -8 0
268 452 664 315 0 8 0
268 460 667 318 0 -8 0
268 452 670 321 8 0 0
276 452 673 324 0 8 0
276 460 676 327 8 0 0
284 460 679 330 0 8 0
284 468 682 333 0 8 0
284 476 685 336 8 8 0
292 484 688 339 0 8 0
292 492 691 342 0 -8 0
292 484 694 345 8 -8 0
300 476 697 348 0 -8 0
300 468 700 351 8 8 0
308 476 703 354 0 0 0
308 476 706 357 0 -8 0
308 468 709 360 8 -8 0
316 460 712 363 0 -8 0
316 452 715 366 0 -8 0
316 444 718 369 8 0 0
324 444 721 372 0 -8 0
324 436 724 375 8 0 0
332 436 727 378 0 8 0
332 444 730 381 0 0 0
332 444 733 384 8 0 0
340 444 736 387 0 0 0
340 444 739 390 0 -8 0
340 436 742 393 8 8 0
348 444 745 396 0 0 0
348 444 748 399 8 -8 0
356 436 751 402 0 -8 0
356 428 754 405 0 -8 0
356 420 757 408 8 8 0
364 428 760 411 0 8 0
364 436 763 414 0 0 0
364 436 766 417 8 0 0
372 436 769 420 0 -8 0
372 428 772 423 8 0 0
380 428 775 426 0 8 0
380 436 778 429 0 -8 0
380 428 781 432 8 8 0
388 436 778 435 0 0 0
388 436 775 438 0 8 0
388 444 772 441 8 0 0
396 444 769 444 0 -8 0
396 436 766 447 8 8 0
404 444 763 450 0 0 0
404 444 760 453 0 8 0
404 452 757 456 8 -8 0
412 444 754 459 0 8 0
412 452 751 462 0 -8 0
412 444 748 465 8 -8 0
420 436 745 468 0 8 0
420 444 742 471 8 8 0
428 452 739 474 0 0 0
428 452 736 477 0 -8 0
428 444 733 480 8 0 0
436 444 730 483 0 -8 0
436 436 727 486 0 0 0
436 436 724 489 8 0 0
444 436 721 492 0 0 0
444 436 718 495 8 0 0
452 436 715 498 0 8 0
452 444 712 501 0 8 0
452 452 709 504 8 -8 0
460 444 706 507 0 8 0
460 452 703 510 0 -8 0
460 444 700 513 8 0 0
468 444 697 516 0 8 0
468 452 694 519 8 -8 0
476 444 691 522 0 -8 0
476 436 688 525 0 0 0
476 436 685 528 8 8 0
484 444 682 531 0 8 0
484 452 679 534 0 8 0
484 460 676 537 8 8 0
492 468 673 540 0 0 0
492 468 670 543 8 -8 0
500 460 667 546 0 -8 0
500 452 664 549 0 -8 0
500 444 661 552 8 8 0
508 452 658 555 0 0 0
508 452 655 558 0 -8 0
508 444 652 561 8 0 0
516 444 649 564 0 8 0
516 452 646 567 8 8 0
524 460 643 570 0 8 0
524 468 640 573 0 8 0
524 476 637 576 8 0 0
532 476 634 579 0 0 0
532 476 631 582 0 8 0
532 484 628 585 8 -8 0
540 476 625 588 0 -8 0
540 468 622 591 8 0 0
540 468 619 588 0 -8 0
540 460 616 585 0 8 0
540 468 613 582 0 -8 0
540 460 610 579 0 8 0
540 468 607 576 0 -8 0
540 460 604 573 0 -8 0
540 452 601 570 0 8 0
540 460 598 567 0 0 0
540 460 595 564 0 8 0
540 468 592 561 0 8 0
540 476 589 558 0 8 0
540 484 586 555 0 -8 0
540 476 583 552 0 0 0
540 476 580 549 0 0 0
540 476 577 546 0 -8 0
540 468 574 543 0 -8 0
540 460 571 540 0 0 0
540 460 568 537 0 0 0
540 460 565 534 0 -8 0
540 452 562 531 0 8 0
540 460 559 528 0 -8 0
540 452 556 525 0 0 0
540 452 553 522 0 8 0
540 460 550 519 0 -8 0
540 452 547 516 0 -8 0
540 444 544 513 0 -8 0
540 436 541 510 0 0 0
540 436 538 507 0 -8 0
540 428 535 504 0 8 0
540 436 532 501 0 8 0
540 444 529 498 0 -8 0
540 436 526 495 0 0 0
540 436 523 492 0 -8 0
540 428 520 489 -8 -8 0
532 420 517 486 0 8 0
532 428 514 483 0 8 0
532 436 511 480 -8 0 0
524 436 508 477 0 0 0
524 436 505 474 0 8 0
524 444 502 471 -8 0 0
516 444 499 468 0 8 0
516 452 496 465 -8 -8 0
508 444 493 462 0 8 0
508 452 490 459 0 -8 0
508 444 487 456 -8 0 0
500 444 484 453 0 8 0
500 452 481 450 0 8 0
500 460 478 447 -8 -8 0
492 452 475 444 0 -8 0
492 444 472 441 -8 8 0
484 452 469 438 0 8 0
484 460 466 435 0 8 0
484 468 463 432 -8 0 0
476 468 460 429 0 8 0
476 476 457 426 0 8 0
476 484 454 423 -8 0 0
468 484 451 420 0 8 0
468 492 448 417 -8 -8 0
460 484 445 414 0 0 0
460 484 442 411 0 8 0
460 492 439 408 -8 0 0
452 492 436 405 0 8 0
452 500 433 402 0 8 0
452 508 430 399 -8 8 0
444 516 427 396 0 0 0
444 516 424 393 -8 -8 0
436 508 421 390 0 -8 0
436 500 418 387 0 0 0
436 500 415 384 -8 8 0
428 508 412 381 0 0 0
428 508 409 378 0 0 0
428 508 406 375 -8 8 0
420 516 403 372 0 0 0
420 516 400 369 -8 -8 0
412 508 397 366 0 8 0
412 516 394 363 0 -8 0
412 508 391 360 -8 8 0
404 516 388 357 0 0 0
404 516 385 354 0 0 0
404 516 382 351 -8 8 0
396 524 379 348 0 8 0
396 532 376 345 -8 0 0
388 532 373 342 0 0 0
388 532 370 339 0 -8 0
388 524 367 336 -8 8 0
380 532 364 333 0 -8 0
380 524 361 330 0 -8 0
380 516 358 327 -8 0 0
372 516 355 324 0 -8 0
372 508 352 321 -8 0 0
364 508 349 318 0 8 0
364 516 346 315 0 -8 0
364 508 343 312 -8 0 0
356 508 340 309 0 -8 0
356 500 337 306 0 -8 0
356 492 334 303 -8 8 0
348 500 331 300 0 8 0
348 508 328 297 -8 0 0
340 508 325 294 0 0 0
340 508 322 291 0 0 0
340 508 319 288 -8 0 0
332 508 316 285 0 8 0
332 516 313 282 0 0 0
332 516 310 279 -8 8 0
324 524 307 276 0 8 0
324 532 304 273 -8 -8 0
316 524 301 270 0 0 0
316 524 298 267 0 8 0
316 532 295 264 -8 8 0
308 540 292 261 0 8 0
308 540 289 258 0 0 0
308 540 286 255 -8 0 0
300 540 283 252 0 8 0
300 540 280 249 -8 -8 0
292 532 277 246 0 0 0
292 532 274 243 0 8 0
292 540 271 240 -8 0 0
284 540 268 237 0 0 0
284 540 265 234 0 8 0
284 540 262 231 -8 8 0
276 540 259 228 0 8 0
276 540 256 225 -8 0 0
268 540 253 222 0 0 0
268 540 250 219 0 -8 0
268 532 247 216 -8 0 0
260 532 244 213 0 8 0
260 540 241 210 0 8 0
260 540 238 207 -8 -8 0
252 532 235 204 0 8 0
252 540 232 201 -8 0 0
244 540 229 198 0 -8 0
244 532 226 195 0 8 0
244 540 223 192 -8 0 0
236 540 220 189 0 8 0
236 540 217 186 0 -8 0
236 532 214 183 -8 0 0
228 532 211 180 0 8 0
228 540 208 177 -8 -8 0
220 532 205 174 0 0 0
220 532 202 171 0 8 0
220 540 199 168 -8 0 0
212 540 196 165 0 8 0
212 540 193 162 0 -8 0
212 532 190 159 -8 0 0
204 532 187 156 0 8 0
204 540 184 153 -8 8 0
196 540 181 150 0 -8 0
196 532 178 147 0 0 0
196 532 175 144 -8 8 0
188 540 172 141 0 8 0
188 540 169 138 0 0 0
188 540 166 135 -8 -8 0
180 532 163 132 0 8 0
180 540 160 129 -8 -8 0
172 532 157 126 0 8 0
172 540 154 123 0 0 0
172 540 151 120 -8 -8 0
164 532 148 117 0 -8 0
164 524 145 114 0 -8 0
164 516 142 111 -8 8 0
156 524 139 108 0 -8 0
156 516 136 105 -8 8 0
148 524 133 102 0 -8 0
148 516 130 99 0 0 0
148 516 127 96 -8 -8 0
140 508 124 93 0 -8 0
140 500 121 90 0 0 0
140 500 118 87 -8 -8 0
132 492 115 84 0 0 0
132 492 112 81 -8 -8 0
124 484 109 78 0 -8 0
124 476 106 75 0 -8 0
124 468 103 72 -8 -8 0
116 460 100 69 0 0 0
116 460 97 66 0 0 0
116 460 94 63 -8 0 0
108 460 91 60 0 0 0
108 460 88 57 -8 -8 0
100 452 85 54 0 -8 0
100 444 82 51 0 8 0
100 452 79 48 -8 0 0
92 452 76 45 0 8 0
92 460 73 42 0 0 0
92 460 70 39 -8 -8 0
84 452 67 36 0 0 0
84 452 64 33 -8 0 0
76 452 61 30 0 8 0
76 460 58 27 0 -8 0
76 452 55 24 -8 0 0
68 452 52 21 0 0 0
68 452 49 18 0 0 0
68 452 46 15 -8 8 0
60 460 43 12 0 8 0
60 468 40 9 -8 8 0
60 476 37 12 0 0 0
60 476 34 15 0 0 0
60 476 31 18 0 0 0
60 476 28 21 0 0 0
60 476 25 24 0 8 0
60 484 22 27 0 0 0
60 484 19 30 0 8 0
60 492 22 33 0 0 0
60 492 25 36 0 0 0
60 492 28 39 0 0 0
60 492 31 42 0 0 0
60 492 34 45 0 -8 0
60 484 37 48 0 -8 0
60 476 40 51 0 8 0
60 484 43 54 0 8 0
60 492 46 57 0 -8 0
60 484 49 60 0 0 0
60 484 52 63 0 0 0
60 484 55 66 0 0 0
60 484 58 69 0 -8 0
60 476 61 72 0 8 0
60 484 64 75 0 -8 0
60 476 67 78 0 8 0
60 484 70 81 0 0 0
60 484 73 84 0 8 0
60 492 76 87 0 8 0
60 500 79 90 0 -8 0
60 492 82 93 0 8 0
60 500 85 96 0 -8 0
60 492 88 99 0 -8 0
60 484 91 102 0 -8 0
60 476 94 105 0 8 0
60 484 97 108 0 8 0
60 492 100 111 8 0 0
68 492 103 114 0 -8 0
68 484 106 117 0 0 0
68 484 109 120 8 -8 0
76 476 112 123 0 0 0
76 476 115 126 0 0 0
76 476 118 129 8 8 0
84 484 121 132 0 -8 0
84 476 124 135 8 0 0
92 476 127 138 0 -8 0
92 468 130 141 0 0 0
92 468 133 144 8 8 0
100 476 136 147 0 0 0
100 476 139 150 0 -8 0
100 468 142 153 8 -8 0
108 460 145 156 0 8 0
108 468 148 159 8 8 0
116 476 151 162 0 8 0
116 484 154 165 0 8 0
116 492 157 168 8 -8 0
124 484 160 171 0 8 0
124 492 163 174 0 0 0
124 492 166 177 8 -8 0
132 484 169 180 0 -8 0
132 476 172 183 8 -8 0
140 468 175 186 0 -8 0
140 460 178 189 0 8 0
140 468 181 192 8 -8 0
148 460 184 195 0 -8 0
148 452 187 198 0 8 0
148 460 190 201 8 8 0
156 468 193 204 0 8 0
156 476 196 207 8 8 0
164 484 199 210 0 0 0
164 484 202 213 0 8 0
164 492 205 216 8 0 0
172 492 208 219 0 0 0
172 492 211 222 0 8 0
172 500 214 225 8 8 0
180 508 217 228 0 0 0
180 508 220 231 8 0 0
188 508 223 234 0 0 0
188 508 226 237 0 0 0
188 508 229 240 8 8 0
196 516 232 243 0 8 0
196 524 235 246 0 -8 0
196 516 238 249 8 0 0
204 516 241 252 0 0 0
204 516 244 255 8 -8 0
212 508 247 258 0 8 0
212 516 250 261 0 8 0
212 524 253 264 8 8 0
220 532 256 267 0 8 0
220 540 259 270 0 8 0
220 540 262 273 8 -8 0
228 532 265 276 0 8 0
228 540 268 279 8 8 0
236 540 271 282 0 8 0
236 540 274 285 0 0 0
236 540 277 288 8 -8 0
244 532 280 291 0 0 0
244 532 283 294 0 -8 0
244 524 286 297 8 0 0
252 524 289 300 0 -8 0
252 516 292 303 8 -8 0
260 508 295 306 0 0 0
260 508 298 309 0 0 0
260 508 301 312 8 8 0
268 516 304 315 0 -8 0
268 508 307 318 0 0 0
268 508 310 321 8 -8 0
276 500 313 324 0 0 0
276 500 316 327 8 8 0
284 508 319 330 0 -8 0
284 500 322 333 0 8 0
284 508 325 336 8 8 0
292 516 328 339 0 -8 0
292 508 331 342 0 8 0
292 516 334 345 8 -8 0
300 508 337 348 0 0 0
300 508 340 351 8 8 0
308 516 343 354 0 0 0
308 516 346 357 0 8 0
308 524 349 360 8 0 0
316 524 352 363 0 -8 0
316 516 355 366 0 0 0
316 516 358 369 8 -8 0
324 508 361 372 0 -8 0
324 500 364 375 8 -8 0
332 492 367 378 0 8 0
332 500 370 381 0 0 0
332 500 373 384 8 8 0
340 508 376 387 0 -8 0
340 500 379 390 0 8 0
340 508 382 393 8 8 0
348 516 385 396 0 -8 0
348 508 388 399 8 8 0
356 516 391 402 0 -8 0
356 508 394 405 0 0 0
356 508 397 408 8 0 0
364 508 400 411 0 0 0
364 508 403 414 0 0 0
364 508 406 417 8 -8 0
372 500 409 420 0 8 0
372 508 412 423 8 -8 0
380 500 415 426 0 8 0
380 508 418 429 0 0 0
380 508 421 432 8 8 0
388 516 424 435 0 8 0
388 524 427 438 0 0 0
388 524 430 441 8 -8 0
396 516 433 444 0 8 0
396 524 436 447 8 -8 0
404 516 439 450 0 -8 0
404 508 442 453 0 8 0
404 516 445 456 8 0 0
412 516 448 459 0 8 0
412 524 451 462 0 8 0
412 532 454 465 8 -8 0
420 524 457 468 0 -8 0
420 516 460 471 8 -8 0
428 508 463 474 0 0 0
428 508 466 477 0 0 0
428 508 469 480 8 -8 0
436 500 472 483 0 -8 0
436 492 475 486 0 -8 0
436 484 478 489 8 8 0
444 492 481 492 0 -8 0
444 484 484 495 8 -8 0
452 476 487 498 0 -8 0
452 468 490 501 0 8 0
452 476 493 504 8 8 0
460 484 496 507 0 0 0
460 484 499 510 0 8 0
460 492 502 513 8 -8 0
468 484 505 516 0 8 0
468 492 508 519 8 8 0
476 500 511 522 0 -8 0
476 492 514 525 0 -8 0
476 484 517 528 8 8 0
484 492 520 531 0 0 0
484 492 523 534 0 -8 0
484 484 526 537 8 0 0
492 484 529 540 0 -8 0
492 476 532 543 8 8 0
500 484 535 546 0 0 0
500 484 538 549 0 8 0
500 492 541 552 8 8 0
508 500 544 555 0 -8 0
508 492 547 558 0 8 0
508 500 550 561 8 0 0
516 500 553 564 0 8 0
516 508 556 567 8 0 0
524 508 559 570 0 -8 0
524 500 562 573 0 0 0
524 500 565 576 8 8 0
532 508 568 579 0 8 0
532 516 571 582 0 8 0
532 524 574 585 8 8 0
540 532 577 588 0 0 0
540 532 580 591 8 0 0
540 532 583 588 0 -8 0
540 524 586 585 0 0 0
540 524 589 582 0 8 0
540 532 592 579 0 -8 0
540 524 595 576 0 -8 0
540 516 598 573 0 0 0
540 516 601 570 0 0 0
540 516 604 567 0 -8 0
540 508 607 564 0 8 0
540 516 610 561 0 8 0
540 524 613 558 0 0 0
540 524 616 555 0 8 0
540 532 619 552 0 8 0
540 540 622 549 0 -8 0
540 532 625 546 0 -8 0
540 524 628 543 0 0 0
540 524 631 540 0 0 0
540 524 634 537 0 8 0
540 532 637 534 0 8 0
540 540 640 531 0 8 0
540 540 643 528 0 0 0
540 540 646 525 0 -8 0
540 532 649 522 0 0 0
540 532 652 519 0 -8 0
540 524 655 516 0 0 0
540 524 658 513 0 8 0
540 532 661 510 0 0 0
540 532 664 507 0 -8 0
540 524 667 504 0 0 0
540 524 670 501 0 8 0
540 532 673 498 0 0 0
540 532 676 495 0 8 0
540 540 679 492 0 8 0
540 540 682 489 -8 8 0
532 540 685 486 0 0 0
532 540 688 483 0 0 0
532 540 691 480 -8 8 0
524 540 694 477 0 0 0
524 540 697 474 0 0 0
524 540 700 471 -8 0 0
516 540 703 468 0 8 0
516 540 706 465 -8 8 0
508 540 709 462 0 8 0
508 540 712 459 0 -8 0
508 532 715 456 -8 -8 0
500 524 718 453 0 8 0
500 532 721 450 0 -8 0
500 524 724 447 -8 8 0
492 532 727 444 0 0 0
492 532 730 441 -8 -8 0
484 524 733 438 0 0 0
484 524 736 435 0 0 0
484 524 739 432 -8 8 0
476 532 742 429 0 0 0
476 532 745 426 0 -8 0
476 524 748 423 -8 0 0
468 524 751 420 0 8 0
468 532 754 417 -8 0 0
460 532 757 414 0 0 0
460 532 760 411 0 -8 0
460 524 763 408 -8 0 0
452 524 766 405 0 0 0
452 524 769 402 0 0 0
452 524 772 399 -8 0 0
444 524 775 396 0 -8 0
444 516 778 393 -8 -8 0
436 508 781 390 0 0 1
436 508 781 390 0 0 1
436 508 781 390 0 0 1
436 508 781 390 0 0 1
436 508 781 390 0 0 1
