192 502 553 249 0 0 0
192 502 550 246 8 -8 0
200 494 547 243 0 -8 0
200 486 544 240 0 8 0
200 494 541 237 0 -8 0
200 486 538 234 0 -8 0
200 478 535 231 0 0 0
200 478 532 228 0 8 0
200 486 529 225 0 8 0
200 494 526 222 0 0 0
200 494 523 219 0 0 0
200 494 520 216 0 -8 0
200 486 517 213 0 -8 0
200 478 514 210 0 -8 0
200 470 511 207 0 8 0
200 478 508 204 0 0 0
200 478 505 201 0 8 0
200 486 502 198 0 0 0
200 486 499 195 0 8 0
200 494 496 192 0 8 0
200 502 493 189 0 8 0
200 510 490 186 0 -8 0
200 502 487 183 0 0 0
200 502 484 180 0 0 0
200 502 481 177 0 8 0
200 510 478 174 0 0 0
200 510 475 171 0 8 0
200 518 472 168 0 -8 0
200 510 469 165 0 0 0
200 510 466 162 0 8 0
200 518 463 159 0 -8 0
200 510 460 156 0 -8 0
200 502 457 153 0 0 0
200 502 454 150 0 -8 0
200 494 451 147 -8 8 0
192 502 448 144 0 0 0
192 502 445 141 -8 0 0
184 502 442 138 0 0 0
184 502 439 135 0 0 0
184 502 436 132 -8 0 0
176 502 433 129 0 -8 0
176 494 430 126 0 -8 0
176 486 427 123 -8 8 0
168 494 424 120 0 8 0
168 502 421 117 -8 0 0
160 502 418 114 0 0 0
160 502 415 111 0 -8 0
160 494 412 108 -8 0 0
152 494 409 105 0 8 0
152 502 406 102 0 0 0
152 502 403 99 -8 8 0
144 510 400 96 0 0 0
144 510 397 93 -8 -8 0
136 502 394 90 0 -8 0
136 494 391 87 0 8 0
136 502 388 84 -8 0 0
128 502 385 81 0 -8 0
128 494 382 78 0 0 0
128 494 379 75 -8 8 0
120 502 376 72 0 -8 0
120 494 373 69 -8 8 0
112 502 370 66 0 -8 0
112 494 367 63 0 -8 0
112 486 364 60 -8 -8 0
104 478 361 57 0 8 0
104 486 358 54 0 -8 0
104 478 355 51 -8 -8 0
96 470 352 48 0 -8 0
96 462 349 45 -8 0 0
88 462 346 42 0 8 0
88 470 343 39 0 -8 0
88 462 340 36 -8 -8 0
80 454 337 33 0 -8 0
80 446 334 30 0 0 0
80 446 331 27 -8 0 0
72 446 328 24 0 0 0
72 446 325 21 -8 8 0
64 454 322 18 0 0 0
64 454 319 15 0 -8 0
64 446 316 12 -8 -8 0
60 438 313 9 -8 8 0
60 446 310 12 0 0 0
60 446 307 15 0 8 0
60 454 304 18 0 -8 0
60 446 301 21 0 8 0
60 454 298 24 0 0 0
60 454 295 27 0 8 0
60 462 292 30 0 -8 0
60 454 289 33 0 -8 0
60 446 286 36 0 8 0
60 454 283 39 0 0 0
60 454 280 42 0 0 0
60 454 277 45 0 -8 0
60 446 274 48 0 0 0
60 446 271 51 0 0 0
60 446 268 54 0 8 0
60 454 265 57 0 0 0
60 454 262 60 0 0 0
60 454 259 63 0 0 0
60 454 256 66 0 -8 0
60 446 253 69 0 0 0
60 446 250 72 0 0 0
60 446 247 75 0 -8 0
60 438 244 78 0 -8 0
60 430 241 81 0 8 0
60 438 238 84 0 8 0
60 446 235 87 0 -8 0
60 438 232 90 0 -8 0
60 430 229 93 0 0 0
60 430 226 96 0 8 0
60 438 223 99 0 0 0
60 438 220 102 0 8 0
60 446 217 105 0 8 0
60 454 214 108 0 -8 0
60 446 211 111 8 8 0
68 454 208 114 0 -8 0
68 446 205 117 0 -8 0
68 438 202 120 8 0 0
76 438 199 123 0 8 0
76 446 196 126 0 -8 0
76 438 193 129 8 8 0
84 446 190 132 0 -8 0
84 438 187 135 8 0 0
92 438 184 138 0 8 0
92 446 181 141 0 8 0
92 454 178 144 8 0 0
100 454 175 147 0 -8 0
100 446 172 150 0 -8 0
100 438 169 153 8 -8 0
108 430 166 156 0 8 0
108 438 163 159 8 8 0
116 446 160 162 0 8 0
116 454 157 165 0 8 0
116 462 154 168 8 8 0
124 470 151 171 0 8 0
124 478 148 174 0 0 0
124 478 145 177 8 0 0
132 478 142 180 0 8 0
132 486 139 183 8 -8 0
140 478 136 186 0 -8 0
140 470 133 189 0 -8 0
140 462 130 192 8 -8 0
148 454 127 195 0 8 0
148 462 124 198 0 0 0
148 462 121 201 8 8 0
156 470 118 204 0 8 0
156 478 115 207 8 8 0
164 486 112 210 0 -8 0
164 478 109 213 0 0 0
164 478 106 216 8 -8 0
172 470 103 219 0 8 0
172 478 100 222 0 0 0
172 478 97 225 8 0 0
180 478 94 228 0 0 0
180 478 91 231 8 -8 0
188 470 88 234 0 0 0
188 470 85 237 0 8 0
188 478 82 240 8 8 0
196 486 79 243 0 8 0
196 494 76 246 0 8 0
196 502 73 249 8 -8 0
204 494 70 252 0 -8 0
204 486 67 255 8 -8 0
212 478 64 258 0 8 0
212 486 61 261 0 0 0
212 486 58 264 8 8 0
220 494 55 267 0 8 0
220 502 52 270 0 8 0
220 510 49 273 8 8 0
228 518 46 276 0 8 0
228 526 43 279 8 -8 0
236 518 40 282 0 8 0
236 526 37 285 0 8 0
236 534 34 288 8 -8 0
244 526 31 291 0 -8 0
244 518 28 294 0 0 0
244 518 25 297 8 8 0
252 526 22 300 0 0 0
252 526 19 303 0 0 1
252 526 19 303 0 0 1
252 526 19 303 0 0 1
252 526 19 303 0 0 1
252 526 19 303 0 0 1
