372 390 559 357 0 0 0
372 390 556 360 0 -8 0
372 382 553 363 0 0 0
372 382 550 366 0 0 0
372 382 547 369 0 -8 0
372 374 544 372 0 8 0
372 382 541 375 0 -8 0
372 374 538 378 0 0 0
372 374 535 381 0 -8 0
372 366 532 384 0 0 0
372 366 529 387 0 -8 0
372 358 526 390 0 8 0
372 366 523 393 0 8 0
372 374 520 396 0 0 0
372 374 517 399 0 0 0
372 374 514 402 0 -8 0
372 366 511 405 0 -8 0
372 358 508 408 0 0 0
372 358 505 411 0 0 0
372 358 502 414 0 0 0
372 358 499 417 0 8 0
372 366 496 420 0 0 0
372 366 493 423 8 0 0
380 366 490 426 0 0 0
380 366 487 429 0 -8 0
380 358 484 432 8 8 0
388 366 481 435 0 -8 0
388 358 478 438 0 8 0
388 366 475 441 8 0 0
396 366 472 444 0 -8 0
396 358 469 447 8 8 0
404 366 466 450 0 8 0
404 374 463 453 0 -8 0
404 366 460 456 8 -8 0
412 358 457 459 0 8 0
412 366 454 462 0 0 0
412 366 451 465 8 8 0
420 374 448 468 0 0 0
420 374 445 471 8 -8 0
428 366 442 474 0 0 0
428 366 439 477 0 -8 0
428 358 436 480 8 0 0
436 358 433 483 0 8 0
436 366 430 486 0 -8 0
436 358 427 489 8 -8 0
444 350 424 492 0 -8 0
444 342 421 495 8 -8 0
452 334 418 498 0 -8 0
452 326 415 501 0 0 0
452 326 412 504 8 8 0
460 334 409 507 0 8 0
460 342 406 510 0 0 0
460 342 403 513 8 -8 0
468 334 400 516 0 8 0
468 342 397 519 8 -8 0
476 334 394 522 0 0 0
476 334 391 525 0 0 0
476 334 388 528 8 8 0
484 342 385 531 0 -8 0
484 334 382 534 0 -8 0
484 326 379 537 8 -8 0
492 318 376 540 0 -8 0
492 310 373 543 8 -8 0
500 302 370 546 0 -8 0
500 294 367 549 0 0 0
500 294 364 552 8 8 0
508 302 361 555 0 0 0
508 302 358 558 0 0 0
508 302 355 561 8 8 0
516 310 352 564 0 8 0
516 318 349 567 8 0 0
524 318 346 570 0 -8 0
524 310 343 573 0 8 0
524 318 340 576 8 -8 0
532 310 337 579 0 -8 0
532 302 334 582 0 -8 0
532 294 331 585 8 -8 0
540 286 328 588 0 8 0
540 294 325 591 8 -8 0
540 286 322 588 0 0 0
540 286 319 585 0 -8 0
540 278 316 582 0 0 0
540 278 313 579 0 -8 0
540 270 310 576 0 -8 0
540 262 307 573 0 -8 0
540 254 304 570 0 8 0
540 262 301 567 0 -8 0
540 254 298 564 0 8 0
540 262 295 561 0 0 0
540 262 292 558 0 8 0
540 270 289 555 0 -8 0
540 262 286 552 0 8 0
540 270 283 549 0 -8 0
540 262 280 546 0 0 0
540 262 277 543 0 -8 0
540 254 274 540 0 -8 0
540 246 271 537 0 -8 0
540 238 268 534 0 0 0
540 238 265 531 0 8 0
540 246 262 528 0 0 0
540 246 259 525 0 0 0
540 246 256 522 0 -8 0
540 238 253 519 0 -8 0
540 230 250 516 0 0 0
540 230 247 513 0 0 0
540 230 244 510 0 0 0
540 230 241 507 0 8 0
540 238 238 504 0 0 0
540 238 235 501 0 -8 0
540 230 232 498 0 8 0
540 238 229 495 0 0 0
540 238 226 492 0 0 0
540 238 223 489 -8 0 0
532 238 220 486 0 0 0
532 238 217 483 0 -8 0
532 230 214 480 -8 -8 0
524 222 211 477 0 -8 0
524 214 208 474 0 0 0
524 214 205 471 -8 0 0
516 214 202 468 0 -8 0
516 206 199 465 -8 8 0
508 214 196 462 0 -8 0
508 206 193 459 0 0 0
508 206 190 456 -8 -8 0
500 198 187 453 0 8 0
500 206 184 450 0 8 0
500 214 181 447 -8 8 0
492 222 178 444 0 0 0
492 222 175 441 -8 8 0
484 230 172 438 0 -8 0
484 222 169 435 0 -8 0
484 214 166 432 -8 8 0
476 222 163 429 0 -8 0
476 214 160 426 0 -8 0
476 206 157 423 -8 8 0
468 214 154 420 0 -8 0
468 206 151 417 -8 0 0
460 206 148 414 0 8 0
460 214 145 411 0 0 0
460 214 142 408 -8 -8 0
452 206 139 405 0 8 0
452 214 136 402 0 8 0
452 222 133 399 -8 -8 0
444 214 130 396 0 8 0
444 222 127 393 -8 0 0
436 222 124 390 0 0 0
436 222 121 387 0 -8 0
436 214 118 384 -8 0 0
428 214 115 381 0 -8 0
428 206 112 378 0 -8 0
428 198 109 375 -8 0 0
420 198 106 372 0 8 0
420 206 103 369 -8 8 0
412 214 100 366 0 8 0
412 222 97 363 0 8 0
412 230 94 360 -8 8 0
404 238 91 357 0 8 0
404 246 88 354 0 -8 0
404 238 85 351 -8 0 0
396 238 82 348 0 -8 0
396 230 79 345 -8 8 0
388 238 76 342 0 0 0
388 238 73 339 0 0 0
388 238 70 336 -8 0 0
380 238 67 333 0 -8 0
380 230 64 330 0 -8 0
380 222 61 327 -8 8 0
372 230 58 324 0 8 0
372 238 55 321 -8 -8 0
364 230 52 318 0 -8 0
364 222 49 315 0 0 0
364 222 46 312 -8 0 0
356 222 43 309 0 -8 0
356 214 40 306 0 -8 0
356 206 37 303 -8 -8 0
348 198 34 300 0 8 0
348 206 31 297 -8 0 0
340 206 28 294 0 0 0
340 206 25 291 0 -8 0
340 198 22 288 -8 0 0
332 198 19 285 0 -8 0
332 190 22 282 0 -8 0
332 182 25 279 -8 0 0
324 182 28 276 0 8 0
324 190 31 273 -8 -8 0
316 182 34 270 0 -8 0
316 174 37 267 0 0 0
316 174 40 264 -8 -8 0
308 166 43 261 0 -8 0
308 158 46 258 0 -8 0
308 150 49 255 -8 0 0
300 150 52 252 0 0 0
300 150 55 249 -8 0 0
292 150 58 246 0 -8 0
292 142 61 243 0 -8 0
292 134 64 240 -8 -8 0
284 126 67 237 0 8 0
284 134 70 234 0 -8 0
284 126 73 231 -8 -8 0
276 118 76 228 0 0 0
276 118 79 225 -8 -8 0
268 110 82 222 0 0 0
268 110 85 219 0 -8 0
268 102 88 216 -8 -8 0
260 94 91 213 0 0 0
260 94 94 210 0 -8 0
260 86 97 207 -8 0 0
252 86 100 204 0 -8 0
252 78 103 201 -8 0 0
244 78 106 198 0 8 0
244 86 109 195 0 -8 0
244 78 112 192 -8 8 0
236 86 115 189 0 8 0
236 94 118 186 0 0 0
236 94 121 183 -8 8 0
228 102 124 180 0 0 0
228 102 127 177 -8 8 0
220 110 130 174 0 0 0
220 110 133 171 0 0 0
220 110 136 168 -8 -8 0
212 102 139 165 0 -8 0
212 94 142 162 0 8 0
212 102 145 159 -8 0 0
204 102 148 156 0 -8 0
204 94 151 153 -8 8 0
196 102 154 150 0 -8 0
196 94 157 147 0 -8 0
196 86 160 144 -8 0 0
188 86 163 141 0 8 0
188 94 166 138 0 0 0
188 94 169 135 -8 0 0
180 94 172 132 0 8 0
180 102 175 129 -8 0 0
172 102 178 126 0 -8 0
172 94 181 123 0 -8 0
172 86 184 120 -8 -8 0
164 78 187 117 0 -8 0
164 70 190 114 0 8 0
164 78 193 111 -8 -8 0
156 70 196 108 0 0 0
156 70 199 105 -8 0 0
148 70 202 102 0 -8 0
148 62 205 99 0 -8 0
148 60 208 96 -8 8 0
140 68 211 93 0 8 0
140 76 214 90 0 0 0
140 76 217 87 -8 -8 0
132 68 220 84 0 8 0
132 76 223 81 -8 0 0
124 76 226 78 0 0 0
124 76 229 75 0 -8 0
124 68 232 72 -8 0 0
116 68 235 69 0 8 0
116 76 238 66 0 0 0
116 76 241 63 -8 -8 0
108 68 244 60 0 0 0
108 68 247 57 -8 8 0
100 76 250 54 0 -8 0
100 68 253 51 0 0 0
100 68 256 48 -8 -8 0
92 60 259 45 0 -8 0
92 60 262 42 0 -8 0
92 60 265 39 -8 -8 0
84 60 268 36 0 0 0
84 60 271 33 -8 -8 0
76 60 274 30 0 0 0
76 60 277 27 0 -8 0
76 60 280 24 -8 0 0
68 60 283 21 0 8 0
68 68 286 18 0 0 0
68 68 289 15 -8 8 0
60 76 292 12 0 -8 0
60 68 295 9 -8 0 0
60 68 298 12 0 -8 0
60 60 301 15 0 8 0
60 68 304 18 0 0 0
60 68 307 21 0 0 0
60 68 310 24 0 8 0
60 76 313 27 0 -8 0
60 68 316 30 0 -8 0
60 60 319 33 0 0 0
60 60 322 36 0 0 0
60 60 325 39 0 -8 0
60 60 328 42 0 8 0
60 68 331 45 0 0 0
60 68 334 48 0 -8 0
60 60 337 51 0 -8 0
60 60 340 54 0 8 0
60 68 343 57 0 8 0
60 76 346 60 0 0 0
60 76 349 63 0 8 0
60 84 352 66 0 8 0
60 92 355 69 0 8 0
60 100 358 72 0 0 0
60 100 361 75 0 -8 0
60 92 364 78 0 8 0
60 100 367 81 0 0 0
60 100 370 84 0 0 0
60 100 373 87 0 0 0
60 100 376 90 0 8 0
60 108 379 93 0 -8 0
60 100 382 96 0 0 0
60 100 385 99 0 -8 0
60 92 388 102 0 0 0
60 92 391 105 0 -8 0
60 84 394 108 0 8 0
60 92 397 111 8 -8 0
68 84 400 114 0 0 0
68 84 403 117 0 0 0
68 84 406 120 8 8 0
76 92 409 123 0 0 0
76 92 412 126 0 8 0
76 100 415 129 8 8 0
84 108 418 132 0 -8 0
84 100 421 135 8 0 0
92 100 424 138 0 8 0
92 108 427 141 0 -8 0
92 100 430 144 8 8 0
100 108 433 147 0 8 0
100 116 436 150 0 -8 0
100 108 439 153 8 -8 0
108 100 442 156 0 0 0
108 100 445 159 8 8 0
116 108 448 162 0 0 0
116 108 451 165 0 0 0
116 108 454 168 8 -8 0
124 100 457 171 0 8 0
124 108 460 174 0 8 0
124 116 463 177 8 -8 0
132 108 466 180 0 0 0
132 108 469 183 8 0 0
140 108 472 186 0 8 0
140 116 475 189 0 -8 0
140 108 478 192 8 0 0
148 108 481 195 0 8 0
148 116 484 198 0 -8 0
148 108 487 201 8 -8 0
156 100 490 204 0 0 0
156 100 493 207 8 0 0
164 100 496 210 0 -8 0
164 92 499 213 0 8 0
164 100 502 216 8 0 0
172 100 505 219 0 -8 0
172 92 508 222 0 8 0
172 100 511 225 8 8 0
180 108 514 228 0 -8 0
180 100 517 231 8 0 0
188 100 520 234 0 -8 0
188 92 523 237 0 -8 0
188 84 526 240 8 0 0
196 84 529 243 0 8 0
196 92 532 246 0 -8 0
196 84 535 249 8 8 0
204 92 538 252 0 -8 0
204 84 541 255 8 8 0
212 92 544 258 0 -8 0
212 84 547 261 0 0 0
212 84 550 264 8 0 0
220 84 553 267 0 -8 0
220 76 556 270 0 8 0
220 84 559 273 8 -8 0
228 76 562 276 0 -8 0
228 68 565 279 8 0 0
236 68 568 282 0 8 0
236 76 571 285 0 -8 0
236 68 574 288 8 -8 0
244 60 577 291 0 -8 0
244 60 580 294 0 0 0
244 60 583 297 8 -8 0
252 60 586 300 0 0 0
252 60 589 303 8 8 0
260 68 592 306 0 8 0
260 76 595 309 0 8 0
260 84 598 312 8 8 0
268 92 601 315 0 8 0
268 100 604 318 0 8 0
268 108 607 321 8 -8 0
276 100 610 324 0 -8 0
276 92 613 327 8 -8 0
284 84 616 330 0 0 0
284 84 619 333 0 8 0
284 92 622 336 8 8 0
292 100 625 339 0 0 0
292 100 628 342 0 -8 0
292 92 631 345 8 0 0
300 92 634 348 0 0 0
300 92 637 351 8 -8 0
308 84 640 354 0 -8 0
308 76 643 357 0 -8 0
308 68 646 360 8 -8 0
316 60 649 363 0 8 0
316 68 652 366 0 0 0
316 68 655 369 8 -8 0
324 60 658 372 0 -8 0
324 60 661 375 8 8 0
332 68 664 378 0 8 0
332 76 667 381 0 8 0
332 84 670 384 8 8 0
340 92 673 387 0 0 0
340 92 676 390 0 8 0
340 100 679 393 8 -8 0
348 92 682 396 0 0 0
348 92 685 399 8 -8 0
356 84 688 402 0 -8 0
356 76 691 405 0 0 0
356 76 694 408 8 0 0
364 76 697 411 0 0 0
364 76 700 414 0 -8 0
364 68 703 417 8 -8 0
372 60 706 420 0 -8 0
372 60 709 423 8 0 0
380 60 712 426 0 -8 0
380 60 715 429 0 -8 0
380 60 718 432 8 8 0
388 68 721 435 0 0 0
388 68 724 438 0 8 0
388 76 727 441 8 -8 0
396 68 730 444 0 8 0
396 76 733 447 8 8 0
404 84 736 450 0 8 0
404 92 739 453 0 8 0
404 100 742 456 8 8 0
412 108 745 459 0 0 0
412 108 748 462 0 -8 0
412 100 751 465 8 8 0
420 108 754 468 0 8 0
420 116 757 471 8 -8 0
428 108 760 474 0 -8 0
428 100 763 477 0 -8 0
428 92 766 480 8 -8 0
436 84 769 483 0 0 0
436 84 772 486 0 8 0
436 92 775 489 8 0 0
444 92 778 492 0 8 0
444 100 781 495 0 0 1
444 100 781 495 0 0 1
444 100 781 495 0 0 1
444 100 781 495 0 0 1
444 100 781 495 0 0 1
