512 98 310 300 0 0 0
512 98 307 297 -8 -8 0
504 90 304 294 -8 -8 0
496 82 301 291 -8 -8 0
488 74 298 288 -8 8 0
480 82 295 285 -8 8 0
472 90 292 282 -8 0 0
464 90 289 279 -8 -8 0
456 82 286 276 -8 0 0
448 82 283 273 -8 8 0
440 90 280 270 -8 0 0
432 90 277 267 -8 8 0
424 98 274 264 -8 0 0
416 98 271 261 -8 0 0
408 98 268 258 -8 8 0
400 106 265 255 -8 -8 0
392 98 262 252 -8 8 0
384 106 259 249 -8 -8 0
376 98 256 246 -8 8 0
368 106 253 243 -8 -8 0
360 98 250 240 -8 0 0
352 98 247 237 -8 -8 0
344 90 244 234 -8 8 0
336 98 241 231 -8 8 0
328 106 238 228 -8 0 0
320 106 235 225 -8 0 0
312 106 232 222 -8 8 0
304 114 229 219 -8 0 0
296 114 226 216 -8 -8 0
288 106 223 213 -8 0 0
280 106 220 210 -8 0 0
272 106 217 207 -8 8 0
264 114 214 204 -8 0 0
256 114 211 201 -8 8 0
248 122 208 198 0 0 0
248 122 205 195 -8 -8 0
240 114 202 192 0 8 0
240 122 199 189 -8 -8 0
232 114 196 186 0 0 0
232 114 193 183 0 8 0
232 122 190 180 -8 -8 0
224 114 187 177 0 -8 0
224 106 184 174 0 -8 0
224 98 181 171 -8 0 0
216 98 178 168 0 0 0
216 98 175 165 -8 8 0
208 106 172 162 0 8 0
208 114 169 159 0 0 0
208 114 166 156 -8 0 0
200 114 163 153 0 8 0
200 122 160 150 0 0 0
200 122 157 147 -8 0 0
192 122 154 144 0 0 0
192 122 151 141 -8 0 0
184 122 148 138 0 -8 0
184 114 145 135 0 8 0
184 122 142 132 -8 0 0
176 122 139 129 0 -8 0
176 114 136 126 0 8 0
176 122 133 123 -8 0 0
168 122 130 120 0 0 0
168 122 127 117 -8 0 0
160 122 124 114 0 0 0
160 122 121 111 0 0 0
160 122 118 108 -8 8 0
152 130 115 105 0 -8 0
152 122 112 102 0 -8 0
152 114 109 99 -8 0 0
144 114 106 96 0 -8 0
144 106 103 93 -8 0 0
136 106 100 90 0 -8 0
136 98 97 87 0 -8 0
136 90 94 84 -8 8 0
128 98 91 81 0 8 0
128 106 88 78 0 0 0
128 106 85 75 -8 8 0
120 114 82 72 0 8 0
120 122 79 69 -8 -8 0
112 114 76 66 0 -8 0
112 106 73 63 0 8 0
112 114 70 60 -8 0 0
104 114 67 57 0 8 0
104 122 64 54 0 -8 0
104 114 61 51 -8 -8 0
96 106 58 48 0 8 0
96 114 55 45 -8 -8 0
88 106 52 42 0 0 0
88 106 49 39 0 -8 0
88 98 46 36 -8 0 0
80 98 43 33 0 0 0
80 98 40 30 0 0 0
80 98 37 27 -8 8 0
72 106 34 24 0 8 0
72 114 31 21 -8 8 0
64 122 28 18 0 -8 0
64 114 25 15 0 8 0
64 122 22 12 -8 8 0
60 130 19 9 0 0 1
60 130 19 9 0 0 1
60 130 19 9 0 0 1
60 130 19 9 0 0 1
60 130 19 9 0 0 1
