420 282 283 228 0 0 0
420 282 286 225 -8 0 0
412 282 289 222 -8 8 0
404 290 292 219 -8 -8 0
396 282 295 216 -8 0 0
388 282 298 213 -8 8 0
380 290 301 210 -8 8 0
372 298 304 207 -8 -8 0
364 290 307 204 -8 8 0
356 298 310 201 -8 8 0
348 306 313 198 -8 8 0
340 314 316 195 -8 8 0
332 322 319 192 -8 -8 0
324 314 322 189 -8 0 0
316 314 325 186 -8 8 0
308 322 328 183 -8 -8 0
300 314 331 180 -8 0 0
292 314 334 177 -8 8 0
284 322 337 174 -8 8 0
276 330 340 171 -8 -8 0
268 322 343 168 -8 -8 0
260 314 346 165 -8 8 0
252 322 349 162 -8 8 0
244 330 352 159 -8 -8 0
236 322 355 156 -8 0 0
228 322 358 153 -8 8 0
220 330 361 150 -8 0 0
212 330 364 147 -8 0 0
204 330 367 144 -8 0 0
196 330 370 141 -8 -8 0
188 322 373 138 0 8 0
188 330 376 135 -8 -8 0
180 322 379 132 0 8 0
180 330 382 129 -8 0 0
172 330 385 126 0 8 0
172 338 388 123 0 8 0
172 346 391 120 -8 8 0
164 354 394 117 0 -8 0
164 346 397 114 0 8 0
164 354 400 111 -8 -8 0
156 346 403 108 0 -8 0
156 338 406 105 -8 -8 0
148 330 409 102 0 -8 0
148 322 412 99 0 -8 0
148 314 415 96 -8 0 0
140 314 418 93 0 -8 0
140 306 421 90 0 -8 0
140 298 424 87 -8 8 0
132 306 427 84 0 0 0
132 306 430 81 -8 -8 0
124 298 433 78 0 8 0
124 306 436 75 0 8 0
124 314 439 72 -8 -8 0
116 306 442 69 0 -8 0
116 298 445 66 0 0 0
116 298 448 63 -8 -8 0
108 290 451 60 0 0 0
108 290 454 57 -8 8 0
100 298 457 54 0 8 0
100 306 460 51 0 8 0
100 314 463 48 -8 0 0
92 314 466 45 0 8 0
92 322 469 42 0 -8 0
92 314 472 39 -8 8 0
84 322 475 36 0 -8 0
84 314 478 33 -8 0 0
76 314 481 30 0 -8 0
76 306 484 27 0 8 0
76 314 487 24 -8 0 0
68 314 490 21 0 -8 0
68 306 493 18 0 8 0
68 314 496 15 -8 8 0
60 322 499 12 0 0 0
60 322 502 9 -8 8 0
60 330 505 12 0 -8 0
60 322 508 15 0 -8 0
60 314 511 18 0 0 0
60 314 514 21 0 0 0
60 314 517 24 0 0 0
60 314 520 27 0 0 0
60 314 523 30 0 -8 0
60 306 526 33 0 8 0
60 314 529 36 0 0 0
60 314 532 39 0 -8 0
60 306 535 42 0 0 0
60 306 538 45 0 8 0
60 314 541 48 0 8 0
60 322 544 51 0 -8 0
60 314 547 54 0 8 0
60 322 550 57 0 0 0
60 322 553 60 0 0 0
60 322 556 63 0 -8 0
60 314 559 66 0 -8 0
60 306 562 69 0 8 0
60 314 565 72 0 8 0
60 322 568 75 0 0 0
60 322 571 78 0 0 0
60 322 574 81 0 -8 0
60 314 577 84 0 0 0
60 314 580 87 0 8 0
60 322 583 90 0 8 0
60 330 586 93 0 8 0
60 338 589 96 0 0 0
60 338 592 99 0 0 0
60 338 595 102 0 8 0
60 346 598 105 0 8 0
60 354 601 108 0 8 0
60 362 604 111 8 -8 0
68 354 607 114 0 0 0
68 354 610 117 0 0 0
68 354 613 120 8 8 0
76 362 616 123 0 -8 0
76 354 619 126 0 8 0
76 362 622 129 8 -8 0
84 354 625 132 0 0 0
84 354 628 135 8 8 0
92 362 631 138 0 8 0
92 370 634 141 0 8 0
92 378 637 144 8 0 0
100 378 640 147 0 -8 0
100 370 643 150 0 -8 0
100 362 646 153 8 -8 0
108 354 649 156 0 0 0
108 354 652 159 8 8 0
116 362 655 162 0 -8 0
116 354 658 165 0 8 0
116 362 661 168 8 -8 0
124 354 664 171 0 8 0
124 362 667 174 0 8 0
124 370 670 177 8 0 0
132 370 673 180 0 -8 0
132 362 676 183 8 8 0
140 370 679 186 0 8 0
140 378 682 189 0 -8 0
140 370 685 192 8 -8 0
148 362 688 195 0 8 0
148 370 691 198 0 0 0
148 370 694 201 8 0 0
156 370 697 204 0 0 0
156 370 700 207 8 -8 0
164 362 703 210 0 -8 0
164 354 706 213 0 -8 0
164 346 709 216 8 -8 0
172 338 712 219 0 0 0
172 338 715 222 0 0 0
172 338 718 225 8 0 0
180 338 721 228 0 0 0
180 338 724 231 8 -8 0
188 330 727 234 0 0 0
188 330 730 237 0 0 0
188 330 733 240 8 8 0
196 338 736 243 0 -8 0
196 330 739 246 0 8 0
196 338 742 249 8 8 0
204 346 745 252 0 8 0
204 354 748 255 8 0 0
212 354 751 258 0 -8 0
212 346 754 261 0 -8 0
212 338 757 264 8 8 0
220 346 760 267 0 0 0
220 346 763 270 0 0 0
220 346 766 273 8 -8 0
228 338 769 276 0 8 0
228 346 772 279 8 8 0
236 354 775 282 0 8 0
236 362 778 285 0 0 0
236 362 781 288 0 0 1
236 362 781 288 0 0 1
236 362 781 288 0 0 1
236 362 781 288 0 0 1
236 362 781 288 0 0 1
