510 252 535 282 0 0 0
510 252 532 279 -8 0 0
502 252 529 276 -8 8 0
494 260 526 273 -8 8 0
486 268 523 270 -8 -8 0
478 260 520 267 -8 -8 0
470 252 517 264 -8 -8 0
462 244 514 261 -8 8 0
454 252 511 258 -8 8 0
446 260 508 255 -8 8 0
438 268 505 252 -8 0 0
430 268 502 249 -8 8 0
422 276 499 246 -8 0 0
414 276 496 243 -8 8 0
406 284 493 240 -8 0 0
398 284 490 237 -8 0 0
390 284 487 234 -8 0 0
382 284 484 231 -8 -8 0
374 276 481 228 -8 0 0
366 276 478 225 -8 8 0
358 284 475 222 -8 0 0
350 284 472 219 -8 8 0
342 292 469 216 -8 8 0
334 300 466 213 -8 -8 0
326 292 463 210 -8 8 0
318 300 460 207 -8 0 0
310 300 457 204 -8 -8 0
302 292 454 201 -8 -8 0
294 284 451 198 -8 0 0
286 284 448 195 -8 -8 0
278 276 445 192 -8 8 0
270 284 442 189 -8 8 0
262 292 439 186 -8 -8 0
254 284 436 183 -8 8 0
246 292 433 180 -8 8 0
238 300 430 177 -8 8 0
230 308 427 174 -8 -8 0
222 300 424 171 -8 8 0
214 308 421 168 0 0 0
214 308 418 165 0 0 0
214 308 415 162 -8 8 0
206 316 412 159 0 8 0
206 324 409 156 0 -8 0
206 316 406 153 -8 8 0
198 324 403 150 0 8 0
198 332 400 147 -8 0 0
190 332 397 144 0 0 0
190 332 394 141 0 0 0
190 332 391 138 -8 -8 0
182 324 388 135 0 0 0
182 324 385 132 0 0 0
182 324 382 129 -8 0 0
174 324 379 126 0 8 0
174 332 376 123 -8 8 0
166 340 373 120 0 0 0
166 340 370 117 0 8 0
166 348 367 114 -8 -8 0
158 340 364 111 0 8 0
158 348 361 108 0 0 0
158 348 358 105 -8 0 0
150 348 355 102 0 0 0
150 348 352 99 -8 0 0
142 348 349 96 0 -8 0
142 340 346 93 0 8 0
142 348 343 90 -8 -8 0
134 340 340 87 0 -8 0
134 332 337 84 0 8 0
134 340 334 81 -8 8 0
126 348 331 78 0 8 0
126 356 328 75 -8 0 0
118 356 325 72 0 0 0
118 356 322 69 0 -8 0
118 348 319 66 -8 8 0
110 356 316 63 0 0 0
110 356 313 60 0 -8 0
110 348 310 57 -8 8 0
102 356 307 54 0 0 0
102 356 304 51 -8 0 0
94 356 301 48 0 0 0
94 356 298 45 0 0 0
94 356 295 42 -8 8 0
86 364 292 39 0 0 0
86 364 289 36 0 -8 0
86 356 286 33 -8 8 0
78 364 283 30 0 0 0
78 364 280 27 -8 8 0
70 372 277 24 0 0 0
70 372 274 21 0 8 0
70 380 271 18 -8 -8 0
62 372 268 15 0 8 0
62 380 265 12 0 -8 0
62 372 262 9 -8 8 0
60 380 259 12 0 -8 0
60 372 256 15 0 -8 0
60 364 253 18 0 8 0
60 372 250 21 0 -8 0
60 364 247 24 0 0 0
60 364 244 27 0 -8 0
60 356 241 30 0 -8 0
60 348 238 33 0 0 0
60 348 235 36 0 -8 0
60 340 232 39 0 0 0
60 340 229 42 0 -8 0
60 332 226 45 0 8 0
60 340 223 48 0 0 0
60 340 220 51 0 0 0
60 340 217 54 0 -8 0
60 332 214 57 0 8 0
60 340 211 60 0 8 0
60 348 208 63 0 8 0
60 356 205 66 0 8 0
60 364 202 69 0 -8 0
60 356 199 72 0 0 0
60 356 196 75 0 -8 0
60 348 193 78 0 -8 0
60 340 190 81 0 0 0
60 340 187 84 0 0 0
60 340 184 87 0 8 0
60 348 181 90 0 0 0
60 348 178 93 0 0 0
60 348 175 96 0 0 0
60 348 172 99 0 8 0
60 356 169 102 0 -8 0
60 348 166 105 0 0 0
60 348 163 108 0 0 0
60 348 160 111 8 8 0
68 356 157 114 0 0 0
68 356 154 117 0 0 0
68 356 151 120 8 -8 0
76 348 148 123 0 8 0
76 356 145 126 0 0 0
76 356 142 129 8 8 0
84 364 139 132 0 8 0
84 372 136 135 8 -8 0
92 364 133 138 0 -8 0
92 356 130 141 0 8 0
92 364 127 144 8 0 0
100 364 124 147 0 0 0
100 364 121 150 0 8 0
100 372 118 153 8 -8 0
108 364 115 156 0 -8 0
108 356 112 159 8 -8 0
116 348 109 162 0 8 0
116 356 106 165 0 -8 0
116 348 103 168 8 8 0
124 356 100 171 0 8 0
124 364 97 174 0 -8 0
124 356 94 177 8 8 0
132 364 91 180 0 8 0
132 372 88 183 8 0 0
140 372 85 186 0 8 0
140 380 82 189 0 -8 0
140 372 79 192 8 -8 0
148 364 76 195 0 -8 0
148 356 73 198 0 0 0
148 356 70 201 8 -8 0
156 348 67 204 0 8 0
156 356 64 207 8 0 0
164 356 61 210 0 0 0
164 356 58 213 0 -8 0
164 348 55 216 8 0 0
172 348 52 219 0 -8 0
172 340 49 222 0 8 0
172 348 46 225 8 -8 0
180 340 43 228 0 8 0
180 348 40 231 8 0 0
188 348 37 234 0 0 0
188 348 34 237 0 -8 0
188 340 31 240 8 -8 0
196 332 28 243 0 -8 0
196 324 25 246 0 0 0
196 324 22 249 8 0 0
204 324 19 252 0 0 0
204 324 22 255 8 0 0
212 324 25 258 0 -8 0
212 316 28 261 0 8 0
212 324 31 264 8 -8 0
220 316 34 267 0 8 0
220 324 37 270 0 8 0
220 332 40 273 8 8 0
228 340 43 276 0 0 0
228 340 46 279 8 0 0
236 340 49 282 0 -8 0
236 332 52 285 0 8 0
236 340 55 288 8 -8 0
244 332 58 291 0 0 0
244 332 61 294 0 -8 0
244 324 64 297 8 -8 0
252 316 67 300 0 0 0
252 316 70 303 8 0 0
260 316 73 306 0 0 0
260 316 76 309 0 8 0
260 324 79 312 8 -8 0
268 316 82 315 0 0 0
268 316 85 318 0 -8 0
268 308 88 321 8 -8 0
276 300 91 324 0 -8 0
276 292 94 327 8 8 0
284 300 97 330 0 0 0
284 300 100 333 0 0 0
284 300 103 336 8 0 0
292 300 106 339 0 8 0
292 308 109 342 0 0 0
292 308 112 345 8 -8 0
300 300 115 348 0 0 0
300 300 118 351 8 8 0
308 308 121 354 0 -8 0
308 300 124 357 0 0 0
308 300 127 360 8 0 0
316 300 130 363 0 -8 0
316 292 133 366 0 8 0
316 300 136 369 8 0 0
324 300 139 372 0 0 0
324 300 142 375 8 -8 0
332 292 145 378 0 -8 0
332 284 148 381 0 0 0
332 284 151 384 8 8 0
340 292 154 387 0 8 0
340 300 157 390 0 -8 0
340 292 160 393 8 0 0
348 292 163 396 0 8 0
348 300 166 399 8 8 0
356 308 169 402 0 0 0
356 308 172 405 0 -8 0
356 300 175 408 8 0 0
364 300 178 411 0 8 0
364 308 181 414 0 -8 0
364 300 184 417 8 0 0
372 300 187 420 0 8 0
372 308 190 423 8 -8 0
380 300 193 426 0 -8 0
380 292 196 429 0 0 0
380 292 199 432 8 -8 0
388 284 202 435 0 -8 0
388 276 205 438 0 8 0
388 284 208 441 8 8 0
396 292 211 444 0 -8 0
396 284 214 447 8 0 0
404 284 217 450 0 0 0
404 284 220 453 0 -8 0
404 276 223 456 8 8 0
412 284 226 459 0 0 0
412 284 229 462 0 8 0
412 292 232 465 8 8 0
420 300 235 468 0 -8 0
420 292 238 471 8 -8 0
428 284 241 474 0 0 0
428 284 244 477 0 0 0
428 284 247 480 8 0 0
436 284 250 483 0 -8 0
436 276 253 486 0 0 0
436 276 256 489 8 8 0
444 284 259 492 0 8 0
444 292 262 495 8 0 0
452 292 265 498 0 0 0
452 292 268 501 0 8 0
452 300 271 504 8 -8 0
460 292 274 507 0 0 0
460 292 277 510 0 -8 0
460 284 280 513 8 8 0
468 292 283 516 0 8 0
468 300 286 519 8 8 0
476 308 289 522 0 8 0
476 316 292 525 0 -8 0
476 308 295 528 8 8 0
484 316 298 531 0 0 0
484 316 301 534 0 8 0
484 324 304 537 8 8 0
492 332 307 540 0 8 0
492 340 310 543 8 0 0
500 340 313 546 0 -8 0
500 332 316 549 0 0 0
500 332 319 552 8 0 0
508 332 322 555 0 0 0
508 332 325 558 0 -8 0
508 324 328 561 8 0 0
516 324 331 564 0 8 0
516 332 334 567 8 0 0
524 332 337 570 0 -8 0
524 324 340 573 0 -8 0
524 316 343 576 8 0 0
532 316 346 579 0 8 0
532 324 349 582 0 0 0
532 324 352 585 8 0 0
540 324 355 588 0 0 0
540 324 358 591 8 0 0
540 324 361 588 0 -8 0
540 316 364 585 0 -8 0
540 308 367 582 0 0 0
540 308 370 579 0 0 0
540 308 373 576 0 8 0
540 316 376 573 0 -8 0
540 308 379 570 0 0 0
540 308 382 567 0 8 0
540 316 385 564 0 -8 0
540 308 388 561 0 -8 0
540 300 391 558 0 8 0
540 308 394 555 0 -8 0
540 300 397 552 0 8 0
540 308 400 549 0 -8 0
540 300 403 546 0 0 0
540 300 406 543 0 -8 0
540 292 409 540 0 -8 0
540 284 412 537 0 -8 0
540 276 415 534 0 0 0
540 276 418 531 0 8 0
540 284 421 528 0 8 0
540 292 424 525 0 8 0
540 300 427 522 0 8 0
540 308 430 519 0 8 0
540 316 433 516 0 8 0
540 324 436 513 0 -8 0
540 316 439 510 0 8 0
540 324 442 507 0 8 0
540 332 445 504 0 0 0
540 332 448 501 0 -8 0
540 324 451 498 0 -8 0
540 316 454 495 0 -8 0
540 308 457 492 0 -8 0
540 300 460 489 -8 8 0
532 308 463 486 0 0 0
532 308 466 483 0 8 0
532 316 469 480 -8 -8 0
524 308 472 477 0 0 0
524 308 475 474 0 8 0
524 316 478 471 -8 -8 0
516 308 481 468 0 8 0
516 316 484 465 -8 8 0
508 324 487 462 0 0 0
508 324 490 459 0 -8 0
508 316 493 456 -8 8 0
500 324 496 453 0 -8 0
500 316 499 450 0 8 0
500 324 502 447 -8 8 0
492 332 505 444 0 -8 0
492 324 508 441 -8 -8 0
484 316 511 438 0 0 0
484 316 514 435 0 0 0
484 316 517 432 -8 0 0
476 316 520 429 0 8 0
476 324 523 426 0 -8 0
476 316 526 423 -8 0 0
468 316 529 420 0 -8 0
468 308 532 417 -8 -8 0
460 300 535 414 0 0 0
460 300 538 411 0 0 0
460 300 541 408 -8 -8 0
452 292 544 405 0 -8 0
452 284 547 402 0 -8 0
452 276 550 399 -8 8 0
444 284 553 396 0 0 0
444 284 556 393 -8 -8 0
436 276 559 390 0 -8 0
436 268 562 387 0 0 0
436 268 565 384 -8 0 0
428 268 568 381 0 8 0
428 276 571 378 0 8 0
428 284 574 375 -8 -8 0
420 276 577 372 0 -8 0
420 268 580 369 -8 -8 0
412 260 583 366 0 8 0
412 268 586 363 0 -8 0
412 260 589 360 -8 8 0
404 268 592 357 0 8 0
404 276 595 354 0 -8 0
404 268 598 351 -8 -8 0
396 260 601 348 0 8 0
396 268 604 345 -8 8 0
388 276 607 342 0 8 0
388 284 610 339 0 -8 0
388 276 613 336 -8 8 0
380 284 616 333 0 0 0
380 284 619 330 0 0 0
380 284 622 327 -8 8 0
372 292 625 324 0 0 0
372 292 628 321 -8 8 0
364 300 631 318 0 0 0
364 300 634 315 0 -8 0
364 292 637 312 -8 -8 0
356 284 640 309 0 -8 0
356 276 643 306 0 8 0
356 284 646 303 -8 8 0
348 292 649 300 0 0 0
348 292 652 297 -8 8 0
340 300 655 294 0 8 0
340 308 658 291 0 -8 0
340 300 661 288 -8 0 0
332 300 664 285 0 0 0
332 300 667 282 0 8 0
332 308 670 279 -8 8 0
324 316 673 276 0 0 0
324 316 676 273 -8 0 0
316 316 679 270 0 8 0
316 324 682 267 0 -8 0
316 316 685 264 -8 -8 0
308 308 688 261 0 0 0
308 308 691 258 0 8 0
308 316 694 255 -8 -8 0
300 308 697 252 0 0 0
300 308 700 249 -8 8 0
292 316 703 246 0 0 0
292 316 706 243 0 8 0
292 324 709 240 -8 -8 0
284 316 712 237 0 0 0
284 316 715 234 0 0 0
284 316 718 231 -8 -8 0
276 308 721 228 0 0 0
276 308 724 225 -8 8 0
268 316 727 222 0 0 0
268 316 730 219 0 0 0
268 316 733 216 -8 0 0
260 316 736 213 0 -8 0
260 308 739 210 0 -8 0
260 300 742 207 -8 0 0
252 300 745 204 0 0 0
252 300 748 201 -8 -8 0
244 292 751 198 0 0 0
244 292 754 195 0 -8 0
244 284 757 192 -8 8 0
236 292 760 189 0 0 0
236 292 763 186 0 -8 0
236 284 766 183 -8 -8 0
228 276 769 180 0 -8 0
228 268 772 177 -8 0 0
220 268 775 174 0 0 0
220 268 778 171 0 8 0
220 276 781 168 0 0 1
220 276 781 168 0 0 1
220 276 781 168 0 0 1
220 276 781 168 0 0 1
220 276 781 168 0 0 1
