303 84 658 195 0 0 0
303 84 661 192 -8 8 0
295 92 664 189 -8 0 0
287 92 667 186 -8 8 0
279 100 670 183 -8 8 0
271 108 673 180 -8 -8 0
263 100 676 177 -8 8 0
255 108 679 174 -8 -8 0
247 100 682 171 -8 -8 0
239 92 685 168 -8 0 0
231 92 688 165 -8 8 0
223 100 691 162 -8 0 0
215 100 694 159 -8 8 0
207 108 697 156 -8 8 0
199 116 700 153 0 8 0
199 124 703 150 0 8 0
199 132 706 147 -8 0 0
191 132 709 144 0 0 0
191 132 712 141 0 8 0
191 140 715 138 -8 0 0
183 140 718 135 0 8 0
183 148 721 132 -8 0 0
175 148 724 129 0 0 0
175 148 727 126 0 8 0
175 156 730 123 -8 -8 0
167 148 733 120 0 0 0
167 148 736 117 0 0 0
167 148 739 114 -8 0 0
159 148 742 111 0 8 0
159 156 745 108 -8 0 0
151 156 748 105 0 8 0
151 164 751 102 0 8 0
151 172 754 99 -8 8 0
143 180 757 96 0 -8 0
143 172 760 93 0 0 0
143 172 763 90 -8 0 0
135 172 766 87 0 8 0
135 180 769 84 -8 -8 0
127 172 772 81 0 0 0
127 172 775 78 0 0 0
127 172 778 75 -8 0 0
119 172 781 72 0 0 1
119 172 781 72 0 0 1
119 172 781 72 0 0 1
119 172 781 72 0 0 1
119 172 781 72 0 0 1
