223 234 205 231 0 0 0
223 234 208 228 0 0 0
223 234 211 225 0 -8 0
223 226 214 222 0 8 0
223 234 217 219 0 8 0
223 242 220 216 0 -8 0
223 234 223 213 0 0 0
223 234 226 210 0 0 0
223 234 229 207 0 -8 0
223 226 232 204 0 0 0
223 226 235 201 0 0 0
223 226 238 198 0 -8 0
223 218 241 195 0 -8 0
223 210 244 192 0 -8 0
223 202 247 189 0 8 0
223 210 250 186 0 -8 0
223 202 253 183 0 -8 0
223 194 256 180 0 -8 0
223 186 259 177 0 0 0
223 186 262 174 0 0 0
223 186 265 171 -8 0 0
215 186 268 168 0 0 0
215 186 271 165 0 8 0
215 194 274 162 -8 8 0
207 202 277 159 0 0 0
207 202 280 156 -8 -8 0
199 194 283 153 0 -8 0
199 186 286 150 0 8 0
199 194 289 147 -8 0 0
191 194 292 144 0 0 0
191 194 295 141 0 8 0
191 202 298 138 -8 -8 0
183 194 301 135 0 0 0
183 194 304 132 -8 8 0
175 202 307 129 0 8 0
175 210 310 126 0 -8 0
175 202 313 123 -8 0 0
167 202 316 120 0 -8 0
167 194 319 117 0 0 0
167 194 322 114 -8 -8 0
159 186 325 111 0 -8 0
159 178 328 108 -8 -8 0
151 170 331 105 0 0 0
151 170 334 102 0 0 0
151 170 337 99 -8 0 0
143 170 340 96 0 -8 0
143 162 343 93 0 8 0
143 170 346 90 -8 -8 0
135 162 349 87 0 -8 0
135 154 352 84 -8 -8 0
127 146 355 81 0 0 0
127 146 358 78 0 0 0
127 146 361 75 -8 8 0
119 154 364 72 0 8 0
119 162 367 69 0 -8 0
119 154 370 66 -8 -8 0
111 146 373 63 0 0 0
111 146 376 60 -8 -8 0
103 138 379 57 0 0 0
103 138 382 54 0 0 0
103 138 385 51 -8 -8 0
95 130 388 48 0 -8 0
95 122 391 45 0 8 0
95 130 394 42 -8 8 0
87 138 397 39 0 0 0
87 138 400 36 -8 0 0
79 138 403 33 0 0 0
79 138 406 30 0 0 0
79 138 409 27 -8 -8 0
71 130 412 24 0 8 0
71 138 415 21 0 -8 0
71 130 418 18 -8 0 0
63 130 421 15 0 -8 0
63 122 424 12 -8 8 0
60 130 427 9 -8 0 0
60 130 430 12 0 0 0
60 130 433 15 0 0 0
60 130 436 18 0 8 0
60 138 439 21 0 8 0
60 146 442 24 0 -8 0
60 138 445 27 0 -8 0
60 130 448 30 0 -8 0
60 122 451 33 0 8 0
60 130 454 36 0 0 0
60 130 457 39 0 -8 0
60 122 460 42 0 -8 0
60 114 463 45 0 0 0
60 114 466 48 0 -8 0
60 106 469 51 0 8 0
60 114 472 54 0 -8 0
60 106 475 57 0 0 0
60 106 478 60 0 0 0
60 106 481 63 0 0 0
60 106 484 66 0 0 0
60 106 487 69 0 -8 0
60 98 490 72 0 8 0
60 106 493 75 0 0 0
60 106 496 78 0 0 0
60 106 499 81 0 8 0
60 114 502 84 0 0 0
60 114 505 87 0 -8 0
60 106 508 90 0 -8 0
60 98 511 93 0 8 0
60 106 514 96 0 8 0
60 114 517 99 0 -8 0
60 106 520 102 0 8 0
60 114 523 105 0 8 0
60 122 526 108 0 8 0
60 130 529 111 8 8 0
68 138 532 114 0 8 0
68 146 535 117 0 8 0
68 154 538 120 8 -8 0
76 146 541 123 0 0 0
76 146 544 126 0 0 0
76 146 547 129 8 -8 0
84 138 550 132 0 8 0
84 146 553 135 8 -8 0
92 138 556 138 0 -8 0
92 130 559 141 0 8 0
92 138 562 144 8 8 0
100 146 565 147 0 0 0
100 146 568 150 0 -8 0
100 138 571 153 8 0 0
108 138 574 156 0 8 0
108 146 577 159 8 -8 0
116 138 580 162 0 8 0
116 146 583 165 0 0 0
116 146 586 168 8 8 0
124 154 589 171 0 -8 0
124 146 592 174 0 8 0
124 154 595 177 8 0 0
132 154 598 180 0 -8 0
132 146 601 183 8 -8 0
140 138 604 186 0 -8 0
140 130 607 189 0 -8 0
140 122 610 192 8 -8 0
148 114 613 195 0 -8 0
148 106 616 198 0 8 0
148 114 619 201 8 -8 0
156 106 622 204 0 0 0
156 106 625 207 8 8 0
164 114 628 210 0 -8 0
164 106 631 213 0 -8 0
164 98 634 216 8 0 0
172 98 637 219 0 8 0
172 106 640 222 0 0 0
172 106 643 225 8 8 0
180 114 646 228 0 -8 0
180 106 649 231 8 0 0
188 106 652 234 0 -8 0
188 98 655 237 0 8 0
188 106 658 240 8 -8 0
196 98 661 243 0 -8 0
196 90 664 246 0 0 0
196 90 667 249 8 0 0
204 90 670 252 0 8 0
204 98 673 255 8 8 0
212 106 676 258 0 8 0
212 114 679 261 0 8 0
212 122 682 264 8 0 0
220 122 685 267 0 -8 0
220 114 688 270 0 8 0
220 122 691 273 8 8 0
228 130 694 276 0 -8 0
228 122 697 279 8 8 0
236 130 700 282 0 8 0
236 138 703 285 0 -8 0
236 130 706 288 8 8 0
244 138 709 291 0 -8 0
244 130 712 294 0 8 0
244 138 715 297 8 -8 0
252 130 718 300 0 0 0
252 130 721 303 8 -8 0
260 122 724 306 0 8 0
260 130 727 309 0 8 0
260 138 730 312 8 8 0
268 146 733 315 0 0 0
268 146 736 318 0 0 0
268 146 739 321 8 8 0
276 154 742 324 0 0 0
276 154 745 327 8 8 0
284 162 748 330 0 0 0
284 162 751 333 0 8 0
284 170 754 336 8 8 0
292 178 757 339 0 0 0
292 178 760 342 0 0 0
292 178 763 345 8 8 0
300 186 766 348 0 0 0
300 186 769 351 8 -8 0
308 178 772 354 0 8 0
308 186 775 357 0 8 0
308 194 778 360 8 -8 0
316 186 781 363 0 0 1
316 186 781 363 0 0 1
316 186 781 363 0 0 1
316 186 781 363 0 0 1
316 186 781 363 0 0 1
