335 445 604 219 0 0 0
335 445 601 216 -8 0 0
327 445 598 213 -8 0 0
319 445 595 210 -8 -8 0
311 437 592 207 -8 -8 0
303 429 589 204 -8 8 0
295 437 586 201 -8 -8 0
287 429 583 198 -8 8 0
279 437 580 195 -8 -8 0
271 429 577 192 -8 0 0
263 429 574 189 -8 8 0
255 437 571 186 -8 8 0
247 445 568 183 -8 0 0
239 445 565 180 -8 8 0
231 453 562 177 -8 -8 0
223 445 559 174 0 0 0
223 445 556 171 -8 0 0
215 445 553 168 0 8 0
215 453 550 165 0 -8 0
215 445 547 162 -8 8 0
207 453 544 159 0 0 0
207 453 541 156 -8 0 0
199 453 538 153 0 8 0
199 461 535 150 0 0 0
199 461 532 147 -8 -8 0
191 453 529 144 0 -8 0
191 445 526 141 0 0 0
191 445 523 138 -8 8 0
183 453 520 135 0 0 0
183 453 517 132 -8 -8 0
175 445 514 129 0 8 0
175 453 511 126 0 -8 0
175 445 508 123 -8 -8 0
167 437 505 120 0 8 0
167 445 502 117 0 0 0
167 445 499 114 -8 0 0
159 445 496 111 0 8 0
159 453 493 108 -8 -8 0
151 445 490 105 0 0 0
151 445 487 102 0 0 0
151 445 484 99 -8 0 0
143 445 481 96 0 -8 0
143 437 478 93 0 -8 0
143 429 475 90 -8 8 0
135 437 472 87 0 0 0
135 437 469 84 -8 8 0
127 445 466 81 0 8 0
127 453 463 78 0 0 0
127 453 460 75 -8 -8 0
119 445 457 72 0 8 0
119 453 454 69 0 0 0
119 453 451 66 -8 8 0
111 461 448 63 0 -8 0
111 453 445 60 -8 0 0
103 453 442 57 0 0 0
103 453 439 54 0 8 0
103 461 436 51 -8 -8 0
95 453 433 48 0 -8 0
95 445 430 45 0 -8 0
95 437 427 42 -8 8 0
87 445 424 39 0 -8 0
87 437 421 36 -8 0 0
79 437 418 33 0 0 0
79 437 415 30 0 8 0
79 445 412 27 -8 8 0
71 453 409 24 0 -8 0
71 445 406 21 0 0 0
71 445 403 18 -8 -8 0
63 437 400 15 0 8 0
63 445 397 12 -8 -8 0
60 437 394 9 -8 8 0
60 445 391 12 0 0 0
60 445 388 15 0 -8 0
60 437 385 18 0 0 0
60 437 382 21 0 8 0
60 445 379 24 0 -8 0
60 437 376 27 0 8 0
60 445 373 30 0 -8 0
60 437 370 33 0 8 0
60 445 367 36 0 -8 0
60 437 364 39 0 8 0
60 445 361 42 0 0 0
60 445 358 45 0 0 0
60 445 355 48 0 8 0
60 453 352 51 0 8 0
60 461 349 54 0 -8 0
60 453 346 57 0 -8 0
60 445 343 60 0 -8 0
60 437 340 63 0 -8 0
60 429 337 66 0 8 0
60 437 334 69 0 8 0
60 445 331 72 0 8 0
60 453 328 75 0 8 0
60 461 325 78 0 0 0
60 461 322 81 0 0 0
60 461 319 84 0 -8 0
60 453 316 87 0 8 0
60 461 313 90 0 -8 0
60 453 310 93 0 -8 0
60 445 307 96 0 0 0
60 445 304 99 0 8 0
60 453 301 102 0 -8 0
60 445 298 105 0 8 0
60 453 295 108 0 8 0
60 461 292 111 8 0 0
68 461 289 114 0 -8 0
68 453 286 117 0 0 0
68 453 283 120 8 -8 0
76 445 280 123 0 8 0
76 453 277 126 0 0 0
76 453 274 129 8 -8 0
84 445 271 132 0 -8 0
84 437 268 135 8 0 0
92 437 265 138 0 8 0
92 445 262 141 0 -8 0
92 437 259 144 8 8 0
100 445 256 147 0 -8 0
100 437 253 150 0 8 0
100 445 250 153 8 0 0
108 445 247 156 0 8 0
108 453 244 159 8 -8 0
116 445 241 162 0 0 0
116 445 238 165 0 8 0
116 453 235 168 8 8 0
124 461 232 171 0 -8 0
124 453 229 174 0 0 0
124 453 226 177 8 -8 0
132 445 223 180 0 8 0
132 453 220 183 8 -8 0
140 445 217 186 0 0 0
140 445 214 189 0 8 0
140 453 211 192 8 8 0
148 461 208 195 0 -8 0
148 453 205 198 0 0 0
148 453 202 201 8 -8 0
156 445 199 204 0 0 0
156 445 196 207 8 8 0
164 453 193 210 0 0 0
164 453 190 213 0 -8 0
164 445 187 216 8 0 0
172 445 184 219 0 -8 0
172 437 181 222 0 -8 0
172 429 178 225 8 -8 0
180 421 175 228 0 -8 0
180 413 172 231 8 0 0
188 413 169 234 0 -8 0
188 405 166 237 0 0 0
188 405 163 240 8 8 0
196 413 160 243 0 -8 0
196 405 157 246 0 8 0
196 413 154 249 8 0 0
204 413 151 252 0 8 0
204 421 148 255 8 0 0
212 421 145 258 0 8 0
212 429 142 261 0 0 0
212 429 139 264 8 0 0
220 429 136 267 0 0 0
220 429 133 270 0 0 0
220 429 130 273 8 0 0
228 429 127 276 0 -8 0
228 421 124 279 8 -8 0
236 413 121 282 0 -8 0
236 405 118 285 0 8 0
236 413 115 288 8 0 0
244 413 112 291 0 -8 0
244 405 109 294 0 8 0
244 413 106 297 8 -8 0
252 405 103 300 0 0 0
252 405 100 303 8 -8 0
260 397 97 306 0 -8 0
260 389 94 309 0 0 0
260 389 91 312 8 0 0
268 389 88 315 0 8 0
268 397 85 318 0 -8 0
268 389 82 321 8 8 0
276 397 79 324 0 -8 0
276 389 76 327 8 0 0
284 389 73 330 0 0 0
284 389 70 333 0 0 0
284 389 67 336 8 0 0
292 389 64 339 0 8 0
292 397 61 342 0 8 0
292 405 58 345 8 -8 0
300 397 55 348 0 8 0
300 405 52 351 8 -8 0
308 397 49 354 0 8 0
308 405 46 357 0 -8 0
308 397 43 360 8 8 0
316 405 40 363 0 -8 0
316 397 37 366 0 -8 0
316 389 34 369 8 8 0
324 397 31 372 0 0 0
324 397 28 375 8 8 0
332 405 25 378 0 -8 0
332 397 22 381 0 8 0
332 405 19 384 0 0 1
332 405 19 384 0 0 1
332 405 19 384 0 0 1
332 405 19 384 0 0 1
332 405 19 384 0 0 1
