432 356 625 180 0 0 0
432 356 628 177 -8 -8 0
424 348 631 174 -8 8 0
416 356 634 171 -8 0 0
408 356 637 168 -8 8 0
400 364 640 165 -8 -8 0
392 356 643 162 -8 0 0
384 356 646 159 -8 8 0
376 364 649 156 -8 -8 0
368 356 652 153 -8 -8 0
360 348 655 150 -8 -8 0
352 340 658 147 -8 0 0
344 340 661 144 -8 8 0
336 348 664 141 -8 0 0
328 348 667 138 -8 0 0
320 348 670 135 -8 -8 0
312 340 673 132 -8 8 0
304 348 676 129 -8 -8 0
296 340 679 126 -8 -8 0
288 332 682 123 -8 0 0
280 332 685 120 -8 8 0
272 340 688 117 -8 -8 0
264 332 691 114 -8 -8 0
256 324 694 111 -8 -8 0
248 316 697 108 -8 -8 0
240 308 700 105 -8 8 0
232 316 703 102 -8 -8 0
224 308 706 99 -8 0 0
216 308 709 96 -8 0 0
208 308 712 93 -8 -8 0
200 300 715 90 -8 8 0
192 308 718 87 -8 8 0
184 316 721 84 -8 8 0
176 324 724 81 -8 8 0
168 332 727 78 -8 -8 0
160 324 730 75 -8 -8 0
152 316 733 72 -8 8 0
144 324 736 69 -8 8 0
136 332 739 66 -8 0 0
128 332 742 63 -8 8 0
120 340 745 60 -8 8 0
112 348 748 57 -8 0 0
104 348 751 54 0 0 0
104 348 754 51 -8 -8 0
96 340 757 48 0 8 0
96 348 760 45 -8 0 0
88 348 763 42 0 8 0
88 356 766 39 0 0 0
88 356 769 36 -8 8 0
80 364 772 33 0 8 0
80 372 775 30 0 0 0
80 372 778 27 -8 8 0
72 380 781 24 0 0 1
72 380 781 24 0 0 1
72 380 781 24 0 0 1
72 380 781 24 0 0 1
72 380 781 24 0 0 1
