253 81 550 294 0 0 0
253 81 553 297 0 -8 0
253 73 556 300 0 8 0
253 81 559 303 0 0 0
253 81 562 306 8 0 0
261 81 565 309 0 8 0
261 89 568 312 8 8 0
269 97 571 315 0 8 0
269 105 574 318 0 0 0
269 105 577 321 8 8 0
277 113 580 324 0 -8 0
277 105 583 327 0 0 0
277 105 586 330 8 8 0
285 113 589 333 0 8 0
285 121 592 336 8 8 0
293 129 595 339 0 8 0
293 137 598 342 0 0 0
293 137 601 345 8 8 0
301 145 604 348 0 0 0
301 145 607 351 0 0 0
301 145 610 354 8 0 0
309 145 613 357 0 0 0
309 145 616 360 8 -8 0
317 137 619 363 0 0 0
317 137 622 366 0 8 0
317 145 625 369 8 0 0
325 145 628 372 0 0 0
325 145 631 375 0 0 0
325 145 634 378 8 0 0
333 145 637 381 0 8 0
333 153 640 384 8 -8 0
341 145 643 387 0 -8 0
341 137 646 390 0 -8 0
341 129 649 393 8 8 0
349 137 652 396 0 8 0
349 145 655 399 0 0 0
349 145 658 402 8 0 0
357 145 661 405 0 -8 0
357 137 664 408 8 -8 0
365 129 667 411 0 0 0
365 129 670 414 0 0 0
365 129 673 417 8 -8 0
373 121 676 420 0 0 0
373 121 679 423 0 0 0
373 121 682 426 8 8 0
381 129 685 429 0 0 0
381 129 688 432 8 -8 0
389 121 691 435 0 0 0
389 121 694 438 0 -8 0
389 113 697 441 8 8 0
397 121 700 444 0 0 0
397 121 703 447 0 -8 0
397 113 706 450 8 8 0
405 121 709 453 0 8 0
405 129 712 456 8 8 0
413 137 715 459 0 0 0
413 137 718 462 0 0 0
413 137 721 465 8 -8 0
421 129 724 468 0 0 0
421 129 727 471 0 -8 0
421 121 730 474 8 -8 0
429 113 733 477 0 0 0
429 113 736 480 8 0 0
437 113 739 483 0 0 0
437 113 742 486 0 0 0
437 113 745 489 8 0 0
445 113 748 492 0 8 0
445 121 751 495 0 8 0
445 129 754 498 8 8 0
453 137 757 501 0 8 0
453 145 760 504 8 0 0
461 145 763 507 0 8 0
461 153 766 510 0 0 0
461 153 769 513 8 8 0
469 161 772 516 0 -8 0
469 153 775 519 0 8 0
469 161 778 522 8 8 0
477 169 781 525 0 0 1
477 169 781 525 0 0 1
477 169 781 525 0 0 1
477 169 781 525 0 0 1
477 169 781 525 0 0 1
