414 162 238 210 0 0 0
414 162 235 207 -8 0 0
406 162 232 204 -8 8 0
398 170 229 201 -8 8 0
390 178 226 198 -8 -8 0
382 170 223 195 -8 -8 0
374 162 220 192 -8 -8 0
366 154 217 189 -8 8 0
358 162 214 186 -8 -8 0
350 154 211 183 -8 8 0
342 162 208 180 -8 8 0
334 170 205 177 -8 0 0
326 170 202 174 -8 -8 0
318 162 199 171 -8 -8 0
310 154 196 168 -8 -8 0
302 146 193 165 -8 -8 0
294 138 190 162 -8 8 0
286 146 187 159 -8 -8 0
278 138 184 156 -8 8 0
270 146 181 153 -8 0 0
262 146 178 150 -8 0 0
254 146 175 147 -8 8 0
246 154 172 144 -8 -8 0
238 146 169 141 -8 8 0
230 154 166 138 -8 0 0
222 154 163 135 -8 8 0
214 162 160 132 -8 0 0
206 162 157 129 -8 0 0
198 162 154 126 -8 8 0
190 170 151 123 -8 8 0
182 178 148 120 -8 8 0
174 186 145 117 -8 -8 0
166 178 142 114 -8 -8 0
158 170 139 111 0 0 0
158 170 136 108 0 -8 0
158 162 133 105 -8 0 0
150 162 130 102 0 0 0
150 162 127 99 -8 0 0
142 162 124 96 0 8 0
142 170 121 93 0 8 0
142 178 118 90 -8 8 0
134 186 115 87 0 0 0
134 186 112 84 0 -8 0
134 178 109 81 -8 8 0
126 186 106 78 0 -8 0
126 178 103 75 -8 -8 0
118 170 100 72 0 8 0
118 178 97 69 0 -8 0
118 170 94 66 -8 -8 0
110 162 91 63 0 -8 0
110 154 88 60 0 0 0
110 154 85 57 -8 -8 0
102 146 82 54 0 8 0
102 154 79 51 -8 8 0
94 162 76 48 0 -8 0
94 154 73 45 0 -8 0
94 146 70 42 -8 -8 0
86 138 67 39 0 0 0
86 138 64 36 0 -8 0
86 130 61 33 -8 8 0
78 138 58 30 0 -8 0
78 130 55 27 -8 -8 0
70 122 52 24 0 0 0
70 122 49 21 0 0 0
70 122 46 18 -8 8 0
62 130 43 15 0 8 0
62 138 40 12 0 -8 0
62 130 37 9 -8 -8 0
60 122 34 12 0 8 0
60 130 31 15 0 -8 0
60 122 28 18 0 0 0
60 122 25 21 0 0 0
60 122 22 24 0 8 0
60 130 19 27 0 8 0
60 138 22 30 0 0 0
60 138 25 33 0 8 0
60 146 28 36 0 8 0
60 154 31 39 0 0 0
60 154 34 42 0 8 0
60 162 37 45 0 -8 0
60 154 40 48 0 -8 0
60 146 43 51 0 8 0
60 154 46 54 0 -8 0
60 146 49 57 0 -8 0
60 138 52 60 0 0 0
60 138 55 63 0 0 0
60 138 58 66 0 0 0
60 138 61 69 0 0 0
60 138 64 72 0 8 0
60 146 67 75 0 0 0
60 146 70 78 0 -8 0
60 138 73 81 0 8 0
60 146 76 84 0 8 0
60 154 79 87 0 8 0
60 162 82 90 0 0 0
60 162 85 93 0 8 0
60 170 88 96 0 8 0
60 178 91 99 0 0 0
60 178 94 102 0 -8 0
60 170 97 105 0 -8 0
60 162 100 108 0 -8 0
60 154 103 111 8 8 0
68 162 106 114 0 8 0
68 170 109 117 0 -8 0
68 162 112 120 8 8 0
76 170 115 123 0 0 0
76 170 118 126 0 8 0
76 178 121 129 8 -8 0
84 170 124 132 0 8 0
84 178 127 135 8 0 0
92 178 130 138 0 8 0
92 186 133 141 0 -8 0
92 178 136 144 8 -8 0
100 170 139 147 0 0 0
100 170 142 150 0 0 0
100 170 145 153 8 8 0
108 178 148 156 0 0 0
108 178 151 159 8 -8 0
116 170 154 162 0 0 0
116 170 157 165 0 8 0
116 178 160 168 8 8 0
124 186 163 171 0 0 0
124 186 166 174 0 0 0
124 186 169 177 8 8 0
132 194 172 180 0 8 0
132 202 175 183 8 0 0
140 202 178 186 0 -8 0
140 194 181 189 0 -8 0
140 186 184 192 8 -8 0
148 178 187 195 0 0 0
148 178 190 198 0 -8 0
148 170 193 201 8 -8 0
156 162 196 204 0 8 0
156 170 199 207 8 0 0
164 170 202 210 0 -8 0
164 162 205 213 0 0 0
164 162 208 216 8 8 0
172 170 211 219 0 0 0
172 170 214 222 0 8 0
172 178 217 225 8 -8 0
180 170 220 228 0 8 0
180 178 223 231 8 8 0
188 186 226 234 0 8 0
188 194 229 237 0 0 0
188 194 232 240 8 8 0
196 202 235 243 0 8 0
196 210 238 246 0 0 0
196 210 241 249 8 8 0
204 218 244 252 0 -8 0
204 210 247 255 8 0 0
212 210 250 258 0 8 0
212 218 253 261 0 0 0
212 218 256 264 8 0 0
220 218 259 267 0 0 0
220 218 262 270 0 0 0
220 218 265 273 8 -8 0
228 210 268 276 0 0 0
228 210 271 279 8 0 0
236 210 274 282 0 8 0
236 218 277 285 0 -8 0
236 210 280 288 8 -8 0
244 202 283 291 0 -8 0
244 194 286 294 0 0 0
244 194 289 297 8 -8 0
252 186 292 300 0 8 0
252 194 295 303 8 -8 0
260 186 298 306 0 8 0
260 194 301 309 0 0 0
260 194 304 312 8 8 0
268 202 307 315 0 8 0
268 210 310 318 0 0 0
268 210 313 321 8 8 0
276 218 316 324 0 8 0
276 226 319 327 8 -8 0
284 218 322 330 0 8 0
284 226 325 333 0 0 0
284 226 328 336 8 0 0
292 226 331 339 0 -8 0
292 218 334 342 0 0 0
292 218 337 345 8 -8 0
300 210 340 348 0 0 0
300 210 343 351 8 0 0
308 210 346 354 0 -8 0
308 202 349 357 0 -8 0
308 194 352 360 8 0 0
316 194 355 363 0 0 0
316 194 358 366 0 -8 0
316 186 361 369 8 -8 0
324 178 364 372 0 -8 0
324 170 367 375 8 -8 0
332 162 370 378 0 0 0
332 162 373 381 0 0 0
332 162 376 384 8 -8 0
340 154 379 387 0 -8 0
340 146 382 390 0 0 0
340 146 385 393 8 8 0
348 154 388 396 0 8 0
348 162 391 399 8 -8 0
356 154 394 402 0 -8 0
356 146 397 405 0 -8 0
356 138 400 408 8 -8 0
364 130 403 411 0 -8 0
364 122 406 414 0 8 0
364 130 409 417 8 0 0
372 130 412 420 0 -8 0
372 122 415 423 8 -8 0
380 114 418 426 0 -8 0
380 106 421 429 0 8 0
380 114 424 432 8 8 0
388 122 427 435 0 0 0
388 122 430 438 0 0 0
388 122 433 441 8 0 0
396 122 436 444 0 -8 0
396 114 439 447 8 -8 0
404 106 442 450 0 0 0
404 106 445 453 0 0 0
404 106 448 456 8 0 0
412 106 451 459 0 -8 0
412 98 454 462 0 0 0
412 98 457 465 8 -8 0
420 90 460 468 0 8 0
420 98 463 471 8 8 0
428 106 466 474 0 0 0
428 106 469 477 0 8 0
428 114 472 480 8 8 0
436 122 475 483 0 0 0
436 122 478 486 0 -8 0
436 114 481 489 8 8 0
444 122 484 492 0 0 0
444 122 487 495 8 0 0
452 122 490 498 0 0 0
452 122 493 501 0 0 0
452 122 496 504 8 0 0
460 122 499 507 0 0 0
460 122 502 510 0 -8 0
460 114 505 513 8 -8 0
468 106 508 516 0 8 0
468 114 511 519 8 -8 0
476 106 514 522 0 -8 0
476 98 517 525 0 8 0
476 106 520 528 8 -8 0
484 98 523 531 0 8 0
484 106 526 534 0 8 0
484 114 529 537 8 8 0
492 122 532 540 0 0 0
492 122 535 543 8 8 0
500 130 538 546 0 -8 0
500 122 541 549 0 -8 0
500 114 544 552 8 0 0
508 114 547 555 0 8 0
508 122 550 558 0 8 0
508 130 553 561 8 -8 0
516 122 556 564 0 8 0
516 130 559 567 8 8 0
524 138 562 570 0 0 0
524 138 565 573 0 0 0
524 138 568 576 8 -8 0
532 130 571 579 0 8 0
532 138 574 582 0 0 0
532 138 577 585 8 -8 0
540 130 580 588 0 -8 0
540 122 583 591 8 8 0
540 130 586 588 0 -8 0
540 122 589 585 0 8 0
540 130 592 582 0 8 0
540 138 595 579 0 0 0
540 138 598 576 0 -8 0
540 130 601 573 0 -8 0
540 122 604 570 0 0 0
540 122 607 567 0 -8 0
540 114 610 564 0 0 0
540 114 613 561 0 -8 0
540 106 616 558 0 -8 0
540 98 619 555 0 0 0
540 98 622 552 0 -8 0
540 90 625 549 0 8 0
540 98 628 546 0 0 0
540 98 631 543 0 -8 0
540 90 634 540 0 8 0
540 98 637 537 0 0 0
540 98 640 534 0 -8 0
540 90 643 531 0 0 0
540 90 646 528 0 -8 0
540 82 649 525 0 0 0
540 82 652 522 0 8 0
540 90 655 519 0 -8 0
540 82 658 516 0 -8 0
540 74 661 513 0 -8 0
540 66 664 510 0 -8 0
540 60 667 507 0 0 0
540 60 670 504 0 -8 0
540 60 673 501 0 -8 0
540 60 676 498 0 -8 0
540 60 679 495 0 0 0
540 60 682 492 0 -8 0
540 60 685 489 -8 -8 0
532 60 688 486 0 8 0
532 68 691 483 0 0 0
532 68 694 480 -8 -8 0
524 60 697 477 0 0 0
524 60 700 474 0 8 0
524 68 703 471 -8 8 0
516 76 706 468 0 8 0
516 84 709 465 -8 0 0
508 84 712 462 0 8 0
508 92 715 459 0 0 0
508 92 718 456 -8 8 0
500 100 721 453 0 8 0
500 108 724 450 0 8 0
500 116 727 447 -8 8 0
492 124 730 444 0 0 0
492 124 733 441 -8 -8 0
484 116 736 438 0 0 0
484 116 739 435 0 0 0
484 116 742 432 -8 -8 0
476 108 745 429 0 0 0
476 108 748 426 0 8 0
476 116 751 423 -8 -8 0
468 108 754 420 0 8 0
468 116 757 417 -8 0 0
460 116 760 414 0 8 0
460 124 763 411 0 0 0
460 124 766 408 -8 8 0
452 132 769 405 0 0 0
452 132 772 402 0 -8 0
452 124 775 399 -8 8 0
444 132 778 396 0 0 0
444 132 781 393 0 0 1
444 132 781 393 0 0 1
444 132 781 393 0 0 1
444 132 781 393 0 0 1
444 132 781 393 0 0 1
