208 303 556 468 0 0 0
208 303 553 471 8 -8 0
216 295 550 474 8 8 0
224 303 547 477 8 0 0
232 303 544 480 8 0 0
240 303 541 483 8 -8 0
248 295 538 486 8 8 0
256 303 535 489 8 8 0
264 311 532 492 8 -8 0
272 303 529 495 8 8 0
280 311 526 498 8 8 0
288 319 523 501 8 8 0
296 327 520 504 8 -8 0
304 319 517 507 8 -8 0
312 311 514 510 8 -8 0
320 303 511 513 8 0 0
328 303 508 516 8 0 0
336 303 505 519 8 8 0
344 311 502 522 8 0 0
352 311 499 525 8 8 0
360 319 496 528 8 0 0
368 319 493 531 8 8 0
376 327 490 534 8 8 0
384 335 487 537 8 0 0
392 335 484 540 8 -8 0
400 327 481 543 8 -8 0
408 319 478 546 8 -8 0
416 311 475 549 8 -8 0
424 303 472 552 8 8 0
432 311 469 555 8 8 0
440 319 466 558 8 -8 0
448 311 463 561 8 0 0
456 311 460 564 8 -8 0
464 303 457 567 8 -8 0
472 295 454 570 8 -8 0
480 287 451 573 8 -8 0
488 279 448 576 8 8 0
496 287 445 579 8 0 0
504 287 442 582 8 8 0
512 295 439 585 8 8 0
520 303 436 588 8 8 0
528 311 433 591 8 0 0
536 311 430 588 8 8 0
540 319 427 585 0 -8 0
540 311 424 582 0 -8 0
540 303 421 579 0 8 0
540 311 418 576 0 8 0
540 319 415 573 0 8 0
540 327 412 570 0 8 0
540 335 409 567 0 0 0
540 335 406 564 0 8 0
540 343 403 561 0 0 0
540 343 400 558 0 8 0
540 351 397 555 0 -8 0
540 343 394 552 0 0 0
540 343 391 549 0 -8 0
540 335 388 546 0 -8 0
540 327 385 543 0 -8 0
540 319 382 540 0 -8 0
540 311 379 537 0 8 0
540 319 376 534 0 -8 0
540 311 373 531 0 8 0
540 319 370 528 0 0 0
540 319 367 525 0 0 0
540 319 364 522 0 0 0
540 319 361 519 0 8 0
540 327 358 516 0 -8 0
540 319 355 513 0 -8 0
540 311 352 510 0 -8 0
540 303 349 507 0 8 0
540 311 346 504 0 -8 0
540 303 343 501 0 8 0
540 311 340 498 0 8 0
540 319 337 495 0 8 0
540 327 334 492 0 8 0
540 335 331 489 -8 0 0
532 335 328 486 0 0 0
532 335 325 483 0 0 0
532 335 322 480 -8 8 0
524 343 319 477 0 -8 0
524 335 316 474 0 0 0
524 335 313 471 -8 8 0
516 343 310 468 0 -8 0
516 335 307 465 -8 8 0
508 343 304 462 0 8 0
508 351 301 459 0 -8 0
508 343 298 456 -8 -8 0
500 335 295 453 0 -8 0
500 327 292 450 0 8 0
500 335 289 447 -8 0 0
492 335 286 444 0 8 0
492 343 283 441 -8 -8 0
484 335 280 438 0 8 0
484 343 277 435 0 8 0
484 351 274 432 -8 -8 0
476 343 271 429 0 -8 0
476 335 268 426 0 -8 0
476 327 265 423 -8 8 0
468 335 262 420 0 0 0
468 335 259 417 -8 -8 0
460 327 256 414 0 0 0
460 327 253 411 0 -8 0
460 319 250 408 -8 -8 0
452 311 247 405 0 8 0
452 319 244 402 0 8 0
452 327 241 399 -8 -8 0
444 319 238 396 0 -8 0
444 311 235 393 -8 0 0
436 311 232 390 0 0 0
436 311 229 387 0 0 0
436 311 226 384 -8 8 0
428 319 223 381 0 0 0
428 319 220 378 0 -8 0
428 311 217 375 -8 0 0
420 311 214 372 0 -8 0
420 303 211 369 -8 8 0
412 311 208 366 0 8 0
412 319 205 363 0 8 0
412 327 202 360 -8 -8 0
404 319 199 357 0 -8 0
404 311 196 354 0 8 0
404 319 193 351 -8 0 0
396 319 190 348 0 -8 0
396 311 187 345 -8 -8 0
388 303 184 342 0 0 0
388 303 181 339 0 0 0
388 303 178 336 -8 8 0
380 311 175 333 0 0 0
380 311 172 330 0 0 0
380 311 169 327 -8 0 0
372 311 166 324 0 0 0
372 311 163 321 -8 0 0
364 311 160 318 0 8 0
364 319 157 315 0 8 0
364 327 154 312 -8 0 0
356 327 151 309 0 8 0
356 335 148 306 0 -8 0
356 327 145 303 -8 0 0
348 327 142 300 0 -8 0
348 319 139 297 -8 8 0
340 327 136 294 0 8 0
340 335 133 291 0 8 0
340 343 130 288 -8 -8 0
332 335 127 285 0 8 0
332 343 124 282 0 8 0
332 351 121 279 -8 0 0
324 351 118 276 0 0 0
324 351 115 273 -8 0 0
316 351 112 270 0 -8 0
316 343 109 267 0 -8 0
316 335 106 264 -8 -8 0
308 327 103 261 0 -8 0
308 319 100 258 0 8 0
308 327 97 255 -8 8 0
300 335 94 252 0 0 0
300 335 91 249 -8 0 0
292 335 88 246 0 0 0
292 335 85 243 0 -8 0
292 327 82 240 -8 -8 0
284 319 79 237 0 0 0
284 319 76 234 0 0 0
284 319 73 231 -8 8 0
276 327 70 228 0 -8 0
276 319 67 225 -8 0 0
268 319 64 222 0 -8 0
268 311 61 219 0 -8 0
268 303 58 216 -8 -8 0
260 295 55 213 0 8 0
260 303 52 210 0 -8 0
260 295 49 207 -8 0 0
252 295 46 204 0 -8 0
252 287 43 201 -8 8 0
244 295 40 198 0 8 0
244 303 37 195 0 -8 0
244 295 34 192 -8 8 0
236 303 31 189 0 8 0
236 311 28 186 0 8 0
236 319 25 183 -8 -8 0
228 311 22 180 0 -8 0
228 303 19 177 0 0 1
228 303 19 177 0 0 1
228 303 19 177 0 0 1
228 303 19 177 0 0 1
228 303 19 177 0 0 1
