527 186 490 363 0 0 0
527 186 493 360 -8 0 0
519 186 496 357 -8 -8 0
511 178 499 354 -8 8 0
503 186 502 351 -8 8 0
495 194 505 348 -8 8 0
487 202 508 345 -8 8 0
479 210 511 342 -8 8 0
471 218 514 339 -8 -8 0
463 210 517 336 -8 0 0
455 210 520 333 -8 -8 0
447 202 523 330 -8 -8 0
439 194 526 327 -8 8 0
431 202 529 324 -8 0 0
423 202 532 321 -8 0 0
415 202 535 318 -8 0 0
407 202 538 315 -8 -8 0
399 194 541 312 -8 8 0
391 202 544 309 -8 8 0
383 210 547 306 -8 8 0
375 218 550 303 -8 0 0
367 218 553 300 -8 0 0
359 218 556 297 -8 8 0
351 226 559 294 -8 8 0
343 234 562 291 -8 -8 0
335 226 565 288 0 0 0
335 226 568 285 0 8 0
335 234 571 282 -8 8 0
327 242 574 279 0 -8 0
327 234 577 276 -8 -8 0
319 226 580 273 0 0 0
319 226 583 270 0 8 0
319 234 586 267 -8 0 0
311 234 589 264 0 0 0
311 234 592 261 0 8 0
311 242 595 258 -8 -8 0
303 234 598 255 0 -8 0
303 226 601 252 -8 8 0
295 234 604 249 0 -8 0
295 226 607 246 0 -8 0
295 218 610 243 -8 0 0
287 218 613 240 0 0 0
287 218 616 237 0 0 0
287 218 619 234 -8 8 0
279 226 622 231 0 -8 0
279 218 625 228 -8 0 0
271 218 628 225 0 8 0
271 226 631 222 0 -8 0
271 218 634 219 -8 8 0
263 226 637 216 0 -8 0
263 218 640 213 0 -8 0
263 210 643 210 -8 -8 0
255 202 646 207 0 0 0
255 202 649 204 -8 -8 0
247 194 652 201 0 8 0
247 202 655 198 0 8 0
247 210 658 195 -8 0 0
239 210 661 192 0 -8 0
239 202 664 189 0 0 0
239 202 667 186 -8 -8 0
231 194 670 183 0 8 0
231 202 673 180 -8 8 0
223 210 676 177 0 0 0
223 210 679 174 0 0 0
223 210 682 171 -8 0 0
215 210 685 168 0 0 0
215 210 688 165 0 8 0
215 218 691 162 -8 8 0
207 226 694 159 0 8 0
207 234 697 156 -8 8 0
199 242 700 153 0 8 0
199 250 703 150 0 -8 0
199 242 706 147 -8 8 0
191 250 709 144 0 0 0
191 250 712 141 0 0 0
191 250 715 138 -8 8 0
183 258 718 135 0 -8 0
183 250 721 132 -8 8 0
175 258 724 129 0 8 0
175 266 727 126 0 8 0
175 274 730 123 -8 0 0
167 274 733 120 0 8 0
167 282 736 117 0 -8 0
167 274 739 114 -8 -8 0
159 266 742 111 0 0 0
159 266 745 108 -8 0 0
151 266 748 105 0 0 0
151 266 751 102 0 -8 0
151 258 754 99 -8 8 0
143 266 757 96 0 0 0
143 266 760 93 0 0 0
143 266 763 90 -8 0 0
135 266 766 87 0 0 0
135 266 769 84 -8 0 0
127 266 772 81 0 8 0
127 274 775 78 0 0 0
127 274 778 75 -8 -8 0
119 266 781 72 0 0 1
119 266 781 72 0 0 1
119 266 781 72 0 0 1
119 266 781 72 0 0 1
119 266 781 72 0 0 1
