287 173 184 204 0 0 0
287 173 181 201 -8 8 0
279 181 178 198 -8 -8 0
271 173 175 195 -8 0 0
263 173 172 192 -8 8 0
255 181 169 189 -8 8 0
247 189 166 186 -8 8 0
239 197 163 183 -8 8 0
231 205 160 180 -8 0 0
223 205 157 177 0 -8 0
223 197 154 174 0 0 0
223 197 151 171 -8 0 0
215 197 148 168 0 8 0
215 205 145 165 0 -8 0
215 197 142 162 -8 8 0
207 205 139 159 0 0 0
207 205 136 156 -8 0 0
199 205 133 153 0 0 0
199 205 130 150 0 8 0
199 213 127 147 -8 8 0
191 221 124 144 0 -8 0
191 213 121 141 0 0 0
191 213 118 138 -8 -8 0
183 205 115 135 0 8 0
183 213 112 132 -8 8 0
175 221 109 129 0 0 0
175 221 106 126 0 8 0
175 229 103 123 -8 0 0
167 229 100 120 0 0 0
167 229 97 117 0 8 0
167 237 94 114 -8 -8 0
159 229 91 111 0 0 0
159 229 88 108 -8 0 0
151 229 85 105 0 0 0
151 229 82 102 0 -8 0
151 221 79 99 -8 8 0
143 229 76 96 0 8 0
143 237 73 93 0 8 0
143 245 70 90 -8 8 0
135 253 67 87 0 8 0
135 261 64 84 -8 -8 0
127 253 61 81 0 -8 0
127 245 58 78 0 8 0
127 253 55 75 -8 -8 0
119 245 52 72 0 8 0
119 253 49 69 0 -8 0
119 245 46 66 -8 0 0
111 245 43 63 0 8 0
111 253 40 60 -8 0 0
103 253 37 57 0 0 0
103 253 34 54 0 8 0
103 261 31 51 -8 -8 0
95 253 28 48 0 -8 0
95 245 25 45 0 0 0
95 245 22 42 -8 -8 0
87 237 19 39 0 -8 0
87 229 22 36 -8 -8 0
79 221 25 33 0 0 0
79 221 28 30 0 8 0
79 229 31 27 -8 -8 0
71 221 34 24 0 -8 0
71 213 37 21 0 8 0
71 221 40 18 -8 0 0
63 221 43 15 0 -8 0
63 213 46 12 -8 0 0
60 213 49 9 -8 0 0
60 213 52 12 0 0 0
60 213 55 15 0 -8 0
60 205 58 18 0 0 0
60 205 61 21 0 8 0
60 213 64 24 0 8 0
60 221 67 27 0 -8 0
60 213 70 30 0 -8 0
60 205 73 33 0 0 0
60 205 76 36 0 0 0
60 205 79 39 0 8 0
60 213 82 42 0 0 0
60 213 85 45 0 -8 0
60 205 88 48 0 0 0
60 205 91 51 0 8 0
60 213 94 54 0 0 0
60 213 97 57 0 8 0
60 221 100 60 0 -8 0
60 213 103 63 0 0 0
60 213 106 66 0 8 0
60 221 109 69 0 0 0
60 221 112 72 0 0 0
60 221 115 75 0 -8 0
60 213 118 78 0 -8 0
60 205 121 81 0 8 0
60 213 124 84 0 8 0
60 221 127 87 0 0 0
60 221 130 90 0 0 0
60 221 133 93 0 0 0
60 221 136 96 0 -8 0
60 213 139 99 0 8 0
60 221 142 102 0 -8 0
60 213 145 105 0 0 0
60 213 148 108 0 8 0
60 221 151 111 8 0 0
68 221 154 114 0 0 0
68 221 157 117 0 8 0
68 229 160 120 8 0 0
76 229 163 123 0 -8 0
76 221 166 126 0 0 0
76 221 169 129 8 8 0
84 229 172 132 0 -8 0
84 221 175 135 8 0 0
92 221 178 138 0 0 0
92 221 181 141 0 -8 0
92 213 184 144 8 0 0
100 213 187 147 0 8 0
100 221 190 150 0 -8 0
100 213 193 153 8 8 0
108 221 196 156 0 0 0
108 221 199 159 8 0 0
116 221 202 162 0 -8 0
116 213 205 165 0 0 0
116 213 208 168 8 8 0
124 221 211 171 0 -8 0
124 213 214 174 0 -8 0
124 205 217 177 8 0 0
132 205 220 180 0 8 0
132 213 223 183 8 8 0
140 221 226 186 0 -8 0
140 213 229 189 0 0 0
140 213 232 192 8 0 0
148 213 235 195 0 -8 0
148 205 238 198 0 8 0
148 213 241 201 8 0 0
156 213 244 204 0 -8 0
156 205 247 207 8 -8 0
164 197 250 210 0 -8 0
164 189 253 213 0 -8 0
164 181 256 216 8 8 0
172 189 259 219 0 0 0
172 189 262 222 0 -8 0
172 181 265 225 8 8 0
180 189 268 228 0 0 0
180 189 271 231 8 -8 0
188 181 274 234 0 8 0
188 189 277 237 0 8 0
188 197 280 240 8 -8 0
196 189 283 243 0 -8 0
196 181 286 246 0 0 0
196 181 289 249 8 8 0
204 189 292 252 0 8 0
204 197 295 255 8 8 0
212 205 298 258 0 0 0
212 205 301 261 0 8 0
212 213 304 264 8 0 0
220 213 307 267 0 0 0
220 213 310 270 0 -8 0
220 205 313 273 8 -8 0
228 197 316 276 0 8 0
228 205 319 279 8 -8 0
236 197 322 282 0 8 0
236 205 325 285 0 0 0
236 205 328 288 8 0 0
244 205 331 291 0 8 0
244 213 334 294 0 -8 0
244 205 337 297 8 0 0
252 205 340 300 0 8 0
252 213 343 303 8 0 0
260 213 346 306 0 8 0
260 221 349 309 0 -8 0
260 213 352 312 8 0 0
268 213 355 315 0 0 0
268 213 358 318 0 -8 0
268 205 361 321 8 -8 0
276 197 364 324 0 0 0
276 197 367 327 8 8 0
284 205 370 330 0 -8 0
284 197 373 333 0 8 0
284 205 376 336 8 -8 0
292 197 379 339 0 8 0
292 205 382 342 0 8 0
292 213 385 345 8 -8 0
300 205 388 348 0 8 0
300 213 391 351 8 0 0
308 213 394 354 0 8 0
308 221 397 357 0 -8 0
308 213 400 360 8 8 0
316 221 403 363 0 0 0
316 221 406 366 0 8 0
316 229 409 369 8 -8 0
324 221 412 372 0 -8 0
324 213 415 375 8 -8 0
332 205 418 378 0 0 0
332 205 421 381 0 -8 0
332 197 424 384 8 8 0
340 205 427 387 0 8 0
340 213 430 390 0 -8 0
340 205 433 393 8 8 0
348 213 436 396 0 8 0
348 221 439 399 8 -8 0
356 213 442 402 0 -8 0
356 205 445 405 0 -8 0
356 197 448 408 8 0 0
364 197 451 411 0 8 0
364 205 454 414 0 -8 0
364 197 457 417 8 8 0
372 205 460 420 0 0 0
372 205 463 423 8 -8 0
380 197 466 426 0 0 0
380 197 469 429 0 8 0
380 205 472 432 8 8 0
388 213 475 435 0 8 0
388 221 478 438 0 0 0
388 221 481 441 8 0 0
396 221 484 444 0 0 0
396 221 487 447 8 -8 0
404 213 490 450 0 8 0
404 221 493 453 0 8 0
404 229 496 456 8 8 0
412 237 499 459 0 8 0
412 245 502 462 0 -8 0
412 237 505 465 8 8 0
420 245 508 468 0 -8 0
420 237 511 471 8 8 0
428 245 514 474 0 8 0
428 253 517 477 0 -8 0
428 245 520 480 8 8 0
436 253 523 483 0 -8 0
436 245 526 486 0 -8 0
436 237 529 489 8 8 0
444 245 532 492 0 8 0
444 253 535 495 8 8 0
452 261 538 498 0 0 0
452 261 541 501 0 0 0
452 261 544 504 8 0 0
460 261 547 507 0 -8 0
460 253 550 510 0 -8 0
460 245 553 513 8 -8 0
468 237 556 516 0 8 0
468 245 559 519 8 8 0
476 253 562 522 0 0 0
476 253 565 525 0 0 0
476 253 568 528 8 8 0
484 261 571 531 0 0 0
484 261 574 534 0 -8 0
484 253 577 537 8 0 0
492 253 580 540 0 0 0
492 253 583 543 8 -8 0
500 245 586 546 0 8 0
500 253 589 549 0 8 0
500 261 592 552 8 8 0
508 269 595 555 0 -8 0
508 261 598 558 0 8 0
508 269 601 561 8 -8 0
516 261 604 564 0 8 0
516 269 607 567 8 0 0
524 269 610 570 0 0 0
524 269 613 573 0 0 0
524 269 616 576 8 -8 0
532 261 619 579 0 -8 0
532 253 622 582 0 -8 0
532 245 625 585 8 -8 0
540 237 628 588 0 8 0
540 245 631 591 8 8 0
540 253 634 588 0 8 0
540 261 637 585 0 0 0
540 261 640 582 0 -8 0
540 253 643 579 0 -8 0
540 245 646 576 0 -8 0
540 237 649 573 0 -8 0
540 229 652 570 0 0 0
540 229 655 567 0 -8 0
540 221 658 564 0 -8 0
540 213 661 561 0 8 0
540 221 664 558 0 8 0
540 229 667 555 0 0 0
540 229 670 552 0 8 0
540 237 673 549 0 0 0
540 237 676 546 0 -8 0
540 229 679 543 0 8 0
540 237 682 540 0 -8 0
540 229 685 537 0 0 0
540 229 688 534 0 0 0
540 229 691 531 0 -8 0
540 221 694 528 0 0 0
540 221 697 525 0 0 0
540 221 700 522 0 0 0
540 221 703 519 0 -8 0
540 213 706 516 0 -8 0
540 205 709 513 0 8 0
540 213 712 510 0 -8 0
540 205 715 507 0 8 0
540 213 718 504 0 0 0
540 213 721 501 0 8 0
540 221 724 498 0 8 0
540 229 727 495 0 8 0
540 237 730 492 0 8 0
540 245 733 489 -8 -8 0
532 237 736 486 0 -8 0
532 229 739 483 0 -8 0
532 221 742 480 -8 8 0
524 229 745 477 0 0 0
524 229 748 474 0 -8 0
524 221 751 471 -8 0 0
516 221 754 468 0 -8 0
516 213 757 465 -8 8 0
508 221 760 462 0 -8 0
508 213 763 459 0 0 0
508 213 766 456 -8 -8 0
500 205 769 453 0 8 0
500 213 772 450 0 -8 0
500 205 775 447 -8 8 0
492 213 778 444 0 8 0
492 221 781 441 0 0 1
492 221 781 441 0 0 1
492 221 781 441 0 0 1
492 221 781 441 0 0 1
492 221 781 441 0 0 1
