269 261 352 279 0 0 0
269 261 355 276 0 0 0
269 261 358 273 0 -8 0
269 253 361 270 0 8 0
269 261 364 267 0 0 0
269 261 367 264 0 8 0
269 269 370 261 0 0 0
269 269 373 258 0 0 0
269 269 376 255 0 -8 0
269 261 379 252 0 -8 0
269 253 382 249 0 0 0
269 253 385 246 0 0 0
269 253 388 243 0 0 0
269 253 391 240 0 8 0
269 261 394 237 0 0 0
269 261 397 234 0 8 0
269 269 400 231 0 -8 0
269 261 403 228 0 8 0
269 269 406 225 0 -8 0
269 261 409 222 0 0 0
269 261 412 219 0 8 0
269 269 415 216 -8 -8 0
261 261 418 213 0 0 0
261 261 421 210 -8 -8 0
253 253 424 207 0 0 0
253 253 427 204 0 -8 0
253 245 430 201 -8 8 0
245 253 433 198 0 8 0
245 261 436 195 0 8 0
245 269 439 192 -8 -8 0
237 261 442 189 0 0 0
237 261 445 186 -8 8 0
229 269 448 183 0 0 0
229 269 451 180 0 -8 0
229 261 454 177 -8 8 0
221 269 457 174 0 0 0
221 269 460 171 0 0 0
221 269 463 168 -8 0 0
213 269 466 165 0 8 0
213 277 469 162 -8 8 0
205 285 472 159 0 -8 0
205 277 475 156 0 0 0
205 277 478 153 -8 0 0
197 277 481 150 0 -8 0
197 269 484 147 0 8 0
197 277 487 144 -8 -8 0
189 269 490 141 0 -8 0
189 261 493 138 -8 0 0
181 261 496 135 0 -8 0
181 253 499 132 0 0 0
181 253 502 129 -8 -8 0
173 245 505 126 0 0 0
173 245 508 123 0 0 0
173 245 511 120 -8 -8 0
165 237 514 117 0 -8 0
165 229 517 114 -8 -8 0
157 221 520 111 0 8 0
157 229 523 108 0 0 0
157 229 526 105 -8 8 0
149 237 529 102 0 -8 0
149 229 532 99 0 8 0
149 237 535 96 -8 8 0
141 245 538 93 0 8 0
141 253 541 90 -8 0 0
133 253 544 87 0 -8 0
133 245 547 84 0 0 0
133 245 550 81 -8 -8 0
125 237 553 78 0 8 0
125 245 556 75 0 -8 0
125 237 559 72 -8 -8 0
117 229 562 69 0 -8 0
117 221 565 66 -8 0 0
109 221 568 63 0 -8 0
109 213 571 60 0 8 0
109 221 574 57 -8 8 0
101 229 577 54 0 -8 0
101 221 580 51 0 0 0
101 221 583 48 -8 -8 0
93 213 586 45 0 -8 0
93 205 589 42 -8 -8 0
85 197 592 39 0 0 0
85 197 595 36 0 0 0
85 197 598 33 -8 8 0
77 205 601 30 0 8 0
77 213 604 27 0 8 0
77 221 607 24 -8 8 0
69 229 610 21 0 -8 0
69 221 613 18 -8 8 0
61 229 616 15 0 8 0
61 237 619 12 0 8 0
61 245 622 9 -8 8 0
60 253 625 12 0 -8 0
60 245 628 15 0 0 0
60 245 631 18 0 0 0
60 245 634 21 0 -8 0
60 237 637 24 0 8 0
60 245 640 27 0 0 0
60 245 643 30 0 8 0
60 253 646 33 0 0 0
60 253 649 36 0 0 0
60 253 652 39 0 0 0
60 253 655 42 0 0 0
60 253 658 45 0 -8 0
60 245 661 48 0 -8 0
60 237 664 51 0 0 0
60 237 667 54 0 8 0
60 245 670 57 0 8 0
60 253 673 60 0 0 0
60 253 676 63 0 0 0
60 253 679 66 0 -8 0
60 245 682 69 0 0 0
60 245 685 72 0 0 0
60 245 688 75 0 -8 0
60 237 691 78 0 8 0
60 245 694 81 0 0 0
60 245 697 84 0 0 0
60 245 700 87 0 8 0
60 253 703 90 0 -8 0
60 245 706 93 0 8 0
60 253 709 96 0 0 0
60 253 712 99 0 8 0
60 261 715 102 0 8 0
60 269 718 105 0 0 0
60 269 721 108 0 8 0
60 277 724 111 8 8 0
68 285 727 114 0 -8 0
68 277 730 117 0 8 0
68 285 733 120 8 0 0
76 285 736 123 0 8 0
76 293 739 126 0 8 0
76 301 742 129 8 0 0
84 301 745 132 0 -8 0
84 293 748 135 8 -8 0
92 285 751 138 0 8 0
92 293 754 141 0 0 0
92 293 757 144 8 0 0
100 293 760 147 0 8 0
100 301 763 150 0 -8 0
100 293 766 153 8 0 0
108 293 769 156 0 -8 0
108 285 772 159 8 8 0
116 293 775 162 0 8 0
116 301 778 165 0 -8 0
116 293 781 168 0 0 1
116 293 781 168 0 0 1
116 293 781 168 0 0 1
116 293 781 168 0 0 1
116 293 781 168 0 0 1
