138 442 445 186 0 0 0
138 442 448 183 0 -8 0
138 434 451 180 0 -8 0
138 426 454 177 0 -8 0
138 418 457 174 0 -8 0
138 410 460 171 0 -8 0
138 402 463 168 0 0 0
138 402 466 165 0 0 0
138 402 469 162 0 0 0
138 402 472 159 0 0 0
138 402 475 156 0 -8 0
138 394 478 153 0 -8 0
138 386 481 150 0 0 0
138 386 484 147 0 8 0
138 394 487 144 0 -8 0
138 386 490 141 0 0 0
138 386 493 138 0 -8 0
138 378 496 135 0 0 0
138 378 499 132 0 0 0
138 378 502 129 0 -8 0
138 370 505 126 0 0 0
138 370 508 123 0 0 0
138 370 511 120 0 0 0
138 370 514 117 0 8 0
138 378 517 114 0 8 0
138 386 520 111 0 8 0
138 394 523 108 0 0 0
138 394 526 105 0 -8 0
138 386 529 102 0 -8 0
138 378 532 99 0 8 0
138 386 535 96 0 8 0
138 394 538 93 0 -8 0
138 386 541 90 0 0 0
138 386 544 87 -8 0 0
130 386 547 84 0 -8 0
130 378 550 81 0 -8 0
130 370 553 78 -8 -8 0
122 362 556 75 0 0 0
122 362 559 72 0 -8 0
122 354 562 69 -8 0 0
114 354 565 66 0 8 0
114 362 568 63 -8 8 0
106 370 571 60 0 8 0
106 378 574 57 0 -8 0
106 370 577 54 -8 8 0
98 378 580 51 0 -8 0
98 370 583 48 0 8 0
98 378 586 45 -8 8 0
90 386 589 42 0 8 0
90 394 592 39 -8 0 0
82 394 595 36 0 8 0
82 402 598 33 0 -8 0
82 394 601 30 -8 0 0
74 394 604 27 0 0 0
74 394 607 24 0 -8 0
74 386 610 21 -8 -8 0
66 378 613 18 0 8 0
66 386 616 15 -8 -8 0
60 378 619 12 0 0 0
60 378 622 9 -8 0 0
60 378 625 12 0 8 0
60 386 628 15 0 0 0
60 386 631 18 0 0 0
60 386 634 21 0 0 0
60 386 637 24 0 8 0
60 394 640 27 0 8 0
60 402 643 30 0 0 0
60 402 646 33 0 -8 0
60 394 649 36 0 8 0
60 402 652 39 0 0 0
60 402 655 42 0 8 0
60 410 658 45 0 8 0
60 418 661 48 0 -8 0
60 410 664 51 0 -8 0
60 402 667 54 0 0 0
60 402 670 57 0 8 0
60 410 673 60 0 -8 0
60 402 676 63 0 0 0
60 402 679 66 0 -8 0
60 394 682 69 0 -8 0
60 386 685 72 0 0 0
60 386 688 75 0 -8 0
60 378 691 78 0 0 0
60 378 694 81 0 8 0
60 386 697 84 0 8 0
60 394 700 87 0 0 0
60 394 703 90 0 0 0
60 394 706 93 0 0 0
60 394 709 96 0 0 0
60 394 712 99 0 0 0
60 394 715 102 0 -8 0
60 386 718 105 0 8 0
60 394 721 108 0 -8 0
60 386 724 111 8 0 0
68 386 727 114 0 0 0
68 386 730 117 0 0 0
68 386 733 120 8 8 0
76 394 736 123 0 0 0
76 394 739 126 0 -8 0
76 386 742 129 8 -8 0
84 378 745 132 0 8 0
84 386 748 135 8 8 0
92 394 751 138 0 8 0
92 402 754 141 0 -8 0
92 394 757 144 8 8 0
100 402 760 147 0 8 0
100 410 763 150 0 0 0
100 410 766 153 8 -8 0
108 402 769 156 0 0 0
108 402 772 159 8 0 0
116 402 775 162 0 0 0
116 402 778 165 0 8 0
116 410 781 168 0 0 1
116 410 781 168 0 0 1
116 410 781 168 0 0 1
116 410 781 168 0 0 1
116 410 781 168 0 0 1
