409 419 331 384 0 0 0
409 419 334 387 0 -8 0
409 411 337 390 0 -8 0
409 403 340 393 0 8 0
409 411 343 396 0 -8 0
409 403 346 399 0 0 0
409 403 349 402 0 0 0
409 403 352 405 0 0 0
409 403 355 408 0 -8 0
409 395 358 411 0 -8 0
409 387 361 414 0 -8 0
409 379 364 417 0 0 0
409 379 367 420 0 -8 0
409 371 370 423 0 8 0
409 379 373 426 0 0 0
409 379 376 429 0 0 0
409 379 379 432 0 0 0
409 379 382 435 0 -8 0
409 371 385 438 0 0 0
409 371 388 441 0 8 0
409 379 391 444 0 0 0
409 379 394 447 0 0 0
409 379 397 450 0 0 0
409 379 400 453 0 8 0
409 387 403 456 0 -8 0
409 379 406 459 0 -8 0
409 371 409 462 8 8 0
417 379 412 465 0 8 0
417 387 415 468 8 8 0
425 395 418 471 0 -8 0
425 387 421 474 0 8 0
425 395 424 477 8 -8 0
433 387 427 480 0 0 0
433 387 430 483 0 8 0
433 395 433 486 8 0 0
441 395 436 489 0 8 0
441 403 439 492 8 8 0
449 411 442 495 0 -8 0
449 403 445 498 0 0 0
449 403 448 501 8 8 0
457 411 451 504 0 8 0
457 419 454 507 0 0 0
457 419 457 510 8 8 0
465 427 460 513 0 -8 0
465 419 463 516 8 0 0
473 419 466 519 0 0 0
473 419 469 522 0 -8 0
473 411 472 525 8 0 0
481 411 475 528 0 -8 0
481 403 478 531 0 -8 0
481 395 481 534 8 -8 0
489 387 484 537 0 -8 0
489 379 487 540 8 0 0
497 379 490 543 0 -8 0
497 371 493 546 0 -8 0
497 363 496 549 8 -8 0
505 355 499 552 0 8 0
505 363 502 555 0 -8 0
505 355 505 558 8 8 0
513 363 508 561 0 -8 0
513 355 511 564 8 0 0
521 355 514 567 0 -8 0
521 347 517 570 0 -8 0
521 339 520 573 8 0 0
529 339 523 576 0 0 0
529 339 526 579 0 -8 0
529 331 529 582 8 0 0
537 331 532 585 0 -8 0
537 323 535 588 8 -8 0
540 315 538 591 8 -8 0
540 307 541 588 0 8 0
540 315 544 585 0 -8 0
540 307 547 582 0 0 0
540 307 550 579 0 -8 0
540 299 553 576 0 0 0
540 299 556 573 0 8 0
540 307 559 570 0 0 0
540 307 562 567 0 0 0
540 307 565 564 0 8 0
540 315 568 561 0 8 0
540 323 571 558 0 0 0
540 323 574 555 0 8 0
540 331 577 552 0 -8 0
540 323 580 549 0 8 0
540 331 583 546 0 0 0
540 331 586 543 0 8 0
540 339 589 540 0 0 0
540 339 592 537 0 8 0
540 347 595 534 0 8 0
540 355 598 531 0 0 0
540 355 601 528 0 8 0
540 363 604 525 0 8 0
540 371 607 522 0 -8 0
540 363 610 519 0 0 0
540 363 613 516 0 8 0
540 371 616 513 0 0 0
540 371 619 510 0 8 0
540 379 622 507 0 8 0
540 387 625 504 0 8 0
540 395 628 501 0 8 0
540 403 631 498 0 -8 0
540 395 634 495 0 -8 0
540 387 637 492 0 -8 0
540 379 640 489 -8 0 0
532 379 643 486 0 -8 0
532 371 646 483 0 8 0
532 379 649 480 -8 -8 0
524 371 652 477 0 8 0
524 379 655 474 0 -8 0
524 371 658 471 -8 8 0
516 379 661 468 0 -8 0
516 371 664 465 -8 -8 0
508 363 667 462 0 -8 0
508 355 670 459 0 0 0
508 355 673 456 -8 -8 0
500 347 676 453 0 0 0
500 347 679 450 0 0 0
500 347 682 447 -8 -8 0
492 339 685 444 0 -8 0
492 331 688 441 -8 0 0
484 331 691 438 0 -8 0
484 323 694 435 0 -8 0
484 315 697 432 -8 -8 0
476 307 700 429 0 -8 0
476 299 703 426 0 8 0
476 307 706 423 -8 8 0
468 315 709 420 0 0 0
468 315 712 417 -8 0 0
460 315 715 414 0 8 0
460 323 718 411 0 -8 0
460 315 721 408 -8 8 0
452 323 724 405 0 0 0
452 323 727 402 0 8 0
452 331 730 399 -8 -8 0
444 323 733 396 0 -8 0
444 315 736 393 -8 -8 0
436 307 739 390 0 -8 0
436 299 742 387 0 0 0
436 299 745 384 -8 0 0
428 299 748 381 0 0 0
428 299 751 378 0 0 0
428 299 754 375 -8 -8 0
420 291 757 372 0 0 0
420 291 760 369 -8 8 0
412 299 763 366 0 -8 0
412 291 766 363 0 0 0
412 291 769 360 -8 -8 0
404 283 772 357 0 8 0
404 291 775 354 0 8 0
404 299 778 351 -8 0 0
396 299 781 348 0 -8 0
396 291 778 345 -8 0 0
388 291 775 342 0 0 0
388 291 772 339 0 8 0
388 299 769 336 -8 -8 0
380 291 766 333 0 -8 0
380 283 763 330 0 0 0
380 283 760 327 -8 8 0
372 291 757 324 0 0 0
372 291 754 321 -8 8 0
364 299 751 318 0 -8 0
364 291 748 315 0 -8 0
364 283 745 312 -8 -8 0
356 275 742 309 0 -8 0
356 267 739 306 0 0 0
356 267 736 303 -8 -8 0
348 259 733 300 0 8 0
348 267 730 297 -8 0 0
340 267 727 294 0 0 0
340 267 724 291 0 0 0
340 267 721 288 -8 -8 0
332 259 718 285 0 8 0
332 267 715 282 0 0 0
332 267 712 279 -8 8 0
324 275 709 276 0 -8 0
324 267 706 273 -8 8 0
316 275 703 270 0 -8 0
316 267 700 267 0 0 0
316 267 697 264 -8 0 0
308 267 694 261 0 0 0
308 267 691 258 0 -8 0
308 259 688 255 -8 0 0
300 259 685 252 0 -8 0
300 251 682 249 -8 0 0
292 251 679 246 0 -8 0
292 243 676 243 0 8 0
292 251 673 240 -8 0 0
284 251 670 237 0 8 0
284 259 667 234 0 0 0
284 259 664 231 -8 -8 0
276 251 661 228 0 -8 0
276 243 658 225 -8 8 0
268 251 655 222 0 -8 0
268 243 652 219 0 8 0
268 251 649 216 -8 8 0
260 259 646 213 0 0 0
260 259 643 210 0 -8 0
260 251 640 207 -8 0 0
252 251 637 204 0 8 0
252 259 634 201 -8 -8 0
244 251 631 198 0 -8 0
244 243 628 195 0 8 0
244 251 625 192 -8 8 0
236 259 622 189 0 0 0
236 259 619 186 0 -8 0
236 251 616 183 -8 0 0
228 251 613 180 0 0 0
228 251 610 177 -8 -8 0
220 243 607 174 0 0 0
220 243 604 171 0 -8 0
220 235 601 168 -8 8 0
212 243 598 165 0 8 0
212 251 595 162 0 8 0
212 259 592 159 -8 8 0
204 267 589 156 0 -8 0
204 259 586 153 -8 0 0
196 259 583 150 0 -8 0
196 251 580 147 0 0 0
196 251 577 144 -8 0 0
188 251 574 141 0 0 0
188 251 571 138 0 -8 0
188 243 568 135 -8 8 0
180 251 565 132 0 0 0
180 251 562 129 -8 8 0
172 259 559 126 0 8 0
172 267 556 123 0 0 0
172 267 553 120 -8 8 0
164 275 550 117 0 0 0
164 275 547 114 0 -8 0
164 267 544 111 -8 8 0
156 275 541 108 0 -8 0
156 267 538 105 -8 -8 0
148 259 535 102 0 -8 0
148 251 532 99 0 8 0
148 259 529 96 -8 8 0
140 267 526 93 0 -8 0
140 259 523 90 0 8 0
140 267 520 87 -8 0 0
132 267 517 84 0 0 0
132 267 514 81 -8 8 0
124 275 511 78 0 8 0
124 283 508 75 0 0 0
124 283 505 72 -8 0 0
116 283 502 69 0 8 0
116 291 499 66 0 8 0
116 299 496 63 -8 -8 0
108 291 493 60 0 -8 0
108 283 490 57 -8 -8 0
100 275 487 54 0 8 0
100 283 484 51 0 -8 0
100 275 481 48 -8 -8 0
92 267 478 45 0 8 0
92 275 475 42 0 8 0
92 283 472 39 -8 0 0
84 283 469 36 0 0 0
84 283 466 33 -8 -8 0
76 275 463 30 0 -8 0
76 267 460 27 0 0 0
76 267 457 24 -8 -8 0
68 259 454 21 0 -8 0
68 251 451 18 0 -8 0
68 243 448 15 -8 0 0
60 243 445 12 0 -8 0
60 235 442 9 -8 8 0
60 243 439 12 0 0 0
60 243 436 15 0 -8 0
60 235 433 18 0 8 0
60 243 430 21 0 -8 0
60 235 427 24 0 8 0
60 243 424 27 0 -8 0
60 235 421 30 0 0 0
60 235 418 33 0 -8 0
60 227 415 36 0 -8 0
60 219 412 39 0 -8 0
60 211 409 42 0 8 0
60 219 406 45 0 -8 0
60 211 403 48 0 0 0
60 211 400 51 0 0 0
60 211 397 54 0 8 0
60 219 394 57 0 8 0
60 227 391 60 0 8 0
60 235 388 63 0 8 0
60 243 385 66 0 0 0
60 243 382 69 0 0 0
60 243 379 72 0 -8 0
60 235 376 75 0 -8 0
60 227 373 78 0 0 0
60 227 370 81 0 -8 0
60 219 367 84 0 8 0
60 227 364 87 0 8 0
60 235 361 90 0 8 0
60 243 358 93 0 0 0
60 243 355 96 0 -8 0
60 235 352 99 0 8 0
60 243 349 102 0 8 0
60 251 346 105 0 0 0
60 251 343 108 0 -8 0
60 243 340 111 8 0 0
68 243 337 114 0 0 0
68 243 334 117 0 8 0
68 251 331 120 8 8 0
76 259 328 123 0 0 0
76 259 325 126 0 8 0
76 267 322 129 8 -8 0
84 259 319 132 0 8 0
84 267 316 135 8 -8 0
92 259 313 138 0 -8 0
92 251 310 141 0 -8 0
92 243 307 144 8 0 0
100 243 304 147 0 8 0
100 251 301 150 0 8 0
100 259 298 153 8 -8 0
108 251 295 156 0 8 0
108 259 292 159 8 0 0
116 259 289 162 0 8 0
116 267 286 165 0 -8 0
116 259 283 168 8 -8 0
124 251 280 171 0 8 0
124 259 277 174 0 -8 0
124 251 274 177 8 8 0
132 259 271 180 0 -8 0
132 251 268 183 8 0 0
140 251 265 186 0 8 0
140 259 262 189 0 -8 0
140 251 259 192 8 0 0
148 251 256 195 0 -8 0
148 243 253 198 0 -8 0
148 235 250 201 8 -8 0
156 227 247 204 0 0 0
156 227 244 207 8 -8 0
164 219 241 210 0 0 0
164 219 238 213 0 0 0
164 219 235 216 8 0 0
172 219 232 219 0 -8 0
172 211 229 222 0 8 0
172 219 226 225 8 8 0
180 227 223 228 0 -8 0
180 219 220 231 8 8 0
188 227 217 234 0 8 0
188 235 214 237 0 0 0
188 235 211 240 8 0 0
196 235 208 243 0 -8 0
196 227 205 246 0 0 0
196 227 202 249 8 0 0
204 227 199 252 0 -8 0
204 219 196 255 8 -8 0
212 211 193 258 0 0 0
212 211 190 261 0 8 0
212 219 187 264 8 0 0
220 219 184 267 0 0 0
220 219 181 270 0 0 0
220 219 178 273 8 -8 0
228 211 175 276 0 8 0
228 219 172 279 8 8 0
236 227 169 282 0 0 0
236 227 166 285 0 8 0
236 235 163 288 8 8 0
244 243 160 291 0 0 0
244 243 157 294 0 8 0
244 251 154 297 8 -8 0
252 243 151 300 0 0 0
252 243 148 303 8 0 0
260 243 145 306 0 8 0
260 251 142 309 0 8 0
260 259 139 312 8 -8 0
268 251 136 315 0 0 0
268 251 133 318 0 0 0
268 251 130 321 8 -8 0
276 243 127 324 0 -8 0
276 235 124 327 8 -8 0
284 227 121 330 0 0 0
284 227 118 333 0 8 0
284 235 115 336 8 -8 0
292 227 112 339 0 8 0
292 235 109 342 0 0 0
292 235 106 345 8 8 0
300 243 103 348 0 -8 0
300 235 100 351 8 8 0
308 243 97 354 0 8 0
308 251 94 357 0 8 0
308 259 91 360 8 8 0
316 267 88 363 0 -8 0
316 259 85 366 0 8 0
316 267 82 369 8 0 0
324 267 79 372 0 8 0
324 275 76 375 8 0 0
332 275 73 378 0 8 0
332 283 70 381 0 0 0
332 283 67 384 8 -8 0
340 275 64 387 0 8 0
340 283 61 390 0 0 0
340 283 58 393 8 8 0
348 291 55 396 0 0 0
348 291 52 399 8 0 0
356 291 49 402 0 -8 0
356 283 46 405 0 8 0
356 291 43 408 8 0 0
364 291 40 411 0 0 0
364 291 37 414 0 -8 0
364 283 34 417 8 -8 0
372 275 31 420 0 8 0
372 283 28 423 8 -8 0
380 275 25 426 0 8 0
380 283 22 429 0 8 0
380 291 19 432 0 0 1
380 291 19 432 0 0 1
380 291 19 432 0 0 1
380 291 19 432 0 0 1
380 291 19 432 0 0 1
