536 189 151 171 0 0 0
536 189 148 168 -8 -8 0
528 181 145 165 -8 0 0
520 181 142 162 -8 -8 0
512 173 139 159 -8 0 0
504 173 136 156 -8 0 0
496 173 133 153 -8 -8 0
488 165 130 150 -8 0 0
480 165 127 147 -8 0 0
472 165 124 144 -8 0 0
464 165 121 141 -8 8 0
456 173 118 138 -8 -8 0
448 165 115 135 -8 8 0
440 173 112 132 -8 -8 0
432 165 109 129 -8 8 0
424 173 106 126 -8 0 0
416 173 103 123 -8 8 0
408 181 100 120 -8 0 0
400 181 97 117 -8 0 0
392 181 94 114 -8 8 0
384 189 91 111 -8 -8 0
376 181 88 108 -8 8 0
368 189 85 105 -8 -8 0
360 181 82 102 -8 8 0
352 189 79 99 -8 8 0
344 197 76 96 -8 0 0
336 197 73 93 -8 8 0
328 205 70 90 -8 8 0
320 213 67 87 -8 8 0
312 221 64 84 -8 -8 0
304 213 61 81 -8 8 0
296 221 58 78 -8 -8 0
288 213 55 75 -8 0 0
280 213 52 72 -8 -8 0
272 205 49 69 -8 8 0
264 213 46 66 -8 0 0
256 213 43 63 -8 8 0
248 221 40 60 -8 8 0
240 229 37 57 -8 0 0
232 229 34 54 -8 8 0
224 237 31 51 -8 -8 0
216 229 28 48 -8 8 0
208 237 25 45 -8 0 0
200 237 22 42 -8 8 0
192 245 19 39 0 0 1
192 245 19 39 0 0 1
192 245 19 39 0 0 1
192 245 19 39 0 0 1
192 245 19 39 0 0 1
