520 349 643 339 0 0 0
520 349 646 342 -8 -8 0
512 341 649 345 -8 -8 0
504 333 652 348 -8 -8 0
496 325 655 351 -8 8 0
488 333 658 354 -8 -8 0
480 325 661 357 -8 0 0
472 325 664 360 -8 -8 0
464 317 667 363 -8 0 0
456 317 670 366 -8 -8 0
448 309 673 369 -8 0 0
440 309 676 372 -8 8 0
432 317 679 375 -8 0 0
424 317 682 378 0 -8 0
424 309 685 381 0 0 0
424 309 688 384 0 8 0
424 317 691 387 0 -8 0
424 309 694 390 0 8 0
424 317 697 393 0 8 0
424 325 700 396 0 0 0
424 325 703 399 0 0 0
424 325 706 402 0 0 0
424 325 709 405 0 0 0
424 325 712 408 0 8 0
424 333 715 411 0 -8 0
424 325 718 414 0 -8 0
424 317 721 417 0 -8 0
424 309 724 420 0 -8 0
424 301 727 423 0 0 0
424 301 730 426 0 8 0
424 309 733 429 0 8 0
424 317 736 432 0 -8 0
424 309 739 435 0 8 0
424 317 742 438 0 0 0
424 317 745 441 0 8 0
424 325 748 444 0 -8 0
424 317 751 447 0 8 0
424 325 754 450 0 0 0
424 325 757 453 0 8 0
424 333 760 456 0 8 0
424 341 763 459 0 8 0
424 349 766 462 0 0 0
424 349 769 465 0 0 0
424 349 772 468 0 -8 0
424 341 775 471 0 8 0
424 349 778 474 0 -8 0
424 341 781 477 0 0 1
424 341 781 477 0 0 1
424 341 781 477 0 0 1
424 341 781 477 0 0 1
424 341 781 477 0 0 1
