245 287 253 240 0 0 0
245 287 250 243 0 0 0
245 287 247 246 0 8 0
245 295 244 249 0 -8 0
245 287 241 252 0 0 0
245 287 238 255 0 8 0
245 295 235 258 0 0 0
245 295 232 261 0 0 0
245 295 229 264 0 8 0
245 303 226 267 0 0 0
245 303 223 270 0 0 0
245 303 220 273 0 0 0
245 303 217 276 0 8 0
245 311 214 279 0 -8 0
245 303 211 282 0 8 0
245 311 208 285 0 0 0
245 311 205 288 0 8 0
245 319 202 291 0 0 0
245 319 199 294 0 -8 0
245 311 196 297 8 0 0
253 311 193 300 0 0 0
253 311 190 303 0 8 0
253 319 187 306 8 -8 0
261 311 184 309 0 0 0
261 311 181 312 8 8 0
269 319 178 315 0 -8 0
269 311 175 318 0 0 0
269 311 172 321 8 -8 0
277 303 169 324 0 0 0
277 303 166 327 0 8 0
277 311 163 330 8 -8 0
285 303 160 333 0 8 0
285 311 157 336 8 -8 0
293 303 154 339 0 -8 0
293 295 151 342 0 8 0
293 303 148 345 8 -8 0
301 295 145 348 0 8 0
301 303 142 351 0 8 0
301 311 139 354 8 -8 0
309 303 136 357 0 -8 0
309 295 133 360 8 0 0
317 295 130 363 0 -8 0
317 287 127 366 0 0 0
317 287 124 369 8 0 0
325 287 121 372 0 8 0
325 295 118 375 0 -8 0
325 287 115 378 8 8 0
333 295 112 381 0 -8 0
333 287 109 384 8 -8 0
341 279 106 387 0 -8 0
341 271 103 390 0 0 0
341 271 100 393 8 0 0
349 271 97 396 0 0 0
349 271 94 399 0 0 0
349 271 91 402 8 0 0
357 271 88 405 0 0 0
357 271 85 408 8 -8 0
365 263 82 411 0 0 0
365 263 79 414 0 8 0
365 271 76 417 8 0 0
373 271 73 420 0 -8 0
373 263 70 423 0 8 0
373 271 67 426 8 0 0
381 271 64 429 0 0 0
381 271 61 432 8 0 0
389 271 58 435 0 8 0
389 279 55 438 0 -8 0
389 271 52 441 8 -8 0
397 263 49 444 0 0 0
397 263 46 447 0 -8 0
397 255 43 450 8 8 0
405 263 40 453 0 0 0
405 263 37 456 8 -8 0
413 255 34 459 0 0 0
413 255 31 462 0 0 0
413 255 28 465 8 8 0
421 263 25 468 0 -8 0
421 255 22 471 0 -8 0
421 247 19 474 0 0 1
421 247 19 474 0 0 1
421 247 19 474 0 0 1
421 247 19 474 0 0 1
421 247 19 474 0 0 1
