191 157 190 213 0 0 0
191 157 187 210 0 8 0
191 165 184 207 0 0 0
191 165 181 204 0 -8 0
191 157 178 201 0 0 0
191 157 175 198 0 8 0
191 165 172 195 0 0 0
191 165 169 192 0 -8 0
191 157 166 189 0 -8 0
191 149 163 186 0 8 0
191 157 160 183 0 8 0
191 165 157 180 0 0 0
191 165 154 177 0 0 0
191 165 151 174 0 8 0
191 173 148 171 0 8 0
191 181 145 168 0 8 0
191 189 142 165 0 -8 0
191 181 139 162 0 8 0
191 189 136 159 0 8 0
191 197 133 156 0 -8 0
191 189 130 153 0 8 0
191 197 127 150 0 -8 0
191 189 124 147 0 -8 0
191 181 121 144 0 0 0
191 181 118 141 0 8 0
191 189 115 138 -8 -8 0
183 181 112 135 0 8 0
183 189 109 132 -8 -8 0
175 181 106 129 0 -8 0
175 173 103 126 0 8 0
175 181 100 123 -8 8 0
167 189 97 120 0 0 0
167 189 94 117 0 0 0
167 189 91 114 -8 0 0
159 189 88 111 0 -8 0
159 181 85 108 -8 0 0
151 181 82 105 0 -8 0
151 173 79 102 0 0 0
151 173 76 99 -8 -8 0
143 165 73 96 0 -8 0
143 157 70 93 0 -8 0
143 149 67 90 -8 -8 0
135 141 64 87 0 -8 0
135 133 61 84 -8 0 0
127 133 58 81 0 -8 0
127 125 55 78 0 -8 0
127 117 52 75 -8 -8 0
119 109 49 72 0 -8 0
119 101 46 69 0 -8 0
119 93 43 66 -8 8 0
111 101 40 63 0 8 0
111 109 37 60 -8 8 0
103 117 34 57 0 8 0
103 125 31 54 0 8 0
103 133 28 51 -8 -8 0
95 125 25 48 0 8 0
95 133 22 45 0 -8 0
95 125 19 42 0 0 1
95 125 19 42 0 0 1
95 125 19 42 0 0 1
95 125 19 42 0 0 1
95 125 19 42 0 0 1
