508 475 283 279 0 0 0
508 475 280 276 -8 0 0
500 475 277 273 -8 -8 0
492 467 274 270 -8 8 0
484 475 271 267 -8 -8 0
476 467 268 264 -8 0 0
468 467 265 261 -8 -8 0
460 459 262 258 -8 0 0
452 459 259 255 -8 -8 0
444 451 256 252 -8 0 0
436 451 253 249 -8 -8 0
428 443 250 246 -8 8 0
420 451 247 243 -8 -8 0
412 443 244 240 -8 8 0
404 451 241 237 -8 8 0
396 459 238 234 -8 0 0
388 459 235 231 -8 0 0
380 459 232 228 -8 8 0
372 467 229 225 -8 0 0
364 467 226 222 -8 0 0
356 467 223 219 -8 -8 0
348 459 220 216 -8 0 0
340 459 217 213 -8 -8 0
332 451 214 210 -8 8 0
324 459 211 207 -8 0 0
316 459 208 204 -8 0 0
308 459 205 201 -8 0 0
300 459 202 198 -8 8 0
292 467 199 195 -8 0 0
284 467 196 192 -8 -8 0
276 459 193 189 -8 8 0
268 467 190 186 -8 8 0
260 475 187 183 -8 -8 0
252 467 184 180 -8 -8 0
244 459 181 177 -8 8 0
236 467 178 174 -8 0 0
228 467 175 171 -8 -8 0
220 459 172 168 -8 -8 0
212 451 169 165 0 -8 0
212 443 166 162 0 0 0
212 443 163 159 -8 8 0
204 451 160 156 0 8 0
204 459 157 153 -8 -8 0
196 451 154 150 0 -8 0
196 443 151 147 0 8 0
196 451 148 144 -8 8 0
188 459 145 141 0 0 0
188 459 142 138 0 8 0
188 467 139 135 -8 8 0
180 475 136 132 0 -8 0
180 467 133 129 -8 8 0
172 475 130 126 0 8 0
172 483 127 123 0 -8 0
172 475 124 120 -8 8 0
164 483 121 117 0 8 0
164 491 118 114 0 0 0
164 491 115 111 -8 8 0
156 499 112 108 0 0 0
156 499 109 105 -8 -8 0
148 491 106 102 0 -8 0
148 483 103 99 0 0 0
148 483 100 96 -8 0 0
140 483 97 93 0 8 0
140 491 94 90 0 -8 0
140 483 91 87 -8 -8 0
132 475 88 84 0 -8 0
132 467 85 81 -8 -8 0
124 459 82 78 0 8 0
124 467 79 75 0 0 0
124 467 76 72 -8 -8 0
116 459 73 69 0 8 0
116 467 70 66 0 8 0
116 475 67 63 -8 -8 0
108 467 64 60 0 8 0
108 475 61 57 -8 8 0
100 483 58 54 0 8 0
100 491 55 51 0 8 0
100 499 52 48 -8 0 0
92 499 49 45 0 8 0
92 507 46 42 0 0 0
92 507 43 39 -8 -8 0
84 499 40 36 0 -8 0
84 491 37 33 -8 8 0
76 499 34 30 0 -8 0
76 491 31 27 0 0 0
76 491 28 24 -8 -8 0
68 483 25 21 0 8 0
68 491 22 18 0 -8 0
68 483 19 15 0 0 1
68 483 19 15 0 0 1
68 483 19 15 0 0 1
68 483 19 15 0 0 1
68 483 19 15 0 0 1
