72 451 376 384 0 0 0
72 451 379 381 8 0 0
80 451 382 378 8 8 0
88 459 385 375 8 8 0
96 467 388 372 8 -8 0
104 459 391 369 8 8 0
112 467 394 366 8 8 0
120 475 397 363 8 8 0
128 483 400 360 8 8 0
136 491 403 357 8 8 0
144 499 406 354 8 0 0
152 499 409 351 8 0 0
160 499 412 348 8 8 0
168 507 415 345 8 8 0
176 515 418 342 8 -8 0
184 507 421 339 8 8 0
192 515 424 336 8 -8 0
200 507 427 333 8 0 0
208 507 430 330 8 8 0
216 515 433 327 8 0 0
224 515 436 324 8 -8 0
232 507 439 321 8 0 0
240 507 442 318 8 0 0
248 507 445 315 8 0 0
256 507 448 312 8 8 0
264 515 451 309 0 -8 0
264 507 454 306 0 -8 0
264 499 457 303 0 8 0
264 507 460 300 0 8 0
264 515 463 297 0 8 0
264 523 466 294 0 -8 0
264 515 469 291 0 -8 0
264 507 472 288 0 -8 0
264 499 475 285 0 -8 0
264 491 478 282 0 0 0
264 491 481 279 0 0 0
264 491 484 276 0 -8 0
264 483 487 273 0 8 0
264 491 490 270 0 0 0
264 491 493 267 0 8 0
264 499 496 264 0 0 0
264 499 499 261 0 8 0
264 507 502 258 0 -8 0
264 499 505 255 0 8 0
264 507 508 252 0 0 0
264 507 511 249 0 -8 0
264 499 514 246 0 -8 0
264 491 517 243 0 0 0
264 491 520 240 0 -8 0
264 483 523 237 0 0 0
264 483 526 234 0 8 0
264 491 529 231 0 0 0
264 491 532 228 0 8 0
264 499 535 225 0 0 0
264 499 538 222 0 0 0
264 499 541 219 0 0 0
264 499 544 216 0 0 0
264 499 547 213 -8 -8 0
256 491 550 210 0 8 0
256 499 553 207 0 0 0
256 499 556 204 -8 0 0
248 499 559 201 0 0 0
248 499 562 198 0 0 0
248 499 565 195 -8 -8 0
240 491 568 192 0 -8 0
240 483 571 189 -8 -8 0
232 475 574 186 0 0 0
232 475 577 183 0 -8 0
232 467 580 180 -8 0 0
224 467 583 177 0 -8 0
224 459 586 174 0 8 0
224 467 589 171 -8 0 0
216 467 592 168 0 8 0
216 475 595 165 -8 -8 0
208 467 598 162 0 0 0
208 467 601 159 0 -8 0
208 459 604 156 -8 8 0
200 467 607 153 0 -8 0
200 459 610 150 0 -8 0
200 451 613 147 -8 8 0
192 459 616 144 0 0 0
192 459 619 141 -8 8 0
184 467 622 138 0 8 0
184 475 625 135 0 0 0
184 475 628 132 -8 8 0
176 483 631 129 0 8 0
176 491 634 126 0 0 0
176 491 637 123 -8 0 0
168 491 640 120 0 -8 0
168 483 643 117 -8 0 0
160 483 646 114 0 8 0
160 491 649 111 0 -8 0
160 483 652 108 -8 8 0
152 491 655 105 0 8 0
152 499 658 102 0 8 0
152 507 661 99 -8 0 0
144 507 664 96 0 0 0
144 507 667 93 -8 -8 0
136 499 670 90 0 8 0
136 507 673 87 0 8 0
136 515 676 84 -8 -8 0
128 507 679 81 0 0 0
128 507 682 78 0 -8 0
128 499 685 75 -8 8 0
120 507 688 72 0 -8 0
120 499 691 69 -8 8 0
112 507 694 66 0 0 0
112 507 697 63 0 -8 0
112 499 700 60 -8 8 0
104 507 703 57 0 -8 0
104 499 706 54 0 -8 0
104 491 709 51 -8 8 0
96 499 712 48 0 0 0
96 499 715 45 -8 -8 0
88 491 718 42 0 8 0
88 499 721 39 0 0 0
88 499 724 36 -8 -8 0
80 491 727 33 0 0 0
80 491 730 30 0 0 0
80 491 733 27 -8 -8 0
72 483 736 24 0 -8 0
72 475 739 21 -8 0 0
64 475 742 18 0 8 0
64 483 745 15 0 0 0
64 483 748 12 -8 0 0
60 483 751 9 -8 8 0
60 491 754 12 0 0 0
60 491 757 15 0 -8 0
60 483 760 18 0 -8 0
60 475 763 21 0 8 0
60 483 766 24 0 0 0
60 483 769 27 0 -8 0
60 475 772 30 0 -8 0
60 467 775 33 0 8 0
60 475 778 36 0 8 0
60 483 781 39 0 0 1
60 483 781 39 0 0 1
60 483 781 39 0 0 1
60 483 781 39 0 0 1
60 483 781 39 0 0 1
