191 376 154 384 0 0 0
191 376 157 387 8 0 0
199 376 160 390 8 0 0
207 376 163 393 8 -8 0
215 368 166 396 8 -8 0
223 360 169 399 8 -8 0
231 352 172 402 8 0 0
239 352 175 405 8 -8 0
247 344 178 408 8 0 0
255 344 181 411 8 8 0
263 352 184 414 8 8 0
271 360 187 417 8 8 0
279 368 190 420 8 0 0
287 368 193 423 8 -8 0
295 360 196 426 8 -8 0
303 352 199 429 8 8 0
311 360 202 432 8 8 0
319 368 205 435 8 0 0
327 368 208 438 8 0 0
335 368 211 441 8 0 0
343 368 214 444 8 0 0
351 368 217 447 8 8 0
359 376 220 450 8 -8 0
367 368 223 453 8 8 0
375 376 226 456 8 0 0
383 376 229 459 8 0 0
391 376 232 462 8 8 0
399 384 235 465 8 8 0
407 392 238 468 8 -8 0
415 384 241 471 8 0 0
423 384 244 474 8 -8 0
431 376 247 477 0 8 0
431 384 250 480 0 8 0
431 392 253 483 8 8 0
439 400 256 486 0 8 0
439 408 259 489 0 8 0
439 416 262 492 8 -8 0
447 408 265 495 0 0 0
447 408 268 498 8 0 0
455 408 271 501 0 0 0
455 408 274 504 0 0 0
455 408 277 507 8 -8 0
463 400 280 510 0 8 0
463 408 283 513 0 0 0
463 408 286 516 8 -8 0
471 400 289 519 0 0 0
471 400 292 522 8 0 0
479 400 295 525 0 8 0
479 408 298 528 0 8 0
479 416 301 531 8 0 0
487 416 304 534 0 -8 0
487 408 307 537 0 8 0
487 416 310 540 8 -8 0
495 408 313 543 0 8 0
495 416 316 546 8 -8 0
503 408 319 549 0 0 0
503 408 322 552 0 0 0
503 408 325 555 8 8 0
511 416 328 558 0 0 0
511 416 331 561 0 -8 0
511 408 334 564 8 8 0
519 416 337 567 0 0 0
519 416 340 570 8 8 0
527 424 343 573 0 0 0
527 424 346 576 0 8 0
527 432 349 579 8 0 0
535 432 352 582 0 8 0
535 440 355 585 0 0 0
535 440 358 588 8 -8 0
540 432 361 591 8 0 0
540 432 364 588 0 -8 0
540 424 367 585 0 0 0
540 424 370 582 0 0 0
540 424 373 579 0 -8 0
540 416 376 576 0 0 0
540 416 379 573 0 8 0
540 424 382 570 0 0 0
540 424 385 567 0 -8 0
540 416 388 564 0 0 0
540 416 391 561 0 8 0
540 424 394 558 0 0 0
540 424 397 555 0 -8 0
540 416 400 552 0 8 0
540 424 403 549 0 -8 0
540 416 406 546 0 0 0
540 416 409 543 0 8 0
540 424 412 540 0 0 0
540 424 415 537 0 0 0
540 424 418 534 0 -8 0
540 416 421 531 0 0 0
540 416 424 528 0 8 0
540 424 427 525 0 -8 0
540 416 430 522 0 8 0
540 424 433 519 0 0 0
540 424 436 516 0 -8 0
540 416 439 513 0 0 0
540 416 442 510 0 0 0
540 416 445 507 0 0 0
540 416 448 504 0 -8 0
540 408 451 501 0 8 0
540 416 454 498 0 0 0
540 416 457 495 0 8 0
540 424 460 492 0 8 0
540 432 463 489 -8 8 0
532 440 466 486 0 0 0
532 440 469 483 0 -8 0
532 432 472 480 -8 -8 0
524 424 475 477 0 0 0
524 424 478 474 0 0 0
524 424 481 471 -8 0 0
516 424 484 468 0 -8 0
516 416 487 465 -8 -8 0
508 408 490 462 0 -8 0
508 400 493 459 0 -8 0
508 392 496 456 -8 0 0
500 392 499 453 0 8 0
500 400 502 450 0 0 0
500 400 505 447 -8 0 0
492 400 508 444 0 0 0
492 400 511 441 -8 8 0
484 408 514 438 0 0 0
484 408 517 435 0 8 0
484 416 520 432 -8 8 0
476 424 523 429 0 0 0
476 424 526 426 0 -8 0
476 416 529 423 -8 8 0
468 424 532 420 0 8 0
468 432 535 417 -8 -8 0
460 424 538 414 0 8 0
460 432 541 411 0 8 0
460 440 544 408 -8 -8 0
452 432 547 405 0 8 0
452 440 550 402 0 8 0
452 448 553 399 -8 -8 0
444 440 556 396 0 -8 0
444 432 559 393 -8 0 0
436 432 562 390 0 8 0
436 440 565 387 0 8 0
436 448 568 384 -8 0 0
428 448 571 381 0 -8 0
428 440 574 378 0 0 0
428 440 577 375 -8 8 0
420 448 580 372 0 8 0
420 456 583 369 -8 -8 0
412 448 586 366 0 8 0
412 456 589 363 0 -8 0
412 448 592 360 -8 8 0
404 456 595 357 0 8 0
404 464 598 354 0 -8 0
404 456 601 351 -8 -8 0
396 448 604 348 0 0 0
396 448 607 345 -8 -8 0
388 440 610 342 0 0 0
388 440 613 339 0 8 0
388 448 616 336 -8 -8 0
380 440 619 333 0 8 0
380 448 622 330 0 8 0
380 456 625 327 -8 8 0
372 464 628 324 0 8 0
372 472 631 321 -8 -8 0
364 464 634 318 0 -8 0
364 456 637 315 0 -8 0
364 448 640 312 -8 0 0
356 448 643 309 0 -8 0
356 440 646 306 0 -8 0
356 432 649 303 -8 -8 0
348 424 652 300 0 -8 0
348 416 655 297 -8 8 0
340 424 658 294 0 0 0
340 424 661 291 0 8 0
340 432 664 288 -8 8 0
332 440 667 285 0 0 0
332 440 670 282 0 0 0
332 440 673 279 -8 8 0
324 448 676 276 0 -8 0
324 440 679 273 -8 8 0
316 448 682 270 0 8 0
316 456 685 267 0 -8 0
316 448 688 264 -8 8 0
308 456 691 261 0 -8 0
308 448 694 258 0 8 0
308 456 697 255 -8 0 0
300 456 700 252 0 8 0
300 464 703 249 -8 0 0
292 464 706 246 0 0 0
292 464 709 243 0 8 0
292 472 712 240 -8 0 0
284 472 715 237 0 -8 0
284 464 718 234 0 8 0
284 472 721 231 -8 -8 0
276 464 724 228 0 8 0
276 472 727 225 -8 8 0
268 480 730 222 0 -8 0
268 472 733 219 0 -8 0
268 464 736 216 -8 -8 0
260 456 739 213 0 0 0
260 456 742 210 0 8 0
260 464 745 207 -8 -8 0
252 456 748 204 0 -8 0
252 448 751 201 -8 -8 0
244 440 754 198 0 -8 0
244 432 757 195 0 -8 0
244 424 760 192 -8 -8 0
236 416 763 189 0 -8 0
236 408 766 186 0 -8 0
236 400 769 183 -8 8 0
228 408 772 180 0 8 0
228 416 775 177 -8 8 0
220 424 778 174 0 8 0
220 432 781 171 0 0 1
220 432 781 171 0 0 1
220 432 781 171 0 0 1
220 432 781 171 0 0 1
220 432 781 171 0 0 1
