307 250 181 264 0 0 0
307 250 184 261 0 -8 0
307 242 187 258 0 0 0
307 242 190 255 -8 0 0
299 242 193 252 0 8 0
299 250 196 249 0 0 0
299 250 199 246 -8 -8 0
291 242 202 243 0 8 0
291 250 205 240 -8 0 0
283 250 208 237 0 0 0
283 250 211 234 0 -8 0
283 242 214 231 -8 8 0
275 250 217 228 0 8 0
275 258 220 225 0 0 0
275 258 223 222 -8 0 0
267 258 226 219 0 8 0
267 266 229 216 -8 -8 0
259 258 232 213 0 8 0
259 266 235 210 0 0 0
259 266 238 207 -8 0 0
251 266 241 204 0 8 0
251 274 244 201 0 0 0
251 274 247 198 -8 0 0
243 274 250 195 0 8 0
243 282 253 192 -8 -8 0
235 274 256 189 0 0 0
235 274 259 186 0 8 0
235 282 262 183 -8 -8 0
227 274 265 180 0 8 0
227 282 268 177 0 0 0
227 282 271 174 -8 8 0
219 290 274 171 0 -8 0
219 282 277 168 -8 8 0
211 290 280 165 0 0 0
211 290 283 162 0 8 0
211 298 286 159 -8 8 0
203 306 289 156 0 8 0
203 314 292 153 0 0 0
203 314 295 150 -8 0 0
195 314 298 147 0 0 0
195 314 301 144 -8 0 0
187 314 304 141 0 8 0
187 322 307 138 0 8 0
187 330 310 135 -8 0 0
179 330 313 132 0 -8 0
179 322 316 129 0 -8 0
179 314 319 126 -8 -8 0
171 306 322 123 0 -8 0
171 298 325 120 -8 -8 0
163 290 328 117 0 8 0
163 298 331 114 0 8 0
163 306 334 111 -8 8 0
155 314 337 108 0 0 0
155 314 340 105 0 0 0
155 314 343 102 -8 -8 0
147 306 346 99 0 8 0
147 314 349 96 -8 0 0
139 314 352 93 0 0 0
139 314 355 90 0 -8 0
139 306 358 87 -8 0 0
131 306 361 84 0 8 0
131 314 364 81 0 -8 0
131 306 367 78 -8 0 0
123 306 370 75 0 8 0
123 314 373 72 -8 -8 0
115 306 376 69 0 8 0
115 314 379 66 0 8 0
115 322 382 63 -8 0 0
107 322 385 60 0 -8 0
107 314 388 57 0 8 0
107 322 391 54 -8 -8 0
99 314 394 51 0 -8 0
99 306 397 48 -8 -8 0
91 298 400 45 0 -8 0
91 290 403 42 0 8 0
91 298 406 39 -8 0 0
83 298 409 36 0 -8 0
83 290 412 33 0 0 0
83 290 415 30 -8 0 0
75 290 418 27 0 0 0
75 290 421 24 -8 8 0
67 298 424 21 0 -8 0
67 290 427 18 0 8 0
67 298 430 15 -8 8 0
60 306 433 12 0 -8 0
60 298 436 9 -8 -8 0
60 290 439 12 0 8 0
60 298 442 15 0 0 0
60 298 445 18 0 8 0
60 306 448 21 0 0 0
60 306 451 24 0 0 0
60 306 454 27 0 -8 0
60 298 457 30 0 8 0
60 306 460 33 0 8 0
60 314 463 36 0 0 0
60 314 466 39 0 8 0
60 322 469 42 0 8 0
60 330 472 45 0 0 0
60 330 475 48 0 -8 0
60 322 478 51 0 -8 0
60 314 481 54 0 0 0
60 314 484 57 0 8 0
60 322 487 60 0 0 0
60 322 490 63 0 0 0
60 322 493 66 0 0 0
60 322 496 69 0 8 0
60 330 499 72 0 -8 0
60 322 502 75 0 -8 0
60 314 505 78 0 8 0
60 322 508 81 0 0 0
60 322 511 84 0 0 0
60 322 514 87 0 8 0
60 330 517 90 0 -8 0
60 322 520 93 0 8 0
60 330 523 96 0 8 0
60 338 526 99 0 0 0
60 338 529 102 0 0 0
60 338 532 105 0 8 0
60 346 535 108 0 -8 0
60 338 538 111 8 -8 0
68 330 541 114 0 -8 0
68 322 544 117 0 8 0
68 330 547 120 8 0 0
76 330 550 123 0 0 0
76 330 553 126 0 8 0
76 338 556 129 8 -8 0
84 330 559 132 0 0 0
84 330 562 135 8 0 0
92 330 565 138 0 0 0
92 330 568 141 0 -8 0
92 322 571 144 8 8 0
100 330 574 147 0 8 0
100 338 577 150 0 0 0
100 338 580 153 8 8 0
108 346 583 156 0 0 0
108 346 586 159 8 8 0
116 354 589 162 0 0 0
116 354 592 165 0 -8 0
116 346 595 168 8 8 0
124 354 598 171 0 -8 0
124 346 601 174 0 -8 0
124 338 604 177 8 -8 0
132 330 607 180 0 -8 0
132 322 610 183 8 8 0
140 330 613 186 0 0 0
140 330 616 189 0 8 0
140 338 619 192 8 0 0
148 338 622 195 0 -8 0
148 330 625 198 0 8 0
148 338 628 201 8 8 0
156 346 631 204 0 -8 0
156 338 634 207 8 0 0
164 338 637 210 0 8 0
164 346 640 213 0 0 0
164 346 643 216 8 0 0
172 346 646 219 0 -8 0
172 338 649 222 0 8 0
172 346 652 225 8 0 0
180 346 655 228 0 -8 0
180 338 658 231 8 0 0
188 338 661 234 0 -8 0
188 330 664 237 0 0 0
188 330 667 240 8 -8 0
196 322 670 243 0 8 0
196 330 673 246 0 8 0
196 338 676 249 8 0 0
204 338 679 252 0 0 0
204 338 682 255 8 -8 0
212 330 685 258 0 0 0
212 330 688 261 0 -8 0
212 322 691 264 8 0 0
220 322 694 267 0 8 0
220 330 697 270 0 -8 0
220 322 700 273 8 8 0
228 330 703 276 0 8 0
228 338 706 279 8 0 0
236 338 709 282 0 8 0
236 346 712 285 0 8 0
236 354 715 288 8 8 0
244 362 718 291 0 -8 0
244 354 721 294 0 0 0
244 354 724 297 8 -8 0
252 346 727 300 0 -8 0
252 338 730 303 8 0 0
260 338 733 306 0 -8 0
260 330 736 309 0 0 0
260 330 739 312 8 0 0
268 330 742 315 0 8 0
268 338 745 318 0 8 0
268 346 748 321 8 8 0
276 354 751 324 0 0 0
276 354 754 327 8 -8 0
284 346 757 330 0 8 0
284 354 760 333 0 -8 0
284 346 763 336 8 0 0
292 346 766 339 0 8 0
292 354 769 342 0 8 0
292 362 772 345 8 -8 0
300 354 775 348 0 -8 0
300 346 778 351 8 8 0
308 354 781 354 0 8 0
308 362 778 357 0 -8 0
308 354 775 360 8 8 0
316 362 772 363 0 8 0
316 370 769 366 0 -8 0
316 362 766 369 8 0 0
324 362 763 372 0 0 0
324 362 760 375 8 8 0
332 370 757 378 0 8 0
332 378 754 381 0 -8 0
332 370 751 384 8 0 0
340 370 748 387 0 -8 0
340 362 745 390 0 -8 0
340 354 742 393 8 0 0
348 354 739 396 0 8 0
348 362 736 399 8 -8 0
356 354 733 402 0 0 0
356 354 730 405 0 8 0
356 362 727 408 8 -8 0
364 354 724 411 0 -8 0
364 346 721 414 0 -8 0
364 338 718 417 8 -8 0
372 330 715 420 0 -8 0
372 322 712 423 8 8 0
380 330 709 426 0 0 0
380 330 706 429 0 8 0
380 338 703 432 8 -8 0
388 330 700 435 0 0 0
388 330 697 438 0 8 0
388 338 694 441 8 8 0
396 346 691 444 0 -8 0
396 338 688 447 8 8 0
404 346 685 450 0 0 0
404 346 682 453 0 8 0
404 354 679 456 8 0 0
412 354 676 459 0 0 0
412 354 673 462 0 -8 0
412 346 670 465 8 0 0
420 346 667 468 0 0 0
420 346 664 471 8 -8 0
428 338 661 474 0 8 0
428 346 658 477 0 0 0
428 346 655 480 8 -8 0
436 338 652 483 0 -8 0
436 330 649 486 0 0 0
436 330 646 489 8 8 0
444 338 643 492 0 8 0
444 346 640 495 8 0 0
452 346 637 498 0 0 0
452 346 634 501 0 8 0
452 354 631 504 8 0 0
460 354 628 507 0 0 0
460 354 625 510 0 0 0
460 354 622 513 8 0 0
468 354 619 516 0 8 0
468 362 616 519 8 8 0
476 370 613 522 0 -8 0
476 362 610 525 0 -8 0
476 354 607 528 8 0 0
484 354 604 531 0 8 0
484 362 601 534 0 8 0
484 370 598 537 8 -8 0
492 362 595 540 0 0 0
492 362 592 543 8 8 0
500 370 589 546 0 -8 0
500 362 586 549 0 0 0
500 362 583 552 8 0 0
508 362 580 555 0 8 0
508 370 577 558 0 -8 0
508 362 574 561 8 8 0
516 370 571 564 0 8 0
516 378 568 567 8 8 0
524 386 565 570 0 -8 0
524 378 562 573 0 0 0
524 378 559 576 8 0 0
532 378 556 579 0 0 0
532 378 553 582 0 8 0
532 386 550 585 8 -8 0
540 378 547 588 0 8 0
540 386 544 591 8 8 0
540 394 541 588 0 -8 0
540 386 538 585 0 8 0
540 394 535 582 0 8 0
540 402 532 579 0 8 0
540 410 529 576 0 0 0
540 410 526 573 0 0 0
540 410 523 570 0 -8 0
540 402 520 567 0 -8 0
540 394 517 564 0 0 0
540 394 514 561 0 8 0
540 402 511 558 0 8 0
540 410 508 555 0 8 0
540 418 505 552 0 8 0
540 426 502 549 0 0 0
540 426 499 546 0 8 0
540 434 496 543 0 0 0
540 434 493 540 0 -8 0
540 426 490 537 0 -8 0
540 418 487 534 0 0 0
540 418 484 531 0 -8 0
540 410 481 528 0 -8 0
540 402 478 525 0 8 0
540 410 475 522 0 -8 0
540 402 472 519 0 -8 0
540 394 469 516 0 -8 0
540 386 466 513 0 0 0
540 386 463 510 0 8 0
540 394 460 507 0 8 0
540 402 457 504 0 -8 0
540 394 454 501 0 -8 0
540 386 451 498 0 -8 0
540 378 448 495 0 -8 0
540 370 445 492 0 0 0
540 370 442 489 -8 8 0
532 378 439 486 0 8 0
532 386 436 483 0 8 0
532 394 433 480 -8 -8 0
524 386 430 477 0 8 0
524 394 427 474 0 -8 0
524 386 424 471 -8 8 0
516 394 421 468 0 0 0
516 394 418 465 -8 8 0
508 402 415 462 0 8 0
508 410 412 459 0 -8 0
508 402 409 456 -8 0 0
500 402 406 453 0 8 0
500 410 403 450 0 -8 0
500 402 400 447 -8 -8 0
492 394 397 444 0 -8 0
492 386 394 441 -8 0 0
484 386 391 438 0 0 0
484 386 388 435 0 8 0
484 394 385 432 -8 8 0
476 402 382 429 0 -8 0
476 394 379 426 0 8 0
476 402 376 423 -8 8 0
468 410 373 420 0 8 0
468 418 370 417 -8 0 0
460 418 367 414 0 -8 0
460 410 364 411 0 0 0
460 410 361 408 -8 -8 0
452 402 358 405 0 8 0
452 410 355 402 0 0 0
452 410 352 399 -8 8 0
444 418 349 396 0 8 0
444 426 346 393 -8 0 0
436 426 343 390 0 -8 0
436 418 340 387 0 8 0
436 426 337 384 -8 -8 0
428 418 334 381 0 -8 0
428 410 331 378 0 0 0
428 410 328 375 -8 0 0
420 410 325 372 0 8 0
420 418 322 369 -8 -8 0
412 410 319 366 0 8 0
412 418 316 363 0 8 0
412 426 313 360 -8 -8 0
404 418 310 357 0 8 0
404 426 307 354 0 0 0
404 426 304 351 -8 0 0
396 426 301 348 0 0 0
396 426 298 345 -8 8 0
388 434 295 342 0 -8 0
388 426 292 339 0 0 0
388 426 289 336 -8 -8 0
380 418 286 333 0 8 0
380 426 283 330 0 0 0
380 426 280 327 -8 0 0
372 426 277 324 0 8 0
372 434 274 321 -8 -8 0
364 426 271 318 0 8 0
364 434 268 315 0 8 0
364 442 265 312 -8 -8 0
356 434 262 309 0 8 0
356 442 259 306 0 -8 0
356 434 256 303 -8 8 0
348 442 253 300 0 -8 0
348 434 250 297 -8 0 0
340 434 247 294 0 -8 0
340 426 244 291 0 8 0
340 434 241 288 -8 8 0
332 442 238 285 0 -8 0
332 434 235 282 0 8 0
332 442 232 279 -8 8 0
324 450 229 276 0 -8 0
324 442 226 273 -8 8 0
316 450 223 270 0 0 0
316 450 220 267 0 -8 0
316 442 217 264 -8 -8 0
308 434 214 261 0 8 0
308 442 211 258 0 0 0
308 442 208 255 -8 8 0
300 450 205 252 0 0 0
300 450 202 249 -8 0 0
292 450 199 246 0 8 0
292 458 196 243 0 0 0
292 458 193 240 -8 0 0
284 458 190 237 0 -8 0
284 450 187 234 0 8 0
284 458 184 231 -8 8 0
276 466 181 228 0 -8 0
276 458 178 225 -8 0 0
268 458 175 222 0 -8 0
268 450 172 219 0 -8 0
268 442 169 216 -8 -8 0
260 434 166 213 0 0 0
260 434 163 210 0 0 0
260 434 160 207 -8 8 0
252 442 157 204 0 8 0
252 450 154 201 -8 0 0
244 450 151 198 0 -8 0
244 442 148 195 0 8 0
244 450 145 192 -8 8 0
236 458 142 189 0 8 0
236 466 139 186 0 0 0
236 466 136 183 -8 8 0
228 474 133 180 0 0 0
228 474 130 177 -8 0 0
220 474 127 174 0 8 0
220 482 124 171 0 8 0
220 490 121 168 -8 8 0
212 498 118 165 0 0 0
212 498 115 162 0 8 0
212 506 112 159 -8 8 0
204 514 109 156 0 8 0
204 522 106 153 -8 8 0
196 530 103 150 0 -8 0
196 522 100 147 0 0 0
196 522 97 144 -8 8 0
188 530 94 141 0 -8 0
188 522 91 138 0 0 0
188 522 88 135 -8 -8 0
180 514 85 132 0 -8 0
180 506 82 129 -8 0 0
172 506 79 126 0 0 0
172 506 76 123 0 8 0
172 514 73 120 -8 8 0
164 522 70 117 0 -8 0
164 514 67 114 0 8 0
164 522 64 111 -8 0 0
156 522 61 108 0 8 0
156 530 58 105 -8 -8 0
148 522 55 102 0 -8 0
148 514 52 99 0 -8 0
148 506 49 96 -8 8 0
140 514 46 93 0 0 0
140 514 43 90 0 -8 0
140 506 40 87 -8 0 0
132 506 37 84 0 8 0
132 514 34 81 -8 0 0
124 514 31 78 0 0 0
124 514 28 75 0 -8 0
124 506 25 72 -8 -8 0
116 498 22 69 0 -8 0
116 490 19 66 0 -8 0
116 482 22 63 -8 -8 0
108 474 25 60 0 8 0
108 482 28 57 -8 8 0
100 490 31 54 0 -8 0
100 482 34 51 0 0 0
100 482 37 48 -8 -8 0
92 474 40 45 0 -8 0
92 466 43 42 0 -8 0
92 458 46 39 -8 -8 0
84 450 49 36 0 -8 0
84 442 52 33 -8 -8 0
76 434 55 30 0 0 0
76 434 58 27 0 -8 0
76 426 61 24 -8 -8 0
68 418 64 21 0 8 0
68 426 67 18 0 -8 0
68 418 70 15 -8 8 0
60 426 73 12 0 0 0
60 426 76 9 -8 -8 0
60 418 79 12 0 8 0
60 426 82 15 0 -8 0
60 418 85 18 0 8 0
60 426 88 21 0 0 0
60 426 91 24 0 -8 0
60 418 94 27 0 8 0
60 426 97 30 0 0 0
60 426 100 33 0 0 0
60 426 103 36 0 8 0
60 434 106 39 0 0 0
60 434 109 42 0 8 0
60 442 112 45 0 -8 0
60 434 115 48 0 -8 0
60 426 118 51 0 8 0
60 434 121 54 0 0 0
60 434 124 57 0 -8 0
60 426 127 60 0 8 0
60 434 130 63 0 8 0
60 442 133 66 0 -8 0
60 434 136 69 0 0 0
60 434 139 72 0 0 0
60 434 142 75 0 0 0
60 434 145 78 0 8 0
60 442 148 81 0 0 0
60 442 151 84 0 -8 0
60 434 154 87 0 0 0
60 434 157 90 0 0 0
60 434 160 93 0 0 0
60 434 163 96 0 8 0
60 442 166 99 0 -8 0
60 434 169 102 0 -8 0
60 426 172 105 0 -8 0
60 418 175 108 0 -8 0
60 410 178 111 8 -8 0
68 402 181 114 0 -8 0
68 394 184 117 0 8 0
68 402 187 120 8 8 0
76 410 190 123 0 -8 0
76 402 193 126 0 -8 0
76 394 196 129 8 -8 0
84 386 199 132 0 8 0
84 394 202 135 8 -8 0
92 386 205 138 0 8 0
92 394 208 141 0 0 0
92 394 211 144 8 8 0
100 402 214 147 0 0 0
100 402 217 150 0 8 0
100 410 220 153 8 -8 0
108 402 223 156 0 0 0
108 402 226 159 8 -8 0
116 394 229 162 0 8 0
116 402 232 165 0 8 0
116 410 235 168 8 -8 0
124 402 238 171 0 -8 0
124 394 241 174 0 8 0
124 402 244 177 8 -8 0
132 394 247 180 0 -8 0
132 386 250 183 8 -8 0
140 378 253 186 0 -8 0
140 370 256 189 0 0 0
140 370 259 192 8 -8 0
148 362 262 195 0 0 0
148 362 265 198 0 0 0
148 362 268 201 8 8 0
156 370 271 204 0 0 0
156 370 274 207 8 8 0
164 378 277 210 0 0 0
164 378 280 213 0 -8 0
164 370 283 216 8 0 0
172 370 286 219 0 8 0
172 378 289 222 0 8 0
172 386 292 225 8 0 0
180 386 295 228 0 0 0
180 386 298 231 8 -8 0
188 378 301 234 0 0 0
188 378 304 237 0 -8 0
188 370 307 240 8 8 0
196 378 310 243 0 8 0
196 386 313 246 0 -8 0
196 378 316 249 8 8 0
204 386 319 252 0 0 0
204 386 322 255 8 -8 0
212 378 325 258 0 0 0
212 378 328 261 0 8 0
212 386 331 264 8 0 0
220 386 334 267 0 8 0
220 394 337 270 0 8 0
220 402 340 273 8 8 0
228 410 343 276 0 8 0
228 418 346 279 8 8 0
236 426 349 282 0 8 0
236 434 352 285 0 0 0
236 434 355 288 8 8 0
244 442 358 291 0 -8 0
244 434 361 294 0 0 0
244 434 364 297 8 0 0
252 434 367 300 0 8 0
252 442 370 303 8 0 0
260 442 373 306 0 8 0
260 450 376 309 0 0 0
260 450 379 312 8 -8 0
268 442 382 315 0 8 0
268 450 385 318 0 8 0
268 458 388 321 8 0 0
276 458 391 324 0 8 0
276 466 394 327 8 0 0
284 466 397 330 0 0 0
284 466 400 333 0 0 0
284 466 403 336 8 -8 0
292 458 406 339 0 -8 0
292 450 409 342 0 -8 0
292 442 412 345 8 -8 0
300 434 415 348 0 0 0
300 434 418 351 8 -8 0
308 426 421 354 0 0 0
308 426 424 357 0 8 0
308 434 427 360 8 -8 0
316 426 430 363 0 8 0
316 434 433 366 0 -8 0
316 426 436 369 8 -8 0
324 418 439 372 0 8 0
324 426 442 375 8 0 0
332 426 445 378 0 8 0
332 434 448 381 0 0 0
332 434 451 384 8 -8 0
340 426 454 387 0 0 0
340 426 457 390 0 0 0
340 426 460 393 8 -8 0
348 418 463 396 0 0 0
348 418 466 399 8 -8 0
356 410 469 402 0 -8 0
356 402 472 405 0 8 0
356 410 475 408 8 -8 0
364 402 478 411 0 8 0
364 410 481 414 0 -8 0
364 402 484 417 8 0 0
372 402 487 420 0 -8 0
372 394 490 423 8 8 0
380 402 493 426 0 8 0
380 410 496 429 0 8 0
380 418 499 432 8 8 0
388 426 502 435 0 -8 0
388 418 505 438 0 -8 0
388 410 508 441 8 8 0
396 418 511 444 0 -8 0
396 410 514 447 8 8 0
404 418 517 450 0 8 0
404 426 520 453 0 8 0
404 434 523 456 8 -8 0
412 426 526 459 0 8 0
412 434 529 462 0 8 0
412 442 532 465 8 -8 0
420 434 535 468 0 8 0
420 442 538 471 8 0 0
428 442 541 474 0 -8 0
428 434 544 477 0 8 0
428 442 547 480 8 0 0
436 442 550 483 0 8 0
436 450 553 486 0 0 0
436 450 556 489 8 0 0
444 450 559 492 0 0 0
444 450 562 495 8 8 0
452 458 565 498 0 8 0
452 466 568 501 0 8 0
452 474 571 504 8 8 0
460 482 574 507 0 0 0
460 482 577 510 0 8 0
460 490 580 513 8 0 0
468 490 583 516 0 -8 0
468 482 586 519 8 -8 0
476 474 589 522 0 -8 0
476 466 592 525 0 -8 0
476 458 595 528 8 8 0
484 466 598 531 0 -8 0
484 458 601 534 0 8 0
484 466 604 537 8 8 0
492 474 607 540 0 8 0
492 482 610 543 8 8 0
500 490 613 546 0 0 0
500 490 616 549 0 8 0
500 498 619 552 8 0 0
508 498 622 555 0 -8 0
508 490 625 558 0 -8 0
508 482 628 561 8 8 0
516 490 631 564 0 0 0
516 490 634 567 8 -8 0
524 482 637 570 0 0 0
524 482 640 573 0 -8 0
524 474 643 576 8 0 0
532 474 646 579 0 0 0
532 474 649 582 0 -8 0
532 466 652 585 8 -8 0
540 458 655 588 0 8 0
540 466 658 591 8 -8 0
540 458 661 588 0 8 0
540 466 664 585 0 -8 0
540 458 667 582 0 0 0
540 458 670 579 0 -8 0
540 450 673 576 0 8 0
540 458 676 573 0 0 0
540 458 679 570 0 8 0
540 466 682 567 0 -8 0
540 458 685 564 0 0 0
540 458 688 561 0 0 0
540 458 691 558 0 0 0
540 458 694 555 0 8 0
540 466 697 552 0 -8 0
540 458 700 549 0 0 0
540 458 703 546 0 -8 0
540 450 706 543 0 -8 0
540 442 709 540 0 8 0
540 450 712 537 0 8 0
540 458 715 534 0 -8 0
540 450 718 531 0 0 0
540 450 721 528 0 8 0
540 458 724 525 0 0 0
540 458 727 522 0 0 0
540 458 730 519 0 0 0
540 458 733 516 0 8 0
540 466 736 513 0 -8 0
540 458 739 510 0 8 0
540 466 742 507 0 0 0
540 466 745 504 0 8 0
540 474 748 501 0 0 0
540 474 751 498 0 -8 0
540 466 754 495 0 8 0
540 474 757 492 0 0 0
540 474 760 489 -8 8 0
532 482 763 486 0 -8 0
532 474 766 483 0 8 0
532 482 769 480 -8 8 0
524 490 772 477 0 8 0
524 498 775 474 0 0 0
524 498 778 471 -8 8 0
516 506 781 468 0 0 0
516 506 778 465 -8 0 0
508 506 775 462 0 0 0
508 506 772 459 0 -8 0
508 498 769 456 -8 -8 0
500 490 766 453 0 8 0
500 498 763 450 0 0 0
500 498 760 447 -8 8 0
492 506 757 444 0 -8 0
492 498 754 441 -8 0 0
484 498 751 438 0 8 0
484 506 748 435 0 -8 0
484 498 745 432 -8 8 0
476 506 742 429 0 8 0
476 514 739 426 0 8 0
476 522 736 423 -8 -8 0
468 514 733 420 0 8 0
468 522 730 417 -8 8 0
460 530 727 414 0 -8 0
460 522 724 411 0 -8 0
460 514 721 408 -8 8 0
452 522 718 405 0 -8 0
452 514 715 402 0 8 0
452 522 712 399 -8 0 0
444 522 709 396 0 0 0
444 522 706 393 -8 0 0
436 522 703 390 0 0 0
436 522 700 387 0 0 0
436 522 697 384 -8 0 0
428 522 694 381 0 8 0
428 530 691 378 0 -8 0
428 522 688 375 -8 0 0
420 522 685 372 0 0 0
420 522 682 369 -8 -8 0
412 514 679 366 0 0 0
412 514 676 363 0 -8 0
412 506 673 360 -8 -8 0
404 498 670 357 0 8 0
404 506 667 354 0 0 0
404 506 664 351 -8 -8 0
396 498 661 348 0 -8 0
396 490 658 345 -8 -8 0
388 482 655 342 0 0 0
388 482 652 339 0 8 0
388 490 649 336 -8 -8 0
380 482 646 333 0 -8 0
380 474 643 330 0 0 0
380 474 640 327 -8 8 0
372 482 637 324 0 8 0
372 490 634 321 -8 -8 0
364 482 631 318 0 -8 0
364 474 628 315 0 0 0
364 474 625 312 -8 8 0
356 482 622 309 0 -8 0
356 474 619 306 0 -8 0
356 466 616 303 -8 -8 0
348 458 613 300 0 -8 0
348 450 610 297 -8 0 0
340 450 607 294 0 0 0
340 450 604 291 0 8 0
340 458 601 288 -8 -8 0
332 450 598 285 0 8 0
332 458 595 282 0 -8 0
332 450 592 279 -8 -8 0
324 442 589 276 0 0 0
324 442 586 273 -8 8 0
316 450 583 270 0 -8 0
316 442 580 267 0 -8 0
316 434 577 264 -8 8 0
308 442 574 261 0 0 0
308 442 571 258 0 0 0
308 442 568 255 -8 -8 0
300 434 565 252 0 -8 0
300 426 562 249 -8 0 0
292 426 559 246 0 0 0
292 426 556 243 0 0 0
292 426 553 240 -8 8 0
284 434 550 237 0 8 0
284 442 547 234 0 0 0
284 442 544 231 -8 8 0
276 450 541 228 0 -8 0
276 442 538 225 -8 0 0
268 442 535 222 0 -8 0
268 434 532 219 0 8 0
268 442 529 216 -8 8 0
260 450 526 213 0 -8 0
260 442 523 210 0 -8 0
260 434 520 207 -8 -8 0
252 426 517 204 0 -8 0
252 418 514 201 -8 -8 0
244 410 511 198 0 0 0
244 410 508 195 0 -8 0
244 402 505 192 -8 -8 0
236 394 502 189 0 -8 0
236 386 499 186 0 0 0
236 386 496 183 -8 -8 0
228 378 493 180 0 0 0
228 378 490 177 -8 8 0
220 386 487 174 0 0 0
220 386 484 171 0 0 0
220 386 481 168 -8 -8 0
212 378 478 165 0 8 0
212 386 475 162 0 8 0
212 394 472 159 -8 0 0
204 394 469 156 0 0 0
204 394 466 153 -8 -8 0
196 386 463 150 0 8 0
196 394 460 147 0 -8 0
196 386 457 144 -8 8 0
188 394 454 141 0 -8 0
188 386 451 138 0 -8 0
188 378 448 135 -8 8 0
180 386 445 132 0 8 0
180 394 442 129 -8 0 0
172 394 439 126 0 0 0
172 394 436 123 0 0 0
172 394 433 120 -8 0 0
164 394 430 117 0 0 0
164 394 427 114 0 8 0
164 402 424 111 -8 0 0
156 402 421 108 0 -8 0
156 394 418 105 -8 0 0
148 394 415 102 0 0 0
148 394 412 99 0 -8 0
148 386 409 96 -8 -8 0
140 378 406 93 0 -8 0
140 370 403 90 0 -8 0
140 362 400 87 -8 0 0
132 362 397 84 0 0 0
132 362 394 81 -8 -8 0
124 354 391 78 0 -8 0
124 346 388 75 0 -8 0
124 338 385 72 -8 -8 0
116 330 382 69 0 0 0
116 330 379 66 0 0 0
116 330 376 63 -8 8 0
108 338 373 60 0 8 0
108 346 370 57 -8 8 0
100 354 367 54 0 8 0
100 362 364 51 0 8 0
100 370 361 48 -8 -8 0
92 362 358 45 0 0 0
92 362 355 42 0 8 0
92 370 352 39 -8 -8 0
84 362 349 36 0 0 0
84 362 346 33 -8 0 0
76 362 343 30 0 -8 0
76 354 340 27 0 -8 0
76 346 337 24 -8 -8 0
68 338 334 21 0 8 0
68 346 331 18 0 8 0
68 354 328 15 -8 0 0
60 354 325 12 0 -8 0
60 346 322 9 -8 0 0
60 346 319 12 0 8 0
60 354 316 15 0 0 0
60 354 313 18 0 0 0
60 354 310 21 0 -8 0
60 346 307 24 0 0 0
60 346 304 27 0 8 0
60 354 301 30 0 8 0
60 362 298 33 0 8 0
60 370 295 36 0 -8 0
60 362 292 39 0 0 0
60 362 289 42 0 0 0
60 362 286 45 0 0 0
60 362 283 48 0 0 0
60 362 280 51 0 -8 0
60 354 277 54 0 -8 0
60 346 274 57 0 0 0
60 346 271 60 0 0 0
60 346 268 63 0 0 0
60 346 265 66 0 0 0
60 346 262 69 0 -8 0
60 338 259 72 0 0 0
60 338 256 75 0 8 0
60 346 253 78 0 -8 0
60 338 250 81 0 8 0
60 346 247 84 0 -8 0
60 338 244 87 0 -8 0
60 330 241 90 0 0 0
60 330 238 93 0 0 0
60 330 235 96 0 8 0
60 338 232 99 0 -8 0
60 330 229 102 0 0 0
60 330 226 105 0 8 0
60 338 223 108 0 8 0
60 346 220 111 8 -8 0
68 338 217 114 0 -8 0
68 330 214 117 0 8 0
68 338 211 120 8 -8 0
76 330 208 123 0 -8 0
76 322 205 126 0 0 0
76 322 202 129 8 0 0
84 322 199 132 0 0 0
84 322 196 135 8 -8 0
92 314 193 138 0 8 0
92 322 190 141 0 -8 0
92 314 187 144 8 -8 0
100 306 184 147 0 0 0
100 306 181 150 0 0 0
100 306 178 153 8 -8 0
108 298 175 156 0 0 0
108 298 172 159 8 0 0
116 298 169 162 0 0 0
116 298 166 165 0 -8 0
116 290 163 168 8 8 0
124 298 160 171 0 8 0
124 306 157 174 0 -8 0
124 298 154 177 8 0 0
132 298 151 180 0 8 0
132 306 148 183 8 0 0
140 306 145 186 0 8 0
140 314 142 189 0 -8 0
140 306 139 192 8 -8 0
148 298 136 195 0 8 0
148 306 133 198 0 8 0
148 314 130 201 8 -8 0
156 306 127 204 0 0 0
156 306 124 207 8 8 0
164 314 121 210 0 8 0
164 322 118 213 0 -8 0
164 314 115 216 8 8 0
172 322 112 219 0 0 0
172 322 109 222 0 8 0
172 330 106 225 8 8 0
180 338 103 228 0 -8 0
180 330 100 231 8 8 0
188 338 97 234 0 0 0
188 338 94 237 0 0 0
188 338 91 240 8 8 0
196 346 88 243 0 0 0
196 346 85 246 0 -8 0
196 338 82 249 8 8 0
204 346 79 252 0 -8 0
204 338 76 255 8 8 0
212 346 73 258 0 -8 0
212 338 70 261 0 0 0
212 338 67 264 8 -8 0
220 330 64 267 0 -8 0
220 322 61 270 0 8 0
220 330 58 273 8 -8 0
228 322 55 276 0 -8 0
228 314 52 279 8 0 0
236 314 49 282 0 0 0
236 314 46 285 0 0 0
236 314 43 288 8 8 0
244 322 40 291 0 8 0
244 330 37 294 0 -8 0
244 322 34 297 8 0 0
252 322 31 300 0 0 0
252 322 28 303 8 0 0
260 322 25 306 0 8 0
260 330 22 309 0 -8 0
260 322 19 312 0 0 1
260 322 19 312 0 0 1
260 322 19 312 0 0 1
260 322 19 312 0 0 1
260 322 19 312 0 0 1
