293 282 313 261 0 0 0
293 282 310 258 0 0 0
293 282 307 255 0 -8 0
293 274 304 252 0 8 0
293 282 301 249 0 8 0
293 290 298 246 0 0 0
293 290 295 243 0 -8 0
293 282 292 240 -8 -8 0
285 274 289 237 0 0 0
285 274 286 234 -8 0 0
277 274 283 231 0 8 0
277 282 280 228 0 8 0
277 290 277 225 -8 -8 0
269 282 274 222 0 -8 0
269 274 271 219 0 0 0
269 274 268 216 -8 -8 0
261 266 265 213 0 -8 0
261 258 262 210 -8 0 0
253 258 259 207 0 0 0
253 258 256 204 0 -8 0
253 250 253 201 -8 8 0
245 258 250 198 0 -8 0
245 250 247 195 0 8 0
245 258 244 192 -8 -8 0
237 250 241 189 0 0 0
237 250 238 186 -8 -8 0
229 242 235 183 0 0 0
229 242 232 180 0 0 0
229 242 229 177 -8 0 0
221 242 226 174 0 8 0
221 250 223 171 0 0 0
221 250 220 168 -8 0 0
213 250 217 165 0 8 0
213 258 214 162 -8 0 0
205 258 211 159 0 0 0
205 258 208 156 0 8 0
205 266 205 153 -8 0 0
197 266 202 150 0 -8 0
197 258 199 147 0 8 0
197 266 196 144 -8 0 0
189 266 193 141 0 8 0
189 274 190 138 -8 8 0
181 282 187 135 0 0 0
181 282 184 132 0 -8 0
181 274 181 129 -8 0 0
173 274 178 126 0 -8 0
173 266 175 123 0 -8 0
173 258 172 120 -8 0 0
165 258 169 117 0 8 0
165 266 166 114 -8 8 0
157 274 163 111 0 8 0
157 282 160 108 0 8 0
157 290 157 105 -8 0 0
149 290 154 102 0 0 0
149 290 151 99 0 0 0
149 290 148 96 -8 0 0
141 290 145 93 0 0 0
141 290 142 90 -8 -8 0
133 282 139 87 0 0 0
133 282 136 84 0 0 0
133 282 133 81 -8 8 0
125 290 130 78 0 0 0
125 290 127 75 0 0 0
125 290 124 72 -8 -8 0
117 282 121 69 0 -8 0
117 274 118 66 -8 8 0
109 282 115 63 0 8 0
109 290 112 60 0 -8 0
109 282 109 57 -8 0 0
101 282 106 54 0 0 0
101 282 103 51 0 -8 0
101 274 100 48 -8 8 0
93 282 97 45 0 8 0
93 290 94 42 -8 0 0
85 290 91 39 0 0 0
85 290 88 36 0 -8 0
85 282 85 33 -8 0 0
77 282 82 30 0 0 0
77 282 79 27 0 0 0
77 282 76 24 -8 -8 0
69 274 73 21 0 -8 0
69 266 70 18 -8 0 0
61 266 67 15 0 -8 0
61 258 64 12 0 0 0
61 258 61 9 -8 8 0
60 266 58 12 0 -8 0
60 258 55 15 0 0 0
60 258 52 18 0 -8 0
60 250 49 21 0 -8 0
60 242 46 24 0 0 0
60 242 43 27 0 8 0
60 250 40 30 0 0 0
60 250 37 33 0 8 0
60 258 34 36 0 -8 0
60 250 31 39 0 8 0
60 258 28 42 0 8 0
60 266 25 45 0 8 0
60 274 22 48 0 8 0
60 282 19 51 0 8 0
60 290 22 54 0 0 0
60 290 25 57 0 -8 0
60 282 28 60 0 0 0
60 282 31 63 0 8 0
60 290 34 66 0 8 0
60 298 37 69 0 8 0
60 306 40 72 0 8 0
60 314 43 75 0 8 0
60 322 46 78 0 -8 0
60 314 49 81 0 8 0
60 322 52 84 0 8 0
60 330 55 87 0 8 0
60 338 58 90 0 -8 0
60 330 61 93 0 8 0
60 338 64 96 0 8 0
60 346 67 99 0 8 0
60 354 70 102 0 -8 0
60 346 73 105 0 0 0
60 346 76 108 0 -8 0
60 338 79 111 8 0 0
68 338 82 114 0 8 0
68 346 85 117 0 8 0
68 354 88 120 8 8 0
76 362 91 123 0 0 0
76 362 94 126 0 0 0
76 362 97 129 8 -8 0
84 354 100 132 0 8 0
84 362 103 135 8 8 0
92 370 106 138 0 8 0
92 378 109 141 0 -8 0
92 370 112 144 8 0 0
100 370 115 147 0 0 0
100 370 118 150 0 8 0
100 378 121 153 8 8 0
108 386 124 156 0 8 0
108 394 127 159 8 -8 0
116 386 130 162 0 8 0
116 394 133 165 0 8 0
116 402 136 168 8 -8 0
124 394 139 171 0 0 0
124 394 142 174 0 -8 0
124 386 145 177 8 0 0
132 386 148 180 0 -8 0
132 378 151 183 8 8 0
140 386 154 186 0 -8 0
140 378 157 189 0 0 0
140 378 160 192 8 8 0
148 386 163 195 0 -8 0
148 378 166 198 0 0 0
148 378 169 201 8 8 0
156 386 172 204 0 0 0
156 386 175 207 8 -8 0
164 378 178 210 0 -8 0
164 370 181 213 0 0 0
164 370 184 216 8 -8 0
172 362 187 219 0 0 0
172 362 190 222 0 0 0
172 362 193 225 8 -8 0
180 354 196 228 0 0 0
180 354 199 231 8 0 0
188 354 202 234 0 8 0
188 362 205 237 0 0 0
188 362 208 240 8 -8 0
196 354 211 243 0 -8 0
196 346 214 246 0 0 0
196 346 217 249 8 -8 0
204 338 220 252 0 8 0
204 346 223 255 8 -8 0
212 338 226 258 0 8 0
212 346 229 261 0 -8 0
212 338 232 264 8 -8 0
220 330 235 267 0 -8 0
220 322 238 270 0 0 0
220 322 241 273 8 8 0
228 330 244 276 0 -8 0
228 322 247 279 8 0 0
236 322 250 282 0 0 0
236 322 253 285 0 -8 0
236 314 256 288 8 -8 0
244 306 259 291 0 -8 0
244 298 262 294 0 0 0
244 298 265 297 8 -8 0
252 290 268 300 0 -8 0
252 282 271 303 8 0 0
260 282 274 306 0 0 0
260 282 277 309 0 -8 0
260 274 280 312 8 -8 0
268 266 283 315 0 8 0
268 274 286 318 0 -8 0
268 266 289 321 8 8 0
276 274 292 324 0 8 0
276 282 295 327 8 -8 0
284 274 298 330 0 0 0
284 274 301 333 0 8 0
284 282 304 336 8 8 0
292 290 307 339 0 -8 0
292 282 310 342 0 8 0
292 290 313 345 8 0 0
300 290 316 348 0 8 0
300 298 319 351 8 0 0
308 298 322 354 0 -8 0
308 290 325 357 0 -8 0
308 282 328 360 8 -8 0
316 274 331 363 0 -8 0
316 266 334 366 0 0 0
316 266 337 369 8 0 0
324 266 340 372 0 8 0
324 274 343 375 8 0 0
332 274 346 378 0 -8 0
332 266 349 381 0 8 0
332 274 352 384 8 0 0
340 274 355 387 0 -8 0
340 266 358 390 0 8 0
340 274 361 393 8 8 0
348 282 364 396 0 8 0
348 290 367 399 8 8 0
356 298 370 402 0 -8 0
356 290 373 405 0 8 0
356 298 376 408 8 -8 0
364 290 379 411 0 8 0
364 298 382 414 0 -8 0
364 290 385 417 8 0 0
372 290 388 420 0 -8 0
372 282 391 423 8 0 0
380 282 394 426 0 8 0
380 290 397 429 0 8 0
380 298 400 432 8 0 0
388 298 403 435 0 -8 0
388 290 406 438 0 8 0
388 298 409 441 8 -8 0
396 290 412 444 0 -8 0
396 282 415 447 8 -8 0
404 274 418 450 0 -8 0
404 266 421 453 0 0 0
404 266 424 456 8 8 0
412 274 427 459 0 0 0
412 274 430 462 0 0 0
412 274 433 465 8 8 0
420 282 436 468 0 8 0
420 290 439 471 8 0 0
428 290 442 474 0 0 0
428 290 445 477 0 8 0
428 298 448 480 8 8 0
436 306 451 483 0 -8 0
436 298 454 486 0 -8 0
436 290 457 489 8 -8 0
444 282 460 492 0 0 0
444 282 463 495 8 -8 0
452 274 466 498 0 0 0
452 274 469 501 0 8 0
452 282 472 504 8 -8 0
460 274 475 507 0 -8 0
460 266 478 510 0 0 0
460 266 481 513 8 -8 0
468 258 484 516 0 0 0
468 258 487 519 8 0 0
476 258 490 522 0 8 0
476 266 493 525 0 0 0
476 266 496 528 8 -8 0
484 258 499 531 0 0 0
484 258 502 534 0 0 0
484 258 505 537 8 8 0
492 266 508 540 0 0 0
492 266 511 543 8 -8 0
500 258 514 546 0 -8 0
500 250 517 549 0 8 0
500 258 520 552 8 8 0
508 266 523 555 0 8 0
508 274 526 558 0 8 0
508 282 529 561 8 -8 0
516 274 532 564 0 0 0
516 274 535 567 8 0 0
524 274 538 570 0 -8 0
524 266 541 573 0 0 0
524 266 544 576 8 8 0
532 274 547 579 0 -8 0
532 266 550 582 0 0 0
532 266 553 585 8 8 0
540 274 556 588 0 8 0
540 282 559 591 8 0 0
540 282 562 588 0 -8 0
540 274 565 585 0 0 0
540 274 568 582 0 0 0
540 274 571 579 0 -8 0
540 266 574 576 0 -8 0
540 258 577 573 0 -8 0
540 250 580 570 0 0 0
540 250 583 567 0 8 0
540 258 586 564 0 0 0
540 258 589 561 0 -8 0
540 250 592 558 0 8 0
540 258 595 555 0 0 0
540 258 598 552 0 8 0
540 266 601 549 0 -8 0
540 258 604 546 0 0 0
540 258 607 543 0 0 0
540 258 610 540 0 8 0
540 266 613 537 0 -8 0
540 258 616 534 0 -8 0
540 250 619 531 0 8 0
540 258 622 528 0 -8 0
540 250 625 525 0 0 0
540 250 628 522 0 8 0
540 258 631 519 0 8 0
540 266 634 516 0 -8 0
540 258 637 513 0 8 0
540 266 640 510 0 8 0
540 274 643 507 0 8 0
540 282 646 504 0 8 0
540 290 649 501 0 8 0
540 298 652 498 0 -8 0
540 290 655 495 0 0 0
540 290 658 492 0 -8 0
540 282 661 489 -8 -8 0
532 274 664 486 0 8 0
532 282 667 483 0 0 0
532 282 670 480 -8 8 0
524 290 673 477 0 0 0
524 290 676 474 0 -8 0
524 282 679 471 -8 8 0
516 290 682 468 0 8 0
516 298 685 465 -8 0 0
508 298 688 462 0 -8 0
508 290 691 459 0 0 0
508 290 694 456 -8 0 0
500 290 697 453 0 -8 0
500 282 700 450 0 -8 0
500 274 703 447 -8 0 0
492 274 706 444 0 -8 0
492 266 709 441 -8 0 0
484 266 712 438 0 -8 0
484 258 715 435 0 8 0
484 266 718 432 -8 0 0
476 266 721 429 0 -8 0
476 258 724 426 0 0 0
476 258 727 423 -8 -8 0
468 250 730 420 0 8 0
468 258 733 417 -8 -8 0
460 250 736 414 0 8 0
460 258 739 411 0 0 0
460 258 742 408 -8 0 0
452 258 745 405 0 8 0
452 266 748 402 0 8 0
452 274 751 399 -8 0 0
444 274 754 396 0 -8 0
444 266 757 393 -8 0 0
436 266 760 390 0 -8 0
436 258 763 387 0 0 0
436 258 766 384 -8 0 0
428 258 769 381 0 8 0
428 266 772 378 0 0 0
428 266 775 375 -8 -8 0
420 258 778 372 0 -8 0
420 250 781 369 0 0 1
420 250 781 369 0 0 1
420 250 781 369 0 0 1
420 250 781 369 0 0 1
420 250 781 369 0 0 1
