472 443 136 198 0 0 0
472 443 139 201 -8 8 0
464 451 142 204 -8 0 0
456 451 145 207 -8 -8 0
448 443 148 210 -8 8 0
440 451 151 213 -8 0 0
432 451 154 216 -8 8 0
424 459 157 219 -8 0 0
416 459 160 222 -8 8 0
408 467 163 225 -8 0 0
400 467 166 228 -8 -8 0
392 459 169 231 -8 -8 0
384 451 172 234 -8 -8 0
376 443 175 237 -8 0 0
368 443 178 240 -8 0 0
360 443 181 243 -8 8 0
352 451 184 246 -8 8 0
344 459 187 249 -8 -8 0
336 451 190 252 -8 8 0
328 459 193 255 -8 8 0
320 467 196 258 -8 0 0
312 467 199 261 -8 0 0
304 467 202 264 0 0 0
304 467 205 267 0 0 0
304 467 208 270 0 8 0
304 475 211 273 0 -8 0
304 467 214 276 0 8 0
304 475 217 279 0 -8 0
304 467 220 282 0 0 0
304 467 223 285 0 8 0
304 475 226 288 0 8 0
304 483 229 291 0 8 0
304 491 232 294 0 0 0
304 491 235 297 0 8 0
304 499 238 300 0 -8 0
304 491 241 303 0 -8 0
304 483 244 306 0 -8 0
304 475 247 309 0 -8 0
304 467 250 312 0 -8 0
304 459 253 315 0 0 0
304 459 256 318 0 -8 0
304 451 259 321 0 8 0
304 459 262 324 0 8 0
304 467 265 327 0 8 0
304 475 268 330 0 0 0
304 475 271 333 0 8 0
304 483 274 336 0 0 0
304 483 277 339 0 0 0
304 483 280 342 0 8 0
304 491 283 345 0 0 0
304 491 286 348 0 8 0
304 499 289 351 0 -8 0
304 491 292 354 0 0 0
304 491 295 357 8 0 0
312 491 298 360 0 -8 0
312 483 301 363 8 -8 0
320 475 304 366 0 8 0
320 483 307 369 0 0 0
320 483 310 372 8 8 0
328 491 313 375 0 8 0
328 499 316 378 0 8 0
328 507 319 381 8 -8 0
336 499 322 384 0 -8 0
336 491 325 387 8 8 0
344 499 328 390 0 8 0
344 507 331 393 0 0 0
344 507 334 396 8 0 0
352 507 337 399 0 0 0
352 507 340 402 0 0 0
352 507 343 405 8 0 0
360 507 346 408 0 -8 0
360 499 349 411 8 -8 0
368 491 352 414 0 0 0
368 491 355 417 0 0 0
368 491 358 420 8 -8 0
376 483 361 423 0 -8 0
376 475 364 426 0 -8 0
376 467 367 429 8 8 0
384 475 370 432 0 8 0
384 483 373 435 8 0 0
392 483 376 438 0 8 0
392 491 379 441 0 0 0
392 491 382 444 8 -8 0
400 483 385 447 0 -8 0
400 475 388 450 0 8 0
400 483 391 453 8 0 0
408 483 394 456 0 0 0
408 483 397 459 8 0 0
416 483 400 462 0 8 0
416 491 403 465 0 0 0
416 491 406 468 8 0 0
424 491 409 471 0 -8 0
424 483 412 474 0 -8 0
424 475 415 477 8 -8 0
432 467 418 480 0 -8 0
432 459 421 483 8 0 0
440 459 424 486 0 0 0
440 459 427 489 0 -8 0
440 451 430 492 8 0 0
448 451 433 495 0 -8 0
448 443 436 498 0 8 0
448 451 439 501 8 8 0
456 459 442 504 0 -8 0
456 451 445 507 8 0 0
464 451 448 510 0 8 0
464 459 451 513 0 8 0
464 467 454 516 8 -8 0
472 459 457 519 0 8 0
472 467 460 522 0 -8 0
472 459 463 525 8 -8 0
480 451 466 528 0 0 0
480 451 469 531 8 8 0
488 459 472 534 0 0 0
488 459 475 537 0 -8 0
488 451 478 540 8 8 0
496 459 481 543 0 -8 0
496 451 484 546 0 0 0
496 451 487 549 8 -8 0
504 443 490 552 0 8 0
504 451 493 555 8 8 0
512 459 496 558 0 0 0
512 459 499 561 0 0 0
512 459 502 564 8 -8 0
520 451 505 567 0 0 0
520 451 508 570 0 8 0
520 459 511 573 8 -8 0
528 451 514 576 0 0 0
528 451 517 579 8 0 0
536 451 520 582 0 -8 0
536 443 523 585 0 8 0
536 451 526 588 8 8 0
540 459 529 591 8 8 0
540 467 532 588 0 -8 0
540 459 535 585 0 -8 0
540 451 538 582 0 8 0
540 459 541 579 0 8 0
540 467 544 576 0 0 0
540 467 547 573 0 0 0
540 467 550 570 0 8 0
540 475 553 567 0 8 0
540 483 556 564 0 0 0
540 483 559 561 0 8 0
540 491 562 558 0 -8 0
540 483 565 555 0 0 0
540 483 568 552 0 -8 0
540 475 571 549 0 8 0
540 483 574 546 0 8 0
540 491 577 543 0 -8 0
540 483 580 540 0 -8 0
540 475 583 537 0 0 0
540 475 586 534 0 -8 0
540 467 589 531 0 8 0
540 475 592 528 0 8 0
540 483 595 525 0 -8 0
540 475 598 522 0 0 0
540 475 601 519 0 -8 0
540 467 604 516 0 8 0
540 475 607 513 0 8 0
540 483 610 510 0 8 0
540 491 613 507 0 0 0
540 491 616 504 0 -8 0
540 483 619 501 0 0 0
540 483 622 498 0 -8 0
540 475 625 495 0 -8 0
540 467 628 492 0 -8 0
540 459 631 489 -8 0 0
532 459 634 486 0 0 0
532 459 637 483 0 8 0
532 467 640 480 -8 -8 0
524 459 643 477 0 -8 0
524 451 646 474 0 0 0
524 451 649 471 -8 -8 0
516 443 652 468 0 -8 0
516 435 655 465 -8 8 0
508 443 658 462 0 8 0
508 451 661 459 0 8 0
508 459 664 456 -8 -8 0
500 451 667 453 0 0 0
500 451 670 450 0 0 0
500 451 673 447 -8 8 0
492 459 676 444 0 -8 0
492 451 679 441 -8 0 0
484 451 682 438 0 0 0
484 451 685 435 0 -8 0
484 443 688 432 -8 0 0
476 443 691 429 0 -8 0
476 435 694 426 0 8 0
476 443 697 423 -8 0 0
468 443 700 420 0 -8 0
468 435 703 417 -8 0 0
460 435 706 414 0 0 0
460 435 709 411 0 0 0
460 435 712 408 -8 8 0
452 443 715 405 0 -8 0
452 435 718 402 0 -8 0
452 427 721 399 -8 -8 0
444 419 724 396 0 0 0
444 419 727 393 -8 0 0
436 419 730 390 0 0 0
436 419 733 387 0 -8 0
436 411 736 384 -8 8 0
428 419 739 381 0 0 0
428 419 742 378 0 0 0
428 419 745 375 -8 0 0
420 419 748 372 0 8 0
420 427 751 369 -8 -8 0
412 419 754 366 0 8 0
412 427 757 363 0 -8 0
412 419 760 360 -8 0 0
404 419 763 357 0 0 0
404 419 766 354 0 8 0
404 427 769 351 -8 8 0
396 435 772 348 0 -8 0
396 427 775 345 -8 -8 0
388 419 778 342 0 0 0
388 419 781 339 0 0 1
388 419 781 339 0 0 1
388 419 781 339 0 0 1
388 419 781 339 0 0 1
388 419 781 339 0 0 1
