322 444 313 444 0 0 0
322 444 310 441 8 0 0
330 444 307 438 8 8 0
338 452 304 435 8 0 0
346 452 301 432 8 0 0
354 452 298 429 8 0 0
362 452 295 426 8 0 0
370 452 292 423 8 -8 0
378 444 289 420 0 8 0
378 452 286 417 0 -8 0
378 444 283 414 0 8 0
378 452 280 411 0 8 0
378 460 277 408 0 -8 0
378 452 274 405 0 8 0
378 460 271 402 0 8 0
378 468 268 399 0 -8 0
378 460 265 396 0 8 0
378 468 262 393 0 -8 0
378 460 259 390 0 -8 0
378 452 256 387 0 8 0
378 460 253 384 0 -8 0
378 452 250 381 0 8 0
378 460 247 378 0 0 0
378 460 244 375 0 0 0
378 460 241 372 0 -8 0
378 452 238 369 0 8 0
378 460 235 366 0 0 0
378 460 232 363 0 0 0
378 460 229 360 0 -8 0
378 452 226 357 0 0 0
378 452 223 354 0 8 0
378 460 220 351 0 -8 0
378 452 217 348 0 0 0
378 452 214 345 0 -8 0
378 444 211 342 0 8 0
378 452 208 339 0 0 0
378 452 205 336 0 0 0
378 452 202 333 0 8 0
378 460 199 330 0 8 0
378 468 196 327 -8 0 0
370 468 193 324 0 8 0
370 476 190 321 0 0 0
370 476 187 318 -8 0 0
362 476 184 315 0 -8 0
362 468 181 312 0 8 0
362 476 178 309 -8 0 0
354 476 175 306 0 -8 0
354 468 172 303 -8 -8 0
346 460 169 300 0 8 0
346 468 166 297 0 0 0
346 468 163 294 -8 8 0
338 476 160 291 0 -8 0
338 468 157 288 0 0 0
338 468 154 285 -8 8 0
330 476 151 282 0 0 0
330 476 148 279 -8 8 0
322 484 145 276 0 0 0
322 484 142 273 0 0 0
322 484 139 270 -8 0 0
314 484 136 267 0 0 0
314 484 133 264 0 8 0
314 492 130 261 -8 0 0
306 492 127 258 0 0 0
306 492 124 255 -8 8 0
298 500 121 252 0 0 0
298 500 118 249 0 -8 0
298 492 115 246 -8 0 0
290 492 112 243 0 8 0
290 500 109 240 0 8 0
290 508 106 237 -8 0 0
282 508 103 234 0 0 0
282 508 100 231 -8 0 0
274 508 97 228 0 0 0
274 508 94 225 0 0 0
274 508 91 222 -8 0 0
266 508 88 219 0 8 0
266 516 85 216 0 0 0
266 516 82 213 -8 8 0
258 524 79 210 0 0 0
258 524 76 207 -8 8 0
250 532 73 204 0 0 0
250 532 70 201 0 -8 0
250 524 67 198 -8 -8 0
242 516 64 195 0 0 0
242 516 61 192 0 8 0
242 524 58 189 -8 -8 0
234 516 55 186 0 8 0
234 524 52 183 -8 -8 0
226 516 49 180 0 8 0
226 524 46 177 0 8 0
226 532 43 174 -8 8 0
218 540 40 171 0 -8 0
218 532 37 168 0 0 0
218 532 34 165 -8 -8 0
210 524 31 162 0 0 0
210 524 28 159 -8 0 0
202 524 25 156 0 0 0
202 524 22 153 0 0 0
202 524 19 150 0 0 1
202 524 19 150 0 0 1
202 524 19 150 0 0 1
202 524 19 150 0 0 1
202 524 19 150 0 0 1
