324 473 667 168 0 0 0
324 473 664 165 -8 8 0
316 481 661 162 -8 -8 0
308 473 658 159 -8 0 0
300 473 655 156 -8 -8 0
292 465 652 153 -8 8 0
284 473 649 150 -8 8 0
276 481 646 147 -8 0 0
268 481 643 144 -8 -8 0
260 473 640 141 -8 -8 0
252 465 637 138 -8 0 0
244 465 634 135 -8 0 0
236 465 631 132 -8 -8 0
228 457 628 129 -8 8 0
220 465 625 126 -8 8 0
212 473 622 123 -8 -8 0
204 465 619 120 -8 -8 0
196 457 616 117 -8 0 0
188 457 613 114 -8 -8 0
180 449 610 111 -8 -8 0
172 441 607 108 -8 8 0
164 449 604 105 -8 0 0
156 449 601 102 -8 -8 0
148 441 598 99 0 -8 0
148 433 595 96 -8 -8 0
140 425 592 93 0 0 0
140 425 589 90 0 -8 0
140 417 586 87 -8 0 0
132 417 583 84 0 0 0
132 417 580 81 -8 -8 0
124 409 577 78 0 8 0
124 417 574 75 0 -8 0
124 409 571 72 -8 -8 0
116 401 568 69 0 -8 0
116 393 565 66 0 8 0
116 401 562 63 -8 -8 0
108 393 559 60 0 -8 0
108 385 556 57 -8 -8 0
100 377 553 54 0 8 0
100 385 550 51 0 0 0
100 385 547 48 -8 -8 0
92 377 544 45 0 8 0
92 385 541 42 0 0 0
92 385 538 39 -8 -8 0
84 377 535 36 0 0 0
84 377 532 33 -8 -8 0
76 369 529 30 0 8 0
76 377 526 27 0 8 0
76 385 523 24 -8 -8 0
68 377 520 21 0 -8 0
68 369 517 18 0 0 0
68 369 514 15 -8 0 0
60 369 511 12 0 8 0
60 377 508 9 -8 8 0
60 385 505 12 0 -8 0
60 377 502 15 0 8 0
60 385 499 18 0 -8 0
60 377 496 21 0 0 0
60 377 493 24 0 0 0
60 377 490 27 0 0 0
60 377 487 30 0 8 0
60 385 484 33 0 -8 0
60 377 481 36 0 0 0
60 377 478 39 0 -8 0
60 369 475 42 0 8 0
60 377 472 45 0 8 0
60 385 469 48 0 8 0
60 393 466 51 0 8 0
60 401 463 54 0 0 0
60 401 460 57 0 -8 0
60 393 457 60 0 0 0
60 393 454 63 0 8 0
60 401 451 66 0 0 0
60 401 448 69 0 -8 0
60 393 445 72 0 0 0
60 393 442 75 0 8 0
60 401 439 78 0 -8 0
60 393 436 81 0 0 0
60 393 433 84 0 0 0
60 393 430 87 0 0 0
60 393 427 90 0 8 0
60 401 424 93 0 8 0
60 409 421 96 0 0 0
60 409 418 99 0 8 0
60 417 415 102 0 0 0
60 417 412 105 0 -8 0
60 409 409 108 0 -8 0
60 401 406 111 8 8 0
68 409 403 114 0 0 0
68 409 400 117 0 8 0
68 417 397 120 8 8 0
76 425 394 123 0 8 0
76 433 391 126 0 0 0
76 433 388 129 8 8 0
84 441 385 132 0 -8 0
84 433 382 135 8 -8 0
92 425 379 138 0 8 0
92 433 376 141 0 8 0
92 441 373 144 8 0 0
100 441 370 147 0 0 0
100 441 367 150 0 0 0
100 441 364 153 8 -8 0
108 433 361 156 0 8 0
108 441 358 159 8 -8 0
116 433 355 162 0 0 0
116 433 352 165 0 8 0
116 441 349 168 8 -8 0
124 433 346 171 0 8 0
124 441 343 174 0 8 0
124 449 340 177 8 8 0
132 457 337 180 0 -8 0
132 449 334 183 8 0 0
140 449 331 186 0 0 0
140 449 328 189 0 -8 0
140 441 325 192 8 8 0
148 449 322 195 0 -8 0
148 441 319 198 0 -8 0
148 433 316 201 8 8 0
156 441 313 204 0 8 0
156 449 310 207 8 -8 0
164 441 307 210 0 8 0
164 449 304 213 0 8 0
164 457 301 216 8 -8 0
172 449 298 219 0 -8 0
172 441 295 222 0 0 0
172 441 292 225 8 0 0
180 441 289 228 0 -8 0
180 433 286 231 8 8 0
188 441 283 234 0 8 0
188 449 280 237 0 8 0
188 457 277 240 8 -8 0
196 449 274 243 0 -8 0
196 441 271 246 0 0 0
196 441 268 249 8 -8 0
204 433 265 252 0 0 0
204 433 262 255 8 -8 0
212 425 259 258 0 8 0
212 433 256 261 0 0 0
212 433 253 264 8 8 0
220 441 250 267 0 8 0
220 449 247 270 0 0 0
220 449 244 273 8 -8 0
228 441 241 276 0 0 0
228 441 238 279 8 -8 0
236 433 235 282 0 8 0
236 441 232 285 0 8 0
236 449 229 288 8 0 0
244 449 226 291 0 -8 0
244 441 223 294 0 8 0
244 449 220 297 8 -8 0
252 441 217 300 0 8 0
252 449 214 303 8 8 0
260 457 211 306 0 -8 0
260 449 208 309 0 -8 0
260 441 205 312 8 0 0
268 441 202 315 0 -8 0
268 433 199 318 0 -8 0
268 425 196 321 8 8 0
276 433 193 324 0 -8 0
276 425 190 327 8 8 0
284 433 187 330 0 8 0
284 441 184 333 0 -8 0
284 433 181 336 8 8 0
292 441 178 339 0 0 0
292 441 175 342 0 -8 0
292 433 172 345 8 -8 0
300 425 169 348 0 -8 0
300 417 166 351 8 0 0
308 417 163 354 0 8 0
308 425 160 357 0 0 0
308 425 157 360 8 -8 0
316 417 154 363 0 -8 0
316 409 151 366 0 -8 0
316 401 148 369 8 0 0
324 401 145 372 0 -8 0
324 393 142 375 8 0 0
332 393 139 378 0 -8 0
332 385 136 381 0 0 0
332 385 133 384 8 0 0
340 385 130 387 0 -8 0
340 377 127 390 0 0 0
340 377 124 393 8 8 0
348 385 121 396 0 -8 0
348 377 118 399 8 0 0
356 377 115 402 0 0 0
356 377 112 405 0 8 0
356 385 109 408 8 0 0
364 385 106 411 0 -8 0
364 377 103 414 0 0 0
364 377 100 417 8 8 0
372 385 97 420 0 -8 0
372 377 94 423 8 8 0
380 385 91 426 0 0 0
380 385 88 429 0 -8 0
380 377 85 432 8 -8 0
388 369 82 435 0 0 0
388 369 79 438 0 -8 0
388 361 76 441 8 0 0
396 361 73 444 0 8 0
396 369 70 447 8 -8 0
404 361 67 450 0 -8 0
404 353 64 453 0 0 0
404 353 61 456 8 -8 0
412 345 58 459 0 0 0
412 345 55 462 0 0 0
412 345 52 465 8 -8 0
420 337 49 468 0 0 0
420 337 46 471 8 8 0
428 345 43 474 0 8 0
428 353 40 477 0 0 0
428 353 37 480 8 -8 0
436 345 34 483 0 8 0
436 353 31 486 0 0 0
436 353 28 489 8 8 0
444 361 25 492 0 8 0
444 369 22 495 8 -8 0
452 361 19 498 0 0 0
452 361 22 501 0 0 0
452 361 25 504 8 -8 0
460 353 28 507 0 0 0
460 353 31 510 0 -8 0
460 345 34 513 8 0 0
468 345 37 516 0 -8 0
468 337 40 519 8 0 0
476 337 43 522 0 8 0
476 345 46 525 0 -8 0
476 337 49 528 8 8 0
484 345 52 531 0 8 0
484 353 55 534 0 -8 0
484 345 58 537 8 8 0
492 353 61 540 0 0 0
492 353 64 543 8 0 0
500 353 67 546 0 0 0
500 353 70 549 0 0 0
500 353 73 552 8 0 0
508 353 76 555 0 -8 0
508 345 79 558 0 0 0
508 345 82 561 8 0 0
516 345 85 564 0 8 0
516 353 88 567 8 8 0
524 361 91 570 0 -8 0
524 353 94 573 0 -8 0
524 345 97 576 8 8 0
532 353 100 579 0 0 0
532 353 103 582 0 0 0
532 353 106 585 8 -8 0
540 345 109 588 0 -8 0
540 337 112 591 8 8 0
540 345 115 588 0 8 0
540 353 118 585 0 8 0
540 361 121 582 0 8 0
540 369 124 579 0 8 0
540 377 127 576 0 0 0
540 377 130 573 0 -8 0
540 369 133 570 0 0 0
540 369 136 567 0 0 0
540 369 139 564 0 8 0
540 377 142 561 0 8 0
540 385 145 558 0 8 0
540 393 148 555 0 -8 0
540 385 151 552 0 0 0
540 385 154 549 0 0 0
540 385 157 546 0 8 0
540 393 160 543 0 -8 0
540 385 163 540 0 8 0
540 393 166 537 0 0 0
540 393 169 534 0 -8 0
540 385 172 531 0 0 0
540 385 175 528 0 -8 0
540 377 178 525 0 0 0
540 377 181 522 0 -8 0
540 369 184 519 0 -8 0
540 361 187 516 0 0 0
540 361 190 513 0 8 0
540 369 193 510 0 8 0
540 377 196 507 0 8 0
540 385 199 504 0 -8 0
540 377 202 501 0 0 0
540 377 205 498 0 8 0
540 385 208 495 0 8 0
540 393 211 492 0 -8 0
540 385 214 489 -8 8 0
532 393 217 486 0 -8 0
532 385 220 483 0 -8 0
532 377 223 480 -8 8 0
524 385 226 477 0 0 0
524 385 229 474 0 0 0
524 385 232 471 -8 -8 0
516 377 235 468 0 8 0
516 385 238 465 -8 0 0
508 385 241 462 0 0 0
508 385 244 459 0 0 0
508 385 247 456 -8 8 0
500 393 250 453 0 8 0
500 401 253 450 0 8 0
500 409 256 447 -8 0 0
492 409 259 444 0 0 0
492 409 262 441 -8 8 0
484 417 265 438 0 -8 0
484 409 268 435 0 0 0
484 409 271 432 -8 0 0
476 409 274 429 0 0 0
476 409 277 426 0 -8 0
476 401 280 423 -8 -8 0
468 393 283 420 0 -8 0
468 385 286 417 -8 8 0
460 393 289 414 0 -8 0
460 385 292 411 0 8 0
460 393 295 408 -8 0 0
452 393 298 405 0 8 0
452 401 301 402 0 8 0
452 409 304 399 -8 0 0
444 409 307 396 0 0 0
444 409 310 393 -8 8 0
436 417 313 390 0 0 0
436 417 316 387 0 -8 0
436 409 319 384 -8 -8 0
428 401 322 381 0 -8 0
428 393 325 378 0 0 0
428 393 328 375 -8 8 0
420 401 331 372 0 -8 0
420 393 334 369 -8 8 0
412 401 337 366 0 8 0
412 409 340 363 0 0 0
412 409 343 360 -8 8 0
404 417 346 357 0 0 0
404 417 349 354 0 -8 0
404 409 352 351 -8 0 0
396 409 355 348 0 -8 0
396 401 358 345 -8 0 0
388 401 361 342 0 0 0
388 401 364 339 0 0 0
388 401 367 336 -8 8 0
380 409 370 333 0 -8 0
380 401 373 330 0 -8 0
380 393 376 327 -8 8 0
372 401 379 324 0 -8 0
372 393 382 321 -8 -8 0
364 385 385 318 0 0 0
364 385 388 315 0 0 0
364 385 391 312 -8 8 0
356 393 394 309 0 -8 0
356 385 397 306 0 8 0
356 393 400 303 -8 0 0
348 393 403 300 0 -8 0
348 385 406 297 -8 -8 0
340 377 409 294 0 -8 0
340 369 412 291 0 -8 0
340 361 415 288 -8 0 0
332 361 418 285 0 8 0
332 369 421 282 0 8 0
332 377 424 279 -8 8 0
324 385 427 276 0 0 0
324 385 430 273 -8 0 0
316 385 433 270 0 8 0
316 393 436 267 0 8 0
316 401 439 264 -8 -8 0
308 393 442 261 0 -8 0
308 385 445 258 0 0 0
308 385 448 255 -8 -8 0
300 377 451 252 0 -8 0
300 369 454 249 -8 -8 0
292 361 457 246 0 8 0
292 369 460 243 0 -8 0
292 361 463 240 -8 0 0
284 361 466 237 0 0 0
284 361 469 234 0 0 0
284 361 472 231 -8 0 0
276 361 475 228 0 8 0
276 369 478 225 -8 0 0
268 369 481 222 0 8 0
268 377 484 219 0 -8 0
268 369 487 216 -8 0 0
260 369 490 213 0 -8 0
260 361 493 210 0 0 0
260 361 496 207 -8 0 0
252 361 499 204 0 0 0
252 361 502 201 -8 8 0
244 369 505 198 0 0 0
244 369 508 195 0 8 0
244 377 511 192 -8 0 0
236 377 514 189 0 8 0
236 385 517 186 0 8 0
236 393 520 183 -8 -8 0
228 385 523 180 0 -8 0
228 377 526 177 -8 8 0
220 385 529 174 0 0 0
220 385 532 171 0 8 0
220 393 535 168 -8 -8 0
212 385 538 165 0 8 0
212 393 541 162 0 8 0
212 401 544 159 -8 -8 0
204 393 547 156 0 -8 0
204 385 550 153 -8 -8 0
196 377 553 150 0 -8 0
196 369 556 147 0 8 0
196 377 559 144 -8 -8 0
188 369 562 141 0 8 0
188 377 565 138 0 -8 0
188 369 568 135 -8 0 0
180 369 571 132 0 -8 0
180 361 574 129 -8 8 0
172 369 577 126 0 8 0
172 377 580 123 0 8 0
172 385 583 120 -8 8 0
164 393 586 117 0 0 0
164 393 589 114 0 0 0
164 393 592 111 -8 0 0
156 393 595 108 0 -8 0
156 385 598 105 -8 8 0
148 393 601 102 0 0 0
148 393 604 99 0 8 0
148 401 607 96 -8 -8 0
140 393 610 93 0 8 0
140 401 613 90 0 0 0
140 401 616 87 -8 0 0
132 401 619 84 0 -8 0
132 393 622 81 -8 0 0
124 393 625 78 0 8 0
124 401 628 75 0 8 0
124 409 631 72 -8 8 0
116 417 634 69 0 -8 0
116 409 637 66 0 0 0
116 409 640 63 -8 8 0
108 417 643 60 0 0 0
108 417 646 57 -8 0 0
100 417 649 54 0 -8 0
100 409 652 51 0 -8 0
100 401 655 48 -8 -8 0
92 393 658 45 0 0 0
92 393 661 42 0 0 0
92 393 664 39 -8 8 0
84 401 667 36 0 -8 0
84 393 670 33 -8 -8 0
76 385 673 30 0 8 0
76 393 676 27 0 8 0
76 401 679 24 -8 0 0
68 401 682 21 0 8 0
68 409 685 18 0 0 0
68 409 688 15 -8 8 0
60 417 691 12 0 -8 0
60 409 694 9 -8 -8 0
60 401 697 12 0 -8 0
60 393 700 15 0 0 0
60 393 703 18 0 8 0
60 401 706 21 0 -8 0
60 393 709 24 0 -8 0
60 385 712 27 0 8 0
60 393 715 30 0 -8 0
60 385 718 33 0 8 0
60 393 721 36 0 -8 0
60 385 724 39 0 -8 0
60 377 727 42 0 8 0
60 385 730 45 0 8 0
60 393 733 48 0 8 0
60 401 736 51 0 -8 0
60 393 739 54 0 0 0
60 393 742 57 0 0 0
60 393 745 60 0 8 0
60 401 748 63 0 -8 0
60 393 751 66 0 -8 0
60 385 754 69 0 0 0
60 385 757 72 0 8 0
60 393 760 75 0 -8 0
60 385 763 78 0 8 0
60 393 766 81 0 0 0
60 393 769 84 0 0 0
60 393 772 87 0 -8 0
60 385 775 90 0 -8 0
60 377 778 93 0 -8 0
60 369 781 96 0 0 1
60 369 781 96 0 0 1
60 369 781 96 0 0 1
60 369 781 96 0 0 1
60 369 781 96 0 0 1
