425 276 274 453 0 0 0
425 276 277 456 0 0 0
425 276 280 459 0 -8 0
425 268 283 462 0 0 0
425 268 286 465 0 0 0
425 268 289 468 0 8 0
425 276 292 471 0 0 0
425 276 295 474 0 0 0
425 276 298 477 8 8 0
433 284 301 480 0 0 0
433 284 304 483 0 -8 0
433 276 307 486 8 8 0
441 284 310 489 0 8 0
441 292 313 492 8 0 0
449 292 316 495 0 8 0
449 300 319 498 0 -8 0
449 292 322 501 8 8 0
457 300 325 504 0 -8 0
457 292 328 507 0 -8 0
457 284 331 510 8 0 0
465 284 334 513 0 -8 0
465 276 337 516 8 -8 0
473 268 340 519 0 0 0
473 268 343 522 0 -8 0
473 260 346 525 8 -8 0
481 252 349 528 0 -8 0
481 244 352 531 0 -8 0
481 236 355 534 8 0 0
489 236 358 537 0 -8 0
489 228 361 540 8 -8 0
497 220 364 543 0 8 0
497 228 367 546 0 0 0
497 228 370 549 8 8 0
505 236 373 552 0 -8 0
505 228 376 555 0 0 0
505 228 379 558 8 -8 0
513 220 382 561 0 8 0
513 228 385 564 8 0 0
521 228 388 567 0 0 0
521 228 391 570 0 -8 0
521 220 394 573 8 -8 0
529 212 397 576 0 -8 0
529 204 400 579 0 -8 0
529 196 403 582 8 -8 0
537 188 406 585 0 0 0
537 188 409 588 8 8 0
540 196 412 591 8 0 0
540 196 415 588 0 8 0
540 204 418 585 0 -8 0
540 196 421 582 0 -8 0
540 188 424 579 0 8 0
540 196 427 576 0 0 0
540 196 430 573 0 -8 0
540 188 433 570 0 0 0
540 188 436 567 0 -8 0
540 180 439 564 0 0 0
540 180 442 561 0 8 0
540 188 445 558 0 -8 0
540 180 448 555 0 8 0
540 188 451 552 0 8 0
540 196 454 549 0 0 0
540 196 457 546 0 0 0
540 196 460 543 0 0 0
540 196 463 540 0 0 0
540 196 466 537 0 -8 0
540 188 469 534 0 8 0
540 196 472 531 0 -8 0
540 188 475 528 0 -8 0
540 180 478 525 0 8 0
540 188 481 522 0 8 0
540 196 484 519 0 8 0
540 204 487 516 0 -8 0
540 196 490 513 0 8 0
540 204 493 510 0 0 0
540 204 496 507 0 -8 0
540 196 499 504 0 8 0
540 204 502 501 0 8 0
540 212 505 498 0 -8 0
540 204 508 495 0 0 0
540 204 511 492 0 -8 0
540 196 514 489 -8 -8 0
532 188 517 486 0 0 0
532 188 520 483 0 -8 0
532 180 523 480 -8 -8 0
524 172 526 477 0 -8 0
524 164 529 474 0 8 0
524 172 532 471 -8 0 0
516 172 535 468 0 -8 0
516 164 538 465 -8 -8 0
508 156 541 462 0 8 0
508 164 544 459 0 0 0
508 164 547 456 -8 8 0
500 172 550 453 0 -8 0
500 164 553 450 0 0 0
500 164 556 447 -8 -8 0
492 156 559 444 0 8 0
492 164 562 441 -8 0 0
484 164 565 438 0 8 0
484 172 568 435 0 0 0
484 172 571 432 -8 0 0
476 172 574 429 0 8 0
476 180 577 426 0 -8 0
476 172 580 423 -8 0 0
468 172 583 420 0 -8 0
468 164 586 417 -8 0 0
460 164 589 414 0 0 0
460 164 592 411 0 8 0
460 172 595 408 -8 -8 0
452 164 598 405 0 8 0
452 172 601 402 0 0 0
452 172 604 399 -8 8 0
444 180 607 396 0 0 0
444 180 610 393 -8 8 0
436 188 613 390 0 8 0
436 196 616 387 0 0 0
436 196 619 384 -8 8 0
428 204 622 381 0 8 0
428 212 625 378 0 8 0
428 220 628 375 -8 -8 0
420 212 631 372 0 0 0
420 212 634 369 -8 -8 0
412 204 637 366 0 -8 0
412 196 640 363 0 8 0
412 204 643 360 -8 -8 0
404 196 646 357 0 8 0
404 204 649 354 0 8 0
404 212 652 351 -8 8 0
396 220 655 348 0 8 0
396 228 658 345 -8 0 0
388 228 661 342 0 0 0
388 228 664 339 0 8 0
388 236 667 336 -8 -8 0
380 228 670 333 0 -8 0
380 220 673 330 0 0 0
380 220 676 327 -8 0 0
372 220 679 324 0 8 0
372 228 682 321 -8 -8 0
364 220 685 318 0 8 0
364 228 688 315 0 8 0
364 236 691 312 -8 8 0
356 244 694 309 0 -8 0
356 236 697 306 0 -8 0
356 228 700 303 -8 0 0
348 228 703 300 0 8 0
348 236 706 297 -8 8 0
340 244 709 294 0 0 0
340 244 712 291 0 0 0
340 244 715 288 -8 -8 0
332 236 718 285 0 0 0
332 236 721 282 0 0 0
332 236 724 279 -8 -8 0
324 228 727 276 0 8 0
324 236 730 273 -8 0 0
316 236 733 270 0 8 0
316 244 736 267 0 0 0
316 244 739 264 -8 -8 0
308 236 742 261 0 0 0
308 236 745 258 0 -8 0
308 228 748 255 -8 0 0
300 228 751 252 0 -8 0
300 220 754 249 -8 -8 0
292 212 757 246 0 8 0
292 220 760 243 0 -8 0
292 212 763 240 -8 0 0
284 212 766 237 0 8 0
284 220 769 234 0 0 0
284 220 772 231 -8 -8 0
276 212 775 228 0 -8 0
276 204 778 225 -8 -8 0
268 196 781 222 0 8 0
268 204 778 219 0 -8 0
268 196 775 216 -8 -8 0
260 188 772 213 0 0 0
260 188 769 210 0 0 0
260 188 766 207 -8 -8 0
252 180 763 204 0 -8 0
252 172 760 201 -8 0 0
244 172 757 198 0 8 0
244 180 754 195 0 8 0
244 188 751 192 -8 -8 0
236 180 748 189 0 0 0
236 180 745 186 0 8 0
236 188 742 183 -8 0 0
228 188 739 180 0 0 0
228 188 736 177 -8 8 0
220 196 733 174 0 0 0
220 196 730 171 0 8 0
220 204 727 168 -8 8 0
212 212 724 165 0 0 0
212 212 721 162 0 -8 0
212 204 718 159 -8 -8 0
204 196 715 156 0 0 0
204 196 712 153 -8 8 0
196 204 709 150 0 8 0
196 212 706 147 0 8 0
196 220 703 144 -8 -8 0
188 212 700 141 0 -8 0
188 204 697 138 0 0 0
188 204 694 135 -8 -8 0
180 196 691 132 0 -8 0
180 188 688 129 -8 -8 0
172 180 685 126 0 8 0
172 188 682 123 0 8 0
172 196 679 120 -8 8 0
164 204 676 117 0 8 0
164 212 673 114 0 0 0
164 212 670 111 -8 0 0
156 212 667 108 0 0 0
156 212 664 105 -8 -8 0
148 204 661 102 0 -8 0
148 196 658 99 0 -8 0
148 188 655 96 -8 -8 0
140 180 652 93 0 -8 0
140 172 649 90 0 0 0
140 172 646 87 -8 -8 0
132 164 643 84 0 8 0
132 172 640 81 -8 0 0
124 172 637 78 0 8 0
124 180 634 75 0 8 0
124 188 631 72 -8 8 0
116 196 628 69 0 8 0
116 204 625 66 0 8 0
116 212 622 63 -8 -8 0
108 204 619 60 0 0 0
108 204 616 57 -8 0 0
100 204 613 54 0 0 0
100 204 610 51 0 -8 0
100 196 607 48 -8 8 0
92 204 604 45 0 -8 0
92 196 601 42 0 -8 0
92 188 598 39 -8 8 0
84 196 595 36 0 0 0
84 196 592 33 -8 -8 0
76 188 589 30 0 0 0
76 188 586 27 0 8 0
76 196 583 24 -8 8 0
68 204 580 21 0 -8 0
68 196 577 18 0 8 0
68 204 574 15 -8 -8 0
60 196 571 12 0 8 0
60 204 568 9 -8 -8 0
60 196 565 12 0 8 0
60 204 562 15 0 0 0
60 204 559 18 0 8 0
60 212 556 21 0 -8 0
60 204 553 24 0 -8 0
60 196 550 27 0 -8 0
60 188 547 30 0 8 0
60 196 544 33 0 8 0
60 204 541 36 0 8 0
60 212 538 39 0 0 0
60 212 535 42 0 8 0
60 220 532 45 0 0 0
60 220 529 48 0 0 0
60 220 526 51 0 -8 0
60 212 523 54 0 8 0
60 220 520 57 0 8 0
60 228 517 60 0 -8 0
60 220 514 63 0 -8 0
60 212 511 66 0 0 0
60 212 508 69 0 0 0
60 212 505 72 0 0 0
60 212 502 75 0 8 0
60 220 499 78 0 0 0
60 220 496 81 0 -8 0
60 212 493 84 0 -8 0
60 204 490 87 0 -8 0
60 196 487 90 0 -8 0
60 188 484 93 0 -8 0
60 180 481 96 0 8 0
60 188 478 99 0 -8 0
60 180 475 102 0 -8 0
60 172 472 105 0 8 0
60 180 469 108 0 0 0
60 180 466 111 8 8 0
68 188 463 114 0 8 0
68 196 460 117 0 8 0
68 204 457 120 8 -8 0
76 196 454 123 0 8 0
76 204 451 126 0 0 0
76 204 448 129 8 0 0
84 204 445 132 0 8 0
84 212 442 135 8 0 0
92 212 439 138 0 -8 0
92 204 436 141 0 -8 0
92 196 433 144 8 8 0
100 204 430 147 0 -8 0
100 196 427 150 0 -8 0
100 188 424 153 8 -8 0
108 180 421 156 0 0 0
108 180 418 159 8 -8 0
116 172 415 162 0 0 0
116 172 412 165 0 -8 0
116 164 409 168 8 -8 0
124 156 406 171 0 -8 0
124 148 403 174 0 0 0
124 148 400 177 8 -8 0
132 140 397 180 0 0 0
132 140 394 183 8 0 0
140 140 391 186 0 8 0
140 148 388 189 0 0 0
140 148 385 192 8 -8 0
148 140 382 195 0 8 0
148 148 379 198 0 -8 0
148 140 376 201 8 -8 0
156 132 373 204 0 -8 0
156 124 370 207 8 0 0
164 124 367 210 0 -8 0
164 116 364 213 0 -8 0
164 108 361 216 8 0 0
172 108 358 219 0 8 0
172 116 355 222 0 -8 0
172 108 352 225 8 8 0
180 116 349 228 0 -8 0
180 108 346 231 8 8 0
188 116 343 234 0 0 0
188 116 340 237 0 8 0
188 124 337 240 8 0 0
196 124 334 243 0 8 0
196 132 331 246 0 -8 0
196 124 328 249 8 0 0
204 124 325 252 0 0 0
204 124 322 255 8 0 0
212 124 319 258 0 -8 0
212 116 316 261 0 0 0
212 116 313 264 8 8 0
220 124 310 267 0 0 0
220 124 307 270 0 0 0
220 124 304 273 8 0 0
228 124 301 276 0 -8 0
228 116 298 279 8 -8 0
236 108 295 282 0 0 0
236 108 292 285 0 0 0
236 108 289 288 8 8 0
244 116 286 291 0 0 0
244 116 283 294 0 8 0
244 124 280 297 8 8 0
252 132 277 300 0 8 0
252 140 274 303 8 8 0
260 148 271 306 0 0 0
260 148 268 309 0 8 0
260 156 265 312 8 0 0
268 156 262 315 0 8 0
268 164 259 318 0 0 0
268 164 256 321 8 -8 0
276 156 253 324 0 -8 0
276 148 250 327 8 0 0
284 148 247 330 0 8 0
284 156 244 333 0 0 0
284 156 241 336 8 0 0
292 156 238 339 0 -8 0
292 148 235 342 0 0 0
292 148 232 345 8 0 0
300 148 229 348 0 0 0
300 148 226 351 8 -8 0
308 140 223 354 0 0 0
308 140 220 357 0 -8 0
308 132 217 360 8 8 0
316 140 214 363 0 8 0
316 148 211 366 0 -8 0
316 140 208 369 8 8 0
324 148 205 372 0 -8 0
324 140 202 375 8 0 0
332 140 199 378 0 0 0
332 140 196 381 0 -8 0
332 132 193 384 8 0 0
340 132 190 387 0 8 0
340 140 187 390 0 -8 0
340 132 184 393 8 -8 0
348 124 181 396 0 8 0
348 132 178 399 8 -8 0
356 124 175 402 0 8 0
356 132 172 405 0 -8 0
356 124 169 408 8 0 0
364 124 166 411 0 8 0
364 132 163 414 0 0 0
364 132 160 417 8 -8 0
372 124 157 420 0 0 0
372 124 154 423 8 0 0
380 124 151 426 0 0 0
380 124 148 429 0 -8 0
380 116 145 432 8 8 0
388 124 142 435 0 8 0
388 132 139 438 0 8 0
388 140 136 441 8 0 0
396 140 133 444 0 8 0
396 148 130 447 8 0 0
404 148 127 450 0 0 0
404 148 124 453 0 -8 0
404 140 121 456 8 0 0
412 140 118 459 0 0 0
412 140 115 462 0 8 0
412 148 112 465 8 0 0
420 148 109 468 0 0 0
420 148 106 471 8 0 0
428 148 103 474 0 -8 0
428 140 100 477 0 8 0
428 148 97 480 8 0 0
436 148 94 483 0 0 0
436 148 91 486 0 8 0
436 156 88 489 8 0 0
444 156 85 492 0 0 0
444 156 82 495 8 -8 0
452 148 79 498 0 -8 0
452 140 76 501 0 8 0
452 148 73 504 8 8 0
460 156 70 507 0 8 0
460 164 67 510 0 0 0
460 164 64 513 8 8 0
468 172 61 516 0 8 0
468 180 58 519 8 0 0
476 180 55 522 0 8 0
476 188 52 525 0 0 0
476 188 49 528 8 -8 0
484 180 46 531 0 -8 0
484 172 43 534 0 -8 0
484 164 40 537 8 -8 0
492 156 37 540 0 -8 0
492 148 34 543 8 0 0
500 148 31 546 0 -8 0
500 140 28 549 0 8 0
500 148 25 552 8 0 0
508 148 22 555 0 8 0
508 156 19 558 0 -8 0
508 148 22 561 8 -8 0
516 140 25 564 0 -8 0
516 132 28 567 8 8 0
524 140 31 570 0 8 0
524 148 34 573 0 -8 0
524 140 37 576 8 8 0
532 148 40 579 0 -8 0
532 140 43 582 0 8 0
532 148 46 585 8 8 0
540 156 49 588 0 -8 0
540 148 52 591 8 0 0
540 148 55 588 0 0 0
540 148 58 585 0 0 0
540 148 61 582 0 -8 0
540 140 64 579 0 -8 0
540 132 67 576 0 8 0
540 140 70 573 0 8 0
540 148 73 570 0 -8 0
540 140 76 567 0 0 0
540 140 79 564 0 0 0
540 140 82 561 0 0 0
540 140 85 558 0 -8 0
540 132 88 555 0 0 0
540 132 91 552 0 -8 0
540 124 94 549 0 8 0
540 132 97 546 0 0 0
540 132 100 543 0 -8 0
540 124 103 540 0 0 0
540 124 106 537 0 0 0
540 124 109 534 0 8 0
540 132 112 531 0 8 0
540 140 115 528 0 -8 0
540 132 118 525 0 8 0
540 140 121 522 0 8 0
540 148 124 519 0 8 0
540 156 127 516 0 0 0
540 156 130 513 0 0 0
540 156 133 510 0 0 0
540 156 136 507 0 -8 0
540 148 139 504 0 8 0
540 156 142 501 0 8 0
540 164 145 498 0 0 0
540 164 148 495 0 -8 0
540 156 151 492 0 0 0
540 156 154 489 -8 -8 0
532 148 157 486 0 -8 0
532 140 160 483 0 0 0
532 140 163 480 -8 -8 0
524 132 166 477 0 0 0
524 132 169 474 0 0 0
524 132 172 471 -8 8 0
516 140 175 468 0 -8 0
516 132 178 465 -8 0 0
508 132 181 462 0 -8 0
508 124 184 459 0 0 0
508 124 187 456 -8 8 0
500 132 190 453 0 8 0
500 140 193 450 0 0 0
500 140 196 447 -8 -8 0
492 132 199 444 0 -8 0
492 124 202 441 -8 8 0
484 132 205 438 0 0 0
484 132 208 435 0 0 0
484 132 211 432 -8 8 0
476 140 214 429 0 8 0
476 148 217 426 0 -8 0
476 140 220 423 -8 0 0
468 140 223 420 0 -8 0
468 132 226 417 -8 -8 0
460 124 229 414 0 8 0
460 132 232 411 0 0 0
460 132 235 408 -8 -8 0
452 124 238 405 0 0 0
452 124 241 402 0 8 0
452 132 244 399 -8 -8 0
444 124 247 396 0 -8 0
444 116 250 393 -8 -8 0
436 108 253 390 0 8 0
436 116 256 387 0 0 0
436 116 259 384 -8 0 0
428 116 262 381 0 -8 0
428 108 265 378 0 0 0
428 108 268 375 -8 0 0
420 108 271 372 0 0 0
420 108 274 369 -8 0 0
412 108 277 366 0 -8 0
412 100 280 363 0 0 0
412 100 283 360 -8 8 0
404 108 286 357 0 0 0
404 108 289 354 0 8 0
404 116 292 351 -8 0 0
396 116 295 348 0 8 0
396 124 298 345 -8 0 0
388 124 301 342 0 0 0
388 124 304 339 0 8 0
388 132 307 336 -8 8 0
380 140 310 333 0 -8 0
380 132 313 330 0 0 0
380 132 316 327 -8 8 0
372 140 319 324 0 8 0
372 148 322 321 -8 -8 0
364 140 325 318 0 8 0
364 148 328 315 0 0 0
364 148 331 312 -8 8 0
356 156 334 309 0 8 0
356 164 337 306 0 8 0
356 172 340 303 -8 -8 0
348 164 343 300 0 8 0
348 172 346 297 -8 0 0
340 172 349 294 0 0 0
340 172 352 291 0 8 0
340 180 355 288 -8 0 0
332 180 358 285 0 0 0
332 180 361 282 0 -8 0
332 172 364 279 -8 -8 0
324 164 367 276 0 0 0
324 164 370 273 -8 8 0
316 172 373 270 0 8 0
316 180 376 267 0 8 0
316 188 379 264 -8 -8 0
308 180 382 261 0 0 0
308 180 385 258 0 8 0
308 188 388 255 -8 8 0
300 196 391 252 0 8 0
300 204 394 249 -8 -8 0
292 196 397 246 0 8 0
292 204 400 243 0 -8 0
292 196 403 240 -8 -8 0
284 188 406 237 0 8 0
284 196 409 234 0 -8 0
284 188 412 231 -8 -8 0
276 180 415 228 0 8 0
276 188 418 225 -8 8 0
268 196 421 222 0 0 0
268 196 424 219 0 8 0
268 204 427 216 -8 0 0
260 204 430 213 0 -8 0
260 196 433 210 0 8 0
260 204 436 207 -8 8 0
252 212 439 204 0 0 0
252 212 442 201 -8 0 0
244 212 445 198 0 8 0
244 220 448 195 0 0 0
244 220 451 192 -8 0 0
236 220 454 189 0 8 0
236 228 457 186 0 -8 0
236 220 460 183 -8 8 0
228 228 463 180 0 -8 0
228 220 466 177 -8 8 0
220 228 469 174 0 0 0
220 228 472 171 0 0 0
220 228 475 168 -8 0 0
212 228 478 165 0 -8 0
212 220 481 162 0 0 0
212 220 484 159 -8 8 0
204 228 487 156 0 8 0
204 236 490 153 -8 -8 0
196 228 493 150 0 0 0
196 228 496 147 0 0 0
196 228 499 144 -8 0 0
188 228 502 141 0 0 0
188 228 505 138 0 8 0
188 236 508 135 -8 0 0
180 236 511 132 0 -8 0
180 228 514 129 -8 8 0
172 236 517 126 0 8 0
172 244 520 123 0 0 0
172 244 523 120 -8 8 0
164 252 526 117 0 -8 0
164 244 529 114 0 8 0
164 252 532 111 -8 0 0
156 252 535 108 0 8 0
156 260 538 105 -8 -8 0
148 252 541 102 0 8 0
148 260 544 99 0 0 0
148 260 547 96 -8 8 0
140 268 550 93 0 0 0
140 268 553 90 0 -8 0
140 260 556 87 -8 8 0
132 268 559 84 0 0 0
132 268 562 81 -8 0 0
124 268 565 78 0 8 0
124 276 568 75 0 8 0
124 284 571 72 -8 -8 0
116 276 574 69 0 0 0
116 276 577 66 0 -8 0
116 268 580 63 -8 -8 0
108 260 583 60 0 8 0
108 268 586 57 -8 8 0
100 276 589 54 0 0 0
100 276 592 51 0 0 0
100 276 595 48 -8 0 0
92 276 598 45 0 -8 0
92 268 601 42 0 0 0
92 268 604 39 -8 -8 0
84 260 607 36 0 -8 0
84 252 610 33 -8 0 0
76 252 613 30 0 8 0
76 260 616 27 0 0 0
76 260 619 24 -8 0 0
68 260 622 21 0 0 0
68 260 625 18 0 -8 0
68 252 628 15 -8 8 0
60 260 631 12 0 8 0
60 268 634 9 -8 -8 0
60 260 637 12 0 8 0
60 268 640 15 0 -8 0
60 260 643 18 0 -8 0
60 252 646 21 0 8 0
60 260 649 24 0 8 0
60 268 652 27 0 8 0
60 276 655 30 0 8 0
60 284 658 33 0 0 0
60 284 661 36 0 -8 0
60 276 664 39 0 0 0
60 276 667 42 0 -8 0
60 268 670 45 0 0 0
60 268 673 48 0 8 0
60 276 676 51 0 -8 0
60 268 679 54 0 -8 0
60 260 682 57 0 -8 0
60 252 685 60 0 8 0
60 260 688 63 0 8 0
60 268 691 66 0 8 0
60 276 694 69 0 8 0
60 284 697 72 0 8 0
60 292 700 75 0 -8 0
60 284 703 78 0 8 0
60 292 706 81 0 8 0
60 300 709 84 0 0 0
60 300 712 87 0 0 0
60 300 715 90 0 8 0
60 308 718 93 0 -8 0
60 300 721 96 0 -8 0
60 292 724 99 0 0 0
60 292 727 102 0 8 0
60 300 730 105 0 0 0
60 300 733 108 0 -8 0
60 292 736 111 8 8 0
68 300 739 114 0 -8 0
68 292 742 117 0 -8 0
68 284 745 120 8 0 0
76 284 748 123 0 8 0
76 292 751 126 0 8 0
76 300 754 129 8 0 0
84 300 757 132 0 -8 0
84 292 760 135 8 -8 0
92 284 763 138 0 0 0
92 284 766 141 0 0 0
92 284 769 144 8 0 0
100 284 772 147 0 8 0
100 292 775 150 0 8 0
100 300 778 153 8 0 0
108 300 781 156 0 0 1
108 300 781 156 0 0 1
108 300 781 156 0 0 1
108 300 781 156 0 0 1
108 300 781 156 0 0 1
