394 286 460 474 0 0 0
394 286 463 477 8 0 0
402 286 466 480 8 8 0
410 294 469 483 8 8 0
418 302 472 486 8 8 0
426 310 475 489 8 8 0
434 318 478 492 8 8 0
442 326 481 495 8 -8 0
450 318 484 498 0 8 0
450 326 487 501 8 8 0
458 334 490 504 0 -8 0
458 326 493 507 0 8 0
458 334 496 510 8 8 0
466 342 499 513 0 8 0
466 350 502 516 0 8 0
466 358 505 519 8 0 0
474 358 508 522 0 -8 0
474 350 511 525 8 8 0
482 358 514 528 0 -8 0
482 350 517 531 0 -8 0
482 342 520 534 8 -8 0
490 334 523 537 0 0 0
490 334 526 540 0 0 0
490 334 529 543 8 8 0
498 342 532 546 0 8 0
498 350 535 549 8 0 0
506 350 538 552 0 -8 0
506 342 541 555 0 -8 0
506 334 544 558 8 0 0
514 334 547 561 0 0 0
514 334 550 564 0 0 0
514 334 553 567 8 0 0
522 334 556 570 0 -8 0
522 326 559 573 8 0 0
530 326 562 576 0 8 0
530 334 565 579 0 -8 0
530 326 568 582 8 0 0
538 326 571 585 0 0 0
538 326 574 588 0 -8 0
538 318 577 591 8 8 0
540 326 580 588 0 -8 0
540 318 583 585 0 0 0
540 318 586 582 0 0 0
540 318 589 579 0 -8 0
540 310 592 576 0 0 0
540 310 595 573 0 0 0
540 310 598 570 0 8 0
540 318 601 567 0 0 0
540 318 604 564 0 -8 0
540 310 607 561 0 8 0
540 318 610 558 0 -8 0
540 310 613 555 0 0 0
540 310 616 552 0 -8 0
540 302 619 549 0 -8 0
540 294 622 546 0 8 0
540 302 625 543 0 8 0
540 310 628 540 0 -8 0
540 302 631 537 0 0 0
540 302 634 534 0 8 0
540 310 637 531 0 8 0
540 318 640 528 0 0 0
540 318 643 525 0 8 0
540 326 646 522 0 -8 0
540 318 649 519 0 0 0
540 318 652 516 0 -8 0
540 310 655 513 0 -8 0
540 302 658 510 0 8 0
540 310 661 507 0 -8 0
540 302 664 504 0 -8 0
540 294 667 501 0 8 0
540 302 670 498 0 8 0
540 310 673 495 0 8 0
540 318 676 492 0 0 0
540 318 679 489 -8 8 0
532 326 682 486 0 8 0
532 334 685 483 0 8 0
532 342 688 480 -8 8 0
524 350 691 477 0 0 0
524 350 694 474 0 0 0
524 350 697 471 -8 -8 0
516 342 700 468 0 -8 0
516 334 703 465 -8 0 0
508 334 706 462 0 0 0
508 334 709 459 0 0 0
508 334 712 456 -8 0 0
500 334 715 453 0 -8 0
500 326 718 450 0 -8 0
500 318 721 447 -8 8 0
492 326 724 444 0 -8 0
492 318 727 441 -8 -8 0
484 310 730 438 0 0 0
484 310 733 435 0 0 0
484 310 736 432 -8 8 0
476 318 739 429 0 -8 0
476 310 742 426 0 8 0
476 318 745 423 -8 8 0
468 326 748 420 0 -8 0
468 318 751 417 -8 -8 0
460 310 754 414 0 0 0
460 310 757 411 0 8 0
460 318 760 408 -8 -8 0
452 310 763 405 0 8 0
452 318 766 402 0 -8 0
452 310 769 399 -8 8 0
444 318 772 396 0 8 0
444 326 775 393 -8 8 0
436 334 778 390 0 8 0
436 342 781 387 0 -8 0
436 334 778 384 -8 8 0
428 342 775 381 0 -8 0
428 334 772 378 0 0 0
428 334 769 375 -8 -8 0
420 326 766 372 0 0 0
420 326 763 369 -8 8 0
412 334 760 366 0 0 0
412 334 757 363 0 8 0
412 342 754 360 -8 8 0
404 350 751 357 0 8 0
404 358 748 354 0 0 0
404 358 745 351 -8 0 0
396 358 742 348 0 8 0
396 366 739 345 -8 -8 0
388 358 736 342 0 -8 0
388 350 733 339 0 -8 0
388 342 730 336 -8 0 0
380 342 727 333 0 8 0
380 350 724 330 0 -8 0
380 342 721 327 -8 0 0
372 342 718 324 0 -8 0
372 334 715 321 -8 0 0
364 334 712 318 0 0 0
364 334 709 315 0 -8 0
364 326 706 312 -8 -8 0
356 318 703 309 0 0 0
356 318 700 306 0 0 0
356 318 697 303 -8 -8 0
348 310 694 300 0 8 0
348 318 691 297 -8 0 0
340 318 688 294 0 0 0
340 318 685 291 0 8 0
340 326 682 288 -8 8 0
332 334 679 285 0 0 0
332 334 676 282 0 -8 0
332 326 673 279 -8 0 0
324 326 670 276 0 8 0
324 334 667 273 -8 0 0
316 334 664 270 0 8 0
316 342 661 267 0 0 0
316 342 658 264 -8 -8 0
308 334 655 261 0 -8 0
308 326 652 258 0 -8 0
308 318 649 255 -8 0 0
300 318 646 252 0 -8 0
300 310 643 249 -8 -8 0
292 302 640 246 0 0 0
292 302 637 243 0 8 0
292 310 634 240 -8 8 0
284 318 631 237 0 0 0
284 318 628 234 0 -8 0
284 310 625 231 -8 0 0
276 310 622 228 0 0 0
276 310 619 225 -8 0 0
268 310 616 222 0 0 0
268 310 613 219 0 0 0
268 310 610 216 -8 0 0
260 310 607 213 0 0 0
260 310 604 210 0 0 0
260 310 601 207 -8 0 0
252 310 598 204 0 -8 0
252 302 595 201 -8 8 0
244 310 592 198 0 8 0
244 318 589 195 0 8 0
244 326 586 192 -8 0 0
236 326 583 189 0 8 0
236 334 580 186 0 -8 0
236 326 577 183 -8 -8 0
228 318 574 180 0 8 0
228 326 571 177 -8 0 0
220 326 568 174 0 -8 0
220 318 565 171 0 -8 0
220 310 562 168 -8 0 0
212 310 559 165 0 -8 0
212 302 556 162 0 8 0
212 310 553 159 -8 0 0
204 310 550 156 0 8 0
204 318 547 153 -8 8 0
196 326 544 150 0 0 0
196 326 541 147 0 -8 0
196 318 538 144 -8 0 0
188 318 535 141 0 -8 0
188 310 532 138 0 0 0
188 310 529 135 -8 0 0
180 310 526 132 0 8 0
180 318 523 129 -8 0 0
172 318 520 126 0 -8 0
172 310 517 123 0 0 0
172 310 514 120 -8 -8 0
164 302 511 117 0 8 0
164 310 508 114 0 -8 0
164 302 505 111 -8 0 0
156 302 502 108 0 8 0
156 310 499 105 -8 8 0
148 318 496 102 0 -8 0
148 310 493 99 0 -8 0
148 302 490 96 -8 8 0
140 310 487 93 0 0 0
140 310 484 90 0 -8 0
140 302 481 87 -8 8 0
132 310 478 84 0 -8 0
132 302 475 81 -8 8 0
124 310 472 78 0 8 0
124 318 469 75 0 0 0
124 318 466 72 -8 0 0
116 318 463 69 0 0 0
116 318 460 66 0 -8 0
116 310 457 63 -8 8 0
108 318 454 60 0 0 0
108 318 451 57 -8 0 0
100 318 448 54 0 -8 0
100 310 445 51 0 8 0
100 318 442 48 -8 -8 0
92 310 439 45 0 0 0
92 310 436 42 0 8 0
92 318 433 39 -8 8 0
84 326 430 36 0 0 0
84 326 427 33 -8 -8 0
76 318 424 30 0 0 0
76 318 421 27 0 8 0
76 326 418 24 -8 8 0
68 334 415 21 0 -8 0
68 326 412 18 0 8 0
68 334 409 15 -8 -8 0
60 326 406 12 0 0 0
60 326 403 9 -8 -8 0
60 318 400 12 0 8 0
60 326 397 15 0 8 0
60 334 394 18 0 -8 0
60 326 391 21 0 8 0
60 334 388 24 0 0 0
60 334 385 27 0 0 0
60 334 382 30 0 0 0
60 334 379 33 0 -8 0
60 326 376 36 0 0 0
60 326 373 39 0 8 0
60 334 370 42 0 0 0
60 334 367 45 0 -8 0
60 326 364 48 0 8 0
60 334 361 51 0 -8 0
60 326 358 54 0 -8 0
60 318 355 57 0 8 0
60 326 352 60 0 -8 0
60 318 349 63 0 8 0
60 326 346 66 0 -8 0
60 318 343 69 0 8 0
60 326 340 72 0 -8 0
60 318 337 75 0 -8 0
60 310 334 78 0 -8 0
60 302 331 81 0 8 0
60 310 328 84 0 0 0
60 310 325 87 0 0 0
60 310 322 90 0 8 0
60 318 319 93 0 -8 0
60 310 316 96 0 8 0
60 318 313 99 0 8 0
60 326 310 102 0 0 0
60 326 307 105 0 0 0
60 326 304 108 0 -8 0
60 318 301 111 8 0 0
68 318 298 114 0 0 0
68 318 295 117 0 -8 0
68 310 292 120 8 -8 0
76 302 289 123 0 8 0
76 310 286 126 0 0 0
76 310 283 129 8 -8 0
84 302 280 132 0 0 0
84 302 277 135 8 -8 0
92 294 274 138 0 0 0
92 294 271 141 0 0 0
92 294 268 144 8 -8 0
100 286 265 147 0 8 0
100 294 262 150 0 0 0
100 294 259 153 8 0 0
108 294 256 156 0 -8 0
108 286 253 159 8 0 0
116 286 250 162 0 -8 0
116 278 247 165 0 8 0
116 286 244 168 8 -8 0
124 278 241 171 0 0 0
124 278 238 174 0 0 0
124 278 235 177 8 8 0
132 286 232 180 0 0 0
132 286 229 183 8 -8 0
140 278 226 186 0 -8 0
140 270 223 189 0 -8 0
140 262 220 192 8 8 0
148 270 217 195 0 8 0
148 278 214 198 0 8 0
148 286 211 201 8 8 0
156 294 208 204 0 -8 0
156 286 205 207 8 8 0
164 294 202 210 0 -8 0
164 286 199 213 0 8 0
164 294 196 216 8 0 0
172 294 193 219 0 8 0
172 302 190 222 0 -8 0
172 294 187 225 8 0 0
180 294 184 228 0 8 0
180 302 181 231 8 0 0
188 302 178 234 0 -8 0
188 294 175 237 0 8 0
188 302 172 240 8 0 0
196 302 169 243 0 0 0
196 302 166 246 0 0 0
196 302 163 249 8 0 0
204 302 160 252 0 -8 0
204 294 157 255 8 0 0
212 294 154 258 0 -8 0
212 286 151 261 0 8 0
212 294 148 264 8 0 0
220 294 145 267 0 8 0
220 302 142 270 0 -8 0
220 294 139 273 8 -8 0
228 286 136 276 0 0 0
228 286 133 279 8 8 0
236 294 130 282 0 8 0
236 302 127 285 0 -8 0
236 294 124 288 8 0 0
244 294 121 291 0 -8 0
244 286 118 294 0 0 0
244 286 115 297 8 -8 0
252 278 112 300 0 8 0
252 286 109 303 8 -8 0
260 278 106 306 0 8 0
260 286 103 309 0 8 0
260 294 100 312 8 0 0
268 294 97 315 0 8 0
268 302 94 318 0 8 0
268 310 91 321 8 -8 0
276 302 88 324 0 -8 0
276 294 85 327 8 8 0
284 302 82 330 0 0 0
284 302 79 333 0 -8 0
284 294 76 336 8 0 0
292 294 73 339 0 8 0
292 302 70 342 0 8 0
292 310 67 345 8 -8 0
300 302 64 348 0 -8 0
300 294 61 351 8 -8 0
308 286 58 354 0 0 0
308 286 55 357 0 8 0
308 294 52 360 8 -8 0
316 286 49 363 0 0 0
316 286 46 366 0 0 0
316 286 43 369 8 0 0
324 286 40 372 0 8 0
324 294 37 375 8 8 0
332 302 34 378 0 0 0
332 302 31 381 0 8 0
332 310 28 384 8 8 0
340 318 25 387 0 8 0
340 326 22 390 0 0 0
340 326 19 393 0 0 1
340 326 19 393 0 0 1
340 326 19 393 0 0 1
340 326 19 393 0 0 1
340 326 19 393 0 0 1
