534 376 226 399 0 0 0
534 376 223 402 -8 0 0
526 376 220 405 -8 0 0
518 376 217 408 -8 -8 0
510 368 214 411 -8 0 0
502 368 211 414 -8 8 0
494 376 208 417 -8 8 0
486 384 205 420 -8 -8 0
478 376 202 423 -8 8 0
470 384 199 426 0 -8 0
470 376 196 429 0 8 0
470 384 193 432 0 -8 0
470 376 190 435 0 -8 0
470 368 187 438 0 8 0
470 376 184 441 0 -8 0
470 368 181 444 0 -8 0
470 360 178 447 0 8 0
470 368 175 450 0 0 0
470 368 172 453 0 8 0
470 376 169 456 0 8 0
470 384 166 459 0 0 0
470 384 163 462 0 8 0
470 392 160 465 0 -8 0
470 384 157 468 0 -8 0
470 376 154 471 0 8 0
470 384 151 474 0 -8 0
470 376 148 477 0 8 0
470 384 145 480 0 -8 0
470 376 142 483 0 -8 0
470 368 139 486 0 8 0
470 376 136 489 0 0 0
470 376 133 492 0 -8 0
470 368 130 495 0 8 0
470 376 127 498 0 -8 0
470 368 124 501 0 0 0
470 368 121 504 0 0 0
470 368 118 507 0 -8 0
470 360 115 510 0 -8 0
470 352 112 513 0 -8 0
470 344 109 516 0 8 0
470 352 106 519 0 0 0
470 352 103 522 8 0 0
478 352 100 525 0 8 0
478 360 97 528 0 8 0
478 368 94 531 8 -8 0
486 360 91 534 0 8 0
486 368 88 537 8 -8 0
494 360 85 540 0 -8 0
494 352 82 543 0 -8 0
494 344 79 546 8 -8 0
502 336 76 549 0 -8 0
502 328 73 552 0 8 0
502 336 70 555 8 0 0
510 336 67 558 0 -8 0
510 328 64 561 8 0 0
518 328 61 564 0 8 0
518 336 58 567 0 8 0
518 344 55 570 8 -8 0
526 336 52 573 0 0 0
526 336 49 576 0 -8 0
526 328 46 579 8 -8 0
534 320 43 582 0 0 0
534 320 40 585 8 -8 0
540 312 37 588 0 -8 0
540 304 34 591 8 -8 0
540 296 31 588 0 8 0
540 304 28 585 0 8 0
540 312 25 582 0 -8 0
540 304 22 579 0 8 0
540 312 19 576 0 8 0
540 320 22 573 0 -8 0
540 312 25 570 0 0 0
540 312 28 567 0 0 0
540 312 31 564 0 -8 0
540 304 34 561 0 8 0
540 312 37 558 0 0 0
540 312 40 555 0 0 0
540 312 43 552 0 -8 0
540 304 46 549 0 -8 0
540 296 49 546 0 8 0
540 304 52 543 0 8 0
540 312 55 540 0 0 0
540 312 58 537 0 8 0
540 320 61 534 0 8 0
540 328 64 531 0 8 0
540 336 67 528 0 0 0
540 336 70 525 0 -8 0
540 328 73 522 0 -8 0
540 320 76 519 0 8 0
540 328 79 516 0 0 0
540 328 82 513 0 -8 0
540 320 85 510 0 -8 0
540 312 88 507 0 0 0
540 312 91 504 0 0 0
540 312 94 501 0 8 0
540 320 97 498 0 -8 0
540 312 100 495 0 8 0
540 320 103 492 0 -8 0
540 312 106 489 -8 8 0
532 320 109 486 0 -8 0
532 312 112 483 0 -8 0
532 304 115 480 -8 -8 0
524 296 118 477 0 -8 0
524 288 121 474 0 8 0
524 296 124 471 -8 -8 0
516 288 127 468 0 8 0
516 296 130 465 -8 -8 0
508 288 133 462 0 -8 0
508 280 136 459 0 -8 0
508 272 139 456 -8 0 0
500 272 142 453 0 0 0
500 272 145 450 0 8 0
500 280 148 447 -8 0 0
492 280 151 444 0 8 0
492 288 154 441 -8 8 0
484 296 157 438 0 8 0
484 304 160 435 0 0 0
484 304 163 432 -8 -8 0
476 296 166 429 0 8 0
476 304 169 426 0 0 0
476 304 172 423 -8 0 0
468 304 175 420 0 0 0
468 304 178 417 -8 0 0
460 304 181 414 0 8 0
460 312 184 411 0 8 0
460 320 187 408 -8 8 0
452 328 190 405 0 8 0
452 336 193 402 0 -8 0
452 328 196 399 -8 8 0
444 336 199 396 0 0 0
444 336 202 393 -8 -8 0
436 328 205 390 0 0 0
436 328 208 387 0 8 0
436 336 211 384 -8 -8 0
428 328 214 381 0 0 0
428 328 217 378 0 8 0
428 336 220 375 -8 0 0
420 336 223 372 0 -8 0
420 328 226 369 -8 -8 0
412 320 229 366 0 8 0
412 328 232 363 0 0 0
412 328 235 360 -8 -8 0
404 320 238 357 0 -8 0
404 312 241 354 0 -8 0
404 304 244 351 -8 -8 0
396 296 247 348 0 -8 0
396 288 250 345 -8 -8 0
388 280 253 342 0 0 0
388 280 256 339 0 8 0
388 288 259 336 -8 0 0
380 288 262 333 0 0 0
380 288 265 330 0 8 0
380 296 268 327 -8 0 0
372 296 271 324 0 -8 0
372 288 274 321 -8 -8 0
364 280 277 318 0 -8 0
364 272 280 315 0 0 0
364 272 283 312 -8 -8 0
356 264 286 309 0 -8 0
356 256 289 306 0 0 0
356 256 292 303 -8 0 0
348 256 295 300 0 8 0
348 264 298 297 -8 0 0
340 264 301 294 0 8 0
340 272 304 291 0 8 0
340 280 307 288 -8 8 0
332 288 310 285 0 8 0
332 296 313 282 0 -8 0
332 288 316 279 -8 0 0
324 288 319 276 0 8 0
324 296 322 273 -8 0 0
316 296 325 270 0 0 0
316 296 328 267 0 -8 0
316 288 331 264 -8 -8 0
308 280 334 261 0 0 0
308 280 337 258 0 -8 0
308 272 340 255 -8 0 0
300 272 343 252 0 0 0
300 272 346 249 -8 8 0
292 280 349 246 0 8 0
292 288 352 243 0 0 0
292 288 355 240 -8 8 0
284 296 358 237 0 -8 0
284 288 361 234 0 0 0
284 288 364 231 -8 8 0
276 296 367 228 0 -8 0
276 288 370 225 -8 -8 0
268 280 373 222 0 -8 0
268 272 376 219 0 0 0
268 272 379 216 -8 -8 0
260 264 382 213 0 -8 0
260 256 385 210 0 0 0
260 256 388 207 -8 8 0
252 264 391 204 0 -8 0
252 256 394 201 -8 8 0
244 264 397 198 0 -8 0
244 256 400 195 0 8 0
244 264 403 192 -8 8 0
236 272 406 189 0 8 0
236 280 409 186 0 8 0
236 288 412 183 -8 8 0
228 296 415 180 0 0 0
228 296 418 177 -8 8 0
220 304 421 174 0 -8 0
220 296 424 171 0 8 0
220 304 427 168 -8 -8 0
212 296 430 165 0 8 0
212 304 433 162 0 8 0
212 312 436 159 -8 8 0
204 320 439 156 0 -8 0
204 312 442 153 -8 0 0
196 312 445 150 0 -8 0
196 304 448 147 0 -8 0
196 296 451 144 -8 8 0
188 304 454 141 0 -8 0
188 296 457 138 0 8 0
188 304 460 135 -8 -8 0
180 296 463 132 0 -8 0
180 288 466 129 -8 -8 0
172 280 469 126 0 0 0
172 280 472 123 0 -8 0
172 272 475 120 -8 8 0
164 280 478 117 0 8 0
164 288 481 114 0 -8 0
164 280 484 111 -8 8 0
156 288 487 108 0 -8 0
156 280 490 105 -8 8 0
148 288 493 102 0 -8 0
148 280 496 99 0 0 0
148 280 499 96 -8 8 0
140 288 502 93 0 -8 0
140 280 505 90 0 0 0
140 280 508 87 -8 0 0
132 280 511 84 0 8 0
132 288 514 81 -8 8 0
124 296 517 78 0 -8 0
124 288 520 75 0 -8 0
124 280 523 72 -8 -8 0
116 272 526 69 0 -8 0
116 264 529 66 0 -8 0
116 256 532 63 -8 0 0
108 256 535 60 0 8 0
108 264 538 57 -8 -8 0
100 256 541 54 0 8 0
100 264 544 51 0 8 0
100 272 547 48 -8 -8 0
92 264 550 45 0 -8 0
92 256 553 42 0 0 0
92 256 556 39 -8 0 0
84 256 559 36 0 8 0
84 264 562 33 -8 -8 0
76 256 565 30 0 0 0
76 256 568 27 0 0 0
76 256 571 24 -8 -8 0
68 248 574 21 0 0 0
68 248 577 18 0 0 0
68 248 580 15 -8 0 0
60 248 583 12 0 0 0
60 248 586 9 -8 -8 0
60 240 589 12 0 8 0
60 248 592 15 0 8 0
60 256 595 18 0 -8 0
60 248 598 21 0 0 0
60 248 601 24 0 -8 0
60 240 604 27 0 8 0
60 248 607 30 0 0 0
60 248 610 33 0 8 0
60 256 613 36 0 8 0
60 264 616 39 0 -8 0
60 256 619 42 0 8 0
60 264 622 45 0 -8 0
60 256 625 48 0 0 0
60 256 628 51 0 0 0
60 256 631 54 0 0 0
60 256 634 57 0 8 0
60 264 637 60 0 -8 0
60 256 640 63 0 -8 0
60 248 643 66 0 0 0
60 248 646 69 0 0 0
60 248 649 72 0 -8 0
60 240 652 75 0 8 0
60 248 655 78 0 -8 0
60 240 658 81 0 -8 0
60 232 661 84 0 -8 0
60 224 664 87 0 -8 0
60 216 667 90 0 0 0
60 216 670 93 0 8 0
60 224 673 96 0 -8 0
60 216 676 99 0 -8 0
60 208 679 102 0 0 0
60 208 682 105 0 -8 0
60 200 685 108 0 8 0
60 208 688 111 8 0 0
68 208 691 114 0 0 0
68 208 694 117 0 0 0
68 208 697 120 8 -8 0
76 200 700 123 0 -8 0
76 192 703 126 0 -8 0
76 184 706 129 8 -8 0
84 176 709 132 0 -8 0
84 168 712 135 8 0 0
92 168 715 138 0 0 0
92 168 718 141 0 -8 0
92 160 721 144 8 8 0
100 168 724 147 0 8 0
100 176 727 150 0 -8 0
100 168 730 153 8 -8 0
108 160 733 156 0 -8 0
108 152 736 159 8 -8 0
116 144 739 162 0 -8 0
116 136 742 165 0 0 0
116 136 745 168 8 0 0
124 136 748 171 0 -8 0
124 128 751 174 0 8 0
124 136 754 177 8 0 0
132 136 757 180 0 -8 0
132 128 760 183 8 0 0
140 128 763 186 0 0 0
140 128 766 189 0 0 0
140 128 769 192 8 8 0
148 136 772 195 0 0 0
148 136 775 198 0 -8 0
148 128 778 201 8 -8 0
156 120 781 204 0 0 1
156 120 781 204 0 0 1
156 120 781 204 0 0 1
156 120 781 204 0 0 1
156 120 781 204 0 0 1
