82 477 331 462 0 0 0
82 477 328 465 8 8 0
90 485 325 468 8 0 0
98 485 322 471 8 0 0
106 485 319 474 8 8 0
114 493 316 477 8 8 0
122 501 313 480 8 8 0
130 509 310 483 8 -8 0
138 501 307 486 8 -8 0
146 493 304 489 8 0 0
154 493 301 492 8 0 0
162 493 298 495 8 8 0
170 501 295 498 8 0 0
178 501 292 501 8 8 0
186 509 289 504 8 0 0
194 509 286 507 8 8 0
202 517 283 510 8 8 0
210 525 280 513 8 8 0
218 533 277 516 8 8 0
226 540 274 519 8 8 0
234 540 271 522 8 8 0
242 540 268 525 8 0 0
250 540 265 528 8 0 0
258 540 262 531 8 8 0
266 540 259 534 8 0 0
274 540 256 537 8 0 0
282 540 253 540 8 0 0
290 540 250 543 8 8 0
298 540 247 546 8 -8 0
306 532 244 549 8 0 0
314 532 241 552 8 8 0
322 540 238 555 8 -8 0
330 532 235 558 8 -8 0
338 524 232 561 8 8 0
346 532 229 564 8 -8 0
354 524 226 567 8 0 0
362 524 223 570 8 8 0
370 532 220 573 8 -8 0
378 524 217 576 8 -8 0
386 516 214 579 8 0 0
394 516 211 582 8 0 0
402 516 208 585 8 8 0
410 524 205 588 8 0 0
418 524 202 591 8 8 0
426 532 199 588 8 8 0
434 540 196 585 8 0 0
442 540 193 582 8 0 0
450 540 190 579 8 8 0
458 540 187 576 8 8 0
466 540 184 573 8 8 0
474 540 181 570 8 0 0
482 540 178 567 8 8 0
490 540 175 564 8 -8 0
498 532 172 561 8 0 0
506 532 169 558 8 -8 0
514 524 166 555 0 -8 0
514 516 163 552 0 0 0
514 516 160 549 0 -8 0
514 508 157 546 0 8 0
514 516 154 543 0 8 0
514 524 151 540 0 -8 0
514 516 148 537 0 8 0
514 524 145 534 0 0 0
514 524 142 531 0 0 0
514 524 139 528 0 8 0
514 532 136 525 0 -8 0
514 524 133 522 0 -8 0
514 516 130 519 0 8 0
514 524 127 516 0 -8 0
514 516 124 513 0 0 0
514 516 121 510 0 -8 0
514 508 118 507 0 8 0
514 516 115 504 0 8 0
514 524 112 501 0 8 0
514 532 109 498 0 8 0
514 540 106 495 0 -8 0
514 532 103 492 0 8 0
514 540 100 489 0 -8 0
514 532 97 486 0 -8 0
514 524 94 483 0 0 0
514 524 91 480 0 8 0
514 532 88 477 0 8 0
514 540 85 474 0 0 0
514 540 82 471 0 0 0
514 540 79 468 0 0 0
514 540 76 465 0 8 0
514 540 73 462 -8 0 0
506 540 70 459 0 8 0
506 540 67 456 0 -8 0
506 532 64 453 -8 0 0
498 532 61 450 0 8 0
498 540 58 447 -8 0 0
490 540 55 444 0 0 0
490 540 52 441 0 8 0
490 540 49 438 -8 0 0
482 540 46 435 0 0 0
482 540 43 432 0 -8 0
482 532 40 429 -8 8 0
474 540 37 426 0 8 0
474 540 34 423 -8 8 0
466 540 31 420 0 0 0
466 540 28 417 0 8 0
466 540 25 414 -8 8 0
458 540 22 411 0 -8 0
458 532 19 408 0 8 0
458 540 22 405 -8 -8 0
450 532 25 402 0 -8 0
450 524 28 399 -8 -8 0
442 516 31 396 0 0 0
442 516 34 393 0 8 0
442 524 37 390 -8 8 0
434 532 40 387 0 8 0
434 540 43 384 0 8 0
434 540 46 381 -8 8 0
426 540 49 378 0 8 0
426 540 52 375 -8 0 0
418 540 55 372 0 8 0
418 540 58 369 0 8 0
418 540 61 366 -8 -8 0
410 532 64 363 0 8 0
410 540 67 360 0 0 0
410 540 70 357 -8 8 0
402 540 73 354 0 -8 0
402 532 76 351 -8 0 0
394 532 79 348 0 -8 0
394 524 82 345 0 8 0
394 532 85 342 -8 0 0
386 532 88 339 0 0 0
386 532 91 336 0 -8 0
386 524 94 333 -8 -8 0
378 516 97 330 0 -8 0
378 508 100 327 -8 -8 0
370 500 103 324 0 0 0
370 500 106 321 0 -8 0
370 492 109 318 -8 -8 0
362 484 112 315 0 0 0
362 484 115 312 0 0 0
362 484 118 309 -8 8 0
354 492 121 306 0 -8 0
354 484 124 303 -8 0 0
346 484 127 300 0 0 0
346 484 130 297 0 0 0
346 484 133 294 -8 0 0
338 484 136 291 0 0 0
338 484 139 288 0 -8 0
338 476 142 285 -8 8 0
330 484 145 282 0 0 0
330 484 148 279 -8 0 0
322 484 151 276 0 8 0
322 492 154 273 0 0 0
322 492 157 270 -8 0 0
314 492 160 267 0 8 0
314 500 163 264 0 -8 0
314 492 166 261 -8 8 0
306 500 169 258 0 -8 0
306 492 172 255 -8 -8 0
298 484 175 252 0 0 0
298 484 178 249 0 -8 0
298 476 181 246 -8 0 0
290 476 184 243 0 8 0
290 484 187 240 0 0 0
290 484 190 237 -8 0 0
282 484 193 234 0 -8 0
282 476 196 231 -8 -8 0
274 468 199 228 0 -8 0
274 460 202 225 0 0 0
274 460 205 222 -8 8 0
266 468 208 219 0 -8 0
266 460 211 216 0 8 0
266 468 214 213 -8 -8 0
258 460 217 210 0 8 0
258 468 220 207 -8 0 0
250 468 223 204 0 8 0
250 476 226 201 0 -8 0
250 468 229 198 -8 0 0
242 468 232 195 0 8 0
242 476 235 192 0 -8 0
242 468 238 189 -8 0 0
234 468 241 186 0 0 0
234 468 244 183 -8 0 0
226 468 247 180 0 0 0
226 468 250 177 0 8 0
226 476 253 174 -8 8 0
218 484 256 171 0 0 0
218 484 259 168 0 0 0
218 484 262 165 -8 0 0
210 484 265 162 0 8 0
210 492 268 159 -8 8 0
202 500 271 156 0 8 0
202 508 274 153 0 0 0
202 508 277 150 -8 -8 0
194 500 280 147 0 -8 0
194 492 283 144 0 -8 0
194 484 286 141 -8 8 0
186 492 289 138 0 8 0
186 500 292 135 -8 8 0
178 508 295 132 0 -8 0
178 500 298 129 0 -8 0
178 492 301 126 -8 8 0
170 500 304 123 0 0 0
170 500 307 120 0 8 0
170 508 310 117 -8 0 0
162 508 313 114 0 8 0
162 516 316 111 -8 8 0
154 524 319 108 0 -8 0
154 516 322 105 0 -8 0
154 508 325 102 -8 8 0
146 516 328 99 0 -8 0
146 508 331 96 0 -8 0
146 500 334 93 -8 -8 0
138 492 337 90 0 8 0
138 500 340 87 -8 -8 0
130 492 343 84 0 8 0
130 500 346 81 0 0 0
130 500 349 78 -8 0 0
122 500 352 75 0 -8 0
122 492 355 72 0 -8 0
122 484 358 69 -8 8 0
114 492 361 66 0 8 0
114 500 364 63 -8 0 0
106 500 367 60 0 8 0
106 508 370 57 0 0 0
106 508 373 54 -8 -8 0
98 500 376 51 0 -8 0
98 492 379 48 0 0 0
98 492 382 45 -8 8 0
90 500 385 42 0 -8 0
90 492 388 39 -8 -8 0
82 484 391 36 0 0 0
82 484 394 33 0 -8 0
82 476 397 30 -8 8 0
74 484 400 27 0 -8 0
74 476 403 24 0 8 0
74 484 406 21 -8 8 0
66 492 409 18 0 0 0
66 492 412 15 -8 0 0
60 492 415 12 0 -8 0
60 484 418 9 -8 0 0
60 484 421 12 0 8 0
60 492 424 15 0 8 0
60 500 427 18 0 0 0
60 500 430 21 0 0 0
60 500 433 24 0 8 0
60 508 436 27 0 8 0
60 516 439 30 0 8 0
60 524 442 33 0 -8 0
60 516 445 36 0 8 0
60 524 448 39 0 0 0
60 524 451 42 0 -8 0
60 516 454 45 0 0 0
60 516 457 48 0 8 0
60 524 460 51 0 8 0
60 532 463 54 0 8 0
60 540 466 57 0 0 0
60 540 469 60 0 0 0
60 540 472 63 0 8 0
60 540 475 66 0 -8 0
60 532 478 69 0 0 0
60 532 481 72 0 -8 0
60 524 484 75 0 0 0
60 524 487 78 0 0 0
60 524 490 81 0 -8 0
60 516 493 84 0 0 0
60 516 496 87 0 0 0
60 516 499 90 0 -8 0
60 508 502 93 0 8 0
60 516 505 96 0 8 0
60 524 508 99 0 8 0
60 532 511 102 0 0 0
60 532 514 105 0 0 0
60 532 517 108 0 8 0
60 540 520 111 8 -8 0
68 532 523 114 0 8 0
68 540 526 117 0 0 0
68 540 529 120 8 8 0
76 540 532 123 0 0 0
76 540 535 126 0 8 0
76 540 538 129 8 8 0
84 540 541 132 0 0 0
84 540 544 135 8 -8 0
92 532 547 138 0 8 0
92 540 550 141 0 8 0
92 540 553 144 8 0 0
100 540 556 147 0 0 0
100 540 559 150 0 0 0
100 540 562 153 8 0 0
108 540 565 156 0 8 0
108 540 568 159 8 -8 0
116 532 571 162 0 0 0
116 532 574 165 0 8 0
116 540 577 168 8 8 0
124 540 580 171 0 0 0
124 540 583 174 0 0 0
124 540 586 177 8 0 0
132 540 589 180 0 -8 0
132 532 592 183 8 -8 0
140 524 595 186 0 8 0
140 532 598 189 0 -8 0
140 524 601 192 8 0 0
148 524 604 195 0 8 0
148 532 607 198 0 -8 0
148 524 610 201 8 -8 0
156 516 613 204 0 8 0
156 524 616 207 8 8 0
164 532 619 210 0 0 0
164 532 622 213 0 0 0
164 532 625 216 8 0 0
172 532 628 219 0 -8 0
172 524 631 222 0 8 0
172 532 634 225 8 -8 0
180 524 637 228 0 -8 0
180 516 640 231 8 -8 0
188 508 643 234 0 -8 0
188 500 646 237 0 0 0
188 500 649 240 8 8 0
196 508 652 243 0 -8 0
196 500 655 246 0 8 0
196 508 658 249 8 8 0
204 516 661 252 0 0 0
204 516 664 255 8 8 0
212 524 667 258 0 -8 0
212 516 670 261 0 8 0
212 524 673 264 8 0 0
220 524 676 267 0 8 0
220 532 679 270 0 8 0
220 540 682 273 8 -8 0
228 532 685 276 0 8 0
228 540 688 279 8 -8 0
236 532 691 282 0 0 0
236 532 694 285 0 8 0
236 540 697 288 8 8 0
244 540 700 291 0 -8 0
244 532 703 294 0 -8 0
244 524 706 297 8 8 0
252 532 709 300 0 8 0
252 540 712 303 8 -8 0
260 532 715 306 0 8 0
260 540 718 309 0 8 0
260 540 721 312 8 0 0
268 540 724 315 0 0 0
268 540 727 318 0 8 0
268 540 730 321 8 0 0
276 540 733 324 0 -8 0
276 532 736 327 8 -8 0
284 524 739 330 0 0 0
284 524 742 333 0 8 0
284 532 745 336 8 8 0
292 540 748 339 0 8 0
292 540 751 342 0 0 0
292 540 754 345 8 -8 0
300 532 757 348 0 0 0
300 532 760 351 8 8 0
308 540 763 354 0 -8 0
308 532 766 357 0 8 0
308 540 769 360 8 0 0
316 540 772 363 0 0 0
316 540 775 366 0 0 0
316 540 778 369 8 -8 0
324 532 781 372 0 0 1
324 532 781 372 0 0 1
324 532 781 372 0 0 1
324 532 781 372 0 0 1
324 532 781 372 0 0 1
