340 371 283 249 0 0 0
340 371 286 252 -8 -8 0
332 363 289 255 -8 8 0
324 371 292 258 -8 -8 0
316 363 295 261 -8 0 0
308 363 298 264 0 0 0
308 363 301 267 0 -8 0
308 355 304 270 0 -8 0
308 347 307 273 0 8 0
308 355 310 276 0 0 0
308 355 313 279 0 0 0
308 355 316 282 0 -8 0
308 347 319 285 0 8 0
308 355 322 288 0 8 0
308 363 325 291 0 8 0
308 371 328 294 0 8 0
308 379 331 297 0 0 0
308 379 334 300 0 -8 0
308 371 337 303 0 -8 0
308 363 340 306 0 -8 0
308 355 343 309 0 0 0
308 355 346 312 0 -8 0
308 347 349 315 0 0 0
308 347 352 318 0 -8 0
308 339 355 321 0 -8 0
308 331 358 324 0 8 0
308 339 361 327 0 0 0
308 339 364 330 0 8 0
308 347 367 333 0 8 0
308 355 370 336 0 8 0
308 363 373 339 0 8 0
308 371 376 342 0 8 0
308 379 379 345 0 8 0
308 387 382 348 0 8 0
308 395 385 351 0 8 0
308 403 388 354 0 0 0
308 403 391 357 0 0 0
308 403 394 360 8 -8 0
316 395 397 363 0 0 0
316 395 400 366 0 8 0
316 403 403 369 8 8 0
324 411 406 372 0 8 0
324 419 409 375 8 -8 0
332 411 412 378 0 0 0
332 411 415 381 0 0 0
332 411 418 384 8 0 0
340 411 421 387 0 -8 0
340 403 424 390 0 -8 0
340 395 427 393 8 8 0
348 403 430 396 0 8 0
348 411 433 399 8 8 0
356 419 436 402 0 0 0
356 419 439 405 0 8 0
356 427 442 408 8 8 0
364 435 445 411 0 8 0
364 443 448 414 0 8 0
364 451 451 417 8 0 0
372 451 454 420 0 0 0
372 451 457 423 8 8 0
380 459 460 426 0 8 0
380 467 463 429 0 8 0
380 475 466 432 8 8 0
388 483 469 435 0 -8 0
388 475 472 438 0 0 0
388 475 475 441 8 8 0
396 483 478 444 0 -8 0
396 475 481 447 8 8 0
404 483 484 450 0 -8 0
404 475 487 453 0 0 0
404 475 490 456 8 -8 0
412 467 493 459 0 -8 0
412 459 496 462 0 8 0
412 467 499 465 8 -8 0
420 459 502 468 0 8 0
420 467 505 471 8 -8 0
428 459 508 474 0 -8 0
428 451 511 477 0 -8 0
428 443 514 480 8 0 0
436 443 517 483 0 -8 0
436 435 520 486 0 8 0
436 443 523 489 8 -8 0
444 435 526 492 0 -8 0
444 427 529 495 8 8 0
452 435 532 498 0 0 0
452 435 535 501 0 0 0
452 435 538 504 8 -8 0
460 427 541 507 0 -8 0
460 419 544 510 0 0 0
460 419 547 513 8 -8 0
468 411 550 516 0 0 0
468 411 553 519 8 8 0
476 419 556 522 0 0 0
476 419 559 525 0 -8 0
476 411 562 528 8 8 0
484 419 565 531 0 -8 0
484 411 568 534 0 -8 0
484 403 571 537 8 0 0
492 403 574 540 0 8 0
492 411 577 543 8 -8 0
500 403 580 546 0 -8 0
500 395 583 549 0 8 0
500 403 586 552 8 -8 0
508 395 589 555 0 0 0
508 395 592 558 0 8 0
508 403 595 561 8 8 0
516 411 598 564 0 -8 0
516 403 601 567 8 0 0
524 403 604 570 0 8 0
524 411 607 573 0 -8 0
524 403 610 576 8 0 0
532 403 613 579 0 -8 0
532 395 616 582 0 -8 0
532 387 619 585 8 8 0
540 395 622 588 0 -8 0
540 387 625 591 8 -8 0
540 379 628 588 0 -8 0
540 371 631 585 0 8 0
540 379 634 582 0 8 0
540 387 637 579 0 8 0
540 395 640 576 0 0 0
540 395 643 573 0 8 0
540 403 646 570 0 8 0
540 411 649 567 0 -8 0
540 403 652 564 0 8 0
540 411 655 561 0 0 0
540 411 658 558 0 -8 0
540 403 661 555 0 8 0
540 411 664 552 0 8 0
540 419 667 549 0 0 0
540 419 670 546 0 8 0
540 427 673 543 0 -8 0
540 419 676 540 0 0 0
540 419 679 537 0 -8 0
540 411 682 534 0 8 0
540 419 685 531 0 0 0
540 419 688 528 0 8 0
540 427 691 525 0 0 0
540 427 694 522 0 8 0
540 435 697 519 0 -8 0
540 427 700 516 0 0 0
540 427 703 513 0 -8 0
540 419 706 510 0 0 0
540 419 709 507 0 8 0
540 427 712 504 0 -8 0
540 419 715 501 0 8 0
540 427 718 498 0 8 0
540 435 721 495 0 -8 0
540 427 724 492 0 8 0
540 435 727 489 -8 8 0
532 443 730 486 0 0 0
532 443 733 483 0 -8 0
532 435 736 480 -8 8 0
524 443 739 477 0 -8 0
524 435 742 474 0 8 0
524 443 745 471 -8 0 0
516 443 748 468 0 8 0
516 451 751 465 -8 8 0
508 459 754 462 0 0 0
508 459 757 459 0 0 0
508 459 760 456 -8 -8 0
500 451 763 453 0 8 0
500 459 766 450 0 -8 0
500 451 769 447 -8 0 0
492 451 772 444 0 -8 0
492 443 775 441 -8 -8 0
484 435 778 438 0 -8 0
484 427 781 435 0 0 0
484 427 778 432 -8 8 0
476 435 775 429 0 0 0
476 435 772 426 0 8 0
476 443 769 423 -8 0 0
468 443 766 420 0 8 0
468 451 763 417 -8 8 0
460 459 760 414 0 8 0
460 467 757 411 0 0 0
460 467 754 408 -8 8 0
452 475 751 405 0 8 0
452 483 748 402 0 0 0
452 483 745 399 -8 0 0
444 483 742 396 0 0 0
444 483 739 393 -8 8 0
436 491 736 390 0 8 0
436 499 733 387 0 -8 0
436 491 730 384 -8 -8 0
428 483 727 381 0 0 0
428 483 724 378 0 -8 0
428 475 721 375 -8 0 0
420 475 718 372 0 8 0
420 483 715 369 -8 8 0
412 491 712 366 0 -8 0
412 483 709 363 0 -8 0
412 475 706 360 -8 8 0
404 483 703 357 0 8 0
404 491 700 354 0 8 0
404 499 697 351 -8 0 0
396 499 694 348 0 8 0
396 507 691 345 -8 -8 0
388 499 688 342 0 8 0
388 507 685 339 0 0 0
388 507 682 336 -8 8 0
380 515 679 333 0 0 0
380 515 676 330 0 0 0
380 515 673 327 -8 8 0
372 523 670 324 0 -8 0
372 515 667 321 -8 -8 0
364 507 664 318 0 -8 0
364 499 661 315 0 0 0
364 499 658 312 -8 0 0
356 499 655 309 0 0 0
356 499 652 306 0 0 0
356 499 649 303 -8 -8 0
348 491 646 300 0 -8 0
348 483 643 297 -8 -8 0
340 475 640 294 0 0 0
340 475 637 291 0 -8 0
340 467 634 288 -8 0 0
332 467 631 285 0 8 0
332 475 628 282 0 8 0
332 483 625 279 -8 -8 0
324 475 622 276 0 8 0
324 483 619 273 -8 -8 0
316 475 616 270 0 -8 0
316 467 613 267 0 -8 0
316 459 610 264 -8 0 0
308 459 607 261 0 8 0
308 467 604 258 0 8 0
308 475 601 255 -8 8 0
300 483 598 252 0 8 0
300 491 595 249 -8 8 0
292 499 592 246 0 -8 0
292 491 589 243 0 8 0
292 499 586 240 -8 0 0
284 499 583 237 0 8 0
284 507 580 234 0 8 0
284 515 577 231 -8 0 0
276 515 574 228 0 8 0
276 523 571 225 -8 -8 0
268 515 568 222 0 0 0
268 515 565 219 0 -8 0
268 507 562 216 -8 8 0
260 515 559 213 0 -8 0
260 507 556 210 0 8 0
260 515 553 207 -8 8 0
252 523 550 204 0 0 0
252 523 547 201 -8 0 0
244 523 544 198 0 -8 0
244 515 541 195 0 8 0
244 523 538 192 -8 -8 0
236 515 535 189 0 0 0
236 515 532 186 0 -8 0
236 507 529 183 -8 -8 0
228 499 526 180 0 -8 0
228 491 523 177 -8 8 0
220 499 520 174 0 0 0
220 499 517 171 0 -8 0
220 491 514 168 -8 8 0
212 499 511 165 0 8 0
212 507 508 162 0 -8 0
212 499 505 159 -8 -8 0
204 491 502 156 0 -8 0
204 483 499 153 -8 8 0
196 491 496 150 0 0 0
196 491 493 147 0 0 0
196 491 490 144 -8 -8 0
188 483 487 141 0 0 0
188 483 484 138 0 -8 0
188 475 481 135 -8 -8 0
180 467 478 132 0 0 0
180 467 475 129 -8 -8 0
172 459 472 126 0 0 0
172 459 469 123 0 -8 0
172 451 466 120 -8 0 0
164 451 463 117 0 8 0
164 459 460 114 0 8 0
164 467 457 111 -8 -8 0
156 459 454 108 0 8 0
156 467 451 105 -8 8 0
148 475 448 102 0 0 0
148 475 445 99 0 8 0
148 483 442 96 -8 -8 0
140 475 439 93 0 0 0
140 475 436 90 0 -8 0
140 467 433 87 -8 -8 0
132 459 430 84 0 -8 0
132 451 427 81 -8 -8 0
124 443 424 78 0 0 0
124 443 421 75 0 -8 0
124 435 418 72 -8 -8 0
116 427 415 69 0 8 0
116 435 412 66 0 8 0
116 443 409 63 -8 8 0
108 451 406 60 0 -8 0
108 443 403 57 -8 0 0
100 443 400 54 0 -8 0
100 435 397 51 0 0 0
100 435 394 48 -8 -8 0
92 427 391 45 0 8 0
92 435 388 42 0 -8 0
92 427 385 39 -8 8 0
84 435 382 36 0 8 0
84 443 379 33 -8 0 0
76 443 376 30 0 8 0
76 451 373 27 0 -8 0
76 443 370 24 -8 8 0
68 451 367 21 0 -8 0
68 443 364 18 0 8 0
68 451 361 15 -8 0 0
60 451 358 12 0 -8 0
60 443 355 9 -8 -8 0
60 435 352 12 0 8 0
60 443 349 15 0 8 0
60 451 346 18 0 -8 0
60 443 343 21 0 0 0
60 443 340 24 0 0 0
60 443 337 27 0 -8 0
60 435 334 30 0 8 0
60 443 331 33 0 8 0
60 451 328 36 0 -8 0
60 443 325 39 0 0 0
60 443 322 42 0 8 0
60 451 319 45 0 0 0
60 451 316 48 0 0 0
60 451 313 51 0 0 0
60 451 310 54 0 8 0
60 459 307 57 0 8 0
60 467 304 60 0 0 0
60 467 301 63 0 0 0
60 467 298 66 0 -8 0
60 459 295 69 0 8 0
60 467 292 72 0 8 0
60 475 289 75 0 0 0
60 475 286 78 0 8 0
60 483 283 81 0 8 0
60 491 280 84 0 0 0
60 491 277 87 0 -8 0
60 483 274 90 0 -8 0
60 475 271 93 0 -8 0
60 467 268 96 0 0 0
60 467 265 99 0 8 0
60 475 262 102 0 0 0
60 475 259 105 0 -8 0
60 467 256 108 0 8 0
60 475 253 111 8 8 0
68 483 250 114 0 0 0
68 483 247 117 0 -8 0
68 475 244 120 8 -8 0
76 467 241 123 0 -8 0
76 459 238 126 0 -8 0
76 451 235 129 8 0 0
84 451 232 132 0 -8 0
84 443 229 135 8 0 0
92 443 226 138 0 -8 0
92 435 223 141 0 8 0
92 443 220 144 8 -8 0
100 435 217 147 0 8 0
100 443 214 150 0 0 0
100 443 211 153 8 -8 0
108 435 208 156 0 -8 0
108 427 205 159 8 -8 0
116 419 202 162 0 8 0
116 427 199 165 0 0 0
116 427 196 168 8 8 0
124 435 193 171 0 -8 0
124 427 190 174 0 0 0
124 427 187 177 8 0 0
132 427 184 180 0 8 0
132 435 181 183 8 0 0
140 435 178 186 0 -8 0
140 427 175 189 0 8 0
140 435 172 192 8 -8 0
148 427 169 195 0 8 0
148 435 166 198 0 8 0
148 443 163 201 8 8 0
156 451 160 204 0 -8 0
156 443 157 207 8 -8 0
164 435 154 210 0 0 0
164 435 151 213 0 -8 0
164 427 148 216 8 0 0
172 427 145 219 0 -8 0
172 419 142 222 0 0 0
172 419 139 225 8 0 0
180 419 136 228 0 0 0
180 419 133 231 8 0 0
188 419 130 234 0 -8 0
188 411 127 237 0 8 0
188 419 124 240 8 8 0
196 427 121 243 0 0 0
196 427 118 246 0 0 0
196 427 115 249 8 0 0
204 427 112 252 0 8 0
204 435 109 255 8 0 0
212 435 106 258 0 0 0
212 435 103 261 0 0 0
212 435 100 264 8 -8 0
220 427 97 267 0 0 0
220 427 94 270 0 -8 0
220 419 91 273 8 8 0
228 427 88 276 0 8 0
228 435 85 279 8 8 0
236 443 82 282 0 8 0
236 451 79 285 0 0 0
236 451 76 288 8 8 0
244 459 73 291 0 8 0
244 467 70 294 0 0 0
244 467 67 297 8 0 0
252 467 64 300 0 8 0
252 475 61 303 8 -8 0
260 467 58 306 0 0 0
260 467 55 309 0 8 0
260 475 52 312 8 -8 0
268 467 49 315 0 8 0
268 475 46 318 0 0 0
268 475 43 321 8 8 0
276 483 40 324 0 0 0
276 483 37 327 8 -8 0
284 475 34 330 0 8 0
284 483 31 333 0 8 0
284 491 28 336 8 0 0
292 491 25 339 0 0 0
292 491 22 342 0 8 0
292 499 19 345 0 0 1
292 499 19 345 0 0 1
292 499 19 345 0 0 1
292 499 19 345 0 0 1
292 499 19 345 0 0 1
