491 380 343 309 0 0 0
491 380 346 306 -8 8 0
483 388 349 303 -8 -8 0
475 380 352 300 -8 8 0
467 388 355 297 -8 0 0
459 388 358 294 -8 0 0
451 388 361 291 -8 0 0
443 388 364 288 -8 0 0
435 388 367 285 -8 8 0
427 396 370 282 -8 -8 0
419 388 373 279 -8 8 0
411 396 376 276 -8 -8 0
403 388 379 273 -8 -8 0
395 380 382 270 -8 0 0
387 380 385 267 -8 0 0
379 380 388 264 -8 0 0
371 380 391 261 -8 0 0
363 380 394 258 -8 8 0
355 388 397 255 -8 -8 0
347 380 400 252 -8 -8 0
339 372 403 249 -8 8 0
331 380 406 246 -8 0 0
323 380 409 243 -8 0 0
315 380 412 240 -8 8 0
307 388 415 237 -8 0 0
299 388 418 234 -8 0 0
291 388 421 231 -8 0 0
283 388 424 228 -8 0 0
275 388 427 225 0 -8 0
275 380 430 222 -8 8 0
267 388 433 219 0 8 0
267 396 436 216 -8 0 0
259 396 439 213 0 -8 0
259 388 442 210 0 -8 0
259 380 445 207 -8 -8 0
251 372 448 204 0 8 0
251 380 451 201 0 -8 0
251 372 454 198 -8 -8 0
243 364 457 195 0 0 0
243 364 460 192 -8 0 0
235 364 463 189 0 -8 0
235 356 466 186 0 0 0
235 356 469 183 -8 0 0
227 356 472 180 0 8 0
227 364 475 177 0 8 0
227 372 478 174 -8 8 0
219 380 481 171 0 8 0
219 388 484 168 -8 -8 0
211 380 487 165 0 -8 0
211 372 490 162 0 0 0
211 372 493 159 -8 0 0
203 372 496 156 0 -8 0
203 364 499 153 0 -8 0
203 356 502 150 -8 -8 0
195 348 505 147 0 -8 0
195 340 508 144 -8 0 0
187 340 511 141 0 8 0
187 348 514 138 0 8 0
187 356 517 135 -8 8 0
179 364 520 132 0 8 0
179 372 523 129 0 -8 0
179 364 526 126 -8 8 0
171 372 529 123 0 8 0
171 380 532 120 -8 0 0
163 380 535 117 0 -8 0
163 372 538 114 0 0 0
163 372 541 111 -8 8 0
155 380 544 108 0 8 0
155 388 547 105 0 0 0
155 388 550 102 -8 8 0
147 396 553 99 0 8 0
147 404 556 96 -8 -8 0
139 396 559 93 0 -8 0
139 388 562 90 0 8 0
139 396 565 87 -8 0 0
131 396 568 84 0 8 0
131 404 571 81 0 0 0
131 404 574 78 -8 -8 0
123 396 577 75 0 8 0
123 404 580 72 -8 -8 0
115 396 583 69 0 0 0
115 396 586 66 0 8 0
115 404 589 63 -8 -8 0
107 396 592 60 0 0 0
107 396 595 57 0 -8 0
107 388 598 54 -8 8 0
99 396 601 51 0 0 0
99 396 604 48 -8 -8 0
91 388 607 45 0 8 0
91 396 610 42 0 0 0
91 396 613 39 -8 0 0
83 396 616 36 0 0 0
83 396 619 33 0 0 0
83 396 622 30 -8 0 0
75 396 625 27 0 8 0
75 404 628 24 -8 8 0
67 412 631 21 0 -8 0
67 404 634 18 0 -8 0
67 396 637 15 -8 0 0
60 396 640 12 0 8 0
60 404 643 9 -8 -8 0
60 396 646 12 0 -8 0
60 388 649 15 0 0 0
60 388 652 18 0 8 0
60 396 655 21 0 0 0
60 396 658 24 0 -8 0
60 388 661 27 0 0 0
60 388 664 30 0 -8 0
60 380 667 33 0 8 0
60 388 670 36 0 8 0
60 396 673 39 0 8 0
60 404 676 42 0 -8 0
60 396 679 45 0 8 0
60 404 682 48 0 0 0
60 404 685 51 0 8 0
60 412 688 54 0 -8 0
60 404 691 57 0 0 0
60 404 694 60 0 -8 0
60 396 697 63 0 -8 0
60 388 700 66 0 8 0
60 396 703 69 0 -8 0
60 388 706 72 0 0 0
60 388 709 75 0 0 0
60 388 712 78 0 -8 0
60 380 715 81 0 8 0
60 388 718 84 0 0 0
60 388 721 87 0 0 0
60 388 724 90 0 -8 0
60 380 727 93 0 0 0
60 380 730 96 0 8 0
60 388 733 99 0 0 0
60 388 736 102 0 -8 0
60 380 739 105 0 8 0
60 388 742 108 0 8 0
60 396 745 111 8 -8 0
68 388 748 114 0 0 0
68 388 751 117 0 8 0
68 396 754 120 8 -8 0
76 388 757 123 0 -8 0
76 380 760 126 0 -8 0
76 372 763 129 8 -8 0
84 364 766 132 0 8 0
84 372 769 135 8 8 0
92 380 772 138 0 -8 0
92 372 775 141 0 8 0
92 380 778 144 8 -8 0
100 372 781 147 0 0 1
100 372 781 147 0 0 1
100 372 781 147 0 0 1
100 372 781 147 0 0 1
100 372 781 147 0 0 1
