418 110 391 381 0 0 0
418 110 388 384 0 0 0
418 110 385 387 0 0 0
418 110 382 390 0 -8 0
418 102 379 393 0 -8 0
418 94 376 396 0 0 0
418 94 373 399 0 -8 0
418 86 370 402 0 0 0
418 86 367 405 0 8 0
418 94 364 408 0 0 0
418 94 361 411 0 8 0
418 102 358 414 0 0 0
418 102 355 417 0 0 0
418 102 352 420 0 8 0
418 110 349 423 0 8 0
418 118 346 426 0 8 0
418 126 343 429 0 0 0
418 126 340 432 0 0 0
418 126 337 435 0 -8 0
418 118 334 438 0 -8 0
418 110 331 441 0 0 0
418 110 328 444 0 0 0
418 110 325 447 0 -8 0
418 102 322 450 0 8 0
418 110 319 453 0 0 0
418 110 316 456 0 -8 0
418 102 313 459 0 0 0
418 102 310 462 0 0 0
418 102 307 465 0 -8 0
418 94 304 468 0 8 0
418 102 301 471 8 0 0
426 102 298 474 0 0 0
426 102 295 477 8 8 0
434 110 292 480 0 -8 0
434 102 289 483 0 -8 0
434 94 286 486 8 -8 0
442 86 283 489 0 0 0
442 86 280 492 0 -8 0
442 78 277 495 8 8 0
450 86 274 498 0 0 0
450 86 271 501 8 -8 0
458 78 268 504 0 -8 0
458 70 265 507 0 -8 0
458 62 262 510 8 -8 0
466 60 259 513 0 0 0
466 60 256 516 0 8 0
466 68 253 519 8 8 0
474 76 250 522 0 -8 0
474 68 247 525 8 0 0
482 68 244 528 0 8 0
482 76 241 531 0 -8 0
482 68 238 534 8 -8 0
490 60 235 537 0 0 0
490 60 232 540 0 0 0
490 60 229 543 8 8 0
498 68 226 546 0 8 0
498 76 223 549 8 -8 0
506 68 220 552 0 -8 0
506 60 217 555 0 8 0
506 68 214 558 8 0 0
514 68 211 561 0 -8 0
514 60 208 564 0 0 0
514 60 205 567 8 0 0
522 60 202 570 0 0 0
522 60 199 573 8 8 0
530 68 196 576 0 0 0
530 68 193 579 0 0 0
530 68 190 582 8 0 0
538 68 187 585 0 -8 0
538 60 184 588 0 -8 0
538 60 181 591 8 -8 0
540 60 178 588 0 8 0
540 68 175 585 0 0 0
540 68 172 582 0 0 0
540 68 169 579 0 -8 0
540 60 166 576 0 0 0
540 60 163 573 0 8 0
540 68 160 570 0 -8 0
540 60 157 567 0 -8 0
540 60 154 564 0 8 0
540 68 151 561 0 -8 0
540 60 148 558 0 -8 0
540 60 145 555 0 0 0
540 60 142 552 0 8 0
540 68 139 549 0 -8 0
540 60 136 546 0 8 0
540 68 133 543 0 0 0
540 68 130 540 0 8 0
540 76 127 537 0 8 0
540 84 124 534 0 8 0
540 92 121 531 0 8 0
540 100 118 528 0 8 0
540 108 115 525 0 0 0
540 108 112 522 0 -8 0
540 100 109 519 0 -8 0
540 92 106 516 0 0 0
540 92 103 513 0 8 0
540 100 100 510 0 8 0
540 108 97 507 0 0 0
540 108 94 504 0 0 0
540 108 91 501 0 -8 0
540 100 88 498 0 -8 0
540 92 85 495 0 0 0
540 92 82 492 0 -8 0
540 84 79 489 -8 8 0
532 92 76 486 0 0 0
532 92 73 483 0 8 0
532 100 70 480 -8 8 0
524 108 67 477 0 -8 0
524 100 64 474 0 0 0
524 100 61 471 -8 8 0
516 108 58 468 0 8 0
516 116 55 465 -8 -8 0
508 108 52 462 0 0 0
508 108 49 459 0 -8 0
508 100 46 456 -8 8 0
500 108 43 453 0 0 0
500 108 40 450 0 8 0
500 116 37 447 -8 8 0
492 124 34 444 0 0 0
492 124 31 441 -8 0 0
484 124 28 438 0 0 0
484 124 25 435 0 8 0
484 132 22 432 -8 8 0
476 140 19 429 0 8 0
476 148 22 426 0 8 0
476 156 25 423 -8 0 0
468 156 28 420 0 -8 0
468 148 31 417 -8 0 0
460 148 34 414 0 8 0
460 156 37 411 0 0 0
460 156 40 408 -8 -8 0
452 148 43 405 0 0 0
452 148 46 402 0 0 0
452 148 49 399 -8 -8 0
444 140 52 396 0 8 0
444 148 55 393 -8 8 0
436 156 58 390 0 -8 0
436 148 61 387 0 -8 0
436 140 64 384 -8 8 0
428 148 67 381 0 0 0
428 148 70 378 0 0 0
428 148 73 375 -8 8 0
420 156 76 372 0 0 0
420 156 79 369 -8 -8 0
412 148 82 366 0 0 0
412 148 85 363 0 0 0
412 148 88 360 -8 0 0
404 148 91 357 0 -8 0
404 140 94 354 0 8 0
404 148 97 351 -8 -8 0
396 140 100 348 0 8 0
396 148 103 345 -8 -8 0
388 140 106 342 0 0 0
388 140 109 339 0 8 0
388 148 112 336 -8 0 0
380 148 115 333 0 8 0
380 156 118 330 0 -8 0
380 148 121 327 -8 -8 0
372 140 124 324 0 -8 0
372 132 127 321 -8 0 0
364 132 130 318 0 -8 0
364 124 133 315 0 8 0
364 132 136 312 -8 -8 0
356 124 139 309 0 0 0
356 124 142 306 0 0 0
356 124 145 303 -8 -8 0
348 116 148 300 0 -8 0
348 108 151 297 -8 -8 0
340 100 154 294 0 8 0
340 108 157 291 0 8 0
340 116 160 288 -8 8 0
332 124 163 285 0 0 0
332 124 166 282 0 0 0
332 124 169 279 -8 8 0
324 132 172 276 0 8 0
324 140 175 273 -8 8 0
316 148 178 270 0 8 0
316 156 181 267 0 0 0
316 156 184 264 -8 0 0
308 156 187 261 0 0 0
308 156 190 258 0 8 0
308 164 193 255 -8 8 0
300 172 196 252 0 8 0
300 180 199 249 -8 8 0
292 188 202 246 0 8 0
292 196 205 243 0 -8 0
292 188 208 240 -8 -8 0
284 180 211 237 0 -8 0
284 172 214 234 0 -8 0
284 164 217 231 -8 -8 0
276 156 220 228 0 -8 0
276 148 223 225 -8 0 0
268 148 226 222 0 0 0
268 148 229 219 0 -8 0
268 140 232 216 -8 8 0
260 148 235 213 0 0 0
260 148 238 210 0 8 0
260 156 241 207 -8 -8 0
252 148 244 204 0 8 0
252 156 247 201 -8 8 0
244 164 250 198 0 0 0
244 164 253 195 0 0 0
244 164 256 192 -8 8 0
236 172 259 189 0 0 0
236 172 262 186 0 8 0
236 180 265 183 -8 -8 0
228 172 268 180 0 0 0
228 172 271 177 -8 8 0
220 180 274 174 0 0 0
220 180 277 171 0 -8 0
220 172 280 168 -8 -8 0
212 164 283 165 0 -8 0
212 156 286 162 0 8 0
212 164 289 159 -8 8 0
204 172 292 156 0 0 0
204 172 295 153 -8 0 0
196 172 298 150 0 0 0
196 172 301 147 0 -8 0
196 164 304 144 -8 8 0
188 172 307 141 0 0 0
188 172 310 138 0 8 0
188 180 313 135 -8 8 0
180 188 316 132 0 8 0
180 196 319 129 -8 -8 0
172 188 322 126 0 8 0
172 196 325 123 0 8 0
172 204 328 120 -8 -8 0
164 196 331 117 0 8 0
164 204 334 114 0 8 0
164 212 337 111 -8 8 0
156 220 340 108 0 -8 0
156 212 343 105 -8 8 0
148 220 346 102 0 -8 0
148 212 349 99 0 -8 0
148 204 352 96 -8 8 0
140 212 355 93 0 0 0
140 212 358 90 0 -8 0
140 204 361 87 -8 0 0
132 204 364 84 0 8 0
132 212 367 81 -8 8 0
124 220 370 78 0 8 0
124 228 373 75 0 -8 0
124 220 376 72 -8 -8 0
116 212 379 69 0 0 0
116 212 382 66 0 8 0
116 220 385 63 -8 0 0
108 220 388 60 0 8 0
108 228 391 57 -8 8 0
100 236 394 54 0 8 0
100 244 397 51 0 8 0
100 252 400 48 -8 -8 0
92 244 403 45 0 8 0
92 252 406 42 0 8 0
92 260 409 39 -8 -8 0
84 252 412 36 0 -8 0
84 244 415 33 -8 -8 0
76 236 418 30 0 -8 0
76 228 421 27 0 -8 0
76 220 424 24 -8 0 0
68 220 427 21 0 8 0
68 228 430 18 0 -8 0
68 220 433 15 -8 8 0
60 228 436 12 0 0 0
60 228 439 9 -8 8 0
60 236 442 12 0 0 0
60 236 445 15 0 0 0
60 236 448 18 0 -8 0
60 228 451 21 0 -8 0
60 220 454 24 0 -8 0
60 212 457 27 0 0 0
60 212 460 30 0 -8 0
60 204 463 33 0 -8 0
60 196 466 36 0 8 0
60 204 469 39 0 -8 0
60 196 472 42 0 8 0
60 204 475 45 0 0 0
60 204 478 48 0 -8 0
60 196 481 51 0 8 0
60 204 484 54 0 8 0
60 212 487 57 0 -8 0
60 204 490 60 0 0 0
60 204 493 63 0 -8 0
60 196 496 66 0 0 0
60 196 499 69 0 -8 0
60 188 502 72 0 0 0
60 188 505 75 0 0 0
60 188 508 78 0 8 0
60 196 511 81 0 -8 0
60 188 514 84 0 0 0
60 188 517 87 0 8 0
60 196 520 90 0 0 0
60 196 523 93 0 0 0
60 196 526 96 0 0 0
60 196 529 99 0 -8 0
60 188 532 102 0 0 0
60 188 535 105 0 -8 0
60 180 538 108 0 8 0
60 188 541 111 8 -8 0
68 180 544 114 0 8 0
68 188 547 117 0 -8 0
68 180 550 120 8 0 0
76 180 553 123 0 8 0
76 188 556 126 0 -8 0
76 180 559 129 8 -8 0
84 172 562 132 0 -8 0
84 164 565 135 8 -8 0
92 156 568 138 0 8 0
92 164 571 141 0 -8 0
92 156 574 144 8 8 0
100 164 577 147 0 0 0
100 164 580 150 0 8 0
100 172 583 153 8 0 0
108 172 586 156 0 8 0
108 180 589 159 8 0 0
116 180 592 162 0 0 0
116 180 595 165 0 0 0
116 180 598 168 8 -8 0
124 172 601 171 0 -8 0
124 164 604 174 0 -8 0
124 156 607 177 8 0 0
132 156 610 180 0 8 0
132 164 613 183 8 0 0
140 164 616 186 0 8 0
140 172 619 189 0 0 0
140 172 622 192 8 8 0
148 180 625 195 0 -8 0
148 172 628 198 0 8 0
148 180 631 201 8 8 0
156 188 634 204 0 0 0
156 188 637 207 8 -8 0
164 180 640 210 0 0 0
164 180 643 213 0 0 0
164 180 646 216 8 -8 0
172 172 649 219 0 0 0
172 172 652 222 0 -8 0
172 164 655 225 8 8 0
180 172 658 228 0 -8 0
180 164 661 231 8 0 0
188 164 664 234 0 0 0
188 164 667 237 0 0 0
188 164 670 240 8 -8 0
196 156 673 243 0 -8 0
196 148 676 246 0 0 0
196 148 679 249 8 0 0
204 148 682 252 0 8 0
204 156 685 255 8 -8 0
212 148 688 258 0 -8 0
212 140 691 261 0 0 0
212 140 694 264 8 -8 0
220 132 697 267 0 0 0
220 132 700 270 0 8 0
220 140 703 273 8 0 0
228 140 706 276 0 -8 0
228 132 709 279 8 -8 0
236 124 712 282 0 -8 0
236 116 715 285 0 -8 0
236 108 718 288 8 8 0
244 116 721 291 0 -8 0
244 108 724 294 0 0 0
244 108 727 297 8 -8 0
252 100 730 300 0 0 0
252 100 733 303 8 0 0
260 100 736 306 0 -8 0
260 92 739 309 0 -8 0
260 84 742 312 8 0 0
268 84 745 315 0 8 0
268 92 748 318 0 8 0
268 100 751 321 8 -8 0
276 92 754 324 0 8 0
276 100 757 327 8 -8 0
284 92 760 330 0 0 0
284 92 763 333 0 8 0
284 100 766 336 8 0 0
292 100 769 339 0 0 0
292 100 772 342 0 -8 0
292 92 775 345 8 -8 0
300 84 778 348 0 -8 0
300 76 781 351 0 0 1
300 76 781 351 0 0 1
300 76 781 351 0 0 1
300 76 781 351 0 0 1
300 76 781 351 0 0 1
