411 436 496 156 0 0 0
411 436 493 159 -8 0 0
403 436 490 162 -8 0 0
395 436 487 165 -8 8 0
387 444 484 168 -8 0 0
379 444 481 171 -8 8 0
371 452 478 174 -8 8 0
363 460 475 177 -8 8 0
355 468 472 180 -8 8 0
347 476 469 183 -8 -8 0
339 468 466 186 -8 8 0
331 476 463 189 -8 0 0
323 476 460 192 -8 8 0
315 484 457 195 -8 8 0
307 492 454 198 -8 8 0
299 500 451 201 -8 -8 0
291 492 448 204 -8 0 0
283 492 445 207 -8 8 0
275 500 442 210 -8 0 0
267 500 439 213 -8 8 0
259 508 436 216 0 -8 0
259 500 433 219 0 -8 0
259 492 430 222 0 0 0
259 492 427 225 0 0 0
259 492 424 228 0 0 0
259 492 421 231 0 8 0
259 500 418 234 0 0 0
259 500 415 237 0 0 0
259 500 412 240 0 8 0
259 508 409 243 0 0 0
259 508 406 246 0 0 0
259 508 403 249 0 -8 0
259 500 400 252 0 0 0
259 500 397 255 0 8 0
259 508 394 258 0 -8 0
259 500 391 261 0 8 0
259 508 388 264 0 0 0
259 508 385 267 0 0 0
259 508 382 270 0 8 0
259 516 379 273 0 -8 0
259 508 376 276 0 0 0
259 508 373 279 0 -8 0
259 500 370 282 0 0 0
259 500 367 285 0 -8 0
259 492 364 288 0 -8 0
259 484 361 291 0 -8 0
259 476 358 294 0 -8 0
259 468 355 297 0 -8 0
259 460 352 300 0 8 0
259 468 349 303 0 -8 0
259 460 346 306 0 8 0
259 468 343 309 0 -8 0
259 460 340 312 8 8 0
267 468 337 315 0 -8 0
267 460 334 318 8 -8 0
275 452 331 321 0 0 0
275 452 328 324 0 -8 0
275 444 325 327 8 8 0
283 452 322 330 0 -8 0
283 444 319 333 0 0 0
283 444 316 336 8 0 0
291 444 313 339 0 -8 0
291 436 310 342 8 0 0
299 436 307 345 0 8 0
299 444 304 348 0 8 0
299 452 301 351 8 -8 0
307 444 298 354 0 0 0
307 444 295 357 0 8 0
307 452 292 360 8 8 0
315 460 289 363 0 0 0
315 460 286 366 8 -8 0
323 452 283 369 0 8 0
323 460 280 372 0 0 0
323 460 277 375 8 8 0
331 468 274 378 0 8 0
331 476 271 381 0 -8 0
331 468 268 384 8 0 0
339 468 265 387 0 8 0
339 476 262 390 8 -8 0
347 468 259 393 0 8 0
347 476 256 396 0 8 0
347 484 253 399 8 -8 0
355 476 250 402 0 0 0
355 476 247 405 0 8 0
355 484 244 408 8 -8 0
363 476 241 411 0 0 0
363 476 238 414 8 8 0
371 484 235 417 0 8 0
371 492 232 420 0 8 0
371 500 229 423 8 -8 0
379 492 226 426 0 0 0
379 492 223 429 0 8 0
379 500 220 432 8 8 0
387 508 217 435 0 8 0
387 516 214 438 8 0 0
395 516 211 441 0 -8 0
395 508 208 444 0 8 0
395 516 205 447 8 8 0
403 524 202 450 0 -8 0
403 516 199 453 0 8 0
403 524 196 456 8 -8 0
411 516 193 459 0 0 0
411 516 190 462 8 0 0
419 516 187 465 0 8 0
419 524 184 468 0 -8 0
419 516 181 471 8 -8 0
427 508 178 474 0 -8 0
427 500 175 477 0 -8 0
427 492 172 480 8 0 0
435 492 169 483 0 0 0
435 492 166 486 8 0 0
443 492 163 489 0 0 0
443 492 160 492 0 8 0
443 500 157 495 8 0 0
451 500 154 498 0 -8 0
451 492 151 501 0 8 0
451 500 148 504 8 -8 0
459 492 145 507 0 -8 0
459 484 142 510 8 8 0
467 492 139 513 0 0 0
467 492 136 516 0 0 0
467 492 133 519 8 8 0
475 500 130 522 0 0 0
475 500 127 525 0 0 0
475 500 124 528 8 0 0
483 500 121 531 0 -8 0
483 492 118 534 8 -8 0
491 484 115 537 0 -8 0
491 476 112 540 0 0 0
491 476 109 543 8 8 0
499 484 106 546 0 0 0
499 484 103 549 0 0 0
499 484 100 552 8 0 0
507 484 97 555 0 8 0
507 492 94 558 8 0 0
515 492 91 561 0 0 0
515 492 88 564 0 -8 0
515 484 85 567 8 0 0
523 484 82 570 0 0 0
523 484 79 573 0 -8 0
523 476 76 576 8 8 0
531 484 73 579 0 8 0
531 492 70 582 8 8 0
539 500 67 585 0 8 0
539 508 64 588 0 0 0
539 508 61 591 8 0 0
540 508 58 588 0 0 0
540 508 55 585 0 -8 0
540 500 52 582 0 -8 0
540 492 49 579 0 -8 0
540 484 46 576 0 8 0
540 492 43 573 0 -8 0
540 484 40 570 0 -8 0
540 476 37 567 0 0 0
540 476 34 564 0 -8 0
540 468 31 561 0 -8 0
540 460 28 558 0 8 0
540 468 25 555 0 0 0
540 468 22 552 0 0 0
540 468 19 549 0 0 0
540 468 22 546 0 8 0
540 476 25 543 0 8 0
540 484 28 540 0 -8 0
540 476 31 537 0 8 0
540 484 34 534 0 -8 0
540 476 37 531 0 0 0
540 476 40 528 0 0 0
540 476 43 525 0 0 0
540 476 46 522 0 -8 0
540 468 49 519 0 8 0
540 476 52 516 0 -8 0
540 468 55 513 0 8 0
540 476 58 510 0 8 0
540 484 61 507 0 8 0
540 492 64 504 0 0 0
540 492 67 501 0 -8 0
540 484 70 498 0 -8 0
540 476 73 495 0 -8 0
540 468 76 492 0 -8 0
540 460 79 489 -8 -8 0
532 452 82 486 0 -8 0
532 444 85 483 0 8 0
532 452 88 480 -8 -8 0
524 444 91 477 0 8 0
524 452 94 474 0 8 0
524 460 97 471 -8 8 0
516 468 100 468 0 8 0
516 476 103 465 -8 8 0
508 484 106 462 0 0 0
508 484 109 459 0 0 0
508 484 112 456 -8 8 0
500 492 115 453 0 8 0
500 500 118 450 0 0 0
500 500 121 447 -8 0 0
492 500 124 444 0 -8 0
492 492 127 441 -8 -8 0
484 484 130 438 0 0 0
484 484 133 435 0 8 0
484 492 136 432 -8 8 0
476 500 139 429 0 -8 0
476 492 142 426 0 0 0
476 492 145 423 -8 0 0
468 492 148 420 0 0 0
468 492 151 417 -8 8 0
460 500 154 414 0 0 0
460 500 157 411 0 -8 0
460 492 160 408 -8 8 0
452 500 163 405 0 0 0
452 500 166 402 0 8 0
452 508 169 399 -8 8 0
444 516 172 396 0 0 0
444 516 175 393 -8 0 0
436 516 178 390 0 -8 0
436 508 181 387 0 -8 0
436 500 184 384 -8 -8 0
428 492 187 381 0 0 0
428 492 190 378 0 0 0
428 492 193 375 -8 8 0
420 500 196 372 0 -8 0
420 492 199 369 -8 8 0
412 500 202 366 0 8 0
412 508 205 363 0 -8 0
412 500 208 360 -8 -8 0
404 492 211 357 0 -8 0
404 484 214 354 0 -8 0
404 476 217 351 -8 0 0
396 476 220 348 0 8 0
396 484 223 345 -8 0 0
388 484 226 342 0 -8 0
388 476 229 339 0 0 0
388 476 232 336 -8 0 0
380 476 235 333 0 0 0
380 476 238 330 0 8 0
380 484 241 327 -8 -8 0
372 476 244 324 0 0 0
372 476 247 321 -8 -8 0
364 468 250 318 0 -8 0
364 460 253 315 0 8 0
364 468 256 312 -8 -8 0
356 460 259 309 0 8 0
356 468 262 306 0 0 0
356 468 265 303 -8 -8 0
348 460 268 300 0 -8 0
348 452 271 297 -8 -8 0
340 444 274 294 0 8 0
340 452 277 291 0 -8 0
340 444 280 288 -8 8 0
332 452 283 285 0 8 0
332 460 286 282 0 -8 0
332 452 289 279 -8 -8 0
324 444 292 276 0 0 0
324 444 295 273 -8 -8 0
316 436 298 270 0 8 0
316 444 301 267 0 0 0
316 444 304 264 -8 8 0
308 452 307 261 0 8 0
308 460 310 258 0 0 0
308 460 313 255 -8 0 0
300 460 316 252 0 8 0
300 468 319 249 -8 -8 0
292 460 322 246 0 0 0
292 460 325 243 0 0 0
292 460 328 240 -8 0 0
284 460 331 237 0 -8 0
284 452 334 234 0 -8 0
284 444 337 231 -8 8 0
276 452 340 228 0 0 0
276 452 343 225 -8 -8 0
268 444 346 222 0 8 0
268 452 349 219 0 0 0
268 452 352 216 -8 0 0
260 452 355 213 0 0 0
260 452 358 210 0 8 0
260 460 361 207 -8 0 0
252 460 364 204 0 0 0
252 460 367 201 -8 8 0
244 468 370 198 0 0 0
244 468 373 195 0 8 0
244 476 376 192 -8 8 0
236 484 379 189 0 0 0
236 484 382 186 0 0 0
236 484 385 183 -8 -8 0
228 476 388 180 0 -8 0
228 468 391 177 -8 8 0
220 476 394 174 0 8 0
220 484 397 171 0 0 0
220 484 400 168 -8 8 0
212 492 403 165 0 8 0
212 500 406 162 0 -8 0
212 492 409 159 -8 0 0
204 492 412 156 0 0 0
204 492 415 153 -8 -8 0
196 484 418 150 0 8 0
196 492 421 147 0 0 0
196 492 424 144 -8 -8 0
188 484 427 141 0 0 0
188 484 430 138 0 -8 0
188 476 433 135 -8 0 0
180 476 436 132 0 -8 0
180 468 439 129 -8 -8 0
172 460 442 126 0 0 0
172 460 445 123 0 8 0
172 468 448 120 -8 0 0
164 468 451 117 0 -8 0
164 460 454 114 0 8 0
164 468 457 111 -8 -8 0
156 460 460 108 0 -8 0
156 452 463 105 -8 0 0
148 452 466 102 0 0 0
148 452 469 99 0 0 0
148 452 472 96 -8 0 0
140 452 475 93 0 0 0
140 452 478 90 0 0 0
140 452 481 87 -8 8 0
132 460 484 84 0 0 0
132 460 487 81 -8 0 0
124 460 490 78 0 -8 0
124 452 493 75 0 -8 0
124 444 496 72 -8 -8 0
116 436 499 69 0 0 0
116 436 502 66 0 8 0
116 444 505 63 -8 0 0
108 444 508 60 0 0 0
108 444 511 57 -8 -8 0
100 436 514 54 0 -8 0
100 428 517 51 0 -8 0
100 420 520 48 -8 8 0
92 428 523 45 0 8 0
92 436 526 42 0 8 0
92 444 529 39 -8 0 0
84 444 532 36 0 0 0
84 444 535 33 -8 -8 0
76 436 538 30 0 0 0
76 436 541 27 0 0 0
76 436 544 24 -8 -8 0
68 428 547 21 0 -8 0
68 420 550 18 0 8 0
68 428 553 15 -8 0 0
60 428 556 12 0 8 0
60 436 559 9 -8 0 0
60 436 562 12 0 -8 0
60 428 565 15 0 0 0
60 428 568 18 0 -8 0
60 420 571 21 0 -8 0
60 412 574 24 0 -8 0
60 404 577 27 0 0 0
60 404 580 30 0 -8 0
60 396 583 33 0 0 0
60 396 586 36 0 -8 0
60 388 589 39 0 -8 0
60 380 592 42 0 -8 0
60 372 595 45 0 8 0
60 380 598 48 0 -8 0
60 372 601 51 0 -8 0
60 364 604 54 0 8 0
60 372 607 57 0 8 0
60 380 610 60 0 -8 0
60 372 613 63 0 0 0
60 372 616 66 0 -8 0
60 364 619 69 0 8 0
60 372 622 72 0 0 0
60 372 625 75 0 8 0
60 380 628 78 0 0 0
60 380 631 81 0 8 0
60 388 634 84 0 -8 0
60 380 637 87 0 0 0
60 380 640 90 0 -8 0
60 372 643 93 0 0 0
60 372 646 96 0 -8 0
60 364 649 99 0 8 0
60 372 652 102 0 0 0
60 372 655 105 0 8 0
60 380 658 108 0 0 0
60 380 661 111 8 0 0
68 380 664 114 0 8 0
68 388 667 117 0 8 0
68 396 670 120 8 -8 0
76 388 673 123 0 0 0
76 388 676 126 0 8 0
76 396 679 129 8 0 0
84 396 682 132 0 -8 0
84 388 685 135 8 0 0
92 388 688 138 0 -8 0
92 380 691 141 0 8 0
92 388 694 144 8 8 0
100 396 697 147 0 -8 0
100 388 700 150 0 8 0
100 396 703 153 8 -8 0
108 388 706 156 0 -8 0
108 380 709 159 8 0 0
116 380 712 162 0 8 0
116 388 715 165 0 -8 0
116 380 718 168 8 8 0
124 388 721 171 0 0 0
124 388 724 174 0 8 0
124 396 727 177 8 -8 0
132 388 730 180 0 -8 0
132 380 733 183 8 -8 0
140 372 736 186 0 0 0
140 372 739 189 0 -8 0
140 364 742 192 8 -8 0
148 356 745 195 0 8 0
148 364 748 198 0 0 0
148 364 751 201 8 -8 0
156 356 754 204 0 0 0
156 356 757 207 8 8 0
164 364 760 210 0 -8 0
164 356 763 213 0 0 0
164 356 766 216 8 -8 0
172 348 769 219 0 8 0
172 356 772 222 0 -8 0
172 348 775 225 8 -8 0
180 340 778 228 0 -8 0
180 332 781 231 0 0 1
180 332 781 231 0 0 1
180 332 781 231 0 0 1
180 332 781 231 0 0 1
180 332 781 231 0 0 1
