474 478 364 174 0 0 0
474 478 361 177 -8 8 0
466 486 358 180 -8 8 0
458 494 355 183 -8 -8 0
450 486 352 186 -8 0 0
442 486 349 189 -8 8 0
434 494 346 192 -8 -8 0
426 486 343 195 -8 0 0
418 486 340 198 -8 8 0
410 494 337 201 -8 0 0
402 494 334 204 -8 -8 0
394 486 331 207 -8 0 0
386 486 328 210 -8 0 0
378 486 325 213 -8 -8 0
370 478 322 216 -8 8 0
362 486 319 219 -8 8 0
354 494 316 222 -8 8 0
346 502 313 225 -8 -8 0
338 494 310 228 -8 8 0
330 502 307 231 -8 8 0
322 510 304 234 -8 -8 0
314 502 301 237 -8 8 0
306 510 298 240 -8 -8 0
298 502 295 243 -8 8 0
290 510 292 246 0 8 0
290 518 289 249 0 -8 0
290 510 286 252 0 -8 0
290 502 283 255 0 -8 0
290 494 280 258 0 0 0
290 494 277 261 0 0 0
290 494 274 264 0 8 0
290 502 271 267 0 8 0
290 510 268 270 0 -8 0
290 502 265 273 0 0 0
290 502 262 276 0 -8 0
290 494 259 279 0 8 0
290 502 256 282 0 -8 0
290 494 253 285 0 8 0
290 502 250 288 0 8 0
290 510 247 291 0 0 0
290 510 244 294 0 0 0
290 510 241 297 0 0 0
290 510 238 300 0 -8 0
290 502 235 303 0 8 0
290 510 232 306 0 -8 0
290 502 229 309 0 8 0
290 510 226 312 0 8 0
290 518 223 315 0 0 0
290 518 220 318 0 0 0
290 518 217 321 0 -8 0
290 510 214 324 0 8 0
290 518 211 327 0 0 0
290 518 208 330 0 8 0
290 526 205 333 0 0 0
290 526 202 336 0 8 0
290 534 199 339 0 -8 0
290 526 196 342 8 -8 0
298 518 193 345 0 -8 0
298 510 190 348 0 -8 0
298 502 187 351 8 0 0
306 502 184 354 0 0 0
306 502 181 357 8 0 0
314 502 178 360 0 -8 0
314 494 175 363 0 8 0
314 502 172 366 8 8 0
322 510 169 369 0 -8 0
322 502 166 372 0 8 0
322 510 163 375 8 0 0
330 510 160 378 0 8 0
330 518 157 381 8 0 0
338 518 154 384 0 8 0
338 526 151 387 0 8 0
338 534 148 390 8 8 0
346 540 145 393 0 0 0
346 540 142 396 0 0 0
346 540 139 399 8 0 0
354 540 136 402 0 8 0
354 540 133 405 8 -8 0
362 532 130 408 0 -8 0
362 524 127 411 0 0 0
362 524 124 414 8 8 0
370 532 121 417 0 0 0
370 532 118 420 0 8 0
370 540 115 423 8 -8 0
378 532 112 426 0 8 0
378 540 109 429 8 -8 0
386 532 106 432 0 -8 0
386 524 103 435 0 8 0
386 532 100 438 8 0 0
394 532 97 441 0 8 0
394 540 94 444 0 8 0
394 540 91 447 8 8 0
402 540 88 450 0 -8 0
402 532 85 453 8 -8 0
410 524 82 456 0 0 0
410 524 79 459 0 0 0
410 524 76 462 8 -8 0
418 516 73 465 0 -8 0
418 508 70 468 0 -8 0
418 500 67 471 8 0 0
426 500 64 474 0 0 0
426 500 61 477 8 0 0
434 500 58 480 0 -8 0
434 492 55 483 0 0 0
434 492 52 486 8 0 0
442 492 49 489 0 8 0
442 500 46 492 0 8 0
442 508 43 495 8 0 0
450 508 40 498 0 8 0
450 516 37 501 8 -8 0
458 508 34 504 0 0 0
458 508 31 507 0 8 0
458 516 28 510 8 8 0
466 524 25 513 0 0 0
466 524 22 516 0 8 0
466 532 19 519 0 0 1
466 532 19 519 0 0 1
466 532 19 519 0 0 1
466 532 19 519 0 0 1
466 532 19 519 0 0 1
