70 365 361 174 0 0 0
70 365 358 171 8 8 0
78 373 355 168 8 -8 0
86 365 352 165 8 -8 0
94 357 349 162 8 8 0
102 365 346 159 8 8 0
110 373 343 156 0 -8 0
110 365 340 153 0 8 0
110 373 337 150 0 0 0
110 373 334 147 0 8 0
110 381 331 144 0 -8 0
110 373 328 141 0 8 0
110 381 325 138 0 0 0
110 381 322 135 0 0 0
110 381 319 132 0 -8 0
110 373 316 129 0 -8 0
110 365 313 126 0 8 0
110 373 310 123 0 8 0
110 381 307 120 0 0 0
110 381 304 117 0 0 0
110 381 301 114 0 8 0
110 389 298 111 0 8 0
110 397 295 108 0 -8 0
110 389 292 105 0 0 0
110 389 289 102 0 0 0
110 389 286 99 0 -8 0
110 381 283 96 0 0 0
110 381 280 93 0 0 0
110 381 277 90 0 -8 0
110 373 274 87 0 8 0
110 381 271 84 0 0 0
110 381 268 81 0 8 0
110 389 265 78 0 -8 0
110 381 262 75 0 8 0
110 389 259 72 0 0 0
110 389 256 69 0 0 0
110 389 253 66 0 8 0
110 397 250 63 0 8 0
110 405 247 60 0 -8 0
110 397 244 57 -8 0 0
102 397 241 54 0 0 0
102 397 238 51 -8 -8 0
94 389 235 48 0 0 0
94 389 232 45 0 -8 0
94 381 229 42 -8 8 0
86 389 226 39 0 8 0
86 397 223 36 0 0 0
86 397 220 33 -8 -8 0
78 389 217 30 0 0 0
78 389 214 27 -8 0 0
70 389 211 24 0 0 0
70 389 208 21 0 8 0
70 397 205 18 -8 -8 0
62 389 202 15 0 -8 0
62 381 199 12 0 8 0
62 389 196 9 -8 0 0
60 389 193 12 0 0 0
60 389 190 15 0 8 0
60 397 187 18 0 -8 0
60 389 184 21 0 0 0
60 389 181 24 0 0 0
60 389 178 27 0 8 0
60 397 175 30 0 8 0
60 405 172 33 0 -8 0
60 397 169 36 0 -8 0
60 389 166 39 0 -8 0
60 381 163 42 0 -8 0
60 373 160 45 0 -8 0
60 365 157 48 0 8 0
60 373 154 51 0 0 0
60 373 151 54 0 8 0
60 381 148 57 0 -8 0
60 373 145 60 0 8 0
60 381 142 63 0 0 0
60 381 139 66 0 0 0
60 381 136 69 0 -8 0
60 373 133 72 0 0 0
60 373 130 75 0 8 0
60 381 127 78 0 8 0
60 389 124 81 0 8 0
60 397 121 84 0 -8 0
60 389 118 87 0 -8 0
60 381 115 90 0 0 0
60 381 112 93 0 -8 0
60 373 109 96 0 0 0
60 373 106 99 0 0 0
60 373 103 102 0 -8 0
60 365 100 105 0 -8 0
60 357 97 108 0 -8 0
60 349 94 111 8 0 0
68 349 91 114 0 0 0
68 349 88 117 0 8 0
68 357 85 120 8 0 0
76 357 82 123 0 0 0
76 357 79 126 0 0 0
76 357 76 129 8 -8 0
84 349 73 132 0 -8 0
84 341 70 135 8 0 0
92 341 67 138 0 0 0
92 341 64 141 0 8 0
92 349 61 144 8 8 0
100 357 58 147 0 0 0
100 357 55 150 0 -8 0
100 349 52 153 8 0 0
108 349 49 156 0 8 0
108 357 46 159 8 0 0
116 357 43 162 0 8 0
116 365 40 165 0 0 0
116 365 37 168 8 -8 0
124 357 34 171 0 0 0
124 357 31 174 0 8 0
124 365 28 177 8 -8 0
132 357 25 180 0 8 0
132 365 22 183 8 0 0
140 365 19 186 0 -8 0
140 357 22 189 0 -8 0
140 349 25 192 8 0 0
148 349 28 195 0 0 0
148 349 31 198 0 -8 0
148 341 34 201 8 8 0
156 349 37 204 0 8 0
156 357 40 207 8 8 0
164 365 43 210 0 8 0
164 373 46 213 0 8 0
164 381 49 216 8 -8 0
172 373 52 219 0 0 0
172 373 55 222 0 8 0
172 381 58 225 8 -8 0
180 373 61 228 0 8 0
180 381 64 231 8 -8 0
188 373 67 234 0 -8 0
188 365 70 237 0 0 0
188 365 73 240 8 8 0
196 373 76 243 0 -8 0
196 365 79 246 0 -8 0
196 357 82 249 8 -8 0
204 349 85 252 0 0 0
204 349 88 255 8 0 0
212 349 91 258 0 -8 0
212 341 94 261 0 0 0
212 341 97 264 8 0 0
220 341 100 267 0 0 0
220 341 103 270 0 0 0
220 341 106 273 8 8 0
228 349 109 276 0 -8 0
228 341 112 279 8 8 0
236 349 115 282 0 8 0
236 357 118 285 0 8 0
236 365 121 288 8 8 0
244 373 124 291 0 -8 0
244 365 127 294 0 -8 0
244 357 130 297 8 0 0
252 357 133 300 0 0 0
252 357 136 303 8 0 0
260 357 139 306 0 8 0
260 365 142 309 0 0 0
260 365 145 312 8 0 0
268 365 148 315 0 -8 0
268 357 151 318 0 0 0
268 357 154 321 8 -8 0
276 349 157 324 0 -8 0
276 341 160 327 8 8 0
284 349 163 330 0 8 0
284 357 166 333 0 0 0
284 357 169 336 8 8 0
292 365 172 339 0 0 0
292 365 175 342 0 0 0
292 365 178 345 8 8 0
300 373 181 348 0 0 0
300 373 184 351 8 -8 0
308 365 187 354 0 -8 0
308 357 190 357 0 0 0
308 357 193 360 8 -8 0
316 349 196 363 0 0 0
316 349 199 366 0 0 0
316 349 202 369 8 0 0
324 349 205 372 0 -8 0
324 341 208 375 8 0 0
332 341 211 378 0 0 0
332 341 214 381 0 8 0
332 349 217 384 8 -8 0
340 341 220 387 0 8 0
340 349 223 390 0 8 0
340 357 226 393 8 0 0
348 357 229 396 0 0 0
348 357 232 399 8 -8 0
356 349 235 402 0 -8 0
356 341 238 405 0 -8 0
356 333 241 408 8 0 0
364 333 244 411 0 -8 0
364 325 247 414 0 8 0
364 333 250 417 8 -8 0
372 325 253 420 0 8 0
372 333 256 423 8 8 0
380 341 259 426 0 -8 0
380 333 262 429 0 0 0
380 333 265 432 8 -8 0
388 325 268 435 0 -8 0
388 317 271 438 0 0 0
388 317 274 441 8 8 0
396 325 277 444 0 -8 0
396 317 280 447 8 0 0
404 317 283 450 0 8 0
404 325 286 453 0 0 0
404 325 289 456 8 0 0
412 325 292 459 0 0 0
412 325 295 462 0 -8 0
412 317 298 465 8 8 0
420 325 301 468 0 -8 0
420 317 304 471 8 8 0
428 325 307 474 0 8 0
428 333 310 477 0 0 0
428 333 313 480 8 8 0
436 341 316 483 0 0 0
436 341 319 486 0 -8 0
436 333 322 489 8 0 0
444 333 325 492 0 8 0
444 341 328 495 8 0 0
452 341 331 498 0 -8 0
452 333 334 501 0 -8 0
452 325 337 504 8 0 0
460 325 340 507 0 8 0
460 333 343 510 0 -8 0
460 325 346 513 8 8 0
468 333 349 516 0 0 0
468 333 352 519 8 -8 0
476 325 355 522 0 0 0
476 325 358 525 0 8 0
476 333 361 528 8 -8 0
484 325 364 531 0 8 0
484 333 367 534 0 -8 0
484 325 370 537 8 8 0
492 333 373 540 0 -8 0
492 325 376 543 8 -8 0
500 317 379 546 0 -8 0
500 309 382 549 0 -8 0
500 301 385 552 8 -8 0
508 293 388 555 0 8 0
508 301 391 558 0 0 0
508 301 394 561 8 8 0
516 309 397 564 0 8 0
516 317 400 567 8 8 0
524 325 403 570 0 -8 0
524 317 406 573 0 0 0
524 317 409 576 8 0 0
532 317 412 579 0 0 0
532 317 415 582 0 8 0
532 325 418 585 8 0 0
540 325 421 588 0 -8 0
540 317 424 591 8 -8 0
540 309 427 588 0 0 0
540 309 430 585 0 -8 0
540 301 433 582 0 -8 0
540 293 436 579 0 -8 0
540 285 439 576 0 8 0
540 293 442 573 0 8 0
540 301 445 570 0 0 0
540 301 448 567 0 0 0
540 301 451 564 0 0 0
540 301 454 561 0 8 0
540 309 457 558 0 0 0
540 309 460 555 0 8 0
540 317 463 552 0 8 0
540 325 466 549 0 0 0
540 325 469 546 0 -8 0
540 317 472 543 0 0 0
540 317 475 540 0 8 0
540 325 478 537 0 0 0
540 325 481 534 0 8 0
540 333 484 531 0 8 0
540 341 487 528 0 0 0
540 341 490 525 0 0 0
540 341 493 522 0 0 0
540 341 496 519 0 -8 0
540 333 499 516 0 8 0
540 341 502 513 0 0 0
540 341 505 510 0 8 0
540 349 508 507 0 -8 0
540 341 511 504 0 8 0
540 349 514 501 0 0 0
540 349 517 498 0 0 0
540 349 520 495 0 0 0
540 349 523 492 0 -8 0
540 341 526 489 -8 -8 0
532 333 529 486 0 8 0
532 341 532 483 0 0 0
532 341 535 480 -8 8 0
524 349 538 477 0 8 0
524 357 541 474 0 -8 0
524 349 544 471 -8 -8 0
516 341 547 468 0 -8 0
516 333 550 465 -8 -8 0
508 325 553 462 0 8 0
508 333 556 459 0 0 0
508 333 559 456 -8 8 0
500 341 562 453 0 0 0
500 341 565 450 0 0 0
500 341 568 447 -8 0 0
492 341 571 444 0 8 0
492 349 574 441 -8 -8 0
484 341 577 438 0 0 0
484 341 580 435 0 -8 0
484 333 583 432 -8 0 0
476 333 586 429 0 -8 0
476 325 589 426 0 8 0
476 333 592 423 -8 8 0
468 341 595 420 0 -8 0
468 333 598 417 -8 -8 0
460 325 601 414 0 -8 0
460 317 604 411 0 0 0
460 317 607 408 -8 0 0
452 317 610 405 0 -8 0
452 309 613 402 0 8 0
452 317 616 399 -8 -8 0
444 309 619 396 0 -8 0
444 301 622 393 -8 8 0
436 309 625 390 0 0 0
436 309 628 387 0 -8 0
436 301 631 384 -8 0 0
428 301 634 381 0 -8 0
428 293 637 378 0 -8 0
428 285 640 375 -8 -8 0
420 277 643 372 0 -8 0
420 269 646 369 -8 -8 0
412 261 649 366 0 0 0
412 261 652 363 0 0 0
412 261 655 360 -8 8 0
404 269 658 357 0 0 0
404 269 661 354 0 -8 0
404 261 664 351 -8 8 0
396 269 667 348 0 -8 0
396 261 670 345 -8 -8 0
388 253 673 342 0 8 0
388 261 676 339 0 0 0
388 261 679 336 -8 -8 0
380 253 682 333 0 8 0
380 261 685 330 0 8 0
380 269 688 327 -8 0 0
372 269 691 324 0 -8 0
372 261 694 321 -8 8 0
364 269 697 318 0 0 0
364 269 700 315 0 0 0
364 269 703 312 -8 8 0
356 277 706 309 0 -8 0
356 269 709 306 0 -8 0
356 261 712 303 -8 -8 0
348 253 715 300 0 8 0
348 261 718 297 -8 0 0
340 261 721 294 0 -8 0
340 253 724 291 0 0 0
340 253 727 288 -8 -8 0
332 245 730 285 0 -8 0
332 237 733 282 0 -8 0
332 229 736 279 -8 8 0
324 237 739 276 0 -8 0
324 229 742 273 -8 8 0
316 237 745 270 0 8 0
316 245 748 267 0 -8 0
316 237 751 264 -8 8 0
308 245 754 261 0 -8 0
308 237 757 258 0 8 0
308 245 760 255 -8 0 0
300 245 763 252 0 -8 0
300 237 766 249 -8 0 0
292 237 769 246 0 -8 0
292 229 772 243 0 8 0
292 237 775 240 -8 0 0
284 237 778 237 0 -8 0
284 229 781 234 0 8 0
284 237 778 231 -8 0 0
276 237 775 228 0 8 0
276 245 772 225 -8 8 0
268 253 769 222 0 -8 0
268 245 766 219 0 -8 0
268 237 763 216 -8 8 0
260 245 760 213 0 0 0
260 245 757 210 0 8 0
260 253 754 207 -8 8 0
252 261 751 204 0 8 0
252 269 748 201 -8 0 0
244 269 745 198 0 0 0
244 269 742 195 0 -8 0
244 261 739 192 -8 -8 0
236 253 736 189 0 -8 0
236 245 733 186 0 8 0
236 253 730 183 -8 8 0
228 261 727 180 0 0 0
228 261 724 177 -8 8 0
220 269 721 174 0 0 0
220 269 718 171 0 8 0
220 277 715 168 -8 0 0
212 277 712 165 0 -8 0
212 269 709 162 0 8 0
212 277 706 159 -8 -8 0
204 269 703 156 0 8 0
204 277 700 153 -8 8 0
196 285 697 150 0 0 0
196 285 694 147 0 0 0
196 285 691 144 -8 -8 0
188 277 688 141 0 -8 0
188 269 685 138 0 8 0
188 277 682 135 -8 -8 0
180 269 679 132 0 0 0
180 269 676 129 -8 0 0
172 269 673 126 0 8 0
172 277 670 123 0 0 0
172 277 667 120 -8 0 0
164 277 664 117 0 8 0
164 285 661 114 0 -8 0
164 277 658 111 -8 0 0
156 277 655 108 0 0 0
156 277 652 105 -8 0 0
148 277 649 102 0 0 0
148 277 646 99 0 8 0
148 285 643 96 -8 0 0
140 285 640 93 0 -8 0
140 277 637 90 0 0 0
140 277 634 87 -8 -8 0
132 269 631 84 0 -8 0
132 261 628 81 -8 0 0
124 261 625 78 0 0 0
124 261 622 75 0 8 0
124 269 619 72 -8 -8 0
116 261 616 69 0 -8 0
116 253 613 66 0 -8 0
116 245 610 63 -8 -8 0
108 237 607 60 0 0 0
108 237 604 57 -8 8 0
100 245 601 54 0 8 0
100 253 598 51 0 -8 0
100 245 595 48 -8 8 0
92 253 592 45 0 -8 0
92 245 589 42 0 8 0
92 253 586 39 -8 0 0
84 253 583 36 0 0 0
84 253 580 33 -8 -8 0
76 245 577 30 0 8 0
76 253 574 27 0 0 0
76 253 571 24 -8 8 0
68 261 568 21 0 -8 0
68 253 565 18 0 -8 0
68 245 562 15 -8 0 0
60 245 559 12 0 0 0
60 245 556 9 -8 -8 0
60 237 553 12 0 8 0
60 245 550 15 0 0 0
60 245 547 18 0 -8 0
60 237 544 21 0 -8 0
60 229 541 24 0 0 0
60 229 538 27 0 8 0
60 237 535 30 0 8 0
60 245 532 33 0 -8 0
60 237 529 36 0 -8 0
60 229 526 39 0 0 0
60 229 523 42 0 0 0
60 229 520 45 0 8 0
60 237 517 48 0 8 0
60 245 514 51 0 0 0
60 245 511 54 0 0 0
60 245 508 57 0 0 0
60 245 505 60 0 -8 0
60 237 502 63 0 8 0
60 245 499 66 0 0 0
60 245 496 69 0 -8 0
60 237 493 72 0 0 0
60 237 490 75 0 0 0
60 237 487 78 0 -8 0
60 229 484 81 0 0 0
60 229 481 84 0 -8 0
60 221 478 87 0 8 0
60 229 475 90 0 -8 0
60 221 472 93 0 8 0
60 229 469 96 0 0 0
60 229 466 99 0 -8 0
60 221 463 102 0 8 0
60 229 460 105 0 0 0
60 229 457 108 0 8 0
60 237 454 111 8 0 0
68 237 451 114 0 0 0
68 237 448 117 0 8 0
68 245 445 120 8 8 0
76 253 442 123 0 -8 0
76 245 439 126 0 8 0
76 253 436 129 8 0 0
84 253 433 132 0 8 0
84 261 430 135 8 8 0
92 269 427 138 0 -8 0
92 261 424 141 0 0 0
92 261 421 144 8 -8 0
100 253 418 147 0 8 0
100 261 415 150 0 -8 0
100 253 412 153 8 -8 0
108 245 409 156 0 0 0
108 245 406 159 8 0 0
116 245 403 162 0 0 0
116 245 400 165 0 8 0
116 253 397 168 8 -8 0
124 245 394 171 0 0 0
124 245 391 174 0 0 0
124 245 388 177 8 -8 0
132 237 385 180 0 8 0
132 245 382 183 8 0 0
140 245 379 186 0 8 0
140 253 376 189 0 8 0
140 261 373 192 8 -8 0
148 253 370 195 0 -8 0
148 245 367 198 0 -8 0
148 237 364 201 8 8 0
156 245 361 204 0 -8 0
156 237 358 207 8 0 0
164 237 355 210 0 -8 0
164 229 352 213 0 8 0
164 237 349 216 8 8 0
172 245 346 219 0 -8 0
172 237 343 222 0 8 0
172 245 340 225 8 8 0
180 253 337 228 0 -8 0
180 245 334 231 8 -8 0
188 237 331 234 0 0 0
188 237 328 237 0 -8 0
188 229 325 240 8 -8 0
196 221 322 243 0 0 0
196 221 319 246 0 0 0
196 221 316 249 8 0 0
204 221 313 252 0 -8 0
204 213 310 255 8 8 0
212 221 307 258 0 -8 0
212 213 304 261 0 -8 0
212 205 301 264 8 8 0
220 213 298 267 0 -8 0
220 205 295 270 0 0 0
220 205 292 273 8 8 0
228 213 289 276 0 8 0
228 221 286 279 8 -8 0
236 213 283 282 0 -8 0
236 205 280 285 0 8 0
236 213 277 288 8 8 0
244 221 274 291 0 0 0
244 221 271 294 0 -8 0
244 213 268 297 8 0 0
252 213 265 300 0 8 0
252 221 262 303 8 8 0
260 229 259 306 0 0 0
260 229 256 309 0 8 0
260 237 253 312 8 0 0
268 237 250 315 0 8 0
268 245 247 318 0 -8 0
268 237 244 321 8 8 0
276 245 241 324 0 8 0
276 253 238 327 8 8 0
284 261 235 330 0 0 0
284 261 232 333 0 -8 0
284 253 229 336 8 0 0
292 253 226 339 0 0 0
292 253 223 342 0 0 0
292 253 220 345 8 8 0
300 261 217 348 0 8 0
300 269 214 351 8 8 0
308 277 211 354 0 8 0
308 285 208 357 0 -8 0
308 277 205 360 8 0 0
316 277 202 363 0 -8 0
316 269 199 366 0 8 0
316 277 196 369 8 8 0
324 285 193 372 0 -8 0
324 277 190 375 8 -8 0
332 269 187 378 0 0 0
332 269 184 381 0 0 0
332 269 181 384 8 -8 0
340 261 178 387 0 0 0
340 261 175 390 0 0 0
340 261 172 393 8 8 0
348 269 169 396 0 8 0
348 277 166 399 8 -8 0
356 269 163 402 0 8 0
356 277 160 405 0 8 0
356 285 157 408 8 0 0
364 285 154 411 0 8 0
364 293 151 414 0 -8 0
364 285 148 417 8 -8 0
372 277 145 420 0 0 0
372 277 142 423 8 8 0
380 285 139 426 0 8 0
380 293 136 429 0 0 0
380 293 133 432 8 0 0
388 293 130 435 0 8 0
388 301 127 438 0 0 0
388 301 124 441 8 8 0
396 309 121 444 0 -8 0
396 301 118 447 8 8 0
404 309 115 450 0 0 0
404 309 112 453 0 -8 0
404 301 109 456 8 0 0
412 301 106 459 0 8 0
412 309 103 462 0 0 0
412 309 100 465 8 8 0
420 317 97 468 0 8 0
420 325 94 471 8 -8 0
428 317 91 474 0 -8 0
428 309 88 477 0 0 0
428 309 85 480 8 0 0
436 309 82 483 0 -8 0
436 301 79 486 0 8 0
436 309 76 489 8 0 0
444 309 73 492 0 8 0
444 317 70 495 8 0 0
452 317 67 498 0 0 0
452 317 64 501 0 0 0
452 317 61 504 8 -8 0
460 309 58 507 0 0 0
460 309 55 510 0 8 0
460 317 52 513 8 8 0
468 325 49 516 0 -8 0
468 317 46 519 8 -8 0
476 309 43 522 0 0 0
476 309 40 525 0 8 0
476 317 37 528 8 0 0
484 317 34 531 0 8 0
484 325 31 534 0 8 0
484 333 28 537 8 -8 0
492 325 25 540 0 8 0
492 333 22 543 8 -8 0
500 325 19 546 0 0 0
500 325 22 549 0 -8 0
500 317 25 552 8 8 0
508 325 28 555 0 8 0
508 333 31 558 0 8 0
508 341 34 561 8 8 0
516 349 37 564 0 0 0
516 349 40 567 8 8 0
524 357 43 570 0 0 0
524 357 46 573 0 8 0
524 365 49 576 8 -8 0
532 357 52 579 0 -8 0
532 349 55 582 0 8 0
532 357 58 585 8 8 0
540 365 61 588 0 8 0
540 373 64 591 8 -8 0
540 365 67 588 0 8 0
540 373 70 585 0 8 0
540 381 73 582 0 0 0
540 381 76 579 0 -8 0
540 373 79 576 0 0 0
540 373 82 573 0 0 0
540 373 85 570 0 8 0
540 381 88 567 0 8 0
540 389 91 564 0 0 0
540 389 94 561 0 -8 0
540 381 97 558 0 0 0
540 381 100 555 0 8 0
540 389 103 552 0 0 0
540 389 106 549 0 8 0
540 397 109 546 0 0 0
540 397 112 543 0 0 0
540 397 115 540 0 8 0
540 405 118 537 0 0 0
540 405 121 534 0 -8 0
540 397 124 531 0 -8 0
540 389 127 528 0 0 0
540 389 130 525 0 -8 0
540 381 133 522 0 8 0
540 389 136 519 0 8 0
540 397 139 516 0 8 0
540 405 142 513 0 -8 0
540 397 145 510 0 0 0
540 397 148 507 0 -8 0
540 389 151 504 0 -8 0
540 381 154 501 0 -8 0
540 373 157 498 0 8 0
540 381 160 495 0 -8 0
540 373 163 492 0 -8 0
540 365 166 489 -8 -8 0
532 357 169 486 0 -8 0
532 349 172 483 0 -8 0
532 341 175 480 -8 8 0
524 349 178 477 0 8 0
524 357 181 474 0 8 0
524 365 184 471 -8 -8 0
516 357 187 468 0 -8 0
516 349 190 465 -8 -8 0
508 341 193 462 0 8 0
508 349 196 459 0 0 0
508 349 199 456 -8 8 0
500 357 202 453 0 8 0
500 365 205 450 0 8 0
500 373 208 447 -8 -8 0
492 365 211 444 0 8 0
492 373 214 441 -8 0 0
484 373 217 438 0 8 0
484 381 220 435 0 8 0
484 389 223 432 -8 -8 0
476 381 226 429 0 -8 0
476 373 229 426 0 0 0
476 373 232 423 -8 0 0
468 373 235 420 0 0 0
468 373 238 417 -8 8 0
460 381 241 414 0 -8 0
460 373 244 411 0 -8 0
460 365 247 408 -8 -8 0
452 357 250 405 0 0 0
452 357 253 402 0 -8 0
452 349 256 399 -8 8 0
444 357 259 396 0 -8 0
444 349 262 393 -8 8 0
436 357 265 390 0 0 0
436 357 268 387 0 0 0
436 357 271 384 -8 -8 0
428 349 274 381 0 -8 0
428 341 277 378 0 -8 0
428 333 280 375 -8 -8 0
420 325 283 372 0 8 0
420 333 286 369 -8 -8 0
412 325 289 366 0 -8 0
412 317 292 363 0 0 0
412 317 295 360 -8 0 0
404 317 298 357 0 -8 0
404 309 301 354 0 -8 0
404 301 304 351 -8 0 0
396 301 307 348 0 -8 0
396 293 310 345 -8 -8 0
388 285 313 342 0 8 0
388 293 316 339 0 -8 0
388 285 319 336 -8 8 0
380 293 322 333 0 -8 0
380 285 325 330 0 0 0
380 285 328 327 -8 -8 0
372 277 331 324 0 8 0
372 285 334 321 -8 0 0
364 285 337 318 0 -8 0
364 277 340 315 0 -8 0
364 269 343 312 -8 8 0
356 277 346 309 0 0 0
356 277 349 306 0 0 0
356 277 352 303 -8 0 0
348 277 355 300 0 8 0
348 285 358 297 -8 8 0
340 293 361 294 0 8 0
340 301 364 291 0 -8 0
340 293 367 288 -8 0 0
332 293 370 285 0 0 0
332 293 373 282 0 8 0
332 301 376 279 -8 0 0
324 301 379 276 0 8 0
324 309 382 273 -8 -8 0
316 301 385 270 0 0 0
316 301 388 267 0 8 0
316 309 391 264 -8 8 0
308 317 394 261 0 -8 0
308 309 397 258 0 8 0
308 317 400 255 -8 8 0
300 325 403 252 0 -8 0
300 317 406 249 -8 0 0
292 317 409 246 0 0 0
292 317 412 243 0 0 0
292 317 415 240 -8 -8 0
284 309 418 237 0 8 0
284 317 421 234 0 -8 0
284 309 424 231 -8 0 0
276 309 427 228 0 8 0
276 317 430 225 -8 -8 0
268 309 433 222 0 8 0
268 317 436 219 0 8 0
268 325 439 216 -8 -8 0
260 317 442 213 0 0 0
260 317 445 210 0 0 0
260 317 448 207 -8 -8 0
252 309 451 204 0 0 0
252 309 454 201 -8 8 0
244 317 457 198 0 8 0
244 325 460 195 0 -8 0
244 317 463 192 -8 0 0
236 317 466 189 0 0 0
236 317 469 186 0 0 0
236 317 472 183 -8 -8 0
228 309 475 180 0 -8 0
228 301 478 177 -8 -8 0
220 293 481 174 0 -8 0
220 285 484 171 0 -8 0
220 277 487 168 -8 8 0
212 285 490 165 0 -8 0
212 277 493 162 0 8 0
212 285 496 159 -8 -8 0
204 277 499 156 0 -8 0
204 269 502 153 -8 8 0
196 277 505 150 0 -8 0
196 269 508 147 0 8 0
196 277 511 144 -8 0 0
188 277 514 141 0 -8 0
188 269 517 138 0 0 0
188 269 520 135 -8 8 0
180 277 523 132 0 0 0
180 277 526 129 -8 0 0
172 277 529 126 0 0 0
172 277 532 123 0 8 0
172 285 535 120 -8 0 0
164 285 538 117 0 0 0
164 285 541 114 0 8 0
164 293 544 111 -8 8 0
156 301 547 108 0 0 0
156 301 550 105 -8 0 0
148 301 553 102 0 8 0
148 309 556 99 0 0 0
148 309 559 96 -8 0 0
140 309 562 93 0 0 0
140 309 565 90 0 0 0
140 309 568 87 -8 -8 0
132 301 571 84 0 -8 0
132 293 574 81 -8 -8 0
124 285 577 78 0 0 0
124 285 580 75 0 0 0
124 285 583 72 -8 -8 0
116 277 586 69 0 -8 0
116 269 589 66 0 0 0
116 269 592 63 -8 0 0
108 269 595 60 0 8 0
108 277 598 57 -8 -8 0
100 269 601 54 0 -8 0
100 261 604 51 0 -8 0
100 253 607 48 -8 -8 0
92 245 610 45 0 8 0
92 253 613 42 0 8 0
92 261 616 39 -8 -8 0
84 253 619 36 0 0 0
84 253 622 33 -8 0 0
76 253 625 30 0 8 0
76 261 628 27 0 8 0
76 269 631 24 -8 0 0
68 269 634 21 0 -8 0
68 261 637 18 0 8 0
68 269 640 15 -8 -8 0
60 261 643 12 0 8 0
60 269 646 9 -8 0 0
60 269 649 12 0 0 0
60 269 652 15 0 0 0
60 269 655 18 0 8 0
60 277 658 21 0 0 0
60 277 661 24 0 -8 0
60 269 664 27 0 0 0
60 269 667 30 0 0 0
60 269 670 33 0 -8 0
60 261 673 36 0 0 0
60 261 676 39 0 -8 0
60 253 679 42 0 8 0
60 261 682 45 0 0 0
60 261 685 48 0 0 0
60 261 688 51 0 0 0
60 261 691 54 0 8 0
60 269 694 57 0 0 0
60 269 697 60 0 0 0
60 269 700 63 0 8 0
60 277 703 66 0 -8 0
60 269 706 69 0 8 0
60 277 709 72 0 -8 0
60 269 712 75 0 0 0
60 269 715 78 0 8 0
60 277 718 81 0 8 0
60 285 721 84 0 8 0
60 293 724 87 0 0 0
60 293 727 90 0 -8 0
60 285 730 93 0 8 0
60 293 733 96 0 0 0
60 293 736 99 0 8 0
60 301 739 102 0 0 0
60 301 742 105 0 8 0
60 309 745 108 0 8 0
60 317 748 111 8 -8 0
68 309 751 114 0 0 0
68 309 754 117 0 0 0
68 309 757 120 8 0 0
76 309 760 123 0 8 0
76 317 763 126 0 0 0
76 317 766 129 8 8 0
84 325 769 132 0 8 0
84 333 772 135 8 0 0
92 333 775 138 0 8 0
92 341 778 141 0 8 0
92 349 781 144 0 0 1
92 349 781 144 0 0 1
92 349 781 144 0 0 1
92 349 781 144 0 0 1
92 349 781 144 0 0 1
