425 514 562 327 0 0 0
425 514 565 330 -8 0 0
417 514 568 333 -8 8 0
409 522 571 336 -8 -8 0
401 514 574 339 -8 0 0
393 514 577 342 -8 0 0
385 514 580 345 0 0 0
385 514 583 348 0 -8 0
385 506 586 351 0 8 0
385 514 589 354 0 -8 0
385 506 592 357 0 -8 0
385 498 595 360 0 8 0
385 506 598 363 0 0 0
385 506 601 366 0 0 0
385 506 604 369 0 0 0
385 506 607 372 0 8 0
385 514 610 375 0 8 0
385 522 613 378 0 8 0
385 530 616 381 0 0 0
385 530 619 384 0 8 0
385 538 622 387 0 8 0
385 540 625 390 0 8 0
385 540 628 393 0 -8 0
385 532 631 396 0 -8 0
385 524 634 399 0 -8 0
385 516 637 402 0 -8 0
385 508 640 405 0 8 0
385 516 643 408 0 0 0
385 516 646 411 0 0 0
385 516 649 414 0 8 0
385 524 652 417 0 -8 0
385 516 655 420 0 0 0
385 516 658 423 0 -8 0
385 508 661 426 0 0 0
385 508 664 429 0 8 0
385 516 667 432 0 0 0
385 516 670 435 0 0 0
385 516 673 438 8 -8 0
393 508 676 441 0 -8 0
393 500 679 444 8 8 0
401 508 682 447 0 8 0
401 516 685 450 0 0 0
401 516 688 453 8 8 0
409 524 691 456 0 8 0
409 532 694 459 0 8 0
409 540 697 462 8 -8 0
417 532 700 465 0 8 0
417 540 703 468 8 -8 0
425 532 706 471 0 -8 0
425 524 709 474 0 -8 0
425 516 712 477 8 -8 0
433 508 715 480 0 -8 0
433 500 718 483 0 -8 0
433 492 721 486 8 -8 0
441 484 724 489 0 0 0
441 484 727 492 8 8 0
449 492 730 495 0 0 0
449 492 733 498 0 0 0
449 492 736 501 8 -8 0
457 484 739 504 0 -8 0
457 476 742 507 0 -8 0
457 468 745 510 8 0 0
465 468 748 513 0 0 0
465 468 751 516 8 0 0
473 468 754 519 0 0 0
473 468 757 522 0 8 0
473 476 760 525 8 -8 0
481 468 763 528 0 -8 0
481 460 766 531 0 -8 0
481 452 769 534 8 8 0
489 460 772 537 0 -8 0
489 452 775 540 8 0 0
497 452 778 543 0 -8 0
497 444 781 546 0 0 1
497 444 781 546 0 0 1
497 444 781 546 0 0 1
497 444 781 546 0 0 1
497 444 781 546 0 0 1
