351 247 436 114 0 0 0
351 247 433 117 -8 -8 0
343 239 430 120 -8 0 0
335 239 427 123 -8 0 0
327 239 424 126 -8 0 0
319 239 421 129 -8 8 0
311 247 418 132 -8 -8 0
303 239 415 135 -8 8 0
295 247 412 138 -8 0 0
287 247 409 141 -8 -8 0
279 239 406 144 -8 8 0
271 247 403 147 -8 8 0
263 255 400 150 -8 8 0
255 263 397 153 -8 -8 0
247 255 394 156 -8 0 0
239 255 391 159 -8 8 0
231 263 388 162 -8 0 0
223 263 385 165 -8 8 0
215 271 382 168 0 -8 0
215 263 379 171 0 -8 0
215 255 376 174 0 0 0
215 255 373 177 0 -8 0
215 247 370 180 0 0 0
215 247 367 183 0 8 0
215 255 364 186 0 0 0
215 255 361 189 0 8 0
215 263 358 192 0 8 0
215 271 355 195 0 0 0
215 271 352 198 0 -8 0
215 263 349 201 0 8 0
215 271 346 204 0 8 0
215 279 343 207 0 -8 0
215 271 340 210 0 0 0
215 271 337 213 0 -8 0
215 263 334 216 0 -8 0
215 255 331 219 0 0 0
215 255 328 222 0 8 0
215 263 325 225 0 -8 0
215 255 322 228 0 0 0
215 255 319 231 0 -8 0
215 247 316 234 0 8 0
215 255 313 237 0 0 0
215 255 310 240 0 0 0
215 255 307 243 0 0 0
215 255 304 246 0 -8 0
215 247 301 249 0 8 0
215 255 298 252 0 0 0
215 255 295 255 0 8 0
215 263 292 258 0 -8 0
215 255 289 261 0 0 0
215 255 286 264 0 8 0
215 263 283 267 8 0 0
223 263 280 270 0 -8 0
223 255 277 273 0 8 0
223 263 274 276 8 8 0
231 271 271 279 0 0 0
231 271 268 282 8 0 0
239 271 265 285 0 -8 0
239 263 262 288 0 0 0
239 263 259 291 8 -8 0
247 255 256 294 0 -8 0
247 247 253 297 0 -8 0
247 239 250 300 8 0 0
255 239 247 303 0 0 0
255 239 244 306 8 0 0
263 239 241 309 0 8 0
263 247 238 312 0 8 0
263 255 235 315 8 -8 0
271 247 232 318 0 8 0
271 255 229 321 0 -8 0
271 247 226 324 8 -8 0
279 239 223 327 0 -8 0
279 231 220 330 8 8 0
287 239 217 333 0 -8 0
287 231 214 336 0 -8 0
287 223 211 339 8 -8 0
295 215 208 342 0 -8 0
295 207 205 345 0 8 0
295 215 202 348 8 -8 0
303 207 199 351 0 0 0
303 207 196 354 8 0 0
311 207 193 357 0 8 0
311 215 190 360 0 -8 0
311 207 187 363 8 -8 0
319 199 184 366 0 -8 0
319 191 181 369 0 0 0
319 191 178 372 8 -8 0
327 183 175 375 0 -8 0
327 175 172 378 8 0 0
335 175 169 381 0 0 0
335 175 166 384 0 8 0
335 183 163 387 8 -8 0
343 175 160 390 0 8 0
343 183 157 393 0 0 0
343 183 154 396 8 0 0
351 183 151 399 0 0 0
351 183 148 402 8 -8 0
359 175 145 405 0 8 0
359 183 142 408 0 8 0
359 191 139 411 8 0 0
367 191 136 414 0 8 0
367 199 133 417 0 0 0
367 199 130 420 8 8 0
375 207 127 423 0 8 0
375 215 124 426 8 8 0
383 223 121 429 0 -8 0
383 215 118 432 0 0 0
383 215 115 435 8 -8 0
391 207 112 438 0 -8 0
391 199 109 441 0 0 0
391 199 106 444 8 -8 0
399 191 103 447 0 0 0
399 191 100 450 8 -8 0
407 183 97 453 0 0 0
407 183 94 456 0 -8 0
407 175 91 459 8 8 0
415 183 88 462 0 0 0
415 183 85 465 0 -8 0
415 175 82 468 8 0 0
423 175 79 471 0 8 0
423 183 76 474 8 8 0
431 191 73 477 0 -8 0
431 183 70 480 0 0 0
431 183 67 483 8 0 0
439 183 64 486 0 -8 0
439 175 61 489 0 0 0
439 175 58 492 8 8 0
447 183 55 495 0 0 0
447 183 52 498 8 8 0
455 191 49 501 0 -8 0
455 183 46 504 0 0 0
455 183 43 507 8 0 0
463 183 40 510 0 0 0
463 183 37 513 0 -8 0
463 175 34 516 8 0 0
471 175 31 519 0 0 0
471 175 28 522 8 0 0
479 175 25 525 0 8 0
479 183 22 528 0 8 0
479 191 19 531 0 0 1
479 191 19 531 0 0 1
479 191 19 531 0 0 1
479 191 19 531 0 0 1
479 191 19 531 0 0 1
