100 272 190 402 0 0 0
100 272 193 399 8 8 0
108 280 196 396 8 0 0
116 280 199 393 8 -8 0
124 272 202 390 8 0 0
132 272 205 387 8 8 0
140 280 208 384 8 0 0
148 280 211 381 8 -8 0
156 272 214 378 8 0 0
164 272 217 375 8 -8 0
172 264 220 372 8 8 0
180 272 223 369 8 0 0
188 272 226 366 8 0 0
196 272 229 363 8 -8 0
204 264 232 360 8 -8 0
212 256 235 357 8 0 0
220 256 238 354 8 0 0
228 256 241 351 8 -8 0
236 248 244 348 8 -8 0
244 240 247 345 8 8 0
252 248 250 342 8 0 0
260 248 253 339 8 8 0
268 256 256 336 8 8 0
276 264 259 333 8 8 0
284 272 262 330 0 8 0
284 280 265 327 0 8 0
284 288 268 324 0 0 0
284 288 271 321 0 8 0
284 296 274 318 0 -8 0
284 288 277 315 0 -8 0
284 280 280 312 0 8 0
284 288 283 309 0 8 0
284 296 286 306 0 8 0
284 304 289 303 0 -8 0
284 296 292 300 0 -8 0
284 288 295 297 0 8 0
284 296 298 294 0 0 0
284 296 301 291 0 -8 0
284 288 304 288 0 8 0
284 296 307 285 0 -8 0
284 288 310 282 0 -8 0
284 280 313 279 0 0 0
284 280 316 276 0 8 0
284 288 319 273 0 -8 0
284 280 322 270 0 -8 0
284 272 325 267 0 8 0
284 280 328 264 0 -8 0
284 272 331 261 0 0 0
284 272 334 258 0 8 0
284 280 337 255 0 -8 0
284 272 340 252 0 -8 0
284 264 343 249 0 -8 0
284 256 346 246 0 8 0
284 264 349 243 0 -8 0
284 256 352 240 0 -8 0
284 248 355 237 0 0 0
284 248 358 234 0 -8 0
284 240 361 231 -8 0 0
276 240 364 228 0 8 0
276 248 367 225 -8 -8 0
268 240 370 222 0 0 0
268 240 373 219 0 0 0
268 240 376 216 -8 0 0
260 240 379 213 0 8 0
260 248 382 210 0 -8 0
260 240 385 207 -8 0 0
252 240 388 204 0 8 0
252 248 391 201 -8 0 0
244 248 394 198 0 8 0
244 256 397 195 0 0 0
244 256 400 192 -8 0 0
236 256 403 189 0 -8 0
236 248 406 186 0 8 0
236 256 409 183 -8 0 0
228 256 412 180 0 -8 0
228 248 415 177 -8 0 0
220 248 418 174 0 0 0
220 248 421 171 0 -8 0
220 240 424 168 -8 8 0
212 248 427 165 0 0 0
212 248 430 162 0 0 0
212 248 433 159 -8 -8 0
204 240 436 156 0 -8 0
204 232 439 153 -8 8 0
196 240 442 150 0 0 0
196 240 445 147 0 -8 0
196 232 448 144 -8 -8 0
188 224 451 141 0 8 0
188 232 454 138 0 -8 0
188 224 457 135 -8 -8 0
180 216 460 132 0 8 0
180 224 463 129 -8 -8 0
172 216 466 126 0 -8 0
172 208 469 123 0 -8 0
172 200 472 120 -8 8 0
164 208 475 117 0 0 0
164 208 478 114 0 -8 0
164 200 481 111 -8 0 0
156 200 484 108 0 -8 0
156 192 487 105 -8 8 0
148 200 490 102 0 8 0
148 208 493 99 0 0 0
148 208 496 96 -8 8 0
140 216 499 93 0 0 0
140 216 502 90 0 8 0
140 224 505 87 -8 0 0
132 224 508 84 0 -8 0
132 216 511 81 -8 -8 0
124 208 514 78 0 -8 0
124 200 517 75 0 0 0
124 200 520 72 -8 0 0
116 200 523 69 0 8 0
116 208 526 66 0 8 0
116 216 529 63 -8 0 0
108 216 532 60 0 0 0
108 216 535 57 -8 0 0
100 216 538 54 0 -8 0
100 208 541 51 0 -8 0
100 200 544 48 -8 0 0
92 200 547 45 0 0 0
92 200 550 42 0 -8 0
92 192 553 39 -8 8 0
84 200 556 36 0 8 0
84 208 559 33 -8 8 0
76 216 562 30 0 0 0
76 216 565 27 0 8 0
76 224 568 24 -8 -8 0
68 216 571 21 0 -8 0
68 208 574 18 0 -8 0
68 200 577 15 -8 8 0
60 208 580 12 0 0 0
60 208 583 9 -8 -8 0
60 200 586 12 0 8 0
60 208 589 15 0 -8 0
60 200 592 18 0 0 0
60 200 595 21 0 8 0
60 208 598 24 0 8 0
60 216 601 27 0 8 0
60 224 604 30 0 0 0
60 224 607 33 0 8 0
60 232 610 36 0 -8 0
60 224 613 39 0 0 0
60 224 616 42 0 0 0
60 224 619 45 0 0 0
60 224 622 48 0 0 0
60 224 625 51 0 -8 0
60 216 628 54 0 -8 0
60 208 631 57 0 8 0
60 216 634 60 0 -8 0
60 208 637 63 0 -8 0
60 200 640 66 0 -8 0
60 192 643 69 0 8 0
60 200 646 72 0 8 0
60 208 649 75 0 0 0
60 208 652 78 0 8 0
60 216 655 81 0 8 0
60 224 658 84 0 8 0
60 232 661 87 0 -8 0
60 224 664 90 0 -8 0
60 216 667 93 0 8 0
60 224 670 96 0 0 0
60 224 673 99 0 -8 0
60 216 676 102 0 -8 0
60 208 679 105 0 -8 0
60 200 682 108 0 -8 0
60 192 685 111 8 8 0
68 200 688 114 0 -8 0
68 192 691 117 0 8 0
68 200 694 120 8 0 0
76 200 697 123 0 -8 0
76 192 700 126 0 0 0
76 192 703 129 8 0 0
84 192 706 132 0 8 0
84 200 709 135 8 0 0
92 200 712 138 0 0 0
92 200 715 141 0 8 0
92 208 718 144 8 8 0
100 216 721 147 0 8 0
100 224 724 150 0 8 0
100 232 727 153 8 8 0
108 240 730 156 0 -8 0
108 232 733 159 8 -8 0
116 224 736 162 0 8 0
116 232 739 165 0 0 0
116 232 742 168 8 8 0
124 240 745 171 0 -8 0
124 232 748 174 0 -8 0
124 224 751 177 8 8 0
132 232 754 180 0 0 0
132 232 757 183 8 8 0
140 240 760 186 0 8 0
140 248 763 189 0 8 0
140 256 766 192 8 0 0
148 256 769 195 0 -8 0
148 248 772 198 0 8 0
148 256 775 201 8 0 0
156 256 778 204 0 0 0
156 256 781 207 8 0 0
164 256 778 210 0 8 0
164 264 775 213 0 8 0
164 272 772 216 8 -8 0
172 264 769 219 0 8 0
172 272 766 222 0 -8 0
172 264 763 225 8 0 0
180 264 760 228 0 -8 0
180 256 757 231 8 -8 0
188 248 754 234 0 8 0
188 256 751 237 0 0 0
188 256 748 240 8 8 0
196 264 745 243 0 0 0
196 264 742 246 0 8 0
196 272 739 249 8 8 0
204 280 736 252 0 -8 0
204 272 733 255 8 8 0
212 280 730 258 0 0 0
212 280 727 261 0 8 0
212 288 724 264 8 8 0
220 296 721 267 0 -8 0
220 288 718 270 0 8 0
220 296 715 273 8 0 0
228 296 712 276 0 0 0
228 296 709 279 8 0 0
236 296 706 282 0 -8 0
236 288 703 285 0 8 0
236 296 700 288 8 -8 0
244 288 697 291 0 0 0
244 288 694 294 0 -8 0
244 280 691 297 8 8 0
252 288 688 300 0 -8 0
252 280 685 303 8 -8 0
260 272 682 306 0 -8 0
260 264 679 309 0 0 0
260 264 676 312 8 -8 0
268 256 673 315 0 0 0
268 256 670 318 0 8 0
268 264 667 321 8 -8 0
276 256 664 324 0 -8 0
276 248 661 327 8 8 0
284 256 658 330 0 0 0
284 256 655 333 0 8 0
284 264 652 336 8 -8 0
292 256 649 339 0 8 0
292 264 646 342 0 8 0
292 272 643 345 8 0 0
300 272 640 348 0 -8 0
300 264 637 351 8 8 0
308 272 634 354 0 -8 0
308 264 631 357 0 -8 0
308 256 628 360 8 0 0
316 256 625 363 0 8 0
316 264 622 366 0 -8 0
316 256 619 369 8 8 0
324 264 616 372 0 -8 0
324 256 613 375 8 0 0
332 256 610 378 0 0 0
332 256 607 381 0 -8 0
332 248 604 384 8 0 0
340 248 601 387 0 0 0
340 248 598 390 0 -8 0
340 240 595 393 8 0 0
348 240 592 396 0 0 0
348 240 589 399 8 -8 0
356 232 586 402 0 8 0
356 240 583 405 0 0 0
356 240 580 408 8 -8 0
364 232 577 411 0 0 0
364 232 574 414 0 -8 0
364 224 571 417 8 8 0
372 232 568 420 0 -8 0
372 224 565 423 8 0 0
380 224 562 426 0 8 0
380 232 559 429 0 8 0
380 240 556 432 8 8 0
388 248 553 435 0 0 0
388 248 550 438 0 -8 0
388 240 547 441 8 -8 0
396 232 544 444 0 0 0
396 232 541 447 8 0 0
404 232 538 450 0 8 0
404 240 535 453 0 -8 0
404 232 532 456 8 0 0
412 232 529 459 0 -8 0
412 224 526 462 0 -8 0
412 216 523 465 8 -8 0
420 208 520 468 0 -8 0
420 200 517 471 8 -8 0
428 192 514 474 0 8 0
428 200 511 477 0 -8 0
428 192 508 480 8 -8 0
436 184 505 483 0 8 0
436 192 502 486 0 -8 0
436 184 499 489 8 -8 0
444 176 496 492 0 8 0
444 184 493 495 8 0 0
452 184 490 498 0 8 0
452 192 487 501 0 8 0
452 200 484 504 8 8 0
460 208 481 507 0 0 0
460 208 478 510 0 -8 0
460 200 475 513 8 0 0
468 200 472 516 0 8 0
468 208 469 519 8 -8 0
476 200 466 522 0 8 0
476 208 463 525 0 8 0
476 216 460 528 8 0 0
484 216 457 531 0 0 0
484 216 454 534 0 -8 0
484 208 451 537 8 8 0
492 216 448 540 0 8 0
492 224 445 543 8 0 0
500 224 442 546 0 0 0
500 224 439 549 0 -8 0
500 216 436 552 8 8 0
508 224 433 555 0 -8 0
508 216 430 558 0 -8 0
508 208 427 561 8 -8 0
516 200 424 564 0 -8 0
516 192 421 567 8 0 0
524 192 418 570 0 0 0
524 192 415 573 0 8 0
524 200 412 576 8 0 0
532 200 409 579 0 0 0
532 200 406 582 0 -8 0
532 192 403 585 8 8 0
540 200 400 588 0 8 0
540 208 397 591 8 -8 0
540 200 394 588 0 0 0
540 200 391 585 0 0 0
540 200 388 582 0 8 0
540 208 385 579 0 0 0
540 208 382 576 0 -8 0
540 200 379 573 0 8 0
540 208 376 570 0 8 0
540 216 373 567 0 -8 0
540 208 370 564 0 8 0
540 216 367 561 0 -8 0
540 208 364 558 0 0 0
540 208 361 555 0 8 0
540 216 358 552 0 8 0
540 224 355 549 0 -8 0
540 216 352 546 0 8 0
540 224 349 543 0 0 0
540 224 346 540 0 -8 0
540 216 343 537 0 8 0
540 224 340 534 0 0 0
540 224 337 531 0 0 0
540 224 334 528 0 8 0
540 232 331 525 0 0 0
540 232 328 522 0 8 0
540 240 325 519 0 0 0
540 240 322 516 0 -8 0
540 232 319 513 0 -8 0
540 224 316 510 0 0 0
540 224 313 507 0 8 0
540 232 310 504 0 8 0
540 240 307 501 0 0 0
540 240 304 498 0 -8 0
540 232 301 495 0 0 0
540 232 298 492 0 0 0
540 232 295 489 -8 0 0
532 232 292 486 0 0 0
532 232 289 483 0 0 0
532 232 286 480 -8 8 0
524 240 283 477 0 -8 0
524 232 280 474 0 0 0
524 232 277 471 -8 8 0
516 240 274 468 0 0 0
516 240 271 465 -8 0 0
508 240 268 462 0 -8 0
508 232 265 459 0 8 0
508 240 262 456 -8 -8 0
500 232 259 453 0 8 0
500 240 256 450 0 -8 0
500 232 253 447 -8 -8 0
492 224 250 444 0 0 0
492 224 247 441 -8 -8 0
484 216 244 438 0 0 0
484 216 241 435 0 -8 0
484 208 238 432 -8 -8 0
476 200 235 429 0 0 0
476 200 232 426 0 8 0
476 208 229 423 -8 8 0
468 216 226 420 0 -8 0
468 208 223 417 -8 0 0
460 208 220 414 0 8 0
460 216 217 411 0 0 0
460 216 214 408 -8 -8 0
452 208 211 405 0 0 0
452 208 208 402 0 0 0
452 208 205 399 -8 8 0
444 216 202 396 0 -8 0
444 208 199 393 -8 0 0
436 208 196 390 0 0 0
436 208 193 387 0 8 0
436 216 190 384 -8 -8 0
428 208 187 381 0 8 0
428 216 184 378 0 -8 0
428 208 181 375 -8 0 0
420 208 178 372 0 0 0
420 208 175 369 -8 -8 0
412 200 172 366 0 8 0
412 208 169 363 0 0 0
412 208 166 360 -8 -8 0
404 200 163 357 0 -8 0
404 192 160 354 0 -8 0
404 184 157 351 -8 0 0
396 184 154 348 0 0 0
396 184 151 345 -8 0 0
388 184 148 342 0 0 0
388 184 145 339 0 -8 0
388 176 142 336 -8 0 0
380 176 139 333 0 8 0
380 184 136 330 0 8 0
380 192 133 327 -8 8 0
372 200 130 324 0 8 0
372 208 127 321 -8 0 0
364 208 124 318 0 -8 0
364 200 121 315 0 -8 0
364 192 118 312 -8 0 0
356 192 115 309 0 -8 0
356 184 112 306 0 0 0
356 184 109 303 -8 8 0
348 192 106 300 0 0 0
348 192 103 297 -8 -8 0
340 184 100 294 0 -8 0
340 176 97 291 0 0 0
340 176 94 288 -8 -8 0
332 168 91 285 0 8 0
332 176 88 282 0 -8 0
332 168 85 279 -8 0 0
324 168 82 276 0 -8 0
324 160 79 273 -8 8 0
316 168 76 270 0 8 0
316 176 73 267 0 0 0
316 176 70 264 -8 0 0
308 176 67 261 0 8 0
308 184 64 258 0 0 0
308 184 61 255 -8 0 0
300 184 58 252 0 8 0
300 192 55 249 -8 -8 0
292 184 52 246 0 0 0
292 184 49 243 0 -8 0
292 176 46 240 -8 -8 0
284 168 43 237 0 8 0
284 176 40 234 0 8 0
284 184 37 231 -8 8 0
276 192 34 228 0 0 0
276 192 31 225 -8 0 0
268 192 28 222 0 8 0
268 200 25 219 0 -8 0
268 192 22 216 -8 -8 0
260 184 19 213 0 0 0
260 184 22 210 0 0 0
260 184 25 207 -8 0 0
252 184 28 204 0 -8 0
252 176 31 201 -8 8 0
244 184 34 198 0 8 0
244 192 37 195 0 8 0
244 200 40 192 -8 8 0
236 208 43 189 0 -8 0
236 200 46 186 0 -8 0
236 192 49 183 -8 8 0
228 200 52 180 0 8 0
228 208 55 177 -8 0 0
220 208 58 174 0 0 0
220 208 61 171 0 8 0
220 216 64 168 -8 0 0
212 216 67 165 0 0 0
212 216 70 162 0 0 0
212 216 73 159 -8 8 0
204 224 76 156 0 8 0
204 232 79 153 -8 8 0
196 240 82 150 0 0 0
196 240 85 147 0 0 0
196 240 88 144 -8 -8 0
188 232 91 141 0 8 0
188 240 94 138 0 8 0
188 248 97 135 -8 0 0
180 248 100 132 0 0 0
180 248 103 129 -8 0 0
172 248 106 126 0 8 0
172 256 109 123 0 -8 0
172 248 112 120 -8 0 0
164 248 115 117 0 0 0
164 248 118 114 0 0 0
164 248 121 111 -8 0 0
156 248 124 108 0 0 0
156 248 127 105 -8 8 0
148 256 130 102 0 -8 0
148 248 133 99 0 0 0
148 248 136 96 -8 0 0
140 248 139 93 0 0 0
140 248 142 90 0 -8 0
140 240 145 87 -8 -8 0
132 232 148 84 0 0 0
132 232 151 81 -8 -8 0
124 224 154 78 0 8 0
124 232 157 75 0 8 0
124 240 160 72 -8 0 0
116 240 163 69 0 -8 0
116 232 166 66 0 -8 0
116 224 169 63 -8 8 0
108 232 172 60 0 -8 0
108 224 175 57 -8 -8 0
100 216 178 54 0 0 0
100 216 181 51 0 8 0
100 224 184 48 -8 -8 0
92 216 187 45 0 -8 0
92 208 190 42 0 8 0
92 216 193 39 -8 8 0
84 224 196 36 0 0 0
84 224 199 33 -8 0 0
76 224 202 30 0 8 0
76 232 205 27 0 8 0
76 240 208 24 -8 -8 0
68 232 211 21 0 8 0
68 240 214 18 0 8 0
68 248 217 15 -8 -8 0
60 240 220 12 0 0 0
60 240 223 9 -8 -8 0
60 232 226 12 0 -8 0
60 224 229 15 0 0 0
60 224 232 18 0 8 0
60 232 235 21 0 8 0
60 240 238 24 0 0 0
60 240 241 27 0 0 0
60 240 244 30 0 -8 0
60 232 247 33 0 8 0
60 240 250 36 0 0 0
60 240 253 39 0 8 0
60 248 256 42 0 -8 0
60 240 259 45 0 8 0
60 248 262 48 0 -8 0
60 240 265 51 0 8 0
60 248 268 54 0 8 0
60 256 271 57 0 -8 0
60 248 274 60 0 -8 0
60 240 277 63 0 8 0
60 248 280 66 0 -8 0
60 240 283 69 0 -8 0
60 232 286 72 0 8 0
60 240 289 75 0 0 0
60 240 292 78 0 -8 0
60 232 295 81 0 -8 0
60 224 298 84 0 8 0
60 232 301 87 0 0 0
60 232 304 90 0 8 0
60 240 307 93 0 0 0
60 240 310 96 0 0 0
60 240 313 99 0 0 0
60 240 316 102 0 -8 0
60 232 319 105 0 0 0
60 232 322 108 0 8 0
60 240 325 111 8 8 0
68 248 328 114 0 0 0
68 248 331 117 0 -8 0
68 240 334 120 8 8 0
76 248 337 123 0 0 0
76 248 340 126 0 0 0
76 248 343 129 8 8 0
84 256 346 132 0 0 0
84 256 349 135 8 8 0
92 264 352 138 0 0 0
92 264 355 141 0 0 0
92 264 358 144 8 -8 0
100 256 361 147 0 8 0
100 264 364 150 0 8 0
100 272 367 153 8 -8 0
108 264 370 156 0 -8 0
108 256 373 159 8 0 0
116 256 376 162 0 8 0
116 264 379 165 0 8 0
116 272 382 168 8 -8 0
124 264 385 171 0 -8 0
124 256 388 174 0 -8 0
124 248 391 177 8 0 0
132 248 394 180 0 8 0
132 256 397 183 8 8 0
140 264 400 186 0 -8 0
140 256 403 189 0 -8 0
140 248 406 192 8 8 0
148 256 409 195 0 0 0
148 256 412 198 0 0 0
148 256 415 201 8 0 0
156 256 418 204 0 8 0
156 264 421 207 8 0 0
164 264 424 210 0 -8 0
164 256 427 213 0 -8 0
164 248 430 216 8 -8 0
172 240 433 219 0 -8 0
172 232 436 222 0 8 0
172 240 439 225 8 8 0
180 248 442 228 0 0 0
180 248 445 231 8 -8 0
188 240 448 234 0 8 0
188 248 451 237 0 0 0
188 248 454 240 8 -8 0
196 240 457 243 0 -8 0
196 232 460 246 0 8 0
196 240 463 249 8 8 0
204 248 466 252 0 -8 0
204 240 469 255 8 -8 0
212 232 472 258 0 8 0
212 240 475 261 0 8 0
212 248 478 264 8 0 0
220 248 481 267 0 8 0
220 256 484 270 0 -8 0
220 248 487 273 8 -8 0
228 240 490 276 0 0 0
228 240 493 279 8 -8 0
236 232 496 282 0 -8 0
236 224 499 285 0 8 0
236 232 502 288 8 0 0
244 232 505 291 0 0 0
244 232 508 294 0 0 0
244 232 511 297 8 -8 0
252 224 514 300 0 -8 0
252 216 517 303 8 8 0
260 224 520 306 0 -8 0
260 216 523 309 0 0 0
260 216 526 312 8 -8 0
268 208 529 315 0 0 0
268 208 532 318 0 -8 0
268 200 535 321 8 8 0
276 208 538 324 0 0 0
276 208 541 327 8 0 0
284 208 544 330 0 0 0
284 208 547 333 0 -8 0
284 200 550 336 8 -8 0
292 192 553 339 0 0 0
292 192 556 342 0 -8 0
292 184 559 345 8 8 0
300 192 562 348 0 8 0
300 200 565 351 8 0 0
308 200 568 354 0 0 0
308 200 571 357 0 8 0
308 208 574 360 8 -8 0
316 200 577 363 0 8 0
316 208 580 366 0 8 0
316 216 583 369 8 -8 0
324 208 586 372 0 0 0
324 208 589 375 8 -8 0
332 200 592 378 0 -8 0
332 192 595 381 0 0 0
332 192 598 384 8 -8 0
340 184 601 387 0 0 0
340 184 604 390 0 -8 0
340 176 607 393 8 8 0
348 184 610 396 0 8 0
348 192 613 399 8 0 0
356 192 616 402 0 -8 0
356 184 619 405 0 8 0
356 192 622 408 8 8 0
364 200 625 411 0 8 0
364 208 628 414 0 -8 0
364 200 631 417 8 0 0
372 200 634 420 0 8 0
372 208 637 423 8 -8 0
380 200 640 426 0 8 0
380 208 643 429 0 8 0
380 216 646 432 8 0 0
388 216 649 435 0 -8 0
388 208 652 438 0 -8 0
388 200 655 441 8 0 0
396 200 658 444 0 -8 0
396 192 661 447 8 8 0
404 200 664 450 0 0 0
404 200 667 453 0 -8 0
404 192 670 456 8 0 0
412 192 673 459 0 8 0
412 200 676 462 0 8 0
412 208 679 465 8 8 0
420 216 682 468 0 8 0
420 224 685 471 8 -8 0
428 216 688 474 0 0 0
428 216 691 477 0 8 0
428 224 694 480 8 8 0
436 232 697 483 0 8 0
436 240 700 486 0 0 0
436 240 703 489 8 8 0
444 248 706 492 0 8 0
444 256 709 495 8 -8 0
452 248 712 498 0 -8 0
452 240 715 501 0 8 0
452 248 718 504 8 -8 0
460 240 721 507 0 8 0
460 248 724 510 0 0 0
460 248 727 513 8 -8 0
468 240 730 516 0 -8 0
468 232 733 519 8 8 0
476 240 736 522 0 -8 0
476 232 739 525 0 0 0
476 232 742 528 8 0 0
484 232 745 531 0 0 0
484 232 748 534 0 8 0
484 240 751 537 8 8 0
492 248 754 540 0 -8 0
492 240 757 543 8 0 0
500 240 760 546 0 -8 0
500 232 763 549 0 8 0
500 240 766 552 8 -8 0
508 232 769 555 0 -8 0
508 224 772 558 0 8 0
508 232 775 561 8 -8 0
516 224 778 564 0 0 0
516 224 781 567 0 0 1
516 224 781 567 0 0 1
516 224 781 567 0 0 1
516 224 781 567 0 0 1
516 224 781 567 0 0 1
