512 483 490 309 0 0 0
512 483 493 312 -8 8 0
504 491 496 315 -8 8 0
496 499 499 318 -8 -8 0
488 491 502 321 -8 0 0
480 491 505 324 -8 8 0
472 499 508 327 -8 8 0
464 507 511 330 -8 8 0
456 515 514 333 -8 0 0
448 515 517 336 -8 -8 0
440 507 520 339 -8 0 0
432 507 523 342 -8 0 0
424 507 526 345 -8 -8 0
416 499 529 348 -8 8 0
408 507 532 351 -8 0 0
400 507 535 354 0 -8 0
400 499 538 357 0 8 0
400 507 541 360 0 0 0
400 507 544 363 0 -8 0
400 499 547 366 0 8 0
400 507 550 369 0 0 0
400 507 553 372 0 0 0
400 507 556 375 0 0 0
400 507 559 378 0 0 0
400 507 562 381 0 -8 0
400 499 565 384 0 0 0
400 499 568 387 0 8 0
400 507 571 390 0 -8 0
400 499 574 393 0 0 0
400 499 577 396 0 0 0
400 499 580 399 0 -8 0
400 491 583 402 0 -8 0
400 483 586 405 0 0 0
400 483 589 408 0 0 0
400 483 592 411 0 8 0
400 491 595 414 0 0 0
400 491 598 417 0 0 0
400 491 601 420 0 0 0
400 491 604 423 0 0 0
400 491 607 426 0 0 0
400 491 610 429 0 8 0
400 499 613 432 0 -8 0
400 491 616 435 0 -8 0
400 483 619 438 0 8 0
400 491 622 441 0 8 0
400 499 625 444 0 -8 0
400 491 628 447 0 0 0
400 491 631 450 0 0 0
400 491 634 453 8 8 0
408 499 637 456 0 -8 0
408 491 640 459 8 8 0
416 499 643 462 0 8 0
416 507 646 465 0 8 0
416 515 649 468 8 -8 0
424 507 652 471 0 0 0
424 507 655 474 0 -8 0
424 499 658 477 8 8 0
432 507 661 480 0 0 0
432 507 664 483 8 8 0
440 515 667 486 0 0 0
440 515 670 489 0 0 0
440 515 673 492 8 -8 0
448 507 676 495 0 0 0
448 507 679 498 0 8 0
448 515 682 501 8 -8 0
456 507 685 504 0 8 0
456 515 688 507 8 0 0
464 515 691 510 0 -8 0
464 507 694 513 0 -8 0
464 499 697 516 8 -8 0
472 491 700 519 0 8 0
472 499 703 522 0 -8 0
472 491 706 525 8 -8 0
480 483 709 528 0 0 0
480 483 712 531 8 -8 0
488 475 715 534 0 8 0
488 483 718 537 0 8 0
488 491 721 540 8 0 0
496 491 724 543 0 0 0
496 491 727 546 0 -8 0
496 483 730 549 8 0 0
504 483 733 552 0 -8 0
504 475 736 555 8 8 0
512 483 739 558 0 -8 0
512 475 742 561 0 8 0
512 483 745 564 8 0 0
520 483 748 567 0 -8 0
520 475 751 570 0 0 0
520 475 754 573 8 0 0
528 475 757 576 0 8 0
528 483 760 579 8 8 0
536 491 763 582 0 8 0
536 499 766 585 0 8 0
536 507 769 588 8 -8 0
540 499 772 591 8 8 0
540 507 775 588 0 0 0
540 507 778 585 0 -8 0
540 499 781 582 0 0 1
540 499 781 582 0 0 1
540 499 781 582 0 0 1
540 499 781 582 0 0 1
540 499 781 582 0 0 1
