121 64 259 447 0 0 0
121 64 256 450 8 0 0
129 64 253 453 8 -8 0
137 60 250 456 8 -8 0
145 60 247 459 8 8 0
153 68 244 462 8 -8 0
161 60 241 465 8 8 0
169 68 238 468 8 8 0
177 76 235 471 8 8 0
185 84 232 474 8 -8 0
193 76 229 477 8 8 0
201 84 226 480 8 0 0
209 84 223 483 8 0 0
217 84 220 486 8 -8 0
225 76 217 489 8 8 0
233 84 214 492 8 0 0
241 84 211 495 8 0 0
249 84 208 498 8 -8 0
257 76 205 501 8 8 0
265 84 202 504 8 -8 0
273 76 199 507 8 8 0
281 84 196 510 8 0 0
289 84 193 513 8 0 0
297 84 190 516 8 0 0
305 84 187 519 8 -8 0
313 76 184 522 8 8 0
321 84 181 525 8 0 0
329 84 178 528 8 0 0
337 84 175 531 8 8 0
345 92 172 534 8 8 0
353 100 169 537 8 8 0
361 108 166 540 8 8 0
369 116 163 543 8 -8 0
377 108 160 546 8 0 0
385 108 157 549 8 0 0
393 108 154 552 8 -8 0
401 100 151 555 8 0 0
409 100 148 558 8 -8 0
417 92 145 561 8 0 0
425 92 142 564 8 -8 0
433 84 139 567 8 0 0
441 84 136 570 8 -8 0
449 76 133 573 8 0 0
457 76 130 576 8 -8 0
465 68 127 579 8 -8 0
473 60 124 582 8 8 0
481 68 121 585 8 -8 0
489 60 118 588 8 0 0
497 60 115 591 8 0 0
505 60 112 588 8 -8 0
513 60 109 585 8 0 0
521 60 106 582 8 -8 0
529 60 103 579 0 8 0
529 68 100 576 0 -8 0
529 60 97 573 0 0 0
529 60 94 570 0 8 0
529 68 91 567 0 0 0
529 68 88 564 0 -8 0
529 60 85 561 0 0 0
529 60 82 558 0 8 0
529 68 79 555 0 0 0
529 68 76 552 0 -8 0
529 60 73 549 0 0 0
529 60 70 546 0 8 0
529 68 67 543 0 8 0
529 76 64 540 0 0 0
529 76 61 537 0 -8 0
529 68 58 534 0 -8 0
529 60 55 531 0 0 0
529 60 52 528 0 8 0
529 68 49 525 0 0 0
529 68 46 522 0 -8 0
529 60 43 519 0 8 0
529 68 40 516 0 -8 0
529 60 37 513 0 -8 0
529 60 34 510 0 0 0
529 60 31 507 0 -8 0
529 60 28 504 0 8 0
529 68 25 501 0 -8 0
529 60 22 498 0 8 0
529 68 19 495 0 0 0
529 68 22 492 0 0 0
529 68 25 489 0 -8 0
529 60 28 486 0 8 0
529 68 31 483 0 -8 0
529 60 34 480 0 -8 0
529 60 37 477 -8 0 0
521 60 40 474 0 -8 0
521 60 43 471 0 8 0
521 68 46 468 -8 -8 0
513 60 49 465 0 -8 0
513 60 52 462 -8 8 0
505 68 55 459 0 8 0
505 76 58 456 0 8 0
505 84 61 453 -8 0 0
497 84 64 450 0 8 0
497 92 67 447 0 -8 0
497 84 70 444 -8 0 0
489 84 73 441 0 8 0
489 92 76 438 -8 0 0
481 92 79 435 0 -8 0
481 84 82 432 0 0 0
481 84 85 429 -8 -8 0
473 76 88 426 0 0 0
473 76 91 423 0 8 0
473 84 94 420 -8 8 0
465 92 97 417 0 8 0
465 100 100 414 -8 -8 0
457 92 103 411 0 -8 0
457 84 106 408 0 0 0
457 84 109 405 -8 0 0
449 84 112 402 0 -8 0
449 76 115 399 0 -8 0
449 68 118 396 -8 -8 0
441 60 121 393 0 8 0
441 68 124 390 -8 -8 0
433 60 127 387 0 8 0
433 68 130 384 0 8 0
433 76 133 381 -8 -8 0
425 68 136 378 0 -8 0
425 60 139 375 0 -8 0
425 60 142 372 -8 -8 0
417 60 145 369 0 8 0
417 68 148 366 -8 -8 0
409 60 151 363 0 -8 0
409 60 154 360 0 0 0
409 60 157 357 -8 0 0
401 60 160 354 0 -8 0
401 60 163 351 0 0 0
401 60 166 348 -8 0 0
393 60 169 345 0 0 0
393 60 172 342 -8 0 0
385 60 175 339 0 8 0
385 68 178 336 0 8 0
385 76 181 333 -8 -8 0
377 68 184 330 0 8 0
377 76 187 327 0 8 0
377 84 190 324 -8 0 0
369 84 193 321 0 8 0
369 92 196 318 -8 0 0
361 92 199 315 0 -8 0
361 84 202 312 0 0 0
361 84 205 309 -8 0 0
353 84 208 306 0 0 0
353 84 211 303 0 -8 0
353 76 214 300 -8 -8 0
345 68 217 297 0 8 0
345 76 220 294 -8 8 0
337 84 223 291 0 -8 0
337 76 226 288 0 -8 0
337 68 229 285 -8 8 0
329 76 232 282 0 0 0
329 76 235 279 0 8 0
329 84 238 276 -8 -8 0
321 76 241 273 0 8 0
321 84 244 270 -8 0 0
313 84 247 267 0 -8 0
313 76 250 264 0 0 0
313 76 253 261 -8 -8 0
305 68 256 258 0 -8 0
305 60 259 255 0 8 0
305 68 262 252 -8 0 0
297 68 265 249 0 8 0
297 76 268 246 -8 8 0
289 84 271 243 0 8 0
289 92 274 240 0 -8 0
289 84 277 237 -8 -8 0
281 76 280 234 0 8 0
281 84 283 231 0 -8 0
281 76 286 228 -8 8 0
273 84 289 225 0 -8 0
273 76 292 222 -8 8 0
265 84 295 219 0 0 0
265 84 298 216 0 -8 0
265 76 301 213 -8 8 0
257 84 304 210 0 8 0
257 92 307 207 0 8 0
257 100 310 204 -8 0 0
249 100 313 201 0 8 0
249 108 316 198 -8 0 0
241 108 319 195 0 0 0
241 108 322 192 0 -8 0
241 100 325 189 -8 -8 0
233 92 328 186 0 0 0
233 92 331 183 0 8 0
233 100 334 180 -8 -8 0
225 92 337 177 0 8 0
225 100 340 174 -8 8 0
217 108 343 171 0 8 0
217 116 346 168 0 -8 0
217 108 349 165 -8 8 0
209 116 352 162 0 8 0
209 124 355 159 0 8 0
209 132 358 156 -8 8 0
201 140 361 153 0 -8 0
201 132 364 150 -8 8 0
193 140 367 147 0 8 0
193 148 370 144 0 0 0
193 148 373 141 -8 -8 0
185 140 376 138 0 0 0
185 140 379 135 0 8 0
185 148 382 132 -8 -8 0
177 140 385 129 0 -8 0
177 132 388 126 -8 0 0
169 132 391 123 0 0 0
169 132 394 120 0 0 0
169 132 397 117 -8 -8 0
161 124 400 114 0 -8 0
161 116 403 111 0 0 0
161 116 406 108 -8 -8 0
153 108 409 105 0 0 0
153 108 412 102 -8 8 0
145 116 415 99 0 -8 0
145 108 418 96 0 -8 0
145 100 421 93 -8 -8 0
137 92 424 90 0 8 0
137 100 427 87 0 8 0
137 108 430 84 -8 -8 0
129 100 433 81 0 8 0
129 108 436 78 -8 0 0
121 108 439 75 0 -8 0
121 100 442 72 0 8 0
121 108 445 69 -8 8 0
113 116 448 66 0 -8 0
113 108 451 63 0 -8 0
113 100 454 60 -8 -8 0
105 92 457 57 0 0 0
105 92 460 54 -8 -8 0
97 84 463 51 0 -8 0
97 76 466 48 0 8 0
97 84 469 45 -8 -8 0
89 76 472 42 0 -8 0
89 68 475 39 0 8 0
89 76 478 36 -8 8 0
81 84 481 33 0 -8 0
81 76 484 30 -8 -8 0
73 68 487 27 0 -8 0
73 60 490 24 0 -8 0
73 60 493 21 -8 0 0
65 60 496 18 0 -8 0
65 60 499 15 0 8 0
65 68 502 12 -8 0 0
60 68 505 9 -8 8 0
60 76 508 12 0 0 0
60 76 511 15 0 -8 0
60 68 514 18 0 8 0
60 76 517 21 0 0 0
60 76 520 24 0 -8 0
60 68 523 27 0 0 0
60 68 526 30 0 8 0
60 76 529 33 0 -8 0
60 68 532 36 0 8 0
60 76 535 39 0 8 0
60 84 538 42 0 8 0
60 92 541 45 0 0 0
60 92 544 48 0 -8 0
60 84 547 51 0 -8 0
60 76 550 54 0 0 0
60 76 553 57 0 0 0
60 76 556 60 0 -8 0
60 68 559 63 0 -8 0
60 60 562 66 0 -8 0
60 60 565 69 0 8 0
60 68 568 72 0 8 0
60 76 571 75 0 -8 0
60 68 574 78 0 8 0
60 76 577 81 0 8 0
60 84 580 84 0 -8 0
60 76 583 87 0 0 0
60 76 586 90 0 8 0
60 84 589 93 0 -8 0
60 76 592 96 0 -8 0
60 68 595 99 0 -8 0
60 60 598 102 0 -8 0
60 60 601 105 0 0 0
60 60 604 108 0 8 0
60 68 607 111 8 8 0
68 76 610 114 0 8 0
68 84 613 117 0 0 0
68 84 616 120 8 8 0
76 92 619 123 0 -8 0
76 84 622 126 0 0 0
76 84 625 129 8 8 0
84 92 628 132 0 0 0
84 92 631 135 8 -8 0
92 84 634 138 0 -8 0
92 76 637 141 0 0 0
92 76 640 144 8 0 0
100 76 643 147 0 0 0
100 76 646 150 0 -8 0
100 68 649 153 8 0 0
108 68 652 156 0 0 0
108 68 655 159 8 -8 0
116 60 658 162 0 0 0
116 60 661 165 0 8 0
116 68 664 168 8 8 0
124 76 667 171 0 8 0
124 84 670 174 0 -8 0
124 76 673 177 8 0 0
132 76 676 180 0 -8 0
132 68 679 183 8 8 0
140 76 682 186 0 8 0
140 84 685 189 0 8 0
140 92 688 192 8 -8 0
148 84 691 195 0 0 0
148 84 694 198 0 8 0
148 92 697 201 8 8 0
156 100 700 204 0 8 0
156 108 703 207 8 0 0
164 108 706 210 0 -8 0
164 100 709 213 0 0 0
164 100 712 216 8 8 0
172 108 715 219 0 8 0
172 116 718 222 0 8 0
172 124 721 225 8 -8 0
180 116 724 228 0 -8 0
180 108 727 231 8 0 0
188 108 730 234 0 0 0
188 108 733 237 0 8 0
188 116 736 240 8 -8 0
196 108 739 243 0 -8 0
196 100 742 246 0 -8 0
196 92 745 249 8 8 0
204 100 748 252 0 8 0
204 108 751 255 8 0 0
212 108 754 258 0 0 0
212 108 757 261 0 0 0
212 108 760 264 8 -8 0
220 100 763 267 0 -8 0
220 92 766 270 0 8 0
220 100 769 273 8 0 0
228 100 772 276 0 -8 0
228 92 775 279 8 8 0
236 100 778 282 0 0 0
236 100 781 285 0 0 1
236 100 781 285 0 0 1
236 100 781 285 0 0 1
236 100 781 285 0 0 1
236 100 781 285 0 0 1
