327 527 331 225 0 0 0
327 527 334 222 -8 -8 0
319 519 337 219 -8 8 0
311 527 340 216 -8 -8 0
303 519 343 213 -8 -8 0
295 511 346 210 -8 -8 0
287 503 349 207 -8 0 0
279 503 352 204 -8 -8 0
271 495 355 201 -8 8 0
263 503 358 198 -8 0 0
255 503 361 195 -8 8 0
247 511 364 192 -8 0 0
239 511 367 189 0 0 0
239 511 370 186 -8 0 0
231 511 373 183 0 0 0
231 511 376 180 -8 -8 0
223 503 379 177 0 8 0
223 511 382 174 0 -8 0
223 503 385 171 -8 -8 0
215 495 388 168 0 -8 0
215 487 391 165 0 -8 0
215 479 394 162 -8 8 0
207 487 397 159 0 0 0
207 487 400 156 -8 0 0
199 487 403 153 0 -8 0
199 479 406 150 0 0 0
199 479 409 147 -8 8 0
191 487 412 144 0 0 0
191 487 415 141 0 8 0
191 495 418 138 -8 0 0
183 495 421 135 0 0 0
183 495 424 132 -8 0 0
175 495 427 129 0 8 0
175 503 430 126 0 8 0
175 511 433 123 -8 0 0
167 511 436 120 0 8 0
167 519 439 117 0 8 0
167 527 442 114 -8 8 0
159 535 445 111 0 -8 0
159 527 448 108 -8 8 0
151 535 451 105 0 8 0
151 540 454 102 0 -8 0
151 532 457 99 -8 0 0
143 532 460 96 0 0 0
143 532 463 93 0 8 0
143 540 466 90 -8 0 0
135 540 469 87 0 8 0
135 540 472 84 -8 -8 0
127 532 475 81 0 -8 0
127 524 478 78 0 8 0
127 532 481 75 -8 8 0
119 540 484 72 0 0 0
119 540 487 69 0 -8 0
119 532 490 66 -8 8 0
111 540 493 63 0 -8 0
111 532 496 60 -8 8 0
103 540 499 57 0 0 0
103 540 502 54 0 8 0
103 540 505 51 -8 8 0
95 540 508 48 0 8 0
95 540 511 45 0 0 0
95 540 514 42 -8 8 0
87 540 517 39 0 0 0
87 540 520 36 -8 8 0
79 540 523 33 0 0 0
79 540 526 30 0 0 0
79 540 529 27 -8 -8 0
71 532 532 24 0 -8 0
71 524 535 21 0 0 0
71 524 538 18 -8 8 0
63 532 541 15 0 -8 0
63 524 544 12 -8 8 0
60 532 547 9 -8 8 0
60 540 550 12 0 -8 0
60 532 553 15 0 -8 0
60 524 556 18 0 0 0
60 524 559 21 0 0 0
60 524 562 24 0 0 0
60 524 565 27 0 0 0
60 524 568 30 0 0 0
60 524 571 33 0 -8 0
60 516 574 36 0 -8 0
60 508 577 39 0 0 0
60 508 580 42 0 8 0
60 516 583 45 0 -8 0
60 508 586 48 0 8 0
60 516 589 51 0 -8 0
60 508 592 54 0 0 0
60 508 595 57 0 -8 0
60 500 598 60 0 0 0
60 500 601 63 0 -8 0
60 492 604 66 0 0 0
60 492 607 69 0 8 0
60 500 610 72 0 8 0
60 508 613 75 0 8 0
60 516 616 78 0 -8 0
60 508 619 81 0 0 0
60 508 622 84 0 -8 0
60 500 625 87 0 -8 0
60 492 628 90 0 0 0
60 492 631 93 0 -8 0
60 484 634 96 0 -8 0
60 476 637 99 0 8 0
60 484 640 102 0 -8 0
60 476 643 105 0 -8 0
60 468 646 108 0 0 0
60 468 649 111 8 -8 0
68 460 652 114 0 8 0
68 468 655 117 0 8 0
68 476 658 120 8 -8 0
76 468 661 123 0 8 0
76 476 664 126 0 8 0
76 484 667 129 8 0 0
84 484 670 132 0 -8 0
84 476 673 135 8 8 0
92 484 676 138 0 -8 0
92 476 679 141 0 8 0
92 484 682 144 8 8 0
100 492 685 147 0 8 0
100 500 688 150 0 8 0
100 508 691 153 8 -8 0
108 500 694 156 0 -8 0
108 492 697 159 8 0 0
116 492 700 162 0 8 0
116 500 703 165 0 -8 0
116 492 706 168 8 0 0
124 492 709 171 0 8 0
124 500 712 174 0 -8 0
124 492 715 177 8 0 0
132 492 718 180 0 -8 0
132 484 721 183 8 0 0
140 484 724 186 0 -8 0
140 476 727 189 0 8 0
140 484 730 192 8 -8 0
148 476 733 195 0 -8 0
148 468 736 198 0 -8 0
148 460 739 201 8 0 0
156 460 742 204 0 8 0
156 468 745 207 8 8 0
164 476 748 210 0 0 0
164 476 751 213 0 0 0
164 476 754 216 8 -8 0
172 468 757 219 0 8 0
172 476 760 222 0 8 0
172 484 763 225 8 0 0
180 484 766 228 0 8 0
180 492 769 231 8 0 0
188 492 772 234 0 8 0
188 500 775 237 0 0 0
188 500 778 240 8 0 0
196 500 781 243 0 0 1
196 500 781 243 0 0 1
196 500 781 243 0 0 1
196 500 781 243 0 0 1
196 500 781 243 0 0 1
