408 422 430 315 0 0 0
408 422 433 318 -8 8 0
400 430 436 321 -8 0 0
392 430 439 324 -8 0 0
384 430 442 327 -8 0 0
376 430 445 330 0 0 0
376 430 448 333 0 8 0
376 438 451 336 0 -8 0
376 430 454 339 0 8 0
376 438 457 342 0 8 0
376 446 460 345 0 8 0
376 454 463 348 0 -8 0
376 446 466 351 0 0 0
376 446 469 354 0 8 0
376 454 472 357 0 8 0
376 462 475 360 0 -8 0
376 454 478 363 0 0 0
376 454 481 366 0 0 0
376 454 484 369 0 -8 0
376 446 487 372 0 0 0
376 446 490 375 0 0 0
376 446 493 378 0 -8 0
376 438 496 381 0 -8 0
376 430 499 384 0 8 0
376 438 502 387 0 0 0
376 438 505 390 0 8 0
376 446 508 393 0 0 0
376 446 511 396 0 -8 0
376 438 514 399 0 0 0
376 438 517 402 0 8 0
376 446 520 405 0 8 0
376 454 523 408 0 -8 0
376 446 526 411 0 8 0
376 454 529 414 0 0 0
376 454 532 417 0 0 0
376 454 535 420 0 -8 0
376 446 538 423 0 8 0
376 454 541 426 0 0 0
376 454 544 429 8 0 0
384 454 547 432 0 -8 0
384 446 550 435 8 8 0
392 454 553 438 0 -8 0
392 446 556 441 0 8 0
392 454 559 444 8 -8 0
400 446 562 447 0 0 0
400 446 565 450 0 8 0
400 454 568 453 8 0 0
408 454 571 456 0 0 0
408 454 574 459 8 -8 0
416 446 577 462 0 0 0
416 446 580 465 0 8 0
416 454 583 468 8 8 0
424 462 586 471 0 8 0
424 470 589 474 0 8 0
424 478 592 477 8 8 0
432 486 595 480 0 8 0
432 494 598 483 8 8 0
440 502 601 486 0 -8 0
440 494 604 489 0 -8 0
440 486 607 492 8 -8 0
448 478 610 495 0 8 0
448 486 613 498 0 0 0
448 486 616 501 8 8 0
456 494 619 504 0 -8 0
456 486 622 507 8 -8 0
464 478 625 510 0 -8 0
464 470 628 513 0 8 0
464 478 631 516 8 -8 0
472 470 634 519 0 -8 0
472 462 637 522 0 8 0
472 470 640 525 8 0 0
480 470 643 528 0 0 0
480 470 646 531 8 -8 0
488 462 649 534 0 -8 0
488 454 652 537 0 8 0
488 462 655 540 8 8 0
496 470 658 543 0 0 0
496 470 661 546 0 8 0
496 478 664 549 8 -8 0
504 470 667 552 0 -8 0
504 462 670 555 8 8 0
512 470 673 558 0 0 0
512 470 676 561 0 0 0
512 470 679 564 8 0 0
520 470 682 567 0 0 0
520 470 685 570 0 8 0
520 478 688 573 8 -8 0
528 470 691 576 0 0 0
528 470 694 579 8 0 0
536 470 697 582 0 0 0
536 470 700 585 0 -8 0
536 462 703 588 8 8 0
540 470 706 591 8 0 0
540 470 709 588 0 0 0
540 470 712 585 0 -8 0
540 462 715 582 0 0 0
540 462 718 579 0 -8 0
540 454 721 576 0 -8 0
540 446 724 573 0 8 0
540 454 727 570 0 8 0
540 462 730 567 0 -8 0
540 454 733 564 0 -8 0
540 446 736 561 0 0 0
540 446 739 558 0 -8 0
540 438 742 555 0 8 0
540 446 745 552 0 -8 0
540 438 748 549 0 -8 0
540 430 751 546 0 8 0
540 438 754 543 0 0 0
540 438 757 540 0 0 0
540 438 760 537 0 0 0
540 438 763 534 0 0 0
540 438 766 531 0 8 0
540 446 769 528 0 -8 0
540 438 772 525 0 8 0
540 446 775 522 0 8 0
540 454 778 519 0 0 0
540 454 781 516 0 0 1
540 454 781 516 0 0 1
540 454 781 516 0 0 1
540 454 781 516 0 0 1
540 454 781 516 0 0 1
