478 136 592 342 0 0 0
478 136 589 339 -8 -8 0
470 128 586 336 -8 0 0
462 128 583 333 -8 8 0
454 136 580 330 -8 0 0
446 136 577 327 -8 0 0
438 136 574 324 -8 8 0
430 144 571 321 -8 8 0
422 152 568 318 -8 0 0
414 152 565 315 -8 0 0
406 152 562 312 -8 0 0
398 152 559 309 -8 0 0
390 152 556 306 -8 8 0
382 160 553 303 -8 8 0
374 168 550 300 -8 -8 0
366 160 547 297 -8 8 0
358 168 544 294 -8 -8 0
350 160 541 291 -8 8 0
342 168 538 288 -8 8 0
334 176 535 285 0 -8 0
334 168 532 282 -8 0 0
326 168 529 279 0 -8 0
326 160 526 276 0 0 0
326 160 523 273 -8 -8 0
318 152 520 270 0 0 0
318 152 517 267 -8 0 0
310 152 514 264 0 -8 0
310 144 511 261 0 8 0
310 152 508 258 -8 8 0
302 160 505 255 0 0 0
302 160 502 252 0 -8 0
302 152 499 249 -8 0 0
294 152 496 246 0 8 0
294 160 493 243 -8 -8 0
286 152 490 240 0 8 0
286 160 487 237 0 0 0
286 160 484 234 -8 -8 0
278 152 481 231 0 8 0
278 160 478 228 0 8 0
278 168 475 225 -8 -8 0
270 160 472 222 0 -8 0
270 152 469 219 -8 -8 0
262 144 466 216 0 0 0
262 144 463 213 0 0 0
262 144 460 210 -8 0 0
254 144 457 207 0 -8 0
254 136 454 204 0 -8 0
254 128 451 201 -8 8 0
246 136 448 198 0 0 0
246 136 445 195 -8 8 0
238 144 442 192 0 8 0
238 152 439 189 0 0 0
238 152 436 186 -8 0 0
230 152 433 183 0 8 0
230 160 430 180 0 -8 0
230 152 427 177 -8 8 0
222 160 424 174 0 0 0
222 160 421 171 -8 0 0
214 160 418 168 0 0 0
214 160 415 165 0 8 0
214 168 412 162 -8 0 0
206 168 409 159 0 8 0
206 176 406 156 0 0 0
206 176 403 153 -8 0 0
198 176 400 150 0 8 0
198 184 397 147 -8 8 0
190 192 394 144 0 -8 0
190 184 391 141 0 -8 0
190 176 388 138 -8 0 0
182 176 385 135 0 8 0
182 184 382 132 0 -8 0
182 176 379 129 -8 0 0
174 176 376 126 0 8 0
174 184 373 123 -8 8 0
166 192 370 120 0 -8 0
166 184 367 117 0 -8 0
166 176 364 114 -8 8 0
158 184 361 111 0 8 0
158 192 358 108 0 -8 0
158 184 355 105 -8 8 0
150 192 352 102 0 -8 0
150 184 349 99 -8 0 0
142 184 346 96 0 -8 0
142 176 343 93 0 0 0
142 176 340 90 -8 -8 0
134 168 337 87 0 0 0
134 168 334 84 0 8 0
134 176 331 81 -8 8 0
126 184 328 78 0 -8 0
126 176 325 75 -8 -8 0
118 168 322 72 0 0 0
118 168 319 69 0 8 0
118 176 316 66 -8 8 0
110 184 313 63 0 0 0
110 184 310 60 0 0 0
110 184 307 57 -8 8 0
102 192 304 54 0 -8 0
102 184 301 51 -8 0 0
94 184 298 48 0 8 0
94 192 295 45 0 0 0
94 192 292 42 -8 0 0
86 192 289 39 0 0 0
86 192 286 36 0 -8 0
86 184 283 33 -8 -8 0
78 176 280 30 0 8 0
78 184 277 27 -8 8 0
70 192 274 24 0 -8 0
70 184 271 21 0 -8 0
70 176 268 18 -8 0 0
62 176 265 15 0 8 0
62 184 262 12 0 -8 0
62 176 259 9 -8 8 0
60 184 256 12 0 8 0
60 192 253 15 0 8 0
60 200 250 18 0 -8 0
60 192 247 21 0 -8 0
60 184 244 24 0 8 0
60 192 241 27 0 0 0
60 192 238 30 0 0 0
60 192 235 33 0 8 0
60 200 232 36 0 8 0
60 208 229 39 0 0 0
60 208 226 42 0 -8 0
60 200 223 45 0 0 0
60 200 220 48 0 0 0
60 200 217 51 0 8 0
60 208 214 54 0 -8 0
60 200 211 57 0 0 0
60 200 208 60 0 8 0
60 208 205 63 0 0 0
60 208 202 66 0 8 0
60 216 199 69 0 -8 0
60 208 196 72 0 8 0
60 216 193 75 0 0 0
60 216 190 78 0 8 0
60 224 187 81 0 0 0
60 224 184 84 0 8 0
60 232 181 87 0 0 0
60 232 178 90 0 0 0
60 232 175 93 0 0 0
60 232 172 96 0 -8 0
60 224 169 99 0 8 0
60 232 166 102 0 8 0
60 240 163 105 0 0 0
60 240 160 108 0 -8 0
60 232 157 111 8 -8 0
68 224 154 114 0 -8 0
68 216 151 117 0 8 0
68 224 148 120 8 8 0
76 232 145 123 0 0 0
76 232 142 126 0 8 0
76 240 139 129 8 -8 0
84 232 136 132 0 0 0
84 232 133 135 8 8 0
92 240 130 138 0 0 0
92 240 127 141 0 -8 0
92 232 124 144 8 0 0
100 232 121 147 0 8 0
100 240 118 150 0 0 0
100 240 115 153 8 -8 0
108 232 112 156 0 0 0
108 232 109 159 8 8 0
116 240 106 162 0 -8 0
116 232 103 165 0 -8 0
116 224 100 168 8 8 0
124 232 97 171 0 0 0
124 232 94 174 0 8 0
124 240 91 177 8 0 0
132 240 88 180 0 0 0
132 240 85 183 8 -8 0
140 232 82 186 0 8 0
140 240 79 189 0 -8 0
140 232 76 192 8 -8 0
148 224 73 195 0 -8 0
148 216 70 198 0 -8 0
148 208 67 201 8 0 0
156 208 64 204 0 -8 0
156 200 61 207 8 -8 0
164 192 58 210 0 8 0
164 200 55 213 0 -8 0
164 192 52 216 8 -8 0
172 184 49 219 0 8 0
172 192 46 222 0 0 0
172 192 43 225 8 -8 0
180 184 40 228 0 0 0
180 184 37 231 8 8 0
188 192 34 234 0 0 0
188 192 31 237 0 8 0
188 200 28 240 8 -8 0
196 192 25 243 0 0 0
196 192 22 246 0 0 0
196 192 19 249 0 0 1
196 192 19 249 0 0 1
196 192 19 249 0 0 1
196 192 19 249 0 0 1
196 192 19 249 0 0 1
