75 466 253 291 0 0 0
75 466 250 294 8 8 0
83 474 247 297 8 8 0
91 482 244 300 8 8 0
99 490 241 303 8 -8 0
107 482 238 306 8 8 0
115 490 235 309 8 8 0
123 498 232 312 8 8 0
131 506 229 315 8 8 0
139 514 226 318 8 0 0
147 514 223 321 8 8 0
155 522 220 324 8 8 0
163 530 217 327 8 8 0
171 538 214 330 8 -8 0
179 530 211 333 8 8 0
187 538 208 336 8 -8 0
195 530 205 339 8 -8 0
203 522 202 342 8 -8 0
211 514 199 345 8 -8 0
219 506 196 348 8 8 0
227 514 193 351 8 0 0
235 514 190 354 8 8 0
243 522 187 357 8 0 0
251 522 184 360 8 0 0
259 522 181 363 8 8 0
267 530 178 366 8 0 0
275 530 175 369 8 -8 0
283 522 172 372 8 0 0
291 522 169 375 8 -8 0
299 514 166 378 8 8 0
307 522 163 381 8 8 0
315 530 160 384 8 0 0
323 530 157 387 8 0 0
331 530 154 390 8 8 0
339 538 151 393 8 8 0
347 540 148 396 0 -8 0
347 532 145 399 8 -8 0
355 524 142 402 0 0 0
355 524 139 405 0 0 0
355 524 136 408 8 8 0
363 532 133 411 0 -8 0
363 524 130 414 8 -8 0
371 516 127 417 0 0 0
371 516 124 420 0 8 0
371 524 121 423 8 -8 0
379 516 118 426 0 -8 0
379 508 115 429 0 0 0
379 508 112 432 8 0 0
387 508 109 435 0 0 0
387 508 106 438 8 8 0
395 516 103 441 0 8 0
395 524 100 444 0 0 0
395 524 97 447 8 8 0
403 532 94 450 0 0 0
403 532 91 453 0 0 0
403 532 88 456 8 0 0
411 532 85 459 0 0 0
411 532 82 462 8 -8 0
419 524 79 465 0 -8 0
419 516 76 468 0 -8 0
419 508 73 471 8 8 0
427 516 70 474 0 0 0
427 516 67 477 0 -8 0
427 508 64 480 8 -8 0
435 500 61 483 0 0 0
435 500 58 486 8 0 0
443 500 55 489 0 -8 0
443 492 52 492 0 0 0
443 492 49 495 8 0 0
451 492 46 498 0 8 0
451 500 43 501 0 8 0
451 508 40 504 8 8 0
459 516 37 507 0 8 0
459 524 34 510 8 8 0
467 532 31 513 0 -8 0
467 524 28 516 0 0 0
467 524 25 519 8 8 0
475 532 22 522 0 0 0
475 532 19 525 0 8 0
475 540 22 528 8 8 0
483 540 25 531 0 0 0
483 540 28 534 8 -8 0
491 532 31 537 0 -8 0
491 524 34 540 0 -8 0
491 516 37 543 8 -8 0
499 508 40 546 0 8 0
499 516 43 549 0 -8 0
499 508 46 552 8 8 0
507 516 49 555 0 8 0
507 524 52 558 8 8 0
515 532 55 561 0 -8 0
515 524 58 564 0 -8 0
515 516 61 567 8 -8 0
523 508 64 570 0 8 0
523 516 67 573 0 8 0
523 524 70 576 8 0 0
531 524 73 579 0 -8 0
531 516 76 582 8 8 0
539 524 79 585 0 0 0
539 524 82 588 0 8 0
539 532 85 591 8 8 0
540 540 88 588 0 8 0
540 540 91 585 0 -8 0
540 532 94 582 0 0 0
540 532 97 579 0 8 0
540 540 100 576 0 0 0
540 540 103 573 0 8 0
540 540 106 570 0 0 0
540 540 109 567 0 -8 0
540 532 112 564 0 -8 0
540 524 115 561 0 8 0
540 532 118 558 0 0 0
540 532 121 555 0 -8 0
540 524 124 552 0 8 0
540 532 127 549 0 -8 0
540 524 130 546 0 0 0
540 524 133 543 0 -8 0
540 516 136 540 0 -8 0
540 508 139 537 0 0 0
540 508 142 534 0 0 0
540 508 145 531 0 -8 0
540 500 148 528 0 8 0
540 508 151 525 0 8 0
540 516 154 522 0 8 0
540 524 157 519 0 -8 0
540 516 160 516 0 8 0
540 524 163 513 0 -8 0
540 516 166 510 0 8 0
540 524 169 507 0 8 0
540 532 172 504 0 0 0
540 532 175 501 0 0 0
540 532 178 498 0 0 0
540 532 181 495 0 -8 0
540 524 184 492 0 0 0
540 524 187 489 -8 -8 0
532 516 190 486 0 8 0
532 524 193 483 0 -8 0
532 516 196 480 -8 0 0
524 516 199 477 0 0 0
524 516 202 474 0 8 0
524 524 205 471 -8 8 0
516 532 208 468 0 0 0
516 532 211 465 -8 0 0
508 532 214 462 0 -8 0
508 524 217 459 0 8 0
508 532 220 456 -8 0 0
500 532 223 453 0 -8 0
500 524 226 450 0 8 0
500 532 229 447 -8 0 0
492 532 232 444 0 -8 0
492 524 235 441 -8 -8 0
484 516 238 438 0 8 0
484 524 241 435 0 -8 0
484 516 244 432 -8 8 0
476 524 247 429 0 8 0
476 532 250 426 0 8 0
476 540 253 423 -8 8 0
468 540 256 420 0 8 0
468 540 259 417 -8 -8 0
460 532 262 414 0 -8 0
460 524 265 411 0 0 0
460 524 268 408 -8 -8 0
452 516 271 405 0 -8 0
452 508 274 402 0 0 0
452 508 277 399 -8 0 0
444 508 280 396 0 -8 0
444 500 283 393 -8 8 0
436 508 286 390 0 0 0
436 508 289 387 0 -8 0
436 500 292 384 -8 -8 0
428 492 295 381 0 0 0
428 492 298 378 0 0 0
428 492 301 375 -8 8 0
420 500 304 372 0 0 0
420 500 307 369 -8 8 0
412 508 310 366 0 0 0
412 508 313 363 0 0 0
412 508 316 360 -8 -8 0
404 500 319 357 0 0 0
404 500 322 354 0 8 0
404 508 325 351 -8 8 0
396 516 328 348 0 -8 0
396 508 331 345 -8 8 0
388 516 334 342 0 -8 0
388 508 337 339 0 8 0
388 516 340 336 -8 8 0
380 524 343 333 0 -8 0
380 516 346 330 0 0 0
380 516 349 327 -8 -8 0
372 508 352 324 0 8 0
372 516 355 321 -8 -8 0
364 508 358 318 0 -8 0
364 500 361 315 0 -8 0
364 492 364 312 -8 -8 0
356 484 367 309 0 -8 0
356 476 370 306 0 8 0
356 484 373 303 -8 -8 0
348 476 376 300 0 0 0
348 476 379 297 -8 8 0
340 484 382 294 0 0 0
340 484 385 291 0 8 0
340 492 388 288 -8 -8 0
332 484 391 285 0 0 0
332 484 394 282 0 -8 0
332 476 397 279 -8 0 0
324 476 400 276 0 0 0
324 476 403 273 -8 0 0
316 476 406 270 0 8 0
316 484 409 267 0 8 0
316 492 412 264 -8 0 0
308 492 415 261 0 0 0
308 492 418 258 0 0 0
308 492 421 255 -8 -8 0
300 484 424 252 0 0 0
300 484 427 249 -8 0 0
292 484 430 246 0 8 0
292 492 433 243 0 8 0
292 500 436 240 -8 0 0
284 500 439 237 0 0 0
284 500 442 234 0 8 0
284 508 445 231 -8 -8 0
276 500 448 228 0 8 0
276 508 451 225 -8 -8 0
268 500 454 222 0 8 0
268 508 457 219 0 8 0
268 516 460 216 -8 0 0
260 516 463 213 0 0 0
260 516 466 210 0 -8 0
260 508 469 207 -8 0 0
252 508 472 204 0 0 0
252 508 475 201 -8 8 0
244 516 478 198 0 -8 0
244 508 481 195 0 0 0
244 508 484 192 -8 0 0
236 508 487 189 0 8 0
236 516 490 186 0 -8 0
236 508 493 183 -8 8 0
228 516 496 180 0 -8 0
228 508 499 177 -8 -8 0
220 500 502 174 0 0 0
220 500 505 171 0 0 0
220 500 508 168 -8 8 0
212 508 511 165 0 0 0
212 508 514 162 0 8 0
212 516 517 159 -8 0 0
204 516 520 156 0 0 0
204 516 523 153 -8 8 0
196 524 526 150 0 -8 0
196 516 529 147 0 -8 0
196 508 532 144 -8 -8 0
188 500 535 141 0 0 0
188 500 538 138 0 8 0
188 508 541 135 -8 -8 0
180 500 544 132 0 0 0
180 500 547 129 -8 -8 0
172 492 550 126 0 0 0
172 492 553 123 0 0 0
172 492 556 120 -8 0 0
164 492 559 117 0 -8 0
164 484 562 114 0 -8 0
164 476 565 111 -8 8 0
156 484 568 108 0 0 0
156 484 571 105 -8 8 0
148 492 574 102 0 -8 0
148 484 577 99 0 8 0
148 492 580 96 -8 8 0
140 500 583 93 0 -8 0
140 492 586 90 0 8 0
140 500 589 87 -8 -8 0
132 492 592 84 0 0 0
132 492 595 81 -8 0 0
124 492 598 78 0 -8 0
124 484 601 75 0 0 0
124 484 604 72 -8 0 0
116 484 607 69 0 0 0
116 484 610 66 0 8 0
116 492 613 63 -8 8 0
108 500 616 60 0 0 0
108 500 619 57 -8 0 0
100 500 622 54 0 -8 0
100 492 625 51 0 0 0
100 492 628 48 -8 0 0
92 492 631 45 0 0 0
92 492 634 42 0 -8 0
92 484 637 39 -8 8 0
84 492 640 36 0 -8 0
84 484 643 33 -8 8 0
76 492 646 30 0 -8 0
76 484 649 27 0 0 0
76 484 652 24 -8 0 0
68 484 655 21 0 0 0
68 484 658 18 0 -8 0
68 476 661 15 -8 -8 0
60 468 664 12 0 -8 0
60 460 667 9 -8 0 0
60 460 670 12 0 -8 0
60 452 673 15 0 0 0
60 452 676 18 0 8 0
60 460 679 21 0 0 0
60 460 682 24 0 -8 0
60 452 685 27 0 -8 0
60 444 688 30 0 0 0
60 444 691 33 0 0 0
60 444 694 36 0 0 0
60 444 697 39 0 -8 0
60 436 700 42 0 0 0
60 436 703 45 0 0 0
60 436 706 48 0 0 0
60 436 709 51 0 0 0
60 436 712 54 0 -8 0
60 428 715 57 0 0 0
60 428 718 60 0 -8 0
60 420 721 63 0 8 0
60 428 724 66 0 0 0
60 428 727 69 0 0 0
60 428 730 72 0 8 0
60 436 733 75 0 0 0
60 436 736 78 0 -8 0
60 428 739 81 0 8 0
60 436 742 84 0 -8 0
60 428 745 87 0 -8 0
60 420 748 90 0 0 0
60 420 751 93 0 -8 0
60 412 754 96 0 0 0
60 412 757 99 0 8 0
60 420 760 102 0 0 0
60 420 763 105 0 8 0
60 428 766 108 0 -8 0
60 420 769 111 8 0 0
68 420 772 114 0 -8 0
68 412 775 117 0 -8 0
68 404 778 120 8 0 0
76 404 781 123 0 0 1
76 404 781 123 0 0 1
76 404 781 123 0 0 1
76 404 781 123 0 0 1
76 404 781 123 0 0 1
