310 137 679 234 0 0 0
310 137 676 237 -8 0 0
302 137 673 240 -8 8 0
294 145 670 243 -8 8 0
286 153 667 246 0 8 0
286 161 664 249 0 8 0
286 169 661 252 0 0 0
286 169 658 255 0 0 0
286 169 655 258 0 8 0
286 177 652 261 0 0 0
286 177 649 264 0 8 0
286 185 646 267 0 0 0
286 185 643 270 0 -8 0
286 177 640 273 0 -8 0
286 169 637 276 0 -8 0
286 161 634 279 0 -8 0
286 153 631 282 0 8 0
286 161 628 285 0 0 0
286 161 625 288 0 8 0
286 169 622 291 0 0 0
286 169 619 294 0 8 0
286 177 616 297 0 0 0
286 177 613 300 0 0 0
286 177 610 303 0 8 0
286 185 607 306 0 0 0
286 185 604 309 0 8 0
286 193 601 312 0 0 0
286 193 598 315 0 -8 0
286 185 595 318 0 8 0
286 193 592 321 0 0 0
286 193 589 324 0 0 0
286 193 586 327 0 -8 0
286 185 583 330 0 0 0
286 185 580 333 0 8 0
286 193 577 336 0 8 0
286 201 574 339 8 -8 0
294 193 571 342 0 8 0
294 201 568 345 8 -8 0
302 193 565 348 0 0 0
302 193 562 351 0 0 0
302 193 559 354 8 -8 0
310 185 556 357 0 0 0
310 185 553 360 0 8 0
310 193 550 363 8 0 0
318 193 547 366 0 -8 0
318 185 544 369 8 8 0
326 193 541 372 0 8 0
326 201 538 375 0 8 0
326 209 535 378 8 0 0
334 209 532 381 0 8 0
334 217 529 384 0 0 0
334 217 526 387 8 -8 0
342 209 523 390 0 8 0
342 217 520 393 8 -8 0
350 209 517 396 0 -8 0
350 201 514 399 0 0 0
350 201 511 402 8 0 0
358 201 508 405 0 -8 0
358 193 505 408 0 -8 0
358 185 502 411 8 -8 0
366 177 499 414 0 8 0
366 185 496 417 8 -8 0
374 177 493 420 0 0 0
374 177 490 423 0 -8 0
374 169 487 426 8 0 0
382 169 484 429 0 0 0
382 169 481 432 0 8 0
382 177 478 435 8 0 0
390 177 475 438 0 8 0
390 185 472 441 8 0 0
398 185 469 444 0 -8 0
398 177 466 447 0 8 0
398 185 463 450 8 8 0
406 193 460 453 0 8 0
406 201 457 456 0 -8 0
406 193 454 459 8 -8 0
414 185 451 462 0 -8 0
414 177 448 465 8 -8 0
422 169 445 468 0 8 0
422 177 442 471 0 0 0
422 177 439 474 8 0 0
430 177 436 477 0 0 0
430 177 433 480 0 -8 0
430 169 430 483 8 8 0
438 177 427 486 0 0 0
438 177 424 489 8 8 0
446 185 421 492 0 8 0
446 193 418 495 0 8 0
446 201 415 498 8 -8 0
454 193 412 501 0 -8 0
454 185 409 504 0 0 0
454 185 406 507 8 0 0
462 185 403 510 0 -8 0
462 177 400 513 8 0 0
470 177 397 516 0 -8 0
470 169 394 519 0 -8 0
470 161 391 522 8 8 0
478 169 388 525 0 0 0
478 169 385 528 0 8 0
478 177 382 531 8 8 0
486 185 379 534 0 -8 0
486 177 376 537 8 -8 0
494 169 373 540 0 0 0
494 169 370 543 0 8 0
494 177 367 546 8 0 0
502 177 364 549 0 0 0
502 177 361 552 0 8 0
502 185 358 555 8 0 0
510 185 355 558 0 0 0
510 185 352 561 8 0 0
518 185 349 564 0 8 0
518 193 346 567 0 -8 0
518 185 343 570 8 0 0
526 185 340 573 0 0 0
526 185 337 576 0 -8 0
526 177 334 579 8 -8 0
534 169 331 582 0 -8 0
534 161 328 585 8 8 0
540 169 325 588 0 8 0
540 177 322 591 8 0 0
540 177 319 588 0 8 0
540 185 316 585 0 0 0
540 185 313 582 0 8 0
540 193 310 579 0 8 0
540 201 307 576 0 0 0
540 201 304 573 0 -8 0
540 193 301 570 0 -8 0
540 185 298 567 0 8 0
540 193 295 564 0 8 0
540 201 292 561 0 0 0
540 201 289 558 0 8 0
540 209 286 555 0 8 0
540 217 283 552 0 0 0
540 217 280 549 0 -8 0
540 209 277 546 0 0 0
540 209 274 543 0 0 0
540 209 271 540 0 -8 0
540 201 268 537 0 0 0
540 201 265 534 0 8 0
540 209 262 531 0 8 0
540 217 259 528 0 -8 0
540 209 256 525 0 8 0
540 217 253 522 0 8 0
540 225 250 519 0 8 0
540 233 247 516 0 0 0
540 233 244 513 0 8 0
540 241 241 510 0 -8 0
540 233 238 507 0 0 0
540 233 235 504 0 8 0
540 241 232 501 0 0 0
540 241 229 498 0 -8 0
540 233 226 495 0 8 0
540 241 223 492 0 0 0
540 241 220 489 -8 0 0
532 241 217 486 0 -8 0
532 233 214 483 0 0 0
532 233 211 480 -8 -8 0
524 225 208 477 0 0 0
524 225 205 474 0 -8 0
524 217 202 471 -8 8 0
516 225 199 468 0 0 0
516 225 196 465 -8 0 0
508 225 193 462 0 0 0
508 225 190 459 0 -8 0
508 217 187 456 -8 8 0
500 225 184 453 0 -8 0
500 217 181 450 0 8 0
500 225 178 447 -8 8 0
492 233 175 444 0 -8 0
492 225 172 441 -8 -8 0
484 217 169 438 0 0 0
484 217 166 435 0 8 0
484 225 163 432 -8 8 0
476 233 160 429 0 -8 0
476 225 157 426 0 8 0
476 233 154 423 -8 8 0
468 241 151 420 0 -8 0
468 233 148 417 -8 -8 0
460 225 145 414 0 8 0
460 233 142 411 0 -8 0
460 225 139 408 -8 8 0
452 233 136 405 0 -8 0
452 225 133 402 0 0 0
452 225 130 399 -8 8 0
444 233 127 396 0 0 0
444 233 124 393 -8 -8 0
436 225 121 390 0 8 0
436 233 118 387 0 -8 0
436 225 115 384 -8 8 0
428 233 112 381 0 -8 0
428 225 109 378 0 0 0
428 225 106 375 -8 -8 0
420 217 103 372 0 8 0
420 225 100 369 -8 -8 0
412 217 97 366 0 -8 0
412 209 94 363 0 8 0
412 217 91 360 -8 -8 0
404 209 88 357 0 -8 0
404 201 85 354 0 0 0
404 201 82 351 -8 8 0
396 209 79 348 0 0 0
396 209 76 345 -8 0 0
388 209 73 342 0 -8 0
388 201 70 339 0 0 0
388 201 67 336 -8 0 0
380 201 64 333 0 -8 0
380 193 61 330 0 8 0
380 201 58 327 -8 -8 0
372 193 55 324 0 0 0
372 193 52 321 -8 8 0
364 201 49 318 0 -8 0
364 193 46 315 0 8 0
364 201 43 312 -8 0 0
356 201 40 309 0 8 0
356 209 37 306 0 -8 0
356 201 34 303 -8 0 0
348 201 31 300 0 0 0
348 201 28 297 -8 8 0
340 209 25 294 0 0 0
340 209 22 291 0 -8 0
340 201 19 288 0 0 1
340 201 19 288 0 0 1
340 201 19 288 0 0 1
340 201 19 288 0 0 1
340 201 19 288 0 0 1
