142 355 685 363 0 0 0
142 355 682 360 8 -8 0
150 347 679 357 8 -8 0
158 339 676 354 8 0 0
166 339 673 351 8 0 0
174 339 670 348 8 8 0
182 347 667 345 8 0 0
190 347 664 342 8 -8 0
198 339 661 339 8 8 0
206 347 658 336 8 0 0
214 347 655 333 8 8 0
222 355 652 330 8 0 0
230 355 649 327 8 -8 0
238 347 646 324 8 0 0
246 347 643 321 8 8 0
254 355 640 318 8 -8 0
262 347 637 315 8 -8 0
270 339 634 312 0 8 0
270 347 631 309 0 0 0
270 347 628 306 0 0 0
270 347 625 303 0 0 0
270 347 622 300 0 0 0
270 347 619 297 0 8 0
270 355 616 294 0 8 0
270 363 613 291 0 8 0
270 371 610 288 0 0 0
270 371 607 285 0 0 0
270 371 604 282 0 8 0
270 379 601 279 0 -8 0
270 371 598 276 0 0 0
270 371 595 273 0 -8 0
270 363 592 270 0 0 0
270 363 589 267 0 -8 0
270 355 586 264 0 8 0
270 363 583 261 0 0 0
270 363 580 258 0 0 0
270 363 577 255 0 8 0
270 371 574 252 0 -8 0
270 363 571 249 0 0 0
270 363 568 246 0 8 0
270 371 565 243 0 -8 0
270 363 562 240 0 8 0
270 371 559 237 0 -8 0
270 363 556 234 0 8 0
270 371 553 231 0 8 0
270 379 550 228 0 -8 0
270 371 547 225 0 -8 0
270 363 544 222 0 8 0
270 371 541 219 -8 8 0
262 379 538 216 0 8 0
262 387 535 213 0 0 0
262 387 532 210 -8 -8 0
254 379 529 207 0 0 0
254 379 526 204 0 8 0
254 387 523 201 -8 8 0
246 395 520 198 0 0 0
246 395 517 195 -8 0 0
238 395 514 192 0 0 0
238 395 511 189 0 0 0
238 395 508 186 -8 0 0
230 395 505 183 0 8 0
230 403 502 180 0 0 0
230 403 499 177 -8 -8 0
222 395 496 174 0 0 0
222 395 493 171 -8 0 0
214 395 490 168 0 0 0
214 395 487 165 0 0 0
214 395 484 162 -8 8 0
206 403 481 159 0 -8 0
206 395 478 156 0 8 0
206 403 475 153 -8 -8 0
198 395 472 150 0 0 0
198 395 469 147 -8 0 0
190 395 466 144 0 8 0
190 403 463 141 0 -8 0
190 395 460 138 -8 0 0
182 395 457 135 0 8 0
182 403 454 132 0 -8 0
182 395 451 129 -8 0 0
174 395 448 126 0 -8 0
174 387 445 123 -8 -8 0
166 379 442 120 0 8 0
166 387 439 117 0 8 0
166 395 436 114 -8 0 0
158 395 433 111 0 -8 0
158 387 430 108 0 8 0
158 395 427 105 -8 0 0
150 395 424 102 0 0 0
150 395 421 99 -8 -8 0
142 387 418 96 0 0 0
142 387 415 93 0 8 0
142 395 412 90 -8 -8 0
134 387 409 87 0 0 0
134 387 406 84 0 -8 0
134 379 403 81 -8 -8 0
126 371 400 78 0 8 0
126 379 397 75 -8 0 0
118 379 394 72 0 0 0
118 379 391 69 0 8 0
118 387 388 66 -8 8 0
110 395 385 63 0 0 0
110 395 382 60 0 8 0
110 403 379 57 -8 0 0
102 403 376 54 0 8 0
102 411 373 51 -8 0 0
94 411 370 48 0 -8 0
94 403 367 45 0 -8 0
94 395 364 42 -8 8 0
86 403 361 39 0 8 0
86 411 358 36 0 8 0
86 419 355 33 -8 0 0
78 419 352 30 0 0 0
78 419 349 27 -8 -8 0
70 411 346 24 0 0 0
70 411 343 21 0 8 0
70 419 340 18 -8 8 0
62 427 337 15 0 -8 0
62 419 334 12 0 0 0
62 419 331 9 -8 -8 0
60 411 328 12 0 8 0
60 419 325 15 0 0 0
60 419 322 18 0 8 0
60 427 319 21 0 8 0
60 435 316 24 0 0 0
60 435 313 27 0 0 0
60 435 310 30 0 -8 0
60 427 307 33 0 -8 0
60 419 304 36 0 8 0
60 427 301 39 0 8 0
60 435 298 42 0 0 0
60 435 295 45 0 -8 0
60 427 292 48 0 8 0
60 435 289 51 0 -8 0
60 427 286 54 0 0 0
60 427 283 57 0 8 0
60 435 280 60 0 8 0
60 443 277 63 0 8 0
60 451 274 66 0 0 0
60 451 271 69 0 8 0
60 459 268 72 0 0 0
60 459 265 75 0 -8 0
60 451 262 78 0 -8 0
60 443 259 81 0 8 0
60 451 256 84 0 0 0
60 451 253 87 0 -8 0
60 443 250 90 0 8 0
60 451 247 93 0 8 0
60 459 244 96 0 -8 0
60 451 241 99 0 8 0
60 459 238 102 0 -8 0
60 451 235 105 0 -8 0
60 443 232 108 0 -8 0
60 435 229 111 8 8 0
68 443 226 114 0 0 0
68 443 223 117 0 -8 0
68 435 220 120 8 -8 0
76 427 217 123 0 -8 0
76 419 214 126 0 0 0
76 419 211 129 8 8 0
84 427 208 132 0 8 0
84 435 205 135 8 8 0
92 443 202 138 0 8 0
92 451 199 141 0 0 0
92 451 196 144 8 0 0
100 451 193 147 0 -8 0
100 443 190 150 0 8 0
100 451 187 153 8 8 0
108 459 184 156 0 0 0
108 459 181 159 8 -8 0
116 451 178 162 0 -8 0
116 443 175 165 0 0 0
116 443 172 168 8 0 0
124 443 169 171 0 8 0
124 451 166 174 0 -8 0
124 443 163 177 8 8 0
132 451 160 180 0 0 0
132 451 157 183 8 0 0
140 451 154 186 0 8 0
140 459 151 189 0 -8 0
140 451 148 192 8 0 0
148 451 145 195 0 0 0
148 451 142 198 0 8 0
148 459 139 201 8 -8 0
156 451 136 204 0 8 0
156 459 133 207 8 8 0
164 467 130 210 0 8 0
164 475 127 213 0 -8 0
164 467 124 216 8 -8 0
172 459 121 219 0 -8 0
172 451 118 222 0 8 0
172 459 115 225 8 0 0
180 459 112 228 0 8 0
180 467 109 231 8 8 0
188 475 106 234 0 0 0
188 475 103 237 0 0 0
188 475 100 240 8 -8 0
196 467 97 243 0 8 0
196 475 94 246 0 8 0
196 483 91 249 8 0 0
204 483 88 252 0 8 0
204 491 85 255 8 0 0
212 491 82 258 0 0 0
212 491 79 261 0 -8 0
212 483 76 264 8 0 0
220 483 73 267 0 0 0
220 483 70 270 0 8 0
220 491 67 273 8 -8 0
228 483 64 276 0 -8 0
228 475 61 279 8 -8 0
236 467 58 282 0 8 0
236 475 55 285 0 0 0
236 475 52 288 8 8 0
244 483 49 291 0 0 0
244 483 46 294 0 8 0
244 491 43 297 8 8 0
252 499 40 300 0 8 0
252 507 37 303 8 -8 0
260 499 34 306 0 8 0
260 507 31 309 0 -8 0
260 499 28 312 8 8 0
268 507 25 315 0 0 0
268 507 22 318 0 8 0
268 515 19 321 0 0 1
268 515 19 321 0 0 1
268 515 19 321 0 0 1
268 515 19 321 0 0 1
268 515 19 321 0 0 1
