354 358 205 384 0 0 0
354 358 208 381 0 0 0
354 358 211 378 0 0 0
354 358 214 375 0 0 0
354 358 217 372 0 8 0
354 366 220 369 0 -8 0
354 358 223 366 0 -8 0
354 350 226 363 0 8 0
354 358 229 360 0 8 0
354 366 232 357 0 -8 0
354 358 235 354 0 8 0
354 366 238 351 0 8 0
354 374 241 348 0 8 0
354 382 244 345 0 8 0
354 390 247 342 0 8 0
354 398 250 339 0 -8 0
354 390 253 336 0 8 0
354 398 256 333 0 0 0
354 398 259 330 0 0 0
354 398 262 327 0 8 0
354 406 265 324 0 -8 0
354 398 268 321 0 8 0
354 406 271 318 0 0 0
354 406 274 315 0 -8 0
354 398 277 312 0 -8 0
354 390 280 309 0 0 0
354 390 283 306 0 8 0
354 398 286 303 -8 -8 0
346 390 289 300 0 8 0
346 398 292 297 0 8 0
346 406 295 294 -8 -8 0
338 398 298 291 0 8 0
338 406 301 288 0 -8 0
338 398 304 285 -8 0 0
330 398 307 282 0 -8 0
330 390 310 279 -8 -8 0
322 382 313 276 0 -8 0
322 374 316 273 0 -8 0
322 366 319 270 -8 0 0
314 366 322 267 0 -8 0
314 358 325 264 0 8 0
314 366 328 261 -8 0 0
306 366 331 258 0 0 0
306 366 334 255 -8 8 0
298 374 337 252 0 8 0
298 382 340 249 0 -8 0
298 374 343 246 -8 -8 0
290 366 346 243 0 8 0
290 374 349 240 0 0 0
290 374 352 237 -8 8 0
282 382 355 234 0 -8 0
282 374 358 231 -8 0 0
274 374 361 228 0 0 0
274 374 364 225 0 0 0
274 374 367 222 -8 0 0
266 374 370 219 0 0 0
266 374 373 216 0 0 0
266 374 376 213 -8 -8 0
258 366 379 210 0 0 0
258 366 382 207 -8 -8 0
250 358 385 204 0 0 0
250 358 388 201 0 0 0
250 358 391 198 -8 0 0
242 358 394 195 0 -8 0
242 350 397 192 0 8 0
242 358 400 189 -8 0 0
234 358 403 186 0 -8 0
234 350 406 183 -8 8 0
226 358 409 180 0 8 0
226 366 412 177 0 0 0
226 366 415 174 -8 8 0
218 374 418 171 0 8 0
218 382 421 168 0 0 0
218 382 424 165 -8 8 0
210 390 427 162 0 8 0
210 398 430 159 -8 0 0
202 398 433 156 0 0 0
202 398 436 153 0 8 0
202 406 439 150 -8 -8 0
194 398 442 147 0 -8 0
194 390 445 144 0 0 0
194 390 448 141 -8 0 0
186 390 451 138 0 0 0
186 390 454 135 -8 -8 0
178 382 457 132 0 8 0
178 390 460 129 0 0 0
178 390 463 126 -8 -8 0
170 382 466 123 0 -8 0
170 374 469 120 0 -8 0
170 366 472 117 -8 8 0
162 374 475 114 0 8 0
162 382 478 111 -8 8 0
154 390 481 108 0 8 0
154 398 484 105 0 0 0
154 398 487 102 -8 0 0
146 398 490 99 0 8 0
146 406 493 96 0 -8 0
146 398 496 93 -8 8 0
138 406 499 90 0 -8 0
138 398 502 87 -8 -8 0
130 390 505 84 0 8 0
130 398 508 81 0 -8 0
130 390 511 78 -8 -8 0
122 382 514 75 0 -8 0
122 374 517 72 0 0 0
122 374 520 69 -8 -8 0
114 366 523 66 0 0 0
114 366 526 63 -8 8 0
106 374 529 60 0 0 0
106 374 532 57 0 -8 0
106 366 535 54 -8 0 0
98 366 538 51 0 -8 0
98 358 541 48 0 8 0
98 366 544 45 -8 0 0
90 366 547 42 0 0 0
90 366 550 39 -8 -8 0
82 358 553 36 0 -8 0
82 350 556 33 0 0 0
82 350 559 30 -8 0 0
74 350 562 27 0 0 0
74 350 565 24 0 8 0
74 358 568 21 -8 8 0
66 366 571 18 0 8 0
66 374 574 15 -8 8 0
60 382 577 12 0 0 0
60 382 580 9 -8 8 0
60 390 583 12 0 -8 0
60 382 586 15 0 0 0
60 382 589 18 0 -8 0
60 374 592 21 0 -8 0
60 366 595 24 0 8 0
60 374 598 27 0 8 0
60 382 601 30 0 8 0
60 390 604 33 0 8 0
60 398 607 36 0 -8 0
60 390 610 39 0 -8 0
60 382 613 42 0 0 0
60 382 616 45 0 -8 0
60 374 619 48 0 0 0
60 374 622 51 0 8 0
60 382 625 54 0 0 0
60 382 628 57 0 -8 0
60 374 631 60 0 8 0
60 382 634 63 0 8 0
60 390 637 66 0 0 0
60 390 640 69 0 0 0
60 390 643 72 0 -8 0
60 382 646 75 0 -8 0
60 374 649 78 0 8 0
60 382 652 81 0 -8 0
60 374 655 84 0 0 0
60 374 658 87 0 0 0
60 374 661 90 0 8 0
60 382 664 93 0 -8 0
60 374 667 96 0 8 0
60 382 670 99 0 -8 0
60 374 673 102 0 8 0
60 382 676 105 0 0 0
60 382 679 108 0 0 0
60 382 682 111 8 0 0
68 382 685 114 0 8 0
68 390 688 117 0 0 0
68 390 691 120 8 8 0
76 398 694 123 0 0 0
76 398 697 126 0 8 0
76 406 700 129 8 8 0
84 414 703 132 0 -8 0
84 406 706 135 8 8 0
92 414 709 138 0 8 0
92 422 712 141 0 0 0
92 422 715 144 8 0 0
100 422 718 147 0 -8 0
100 414 721 150 0 -8 0
100 406 724 153 8 8 0
108 414 727 156 0 8 0
108 422 730 159 8 -8 0
116 414 733 162 0 -8 0
116 406 736 165 0 -8 0
116 398 739 168 8 -8 0
124 390 742 171 0 -8 0
124 382 745 174 0 -8 0
124 374 748 177 8 8 0
132 382 751 180 0 8 0
132 390 754 183 8 0 0
140 390 757 186 0 0 0
140 390 760 189 0 8 0
140 398 763 192 8 0 0
148 398 766 195 0 -8 0
148 390 769 198 0 8 0
148 398 772 201 8 -8 0
156 390 775 204 0 0 0
156 390 778 207 8 0 0
164 390 781 210 0 0 1
164 390 781 210 0 0 1
164 390 781 210 0 0 1
164 390 781 210 0 0 1
164 390 781 210 0 0 1
