393 525 436 135 0 0 0
393 525 433 132 -8 0 0
385 525 430 129 -8 -8 0
377 517 427 126 -8 8 0
369 525 424 123 -8 0 0
361 525 421 120 -8 -8 0
353 517 418 117 -8 0 0
345 517 415 114 -8 0 0
337 517 412 111 -8 -8 0
329 509 409 108 -8 0 0
321 509 406 105 -8 0 0
313 509 403 102 -8 0 0
305 509 400 99 -8 8 0
297 517 397 96 -8 -8 0
289 509 394 93 -8 -8 0
281 501 391 90 -8 8 0
273 509 388 87 -8 -8 0
265 501 385 84 -8 0 0
257 501 382 81 -8 8 0
249 509 379 78 -8 -8 0
241 501 376 75 -8 8 0
233 509 373 72 -8 8 0
225 517 370 69 -8 -8 0
217 509 367 66 -8 0 0
209 509 364 63 -8 8 0
201 517 361 60 -8 8 0
193 525 358 57 -8 -8 0
185 517 355 54 -8 0 0
177 517 352 51 -8 -8 0
169 509 349 48 -8 -8 0
161 501 346 45 -8 -8 0
153 493 343 42 -8 8 0
145 501 340 39 -8 0 0
137 501 337 36 -8 0 0
129 501 334 33 -8 -8 0
121 493 331 30 -8 0 0
113 493 328 27 -8 0 0
105 493 325 24 -8 -8 0
97 485 322 21 -8 -8 0
89 477 319 18 -8 -8 0
81 469 316 15 -8 -8 0
73 461 313 12 -8 0 0
65 461 310 9 -8 8 0
60 469 307 12 0 0 0
60 469 304 15 0 -8 0
60 461 301 18 0 0 0
60 461 298 21 0 0 0
60 461 295 24 0 0 0
60 461 292 27 0 8 0
60 469 289 30 0 0 0
60 469 286 33 0 -8 0
60 461 283 36 0 -8 0
60 453 280 39 0 8 0
60 461 277 42 0 8 0
60 469 274 45 0 8 0
60 477 271 48 0 0 0
60 477 268 51 0 0 0
60 477 265 54 0 -8 0
60 469 262 57 0 -8 0
60 461 259 60 0 0 0
60 461 256 63 0 8 0
60 469 253 66 0 -8 0
60 461 250 69 0 8 0
60 469 247 72 0 -8 0
60 461 244 75 0 0 0
60 461 241 78 0 0 0
60 461 238 81 0 0 0
60 461 235 84 0 0 0
60 461 232 87 0 -8 0
60 453 229 90 0 -8 0
60 445 226 93 0 8 0
60 453 223 96 0 0 0
60 453 220 99 0 0 0
60 453 217 102 0 8 0
60 461 214 105 0 0 0
60 461 211 108 0 -8 0
60 453 208 111 8 0 0
68 453 205 114 0 0 0
68 453 202 117 0 -8 0
68 445 199 120 8 0 0
76 445 196 123 0 8 0
76 453 193 126 0 8 0
76 461 190 129 8 -8 0
84 453 187 132 0 8 0
84 461 184 135 8 -8 0
92 453 181 138 0 0 0
92 453 178 141 0 -8 0
92 445 175 144 8 0 0
100 445 172 147 0 -8 0
100 437 169 150 0 -8 0
100 429 166 153 8 -8 0
108 421 163 156 0 -8 0
108 413 160 159 8 0 0
116 413 157 162 0 0 0
116 413 154 165 0 -8 0
116 405 151 168 8 0 0
124 405 148 171 0 -8 0
124 397 145 174 0 -8 0
124 389 142 177 8 -8 0
132 381 139 180 0 0 0
132 381 136 183 8 8 0
140 389 133 186 0 8 0
140 397 130 189 0 8 0
140 405 127 192 8 8 0
148 413 124 195 0 -8 0
148 405 121 198 0 0 0
148 405 118 201 8 8 0
156 413 115 204 0 8 0
156 421 112 207 8 8 0
164 429 109 210 0 -8 0
164 421 106 213 0 8 0
164 429 103 216 8 -8 0
172 421 100 219 0 8 0
172 429 97 222 0 8 0
172 437 94 225 8 8 0
180 445 91 228 0 8 0
180 453 88 231 8 -8 0
188 445 85 234 0 8 0
188 453 82 237 0 0 0
188 453 79 240 8 0 0
196 453 76 243 0 8 0
196 461 73 246 0 8 0
196 469 70 249 8 -8 0
204 461 67 252 0 8 0
204 469 64 255 8 8 0
212 477 61 258 0 -8 0
212 469 58 261 0 8 0
212 477 55 264 8 8 0
220 485 52 267 0 0 0
220 485 49 270 0 0 0
220 485 46 273 8 8 0
228 493 43 276 0 8 0
228 501 40 279 8 0 0
236 501 37 282 0 0 0
236 501 34 285 0 0 0
236 501 31 288 8 -8 0
244 493 28 291 0 -8 0
244 485 25 294 0 8 0
244 493 22 297 8 8 0
252 501 19 300 0 0 0
252 501 22 303 8 8 0
260 509 25 306 0 0 0
260 509 28 309 0 0 0
260 509 31 312 8 -8 0
268 501 34 315 0 0 0
268 501 37 318 0 -8 0
268 493 40 321 8 0 0
276 493 43 324 0 -8 0
276 485 46 327 8 8 0
284 493 49 330 0 -8 0
284 485 52 333 0 -8 0
284 477 55 336 8 0 0
292 477 58 339 0 8 0
292 485 61 342 0 8 0
292 493 64 345 8 8 0
300 501 67 348 0 -8 0
300 493 70 351 8 -8 0
308 485 73 354 0 0 0
308 485 76 357 0 8 0
308 493 79 360 8 -8 0
316 485 82 363 0 8 0
316 493 85 366 0 8 0
316 501 88 369 8 -8 0
324 493 91 372 0 -8 0
324 485 94 375 8 -8 0
332 477 97 378 0 0 0
332 477 100 381 0 0 0
332 477 103 384 8 0 0
340 477 106 387 0 0 0
340 477 109 390 0 0 0
340 477 112 393 8 8 0
348 485 115 396 0 -8 0
348 477 118 399 8 8 0
356 485 121 402 0 0 0
356 485 124 405 0 8 0
356 493 127 408 8 -8 0
364 485 130 411 0 8 0
364 493 133 414 0 -8 0
364 485 136 417 8 0 0
372 485 139 420 0 8 0
372 493 142 423 8 0 0
380 493 145 426 0 8 0
380 501 148 429 0 -8 0
380 493 151 432 8 -8 0
388 485 154 435 0 0 0
388 485 157 438 0 8 0
388 493 160 441 8 8 0
396 501 163 444 0 -8 0
396 493 166 447 8 8 0
404 501 169 450 0 -8 0
404 493 172 453 0 8 0
404 501 175 456 8 8 0
412 509 178 459 0 8 0
412 517 181 462 0 8 0
412 525 184 465 8 0 0
420 525 187 468 0 0 0
420 525 190 471 8 0 0
428 525 193 474 0 -8 0
428 517 196 477 0 -8 0
428 509 199 480 8 8 0
436 517 202 483 0 -8 0
436 509 205 486 0 0 0
436 509 208 489 8 -8 0
444 501 211 492 0 -8 0
444 493 214 495 8 0 0
452 493 217 498 0 0 0
452 493 220 501 0 -8 0
452 485 223 504 8 -8 0
460 477 226 507 0 8 0
460 485 229 510 0 8 0
460 493 232 513 8 0 0
468 493 235 516 0 0 0
468 493 238 519 8 0 0
476 493 241 522 0 8 0
476 501 244 525 0 8 0
476 509 247 528 8 -8 0
484 501 250 531 0 8 0
484 509 253 534 0 8 0
484 517 256 537 8 0 0
492 517 259 540 0 0 0
492 517 262 543 8 0 0
500 517 265 546 0 -8 0
500 509 268 549 0 -8 0
500 501 271 552 8 -8 0
508 493 274 555 0 -8 0
508 485 277 558 0 0 0
508 485 280 561 8 -8 0
516 477 283 564 0 -8 0
516 469 286 567 8 -8 0
524 461 289 570 0 -8 0
524 453 292 573 0 -8 0
524 445 295 576 8 -8 0
532 437 298 579 0 8 0
532 445 301 582 0 8 0
532 453 304 585 8 8 0
540 461 307 588 0 8 0
540 469 310 591 8 0 0
540 469 313 588 0 -8 0
540 461 316 585 0 8 0
540 469 319 582 0 8 0
540 477 322 579 0 0 0
540 477 325 576 0 0 0
540 477 328 573 0 8 0
540 485 331 570 0 8 0
540 493 334 567 0 8 0
540 501 337 564 0 -8 0
540 493 340 561 0 8 0
540 501 343 558 0 8 0
540 509 346 555 0 8 0
540 517 349 552 0 -8 0
540 509 352 549 0 -8 0
540 501 355 546 0 8 0
540 509 358 543 0 0 0
540 509 361 540 0 8 0
540 517 364 537 0 0 0
540 517 367 534 0 0 0
540 517 370 531 0 0 0
540 517 373 528 0 8 0
540 525 376 525 0 -8 0
540 517 379 522 0 0 0
540 517 382 519 0 0 0
540 517 385 516 0 -8 0
540 509 388 513 0 8 0
540 517 391 510 0 -8 0
540 509 394 507 0 -8 0
540 501 397 504 0 -8 0
540 493 400 501 0 -8 0
540 485 403 498 0 -8 0
540 477 406 495 0 8 0
540 485 409 492 0 0 0
540 485 412 489 -8 8 0
532 493 415 486 0 -8 0
532 485 418 483 0 0 0
532 485 421 480 -8 0 0
524 485 424 477 0 0 0
524 485 427 474 0 8 0
524 493 430 471 -8 8 0
516 501 433 468 0 8 0
516 509 436 465 -8 8 0
508 517 439 462 0 0 0
508 517 442 459 0 8 0
508 525 445 456 -8 -8 0
500 517 448 453 0 -8 0
500 509 451 450 0 8 0
500 517 454 447 -8 0 0
492 517 457 444 0 0 0
492 517 460 441 -8 0 0
484 517 463 438 0 -8 0
484 509 466 435 0 -8 0
484 501 469 432 -8 -8 0
476 493 472 429 0 0 0
476 493 475 426 0 0 0
476 493 478 423 -8 8 0
468 501 481 420 0 -8 0
468 493 484 417 -8 -8 0
460 485 487 414 0 -8 0
460 477 490 411 0 8 0
460 485 493 408 -8 8 0
452 493 496 405 0 -8 0
452 485 499 402 0 8 0
452 493 502 399 -8 0 0
444 493 505 396 0 8 0
444 501 508 393 -8 8 0
436 509 511 390 0 -8 0
436 501 514 387 0 0 0
436 501 517 384 -8 0 0
428 501 520 381 0 -8 0
428 493 523 378 0 8 0
428 501 526 375 -8 -8 0
420 493 529 372 0 8 0
420 501 532 369 -8 0 0
412 501 535 366 0 0 0
412 501 538 363 0 8 0
412 509 541 360 -8 -8 0
404 501 544 357 0 -8 0
404 493 547 354 0 -8 0
404 485 550 351 -8 0 0
396 485 553 348 0 0 0
396 485 556 345 -8 8 0
388 493 559 342 0 -8 0
388 485 562 339 0 0 0
388 485 565 336 -8 -8 0
380 477 568 333 0 0 0
380 477 571 330 0 -8 0
380 469 574 327 -8 8 0
372 477 577 324 0 8 0
372 485 580 321 -8 -8 0
364 477 583 318 0 -8 0
364 469 586 315 0 -8 0
364 461 589 312 -8 0 0
356 461 592 309 0 -8 0
356 453 595 306 0 -8 0
356 445 598 303 -8 8 0
348 453 601 300 0 -8 0
348 445 604 297 -8 0 0
340 445 607 294 0 0 0
340 445 610 291 0 0 0
340 445 613 288 -8 -8 0
332 437 616 285 0 8 0
332 445 619 282 0 -8 0
332 437 622 279 -8 0 0
324 437 625 276 0 8 0
324 445 628 273 -8 8 0
316 453 631 270 0 8 0
316 461 634 267 0 0 0
316 461 637 264 -8 8 0
308 469 640 261 0 0 0
308 469 643 258 0 -8 0
308 461 646 255 -8 -8 0
300 453 649 252 0 8 0
300 461 652 249 -8 8 0
292 469 655 246 0 0 0
292 469 658 243 0 0 0
292 469 661 240 -8 0 0
284 469 664 237 0 8 0
284 477 667 234 0 0 0
284 477 670 231 -8 0 0
276 477 673 228 0 0 0
276 477 676 225 -8 8 0
268 485 679 222 0 0 0
268 485 682 219 0 8 0
268 493 685 216 -8 -8 0
260 485 688 213 0 -8 0
260 477 691 210 0 8 0
260 485 694 207 -8 8 0
252 493 697 204 0 -8 0
252 485 700 201 -8 -8 0
244 477 703 198 0 8 0
244 485 706 195 0 8 0
244 493 709 192 -8 -8 0
236 485 712 189 0 -8 0
236 477 715 186 0 -8 0
236 469 718 183 -8 0 0
228 469 721 180 0 8 0
228 477 724 177 -8 0 0
220 477 727 174 0 -8 0
220 469 730 171 0 8 0
220 477 733 168 -8 -8 0
212 469 736 165 0 0 0
212 469 739 162 0 8 0
212 477 742 159 -8 0 0
204 477 745 156 0 8 0
204 485 748 153 -8 8 0
196 493 751 150 0 8 0
196 501 754 147 0 -8 0
196 493 757 144 -8 -8 0
188 485 760 141 0 0 0
188 485 763 138 0 8 0
188 493 766 135 -8 8 0
180 501 769 132 0 0 0
180 501 772 129 -8 -8 0
172 493 775 126 0 0 0
172 493 778 123 0 8 0
172 501 781 120 0 0 1
172 501 781 120 0 0 1
172 501 781 120 0 0 1
172 501 781 120 0 0 1
172 501 781 120 0 0 1
