364 251 193 117 0 0 0
364 251 196 114 -8 -8 0
356 243 199 111 -8 -8 0
348 235 202 108 -8 0 0
340 235 205 105 -8 0 0
332 235 208 102 -8 0 0
324 235 211 99 -8 8 0
316 243 214 96 -8 8 0
308 251 217 93 -8 -8 0
300 243 220 90 -8 0 0
292 243 223 87 -8 0 0
284 243 226 84 -8 0 0
276 243 229 81 -8 0 0
268 243 232 78 -8 0 0
260 243 235 75 -8 0 0
252 243 238 72 -8 8 0
244 251 241 69 -8 8 0
236 259 244 66 -8 8 0
228 267 247 63 -8 -8 0
220 259 250 60 -8 8 0
212 267 253 57 -8 0 0
204 267 256 54 -8 0 0
196 267 259 51 -8 0 0
188 267 262 48 -8 8 0
180 275 265 45 -8 -8 0
172 267 268 42 -8 0 0
164 267 271 39 -8 8 0
156 275 274 36 -8 0 0
148 275 277 33 -8 -8 0
140 267 280 30 -8 -8 0
132 259 283 27 -8 8 0
124 267 286 24 -8 -8 0
116 259 289 21 -8 0 0
108 259 292 18 -8 8 0
100 267 295 15 -8 8 0
92 275 298 12 -8 8 0
84 283 301 9 -8 -8 0
76 275 304 12 -8 8 0
68 283 307 15 -8 0 0
60 283 310 18 0 -8 0
60 275 313 21 0 0 0
60 275 316 24 0 0 0
60 275 319 27 0 0 0
60 275 322 30 0 0 0
60 275 325 33 0 0 0
60 275 328 36 0 -8 0
60 267 331 39 0 0 0
60 267 334 42 0 -8 0
60 259 337 45 0 -8 0
60 251 340 48 0 0 0
60 251 343 51 0 8 0
60 259 346 54 0 0 0
60 259 349 57 0 -8 0
60 251 352 60 0 0 0
60 251 355 63 0 8 0
60 259 358 66 0 -8 0
60 251 361 69 0 -8 0
60 243 364 72 0 8 0
60 251 367 75 0 0 0
60 251 370 78 0 8 0
60 259 373 81 0 8 0
60 267 376 84 0 -8 0
60 259 379 87 0 8 0
60 267 382 90 0 -8 0
60 259 385 93 0 -8 0
60 251 388 96 0 8 0
60 259 391 99 0 -8 0
60 251 394 102 0 -8 0
60 243 397 105 0 8 0
60 251 400 108 0 8 0
60 259 403 111 8 8 0
68 267 406 114 0 8 0
68 275 409 117 0 -8 0
68 267 412 120 8 -8 0
76 259 415 123 0 -8 0
76 251 418 126 0 8 0
76 259 421 129 8 -8 0
84 251 424 132 0 0 0
84 251 427 135 8 -8 0
92 243 430 138 0 8 0
92 251 433 141 0 0 0
92 251 436 144 8 -8 0
100 243 439 147 0 8 0
100 251 442 150 0 0 0
100 251 445 153 8 0 0
108 251 448 156 0 -8 0
108 243 451 159 8 8 0
116 251 454 162 0 0 0
116 251 457 165 0 -8 0
116 243 460 168 8 0 0
124 243 463 171 0 0 0
124 243 466 174 0 8 0
124 251 469 177 8 0 0
132 251 472 180 0 0 0
132 251 475 183 8 -8 0
140 243 478 186 0 8 0
140 251 481 189 0 8 0
140 259 484 192 8 8 0
148 267 487 195 0 0 0
148 267 490 198 0 -8 0
148 259 493 201 8 8 0
156 267 496 204 0 8 0
156 275 499 207 8 8 0
164 283 502 210 0 -8 0
164 275 505 213 0 -8 0
164 267 508 216 8 -8 0
172 259 511 219 0 0 0
172 259 514 222 0 -8 0
172 251 517 225 8 8 0
180 259 520 228 0 8 0
180 267 523 231 8 0 0
188 267 526 234 0 -8 0
188 259 529 237 0 8 0
188 267 532 240 8 0 0
196 267 535 243 0 0 0
196 267 538 246 0 8 0
196 275 541 249 8 -8 0
204 267 544 252 0 -8 0
204 259 547 255 8 8 0
212 267 550 258 0 8 0
212 275 553 261 0 8 0
212 283 556 264 8 0 0
220 283 559 267 0 -8 0
220 275 562 270 0 -8 0
220 267 565 273 8 8 0
228 275 568 276 0 0 0
228 275 571 279 8 8 0
236 283 574 282 0 0 0
236 283 577 285 0 8 0
236 291 580 288 8 0 0
244 291 583 291 0 -8 0
244 283 586 294 0 8 0
244 291 589 297 8 8 0
252 299 592 300 0 8 0
252 307 595 303 8 8 0
260 315 598 306 0 -8 0
260 307 601 309 0 0 0
260 307 604 312 8 0 0
268 307 607 315 0 8 0
268 315 610 318 0 8 0
268 323 613 321 8 -8 0
276 315 616 324 0 -8 0
276 307 619 327 8 8 0
284 315 622 330 0 8 0
284 323 625 333 0 -8 0
284 315 628 336 8 8 0
292 323 631 339 0 0 0
292 323 634 342 0 8 0
292 331 637 345 8 -8 0
300 323 640 348 0 8 0
300 331 643 351 8 -8 0
308 323 646 354 0 0 0
308 323 649 357 0 8 0
308 331 652 360 8 -8 0
316 323 655 363 0 -8 0
316 315 658 366 0 0 0
316 315 661 369 8 -8 0
324 307 664 372 0 8 0
324 315 667 375 8 8 0
332 323 670 378 0 8 0
332 331 673 381 0 0 0
332 331 676 384 8 8 0
340 339 679 387 0 0 0
340 339 682 390 0 8 0
340 347 685 393 8 0 0
348 347 688 396 0 8 0
348 355 691 399 8 -8 0
356 347 694 402 0 0 0
356 347 697 405 0 0 0
356 347 700 408 8 0 0
364 347 703 411 0 -8 0
364 339 706 414 0 0 0
364 339 709 417 8 0 0
372 339 712 420 0 0 0
372 339 715 423 8 8 0
380 347 718 426 0 -8 0
380 339 721 429 0 -8 0
380 331 724 432 8 -8 0
388 323 727 435 0 0 0
388 323 730 438 0 0 0
388 323 733 441 8 0 0
396 323 736 444 0 0 0
396 323 739 447 8 0 0
404 323 742 450 0 0 0
404 323 745 453 0 8 0
404 331 748 456 8 -8 0
412 323 751 459 0 0 0
412 323 754 462 0 0 0
412 323 757 465 8 8 0
420 331 760 468 0 8 0
420 339 763 471 8 0 0
428 339 766 474 0 -8 0
428 331 769 477 0 8 0
428 339 772 480 8 8 0
436 347 775 483 0 0 0
436 347 778 486 0 -8 0
436 339 781 489 0 0 1
436 339 781 489 0 0 1
436 339 781 489 0 0 1
436 339 781 489 0 0 1
436 339 781 489 0 0 1
