412 303 532 111 0 0 0
412 303 529 108 -8 0 0
404 303 526 105 -8 0 0
396 303 523 102 -8 -8 0
388 295 520 99 -8 0 0
380 295 517 96 -8 8 0
372 303 514 93 -8 0 0
364 303 511 90 -8 -8 0
356 295 508 87 -8 -8 0
348 287 505 84 -8 0 0
340 287 502 81 -8 0 0
332 287 499 78 -8 -8 0
324 279 496 75 -8 0 0
316 279 493 72 -8 0 0
308 279 490 69 -8 -8 0
300 271 487 66 -8 8 0
292 279 484 63 -8 -8 0
284 271 481 60 -8 -8 0
276 263 478 57 -8 0 0
268 263 475 54 -8 0 0
260 263 472 51 -8 -8 0
252 255 469 48 -8 0 0
244 255 466 45 -8 -8 0
236 247 463 42 -8 0 0
228 247 460 39 -8 -8 0
220 239 457 36 -8 0 0
212 239 454 33 -8 8 0
204 247 451 30 -8 0 0
196 247 448 27 -8 8 0
188 255 445 24 -8 8 0
180 263 442 21 -8 8 0
172 271 439 18 -8 0 0
164 271 436 15 -8 0 0
156 271 433 12 -8 -8 0
148 263 430 9 -8 8 0
140 271 427 12 -8 -8 0
132 263 424 15 -8 0 0
124 263 421 18 -8 0 0
116 263 418 21 -8 -8 0
108 255 415 24 -8 -8 0
100 247 412 27 -8 -8 0
92 239 409 30 -8 0 0
84 239 406 33 -8 8 0
76 247 403 36 0 -8 0
76 239 400 39 0 0 0
76 239 397 42 0 0 0
76 239 394 45 0 0 0
76 239 391 48 0 8 0
76 247 388 51 0 0 0
76 247 385 54 0 -8 0
76 239 382 57 0 0 0
76 239 379 60 0 -8 0
76 231 376 63 0 0 0
76 231 373 66 0 0 0
76 231 370 69 0 0 0
76 231 367 72 0 8 0
76 239 364 75 0 8 0
76 247 361 78 0 -8 0
76 239 358 81 0 8 0
76 247 355 84 0 8 0
76 255 352 87 0 -8 0
76 247 349 90 0 0 0
76 247 346 93 0 -8 0
76 239 343 96 0 8 0
76 247 340 99 0 0 0
76 247 337 102 0 -8 0
76 239 334 105 0 8 0
76 247 331 108 0 0 0
76 247 328 111 0 -8 0
76 239 325 114 0 0 0
76 239 322 117 0 0 0
76 239 319 120 0 8 0
76 247 316 123 0 -8 0
76 239 313 126 0 8 0
76 247 310 129 8 -8 0
84 239 307 132 0 -8 0
84 231 304 135 8 8 0
92 239 301 138 0 8 0
92 247 298 141 0 8 0
92 255 295 144 8 -8 0
100 247 292 147 0 8 0
100 255 289 150 0 0 0
100 255 286 153 8 8 0
108 263 283 156 0 -8 0
108 255 280 159 8 0 0
116 255 277 162 0 0 0
116 255 274 165 0 -8 0
116 247 271 168 8 8 0
124 255 268 171 0 -8 0
124 247 265 174 0 8 0
124 255 262 177 8 8 0
132 263 259 180 0 8 0
132 271 256 183 8 8 0
140 279 253 186 0 8 0
140 287 250 189 0 8 0
140 295 247 192 8 0 0
148 295 244 195 0 0 0
148 295 241 198 0 -8 0
148 287 238 201 8 -8 0
156 279 235 204 0 -8 0
156 271 232 207 8 0 0
164 271 229 210 0 8 0
164 279 226 213 0 0 0
164 279 223 216 8 8 0
172 287 220 219 0 -8 0
172 279 217 222 0 0 0
172 279 214 225 8 -8 0
180 271 211 228 0 -8 0
180 263 208 231 8 0 0
188 263 205 234 0 0 0
188 263 202 237 0 8 0
188 271 199 240 8 8 0
196 279 196 243 0 0 0
196 279 193 246 0 8 0
196 287 190 249 8 8 0
204 295 187 252 0 0 0
204 295 184 255 8 8 0
212 303 181 258 0 -8 0
212 295 178 261 0 8 0
212 303 175 264 8 8 0
220 311 172 267 0 -8 0
220 303 169 270 0 -8 0
220 295 166 273 8 8 0
228 303 163 276 0 -8 0
228 295 160 279 8 8 0
236 303 157 282 0 8 0
236 311 154 285 0 8 0
236 319 151 288 8 8 0
244 327 148 291 0 8 0
244 335 145 294 0 0 0
244 335 142 297 8 0 0
252 335 139 300 0 8 0
252 343 136 303 8 0 0
260 343 133 306 0 0 0
260 343 130 309 0 0 0
260 343 127 312 8 -8 0
268 335 124 315 0 -8 0
268 327 121 318 0 0 0
268 327 118 321 8 0 0
276 327 115 324 0 8 0
276 335 112 327 8 0 0
284 335 109 330 0 0 0
284 335 106 333 0 -8 0
284 327 103 336 8 8 0
292 335 100 339 0 0 0
292 335 97 342 0 8 0
292 343 94 345 8 8 0
300 351 91 348 0 8 0
300 359 88 351 8 0 0
308 359 85 354 0 -8 0
308 351 82 357 0 0 0
308 351 79 360 8 8 0
316 359 76 363 0 0 0
316 359 73 366 0 -8 0
316 351 70 369 8 0 0
324 351 67 372 0 0 0
324 351 64 375 8 0 0
332 351 61 378 0 -8 0
332 343 58 381 0 8 0
332 351 55 384 8 -8 0
340 343 52 387 0 8 0
340 351 49 390 0 0 0
340 351 46 393 8 -8 0
348 343 43 396 0 -8 0
348 335 40 399 8 -8 0
356 327 37 402 0 -8 0
356 319 34 405 0 -8 0
356 311 31 408 8 8 0
364 319 28 411 0 0 0
364 319 25 414 0 0 0
364 319 22 417 8 -8 0
372 311 19 420 0 -8 0
372 303 22 423 8 -8 0
380 295 25 426 0 -8 0
380 287 28 429 0 -8 0
380 279 31 432 8 8 0
388 287 34 435 0 0 0
388 287 37 438 0 -8 0
388 279 40 441 8 8 0
396 287 43 444 0 0 0
396 287 46 447 8 8 0
404 295 49 450 0 -8 0
404 287 52 453 0 0 0
404 287 55 456 8 0 0
412 287 58 459 0 8 0
412 295 61 462 0 8 0
412 303 64 465 8 -8 0
420 295 67 468 0 0 0
420 295 70 471 8 0 0
428 295 73 474 0 0 0
428 295 76 477 0 0 0
428 295 79 480 8 0 0
436 295 82 483 0 -8 0
436 287 85 486 0 -8 0
436 279 88 489 8 -8 0
444 271 91 492 0 -8 0
444 263 94 495 8 8 0
452 271 97 498 0 8 0
452 279 100 501 0 -8 0
452 271 103 504 8 8 0
460 279 106 507 0 8 0
460 287 109 510 0 8 0
460 295 112 513 8 8 0
468 303 115 516 0 0 0
468 303 118 519 8 0 0
476 303 121 522 0 8 0
476 311 124 525 0 0 0
476 311 127 528 8 0 0
484 311 130 531 0 -8 0
484 303 133 534 0 0 0
484 303 136 537 8 0 0
492 303 139 540 0 -8 0
492 295 142 543 8 8 0
500 303 145 546 0 0 0
500 303 148 549 0 8 0
500 311 151 552 8 0 0
508 311 154 555 0 0 0
508 311 157 558 0 0 0
508 311 160 561 8 -8 0
516 303 163 564 0 8 0
516 311 166 567 8 8 0
524 319 169 570 0 0 0
524 319 172 573 0 8 0
524 327 175 576 8 8 0
532 335 178 579 0 8 0
532 343 181 582 0 -8 0
532 335 184 585 8 -8 0
540 327 187 588 0 8 0
540 335 190 591 8 -8 0
540 327 193 588 0 -8 0
540 319 196 585 0 -8 0
540 311 199 582 0 -8 0
540 303 202 579 0 -8 0
540 295 205 576 0 -8 0
540 287 208 573 0 0 0
540 287 211 570 0 0 0
540 287 214 567 0 8 0
540 295 217 564 0 -8 0
540 287 220 561 0 0 0
540 287 223 558 0 -8 0
540 279 226 555 0 8 0
540 287 229 552 0 8 0
540 295 232 549 0 -8 0
540 287 235 546 0 -8 0
540 279 238 543 0 8 0
540 287 241 540 0 -8 0
540 279 244 537 0 0 0
540 279 247 534 0 0 0
540 279 250 531 0 0 0
540 279 253 528 0 0 0
540 279 256 525 0 8 0
540 287 259 522 0 0 0
540 287 262 519 0 8 0
540 295 265 516 0 0 0
540 295 268 513 0 -8 0
540 287 271 510 0 0 0
540 287 274 507 0 8 0
540 295 277 504 0 0 0
540 295 280 501 0 8 0
540 303 283 498 0 8 0
540 311 286 495 0 0 0
540 311 289 492 0 0 0
540 311 292 489 -8 8 0
532 319 295 486 0 0 0
532 319 298 483 0 8 0
532 327 301 480 -8 -8 0
524 319 304 477 0 0 0
524 319 307 474 0 0 0
524 319 310 471 -8 0 0
516 319 313 468 0 0 0
516 319 316 465 -8 8 0
508 327 319 462 0 -8 0
508 319 322 459 0 8 0
508 327 325 456 -8 8 0
500 335 328 453 0 8 0
500 343 331 450 0 8 0
500 351 334 447 -8 -8 0
492 343 337 444 0 -8 0
492 335 340 441 -8 0 0
484 335 343 438 0 -8 0
484 327 346 435 0 8 0
484 335 349 432 -8 8 0
476 343 352 429 0 -8 0
476 335 355 426 0 -8 0
476 327 358 423 -8 0 0
468 327 361 420 0 0 0
468 327 364 417 -8 -8 0
460 319 367 414 0 8 0
460 327 370 411 0 -8 0
460 319 373 408 -8 -8 0
452 311 376 405 0 -8 0
452 303 379 402 0 -8 0
452 295 382 399 -8 -8 0
444 287 385 396 0 0 0
444 287 388 393 -8 8 0
436 295 391 390 0 -8 0
436 287 394 387 0 -8 0
436 279 397 384 -8 -8 0
428 271 400 381 0 0 0
428 271 403 378 0 8 0
428 279 406 375 -8 8 0
420 287 409 372 0 0 0
420 287 412 369 -8 8 0
412 295 415 366 0 0 0
412 295 418 363 0 0 0
412 295 421 360 -8 8 0
404 303 424 357 0 -8 0
404 295 427 354 0 8 0
404 303 430 351 -8 -8 0
396 295 433 348 0 8 0
396 303 436 345 -8 -8 0
388 295 439 342 0 0 0
388 295 442 339 0 -8 0
388 287 445 336 -8 0 0
380 287 448 333 0 0 0
380 287 451 330 0 8 0
380 295 454 327 -8 8 0
372 303 457 324 0 0 0
372 303 460 321 -8 0 0
364 303 463 318 0 0 0
364 303 466 315 0 -8 0
364 295 469 312 -8 8 0
356 303 472 309 0 -8 0
356 295 475 306 0 8 0
356 303 478 303 -8 0 0
348 303 481 300 0 -8 0
348 295 484 297 -8 -8 0
340 287 487 294 0 8 0
340 295 490 291 0 0 0
340 295 493 288 -8 -8 0
332 287 496 285 0 -8 0
332 279 499 282 0 8 0
332 287 502 279 -8 8 0
324 295 505 276 0 -8 0
324 287 508 273 -8 8 0
316 295 511 270 0 0 0
316 295 514 267 0 8 0
316 303 517 264 -8 0 0
308 303 520 261 0 8 0
308 311 523 258 0 0 0
308 311 526 255 -8 8 0
300 319 529 252 0 8 0
300 327 532 249 -8 -8 0
292 319 535 246 0 -8 0
292 311 538 243 0 -8 0
292 303 541 240 -8 0 0
284 303 544 237 0 8 0
284 311 547 234 0 0 0
284 311 550 231 -8 -8 0
276 303 553 228 0 0 0
276 303 556 225 -8 8 0
268 311 559 222 0 -8 0
268 303 562 219 0 8 0
268 311 565 216 -8 0 0
260 311 568 213 0 0 0
260 311 571 210 0 -8 0
260 303 574 207 -8 8 0
252 311 577 204 0 -8 0
252 303 580 201 -8 8 0
244 311 583 198 0 8 0
244 319 586 195 0 0 0
244 319 589 192 -8 0 0
236 319 592 189 0 8 0
236 327 595 186 0 -8 0
236 319 598 183 -8 -8 0
228 311 601 180 0 8 0
228 319 604 177 -8 -8 0
220 311 607 174 0 0 0
220 311 610 171 0 0 0
220 311 613 168 -8 -8 0
212 303 616 165 0 -8 0
212 295 619 162 0 8 0
212 303 622 159 -8 -8 0
204 295 625 156 0 8 0
204 303 628 153 -8 -8 0
196 295 631 150 0 8 0
196 303 634 147 0 0 0
196 303 637 144 -8 8 0
188 311 640 141 0 0 0
188 311 643 138 0 8 0
188 319 646 135 -8 -8 0
180 311 649 132 0 8 0
180 319 652 129 -8 0 0
172 319 655 126 0 8 0
172 327 658 123 0 -8 0
172 319 661 120 -8 -8 0
164 311 664 117 0 -8 0
164 303 667 114 0 8 0
164 311 670 111 -8 -8 0
156 303 673 108 0 0 0
156 303 676 105 -8 -8 0
148 295 679 102 0 -8 0
148 287 682 99 0 0 0
148 287 685 96 -8 0 0
140 287 688 93 0 -8 0
140 279 691 90 0 -8 0
140 271 694 87 -8 -8 0
132 263 697 84 0 -8 0
132 255 700 81 -8 -8 0
124 247 703 78 0 -8 0
124 239 706 75 0 -8 0
124 231 709 72 -8 8 0
116 239 712 69 0 0 0
116 239 715 66 0 8 0
116 247 718 63 -8 8 0
108 255 721 60 0 0 0
108 255 724 57 -8 8 0
100 263 727 54 0 8 0
100 271 730 51 0 -8 0
100 263 733 48 -8 -8 0
92 255 736 45 0 8 0
92 263 739 42 0 8 0
92 271 742 39 -8 8 0
84 279 745 36 0 8 0
84 287 748 33 -8 0 0
76 287 751 30 0 0 0
76 287 754 27 0 8 0
76 295 757 24 -8 8 0
68 303 760 21 0 -8 0
68 295 763 18 0 8 0
68 303 766 15 -8 8 0
60 311 769 12 0 -8 0
60 303 772 9 -8 0 0
60 303 775 12 0 8 0
60 311 778 15 0 0 0
60 311 781 18 0 0 1
60 311 781 18 0 0 1
60 311 781 18 0 0 1
60 311 781 18 0 0 1
60 311 781 18 0 0 1
