343 276 514 261 0 0 0
343 276 511 264 -8 8 0
335 284 508 267 -8 8 0
327 292 505 270 -8 8 0
319 300 502 273 0 8 0
319 308 499 276 0 8 0
319 316 496 279 0 8 0
319 324 493 282 0 0 0
319 324 490 285 0 -8 0
319 316 487 288 0 0 0
319 316 484 291 0 -8 0
319 308 481 294 0 -8 0
319 300 478 297 0 0 0
319 300 475 300 0 -8 0
319 292 472 303 0 0 0
319 292 469 306 0 8 0
319 300 466 309 0 -8 0
319 292 463 312 0 8 0
319 300 460 315 0 8 0
319 308 457 318 0 8 0
319 316 454 321 0 8 0
319 324 451 324 0 -8 0
319 316 448 327 0 -8 0
319 308 445 330 0 -8 0
319 300 442 333 0 0 0
319 300 439 336 0 -8 0
319 292 436 339 0 -8 0
319 284 433 342 0 -8 0
319 276 430 345 0 0 0
319 276 427 348 0 0 0
319 276 424 351 0 -8 0
319 268 421 354 0 -8 0
319 260 418 357 0 0 0
319 260 415 360 0 8 0
319 268 412 363 0 0 0
319 268 409 366 0 0 0
319 268 406 369 0 -8 0
319 260 403 372 8 -8 0
327 252 400 375 0 8 0
327 260 397 378 8 -8 0
335 252 394 381 0 0 0
335 252 391 384 0 8 0
335 260 388 387 8 -8 0
343 252 385 390 0 -8 0
343 244 382 393 0 0 0
343 244 379 396 8 8 0
351 252 376 399 0 8 0
351 260 373 402 8 0 0
359 260 370 405 0 -8 0
359 252 367 408 0 -8 0
359 244 364 411 8 -8 0
367 236 361 414 0 8 0
367 244 358 417 0 -8 0
367 236 355 420 8 0 0
375 236 352 423 0 8 0
375 244 349 426 8 8 0
383 252 346 429 0 0 0
383 252 343 432 0 0 0
383 252 340 435 8 0 0
391 252 337 438 0 8 0
391 260 334 441 0 8 0
391 268 331 444 8 0 0
399 268 328 447 0 -8 0
399 260 325 450 8 8 0
407 268 322 453 0 -8 0
407 260 319 456 0 8 0
407 268 316 459 8 0 0
415 268 313 462 0 0 0
415 268 310 465 0 -8 0
415 260 307 468 8 0 0
423 260 304 471 0 8 0
423 268 301 474 8 8 0
431 276 298 477 0 8 0
431 284 295 480 0 -8 0
431 276 292 483 8 0 0
439 276 289 486 0 -8 0
439 268 286 489 0 -8 0
439 260 283 492 8 0 0
447 260 280 495 0 -8 0
447 252 277 498 8 0 0
455 252 274 501 0 -8 0
455 244 271 504 0 8 0
455 252 268 507 8 0 0
463 252 265 510 0 0 0
463 252 262 513 0 0 0
463 252 259 516 8 8 0
471 260 256 519 0 8 0
471 268 253 522 8 8 0
479 276 250 525 0 0 0
479 276 247 528 0 -8 0
479 268 244 531 8 8 0
487 276 241 534 0 0 0
487 276 238 537 0 8 0
487 284 235 540 8 8 0
495 292 232 543 0 8 0
495 300 229 546 8 0 0
503 300 226 549 0 -8 0
503 292 223 552 0 -8 0
503 284 220 555 8 -8 0
511 276 217 558 0 -8 0
511 268 214 561 0 8 0
511 276 211 564 8 -8 0
519 268 208 567 0 -8 0
519 260 205 570 8 0 0
527 260 202 573 0 8 0
527 268 199 576 0 0 0
527 268 196 579 8 -8 0
535 260 193 582 0 8 0
535 268 190 585 0 0 0
535 268 187 588 8 -8 0
540 260 184 591 8 8 0
540 268 181 588 0 -8 0
540 260 178 585 0 8 0
540 268 175 582 0 -8 0
540 260 172 579 0 0 0
540 260 169 576 0 8 0
540 268 166 573 0 -8 0
540 260 163 570 0 -8 0
540 252 160 567 0 0 0
540 252 157 564 0 0 0
540 252 154 561 0 0 0
540 252 151 558 0 -8 0
540 244 148 555 0 0 0
540 244 145 552 0 -8 0
540 236 142 549 0 -8 0
540 228 139 546 0 8 0
540 236 136 543 0 8 0
540 244 133 540 0 -8 0
540 236 130 537 0 -8 0
540 228 127 534 0 8 0
540 236 124 531 0 8 0
540 244 121 528 0 8 0
540 252 118 525 0 0 0
540 252 115 522 0 0 0
540 252 112 519 0 8 0
540 260 109 516 0 8 0
540 268 106 513 0 -8 0
540 260 103 510 0 8 0
540 268 100 507 0 0 0
540 268 97 504 0 0 0
540 268 94 501 0 -8 0
540 260 91 498 0 8 0
540 268 88 495 0 -8 0
540 260 85 492 0 -8 0
540 252 82 489 -8 0 0
532 252 79 486 0 8 0
532 260 76 483 0 0 0
532 260 73 480 -8 8 0
524 268 70 477 0 -8 0
524 260 67 474 0 8 0
524 268 64 471 -8 8 0
516 276 61 468 0 0 0
516 276 58 465 -8 -8 0
508 268 55 462 0 -8 0
508 260 52 459 0 -8 0
508 252 49 456 -8 -8 0
500 244 46 453 0 8 0
500 252 43 450 0 -8 0
500 244 40 447 -8 8 0
492 252 37 444 0 -8 0
492 244 34 441 -8 0 0
484 244 31 438 0 -8 0
484 236 28 435 0 8 0
484 244 25 432 -8 -8 0
476 236 22 429 0 0 0
476 236 19 426 0 8 0
476 244 22 423 -8 -8 0
468 236 25 420 0 -8 0
468 228 28 417 -8 0 0
460 228 31 414 0 0 0
460 228 34 411 0 8 0
460 236 37 408 -8 0 0
452 236 40 405 0 -8 0
452 228 43 402 0 0 0
452 228 46 399 -8 0 0
444 228 49 396 0 8 0
444 236 52 393 -8 8 0
436 244 55 390 0 -8 0
436 236 58 387 0 -8 0
436 228 61 384 -8 8 0
428 236 64 381 0 0 0
428 236 67 378 0 -8 0
428 228 70 375 -8 0 0
420 228 73 372 0 8 0
420 236 76 369 -8 8 0
412 244 79 366 0 8 0
412 252 82 363 0 0 0
412 252 85 360 -8 0 0
404 252 88 357 0 8 0
404 260 91 354 0 0 0
404 260 94 351 -8 0 0
396 260 97 348 0 8 0
396 268 100 345 -8 -8 0
388 260 103 342 0 -8 0
388 252 106 339 0 0 0
388 252 109 336 -8 0 0
380 252 112 333 0 0 0
380 252 115 330 0 8 0
380 260 118 327 -8 -8 0
372 252 121 324 0 0 0
372 252 124 321 -8 8 0
364 260 127 318 0 -8 0
364 252 130 315 0 0 0
364 252 133 312 -8 -8 0
356 244 136 309 0 8 0
356 252 139 306 0 8 0
356 260 142 303 -8 8 0
348 268 145 300 0 8 0
348 276 148 297 -8 8 0
340 284 151 294 0 -8 0
340 276 154 291 0 0 0
340 276 157 288 -8 8 0
332 284 160 285 0 8 0
332 292 163 282 0 0 0
332 292 166 279 -8 0 0
324 292 169 276 0 8 0
324 300 172 273 -8 -8 0
316 292 175 270 0 0 0
316 292 178 267 0 8 0
316 300 181 264 -8 -8 0
308 292 184 261 0 0 0
308 292 187 258 0 -8 0
308 284 190 255 -8 0 0
300 284 193 252 0 8 0
300 292 196 249 -8 8 0
292 300 199 246 0 -8 0
292 292 202 243 0 -8 0
292 284 205 240 -8 8 0
284 292 208 237 0 -8 0
284 284 211 234 0 0 0
284 284 214 231 -8 8 0
276 292 217 228 0 0 0
276 292 220 225 -8 0 0
268 292 223 222 0 -8 0
268 284 226 219 0 -8 0
268 276 229 216 -8 -8 0
260 268 232 213 0 8 0
260 276 235 210 0 8 0
260 284 238 207 -8 -8 0
252 276 241 204 0 8 0
252 284 244 201 -8 -8 0
244 276 247 198 0 8 0
244 284 250 195 0 0 0
244 284 253 192 -8 -8 0
236 276 256 189 0 -8 0
236 268 259 186 0 -8 0
236 260 262 183 -8 0 0
228 260 265 180 0 -8 0
228 252 268 177 -8 8 0
220 260 271 174 0 -8 0
220 252 274 171 0 -8 0
220 244 277 168 -8 0 0
212 244 280 165 0 -8 0
212 236 283 162 0 0 0
212 236 286 159 -8 8 0
204 244 289 156 0 -8 0
204 236 292 153 -8 0 0
196 236 295 150 0 8 0
196 244 298 147 0 8 0
196 252 301 144 -8 0 0
188 252 304 141 0 0 0
188 252 307 138 0 0 0
188 252 310 135 -8 8 0
180 260 313 132 0 0 0
180 260 316 129 -8 0 0
172 260 319 126 0 8 0
172 268 322 123 0 8 0
172 276 325 120 -8 8 0
164 284 328 117 0 0 0
164 284 331 114 0 -8 0
164 276 334 111 -8 0 0
156 276 337 108 0 -8 0
156 268 340 105 -8 8 0
148 276 343 102 0 8 0
148 284 346 99 0 8 0
148 292 349 96 -8 0 0
140 292 352 93 0 -8 0
140 284 355 90 0 8 0
140 292 358 87 -8 8 0
132 300 361 84 0 -8 0
132 292 364 81 -8 8 0
124 300 367 78 0 0 0
124 300 370 75 0 -8 0
124 292 373 72 -8 -8 0
116 284 376 69 0 0 0
116 284 379 66 0 8 0
116 292 382 63 -8 8 0
108 300 385 60 0 0 0
108 300 388 57 -8 0 0
100 300 391 54 0 0 0
100 300 394 51 0 8 0
100 308 397 48 -8 -8 0
92 300 400 45 0 0 0
92 300 403 42 0 -8 0
92 292 406 39 -8 0 0
84 292 409 36 0 8 0
84 300 412 33 -8 0 0
76 300 415 30 0 8 0
76 308 418 27 0 -8 0
76 300 421 24 -8 -8 0
68 292 424 21 0 0 0
68 292 427 18 0 0 0
68 292 430 15 -8 -8 0
60 284 433 12 0 -8 0
60 276 436 9 -8 -8 0
60 268 439 12 0 -8 0
60 260 442 15 0 0 0
60 260 445 18 0 0 0
60 260 448 21 0 8 0
60 268 451 24 0 8 0
60 276 454 27 0 8 0
60 284 457 30 0 -8 0
60 276 460 33 0 -8 0
60 268 463 36 0 8 0
60 276 466 39 0 8 0
60 284 469 42 0 8 0
60 292 472 45 0 0 0
60 292 475 48 0 0 0
60 292 478 51 0 8 0
60 300 481 54 0 8 0
60 308 484 57 0 -8 0
60 300 487 60 0 -8 0
60 292 490 63 0 -8 0
60 284 493 66 0 0 0
60 284 496 69 0 8 0
60 292 499 72 0 0 0
60 292 502 75 0 8 0
60 300 505 78 0 8 0
60 308 508 81 0 8 0
60 316 511 84 0 -8 0
60 308 514 87 0 8 0
60 316 517 90 0 0 0
60 316 520 93 0 8 0
60 324 523 96 0 8 0
60 332 526 99 0 -8 0
60 324 529 102 0 0 0
60 324 532 105 0 -8 0
60 316 535 108 0 8 0
60 324 538 111 8 -8 0
68 316 541 114 0 0 0
68 316 544 117 0 -8 0
68 308 547 120 8 8 0
76 316 550 123 0 -8 0
76 308 553 126 0 0 0
76 308 556 129 8 -8 0
84 300 559 132 0 -8 0
84 292 562 135 8 0 0
92 292 565 138 0 8 0
92 300 568 141 0 0 0
92 300 571 144 8 8 0
100 308 574 147 0 -8 0
100 300 577 150 0 -8 0
100 292 580 153 8 -8 0
108 284 583 156 0 0 0
108 284 586 159 8 0 0
116 284 589 162 0 0 0
116 284 592 165 0 0 0
116 284 595 168 8 8 0
124 292 598 171 0 8 0
124 300 601 174 0 -8 0
124 292 604 177 8 0 0
132 292 607 180 0 8 0
132 300 610 183 8 -8 0
140 292 613 186 0 8 0
140 300 616 189 0 -8 0
140 292 619 192 8 8 0
148 300 622 195 0 -8 0
148 292 625 198 0 0 0
148 292 628 201 8 -8 0
156 284 631 204 0 0 0
156 284 634 207 8 -8 0
164 276 637 210 0 8 0
164 284 640 213 0 -8 0
164 276 643 216 8 -8 0
172 268 646 219 0 8 0
172 276 649 222 0 -8 0
172 268 652 225 8 8 0
180 276 655 228 0 0 0
180 276 658 231 8 0 0
188 276 661 234 0 -8 0
188 268 664 237 0 -8 0
188 260 667 240 8 -8 0
196 252 670 243 0 0 0
196 252 673 246 0 0 0
196 252 676 249 8 0 0
204 252 679 252 0 8 0
204 260 682 255 8 8 0
212 268 685 258 0 -8 0
212 260 688 261 0 0 0
212 260 691 264 8 0 0
220 260 694 267 0 -8 0
220 252 697 270 0 0 0
220 252 700 273 8 0 0
228 252 703 276 0 8 0
228 260 706 279 8 0 0
236 260 709 282 0 8 0
236 268 712 285 0 -8 0
236 260 715 288 8 -8 0
244 252 718 291 0 0 0
244 252 721 294 0 0 0
244 252 724 297 8 -8 0
252 244 727 300 0 0 0
252 244 730 303 8 -8 0
260 236 733 306 0 -8 0
260 228 736 309 0 -8 0
260 220 739 312 8 8 0
268 228 742 315 0 -8 0
268 220 745 318 0 -8 0
268 212 748 321 8 8 0
276 220 751 324 0 8 0
276 228 754 327 8 0 0
284 228 757 330 0 0 0
284 228 760 333 0 0 0
284 228 763 336 8 -8 0
292 220 766 339 0 0 0
292 220 769 342 0 -8 0
292 212 772 345 8 8 0
300 220 775 348 0 8 0
300 228 778 351 8 0 0
308 228 781 354 0 0 1
308 228 781 354 0 0 1
308 228 781 354 0 0 1
308 228 781 354 0 0 1
308 228 781 354 0 0 1
