211 273 652 417 0 0 0
211 273 649 420 8 -8 0
219 265 646 423 8 8 0
227 273 643 426 8 -8 0
235 265 640 429 8 0 0
243 265 637 432 8 8 0
251 273 634 435 8 -8 0
259 265 631 438 8 -8 0
267 257 628 441 8 -8 0
275 249 625 444 8 0 0
283 249 622 447 8 0 0
291 249 619 450 8 -8 0
299 241 616 453 8 8 0
307 249 613 456 8 0 0
315 249 610 459 8 0 0
323 249 607 462 8 -8 0
331 241 604 465 8 -8 0
339 233 601 468 8 8 0
347 241 598 471 8 -8 0
355 233 595 474 8 8 0
363 241 592 477 8 8 0
371 249 589 480 8 0 0
379 249 586 483 8 8 0
387 257 583 486 8 0 0
395 257 580 489 8 0 0
403 257 577 492 8 -8 0
411 249 574 495 8 0 0
419 249 571 498 8 8 0
427 257 568 501 8 0 0
435 257 565 504 8 8 0
443 265 562 507 8 0 0
451 265 559 510 8 0 0
459 265 556 513 8 8 0
467 273 553 516 0 -8 0
467 265 550 519 8 0 0
475 265 547 522 0 8 0
475 273 544 525 0 0 0
475 273 541 528 8 8 0
483 281 538 531 0 8 0
483 289 535 534 8 -8 0
491 281 532 537 0 -8 0
491 273 529 540 0 0 0
491 273 526 543 8 8 0
499 281 523 546 0 8 0
499 289 520 549 0 0 0
499 289 517 552 8 0 0
507 289 514 555 0 0 0
507 289 511 558 8 8 0
515 297 508 561 0 8 0
515 305 505 564 0 -8 0
515 297 502 567 8 8 0
523 305 499 570 0 0 0
523 305 496 573 0 8 0
523 313 493 576 8 0 0
531 313 490 579 0 -8 0
531 305 487 582 8 0 0
539 305 484 585 0 -8 0
539 297 481 588 0 8 0
539 305 478 591 8 0 0
540 305 475 588 0 8 0
540 313 472 585 0 8 0
540 321 469 582 0 8 0
540 329 466 579 0 0 0
540 329 463 576 0 8 0
540 337 460 573 0 -8 0
540 329 457 570 0 -8 0
540 321 454 567 0 8 0
540 329 451 564 0 -8 0
540 321 448 561 0 8 0
540 329 445 558 0 8 0
540 337 442 555 0 0 0
540 337 439 552 0 -8 0
540 329 436 549 0 -8 0
540 321 433 546 0 8 0
540 329 430 543 0 -8 0
540 321 427 540 0 0 0
540 321 424 537 0 8 0
540 329 421 534 0 -8 0
540 321 418 531 0 0 0
540 321 415 528 0 8 0
540 329 412 525 0 8 0
540 337 409 522 0 0 0
540 337 406 519 0 -8 0
540 329 403 516 0 -8 0
540 321 400 513 0 0 0
540 321 397 510 0 0 0
540 321 394 507 0 -8 0
540 313 391 504 0 0 0
540 313 388 501 0 8 0
540 321 385 498 0 8 0
540 329 382 495 0 0 0
540 329 379 492 0 -8 0
540 321 376 489 -8 0 0
532 321 373 486 0 0 0
532 321 370 483 0 0 0
532 321 367 480 -8 0 0
524 321 364 477 0 -8 0
524 313 361 474 0 0 0
524 313 358 471 -8 8 0
516 321 355 468 0 -8 0
516 313 352 465 -8 0 0
508 313 349 462 0 8 0
508 321 346 459 0 8 0
508 329 343 456 -8 0 0
500 329 340 453 0 -8 0
500 321 337 450 0 -8 0
500 313 334 447 -8 8 0
492 321 331 444 0 0 0
492 321 328 441 -8 8 0
484 329 325 438 0 0 0
484 329 322 435 0 0 0
484 329 319 432 -8 -8 0
476 321 316 429 0 8 0
476 329 313 426 0 8 0
476 337 310 423 -8 0 0
468 337 307 420 0 0 0
468 337 304 417 -8 8 0
460 345 301 414 0 8 0
460 353 298 411 0 -8 0
460 345 295 408 -8 -8 0
452 337 292 405 0 0 0
452 337 289 402 0 8 0
452 345 286 399 -8 8 0
444 353 283 396 0 -8 0
444 345 280 393 -8 8 0
436 353 277 390 0 8 0
436 361 274 387 0 8 0
436 369 271 384 -8 8 0
428 377 268 381 0 0 0
428 377 265 378 0 8 0
428 385 262 375 -8 8 0
420 393 259 372 0 8 0
420 401 256 369 -8 -8 0
412 393 253 366 0 8 0
412 401 250 363 0 -8 0
412 393 247 360 -8 8 0
404 401 244 357 0 0 0
404 401 241 354 0 8 0
404 409 238 351 -8 8 0
396 417 235 348 0 -8 0
396 409 232 345 -8 -8 0
388 401 229 342 0 -8 0
388 393 226 339 0 -8 0
388 385 223 336 -8 0 0
380 385 220 333 0 8 0
380 393 217 330 0 0 0
380 393 214 327 -8 -8 0
372 385 211 324 0 0 0
372 385 208 321 -8 8 0
364 393 205 318 0 0 0
364 393 202 315 0 8 0
364 401 199 312 -8 0 0
356 401 196 309 0 0 0
356 401 193 306 0 8 0
356 409 190 303 -8 -8 0
348 401 187 300 0 8 0
348 409 184 297 -8 0 0
340 409 181 294 0 8 0
340 417 178 291 0 -8 0
340 409 175 288 -8 8 0
332 417 172 285 0 8 0
332 425 169 282 0 0 0
332 425 166 279 -8 -8 0
324 417 163 276 0 -8 0
324 409 160 273 -8 8 0
316 417 157 270 0 8 0
316 425 154 267 0 -8 0
316 417 151 264 -8 8 0
308 425 148 261 0 8 0
308 433 145 258 0 0 0
308 433 142 255 -8 8 0
300 441 139 252 0 0 0
300 441 136 249 -8 -8 0
292 433 133 246 0 8 0
292 441 130 243 0 8 0
292 449 127 240 -8 0 0
284 449 124 237 0 -8 0
284 441 121 234 0 -8 0
284 433 118 231 -8 0 0
276 433 115 228 0 -8 0
276 425 112 225 -8 0 0
268 425 109 222 0 -8 0
268 417 106 219 0 0 0
268 417 103 216 -8 0 0
260 417 100 213 0 8 0
260 425 97 210 0 0 0
260 425 94 207 -8 0 0
252 425 91 204 0 8 0
252 433 88 201 -8 0 0
244 433 85 198 0 8 0
244 441 82 195 0 8 0
244 449 79 192 -8 -8 0
236 441 76 189 0 0 0
236 441 73 186 0 -8 0
236 433 70 183 -8 0 0
228 433 67 180 0 -8 0
228 425 64 177 -8 0 0
220 425 61 174 0 -8 0
220 417 58 171 0 -8 0
220 409 55 168 -8 8 0
212 417 52 165 0 0 0
212 417 49 162 0 8 0
212 425 46 159 -8 8 0
204 433 43 156 0 0 0
204 433 40 153 -8 -8 0
196 425 37 150 0 -8 0
196 417 34 147 0 0 0
196 417 31 144 -8 8 0
188 425 28 141 0 0 0
188 425 25 138 0 0 0
188 425 22 135 -8 0 0
180 425 19 132 0 0 0
180 425 22 129 -8 8 0
172 433 25 126 0 0 0
172 433 28 123 0 8 0
172 441 31 120 -8 8 0
164 449 34 117 0 0 0
164 449 37 114 0 -8 0
164 441 40 111 -8 0 0
156 441 43 108 0 0 0
156 441 46 105 -8 0 0
148 441 49 102 0 8 0
148 449 52 99 0 -8 0
148 441 55 96 -8 0 0
140 441 58 93 0 -8 0
140 433 61 90 0 -8 0
140 425 64 87 -8 8 0
132 433 67 84 0 8 0
132 441 70 81 -8 8 0
124 449 73 78 0 0 0
124 449 76 75 0 0 0
124 449 79 72 -8 8 0
116 457 82 69 0 -8 0
116 449 85 66 0 8 0
116 457 88 63 -8 -8 0
108 449 91 60 0 0 0
108 449 94 57 -8 0 0
100 449 97 54 0 0 0
100 449 100 51 0 8 0
100 457 103 48 -8 -8 0
92 449 106 45 0 0 0
92 449 109 42 0 -8 0
92 441 112 39 -8 8 0
84 449 115 36 0 8 0
84 457 118 33 -8 -8 0
76 449 121 30 0 -8 0
76 441 124 27 0 -8 0
76 433 127 24 -8 0 0
68 433 130 21 0 8 0
68 441 133 18 0 0 0
68 441 136 15 -8 0 0
60 441 139 12 0 8 0
60 449 142 9 -8 8 0
60 457 145 12 0 -8 0
60 449 148 15 0 -8 0
60 441 151 18 0 8 0
60 449 154 21 0 -8 0
60 441 157 24 0 0 0
60 441 160 27 0 8 0
60 449 163 30 0 8 0
60 457 166 33 0 8 0
60 465 169 36 0 0 0
60 465 172 39 0 8 0
60 473 175 42 0 -8 0
60 465 178 45 0 8 0
60 473 181 48 0 8 0
60 481 184 51 0 -8 0
60 473 187 54 0 0 0
60 473 190 57 0 -8 0
60 465 193 60 0 -8 0
60 457 196 63 0 8 0
60 465 199 66 0 8 0
60 473 202 69 0 -8 0
60 465 205 72 0 8 0
60 473 208 75 0 -8 0
60 465 211 78 0 -8 0
60 457 214 81 0 -8 0
60 449 217 84 0 8 0
60 457 220 87 0 0 0
60 457 223 90 0 0 0
60 457 226 93 0 0 0
60 457 229 96 0 0 0
60 457 232 99 0 -8 0
60 449 235 102 0 -8 0
60 441 238 105 0 0 0
60 441 241 108 0 -8 0
60 433 244 111 8 0 0
68 433 247 114 0 0 0
68 433 250 117 0 -8 0
68 425 253 120 8 8 0
76 433 256 123 0 0 0
76 433 259 126 0 0 0
76 433 262 129 8 8 0
84 441 265 132 0 0 0
84 441 268 135 8 8 0
92 449 271 138 0 0 0
92 449 274 141 0 0 0
92 449 277 144 8 -8 0
100 441 280 147 0 8 0
100 449 283 150 0 0 0
100 449 286 153 8 0 0
108 449 289 156 0 0 0
108 449 292 159 8 0 0
116 449 295 162 0 -8 0
116 441 298 165 0 8 0
116 449 301 168 8 0 0
124 449 304 171 0 0 0
124 449 307 174 0 0 0
124 449 310 177 8 -8 0
132 441 313 180 0 0 0
132 441 316 183 8 0 0
140 441 319 186 0 0 0
140 441 322 189 0 0 0
140 441 325 192 8 8 0
148 449 328 195 0 8 0
148 457 331 198 0 8 0
148 465 334 201 8 -8 0
156 457 337 204 0 0 0
156 457 340 207 8 8 0
164 465 343 210 0 -8 0
164 457 346 213 0 8 0
164 465 349 216 8 -8 0
172 457 352 219 0 0 0
172 457 355 222 0 -8 0
172 449 358 225 8 -8 0
180 441 361 228 0 0 0
180 441 364 231 8 8 0
188 449 367 234 0 8 0
188 457 370 237 0 8 0
188 465 373 240 8 -8 0
196 457 376 243 0 -8 0
196 449 379 246 0 -8 0
196 441 382 249 8 0 0
204 441 385 252 0 -8 0
204 433 388 255 8 8 0
212 441 391 258 0 0 0
212 441 394 261 0 -8 0
212 433 397 264 8 8 0
220 441 400 267 0 -8 0
220 433 403 270 0 8 0
220 441 406 273 8 -8 0
228 433 409 276 0 8 0
228 441 412 279 8 8 0
236 449 415 282 0 0 0
236 449 418 285 0 -8 0
236 441 421 288 8 0 0
244 441 424 291 0 -8 0
244 433 427 294 0 -8 0
244 425 430 297 8 -8 0
252 417 433 300 0 -8 0
252 409 436 303 8 8 0
260 417 439 306 0 8 0
260 425 442 309 0 8 0
260 433 445 312 8 0 0
268 433 448 315 0 8 0
268 441 451 318 0 8 0
268 449 454 321 8 0 0
276 449 457 324 0 0 0
276 449 460 327 8 -8 0
284 441 463 330 0 8 0
284 449 466 333 0 0 0
284 449 469 336 8 8 0
292 457 472 339 0 8 0
292 465 475 342 0 0 0
292 465 478 345 8 0 0
300 465 481 348 0 8 0
300 473 484 351 8 0 0
308 473 487 354 0 8 0
308 481 490 357 0 8 0
308 489 493 360 8 8 0
316 497 496 363 0 8 0
316 505 499 366 0 8 0
316 513 502 369 8 -8 0
324 505 505 372 0 8 0
324 513 508 375 8 -8 0
332 505 511 378 0 0 0
332 505 514 381 0 -8 0
332 497 517 384 8 -8 0
340 489 520 387 0 -8 0
340 481 523 390 0 8 0
340 489 526 393 8 -8 0
348 481 529 396 0 8 0
348 489 532 399 8 8 0
356 497 535 402 0 8 0
356 505 538 405 0 8 0
356 513 541 408 8 0 0
364 513 544 411 0 -8 0
364 505 547 414 0 -8 0
364 497 550 417 8 0 0
372 497 553 420 0 -8 0
372 489 556 423 8 -8 0
380 481 559 426 0 0 0
380 481 562 429 0 -8 0
380 473 565 432 8 8 0
388 481 568 435 0 8 0
388 489 571 438 0 8 0
388 497 574 441 8 -8 0
396 489 577 444 0 -8 0
396 481 580 447 8 0 0
404 481 583 450 0 -8 0
404 473 586 453 0 0 0
404 473 589 456 8 -8 0
412 465 592 459 0 0 0
412 465 595 462 0 -8 0
412 457 598 465 8 0 0
420 457 601 468 0 8 0
420 465 604 471 8 0 0
428 465 607 474 0 0 0
428 465 610 477 0 0 0
428 465 613 480 8 0 0
436 465 616 483 0 8 0
436 473 619 486 0 0 0
436 473 622 489 8 0 0
444 473 625 492 0 -8 0
444 465 628 495 8 8 0
452 473 631 498 0 0 0
452 473 634 501 0 0 0
452 473 637 504 8 0 0
460 473 640 507 0 8 0
460 481 643 510 0 -8 0
460 473 646 513 8 8 0
468 481 649 516 0 0 0
468 481 652 519 8 8 0
476 489 655 522 0 -8 0
476 481 658 525 0 8 0
476 489 661 528 8 -8 0
484 481 664 531 0 8 0
484 489 667 534 0 -8 0
484 481 670 537 8 8 0
492 489 673 540 0 0 0
492 489 676 543 8 -8 0
500 481 679 546 0 0 0
500 481 682 549 0 0 0
500 481 685 552 8 8 0
508 489 688 555 0 0 0
508 489 691 558 0 8 0
508 497 694 561 8 8 0
516 505 697 564 0 8 0
516 513 700 567 8 0 0
524 513 703 570 0 0 0
524 513 706 573 0 0 0
524 513 709 576 8 0 0
532 513 712 579 0 0 0
532 513 715 582 0 0 0
532 513 718 585 8 8 0
540 521 721 588 0 8 0
540 529 724 591 8 8 0
540 537 727 588 0 8 0
540 540 730 585 0 -8 0
540 532 733 582 0 0 0
540 532 736 579 0 -8 0
540 524 739 576 0 0 0
540 524 742 573 0 -8 0
540 516 745 570 0 0 0
540 516 748 567 0 8 0
540 524 751 564 0 0 0
540 524 754 561 0 8 0
540 532 757 558 0 8 0
540 540 760 555 0 8 0
540 540 763 552 0 8 0
540 540 766 549 0 8 0
540 540 769 546 0 -8 0
540 532 772 543 0 -8 0
540 524 775 540 0 -8 0
540 516 778 537 0 -8 0
540 508 781 534 0 8 0
540 516 778 531 0 -8 0
540 508 775 528 0 8 0
540 516 772 525 0 8 0
540 524 769 522 0 -8 0
540 516 766 519 0 8 0
540 524 763 516 0 -8 0
540 516 760 513 0 8 0
540 524 757 510 0 8 0
540 532 754 507 0 -8 0
540 524 751 504 0 -8 0
540 516 748 501 0 -8 0
540 508 745 498 0 0 0
540 508 742 495 0 0 0
540 508 739 492 0 -8 0
540 500 736 489 -8 8 0
532 508 733 486 0 0 0
532 508 730 483 0 0 0
532 508 727 480 -8 -8 0
524 500 724 477 0 8 0
524 508 721 474 0 -8 0
524 500 718 471 -8 -8 0
516 492 715 468 0 0 0
516 492 712 465 -8 -8 0
508 484 709 462 0 0 0
508 484 706 459 0 8 0
508 492 703 456 -8 8 0
500 500 700 453 0 -8 0
500 492 697 450 0 8 0
500 500 694 447 -8 8 0
492 508 691 444 0 -8 0
492 500 688 441 -8 0 0
484 500 685 438 0 8 0
484 508 682 435 0 0 0
484 508 679 432 -8 -8 0
476 500 676 429 0 -8 0
476 492 673 426 0 -8 0
476 484 670 423 -8 0 0
468 484 667 420 0 0 0
468 484 664 417 -8 -8 0
460 476 661 414 0 -8 0
460 468 658 411 0 8 0
460 476 655 408 -8 -8 0
452 468 652 405 0 -8 0
452 460 649 402 0 8 0
452 468 646 399 -8 8 0
444 476 643 396 0 -8 0
444 468 640 393 -8 -8 0
436 460 637 390 0 -8 0
436 452 634 387 0 0 0
436 452 631 384 -8 -8 0
428 444 628 381 0 0 0
428 444 625 378 0 8 0
428 452 622 375 -8 8 0
420 460 619 372 0 8 0
420 468 616 369 -8 -8 0
412 460 613 366 0 8 0
412 468 610 363 0 8 0
412 476 607 360 -8 -8 0
404 468 604 357 0 -8 0
404 460 601 354 0 0 0
404 460 598 351 -8 -8 0
396 452 595 348 0 -8 0
396 444 592 345 -8 0 0
388 444 589 342 0 0 0
388 444 586 339 0 8 0
388 452 583 336 -8 -8 0
380 444 580 333 0 8 0
380 452 577 330 0 8 0
380 460 574 327 -8 -8 0
372 452 571 324 0 0 0
372 452 568 321 -8 8 0
364 460 565 318 0 8 0
364 468 562 315 0 8 0
364 476 559 312 -8 8 0
356 484 556 309 0 -8 0
356 476 553 306 0 0 0
356 476 550 303 -8 0 0
348 476 547 300 0 -8 0
348 468 544 297 -8 8 0
340 476 541 294 0 -8 0
340 468 538 291 0 -8 0
340 460 535 288 -8 0 0
332 460 532 285 0 8 0
332 468 529 282 0 0 0
332 468 526 279 -8 -8 0
324 460 523 276 0 8 0
324 468 520 273 -8 0 0
316 468 517 270 0 -8 0
316 460 514 267 0 -8 0
316 452 511 264 -8 0 0
308 452 508 261 0 0 0
308 452 505 258 0 0 0
308 452 502 255 -8 8 0
300 460 499 252 0 8 0
300 468 496 249 -8 8 0
292 476 493 246 0 -8 0
292 468 490 243 0 0 0
292 468 487 240 -8 -8 0
284 460 484 237 0 8 0
284 468 481 234 0 -8 0
284 460 478 231 -8 0 0
276 460 475 228 0 -8 0
276 452 472 225 -8 0 0
268 452 469 222 0 0 0
268 452 466 219 0 8 0
268 460 463 216 -8 8 0
260 468 460 213 0 -8 0
260 460 457 210 0 0 0
260 460 454 207 -8 0 0
252 460 451 204 0 0 0
252 460 448 201 -8 -8 0
244 452 445 198 0 -8 0
244 444 442 195 0 0 0
244 444 439 192 -8 0 0
236 444 436 189 0 0 0
236 444 433 186 0 8 0
236 452 430 183 -8 -8 0
228 444 427 180 0 -8 0
228 436 424 177 -8 -8 0
220 428 421 174 0 0 0
220 428 418 171 0 8 0
220 436 415 168 -8 0 0
212 436 412 165 0 -8 0
212 428 409 162 0 0 0
212 428 406 159 -8 -8 0
204 420 403 156 0 0 0
204 420 400 153 -8 -8 0
196 412 397 150 0 8 0
196 420 394 147 0 -8 0
196 412 391 144 -8 0 0
188 412 388 141 0 0 0
188 412 385 138 0 0 0
188 412 382 135 -8 0 0
180 412 379 132 0 8 0
180 420 376 129 -8 -8 0
172 412 373 126 0 0 0
172 412 370 123 0 0 0
172 412 367 120 -8 -8 0
164 404 364 117 0 8 0
164 412 361 114 0 8 0
164 420 358 111 -8 0 0
156 420 355 108 0 8 0
156 428 352 105 -8 -8 0
148 420 349 102 0 8 0
148 428 346 99 0 -8 0
148 420 343 96 -8 -8 0
140 412 340 93 0 -8 0
140 404 337 90 0 -8 0
140 396 334 87 -8 -8 0
132 388 331 84 0 8 0
132 396 328 81 -8 -8 0
124 388 325 78 0 8 0
124 396 322 75 0 -8 0
124 388 319 72 -8 0 0
116 388 316 69 0 8 0
116 396 313 66 0 8 0
116 404 310 63 -8 -8 0
108 396 307 60 0 -8 0
108 388 304 57 -8 0 0
100 388 301 54 0 8 0
100 396 298 51 0 -8 0
100 388 295 48 -8 -8 0
92 380 292 45 0 0 0
92 380 289 42 0 0 0
92 380 286 39 -8 8 0
84 388 283 36 0 -8 0
84 380 280 33 -8 -8 0
76 372 277 30 0 0 0
76 372 274 27 0 8 0
76 380 271 24 -8 8 0
68 388 268 21 0 8 0
68 396 265 18 0 0 0
68 396 262 15 -8 8 0
60 404 259 12 0 -8 0
60 396 256 9 -8 0 0
60 396 253 12 0 8 0
60 404 250 15 0 -8 0
60 396 247 18 0 8 0
60 404 244 21 0 8 0
60 412 241 24 0 -8 0
60 404 238 27 0 -8 0
60 396 235 30 0 8 0
60 404 232 33 0 0 0
60 404 229 36 0 8 0
60 412 226 39 0 -8 0
60 404 223 42 0 -8 0
60 396 220 45 0 0 0
60 396 217 48 0 8 0
60 404 214 51 0 8 0
60 412 211 54 0 -8 0
60 404 208 57 0 8 0
60 412 205 60 0 8 0
60 420 202 63 0 8 0
60 428 199 66 0 0 0
60 428 196 69 0 -8 0
60 420 193 72 0 0 0
60 420 190 75 0 8 0
60 428 187 78 0 0 0
60 428 184 81 0 0 0
60 428 181 84 0 -8 0
60 420 178 87 0 0 0
60 420 175 90 0 -8 0
60 412 172 93 0 -8 0
60 404 169 96 0 0 0
60 404 166 99 0 -8 0
60 396 163 102 0 0 0
60 396 160 105 0 8 0
60 404 157 108 0 -8 0
60 396 154 111 8 0 0
68 396 151 114 0 -8 0
68 388 148 117 0 8 0
68 396 145 120 8 0 0
76 396 142 123 0 -8 0
76 388 139 126 0 8 0
76 396 136 129 8 0 0
84 396 133 132 0 -8 0
84 388 130 135 8 0 0
92 388 127 138 0 -8 0
92 380 124 141 0 8 0
92 388 121 144 8 0 0
100 388 118 147 0 -8 0
100 380 115 150 0 8 0
100 388 112 153 8 8 0
108 396 109 156 0 -8 0
108 388 106 159 8 -8 0
116 380 103 162 0 -8 0
116 372 100 165 0 8 0
116 380 97 168 8 8 0
124 388 94 171 0 0 0
124 388 91 174 0 8 0
124 396 88 177 8 0 0
132 396 85 180 0 -8 0
132 388 82 183 8 8 0
140 396 79 186 0 -8 0
140 388 76 189 0 0 0
140 388 73 192 8 8 0
148 396 70 195 0 -8 0
148 388 67 198 0 0 0
148 388 64 201 8 8 0
156 396 61 204 0 8 0
156 404 58 207 8 8 0
164 412 55 210 0 -8 0
164 404 52 213 0 8 0
164 412 49 216 8 -8 0
172 404 46 219 0 8 0
172 412 43 222 0 8 0
172 420 40 225 8 8 0
180 428 37 228 0 8 0
180 436 34 231 8 -8 0
188 428 31 234 0 -8 0
188 420 28 237 0 0 0
188 420 25 240 8 0 0
196 420 22 243 0 8 0
196 428 19 246 0 -8 0
196 420 22 249 8 0 0
204 420 25 252 0 -8 0
204 412 28 255 8 8 0
212 420 31 258 0 0 0
212 420 34 261 0 0 0
212 420 37 264 8 8 0
220 428 40 267 0 0 0
220 428 43 270 0 0 0
220 428 46 273 8 -8 0
228 420 49 276 0 -8 0
228 412 52 279 8 0 0
236 412 55 282 0 -8 0
236 404 58 285 0 -8 0
236 396 61 288 8 0 0
244 396 64 291 0 -8 0
244 388 67 294 0 -8 0
244 380 70 297 8 -8 0
252 372 73 300 0 -8 0
252 364 76 303 8 -8 0
260 356 79 306 0 -8 0
260 348 82 309 0 8 0
260 356 85 312 8 -8 0
268 348 88 315 0 8 0
268 356 91 318 0 8 0
268 364 94 321 8 0 0
276 364 97 324 0 0 0
276 364 100 327 8 8 0
284 372 103 330 0 0 0
284 372 106 333 0 0 0
284 372 109 336 8 0 0
292 372 112 339 0 -8 0
292 364 115 342 0 -8 0
292 356 118 345 8 -8 0
300 348 121 348 0 8 0
300 356 124 351 8 8 0
308 364 127 354 0 8 0
308 372 130 357 0 -8 0
308 364 133 360 8 -8 0
316 356 136 363 0 0 0
316 356 139 366 0 8 0
316 364 142 369 8 -8 0
324 356 145 372 0 0 0
324 356 148 375 8 8 0
332 364 151 378 0 8 0
332 372 154 381 0 8 0
332 380 157 384 8 0 0
340 380 160 387 0 8 0
340 388 163 390 0 8 0
340 396 166 393 8 -8 0
348 388 169 396 0 8 0
348 396 172 399 8 8 0
356 404 175 402 0 8 0
356 412 178 405 0 0 0
356 412 181 408 8 0 0
364 412 184 411 0 -8 0
364 404 187 414 0 -8 0
364 396 190 417 8 8 0
372 404 193 420 0 -8 0
372 396 196 423 8 0 0
380 396 199 426 0 8 0
380 404 202 429 0 0 0
380 404 205 432 8 -8 0
388 396 208 435 0 0 0
388 396 211 438 0 8 0
388 404 214 441 8 -8 0
396 396 217 444 0 -8 0
396 388 220 447 8 8 0
404 396 223 450 0 8 0
404 404 226 453 0 -8 0
404 396 229 456 8 -8 0
412 388 232 459 0 0 0
412 388 235 462 0 8 0
412 396 238 465 8 -8 0
420 388 241 468 0 8 0
420 396 244 471 8 0 0
428 396 247 474 0 8 0
428 404 250 477 0 0 0
428 404 253 480 8 0 0
436 404 256 483 0 8 0
436 412 259 486 0 8 0
436 420 262 489 8 -8 0
444 412 265 492 0 8 0
444 420 268 495 8 8 0
452 428 271 498 0 8 0
452 436 274 501 0 -8 0
452 428 277 504 8 8 0
460 436 280 507 0 0 0
460 436 283 510 0 -8 0
460 428 286 513 8 0 0
468 428 289 516 0 8 0
468 436 292 519 8 8 0
476 444 295 522 0 8 0
476 452 298 525 0 8 0
476 460 301 528 8 0 0
484 460 304 531 0 0 0
484 460 307 534 0 8 0
484 468 310 537 8 0 0
492 468 313 540 0 8 0
492 476 316 543 8 -8 0
500 468 319 546 0 8 0
500 476 322 549 0 -8 0
500 468 325 552 8 -8 0
508 460 328 555 0 0 0
508 460 331 558 0 0 0
508 460 334 561 8 0 0
516 460 337 564 0 8 0
516 468 340 567 8 8 0
524 476 343 570 0 8 0
524 484 346 573 0 8 0
524 492 349 576 8 0 0
532 492 352 579 0 0 0
532 492 355 582 0 8 0
532 500 358 585 8 0 0
540 500 361 588 0 0 0
540 500 364 591 8 8 0
540 508 367 588 0 8 0
540 516 370 585 0 -8 0
540 508 373 582 0 -8 0
540 500 376 579 0 0 0
540 500 379 576 0 0 0
540 500 382 573 0 8 0
540 508 385 570 0 8 0
540 516 388 567 0 0 0
540 516 391 564 0 8 0
540 524 394 561 0 8 0
540 532 397 558 0 8 0
540 540 400 555 0 8 0
540 540 403 552 0 0 0
540 540 406 549 0 8 0
540 540 409 546 0 8 0
540 540 412 543 0 8 0
540 540 415 540 0 8 0
540 540 418 537 0 8 0
540 540 421 534 0 -8 0
540 532 424 531 0 0 0
540 532 427 528 0 0 0
540 532 430 525 0 0 0
540 532 433 522 0 0 0
540 532 436 519 0 8 0
540 540 439 516 0 -8 0
540 532 442 513 0 0 0
540 532 445 510 0 -8 0
540 524 448 507 0 0 0
540 524 451 504 0 0 0
540 524 454 501 0 -8 0
540 516 457 498 0 0 0
540 516 460 495 0 -8 0
540 508 463 492 0 -8 0
540 500 466 489 -8 -8 0
532 492 469 486 0 8 0
532 500 472 483 0 8 0
532 508 475 480 -8 -8 0
524 500 478 477 0 -8 0
524 492 481 474 0 0 0
524 492 484 471 -8 -8 0
516 484 487 468 0 -8 0
516 476 490 465 -8 -8 0
508 468 493 462 0 8 0
508 476 496 459 0 -8 0
508 468 499 456 -8 8 0
500 476 502 453 0 0 0
500 476 505 450 0 0 0
500 476 508 447 -8 8 0
492 484 511 444 0 0 0
492 484 514 441 -8 -8 0
484 476 517 438 0 0 0
484 476 520 435 0 0 0
484 476 523 432 -8 -8 0
476 468 526 429 0 8 0
476 476 529 426 0 0 0
476 476 532 423 -8 8 0
468 484 535 420 0 -8 0
468 476 538 417 -8 8 0
460 484 541 414 0 0 0
460 484 544 411 0 0 0
460 484 547 408 -8 0 0
452 484 550 405 0 8 0
452 492 553 402 0 0 0
452 492 556 399 -8 8 0
444 500 559 396 0 -8 0
444 492 562 393 -8 0 0
436 492 565 390 0 8 0
436 500 568 387 0 -8 0
436 492 571 384 -8 -8 0
428 484 574 381 0 8 0
428 492 577 378 0 -8 0
428 484 580 375 -8 0 0
420 484 583 372 0 -8 0
420 476 586 369 -8 -8 0
412 468 589 366 0 0 0
412 468 592 363 0 0 0
412 468 595 360 -8 8 0
404 476 598 357 0 -8 0
404 468 601 354 0 -8 0
404 460 604 351 -8 -8 0
396 452 607 348 0 -8 0
396 444 610 345 -8 0 0
388 444 613 342 0 8 0
388 452 616 339 0 8 0
388 460 619 336 -8 8 0
380 468 622 333 0 8 0
380 476 625 330 0 0 0
380 476 628 327 -8 -8 0
372 468 631 324 0 -8 0
372 460 634 321 -8 0 0
364 460 637 318 0 8 0
364 468 640 315 0 8 0
364 476 643 312 -8 0 0
356 476 646 309 0 -8 0
356 468 649 306 0 -8 0
356 460 652 303 -8 0 0
348 460 655 300 0 8 0
348 468 658 297 -8 0 0
340 468 661 294 0 8 0
340 476 664 291 0 8 0
340 484 667 288 -8 0 0
332 484 670 285 0 0 0
332 484 673 282 0 0 0
332 484 676 279 -8 0 0
324 484 679 276 0 8 0
324 492 682 273 -8 -8 0
316 484 685 270 0 0 0
316 484 688 267 0 -8 0
316 476 691 264 -8 0 0
308 476 694 261 0 -8 0
308 468 697 258 0 0 0
308 468 700 255 -8 -8 0
300 460 703 252 0 8 0
300 468 706 249 -8 8 0
292 476 709 246 0 8 0
292 484 712 243 0 -8 0
292 476 715 240 -8 8 0
284 484 718 237 0 8 0
284 492 721 234 0 0 0
284 492 724 231 -8 -8 0
276 484 727 228 0 -8 0
276 476 730 225 -8 0 0
268 476 733 222 0 8 0
268 484 736 219 0 0 0
268 484 739 216 -8 -8 0
260 476 742 213 0 0 0
260 476 745 210 0 8 0
260 484 748 207 -8 0 0
252 484 751 204 0 8 0
252 492 754 201 -8 8 0
244 500 757 198 0 8 0
244 508 760 195 0 0 0
244 508 763 192 -8 8 0
236 516 766 189 0 8 0
236 524 769 186 0 -8 0
236 516 772 183 -8 -8 0
228 508 775 180 0 8 0
228 516 778 177 -8 0 0
220 516 781 174 0 0 1
220 516 781 174 0 0 1
220 516 781 174 0 0 1
220 516 781 174 0 0 1
220 516 781 174 0 0 1
