297 378 109 366 0 0 0
297 378 112 363 8 0 0
305 378 115 360 8 -8 0
313 370 118 357 0 0 0
313 370 121 354 0 8 0
313 378 124 351 0 -8 0
313 370 127 348 0 -8 0
313 362 130 345 0 -8 0
313 354 133 342 0 0 0
313 354 136 339 0 8 0
313 362 139 336 0 0 0
313 362 142 333 0 8 0
313 370 145 330 0 0 0
313 370 148 327 0 8 0
313 378 151 324 0 8 0
313 386 154 321 0 8 0
313 394 157 318 0 0 0
313 394 160 315 0 0 0
313 394 163 312 0 0 0
313 394 166 309 0 0 0
313 394 169 306 0 0 0
313 394 172 303 0 0 0
313 394 175 300 0 -8 0
313 386 178 297 0 -8 0
313 378 181 294 0 -8 0
313 370 184 291 0 0 0
313 370 187 288 0 0 0
313 370 190 285 0 -8 0
313 362 193 282 0 -8 0
313 354 196 279 0 0 0
313 354 199 276 0 -8 0
313 346 202 273 0 0 0
313 346 205 270 0 8 0
313 354 208 267 0 0 0
313 354 211 264 0 8 0
313 362 214 261 -8 0 0
305 362 217 258 0 8 0
305 370 220 255 0 0 0
305 370 223 252 -8 -8 0
297 362 226 249 0 -8 0
297 354 229 246 -8 8 0
289 362 232 243 0 -8 0
289 354 235 240 0 0 0
289 354 238 237 -8 0 0
281 354 241 234 0 -8 0
281 346 244 231 0 0 0
281 346 247 228 -8 -8 0
273 338 250 225 0 0 0
273 338 253 222 -8 0 0
265 338 256 219 0 8 0
265 346 259 216 0 8 0
265 354 262 213 -8 0 0
257 354 265 210 0 -8 0
257 346 268 207 0 8 0
257 354 271 204 -8 -8 0
249 346 274 201 0 8 0
249 354 277 198 -8 -8 0
241 346 280 195 0 -8 0
241 338 283 192 0 0 0
241 338 286 189 -8 0 0
233 338 289 186 0 0 0
233 338 292 183 0 8 0
233 346 295 180 -8 0 0
225 346 298 177 0 8 0
225 354 301 174 -8 -8 0
217 346 304 171 0 -8 0
217 338 307 168 0 8 0
217 346 310 165 -8 0 0
209 346 313 162 0 -8 0
209 338 316 159 0 0 0
209 338 319 156 -8 -8 0
201 330 322 153 0 0 0
201 330 325 150 -8 -8 0
193 322 328 147 0 0 0
193 322 331 144 0 8 0
193 330 334 141 -8 0 0
185 330 337 138 0 8 0
185 338 340 135 0 0 0
185 338 343 132 -8 8 0
177 346 346 129 0 0 0
177 346 349 126 -8 -8 0
169 338 352 123 0 -8 0
169 330 355 120 0 0 0
169 330 358 117 -8 -8 0
161 322 361 114 0 0 0
161 322 364 111 0 -8 0
161 314 367 108 -8 8 0
153 322 370 105 0 0 0
153 322 373 102 -8 0 0
145 322 376 99 0 0 0
145 322 379 96 0 0 0
145 322 382 93 -8 -8 0
137 314 385 90 0 8 0
137 322 388 87 0 8 0
137 330 391 84 -8 -8 0
129 322 394 81 0 8 0
129 330 397 78 -8 0 0
121 330 400 75 0 8 0
121 338 403 72 0 -8 0
121 330 406 69 -8 -8 0
113 322 409 66 0 8 0
113 330 412 63 0 -8 0
113 322 415 60 -8 0 0
105 322 418 57 0 8 0
105 330 421 54 -8 -8 0
97 322 424 51 0 -8 0
97 314 427 48 0 -8 0
97 306 430 45 -8 0 0
89 306 433 42 0 0 0
89 306 436 39 0 8 0
89 314 439 36 -8 -8 0
81 306 442 33 0 8 0
81 314 445 30 -8 -8 0
73 306 448 27 0 8 0
73 314 451 24 0 0 0
73 314 454 21 -8 -8 0
65 306 457 18 0 -8 0
65 298 460 15 0 8 0
65 306 463 12 -8 -8 0
60 298 466 9 -8 -8 0
60 290 469 12 0 0 0
60 290 472 15 0 0 0
60 290 475 18 0 0 0
60 290 478 21 0 -8 0
60 282 481 24 0 -8 0
60 274 484 27 0 0 0
60 274 487 30 0 -8 0
60 266 490 33 0 8 0
60 274 493 36 0 8 0
60 282 496 39 0 -8 0
60 274 499 42 0 -8 0
60 266 502 45 0 8 0
60 274 505 48 0 8 0
60 282 508 51 0 0 0
60 282 511 54 0 8 0
60 290 514 57 0 0 0
60 290 517 60 0 -8 0
60 282 520 63 0 0 0
60 282 523 66 0 0 0
60 282 526 69 0 8 0
60 290 529 72 0 0 0
60 290 532 75 0 -8 0
60 282 535 78 0 0 0
60 282 538 81 0 8 0
60 290 541 84 0 -8 0
60 282 544 87 0 -8 0
60 274 547 90 0 -8 0
60 266 550 93 0 8 0
60 274 553 96 0 -8 0
60 266 556 99 0 -8 0
60 258 559 102 0 0 0
60 258 562 105 0 8 0
60 266 565 108 0 -8 0
60 258 568 111 8 8 0
68 266 571 114 0 8 0
68 274 574 117 0 -8 0
68 266 577 120 8 8 0
76 274 580 123 0 8 0
76 282 583 126 0 -8 0
76 274 586 129 8 -8 0
84 266 589 132 0 8 0
84 274 592 135 8 0 0
92 274 595 138 0 8 0
92 282 598 141 0 -8 0
92 274 601 144 8 8 0
100 282 604 147 0 -8 0
100 274 607 150 0 -8 0
100 266 610 153 8 0 0
108 266 613 156 0 0 0
108 266 616 159 8 8 0
116 274 619 162 0 -8 0
116 266 622 165 0 0 0
116 266 625 168 8 0 0
124 266 628 171 0 8 0
124 274 631 174 0 0 0
124 274 634 177 8 0 0
132 274 637 180 0 0 0
132 274 640 183 8 8 0
140 282 643 186 0 8 0
140 290 646 189 0 8 0
140 298 649 192 8 0 0
148 298 652 195 0 -8 0
148 290 655 198 0 0 0
148 290 658 201 8 -8 0
156 282 661 204 0 0 0
156 282 664 207 8 -8 0
164 274 667 210 0 -8 0
164 266 670 213 0 -8 0
164 258 673 216 8 0 0
172 258 676 219 0 -8 0
172 250 679 222 0 0 0
172 250 682 225 8 0 0
180 250 685 228 0 0 0
180 250 688 231 8 0 0
188 250 691 234 0 8 0
188 258 694 237 0 -8 0
188 250 697 240 8 8 0
196 258 700 243 0 0 0
196 258 703 246 0 0 0
196 258 706 249 8 0 0
204 258 709 252 0 -8 0
204 250 712 255 8 0 0
212 250 715 258 0 0 0
212 250 718 261 0 0 0
212 250 721 264 8 8 0
220 258 724 267 0 0 0
220 258 727 270 0 8 0
220 266 730 273 8 -8 0
228 258 733 276 0 8 0
228 266 736 279 8 -8 0
236 258 739 282 0 -8 0
236 250 742 285 0 -8 0
236 242 745 288 8 -8 0
244 234 748 291 0 0 0
244 234 751 294 0 -8 0
244 226 754 297 8 0 0
252 226 757 300 0 8 0
252 234 760 303 8 0 0
260 234 763 306 0 -8 0
260 226 766 309 0 -8 0
260 218 769 312 8 0 0
268 218 772 315 0 0 0
268 218 775 318 0 0 0
268 218 778 321 8 8 0
276 226 781 324 0 0 1
276 226 781 324 0 0 1
276 226 781 324 0 0 1
276 226 781 324 0 0 1
276 226 781 324 0 0 1
