180 217 382 210 0 0 0
180 217 379 213 0 0 0
180 217 376 216 0 8 0
180 225 373 219 0 -8 0
180 217 370 222 0 -8 0
180 209 367 225 0 -8 0
180 201 364 228 0 -8 0
180 193 361 231 8 0 0
188 193 358 234 0 -8 0
188 185 355 237 0 0 0
188 185 352 240 8 8 0
196 193 349 243 0 0 0
196 193 346 246 0 -8 0
196 185 343 249 8 0 0
204 185 340 252 0 8 0
204 193 337 255 8 -8 0
212 185 334 258 0 0 0
212 185 331 261 0 8 0
212 193 328 264 8 -8 0
220 185 325 267 0 -8 0
220 177 322 270 0 -8 0
220 169 319 273 8 8 0
228 177 316 276 0 -8 0
228 169 313 279 8 8 0
236 177 310 282 0 8 0
236 185 307 285 0 0 0
236 185 304 288 8 -8 0
244 177 301 291 0 8 0
244 185 298 294 0 -8 0
244 177 295 297 8 8 0
252 185 292 300 0 8 0
252 193 289 303 8 0 0
260 193 286 306 0 8 0
260 201 283 309 0 0 0
260 201 280 312 8 8 0
268 209 277 315 0 8 0
268 217 274 318 0 -8 0
268 209 271 321 8 -8 0
276 201 268 324 0 8 0
276 209 265 327 8 8 0
284 217 262 330 0 0 0
284 217 259 333 0 -8 0
284 209 256 336 8 0 0
292 209 253 339 0 0 0
292 209 250 342 0 0 0
292 209 247 345 8 8 0
300 217 244 348 0 -8 0
300 209 241 351 8 0 0
308 209 238 354 0 0 0
308 209 235 357 0 0 0
308 209 232 360 8 8 0
316 217 229 363 0 8 0
316 225 226 366 0 -8 0
316 217 223 369 8 -8 0
324 209 220 372 0 8 0
324 217 217 375 8 0 0
332 217 214 378 0 8 0
332 225 211 381 0 0 0
332 225 208 384 8 0 0
340 225 205 387 0 -8 0
340 217 202 390 0 8 0
340 225 199 393 8 -8 0
348 217 196 396 0 -8 0
348 209 193 399 8 8 0
356 217 190 402 0 -8 0
356 209 187 405 0 0 0
356 209 184 408 8 -8 0
364 201 181 411 0 8 0
364 209 178 414 0 -8 0
364 201 175 417 8 -8 0
372 193 172 420 0 -8 0
372 185 169 423 8 0 0
380 185 166 426 0 8 0
380 193 163 429 0 -8 0
380 185 160 432 8 8 0
388 193 157 435 0 8 0
388 201 154 438 0 8 0
388 209 151 441 8 0 0
396 209 148 444 0 -8 0
396 201 145 447 8 -8 0
404 193 142 450 0 8 0
404 201 139 453 0 8 0
404 209 136 456 8 8 0
412 217 133 459 0 -8 0
412 209 130 462 0 -8 0
412 201 127 465 8 0 0
420 201 124 468 0 8 0
420 209 121 471 8 0 0
428 209 118 474 0 -8 0
428 201 115 477 0 0 0
428 201 112 480 8 0 0
436 201 109 483 0 0 0
436 201 106 486 0 8 0
436 209 103 489 8 -8 0
444 201 100 492 0 -8 0
444 193 97 495 8 -8 0
452 185 94 498 0 8 0
452 193 91 501 0 -8 0
452 185 88 504 8 8 0
460 193 85 507 0 -8 0
460 185 82 510 0 -8 0
460 177 79 513 8 -8 0
468 169 76 516 0 8 0
468 177 73 519 8 0 0
476 177 70 522 0 8 0
476 185 67 525 0 0 0
476 185 64 528 8 -8 0
484 177 61 531 0 0 0
484 177 58 534 0 -8 0
484 169 55 537 8 8 0
492 177 52 540 0 0 0
492 177 49 543 8 0 0
500 177 46 546 0 8 0
500 185 43 549 0 0 0
500 185 40 552 8 0 0
508 185 37 555 0 0 0
508 185 34 558 0 -8 0
508 177 31 561 8 -8 0
516 169 28 564 0 0 0
516 169 25 567 8 8 0
524 177 22 570 0 -8 0
524 169 19 573 0 -8 0
524 161 22 576 8 8 0
532 169 25 579 0 -8 0
532 161 28 582 0 0 0
532 161 31 585 8 0 0
540 161 34 588 0 -8 0
540 153 37 591 8 -8 0
540 145 40 588 0 8 0
540 153 43 585 0 -8 0
540 145 46 582 0 0 0
540 145 49 579 0 0 0
540 145 52 576 0 8 0
540 153 55 573 0 0 0
540 153 58 570 0 -8 0
540 145 61 567 0 -8 0
540 137 64 564 0 -8 0
540 129 67 561 0 -8 0
540 121 70 558 0 0 0
540 121 73 555 0 -8 0
540 113 76 552 0 8 0
540 121 79 549 0 -8 0
540 113 82 546 0 -8 0
540 105 85 543 0 8 0
540 113 88 540 0 8 0
540 121 91 537 0 -8 0
540 113 94 534 0 0 0
540 113 97 531 0 -8 0
540 105 100 528 0 0 0
540 105 103 525 0 -8 0
540 97 106 522 0 8 0
540 105 109 519 0 0 0
540 105 112 516 0 8 0
540 113 115 513 0 -8 0
540 105 118 510 0 -8 0
540 97 121 507 0 8 0
540 105 124 504 0 8 0
540 113 127 501 0 -8 0
540 105 130 498 0 8 0
540 113 133 495 0 -8 0
540 105 136 492 0 -8 0
540 97 139 489 -8 8 0
532 105 142 486 0 0 0
532 105 145 483 0 8 0
532 113 148 480 -8 0 0
524 113 151 477 0 8 0
524 121 154 474 0 0 0
524 121 157 471 -8 0 0
516 121 160 468 0 8 0
516 129 163 465 -8 -8 0
508 121 166 462 0 0 0
508 121 169 459 0 -8 0
508 113 172 456 -8 -8 0
500 105 175 453 0 8 0
500 113 178 450 0 0 0
500 113 181 447 -8 0 0
492 113 184 444 0 0 0
492 113 187 441 -8 -8 0
484 105 190 438 0 0 0
484 105 193 435 0 0 0
484 105 196 432 -8 0 0
476 105 199 429 0 0 0
476 105 202 426 0 8 0
476 113 205 423 -8 8 0
468 121 208 420 0 -8 0
468 113 211 417 -8 -8 0
460 105 214 414 0 -8 0
460 97 217 411 0 8 0
460 105 220 408 -8 8 0
452 113 223 405 0 0 0
452 113 226 402 0 0 0
452 113 229 399 -8 -8 0
444 105 232 396 0 8 0
444 113 235 393 -8 0 0
436 113 238 390 0 0 0
436 113 241 387 0 -8 0
436 105 244 384 -8 0 0
428 105 247 381 0 0 0
428 105 250 378 0 -8 0
428 97 253 375 -8 8 0
420 105 256 372 0 -8 0
420 97 259 369 -8 -8 0
412 89 262 366 0 0 0
412 89 265 363 0 0 0
412 89 268 360 -8 8 0
404 97 271 357 0 0 0
404 97 274 354 0 -8 0
404 89 277 351 -8 8 0
396 97 280 348 0 -8 0
396 89 283 345 -8 8 0
388 97 286 342 0 -8 0
388 89 289 339 0 -8 0
388 81 292 336 -8 0 0
380 81 295 333 0 -8 0
380 73 298 330 0 8 0
380 81 301 327 -8 0 0
372 81 304 324 0 -8 0
372 73 307 321 -8 0 0
364 73 310 318 0 8 0
364 81 313 315 0 -8 0
364 73 316 312 -8 0 0
356 73 319 309 0 8 0
356 81 322 306 0 8 0
356 89 325 303 -8 0 0
348 89 328 300 0 8 0
348 97 331 297 -8 -8 0
340 89 334 294 0 0 0
340 89 337 291 0 0 0
340 89 340 288 -8 8 0
332 97 343 285 0 -8 0
332 89 346 282 0 -8 0
332 81 349 279 -8 0 0
324 81 352 276 0 0 0
324 81 355 273 -8 -8 0
316 73 358 270 0 0 0
316 73 361 267 0 0 0
316 73 364 264 -8 -8 0
308 65 367 261 0 -8 0
308 60 370 258 0 0 0
308 60 373 255 -8 0 0
300 60 376 252 0 0 0
300 60 379 249 -8 0 0
292 60 382 246 0 -8 0
292 60 385 243 0 -8 0
292 60 388 240 -8 0 0
284 60 391 237 0 8 0
284 68 394 234 0 8 0
284 76 397 231 -8 -8 0
276 68 400 228 0 0 0
276 68 403 225 -8 -8 0
268 60 406 222 0 -8 0
268 60 409 219 0 0 0
268 60 412 216 -8 8 0
260 68 415 213 0 8 0
260 76 418 210 0 0 0
260 76 421 207 -8 8 0
252 84 424 204 0 8 0
252 92 427 201 -8 0 0
244 92 430 198 0 -8 0
244 84 433 195 0 0 0
244 84 436 192 -8 0 0
236 84 439 189 0 -8 0
236 76 442 186 0 0 0
236 76 445 183 -8 -8 0
228 68 448 180 0 0 0
228 68 451 177 -8 8 0
220 76 454 174 0 0 0
220 76 457 171 0 8 0
220 84 460 168 -8 0 0
212 84 463 165 0 0 0
212 84 466 162 0 8 0
212 92 469 159 -8 8 0
204 100 472 156 0 0 0
204 100 475 153 -8 -8 0
196 92 478 150 0 0 0
196 92 481 147 0 8 0
196 100 484 144 -8 0 0
188 100 487 141 0 -8 0
188 92 490 138 0 8 0
188 100 493 135 -8 0 0
180 100 496 132 0 8 0
180 108 499 129 -8 -8 0
172 100 502 126 0 8 0
172 108 505 123 0 0 0
172 108 508 120 -8 8 0
164 116 511 117 0 0 0
164 116 514 114 0 8 0
164 124 517 111 -8 0 0
156 124 520 108 0 0 0
156 124 523 105 -8 0 0
148 124 526 102 0 0 0
148 124 529 99 0 8 0
148 132 532 96 -8 0 0
140 132 535 93 0 0 0
140 132 538 90 0 0 0
140 132 541 87 -8 0 0
132 132 544 84 0 0 0
132 132 547 81 -8 0 0
124 132 550 78 0 8 0
124 140 553 75 0 0 0
124 140 556 72 -8 8 0
116 148 559 69 0 8 0
116 156 562 66 0 0 0
116 156 565 63 -8 0 0
108 156 568 60 0 0 0
108 156 571 57 -8 0 0
100 156 574 54 0 0 0
100 156 577 51 0 0 0
100 156 580 48 -8 8 0
92 164 583 45 0 0 0
92 164 586 42 0 0 0
92 164 589 39 -8 0 0
84 164 592 36 0 0 0
84 164 595 33 -8 -8 0
76 156 598 30 0 0 0
76 156 601 27 0 8 0
76 164 604 24 -8 0 0
68 164 607 21 0 0 0
68 164 610 18 0 -8 0
68 156 613 15 -8 -8 0
60 148 616 12 0 -8 0
60 140 619 9 -8 0 0
60 140 622 12 0 -8 0
60 132 625 15 0 0 0
60 132 628 18 0 -8 0
60 124 631 21 0 -8 0
60 116 634 24 0 8 0
60 124 637 27 0 8 0
60 132 640 30 0 0 0
60 132 643 33 0 0 0
60 132 646 36 0 8 0
60 140 649 39 0 0 0
60 140 652 42 0 0 0
60 140 655 45 0 0 0
60 140 658 48 0 0 0
60 140 661 51 0 -8 0
60 132 664 54 0 -8 0
60 124 667 57 0 0 0
60 124 670 60 0 0 0
60 124 673 63 0 -8 0
60 116 676 66 0 -8 0
60 108 679 69 0 -8 0
60 100 682 72 0 -8 0
60 92 685 75 0 -8 0
60 84 688 78 0 -8 0
60 76 691 81 0 8 0
60 84 694 84 0 -8 0
60 76 697 87 0 0 0
60 76 700 90 0 -8 0
60 68 703 93 0 -8 0
60 60 706 96 0 8 0
60 68 709 99 0 8 0
60 76 712 102 0 -8 0
60 68 715 105 0 8 0
60 76 718 108 0 0 0
60 76 721 111 8 8 0
68 84 724 114 0 8 0
68 92 727 117 0 8 0
68 100 730 120 8 8 0
76 108 733 123 0 0 0
76 108 736 126 0 -8 0
76 100 739 129 8 0 0
84 100 742 132 0 0 0
84 100 745 135 8 8 0
92 108 748 138 0 0 0
92 108 751 141 0 -8 0
92 100 754 144 8 8 0
100 108 757 147 0 0 0
100 108 760 150 0 8 0
100 116 763 153 8 8 0
108 124 766 156 0 8 0
108 132 769 159 8 8 0
116 140 772 162 0 -8 0
116 132 775 165 0 0 0
116 132 778 168 8 0 0
124 132 781 171 0 0 0
124 132 778 174 0 0 0
124 132 775 177 8 8 0
132 140 772 180 0 -8 0
132 132 769 183 8 0 0
140 132 766 186 0 8 0
140 140 763 189 0 8 0
140 148 760 192 8 0 0
148 148 757 195 0 8 0
148 156 754 198 0 8 0
148 164 751 201 8 0 0
156 164 748 204 0 8 0
156 172 745 207 8 8 0
164 180 742 210 0 -8 0
164 172 739 213 0 -8 0
164 164 736 216 8 8 0
172 172 733 219 0 0 0
172 172 730 222 0 0 0
172 172 727 225 8 0 0
180 172 724 228 0 -8 0
180 164 721 231 8 8 0
188 172 718 234 0 8 0
188 180 715 237 0 -8 0
188 172 712 240 8 8 0
196 180 709 243 0 -8 0
196 172 706 246 0 8 0
196 180 703 249 8 8 0
204 188 700 252 0 -8 0
204 180 697 255 8 0 0
212 180 694 258 0 8 0
212 188 691 261 0 8 0
212 196 688 264 8 8 0
220 204 685 267 0 8 0
220 212 682 270 0 -8 0
220 204 679 273 8 0 0
228 204 676 276 0 0 0
228 204 673 279 8 0 0
236 204 670 282 0 8 0
236 212 667 285 0 8 0
236 220 664 288 8 0 0
244 220 661 291 0 8 0
244 228 658 294 0 0 0
244 228 655 297 8 -8 0
252 220 652 300 0 -8 0
252 212 649 303 8 -8 0
260 204 646 306 0 0 0
260 204 643 309 0 8 0
260 212 640 312 8 8 0
268 220 637 315 0 8 0
268 228 634 318 0 8 0
268 236 631 321 8 8 0
276 244 628 324 0 -8 0
276 236 625 327 8 0 0
284 236 622 330 0 -8 0
284 228 619 333 0 8 0
284 236 616 336 8 -8 0
292 228 613 339 0 -8 0
292 220 610 342 0 8 0
292 228 607 345 8 8 0
300 236 604 348 0 0 0
300 236 601 351 8 8 0
308 244 598 354 0 -8 0
308 236 595 357 0 -8 0
308 228 592 360 8 -8 0
316 220 589 363 0 0 0
316 220 586 366 0 -8 0
316 212 583 369 8 0 0
324 212 580 372 0 8 0
324 220 577 375 8 0 0
332 220 574 378 0 8 0
332 228 571 381 0 0 0
332 228 568 384 8 0 0
340 228 565 387 0 8 0
340 236 562 390 0 8 0
340 244 559 393 8 0 0
348 244 556 396 0 -8 0
348 236 553 399 8 -8 0
356 228 550 402 0 0 0
356 228 547 405 0 -8 0
356 220 544 408 8 0 0
364 220 541 411 0 8 0
364 228 538 414 0 8 0
364 236 535 417 8 0 0
372 236 532 420 0 -8 0
372 228 529 423 8 -8 0
380 220 526 426 0 -8 0
380 212 523 429 0 8 0
380 220 520 432 8 -8 0
388 212 517 435 0 -8 0
388 204 514 438 0 -8 0
388 196 511 441 8 -8 0
396 188 508 444 0 0 0
396 188 505 447 8 8 0
404 196 502 450 0 -8 0
404 188 499 453 0 8 0
404 196 496 456 8 -8 0
412 188 493 459 0 8 0
412 196 490 462 0 0 0
412 196 487 465 8 0 0
420 196 484 468 0 -8 0
420 188 481 471 8 -8 0
428 180 478 474 0 8 0
428 188 475 477 0 0 0
428 188 472 480 8 -8 0
436 180 469 483 0 8 0
436 188 466 486 0 8 0
436 196 463 489 8 0 0
444 196 460 492 0 0 0
444 196 457 495 8 -8 0
452 188 454 498 0 0 0
452 188 451 501 0 8 0
452 196 448 504 8 0 0
460 196 445 507 0 8 0
460 204 442 510 0 -8 0
460 196 439 513 8 8 0
468 204 436 516 0 8 0
468 212 433 519 8 0 0
476 212 430 522 0 8 0
476 220 427 525 0 8 0
476 228 424 528 8 8 0
484 236 421 531 0 0 0
484 236 418 534 0 0 0
484 236 415 537 8 8 0
492 244 412 540 0 8 0
492 252 409 543 8 -8 0
500 244 406 546 0 -8 0
500 236 403 549 0 0 0
500 236 400 552 8 0 0
508 236 397 555 0 8 0
508 244 394 558 0 -8 0
508 236 391 561 8 0 0
516 236 388 564 0 8 0
516 244 385 567 8 -8 0
524 236 382 570 0 8 0
524 244 379 573 0 0 0
524 244 376 576 8 0 0
532 244 373 579 0 0 0
532 244 370 582 0 8 0
532 252 367 585 8 0 0
540 252 364 588 0 -8 0
540 244 361 591 8 0 0
540 244 358 588 0 0 0
540 244 355 585 0 0 0
540 244 352 582 0 0 0
540 244 349 579 0 -8 0
540 236 346 576 0 0 0
540 236 343 573 0 8 0
540 244 340 570 0 -8 0
540 236 337 567 0 -8 0
540 228 334 564 0 8 0
540 236 331 561 0 0 0
540 236 328 558 0 8 0
540 244 325 555 0 -8 0
540 236 322 552 0 0 0
540 236 319 549 0 0 0
540 236 316 546 0 8 0
540 244 313 543 0 -8 0
540 236 310 540 0 -8 0
540 228 307 537 0 0 0
540 228 304 534 0 8 0
540 236 301 531 0 0 0
540 236 298 528 0 8 0
540 244 295 525 0 0 0
540 244 292 522 0 8 0
540 252 289 519 0 8 0
540 260 286 516 0 -8 0
540 252 283 513 0 0 0
540 252 280 510 0 0 0
540 252 277 507 0 0 0
540 252 274 504 0 -8 0
540 244 271 501 0 8 0
540 252 268 498 0 0 0
540 252 265 495 0 0 0
540 252 262 492 0 -8 0
540 244 259 489 -8 -8 0
532 236 256 486 0 -8 0
532 228 253 483 0 0 0
532 228 250 480 -8 8 0
524 236 247 477 0 -8 0
524 228 244 474 0 0 0
524 228 241 471 -8 8 0
516 236 238 468 0 0 0
516 236 235 465 -8 0 0
508 236 232 462 0 0 0
508 236 229 459 0 0 0
508 236 226 456 -8 -8 0
500 228 223 453 0 0 0
500 228 220 450 0 -8 0
500 220 217 447 -8 0 0
492 220 214 444 0 0 0
492 220 211 441 -8 0 0
484 220 208 438 0 -8 0
484 212 205 435 0 -8 0
484 204 202 432 -8 -8 0
476 196 199 429 0 -8 0
476 188 196 426 0 0 0
476 188 193 423 -8 8 0
468 196 190 420 0 -8 0
468 188 187 417 -8 8 0
460 196 184 414 0 8 0
460 204 181 411 0 0 0
460 204 178 408 -8 0 0
452 204 175 405 0 0 0
452 204 172 402 0 0 0
452 204 169 399 -8 -8 0
444 196 166 396 0 -8 0
444 188 163 393 -8 -8 0
436 180 160 390 0 -8 0
436 172 157 387 0 -8 0
436 164 154 384 -8 0 0
428 164 151 381 0 8 0
428 172 148 378 0 8 0
428 180 145 375 -8 8 0
420 188 142 372 0 -8 0
420 180 139 369 -8 0 0
412 180 136 366 0 0 0
412 180 133 363 0 0 0
412 180 130 360 -8 8 0
404 188 127 357 0 8 0
404 196 124 354 0 8 0
404 204 121 351 -8 8 0
396 212 118 348 0 8 0
396 220 115 345 -8 0 0
388 220 112 342 0 -8 0
388 212 109 339 0 0 0
388 212 106 336 -8 -8 0
380 204 103 333 0 0 0
380 204 100 330 0 -8 0
380 196 97 327 -8 8 0
372 204 94 324 0 -8 0
372 196 91 321 -8 -8 0
364 188 88 318 0 0 0
364 188 85 315 0 0 0
364 188 82 312 -8 0 0
356 188 79 309 0 8 0
356 196 76 306 0 -8 0
356 188 73 303 -8 8 0
348 196 70 300 0 8 0
348 204 67 297 -8 0 0
340 204 64 294 0 0 0
340 204 61 291 0 8 0
340 212 58 288 -8 -8 0
332 204 55 285 0 -8 0
332 196 52 282 0 0 0
332 196 49 279 -8 0 0
324 196 46 276 0 0 0
324 196 43 273 -8 0 0
316 196 40 270 0 0 0
316 196 37 267 0 8 0
316 204 34 264 -8 0 0
308 204 31 261 0 -8 0
308 196 28 258 0 0 0
308 196 25 255 -8 0 0
300 196 22 252 0 -8 0
300 188 19 249 0 0 1
300 188 19 249 0 0 1
300 188 19 249 0 0 1
300 188 19 249 0 0 1
300 188 19 249 0 0 1
