506 474 553 435 0 0 0
506 474 556 432 -8 0 0
498 474 559 429 -8 -8 0
490 466 562 426 -8 8 0
482 474 565 423 -8 0 0
474 474 568 420 -8 8 0
466 482 571 417 0 0 0
466 482 574 414 -8 0 0
458 482 577 411 0 8 0
458 490 580 408 0 8 0
458 498 583 405 -8 8 0
450 506 586 402 0 0 0
450 506 589 399 -8 -8 0
442 498 592 396 0 8 0
442 506 595 393 0 0 0
442 506 598 390 -8 -8 0
434 498 601 387 0 0 0
434 498 604 384 0 8 0
434 506 607 381 -8 -8 0
426 498 610 378 0 8 0
426 506 613 375 -8 0 0
418 506 616 372 0 0 0
418 506 619 369 0 -8 0
418 498 622 366 -8 0 0
410 498 625 363 0 0 0
410 498 628 360 0 8 0
410 506 631 357 -8 8 0
402 514 634 354 0 8 0
402 522 637 351 -8 8 0
394 530 640 348 0 8 0
394 538 643 345 0 8 0
394 540 646 342 -8 0 0
386 540 649 339 0 0 0
386 540 652 336 0 8 0
386 540 655 333 -8 8 0
378 540 658 330 0 8 0
378 540 661 327 -8 -8 0
370 532 664 324 0 8 0
370 540 667 321 0 0 0
370 540 670 318 -8 -8 0
362 532 673 315 0 8 0
362 540 676 312 0 -8 0
362 532 679 309 -8 0 0
354 532 682 306 0 8 0
354 540 685 303 -8 0 0
346 540 688 300 0 -8 0
346 532 691 297 0 8 0
346 540 694 294 -8 8 0
338 540 697 291 0 -8 0
338 532 700 288 0 8 0
338 540 703 285 -8 8 0
330 540 706 282 0 0 0
330 540 709 279 -8 0 0
322 540 712 276 0 8 0
322 540 715 273 0 -8 0
322 532 718 270 -8 8 0
314 540 721 267 0 8 0
314 540 724 264 0 -8 0
314 532 727 261 -8 0 0
306 532 730 258 0 0 0
306 532 733 255 -8 8 0
298 540 736 252 0 0 0
298 540 739 249 0 0 0
298 540 742 246 -8 8 0
290 540 745 243 0 0 0
290 540 748 240 0 8 0
290 540 751 237 -8 -8 0
282 532 754 234 0 -8 0
282 524 757 231 -8 0 0
274 524 760 228 0 0 0
274 524 763 225 0 0 0
274 524 766 222 -8 8 0
266 532 769 219 0 -8 0
266 524 772 216 0 -8 0
266 516 775 213 -8 0 0
258 516 778 210 0 -8 0
258 508 781 207 0 0 1
258 508 781 207 0 0 1
258 508 781 207 0 0 1
258 508 781 207 0 0 1
258 508 781 207 0 0 1
