515 78 115 216 0 0 0
515 78 118 219 -8 0 0
507 78 121 222 -8 0 0
499 78 124 225 -8 -8 0
491 70 127 228 -8 0 0
483 70 130 231 -8 0 0
475 70 133 234 -8 0 0
467 70 136 237 -8 8 0
459 78 139 240 -8 0 0
451 78 142 243 -8 0 0
443 78 145 246 -8 8 0
435 86 148 249 -8 8 0
427 94 151 252 -8 -8 0
419 86 154 255 -8 8 0
411 94 157 258 -8 8 0
403 102 160 261 -8 -8 0
395 94 163 264 -8 0 0
387 94 166 267 -8 0 0
379 94 169 270 -8 8 0
371 102 172 273 -8 -8 0
363 94 175 276 -8 0 0
355 94 178 279 -8 0 0
347 94 181 282 -8 0 0
339 94 184 285 -8 0 0
331 94 187 288 0 -8 0
331 86 190 291 0 0 0
331 86 193 294 0 -8 0
331 78 196 297 0 0 0
331 78 199 300 0 -8 0
331 70 202 303 0 -8 0
331 62 205 306 0 0 0
331 62 208 309 0 8 0
331 70 211 312 0 0 0
331 70 214 315 0 -8 0
331 62 217 318 0 8 0
331 70 220 321 0 -8 0
331 62 223 324 0 -8 0
331 60 226 327 0 -8 0
331 60 229 330 0 -8 0
331 60 232 333 0 0 0
331 60 235 336 0 -8 0
331 60 238 339 0 8 0
331 68 241 342 0 8 0
331 76 244 345 0 8 0
331 84 247 348 0 8 0
331 92 250 351 0 8 0
331 100 253 354 0 -8 0
331 92 256 357 0 0 0
331 92 259 360 0 8 0
331 100 262 363 0 -8 0
331 92 265 366 0 0 0
331 92 268 369 0 8 0
331 100 271 372 0 -8 0
331 92 274 375 0 -8 0
331 84 277 378 0 0 0
331 84 280 381 0 -8 0
331 76 283 384 8 8 0
339 84 286 387 0 0 0
339 84 289 390 8 -8 0
347 76 292 393 0 -8 0
347 68 295 396 0 -8 0
347 60 298 399 8 8 0
355 68 301 402 0 0 0
355 68 304 405 0 -8 0
355 60 307 408 8 8 0
363 68 310 411 0 -8 0
363 60 313 414 8 0 0
371 60 316 417 0 8 0
371 68 319 420 0 8 0
371 76 322 423 8 0 0
379 76 325 426 0 -8 0
379 68 328 429 0 8 0
379 76 331 432 8 -8 0
387 68 334 435 0 0 0
387 68 337 438 8 8 0
395 76 340 441 0 -8 0
395 68 343 444 0 8 0
395 76 346 447 8 -8 0
403 68 349 450 0 8 0
403 76 352 453 0 0 0
403 76 355 456 8 8 0
411 84 358 459 0 -8 0
411 76 361 462 8 0 0
419 76 364 465 0 -8 0
419 68 367 468 0 8 0
419 76 370 471 8 8 0
427 84 373 474 0 -8 0
427 76 376 477 0 8 0
427 84 379 480 8 8 0
435 92 382 483 0 0 0
435 92 385 486 8 -8 0
443 84 388 489 0 -8 0
443 76 391 492 0 0 0
443 76 394 495 8 8 0
451 84 397 498 0 0 0
451 84 400 501 0 0 0
451 84 403 504 8 -8 0
459 76 406 507 0 -8 0
459 68 409 510 8 -8 0
467 60 412 513 0 0 0
467 60 415 516 0 8 0
467 68 418 519 8 0 0
475 68 421 522 0 0 0
475 68 424 525 0 -8 0
475 60 427 528 8 8 0
483 68 430 531 0 8 0
483 76 433 534 8 0 0
491 76 436 537 0 8 0
491 84 439 540 0 0 0
491 84 442 543 8 -8 0
499 76 445 546 0 -8 0
499 68 448 549 0 -8 0
499 60 451 552 8 -8 0
507 60 454 555 0 -8 0
507 60 457 558 8 -8 0
515 60 460 561 0 0 0
515 60 463 564 0 -8 0
515 60 466 567 8 8 0
523 68 469 570 0 -8 0
523 60 472 573 0 -8 0
523 60 475 576 8 -8 0
531 60 478 579 0 -8 0
531 60 481 582 8 -8 0
539 60 484 585 0 8 0
539 68 487 588 0 -8 0
539 60 490 591 8 8 0
540 68 493 588 0 0 0
540 68 496 585 0 8 0
540 76 499 582 0 8 0
540 84 502 579 0 0 0
540 84 505 576 0 -8 0
540 76 508 573 0 -8 0
540 68 511 570 0 -8 0
540 60 514 567 0 0 0
540 60 517 564 0 8 0
540 68 520 561 0 -8 0
540 60 523 558 0 0 0
540 60 526 555 0 8 0
540 68 529 552 0 8 0
540 76 532 549 0 -8 0
540 68 535 546 0 0 0
540 68 538 543 0 -8 0
540 60 541 540 0 0 0
540 60 544 537 0 0 0
540 60 547 534 0 0 0
540 60 550 531 0 0 0
540 60 553 528 0 8 0
540 68 556 525 0 8 0
540 76 559 522 0 8 0
540 84 562 519 0 -8 0
540 76 565 516 0 8 0
540 84 568 513 0 0 0
540 84 571 510 0 -8 0
540 76 574 507 0 8 0
540 84 577 504 0 0 0
540 84 580 501 0 8 0
540 92 583 498 0 -8 0
540 84 586 495 0 8 0
540 92 589 492 0 0 0
540 92 592 489 -8 0 0
532 92 595 486 0 -8 0
532 84 598 483 0 8 0
532 92 601 480 -8 -8 0
524 84 604 477 0 8 0
524 92 607 474 0 8 0
524 100 610 471 -8 -8 0
516 92 613 468 0 0 0
516 92 616 465 -8 -8 0
508 84 619 462 0 0 0
508 84 622 459 0 -8 0
508 76 625 456 -8 -8 0
500 68 628 453 0 -8 0
500 60 631 450 0 0 0
500 60 634 447 -8 -8 0
492 60 637 444 0 0 0
492 60 640 441 -8 -8 0
484 60 643 438 0 0 0
484 60 646 435 0 8 0
484 68 649 432 -8 8 0
476 76 652 429 0 8 0
476 84 655 426 0 8 0
476 92 658 423 -8 -8 0
468 84 661 420 0 8 0
468 92 664 417 -8 0 0
460 92 667 414 0 8 0
460 100 670 411 0 0 0
460 100 673 408 -8 8 0
452 108 676 405 0 -8 0
452 100 679 402 0 8 0
452 108 682 399 -8 0 0
444 108 685 396 0 -8 0
444 100 688 393 -8 0 0
436 100 691 390 0 8 0
436 108 694 387 0 8 0
436 116 697 384 -8 -8 0
428 108 700 381 0 8 0
428 116 703 378 0 0 0
428 116 706 375 -8 8 0
420 124 709 372 0 0 0
420 124 712 369 -8 8 0
412 132 715 366 0 0 0
412 132 718 363 0 -8 0
412 124 721 360 -8 -8 0
404 116 724 357 0 8 0
404 124 727 354 0 0 0
404 124 730 351 -8 -8 0
396 116 733 348 0 8 0
396 124 736 345 -8 -8 0
388 116 739 342 0 8 0
388 124 742 339 0 -8 0
388 116 745 336 -8 8 0
380 124 748 333 0 8 0
380 132 751 330 0 0 0
380 132 754 327 -8 -8 0
372 124 757 324 0 -8 0
372 116 760 321 -8 0 0
364 116 763 318 0 -8 0
364 108 766 315 0 8 0
364 116 769 312 -8 0 0
356 116 772 309 0 0 0
356 116 775 306 0 -8 0
356 108 778 303 -8 -8 0
348 100 781 300 0 0 1
348 100 781 300 0 0 1
348 100 781 300 0 0 1
348 100 781 300 0 0 1
348 100 781 300 0 0 1
