473 445 253 276 0 0 0
473 445 256 279 -8 8 0
465 453 259 282 -8 8 0
457 461 262 285 -8 0 0
449 461 265 288 -8 -8 0
441 453 268 291 -8 0 0
433 453 271 294 -8 0 0
425 453 274 297 -8 -8 0
417 445 277 300 -8 8 0
409 453 280 303 -8 -8 0
401 445 283 306 -8 8 0
393 453 286 309 -8 0 0
385 453 289 312 -8 0 0
377 453 292 315 -8 -8 0
369 445 295 318 -8 0 0
361 445 298 321 0 8 0
361 453 301 324 0 -8 0
361 445 304 327 0 8 0
361 453 307 330 0 -8 0
361 445 310 333 0 8 0
361 453 313 336 0 0 0
361 453 316 339 0 0 0
361 453 319 342 0 -8 0
361 445 322 345 0 8 0
361 453 325 348 0 0 0
361 453 328 351 0 8 0
361 461 331 354 0 8 0
361 469 334 357 0 8 0
361 477 337 360 0 -8 0
361 469 340 363 0 -8 0
361 461 343 366 0 0 0
361 461 346 369 0 -8 0
361 453 349 372 0 -8 0
361 445 352 375 0 0 0
361 445 355 378 0 0 0
361 445 358 381 0 0 0
361 445 361 384 0 8 0
361 453 364 387 0 -8 0
361 445 367 390 0 -8 0
361 437 370 393 0 8 0
361 445 373 396 0 0 0
361 445 376 399 0 -8 0
361 437 379 402 0 8 0
361 445 382 405 0 0 0
361 445 385 408 0 0 0
361 445 388 411 0 0 0
361 445 391 414 8 0 0
369 445 394 417 0 0 0
369 445 397 420 8 8 0
377 453 400 423 0 -8 0
377 445 403 426 0 8 0
377 453 406 429 8 0 0
385 453 409 432 0 -8 0
385 445 412 435 0 0 0
385 445 415 438 8 -8 0
393 437 418 441 0 -8 0
393 429 421 444 8 8 0
401 437 424 447 0 -8 0
401 429 427 450 0 0 0
401 429 430 453 8 0 0
409 429 433 456 0 -8 0
409 421 436 459 0 8 0
409 429 439 462 8 0 0
417 429 442 465 0 -8 0
417 421 445 468 8 0 0
425 421 448 471 0 -8 0
425 413 451 474 0 0 0
425 413 454 477 8 -8 0
433 405 457 480 0 -8 0
433 397 460 483 0 8 0
433 405 463 486 8 0 0
441 405 466 489 0 -8 0
441 397 469 492 8 -8 0
449 389 472 495 0 0 0
449 389 475 498 0 0 0
449 389 478 501 8 -8 0
457 381 481 504 0 -8 0
457 373 484 507 0 -8 0
457 365 487 510 8 -8 0
465 357 490 513 0 8 0
465 365 493 516 8 0 0
473 365 496 519 0 8 0
473 373 499 522 0 0 0
473 373 502 525 8 8 0
481 381 505 528 0 8 0
481 389 508 531 0 0 0
481 389 511 534 8 -8 0
489 381 514 537 0 0 0
489 381 517 540 8 0 0
497 381 520 543 0 -8 0
497 373 523 546 0 0 0
497 373 526 549 8 8 0
505 381 529 552 0 -8 0
505 373 532 555 0 0 0
505 373 535 558 8 8 0
513 381 538 561 0 8 0
513 389 541 564 8 8 0
521 397 544 567 0 -8 0
521 389 547 570 0 -8 0
521 381 550 573 8 0 0
529 381 553 576 0 -8 0
529 373 556 579 0 8 0
529 381 559 582 8 -8 0
537 373 562 585 0 8 0
537 381 565 588 8 -8 0
540 373 568 591 8 0 0
540 373 571 588 0 0 0
540 373 574 585 0 0 0
540 373 577 582 0 0 0
540 373 580 579 0 8 0
540 381 583 576 0 -8 0
540 373 586 573 0 8 0
540 381 589 570 0 8 0
540 389 592 567 0 -8 0
540 381 595 564 0 8 0
540 389 598 561 0 8 0
540 397 601 558 0 8 0
540 405 604 555 0 8 0
540 413 607 552 0 8 0
540 421 610 549 0 8 0
540 429 613 546 0 8 0
540 437 616 543 0 -8 0
540 429 619 540 0 -8 0
540 421 622 537 0 8 0
540 429 625 534 0 8 0
540 437 628 531 0 8 0
540 445 631 528 0 8 0
540 453 634 525 0 -8 0
540 445 637 522 0 0 0
540 445 640 519 0 0 0
540 445 643 516 0 -8 0
540 437 646 513 0 8 0
540 445 649 510 0 8 0
540 453 652 507 0 0 0
540 453 655 504 0 8 0
540 461 658 501 0 -8 0
540 453 661 498 0 0 0
540 453 664 495 0 8 0
540 461 667 492 0 0 0
540 461 670 489 -8 -8 0
532 453 673 486 0 8 0
532 461 676 483 0 0 0
532 461 679 480 -8 -8 0
524 453 682 477 0 0 0
524 453 685 474 0 8 0
524 461 688 471 -8 -8 0
516 453 691 468 0 0 0
516 453 694 465 -8 0 0
508 453 697 462 0 8 0
508 461 700 459 0 0 0
508 461 703 456 -8 -8 0
500 453 706 453 0 0 0
500 453 709 450 0 8 0
500 461 712 447 -8 0 0
492 461 715 444 0 0 0
492 461 718 441 -8 -8 0
484 453 721 438 0 -8 0
484 445 724 435 0 8 0
484 453 727 432 -8 0 0
476 453 730 429 0 0 0
476 453 733 426 0 8 0
476 461 736 423 -8 -8 0
468 453 739 420 0 8 0
468 461 742 417 -8 0 0
460 461 745 414 0 0 0
460 461 748 411 0 -8 0
460 453 751 408 -8 -8 0
452 445 754 405 0 0 0
452 445 757 402 0 8 0
452 453 760 399 -8 -8 0
444 445 763 396 0 -8 0
444 437 766 393 -8 8 0
436 445 769 390 0 -8 0
436 437 772 387 0 8 0
436 445 775 384 -8 8 0
428 453 778 381 0 0 0
428 453 781 378 0 0 1
428 453 781 378 0 0 1
428 453 781 378 0 0 1
428 453 781 378 0 0 1
428 453 781 378 0 0 1
