388 493 625 375 0 0 0
388 493 622 378 0 0 0
388 493 619 381 0 8 0
388 501 616 384 0 0 0
388 501 613 387 0 0 0
388 501 610 390 0 8 0
388 509 607 393 0 8 0
388 517 604 396 0 -8 0
388 509 601 399 0 8 0
388 517 598 402 0 8 0
388 525 595 405 0 -8 0
388 517 592 408 0 -8 0
388 509 589 411 0 -8 0
388 501 586 414 0 0 0
388 501 583 417 0 -8 0
388 493 580 420 0 8 0
388 501 577 423 0 0 0
388 501 574 426 0 -8 0
388 493 571 429 0 0 0
388 493 568 432 0 -8 0
388 485 565 435 0 8 0
388 493 562 438 0 0 0
388 493 559 441 8 8 0
396 501 556 444 0 8 0
396 509 553 447 8 8 0
404 517 550 450 0 0 0
404 517 547 453 0 0 0
404 517 544 456 8 0 0
412 517 541 459 0 -8 0
412 509 538 462 0 -8 0
412 501 535 465 8 8 0
420 509 532 468 0 8 0
420 517 529 471 8 8 0
428 525 526 474 0 8 0
428 533 523 477 0 -8 0
428 525 520 480 8 -8 0
436 517 517 483 0 -8 0
436 509 514 486 0 0 0
436 509 511 489 8 -8 0
444 501 508 492 0 8 0
444 509 505 495 8 8 0
452 517 502 498 0 0 0
452 517 499 501 0 8 0
452 525 496 504 8 0 0
460 525 493 507 0 -8 0
460 517 490 510 0 0 0
460 517 487 513 8 0 0
468 517 484 516 0 0 0
468 517 481 519 8 8 0
476 525 478 522 0 0 0
476 525 475 525 0 0 0
476 525 472 528 8 8 0
484 533 469 531 0 -8 0
484 525 466 534 0 8 0
484 533 463 537 8 8 0
492 540 460 540 0 8 0
492 540 457 543 8 -8 0
500 532 454 546 0 8 0
500 540 451 549 0 8 0
500 540 448 552 8 8 0
508 540 445 555 0 8 0
508 540 442 558 0 8 0
508 540 439 561 8 0 0
516 540 436 564 0 0 0
516 540 433 567 8 0 0
524 540 430 570 0 -8 0
524 532 427 573 0 -8 0
524 524 424 576 8 0 0
532 524 421 579 0 8 0
532 532 418 582 0 -8 0
532 524 415 585 8 -8 0
540 516 412 588 0 -8 0
540 508 409 591 8 -8 0
540 500 406 588 0 -8 0
540 492 403 585 0 0 0
540 492 400 582 0 0 0
540 492 397 579 0 -8 0
540 484 394 576 0 -8 0
540 476 391 573 0 -8 0
540 468 388 570 0 0 0
540 468 385 567 0 8 0
540 476 382 564 0 8 0
540 484 379 561 0 -8 0
540 476 376 558 0 0 0
540 476 373 555 0 -8 0
540 468 370 552 0 -8 0
540 460 367 549 0 -8 0
540 452 364 546 0 -8 0
540 444 361 543 0 8 0
540 452 358 540 0 8 0
540 460 355 537 0 -8 0
540 452 352 534 0 -8 0
540 444 349 531 0 8 0
540 452 346 528 0 -8 0
540 444 343 525 0 8 0
540 452 340 522 0 0 0
540 452 337 519 0 -8 0
540 444 334 516 0 -8 0
540 436 331 513 0 8 0
540 444 328 510 0 0 0
540 444 325 507 0 8 0
540 452 322 504 0 0 0
540 452 319 501 0 0 0
540 452 316 498 0 -8 0
540 444 313 495 0 8 0
540 452 310 492 0 8 0
540 460 307 489 -8 0 0
532 460 304 486 0 8 0
532 468 301 483 0 -8 0
532 460 298 480 -8 8 0
524 468 295 477 0 8 0
524 476 292 474 0 8 0
524 484 289 471 -8 8 0
516 492 286 468 0 0 0
516 492 283 465 -8 -8 0
508 484 280 462 0 0 0
508 484 277 459 0 0 0
508 484 274 456 -8 8 0
500 492 271 453 0 8 0
500 500 268 450 0 0 0
500 500 265 447 -8 8 0
492 508 262 444 0 8 0
492 516 259 441 -8 -8 0
484 508 256 438 0 0 0
484 508 253 435 0 -8 0
484 500 250 432 -8 0 0
476 500 247 429 0 0 0
476 500 244 426 0 0 0
476 500 241 423 -8 0 0
468 500 238 420 0 0 0
468 500 235 417 -8 0 0
460 500 232 414 0 8 0
460 508 229 411 0 8 0
460 516 226 408 -8 8 0
452 524 223 405 0 8 0
452 532 220 402 0 0 0
452 532 217 399 -8 -8 0
444 524 214 396 0 8 0
444 532 211 393 -8 8 0
436 540 208 390 0 0 0
436 540 205 387 0 -8 0
436 532 202 384 -8 0 0
428 532 199 381 0 -8 0
428 524 196 378 0 -8 0
428 516 193 375 -8 8 0
420 524 190 372 0 8 0
420 532 187 369 -8 0 0
412 532 184 366 0 0 0
412 532 181 363 0 8 0
412 540 178 360 -8 -8 0
404 532 175 357 0 -8 0
404 524 172 354 0 0 0
404 524 169 351 -8 0 0
396 524 166 348 0 -8 0
396 516 163 345 -8 -8 0
388 508 160 342 0 0 0
388 508 157 339 0 8 0
388 516 154 336 -8 0 0
380 516 151 333 0 -8 0
380 508 148 330 0 -8 0
380 500 145 327 -8 -8 0
372 492 142 324 0 -8 0
372 484 139 321 -8 -8 0
364 476 136 318 0 -8 0
364 468 133 315 0 8 0
364 476 130 312 -8 -8 0
356 468 127 309 0 0 0
356 468 124 306 0 0 0
356 468 121 303 -8 -8 0
348 460 118 300 0 0 0
348 460 115 297 -8 -8 0
340 452 112 294 0 -8 0
340 444 109 291 0 8 0
340 452 106 288 -8 0 0
332 452 103 285 0 -8 0
332 444 100 282 0 8 0
332 452 97 279 -8 8 0
324 460 94 276 0 -8 0
324 452 91 273 -8 -8 0
316 444 88 270 0 -8 0
316 436 85 267 0 -8 0
316 428 82 264 -8 8 0
308 436 79 261 0 -8 0
308 428 76 258 0 -8 0
308 420 73 255 -8 -8 0
300 412 70 252 0 8 0
300 420 67 249 -8 0 0
292 420 64 246 0 8 0
292 428 61 243 0 -8 0
292 420 58 240 -8 0 0
284 420 55 237 0 -8 0
284 412 52 234 0 -8 0
284 404 49 231 -8 -8 0
276 396 46 228 0 0 0
276 396 43 225 -8 8 0
268 404 40 222 0 8 0
268 412 37 219 0 8 0
268 420 34 216 -8 8 0
260 428 31 213 0 8 0
260 436 28 210 0 8 0
260 444 25 207 -8 -8 0
252 436 22 204 0 8 0
252 444 19 201 0 0 1
252 444 19 201 0 0 1
252 444 19 201 0 0 1
252 444 19 201 0 0 1
252 444 19 201 0 0 1
