73 346 496 480 0 0 0
73 346 499 483 8 0 0
81 346 502 486 8 0 0
89 346 505 489 8 0 0
97 346 508 492 8 8 0
105 354 511 495 8 0 0
113 354 514 498 8 8 0
121 362 517 501 8 0 0
129 362 520 504 8 8 0
137 370 523 507 8 -8 0
145 362 526 510 8 8 0
153 370 529 513 8 8 0
161 378 532 516 8 -8 0
169 370 535 519 8 8 0
177 378 538 522 8 -8 0
185 370 541 525 8 -8 0
193 362 544 528 8 8 0
201 370 547 531 8 8 0
209 378 550 534 8 8 0
217 386 553 537 8 0 0
225 386 556 540 8 8 0
233 394 559 543 8 0 0
241 394 562 546 8 -8 0
249 386 565 549 8 8 0
257 394 568 552 8 -8 0
265 386 571 555 8 -8 0
273 378 574 558 8 -8 0
281 370 577 561 8 -8 0
289 362 580 564 8 -8 0
297 354 583 567 8 8 0
305 362 586 570 8 0 0
313 362 589 573 8 8 0
321 370 592 576 8 8 0
329 378 595 579 8 8 0
337 386 598 582 8 8 0
345 394 601 585 8 -8 0
353 386 604 588 8 0 0
361 386 607 591 8 8 0
369 394 610 588 8 0 0
377 394 613 585 8 -8 0
385 386 616 582 8 -8 0
393 378 619 579 8 -8 0
401 370 622 576 8 -8 0
409 362 625 573 8 8 0
417 370 628 570 8 -8 0
425 362 631 567 8 0 0
433 362 634 564 8 0 0
441 362 637 561 8 -8 0
449 354 640 558 8 8 0
457 362 643 555 8 -8 0
465 354 646 552 8 8 0
473 362 649 549 8 0 0
481 362 652 546 8 8 0
489 370 655 543 8 0 0
497 370 658 540 0 0 0
497 370 661 537 0 8 0
497 378 664 534 0 8 0
497 386 667 531 0 8 0
497 394 670 528 0 -8 0
497 386 673 525 0 0 0
497 386 676 522 0 0 0
497 386 679 519 0 8 0
497 394 682 516 0 -8 0
497 386 685 513 0 0 0
497 386 688 510 0 0 0
497 386 691 507 0 -8 0
497 378 694 504 0 -8 0
497 370 697 501 0 -8 0
497 362 700 498 0 0 0
497 362 703 495 0 -8 0
497 354 706 492 0 -8 0
497 346 709 489 0 -8 0
497 338 712 486 0 8 0
497 346 715 483 0 0 0
497 346 718 480 0 8 0
497 354 721 477 0 8 0
497 362 724 474 0 0 0
497 362 727 471 0 -8 0
497 354 730 468 0 0 0
497 354 733 465 0 0 0
497 354 736 462 0 8 0
497 362 739 459 0 0 0
497 362 742 456 0 0 0
497 362 745 453 0 8 0
497 370 748 450 0 -8 0
497 362 751 447 0 8 0
497 370 754 444 -8 -8 0
489 362 757 441 0 -8 0
489 354 760 438 -8 0 0
481 354 763 435 0 0 0
481 354 766 432 0 -8 0
481 346 769 429 -8 -8 0
473 338 772 426 0 0 0
473 338 775 423 0 -8 0
473 330 778 420 -8 -8 0
465 322 781 417 0 0 1
465 322 781 417 0 0 1
465 322 781 417 0 0 1
465 322 781 417 0 0 1
465 322 781 417 0 0 1
