251 463 556 252 0 0 0
251 463 559 249 0 8 0
251 471 562 246 0 -8 0
251 463 565 243 0 0 0
251 463 568 240 0 -8 0
251 455 571 237 0 -8 0
251 447 574 234 0 8 0
251 455 577 231 0 -8 0
251 447 580 228 0 8 0
251 455 583 225 0 0 0
251 455 586 222 0 8 0
251 463 589 219 0 0 0
251 463 592 216 0 8 0
251 471 595 213 0 0 0
251 471 598 210 0 0 0
251 471 601 207 0 -8 0
251 463 604 204 0 8 0
251 471 607 201 0 -8 0
251 463 610 198 -8 -8 0
243 455 613 195 0 -8 0
243 447 616 192 -8 0 0
235 447 619 189 0 8 0
235 455 622 186 0 8 0
235 463 625 183 -8 0 0
227 463 628 180 0 -8 0
227 455 631 177 0 -8 0
227 447 634 174 -8 0 0
219 447 637 171 0 0 0
219 447 640 168 -8 -8 0
211 439 643 165 0 0 0
211 439 646 162 0 8 0
211 447 649 159 -8 0 0
203 447 652 156 0 8 0
203 455 655 153 0 8 0
203 463 658 150 -8 -8 0
195 455 661 147 0 -8 0
195 447 664 144 -8 8 0
187 455 667 141 0 -8 0
187 447 670 138 0 8 0
187 455 673 135 -8 0 0
179 455 676 132 0 -8 0
179 447 679 129 0 0 0
179 447 682 126 -8 0 0
171 447 685 123 0 -8 0
171 439 688 120 -8 0 0
163 439 691 117 0 -8 0
163 431 694 114 0 0 0
163 431 697 111 -8 -8 0
155 423 700 108 0 8 0
155 431 703 105 0 -8 0
155 423 706 102 -8 0 0
147 423 709 99 0 -8 0
147 415 712 96 -8 0 0
139 415 715 93 0 8 0
139 423 718 90 0 0 0
139 423 721 87 -8 8 0
131 431 724 84 0 8 0
131 439 727 81 0 -8 0
131 431 730 78 -8 8 0
123 439 733 75 0 0 0
123 439 736 72 -8 8 0
115 447 739 69 0 0 0
115 447 742 66 0 0 0
115 447 745 63 -8 0 0
107 447 748 60 0 0 0
107 447 751 57 0 0 0
107 447 754 54 -8 8 0
99 455 757 51 0 8 0
99 463 760 48 -8 0 0
91 463 763 45 0 -8 0
91 455 766 42 0 0 0
91 455 769 39 -8 0 0
83 455 772 36 0 0 0
83 455 775 33 0 0 0
83 455 778 30 -8 0 0
75 455 781 27 0 0 1
75 455 781 27 0 0 1
75 455 781 27 0 0 1
75 455 781 27 0 0 1
75 455 781 27 0 0 1
