362 228 559 162 0 0 0
362 228 556 159 -8 -8 0
354 220 553 156 -8 8 0
346 228 550 153 -8 8 0
338 236 547 150 -8 -8 0
330 228 544 147 -8 -8 0
322 220 541 144 -8 0 0
314 220 538 141 -8 0 0
306 220 535 138 -8 8 0
298 228 532 135 -8 -8 0
290 220 529 132 -8 0 0
282 220 526 129 -8 -8 0
274 212 523 126 -8 0 0
266 212 520 123 -8 0 0
258 212 517 120 -8 0 0
250 212 514 117 -8 8 0
242 220 511 114 -8 -8 0
234 212 508 111 -8 8 0
226 220 505 108 -8 8 0
218 228 502 105 -8 0 0
210 228 499 102 -8 8 0
202 236 496 99 -8 0 0
194 236 493 96 -8 0 0
186 236 490 93 -8 8 0
178 244 487 90 -8 0 0
170 244 484 87 -8 8 0
162 252 481 84 -8 8 0
154 260 478 81 -8 8 0
146 268 475 78 -8 -8 0
138 260 472 75 -8 -8 0
130 252 469 72 -8 8 0
122 260 466 69 -8 8 0
114 268 463 66 0 8 0
114 276 460 63 -8 8 0
106 284 457 60 0 -8 0
106 276 454 57 0 8 0
106 284 451 54 -8 -8 0
98 276 448 51 0 0 0
98 276 445 48 0 -8 0
98 268 442 45 -8 8 0
90 276 439 42 0 8 0
90 284 436 39 -8 0 0
82 284 433 36 0 8 0
82 292 430 33 0 -8 0
82 284 427 30 -8 -8 0
74 276 424 27 0 -8 0
74 268 421 24 0 -8 0
74 260 418 21 -8 0 0
66 260 415 18 0 8 0
66 268 412 15 -8 0 0
60 268 409 12 0 -8 0
60 260 406 9 -8 8 0
60 268 403 12 0 8 0
60 276 400 15 0 -8 0
60 268 397 18 0 8 0
60 276 394 21 0 8 0
60 284 391 24 0 -8 0
60 276 388 27 0 -8 0
60 268 385 30 0 8 0
60 276 382 33 0 -8 0
60 268 379 36 0 -8 0
60 260 376 39 0 8 0
60 268 373 42 0 0 0
60 268 370 45 0 8 0
60 276 367 48 0 8 0
60 284 364 51 0 0 0
60 284 361 54 0 8 0
60 292 358 57 0 8 0
60 300 355 60 0 8 0
60 308 352 63 0 0 0
60 308 349 66 0 -8 0
60 300 346 69 0 0 0
60 300 343 72 0 8 0
60 308 340 75 0 -8 0
60 300 337 78 0 -8 0
60 292 334 81 0 0 0
60 292 331 84 0 8 0
60 300 328 87 0 -8 0
60 292 325 90 0 0 0
60 292 322 93 0 -8 0
60 284 319 96 0 8 0
60 292 316 99 0 8 0
60 300 313 102 0 8 0
60 308 310 105 0 8 0
60 316 307 108 0 0 0
60 316 304 111 8 -8 0
68 308 301 114 0 -8 0
68 300 298 117 0 -8 0
68 292 295 120 8 0 0
76 292 292 123 0 8 0
76 300 289 126 0 0 0
76 300 286 129 8 8 0
84 308 283 132 0 8 0
84 316 280 135 8 -8 0
92 308 277 138 0 -8 0
92 300 274 141 0 -8 0
92 292 271 144 8 0 0
100 292 268 147 0 -8 0
100 284 265 150 0 8 0
100 292 262 153 8 -8 0
108 284 259 156 0 0 0
108 284 256 159 8 -8 0
116 276 253 162 0 -8 0
116 268 250 165 0 8 0
116 276 247 168 8 0 0
124 276 244 171 0 -8 0
124 268 241 174 0 -8 0
124 260 238 177 8 8 0
132 268 235 180 0 8 0
132 276 232 183 8 -8 0
140 268 229 186 0 0 0
140 268 226 189 0 -8 0
140 260 223 192 8 0 0
148 260 220 195 0 0 0
148 260 217 198 0 8 0
148 268 214 201 8 8 0
156 276 211 204 0 -8 0
156 268 208 207 8 -8 0
164 260 205 210 0 0 0
164 260 202 213 0 0 0
164 260 199 216 8 0 0
172 260 196 219 0 8 0
172 268 193 222 0 8 0
172 276 190 225 8 0 0
180 276 187 228 0 8 0
180 284 184 231 8 8 0
188 292 181 234 0 0 0
188 292 178 237 0 -8 0
188 284 175 240 8 -8 0
196 276 172 243 0 0 0
196 276 169 246 0 0 0
196 276 166 249 8 -8 0
204 268 163 252 0 8 0
204 276 160 255 8 0 0
212 276 157 258 0 0 0
212 276 154 261 0 0 0
212 276 151 264 8 0 0
220 276 148 267 0 0 0
220 276 145 270 0 -8 0
220 268 142 273 8 0 0
228 268 139 276 0 -8 0
228 260 136 279 8 0 0
236 260 133 282 0 0 0
236 260 130 285 0 -8 0
236 252 127 288 8 -8 0
244 244 124 291 0 8 0
244 252 121 294 0 8 0
244 260 118 297 8 -8 0
252 252 115 300 0 8 0
252 260 112 303 8 0 0
260 260 109 306 0 -8 0
260 252 106 309 0 8 0
260 260 103 312 8 8 0
268 268 100 315 0 -8 0
268 260 97 318 0 8 0
268 268 94 321 8 -8 0
276 260 91 324 0 -8 0
276 252 88 327 8 8 0
284 260 85 330 0 0 0
284 260 82 333 0 0 0
284 260 79 336 8 0 0
292 260 76 339 0 0 0
292 260 73 342 0 8 0
292 268 70 345 8 8 0
300 276 67 348 0 0 0
300 276 64 351 8 0 0
308 276 61 354 0 -8 0
308 268 58 357 0 0 0
308 268 55 360 8 8 0
316 276 52 363 0 8 0
316 284 49 366 0 0 0
316 284 46 369 8 8 0
324 292 43 372 0 0 0
324 292 40 375 8 0 0
332 292 37 378 0 -8 0
332 284 34 381 0 -8 0
332 276 31 384 8 -8 0
340 268 28 387 0 8 0
340 276 25 390 0 0 0
340 276 22 393 8 0 0
348 276 19 396 0 8 0
348 284 22 399 8 0 0
356 284 25 402 0 0 0
356 284 28 405 0 0 0
356 284 31 408 8 8 0
364 292 34 411 0 8 0
364 300 37 414 0 -8 0
364 292 40 417 8 -8 0
372 284 43 420 0 -8 0
372 276 46 423 8 -8 0
380 268 49 426 0 8 0
380 276 52 429 0 8 0
380 284 55 432 8 -8 0
388 276 58 435 0 0 0
388 276 61 438 0 8 0
388 284 64 441 8 0 0
396 284 67 444 0 0 0
396 284 70 447 8 0 0
404 284 73 450 0 8 0
404 292 76 453 0 8 0
404 300 79 456 8 0 0
412 300 82 459 0 8 0
412 308 85 462 0 0 0
412 308 88 465 8 8 0
420 316 91 468 0 8 0
420 324 94 471 8 -8 0
428 316 97 474 0 8 0
428 324 100 477 0 8 0
428 332 103 480 8 0 0
436 332 106 483 0 -8 0
436 324 109 486 0 8 0
436 332 112 489 8 0 0
444 332 115 492 0 -8 0
444 324 118 495 8 8 0
452 332 121 498 0 -8 0
452 324 124 501 0 0 0
452 324 127 504 8 -8 0
460 316 130 507 0 -8 0
460 308 133 510 0 8 0
460 316 136 513 8 8 0
468 324 139 516 0 8 0
468 332 142 519 8 8 0
476 340 145 522 0 -8 0
476 332 148 525 0 -8 0
476 324 151 528 8 0 0
484 324 154 531 0 8 0
484 332 157 534 0 -8 0
484 324 160 537 8 8 0
492 332 163 540 0 -8 0
492 324 166 543 8 0 0
500 324 169 546 0 0 0
500 324 172 549 0 8 0
500 332 175 552 8 -8 0
508 324 178 555 0 -8 0
508 316 181 558 0 8 0
508 324 184 561 8 -8 0
516 316 187 564 0 -8 0
516 308 190 567 8 8 0
524 316 193 570 0 8 0
524 324 196 573 0 -8 0
524 316 199 576 8 -8 0
532 308 202 579 0 0 0
532 308 205 582 0 0 0
532 308 208 585 8 0 0
540 308 211 588 0 0 0
540 308 214 591 8 8 0
540 316 217 588 0 8 0
540 324 220 585 0 -8 0
540 316 223 582 0 0 0
540 316 226 579 0 0 0
540 316 229 576 0 8 0
540 324 232 573 0 -8 0
540 316 235 570 0 -8 0
540 308 238 567 0 8 0
540 316 241 564 0 -8 0
540 308 244 561 0 -8 0
540 300 247 558 0 -8 0
540 292 250 555 0 0 0
540 292 253 552 0 -8 0
540 284 256 549 0 8 0
540 292 259 546 0 0 0
540 292 262 543 0 8 0
540 300 265 540 0 -8 0
540 292 268 537 0 8 0
540 300 271 534 0 0 0
540 300 274 531 0 -8 0
540 292 277 528 0 0 0
540 292 280 525 0 0 0
540 292 283 522 0 8 0
540 300 286 519 0 8 0
540 308 289 516 0 0 0
540 308 292 513 0 0 0
540 308 295 510 0 8 0
540 316 298 507 0 8 0
540 324 301 504 0 8 0
540 332 304 501 0 -8 0
540 324 307 498 0 8 0
540 332 310 495 0 -8 0
540 324 313 492 0 8 0
540 332 316 489 -8 -8 0
532 324 319 486 0 -8 0
532 316 322 483 0 -8 0
532 308 325 480 -8 0 0
524 308 328 477 0 0 0
524 308 331 474 0 0 0
524 308 334 471 -8 0 0
516 308 337 468 0 0 0
516 308 340 465 -8 8 0
508 316 343 462 0 8 0
508 324 346 459 0 0 0
508 324 349 456 -8 8 0
500 332 352 453 0 8 0
500 340 355 450 0 0 0
500 340 358 447 -8 0 0
492 340 361 444 0 8 0
492 348 364 441 -8 8 0
484 356 367 438 0 -8 0
484 348 370 435 0 -8 0
484 340 373 432 -8 8 0
476 348 376 429 0 -8 0
476 340 379 426 0 -8 0
476 332 382 423 -8 8 0
468 340 385 420 0 -8 0
468 332 388 417 -8 8 0
460 340 391 414 0 8 0
460 348 394 411 0 -8 0
460 340 397 408 -8 0 0
452 340 400 405 0 8 0
452 348 403 402 0 0 0
452 348 406 399 -8 0 0
444 348 409 396 0 8 0
444 356 412 393 -8 8 0
436 364 415 390 0 8 0
436 372 418 387 0 8 0
436 380 421 384 -8 -8 0
428 372 424 381 0 0 0
428 372 427 378 0 -8 0
428 364 430 375 -8 -8 0
420 356 433 372 0 8 0
420 364 436 369 -8 -8 0
412 356 439 366 0 8 0
412 364 442 363 0 -8 0
412 356 445 360 -8 8 0
404 364 448 357 0 8 0
404 372 451 354 0 0 0
404 372 454 351 -8 0 0
396 372 457 348 0 -8 0
396 364 460 345 -8 0 0
388 364 463 342 0 0 0
388 364 466 339 0 0 0
388 364 469 336 -8 -8 0
380 356 472 333 0 8 0
380 364 475 330 0 -8 0
380 356 478 327 -8 8 0
372 364 481 324 0 -8 0
372 356 484 321 -8 0 0
364 356 487 318 0 0 0
364 356 490 315 0 0 0
364 356 493 312 -8 8 0
356 364 496 309 0 0 0
356 364 499 306 0 0 0
356 364 502 303 -8 8 0
348 372 505 300 0 -8 0
348 364 508 297 -8 8 0
340 372 511 294 0 -8 0
340 364 514 291 0 -8 0
340 356 517 288 -8 8 0
332 364 520 285 0 8 0
332 372 523 282 0 0 0
332 372 526 279 -8 8 0
324 380 529 276 0 -8 0
324 372 532 273 -8 8 0
316 380 535 270 0 -8 0
316 372 538 267 0 0 0
316 372 541 264 -8 8 0
308 380 544 261 0 0 0
308 380 547 258 0 0 0
308 380 550 255 -8 0 0
300 380 553 252 0 -8 0
300 372 556 249 -8 8 0
292 380 559 246 0 0 0
292 380 562 243 0 0 0
292 380 565 240 -8 -8 0
284 372 568 237 0 0 0
284 372 571 234 0 0 0
284 372 574 231 -8 -8 0
276 364 577 228 0 0 0
276 364 580 225 -8 8 0
268 372 583 222 0 0 0
268 372 586 219 0 -8 0
268 364 589 216 -8 -8 0
260 356 592 213 0 0 0
260 356 595 210 0 -8 0
260 348 598 207 -8 8 0
252 356 601 204 0 0 0
252 356 604 201 -8 -8 0
244 348 607 198 0 0 0
244 348 610 195 0 0 0
244 348 613 192 -8 -8 0
236 340 616 189 0 8 0
236 348 619 186 0 8 0
236 356 622 183 -8 -8 0
228 348 625 180 0 -8 0
228 340 628 177 -8 0 0
220 340 631 174 0 -8 0
220 332 634 171 0 8 0
220 340 637 168 -8 0 0
212 340 640 165 0 0 0
212 340 643 162 0 -8 0
212 332 646 159 -8 -8 0
204 324 649 156 0 8 0
204 332 652 153 -8 0 0
196 332 655 150 0 0 0
196 332 658 147 0 -8 0
196 324 661 144 -8 8 0
188 332 664 141 0 -8 0
188 324 667 138 0 0 0
188 324 670 135 -8 -8 0
180 316 673 132 0 -8 0
180 308 676 129 -8 8 0
172 316 679 126 0 8 0
172 324 682 123 0 0 0
172 324 685 120 -8 -8 0
164 316 688 117 0 -8 0
164 308 691 114 0 -8 0
164 300 694 111 -8 -8 0
156 292 697 108 0 8 0
156 300 700 105 -8 0 0
148 300 703 102 0 -8 0
148 292 706 99 0 -8 0
148 284 709 96 -8 0 0
140 284 712 93 0 8 0
140 292 715 90 0 8 0
140 300 718 87 -8 -8 0
132 292 721 84 0 0 0
132 292 724 81 -8 8 0
124 300 727 78 0 8 0
124 308 730 75 0 8 0
124 316 733 72 -8 0 0
116 316 736 69 0 0 0
116 316 739 66 0 0 0
116 316 742 63 -8 0 0
108 316 745 60 0 -8 0
108 308 748 57 -8 -8 0
100 300 751 54 0 -8 0
100 292 754 51 0 -8 0
100 284 757 48 -8 -8 0
92 276 760 45 0 0 0
92 276 763 42 0 8 0
92 284 766 39 -8 0 0
84 284 769 36 0 -8 0
84 276 772 33 -8 0 0
76 276 775 30 0 8 0
76 284 778 27 0 -8 0
76 276 781 24 0 0 1
76 276 781 24 0 0 1
76 276 781 24 0 0 1
76 276 781 24 0 0 1
76 276 781 24 0 0 1
