285 449 346 162 0 0 0
285 449 343 165 -8 -8 0
277 441 340 168 -8 0 0
269 441 337 171 -8 0 0
261 441 334 174 -8 -8 0
253 433 331 177 -8 0 0
245 433 328 180 -8 8 0
237 441 325 183 -8 8 0
229 449 322 186 0 -8 0
229 441 319 189 0 -8 0
229 433 316 192 0 8 0
229 441 313 195 0 -8 0
229 433 310 198 0 0 0
229 433 307 201 0 0 0
229 433 304 204 0 8 0
229 441 301 207 0 8 0
229 449 298 210 0 -8 0
229 441 295 213 0 8 0
229 449 292 216 0 -8 0
229 441 289 219 0 8 0
229 449 286 222 0 -8 0
229 441 283 225 0 -8 0
229 433 280 228 0 -8 0
229 425 277 231 0 -8 0
229 417 274 234 0 -8 0
229 409 271 237 0 -8 0
229 401 268 240 0 -8 0
229 393 265 243 0 8 0
229 401 262 246 0 -8 0
229 393 259 249 0 -8 0
229 385 256 252 0 -8 0
229 377 253 255 0 -8 0
229 369 250 258 0 0 0
229 369 247 261 0 -8 0
229 361 244 264 0 0 0
229 361 241 267 0 0 0
229 361 238 270 0 -8 0
229 353 235 273 0 8 0
229 361 232 276 0 0 0
229 361 229 279 0 -8 0
229 353 226 282 8 8 0
237 361 223 285 0 -8 0
237 353 220 288 8 -8 0
245 345 217 291 0 8 0
245 353 214 294 0 -8 0
245 345 211 297 8 8 0
253 353 208 300 0 -8 0
253 345 205 303 0 8 0
253 353 202 306 8 8 0
261 361 199 309 0 8 0
261 369 196 312 8 8 0
269 377 193 315 0 0 0
269 377 190 318 0 -8 0
269 369 187 321 8 8 0
277 377 184 324 0 0 0
277 377 181 327 0 0 0
277 377 178 330 8 -8 0
285 369 175 333 0 0 0
285 369 172 336 8 8 0
293 377 169 339 0 -8 0
293 369 166 342 0 -8 0
293 361 163 345 8 -8 0
301 353 160 348 0 -8 0
301 345 157 351 0 0 0
301 345 154 354 8 0 0
309 345 151 357 0 0 0
309 345 148 360 8 8 0
317 353 145 363 0 -8 0
317 345 142 366 0 0 0
317 345 139 369 8 8 0
325 353 136 372 0 8 0
325 361 133 375 0 8 0
325 369 130 378 8 0 0
333 369 127 381 0 8 0
333 377 124 384 8 8 0
341 385 121 387 0 0 0
341 385 118 390 0 8 0
341 393 115 393 8 0 0
349 393 112 396 0 0 0
349 393 109 399 0 -8 0
349 385 106 402 8 0 0
357 385 103 405 0 8 0
357 393 100 408 8 -8 0
365 385 97 411 0 8 0
365 393 94 414 0 8 0
365 401 91 417 8 -8 0
373 393 88 420 0 8 0
373 401 85 423 0 8 0
373 409 82 426 8 0 0
381 409 79 429 0 -8 0
381 401 76 432 8 0 0
389 401 73 435 0 -8 0
389 393 70 438 0 8 0
389 401 67 441 8 8 0
397 409 64 444 0 0 0
397 409 61 447 0 -8 0
397 401 58 450 8 8 0
405 409 55 453 0 8 0
405 417 52 456 8 -8 0
413 409 49 459 0 0 0
413 409 46 462 0 -8 0
413 401 43 465 8 8 0
421 409 40 468 0 8 0
421 417 37 471 0 8 0
421 425 34 474 8 8 0
429 433 31 477 0 0 0
429 433 28 480 8 0 0
437 433 25 483 0 0 0
437 433 22 486 0 8 0
437 441 19 489 0 0 1
437 441 19 489 0 0 1
437 441 19 489 0 0 1
437 441 19 489 0 0 1
437 441 19 489 0 0 1
