145 390 463 486 0 0 0
145 390 460 483 8 -8 0
153 382 457 480 8 -8 0
161 374 454 477 8 8 0
169 382 451 474 8 8 0
177 390 448 471 8 0 0
185 390 445 468 8 8 0
193 398 442 465 8 0 0
201 398 439 462 8 -8 0
209 390 436 459 8 -8 0
217 382 433 456 8 0 0
225 382 430 453 8 8 0
233 390 427 450 8 8 0
241 398 424 447 8 -8 0
249 390 421 444 8 -8 0
257 382 418 441 8 8 0
265 390 415 438 8 0 0
273 390 412 435 8 -8 0
281 382 409 432 8 0 0
289 382 406 429 8 8 0
297 390 403 426 8 0 0
305 390 400 423 8 0 0
313 390 397 420 8 -8 0
321 382 394 417 8 -8 0
329 374 391 414 8 -8 0
337 366 388 411 8 -8 0
345 358 385 408 8 -8 0
353 350 382 405 8 8 0
361 358 379 402 0 8 0
361 366 376 399 0 0 0
361 366 373 396 0 -8 0
361 358 370 393 0 0 0
361 358 367 390 0 0 0
361 358 364 387 0 -8 0
361 350 361 384 0 0 0
361 350 358 381 0 8 0
361 358 355 378 0 8 0
361 366 352 375 0 -8 0
361 358 349 372 0 8 0
361 366 346 369 0 -8 0
361 358 343 366 0 -8 0
361 350 340 363 0 8 0
361 358 337 360 0 8 0
361 366 334 357 0 0 0
361 366 331 354 0 0 0
361 366 328 351 0 8 0
361 374 325 348 0 8 0
361 382 322 345 0 0 0
361 382 319 342 0 0 0
361 382 316 339 0 0 0
361 382 313 336 0 8 0
361 390 310 333 0 0 0
361 390 307 330 0 8 0
361 398 304 327 0 0 0
361 398 301 324 0 0 0
361 398 298 321 0 -8 0
361 390 295 318 0 8 0
361 398 292 315 0 -8 0
361 390 289 312 0 0 0
361 390 286 309 -8 8 0
353 398 283 306 0 8 0
353 406 280 303 0 8 0
353 414 277 300 -8 8 0
345 422 274 297 0 -8 0
345 414 271 294 -8 -8 0
337 406 268 291 0 -8 0
337 398 265 288 0 0 0
337 398 262 285 -8 8 0
329 406 259 282 0 0 0
329 406 256 279 0 0 0
329 406 253 276 -8 0 0
321 406 250 273 0 8 0
321 414 247 270 -8 8 0
313 422 244 267 0 -8 0
313 414 241 264 0 8 0
313 422 238 261 -8 8 0
305 430 235 258 0 0 0
305 430 232 255 0 8 0
305 438 229 252 -8 0 0
297 438 226 249 0 -8 0
297 430 223 246 -8 8 0
289 438 220 243 0 0 0
289 438 217 240 0 8 0
289 446 214 237 -8 0 0
281 446 211 234 0 -8 0
281 438 208 231 0 8 0
281 446 205 228 -8 0 0
273 446 202 225 0 8 0
273 454 199 222 -8 8 0
265 462 196 219 0 8 0
265 470 193 216 0 -8 0
265 462 190 213 -8 0 0
257 462 187 210 0 8 0
257 470 184 207 0 8 0
257 478 181 204 -8 0 0
249 478 178 201 0 -8 0
249 470 175 198 -8 8 0
241 478 172 195 0 -8 0
241 470 169 192 0 0 0
241 470 166 189 -8 -8 0
233 462 163 186 0 8 0
233 470 160 183 0 8 0
233 478 157 180 -8 0 0
225 478 154 177 0 8 0
225 486 151 174 -8 0 0
217 486 148 171 0 -8 0
217 478 145 168 0 0 0
217 478 142 165 -8 8 0
209 486 139 162 0 0 0
209 486 136 159 0 8 0
209 494 133 156 -8 8 0
201 502 130 153 0 -8 0
201 494 127 150 -8 0 0
193 494 124 147 0 0 0
193 494 121 144 0 -8 0
193 486 118 141 -8 8 0
185 494 115 138 0 8 0
185 502 112 135 0 8 0
185 510 109 132 -8 8 0
177 518 106 129 0 -8 0
177 510 103 126 -8 8 0
169 518 100 123 0 -8 0
169 510 97 120 0 8 0
169 518 94 117 -8 8 0
161 526 91 114 0 8 0
161 534 88 111 0 8 0
161 540 85 108 -8 8 0
153 540 82 105 0 8 0
153 540 79 102 -8 0 0
145 540 76 99 0 -8 0
145 532 73 96 0 -8 0
145 524 70 93 -8 -8 0
137 516 67 90 0 0 0
137 516 64 87 0 8 0
137 524 61 84 -8 -8 0
129 516 58 81 0 0 0
129 516 55 78 -8 0 0
121 516 52 75 0 8 0
121 524 49 72 0 0 0
121 524 46 69 -8 0 0
113 524 43 66 0 0 0
113 524 40 63 0 0 0
113 524 37 60 -8 8 0
105 532 34 57 0 -8 0
105 524 31 54 -8 0 0
97 524 28 51 0 -8 0
97 516 25 48 0 0 0
97 516 22 45 -8 0 0
89 516 19 42 0 0 0
89 516 22 39 0 0 0
89 516 25 36 -8 8 0
81 524 28 33 0 8 0
81 532 31 30 -8 0 0
73 532 34 27 0 8 0
73 540 37 24 0 8 0
73 540 40 21 -8 8 0
65 540 43 18 0 -8 0
65 532 46 15 0 -8 0
65 524 49 12 -8 -8 0
60 516 52 9 -8 8 0
60 524 55 12 0 8 0
60 532 58 15 0 8 0
60 540 61 18 0 8 0
60 540 64 21 0 -8 0
60 532 67 24 0 0 0
60 532 70 27 0 8 0
60 540 73 30 0 0 0
60 540 76 33 0 0 0
60 540 79 36 0 0 0
60 540 82 39 0 -8 0
60 532 85 42 0 -8 0
60 524 88 45 0 0 0
60 524 91 48 0 -8 0
60 516 94 51 0 8 0
60 524 97 54 0 -8 0
60 516 100 57 0 -8 0
60 508 103 60 0 -8 0
60 500 106 63 0 -8 0
60 492 109 66 0 -8 0
60 484 112 69 0 8 0
60 492 115 72 0 -8 0
60 484 118 75 0 8 0
60 492 121 78 0 8 0
60 500 124 81 0 0 0
60 500 127 84 0 0 0
60 500 130 87 0 -8 0
60 492 133 90 0 0 0
60 492 136 93 0 -8 0
60 484 139 96 0 8 0
60 492 142 99 0 -8 0
60 484 145 102 0 8 0
60 492 148 105 0 -8 0
60 484 151 108 0 -8 0
60 476 154 111 8 0 0
68 476 157 114 0 -8 0
68 468 160 117 0 8 0
68 476 163 120 8 -8 0
76 468 166 123 0 8 0
76 476 169 126 0 8 0
76 484 172 129 8 8 0
84 492 175 132 0 -8 0
84 484 178 135 8 0 0
92 484 181 138 0 -8 0
92 476 184 141 0 8 0
92 484 187 144 8 -8 0
100 476 190 147 0 8 0
100 484 193 150 0 -8 0
100 476 196 153 8 0 0
108 476 199 156 0 8 0
108 484 202 159 8 8 0
116 492 205 162 0 0 0
116 492 208 165 0 -8 0
116 484 211 168 8 -8 0
124 476 214 171 0 8 0
124 484 217 174 0 0 0
124 484 220 177 8 0 0
132 484 223 180 0 8 0
132 492 226 183 8 -8 0
140 484 229 186 0 -8 0
140 476 232 189 0 -8 0
140 468 235 192 8 -8 0
148 460 238 195 0 0 0
148 460 241 198 0 -8 0
148 452 244 201 8 -8 0
156 444 247 204 0 -8 0
156 436 250 207 8 8 0
164 444 253 210 0 -8 0
164 436 256 213 0 8 0
164 444 259 216 8 0 0
172 444 262 219 0 8 0
172 452 265 222 0 0 0
172 452 268 225 8 -8 0
180 444 271 228 0 8 0
180 452 274 231 8 0 0
188 452 277 234 0 -8 0
188 444 280 237 0 -8 0
188 436 283 240 8 0 0
196 436 286 243 0 0 0
196 436 289 246 0 -8 0
196 428 292 249 8 0 0
204 428 295 252 0 -8 0
204 420 298 255 8 -8 0
212 412 301 258 0 0 0
212 412 304 261 0 -8 0
212 404 307 264 8 0 0
220 404 310 267 0 0 0
220 404 313 270 0 8 0
220 412 316 273 8 0 0
228 412 319 276 0 0 0
228 412 322 279 8 -8 0
236 404 325 282 0 -8 0
236 396 328 285 0 -8 0
236 388 331 288 8 8 0
244 396 334 291 0 8 0
244 404 337 294 0 0 0
244 404 340 297 8 -8 0
252 396 343 300 0 8 0
252 404 346 303 8 8 0
260 412 349 306 0 8 0
260 420 352 309 0 8 0
260 428 355 312 8 0 0
268 428 358 315 0 0 0
268 428 361 318 0 8 0
268 436 364 321 8 8 0
276 444 367 324 0 8 0
276 452 370 327 8 -8 0
284 444 373 330 0 0 0
284 444 376 333 0 8 0
284 452 379 336 8 0 0
292 452 382 339 0 -8 0
292 444 385 342 0 -8 0
292 436 388 345 8 -8 0
300 428 391 348 0 0 0
300 428 394 351 8 -8 0
308 420 397 354 0 -8 0
308 412 400 357 0 8 0
308 420 403 360 8 8 0
316 428 406 363 0 8 0
316 436 409 366 0 0 0
316 436 412 369 8 0 0
324 436 415 372 0 -8 0
324 428 418 375 8 -8 0
332 420 421 378 0 8 0
332 428 424 381 0 8 0
332 436 427 384 8 0 0
340 436 430 387 0 8 0
340 444 433 390 0 8 0
340 452 436 393 8 8 0
348 460 439 396 0 -8 0
348 452 442 399 8 -8 0
356 444 445 402 0 -8 0
356 436 448 405 0 -8 0
356 428 451 408 8 0 0
364 428 454 411 0 -8 0
364 420 457 414 0 8 0
364 428 460 417 8 8 0
372 436 463 420 0 -8 0
372 428 466 423 8 8 0
380 436 469 426 0 0 0
380 436 472 429 0 -8 0
380 428 475 432 8 -8 0
388 420 478 435 0 0 0
388 420 481 438 0 0 0
388 420 484 441 8 -8 0
396 412 487 444 0 -8 0
396 404 490 447 8 -8 0
404 396 493 450 0 0 0
404 396 496 453 0 8 0
404 404 499 456 8 0 0
412 404 502 459 0 0 0
412 404 505 462 0 8 0
412 412 508 465 8 -8 0
420 404 511 468 0 -8 0
420 396 514 471 8 -8 0
428 388 517 474 0 8 0
428 396 520 477 0 0 0
428 396 523 480 8 0 0
436 396 526 483 0 0 0
436 396 529 486 0 8 0
436 404 532 489 8 8 0
444 412 535 492 0 0 0
444 412 538 495 8 -8 0
452 404 541 498 0 -8 0
452 396 544 501 0 0 0
452 396 547 504 8 -8 0
460 388 550 507 0 0 0
460 388 553 510 0 -8 0
460 380 556 513 8 -8 0
468 372 559 516 0 -8 0
468 364 562 519 8 0 0
476 364 565 522 0 -8 0
476 356 568 525 0 0 0
476 356 571 528 8 -8 0
484 348 574 531 0 0 0
484 348 577 534 0 0 0
484 348 580 537 8 8 0
492 356 583 540 0 -8 0
492 348 586 543 8 0 0
500 348 589 546 0 0 0
500 348 592 549 0 8 0
500 356 595 552 8 0 0
508 356 598 555 0 8 0
508 364 601 558 0 -8 0
508 356 604 561 8 0 0
516 356 607 564 0 0 0
516 356 610 567 8 8 0
524 364 613 570 0 0 0
524 364 616 573 0 -8 0
524 356 619 576 8 0 0
532 356 622 579 0 0 0
532 356 625 582 0 -8 0
532 348 628 585 8 -8 0
540 340 631 588 0 8 0
540 348 634 591 8 8 0
540 356 637 588 0 -8 0
540 348 640 585 0 -8 0
540 340 643 582 0 -8 0
540 332 646 579 0 0 0
540 332 649 576 0 -8 0
540 324 652 573 0 0 0
540 324 655 570 0 0 0
540 324 658 567 0 0 0
540 324 661 564 0 -8 0
540 316 664 561 0 8 0
540 324 667 558 0 -8 0
540 316 670 555 0 0 0
540 316 673 552 0 -8 0
540 308 676 549 0 8 0
540 316 679 546 0 -8 0
540 308 682 543 0 0 0
540 308 685 540 0 0 0
540 308 688 537 0 -8 0
540 300 691 534 0 0 0
540 300 694 531 0 -8 0
540 292 697 528 0 -8 0
540 284 700 525 0 -8 0
540 276 703 522 0 0 0
540 276 706 519 0 0 0
540 276 709 516 0 8 0
540 284 712 513 0 8 0
540 292 715 510 0 -8 0
540 284 718 507 0 8 0
540 292 721 504 0 -8 0
540 284 724 501 0 -8 0
540 276 727 498 0 8 0
540 284 730 495 0 -8 0
540 276 733 492 0 8 0
540 284 736 489 -8 8 0
532 292 739 486 0 8 0
532 300 742 483 0 8 0
532 308 745 480 -8 0 0
524 308 748 477 0 8 0
524 316 751 474 0 -8 0
524 308 754 471 -8 8 0
516 316 757 468 0 8 0
516 324 760 465 -8 -8 0
508 316 763 462 0 8 0
508 324 766 459 0 8 0
508 332 769 456 -8 0 0
500 332 772 453 0 0 0
500 332 775 450 0 -8 0
500 324 778 447 -8 -8 0
492 316 781 444 0 0 1
492 316 781 444 0 0 1
492 316 781 444 0 0 1
492 316 781 444 0 0 1
492 316 781 444 0 0 1
