443 296 217 366 0 0 0
443 296 214 363 -8 8 0
435 304 211 360 -8 -8 0
427 296 208 357 -8 8 0
419 304 205 354 -8 8 0
411 312 202 351 -8 0 0
403 312 199 348 -8 8 0
395 320 196 345 0 8 0
395 328 193 342 -8 -8 0
387 320 190 339 0 0 0
387 320 187 336 -8 0 0
379 320 184 333 0 0 0
379 320 181 330 0 0 0
379 320 178 327 -8 -8 0
371 312 175 324 0 0 0
371 312 172 321 0 8 0
371 320 169 318 -8 -8 0
363 312 166 315 0 0 0
363 312 163 312 -8 8 0
355 320 160 309 0 0 0
355 320 157 306 0 0 0
355 320 154 303 -8 0 0
347 320 151 300 0 -8 0
347 312 148 297 0 0 0
347 312 145 294 -8 8 0
339 320 142 291 0 -8 0
339 312 139 288 -8 8 0
331 320 136 285 0 8 0
331 328 133 282 0 0 0
331 328 130 279 -8 8 0
323 336 127 276 0 0 0
323 336 124 273 0 8 0
323 344 121 270 -8 -8 0
315 336 118 267 0 -8 0
315 328 115 264 -8 0 0
307 328 112 261 0 0 0
307 328 109 258 0 0 0
307 328 106 255 -8 8 0
299 336 103 252 0 8 0
299 344 100 249 0 -8 0
299 336 97 246 -8 0 0
291 336 94 243 0 8 0
291 344 91 240 -8 0 0
283 344 88 237 0 0 0
283 344 85 234 0 8 0
283 352 82 231 -8 8 0
275 360 79 228 0 0 0
275 360 76 225 0 8 0
275 368 73 222 -8 8 0
267 376 70 219 0 8 0
267 384 67 216 -8 0 0
259 384 64 213 0 0 0
259 384 61 210 0 -8 0
259 376 58 207 -8 0 0
251 376 55 204 0 0 0
251 376 52 201 0 0 0
251 376 49 198 -8 0 0
243 376 46 195 0 0 0
243 376 43 192 -8 8 0
235 384 40 189 0 8 0
235 392 37 186 0 8 0
235 400 34 183 -8 -8 0
227 392 31 180 0 0 0
227 392 28 177 0 8 0
227 400 25 174 -8 0 0
219 400 22 171 0 -8 0
219 392 19 168 0 0 1
219 392 19 168 0 0 1
219 392 19 168 0 0 1
219 392 19 168 0 0 1
219 392 19 168 0 0 1
