118 365 559 282 0 0 0
118 365 556 285 8 8 0
126 373 553 288 8 -8 0
134 365 550 291 8 8 0
142 373 547 294 8 -8 0
150 365 544 297 8 8 0
158 373 541 300 8 -8 0
166 365 538 303 8 -8 0
174 357 535 306 8 -8 0
182 349 532 309 8 8 0
190 357 529 312 8 0 0
198 357 526 315 8 8 0
206 365 523 318 8 -8 0
214 357 520 321 8 0 0
222 357 517 324 8 0 0
230 357 514 327 8 -8 0
238 349 511 330 8 8 0
246 357 508 333 8 8 0
254 365 505 336 8 8 0
262 373 502 339 8 8 0
270 381 499 342 8 8 0
278 389 496 345 8 8 0
286 397 493 348 8 8 0
294 405 490 351 8 0 0
302 405 487 354 8 0 0
310 405 484 357 0 -8 0
310 397 481 360 0 -8 0
310 389 478 363 8 0 0
318 389 475 366 0 -8 0
318 381 472 369 8 -8 0
326 373 469 372 0 8 0
326 381 466 375 0 -8 0
326 373 463 378 8 0 0
334 373 460 381 0 0 0
334 373 457 384 0 0 0
334 373 454 387 8 8 0
342 381 451 390 0 8 0
342 389 448 393 8 8 0
350 397 445 396 0 -8 0
350 389 442 399 0 8 0
350 397 439 402 8 8 0
358 405 436 405 0 8 0
358 413 433 408 0 0 0
358 413 430 411 8 -8 0
366 405 427 414 0 8 0
366 413 424 417 8 0 0
374 413 421 420 0 -8 0
374 405 418 423 0 0 0
374 405 415 426 8 0 0
382 405 412 429 0 0 0
382 405 409 432 0 -8 0
382 397 406 435 8 0 0
390 397 403 438 0 -8 0
390 389 400 441 8 -8 0
398 381 397 444 0 -8 0
398 373 394 447 0 8 0
398 381 391 450 8 8 0
406 389 388 453 0 0 0
406 389 385 456 0 -8 0
406 381 382 459 8 0 0
414 381 379 462 0 -8 0
414 373 376 465 8 -8 0
422 365 373 468 0 0 0
422 365 370 471 0 -8 0
422 357 367 474 8 0 0
430 357 364 477 0 8 0
430 365 361 480 0 8 0
430 373 358 483 8 8 0
438 381 355 486 0 -8 0
438 373 352 489 8 -8 0
446 365 349 492 0 0 0
446 365 346 495 0 -8 0
446 357 343 498 8 0 0
454 357 340 501 0 0 0
454 357 337 504 0 -8 0
454 349 334 507 8 8 0
462 357 331 510 0 8 0
462 365 328 513 8 -8 0
470 357 325 516 0 0 0
470 357 322 519 0 0 0
470 357 319 522 8 -8 0
478 349 316 525 0 0 0
478 349 313 528 0 -8 0
478 341 310 531 8 0 0
486 341 307 534 0 -8 0
486 333 304 537 8 8 0
494 341 301 540 0 -8 0
494 333 298 543 0 0 0
494 333 295 546 8 0 0
502 333 292 549 0 -8 0
502 325 289 552 0 8 0
502 333 286 555 8 8 0
510 341 283 558 0 8 0
510 349 280 561 8 0 0
518 349 277 564 0 0 0
518 349 274 567 0 0 0
518 349 271 570 8 0 0
526 349 268 573 0 0 0
526 349 265 576 0 -8 0
526 341 262 579 8 -8 0
534 333 259 582 0 -8 0
534 325 256 585 8 -8 0
540 317 253 588 0 0 0
540 317 250 591 8 -8 0
540 309 247 588 0 -8 0
540 301 244 585 0 8 0
540 309 241 582 0 8 0
540 317 238 579 0 8 0
540 325 235 576 0 8 0
540 333 232 573 0 0 0
540 333 229 570 0 8 0
540 341 226 567 0 0 0
540 341 223 564 0 -8 0
540 333 220 561 0 -8 0
540 325 217 558 0 -8 0
540 317 214 555 0 -8 0
540 309 211 552 0 -8 0
540 301 208 549 0 8 0
540 309 205 546 0 0 0
540 309 202 543 0 -8 0
540 301 199 540 0 8 0
540 309 196 537 0 -8 0
540 301 193 534 0 0 0
540 301 190 531 0 -8 0
540 293 187 528 0 8 0
540 301 184 525 0 0 0
540 301 181 522 0 8 0
540 309 178 519 0 8 0
540 317 175 516 0 -8 0
540 309 172 513 0 -8 0
540 301 169 510 0 0 0
540 301 166 507 0 -8 0
540 293 163 504 0 -8 0
540 285 160 501 0 8 0
540 293 157 498 0 0 0
540 293 154 495 0 -8 0
540 285 151 492 0 0 0
540 285 148 489 -8 0 0
532 285 145 486 0 0 0
532 285 142 483 0 8 0
532 293 139 480 -8 0 0
524 293 136 477 0 0 0
524 293 133 474 0 8 0
524 301 130 471 -8 8 0
516 309 127 468 0 -8 0
516 301 124 465 -8 8 0
508 309 121 462 0 0 0
508 309 118 459 0 8 0
508 317 115 456 -8 0 0
500 317 112 453 0 -8 0
500 309 109 450 0 8 0
500 317 106 447 -8 8 0
492 325 103 444 0 -8 0
492 317 100 441 -8 8 0
484 325 97 438 0 0 0
484 325 94 435 0 0 0
484 325 91 432 -8 8 0
476 333 88 429 0 -8 0
476 325 85 426 0 8 0
476 333 82 423 -8 -8 0
468 325 79 420 0 -8 0
468 317 76 417 -8 8 0
460 325 73 414 0 -8 0
460 317 70 411 0 0 0
460 317 67 408 -8 8 0
452 325 64 405 0 0 0
452 325 61 402 0 -8 0
452 317 58 399 -8 8 0
444 325 55 396 0 -8 0
444 317 52 393 -8 -8 0
436 309 49 390 0 0 0
436 309 46 387 0 8 0
436 317 43 384 -8 0 0
428 317 40 381 0 8 0
428 325 37 378 0 8 0
428 333 34 375 -8 0 0
420 333 31 372 0 0 0
420 333 28 369 -8 8 0
412 341 25 366 0 8 0
412 349 22 363 0 -8 0
412 341 19 360 0 0 1
412 341 19 360 0 0 1
412 341 19 360 0 0 1
412 341 19 360 0 0 1
412 341 19 360 0 0 1
