86 154 250 291 0 0 0
86 154 247 294 8 -8 0
94 146 244 297 8 -8 0
102 138 241 300 8 8 0
110 146 238 303 8 8 0
118 154 235 306 8 8 0
126 162 232 309 8 -8 0
134 154 229 312 8 -8 0
142 146 226 315 8 -8 0
150 138 223 318 8 8 0
158 146 220 321 8 -8 0
166 138 217 324 8 8 0
174 146 214 327 8 0 0
182 146 211 330 8 8 0
190 154 208 333 8 0 0
198 154 205 336 8 0 0
206 154 202 339 8 0 0
214 154 199 342 8 8 0
222 162 196 345 8 -8 0
230 154 193 348 8 8 0
238 162 190 351 8 0 0
246 162 187 354 8 0 0
254 162 184 357 8 0 0
262 162 181 360 8 0 0
270 162 178 363 8 8 0
278 170 175 366 8 -8 0
286 162 172 369 8 -8 0
294 154 169 372 8 0 0
302 154 166 375 8 8 0
310 162 163 378 8 8 0
318 170 160 381 8 8 0
326 178 157 384 8 -8 0
334 170 154 387 8 0 0
342 170 151 390 0 8 0
342 178 148 393 8 0 0
350 178 145 396 0 0 0
350 178 142 399 0 -8 0
350 170 139 402 8 -8 0
358 162 136 405 0 8 0
358 170 133 408 0 8 0
358 178 130 411 8 8 0
366 186 127 414 0 8 0
366 194 124 417 8 -8 0
374 186 121 420 0 0 0
374 186 118 423 0 8 0
374 194 115 426 8 -8 0
382 186 112 429 0 8 0
382 194 109 432 0 8 0
382 202 106 435 8 8 0
390 210 103 438 0 -8 0
390 202 100 441 8 -8 0
398 194 97 444 0 -8 0
398 186 94 447 0 8 0
398 194 91 450 8 8 0
406 202 88 453 0 -8 0
406 194 85 456 0 8 0
406 202 82 459 8 0 0
414 202 79 462 0 -8 0
414 194 76 465 8 0 0
422 194 73 468 0 0 0
422 194 70 471 0 0 0
422 194 67 474 8 -8 0
430 186 64 477 0 0 0
430 186 61 480 0 0 0
430 186 58 483 8 8 0
438 194 55 486 0 -8 0
438 186 52 489 8 0 0
446 186 49 492 0 -8 0
446 178 46 495 0 -8 0
446 170 43 498 8 8 0
454 178 40 501 0 -8 0
454 170 37 504 0 0 0
454 170 34 507 8 0 0
462 170 31 510 0 -8 0
462 162 28 513 8 0 0
470 162 25 516 0 8 0
470 170 22 519 0 0 0
470 170 19 522 0 0 1
470 170 19 522 0 0 1
470 170 19 522 0 0 1
470 170 19 522 0 0 1
470 170 19 522 0 0 1
