382 89 175 267 0 0 0
382 89 172 264 -8 -8 0
374 81 169 261 -8 0 0
366 81 166 258 -8 8 0
358 89 163 255 -8 -8 0
350 81 160 252 -8 0 0
342 81 157 249 -8 8 0
334 89 154 246 -8 8 0
326 97 151 243 -8 8 0
318 105 148 240 -8 8 0
310 113 145 237 -8 8 0
302 121 142 234 -8 0 0
294 121 139 231 -8 0 0
286 121 136 228 -8 -8 0
278 113 133 225 -8 -8 0
270 105 130 222 0 -8 0
270 97 127 219 -8 8 0
262 105 124 216 0 8 0
262 113 121 213 0 8 0
262 121 118 210 -8 -8 0
254 113 115 207 0 -8 0
254 105 112 204 0 0 0
254 105 109 201 -8 -8 0
246 97 106 198 0 -8 0
246 89 103 195 -8 8 0
238 97 100 192 0 0 0
238 97 97 189 0 8 0
238 105 94 186 -8 -8 0
230 97 91 183 0 -8 0
230 89 88 180 0 8 0
230 97 85 177 -8 -8 0
222 89 82 174 0 -8 0
222 81 79 171 -8 8 0
214 89 76 168 0 -8 0
214 81 73 165 0 -8 0
214 73 70 162 -8 0 0
206 73 67 159 0 8 0
206 81 64 156 0 8 0
206 89 61 153 -8 -8 0
198 81 58 150 0 -8 0
198 73 55 147 -8 -8 0
190 65 52 144 0 0 0
190 65 49 141 0 8 0
190 73 46 138 -8 -8 0
182 65 43 135 0 0 0
182 65 40 132 0 -8 0
182 60 37 129 -8 0 0
174 60 34 126 0 8 0
174 68 31 123 -8 8 0
166 76 28 120 0 0 0
166 76 25 117 0 8 0
166 84 22 114 -8 -8 0
158 76 19 111 0 -8 0
158 68 22 108 0 0 0
158 68 25 105 -8 8 0
150 76 28 102 0 0 0
150 76 31 99 -8 -8 0
142 68 34 96 0 0 0
142 68 37 93 0 -8 0
142 60 40 90 -8 0 0
134 60 43 87 0 8 0
134 68 46 84 0 8 0
134 76 49 81 -8 -8 0
126 68 52 78 0 8 0
126 76 55 75 -8 -8 0
118 68 58 72 0 8 0
118 76 61 69 0 8 0
118 84 64 66 -8 0 0
110 84 67 63 0 8 0
110 92 70 60 0 0 0
110 92 73 57 -8 -8 0
102 84 76 54 0 8 0
102 92 79 51 -8 -8 0
94 84 82 48 0 -8 0
94 76 85 45 0 0 0
94 76 88 42 -8 -8 0
86 68 91 39 0 0 0
86 68 94 36 0 -8 0
86 60 97 33 -8 0 0
78 60 100 30 0 8 0
78 68 103 27 -8 0 0
70 68 106 24 0 8 0
70 76 109 21 0 8 0
70 84 112 18 -8 -8 0
62 76 115 15 0 -8 0
62 68 118 12 0 8 0
62 76 121 9 -8 8 0
60 84 124 12 0 -8 0
60 76 127 15 0 8 0
60 84 130 18 0 0 0
60 84 133 21 0 -8 0
60 76 136 24 0 0 0
60 76 139 27 0 -8 0
60 68 142 30 0 0 0
60 68 145 33 0 -8 0
60 60 148 36 0 -8 0
60 60 151 39 0 0 0
60 60 154 42 0 8 0
60 68 157 45 0 0 0
60 68 160 48 0 -8 0
60 60 163 51 0 0 0
60 60 166 54 0 0 0
60 60 169 57 0 8 0
60 68 172 60 0 0 0
60 68 175 63 0 0 0
60 68 178 66 0 0 0
60 68 181 69 0 -8 0
60 60 184 72 0 -8 0
60 60 187 75 0 0 0
60 60 190 78 0 0 0
60 60 193 81 0 -8 0
60 60 196 84 0 0 0
60 60 199 87 0 8 0
60 68 202 90 0 0 0
60 68 205 93 0 8 0
60 76 208 96 0 8 0
60 84 211 99 0 8 0
60 92 214 102 0 -8 0
60 84 217 105 0 0 0
60 84 220 108 0 8 0
60 92 223 111 8 0 0
68 92 226 114 0 -8 0
68 84 229 117 0 0 0
68 84 232 120 8 0 0
76 84 235 123 0 -8 0
76 76 238 126 0 -8 0
76 68 241 129 8 8 0
84 76 244 132 0 -8 0
84 68 247 135 8 -8 0
92 60 250 138 0 8 0
92 68 253 141 0 8 0
92 76 256 144 8 8 0
100 84 259 147 0 -8 0
100 76 262 150 0 0 0
100 76 265 153 8 -8 0
108 68 268 156 0 0 0
108 68 271 159 8 -8 0
116 60 274 162 0 8 0
116 68 277 165 0 0 0
116 68 280 168 8 0 0
124 68 283 171 0 -8 0
124 60 286 174 0 8 0
124 68 289 177 8 -8 0
132 60 292 180 0 -8 0
132 60 295 183 8 8 0
140 68 298 186 0 8 0
140 76 301 189 0 0 0
140 76 304 192 8 -8 0
148 68 307 195 0 8 0
148 76 310 198 0 -8 0
148 68 313 201 8 0 0
156 68 316 204 0 0 0
156 68 319 207 8 8 0
164 76 322 210 0 -8 0
164 68 325 213 0 -8 0
164 60 328 216 8 8 0
172 68 331 219 0 -8 0
172 60 334 222 0 -8 0
172 60 337 225 8 -8 0
180 60 340 228 0 0 0
180 60 343 231 8 -8 0
188 60 346 234 0 8 0
188 68 349 237 0 -8 0
188 60 352 240 8 8 0
196 68 355 243 0 8 0
196 76 358 246 0 8 0
196 84 361 249 8 0 0
204 84 364 252 0 8 0
204 92 367 255 8 8 0
212 100 370 258 0 0 0
212 100 373 261 0 -8 0
212 92 376 264 8 0 0
220 92 379 267 0 8 0
220 100 382 270 0 0 0
220 100 385 273 8 0 0
228 100 388 276 0 0 0
228 100 391 279 8 0 0
236 100 394 282 0 -8 0
236 92 397 285 0 0 0
236 92 400 288 8 0 0
244 92 403 291 0 8 0
244 100 406 294 0 -8 0
244 92 409 297 8 8 0
252 100 412 300 0 -8 0
252 92 415 303 8 -8 0
260 84 418 306 0 0 0
260 84 421 309 0 0 0
260 84 424 312 8 0 0
268 84 427 315 0 0 0
268 84 430 318 0 0 0
268 84 433 321 8 0 0
276 84 436 324 0 -8 0
276 76 439 327 8 -8 0
284 68 442 330 0 -8 0
284 60 445 333 0 -8 0
284 60 448 336 8 -8 0
292 60 451 339 0 8 0
292 68 454 342 0 8 0
292 76 457 345 8 0 0
300 76 460 348 0 8 0
300 84 463 351 8 0 0
308 84 466 354 0 -8 0
308 76 469 357 0 0 0
308 76 472 360 8 -8 0
316 68 475 363 0 0 0
316 68 478 366 0 0 0
316 68 481 369 8 8 0
324 76 484 372 0 -8 0
324 68 487 375 8 -8 0
332 60 490 378 0 0 0
332 60 493 381 0 0 0
332 60 496 384 8 -8 0
340 60 499 387 0 0 0
340 60 502 390 0 -8 0
340 60 505 393 8 0 0
348 60 508 396 0 -8 0
348 60 511 399 8 8 0
356 68 514 402 0 0 0
356 68 517 405 0 -8 0
356 60 520 408 8 8 0
364 68 523 411 0 8 0
364 76 526 414 0 8 0
364 84 529 417 8 0 0
372 84 532 420 0 -8 0
372 76 535 423 8 -8 0
380 68 538 426 0 0 0
380 68 541 429 0 0 0
380 68 544 432 8 0 0
388 68 547 435 0 8 0
388 76 550 438 0 8 0
388 84 553 441 8 0 0
396 84 556 444 0 0 0
396 84 559 447 8 8 0
404 92 562 450 0 -8 0
404 84 565 453 0 -8 0
404 76 568 456 8 8 0
412 84 571 459 0 -8 0
412 76 574 462 0 -8 0
412 68 577 465 8 0 0
420 68 580 468 0 8 0
420 76 583 471 8 -8 0
428 68 586 474 0 8 0
428 76 589 477 0 0 0
428 76 592 480 8 8 0
436 84 595 483 0 0 0
436 84 598 486 0 0 0
436 84 601 489 8 8 0
444 92 604 492 0 8 0
444 100 607 495 8 0 0
452 100 610 498 0 -8 0
452 92 613 501 0 8 0
452 100 616 504 8 0 0
460 100 619 507 0 0 0
460 100 622 510 0 8 0
460 108 625 513 8 -8 0
468 100 628 516 0 8 0
468 108 631 519 8 -8 0
476 100 634 522 0 -8 0
476 92 637 525 0 8 0
476 100 640 528 8 0 0
484 100 643 531 0 -8 0
484 92 646 534 0 8 0
484 100 649 537 8 8 0
492 108 652 540 0 0 0
492 108 655 543 8 0 0
500 108 658 546 0 -8 0
500 100 661 549 0 0 0
500 100 664 552 8 8 0
508 108 667 555 0 0 0
508 108 670 558 0 -8 0
508 100 673 561 8 0 0
516 100 676 564 0 -8 0
516 92 679 567 8 8 0
524 100 682 570 0 0 0
524 100 685 573 0 8 0
524 108 688 576 8 0 0
532 108 691 579 0 8 0
532 116 694 582 0 8 0
532 124 697 585 8 0 0
540 124 700 588 0 8 0
540 132 703 591 8 8 0
540 140 706 588 0 -8 0
540 132 709 585 0 8 0
540 140 712 582 0 -8 0
540 132 715 579 0 8 0
540 140 718 576 0 0 0
540 140 721 573 0 0 0
540 140 724 570 0 0 0
540 140 727 567 0 8 0
540 148 730 564 0 0 0
540 148 733 561 0 -8 0
540 140 736 558 0 0 0
540 140 739 555 0 8 0
540 148 742 552 0 8 0
540 156 745 549 0 0 0
540 156 748 546 0 -8 0
540 148 751 543 0 8 0
540 156 754 540 0 8 0
540 164 757 537 0 8 0
540 172 760 534 0 8 0
540 180 763 531 0 0 0
540 180 766 528 0 -8 0
540 172 769 525 0 -8 0
540 164 772 522 0 0 0
540 164 775 519 0 0 0
540 164 778 516 0 0 0
540 164 781 513 0 0 1
540 164 781 513 0 0 1
540 164 781 513 0 0 1
540 164 781 513 0 0 1
540 164 781 513 0 0 1
