412 515 448 246 0 0 0
412 515 451 249 -8 -8 0
404 507 454 252 -8 -8 0
396 499 457 255 -8 8 0
388 507 460 258 -8 0 0
380 507 463 261 -8 -8 0
372 499 466 264 -8 8 0
364 507 469 267 -8 -8 0
356 499 472 270 -8 8 0
348 507 475 273 -8 0 0
340 507 478 276 -8 0 0
332 507 481 279 -8 8 0
324 515 484 282 0 0 0
324 515 487 285 0 8 0
324 523 490 288 0 -8 0
324 515 493 291 0 -8 0
324 507 496 294 0 0 0
324 507 499 297 0 -8 0
324 499 502 300 0 -8 0
324 491 505 303 0 -8 0
324 483 508 306 0 0 0
324 483 511 309 0 8 0
324 491 514 312 0 -8 0
324 483 517 315 0 8 0
324 491 520 318 0 0 0
324 491 523 321 0 -8 0
324 483 526 324 0 -8 0
324 475 529 327 0 0 0
324 475 532 330 0 0 0
324 475 535 333 0 -8 0
324 467 538 336 0 -8 0
324 459 541 339 0 8 0
324 467 544 342 0 -8 0
324 459 547 345 0 -8 0
324 451 550 348 0 -8 0
324 443 553 351 0 -8 0
324 435 556 354 0 -8 0
324 427 559 357 0 -8 0
324 419 562 360 0 0 0
324 419 565 363 0 0 0
324 419 568 366 0 8 0
324 427 571 369 0 8 0
324 435 574 372 0 -8 0
324 427 577 375 8 0 0
332 427 580 378 0 0 0
332 427 583 381 0 0 0
332 427 586 384 8 -8 0
340 419 589 387 0 -8 0
340 411 592 390 0 0 0
340 411 595 393 8 -8 0
348 403 598 396 0 8 0
348 411 601 399 8 -8 0
356 403 604 402 0 -8 0
356 395 607 405 0 -8 0
356 387 610 408 8 8 0
364 395 613 411 0 8 0
364 403 616 414 0 8 0
364 411 619 417 8 -8 0
372 403 622 420 0 8 0
372 411 625 423 8 0 0
380 411 628 426 0 -8 0
380 403 631 429 0 8 0
380 411 634 432 8 -8 0
388 403 637 435 0 0 0
388 403 640 438 0 0 0
388 403 643 441 8 -8 0
396 395 646 444 0 0 0
396 395 649 447 8 8 0
404 403 652 450 0 8 0
404 411 655 453 0 -8 0
404 403 658 456 8 0 0
412 403 661 459 0 0 0
412 403 664 462 0 8 0
412 411 667 465 8 8 0
420 419 670 468 0 8 0
420 427 673 471 8 0 0
428 427 676 474 0 8 0
428 435 679 477 0 8 0
428 443 682 480 8 8 0
436 451 685 483 0 0 0
436 451 688 486 0 0 0
436 451 691 489 8 -8 0
444 443 694 492 0 8 0
444 451 697 495 8 -8 0
452 443 700 498 0 8 0
452 451 703 501 0 -8 0
452 443 706 504 8 -8 0
460 435 709 507 0 8 0
460 443 712 510 0 8 0
460 451 715 513 8 8 0
468 459 718 516 0 0 0
468 459 721 519 8 8 0
476 467 724 522 0 8 0
476 475 727 525 0 8 0
476 483 730 528 8 0 0
484 483 733 531 0 8 0
484 491 736 534 0 -8 0
484 483 739 537 8 -8 0
492 475 742 540 0 0 0
492 475 745 543 8 -8 0
500 467 748 546 0 -8 0
500 459 751 549 0 0 0
500 459 754 552 8 8 0
508 467 757 555 0 -8 0
508 459 760 558 0 -8 0
508 451 763 561 8 0 0
516 451 766 564 0 -8 0
516 443 769 567 8 8 0
524 451 772 570 0 0 0
524 451 775 573 0 8 0
524 459 778 576 8 0 0
532 459 781 579 0 0 1
532 459 781 579 0 0 1
532 459 781 579 0 0 1
532 459 781 579 0 0 1
532 459 781 579 0 0 1
