353 289 154 363 0 0 0
353 289 151 360 0 0 0
353 289 148 357 0 0 0
353 289 145 354 0 8 0
353 297 142 351 0 0 0
353 297 139 348 0 8 0
353 305 136 345 0 -8 0
353 297 133 342 0 0 0
353 297 130 339 0 0 0
353 297 127 336 0 -8 0
353 289 124 333 0 -8 0
353 281 121 330 0 8 0
353 289 118 327 0 -8 0
353 281 115 324 0 0 0
353 281 112 321 0 -8 0
353 273 109 318 0 8 0
353 281 106 315 0 0 0
353 281 103 312 0 0 0
353 281 100 309 0 8 0
353 289 97 306 0 8 0
353 297 94 303 0 0 0
353 297 91 300 -8 8 0
345 305 88 297 0 -8 0
345 297 85 294 -8 0 0
337 297 82 291 0 -8 0
337 289 79 288 0 -8 0
337 281 76 285 -8 0 0
329 281 73 282 0 0 0
329 281 70 279 0 8 0
329 289 67 276 -8 0 0
321 289 64 273 0 -8 0
321 281 61 270 -8 -8 0
313 273 58 267 0 0 0
313 273 55 264 0 8 0
313 281 52 261 -8 0 0
305 281 49 258 0 8 0
305 289 46 255 0 -8 0
305 281 43 252 -8 8 0
297 289 40 249 0 0 0
297 289 37 246 -8 0 0
289 289 34 243 0 0 0
289 289 31 240 0 8 0
289 297 28 237 -8 8 0
281 305 25 234 0 -8 0
281 297 22 231 0 -8 0
281 289 19 228 0 0 1
281 289 19 228 0 0 1
281 289 19 228 0 0 1
281 289 19 228 0 0 1
281 289 19 228 0 0 1
