153 266 373 387 0 0 0
153 266 370 384 8 0 0
161 266 367 381 8 -8 0
169 258 364 378 8 8 0
177 266 361 375 8 -8 0
185 258 358 372 8 8 0
193 266 355 369 8 -8 0
201 258 352 366 8 0 0
209 258 349 363 8 8 0
217 266 346 360 8 8 0
225 274 343 357 8 8 0
233 282 340 354 8 0 0
241 282 337 351 8 0 0
249 282 334 348 8 8 0
257 290 331 345 8 0 0
265 290 328 342 8 8 0
273 298 325 339 8 -8 0
281 290 322 336 8 8 0
289 298 319 333 0 0 0
289 298 316 330 0 0 0
289 298 313 327 0 -8 0
289 290 310 324 0 8 0
289 298 307 321 0 8 0
289 306 304 318 0 -8 0
289 298 301 315 0 0 0
289 298 298 312 0 8 0
289 306 295 309 0 0 0
289 306 292 306 0 -8 0
289 298 289 303 0 8 0
289 306 286 300 0 8 0
289 314 283 297 0 0 0
289 314 280 294 0 0 0
289 314 277 291 0 -8 0
289 306 274 288 0 -8 0
289 298 271 285 0 0 0
289 298 268 282 0 8 0
289 306 265 279 0 -8 0
289 298 262 276 0 -8 0
289 290 259 273 0 8 0
289 298 256 270 0 0 0
289 298 253 267 0 0 0
289 298 250 264 0 -8 0
289 290 247 261 0 0 0
289 290 244 258 0 0 0
289 290 241 255 0 -8 0
289 282 238 252 0 0 0
289 282 235 249 0 -8 0
289 274 232 246 0 0 0
289 274 229 243 0 8 0
289 282 226 240 0 -8 0
289 274 223 237 -8 -8 0
281 266 220 234 0 8 0
281 274 217 231 0 -8 0
281 266 214 228 -8 8 0
273 274 211 225 0 0 0
273 274 208 222 -8 8 0
265 282 205 219 0 0 0
265 282 202 216 0 -8 0
265 274 199 213 -8 0 0
257 274 196 210 0 8 0
257 282 193 207 0 8 0
257 290 190 204 -8 8 0
249 298 187 201 0 0 0
249 298 184 198 -8 0 0
241 298 181 195 0 0 0
241 298 178 192 0 0 0
241 298 175 189 -8 -8 0
233 290 172 186 0 -8 0
233 282 169 183 0 0 0
233 282 166 180 -8 8 0
225 290 163 177 0 0 0
225 290 160 174 -8 8 0
217 298 157 171 0 8 0
217 306 154 168 0 8 0
217 314 151 165 -8 8 0
209 322 148 162 0 -8 0
209 314 145 159 0 8 0
209 322 142 156 -8 -8 0
201 314 139 153 0 0 0
201 314 136 150 -8 8 0
193 322 133 147 0 -8 0
193 314 130 144 0 0 0
193 314 127 141 -8 0 0
185 314 124 138 0 0 0
185 314 121 135 0 0 0
185 314 118 132 -8 8 0
177 322 115 129 0 0 0
177 322 112 126 -8 -8 0
169 314 109 123 0 0 0
169 314 106 120 0 -8 0
169 306 103 117 -8 -8 0
161 298 100 114 0 -8 0
161 290 97 111 0 8 0
161 298 94 108 -8 8 0
153 306 91 105 0 8 0
153 314 88 102 -8 0 0
145 314 85 99 0 8 0
145 322 82 96 0 -8 0
145 314 79 93 -8 0 0
137 314 76 90 0 0 0
137 314 73 87 0 -8 0
137 306 70 84 -8 -8 0
129 298 67 81 0 0 0
129 298 64 78 -8 -8 0
121 290 61 75 0 -8 0
121 282 58 72 0 8 0
121 290 55 69 -8 8 0
113 298 52 66 0 8 0
113 306 49 63 0 8 0
113 314 46 60 -8 0 0
105 314 43 57 0 -8 0
105 306 40 54 -8 8 0
97 314 37 51 0 0 0
97 314 34 48 0 0 0
97 314 31 45 -8 8 0
89 322 28 42 0 -8 0
89 314 25 39 0 -8 0
89 306 22 36 -8 8 0
81 314 19 33 0 0 0
81 314 22 30 -8 8 0
73 322 25 27 0 -8 0
73 314 28 24 0 8 0
73 322 31 21 -8 -8 0
65 314 34 18 0 0 0
65 314 37 15 0 8 0
65 322 40 12 -8 0 0
60 322 43 9 -8 8 0
60 330 46 12 0 0 0
60 330 49 15 0 0 0
60 330 52 18 0 0 0
60 330 55 21 0 8 0
60 338 58 24 0 -8 0
60 330 61 27 0 -8 0
60 322 64 30 0 0 0
60 322 67 33 0 -8 0
60 314 70 36 0 0 0
60 314 73 39 0 -8 0
60 306 76 42 0 0 0
60 306 79 45 0 8 0
60 314 82 48 0 8 0
60 322 85 51 0 8 0
60 330 88 54 0 0 0
60 330 91 57 0 -8 0
60 322 94 60 0 8 0
60 330 97 63 0 -8 0
60 322 100 66 0 8 0
60 330 103 69 0 0 0
60 330 106 72 0 8 0
60 338 109 75 0 -8 0
60 330 112 78 0 8 0
60 338 115 81 0 0 0
60 338 118 84 0 8 0
60 346 121 87 0 -8 0
60 338 124 90 0 -8 0
60 330 127 93 0 -8 0
60 322 130 96 0 8 0
60 330 133 99 0 8 0
60 338 136 102 0 8 0
60 346 139 105 0 8 0
60 354 142 108 0 -8 0
60 346 145 111 8 -8 0
68 338 148 114 0 8 0
68 346 151 117 0 0 0
68 346 154 120 8 0 0
76 346 157 123 0 -8 0
76 338 160 126 0 0 0
76 338 163 129 8 0 0
84 338 166 132 0 -8 0
84 330 169 135 8 8 0
92 338 172 138 0 8 0
92 346 175 141 0 -8 0
92 338 178 144 8 -8 0
100 330 181 147 0 -8 0
100 322 184 150 0 8 0
100 330 187 153 8 0 0
108 330 190 156 0 0 0
108 330 193 159 8 -8 0
116 322 196 162 0 8 0
116 330 199 165 0 8 0
116 338 202 168 8 0 0
124 338 205 171 0 8 0
124 346 208 174 0 -8 0
124 338 211 177 8 0 0
132 338 214 180 0 8 0
132 346 217 183 8 8 0
140 354 220 186 0 0 0
140 354 223 189 0 -8 0
140 346 226 192 8 0 0
148 346 229 195 0 0 0
148 346 232 198 0 -8 0
148 338 235 201 8 8 0
156 346 238 204 0 -8 0
156 338 241 207 8 0 0
164 338 244 210 0 8 0
164 346 247 213 0 0 0
164 346 250 216 8 8 0
172 354 253 219 0 0 0
172 354 256 222 0 0 0
172 354 259 225 8 -8 0
180 346 262 228 0 0 0
180 346 265 231 8 0 0
188 346 268 234 0 0 0
188 346 271 237 0 -8 0
188 338 274 240 8 8 0
196 346 277 243 0 -8 0
196 338 280 246 0 8 0
196 346 283 249 8 8 0
204 354 286 252 0 0 0
204 354 289 255 8 0 0
212 354 292 258 0 8 0
212 362 295 261 0 8 0
212 370 298 264 8 -8 0
220 362 301 267 0 -8 0
220 354 304 270 0 -8 0
220 346 307 273 8 0 0
228 346 310 276 0 8 0
228 354 313 279 8 -8 0
236 346 316 282 0 -8 0
236 338 319 285 0 -8 0
236 330 322 288 8 -8 0
244 322 325 291 0 8 0
244 330 328 294 0 -8 0
244 322 331 297 8 8 0
252 330 334 300 0 -8 0
252 322 337 303 8 0 0
260 322 340 306 0 -8 0
260 314 343 309 0 0 0
260 314 346 312 8 -8 0
268 306 349 315 0 8 0
268 314 352 318 0 8 0
268 322 355 321 8 8 0
276 330 358 324 0 -8 0
276 322 361 327 8 -8 0
284 314 364 330 0 0 0
284 314 367 333 0 -8 0
284 306 370 336 8 8 0
292 314 373 339 0 0 0
292 314 376 342 0 -8 0
292 306 379 345 8 0 0
300 306 382 348 0 0 0
300 306 385 351 8 8 0
308 314 388 354 0 -8 0
308 306 391 357 0 8 0
308 314 394 360 8 0 0
316 314 397 363 0 8 0
316 322 400 366 0 8 0
316 330 403 369 8 8 0
324 338 406 372 0 8 0
324 346 409 375 8 0 0
332 346 412 378 0 0 0
332 346 415 381 0 -8 0
332 338 418 384 8 -8 0
340 330 421 387 0 8 0
340 338 424 390 0 8 0
340 346 427 393 8 0 0
348 346 430 396 0 0 0
348 346 433 399 8 -8 0
356 338 436 402 0 8 0
356 346 439 405 0 8 0
356 354 442 408 8 8 0
364 362 445 411 0 8 0
364 370 448 414 0 0 0
364 370 451 417 8 -8 0
372 362 454 420 0 8 0
372 370 457 423 8 -8 0
380 362 460 426 0 -8 0
380 354 463 429 0 8 0
380 362 466 432 8 8 0
388 370 469 435 0 -8 0
388 362 472 438 0 -8 0
388 354 475 441 8 0 0
396 354 478 444 0 0 0
396 354 481 447 8 0 0
404 354 484 450 0 -8 0
404 346 487 453 0 8 0
404 354 490 456 8 8 0
412 362 493 459 0 -8 0
412 354 496 462 0 8 0
412 362 499 465 8 8 0
420 370 502 468 0 8 0
420 378 505 471 8 -8 0
428 370 508 474 0 -8 0
428 362 511 477 0 8 0
428 370 514 480 8 0 0
436 370 517 483 0 -8 0
436 362 520 486 0 8 0
436 370 523 489 8 -8 0
444 362 526 492 0 8 0
444 370 529 495 8 0 0
452 370 532 498 0 -8 0
452 362 535 501 0 -8 0
452 354 538 504 8 8 0
460 362 541 507 0 0 0
460 362 544 510 0 8 0
460 370 547 513 8 8 0
468 378 550 516 0 0 0
468 378 553 519 8 0 0
476 378 556 522 0 -8 0
476 370 559 525 0 0 0
476 370 562 528 8 -8 0
484 362 565 531 0 -8 0
484 354 568 534 0 -8 0
484 346 571 537 8 8 0
492 354 574 540 0 8 0
492 362 577 543 8 0 0
500 362 580 546 0 8 0
500 370 583 549 0 0 0
500 370 586 552 8 -8 0
508 362 589 555 0 -8 0
508 354 592 558 0 0 0
508 354 595 561 8 -8 0
516 346 598 564 0 8 0
516 354 601 567 8 0 0
524 354 604 570 0 -8 0
524 346 607 573 0 -8 0
524 338 610 576 8 0 0
532 338 613 579 0 8 0
532 346 616 582 0 0 0
532 346 619 585 8 0 0
540 346 622 588 0 -8 0
540 338 625 591 8 0 0
540 338 628 588 0 0 0
540 338 631 585 0 0 0
540 338 634 582 0 0 0
540 338 637 579 0 -8 0
540 330 640 576 0 0 0
540 330 643 573 0 0 0
540 330 646 570 0 8 0
540 338 649 567 0 -8 0
540 330 652 564 0 0 0
540 330 655 561 0 -8 0
540 322 658 558 0 8 0
540 330 661 555 0 0 0
540 330 664 552 0 -8 0
540 322 667 549 0 8 0
540 330 670 546 0 8 0
540 338 673 543 0 8 0
540 346 676 540 0 0 0
540 346 679 537 0 0 0
540 346 682 534 0 0 0
540 346 685 531 0 8 0
540 354 688 528 0 8 0
540 362 691 525 0 8 0
540 370 694 522 0 8 0
540 378 697 519 0 -8 0
540 370 700 516 0 0 0
540 370 703 513 0 0 0
540 370 706 510 0 -8 0
540 362 709 507 0 -8 0
540 354 712 504 0 8 0
540 362 715 501 0 8 0
540 370 718 498 0 8 0
540 378 721 495 0 0 0
540 378 724 492 0 0 0
540 378 727 489 -8 8 0
532 386 730 486 0 0 0
532 386 733 483 0 0 0
532 386 736 480 -8 8 0
524 394 739 477 0 8 0
524 402 742 474 0 0 0
524 402 745 471 -8 0 0
516 402 748 468 0 -8 0
516 394 751 465 -8 8 0
508 402 754 462 0 8 0
508 410 757 459 0 -8 0
508 402 760 456 -8 8 0
500 410 763 453 0 -8 0
500 402 766 450 0 -8 0
500 394 769 447 -8 8 0
492 402 772 444 0 8 0
492 410 775 441 -8 8 0
484 418 778 438 0 8 0
484 426 781 435 0 0 0
484 426 778 432 -8 8 0
476 434 775 429 0 0 0
476 434 772 426 0 -8 0
476 426 769 423 -8 -8 0
468 418 766 420 0 8 0
468 426 763 417 -8 -8 0
460 418 760 414 0 8 0
460 426 757 411 0 0 0
460 426 754 408 -8 8 0
452 434 751 405 0 -8 0
452 426 748 402 0 0 0
452 426 745 399 -8 0 0
444 426 742 396 0 0 0
444 426 739 393 -8 0 0
436 426 736 390 0 8 0
436 434 733 387 0 8 0
436 442 730 384 -8 0 0
428 442 727 381 0 0 0
428 442 724 378 0 0 0
428 442 721 375 -8 0 0
420 442 718 372 0 8 0
420 450 715 369 -8 -8 0
412 442 712 366 0 8 0
412 450 709 363 0 -8 0
412 442 706 360 -8 0 0
404 442 703 357 0 0 0
404 442 700 354 0 8 0
404 450 697 351 -8 -8 0
396 442 694 348 0 8 0
396 450 691 345 -8 0 0
388 450 688 342 0 -8 0
388 442 685 339 0 -8 0
388 434 682 336 -8 8 0
380 442 679 333 0 -8 0
380 434 676 330 0 -8 0
380 426 673 327 -8 8 0
372 434 670 324 0 -8 0
372 426 667 321 -8 -8 0
364 418 664 318 0 -8 0
364 410 661 315 0 -8 0
364 402 658 312 -8 -8 0
356 394 655 309 0 0 0
356 394 652 306 0 -8 0
356 386 649 303 -8 8 0
348 394 646 300 0 -8 0
348 386 643 297 -8 8 0
340 394 640 294 0 0 0
340 394 637 291 0 8 0
340 402 634 288 -8 -8 0
332 394 631 285 0 0 0
332 394 628 282 0 0 0
332 394 625 279 -8 8 0
324 402 622 276 0 8 0
324 410 619 273 -8 -8 0
316 402 616 270 0 8 0
316 410 613 267 0 -8 0
316 402 610 264 -8 -8 0
308 394 607 261 0 -8 0
308 386 604 258 0 8 0
308 394 601 255 -8 8 0
300 402 598 252 0 -8 0
300 394 595 249 -8 0 0
292 394 592 246 0 -8 0
292 386 589 243 0 8 0
292 394 586 240 -8 0 0
284 394 583 237 0 8 0
284 402 580 234 0 0 0
284 402 577 231 -8 8 0
276 410 574 228 0 -8 0
276 402 571 225 -8 0 0
268 402 568 222 0 0 0
268 402 565 219 0 8 0
268 410 562 216 -8 -8 0
260 402 559 213 0 0 0
260 402 556 210 0 8 0
260 410 553 207 -8 0 0
252 410 550 204 0 -8 0
252 402 547 201 -8 8 0
244 410 544 198 0 8 0
244 418 541 195 0 8 0
244 426 538 192 -8 0 0
236 426 535 189 0 8 0
236 434 532 186 0 8 0
236 442 529 183 -8 0 0
228 442 526 180 0 -8 0
228 434 523 177 -8 8 0
220 442 520 174 0 0 0
220 442 517 171 0 8 0
220 450 514 168 -8 -8 0
212 442 511 165 0 0 0
212 442 508 162 0 8 0
212 450 505 159 -8 0 0
204 450 502 156 0 0 0
204 450 499 153 -8 -8 0
196 442 496 150 0 0 0
196 442 493 147 0 0 0
196 442 490 144 -8 8 0
188 450 487 141 0 8 0
188 458 484 138 0 0 0
188 458 481 135 -8 8 0
180 466 478 132 0 0 0
180 466 475 129 -8 0 0
172 466 472 126 0 8 0
172 474 469 123 0 -8 0
172 466 466 120 -8 8 0
164 474 463 117 0 8 0
164 482 460 114 0 0 0
164 482 457 111 -8 8 0
156 490 454 108 0 8 0
156 498 451 105 -8 8 0
148 506 448 102 0 8 0
148 514 445 99 0 8 0
148 522 442 96 -8 8 0
140 530 439 93 0 -8 0
140 522 436 90 0 0 0
140 522 433 87 -8 8 0
132 530 430 84 0 0 0
132 530 427 81 -8 -8 0
124 522 424 78 0 0 0
124 522 421 75 0 0 0
124 522 418 72 -8 8 0
116 530 415 69 0 8 0
116 538 412 66 0 0 0
116 538 409 63 -8 -8 0
108 530 406 60 0 0 0
108 530 403 57 -8 0 0
100 530 400 54 0 8 0
100 538 397 51 0 8 0
100 540 394 48 -8 0 0
92 540 391 45 0 8 0
92 540 388 42 0 -8 0
92 532 385 39 -8 -8 0
84 524 382 36 0 8 0
84 532 379 33 -8 8 0
76 540 376 30 0 8 0
76 540 373 27 0 -8 0
76 532 370 24 -8 0 0
68 532 367 21 0 0 0
68 532 364 18 0 -8 0
68 524 361 15 -8 0 0
60 524 358 12 0 8 0
60 532 355 9 -8 8 0
60 540 352 12 0 0 0
60 540 349 15 0 0 0
60 540 346 18 0 -8 0
60 532 343 21 0 8 0
60 540 340 24 0 8 0
60 540 337 27 0 0 0
60 540 334 30 0 -8 0
60 532 331 33 0 0 0
60 532 328 36 0 8 0
60 540 325 39 0 8 0
60 540 322 42 0 8 0
60 540 319 45 0 0 0
60 540 316 48 0 -8 0
60 532 313 51 0 8 0
60 540 310 54 0 -8 0
60 532 307 57 0 8 0
60 540 304 60 0 0 0
60 540 301 63 0 8 0
60 540 298 66 0 8 0
60 540 295 69 0 0 0
60 540 292 72 0 -8 0
60 532 289 75 0 -8 0
60 524 286 78 0 8 0
60 532 283 81 0 8 0
60 540 280 84 0 8 0
60 540 277 87 0 0 0
60 540 274 90 0 0 0
60 540 271 93 0 8 0
60 540 268 96 0 8 0
60 540 265 99 0 0 0
60 540 262 102 0 0 0
60 540 259 105 0 8 0
60 540 256 108 0 8 0
60 540 253 111 8 -8 0
68 532 250 114 0 -8 0
68 524 247 117 0 0 0
68 524 244 120 8 8 0
76 532 241 123 0 -8 0
76 524 238 126 0 8 0
76 532 235 129 8 0 0
84 532 232 132 0 0 0
84 532 229 135 8 -8 0
92 524 226 138 0 8 0
92 532 223 141 0 0 0
92 532 220 144 8 -8 0
100 524 217 147 0 0 0
100 524 214 150 0 8 0
100 532 211 153 8 -8 0
108 524 208 156 0 -8 0
108 516 205 159 8 0 0
116 516 202 162 0 8 0
116 524 199 165 0 -8 0
116 516 196 168 8 8 0
124 524 193 171 0 -8 0
124 516 190 174 0 0 0
124 516 187 177 8 0 0
132 516 184 180 0 0 0
132 516 181 183 8 0 0
140 516 178 186 0 8 0
140 524 175 189 0 8 0
140 532 172 192 8 -8 0
148 524 169 195 0 -8 0
148 516 166 198 0 -8 0
148 508 163 201 8 -8 0
156 500 160 204 0 0 0
156 500 157 207 8 0 0
164 500 154 210 0 8 0
164 508 151 213 0 8 0
164 516 148 216 8 8 0
172 524 145 219 0 -8 0
172 516 142 222 0 -8 0
172 508 139 225 8 0 0
180 508 136 228 0 -8 0
180 500 133 231 8 8 0
188 508 130 234 0 8 0
188 516 127 237 0 0 0
188 516 124 240 8 -8 0
196 508 121 243 0 8 0
196 516 118 246 0 -8 0
196 508 115 249 8 0 0
204 508 112 252 0 -8 0
204 500 109 255 8 -8 0
212 492 106 258 0 0 0
212 492 103 261 0 0 0
212 492 100 264 8 8 0
220 500 97 267 0 0 0
220 500 94 270 0 8 0
220 508 91 273 8 0 0
228 508 88 276 0 -8 0
228 500 85 279 8 8 0
236 508 82 282 0 -8 0
236 500 79 285 0 -8 0
236 492 76 288 8 0 0
244 492 73 291 0 0 0
244 492 70 294 0 8 0
244 500 67 297 8 8 0
252 508 64 300 0 0 0
252 508 61 303 8 -8 0
260 500 58 306 0 0 0
260 500 55 309 0 8 0
260 508 52 312 8 -8 0
268 500 49 315 0 8 0
268 508 46 318 0 8 0
268 516 43 321 8 8 0
276 524 40 324 0 -8 0
276 516 37 327 8 -8 0
284 508 34 330 0 8 0
284 516 31 333 0 -8 0
284 508 28 336 8 0 0
292 508 25 339 0 -8 0
292 500 22 342 0 8 0
292 508 19 345 0 0 1
292 508 19 345 0 0 1
292 508 19 345 0 0 1
292 508 19 345 0 0 1
292 508 19 345 0 0 1
