394 158 514 330 0 0 0
394 158 511 333 -8 8 0
386 166 508 336 0 0 0
386 166 505 339 0 0 0
386 166 502 342 0 -8 0
386 158 499 345 0 8 0
386 166 496 348 0 -8 0
386 158 493 351 0 0 0
386 158 490 354 0 0 0
386 158 487 357 0 -8 0
386 150 484 360 0 8 0
386 158 481 363 0 0 0
386 158 478 366 0 8 0
386 166 475 369 0 8 0
386 174 472 372 0 8 0
386 182 469 375 0 0 0
386 182 466 378 0 8 0
386 190 463 381 0 -8 0
386 182 460 384 0 8 0
386 190 457 387 0 0 0
386 190 454 390 0 -8 0
386 182 451 393 0 0 0
386 182 448 396 0 0 0
386 182 445 399 0 -8 0
386 174 442 402 0 -8 0
386 166 439 405 0 8 0
386 174 436 408 0 8 0
386 182 433 411 0 -8 0
386 174 430 414 0 8 0
386 182 427 417 0 8 0
386 190 424 420 0 -8 0
386 182 421 423 0 0 0
386 182 418 426 0 -8 0
386 174 415 429 0 8 0
386 182 412 432 0 8 0
386 190 409 435 0 0 0
386 190 406 438 8 8 0
394 198 403 441 0 0 0
394 198 400 444 0 0 0
394 198 397 447 8 8 0
402 206 394 450 0 8 0
402 214 391 453 8 8 0
410 222 388 456 0 0 0
410 222 385 459 0 0 0
410 222 382 462 8 0 0
418 222 379 465 0 -8 0
418 214 376 468 0 -8 0
418 206 373 471 8 0 0
426 206 370 474 0 -8 0
426 198 367 477 8 0 0
434 198 364 480 0 8 0
434 206 361 483 0 0 0
434 206 358 486 8 0 0
442 206 355 489 0 0 0
442 206 352 492 0 -8 0
442 198 349 495 8 0 0
450 198 346 498 0 8 0
450 206 343 501 8 8 0
458 214 340 504 0 -8 0
458 206 337 507 0 -8 0
458 198 334 510 8 0 0
466 198 331 513 0 8 0
466 206 328 516 0 -8 0
466 198 325 519 8 8 0
474 206 322 522 0 8 0
474 214 319 525 8 -8 0
482 206 316 528 0 8 0
482 214 313 531 0 0 0
482 214 310 534 8 0 0
490 214 307 537 0 8 0
490 222 304 540 0 8 0
490 230 301 543 8 0 0
498 230 298 546 0 -8 0
498 222 295 549 8 -8 0
506 214 292 552 0 0 0
506 214 289 555 0 0 0
506 214 286 558 8 -8 0
514 206 283 561 0 8 0
514 214 280 564 0 -8 0
514 206 277 567 8 -8 0
522 198 274 570 0 -8 0
522 190 271 573 8 0 0
530 190 268 576 0 0 0
530 190 265 579 0 -8 0
530 182 262 582 8 0 0
538 182 259 585 0 8 0
538 190 256 588 0 8 0
538 198 253 591 8 -8 0
540 190 250 588 0 8 0
540 198 247 585 0 8 0
540 206 244 582 0 -8 0
540 198 241 579 0 0 0
540 198 238 576 0 0 0
540 198 235 573 0 8 0
540 206 232 570 0 8 0
540 214 229 567 0 8 0
540 222 226 564 0 8 0
540 230 223 561 0 0 0
540 230 220 558 0 -8 0
540 222 217 555 0 0 0
540 222 214 552 0 -8 0
540 214 211 549 0 0 0
540 214 208 546 0 8 0
540 222 205 543 0 -8 0
540 214 202 540 0 8 0
540 222 199 537 0 0 0
540 222 196 534 0 -8 0
540 214 193 531 0 8 0
540 222 190 528 0 8 0
540 230 187 525 0 0 0
540 230 184 522 0 -8 0
540 222 181 519 0 0 0
540 222 178 516 0 -8 0
540 214 175 513 0 0 0
540 214 172 510 0 0 0
540 214 169 507 0 -8 0
540 206 166 504 0 0 0
540 206 163 501 0 -8 0
540 198 160 498 0 -8 0
540 190 157 495 0 0 0
540 190 154 492 0 0 0
540 190 151 489 -8 8 0
532 198 148 486 0 0 0
532 198 145 483 0 0 0
532 198 142 480 -8 0 0
524 198 139 477 0 -8 0
524 190 136 474 0 0 0
524 190 133 471 -8 0 0
516 190 130 468 0 -8 0
516 182 127 465 -8 8 0
508 190 124 462 0 0 0
508 190 121 459 0 -8 0
508 182 118 456 -8 0 0
500 182 115 453 0 8 0
500 190 112 450 0 8 0
500 198 109 447 -8 8 0
492 206 106 444 0 -8 0
492 198 103 441 -8 8 0
484 206 100 438 0 0 0
484 206 97 435 0 0 0
484 206 94 432 -8 8 0
476 214 91 429 0 8 0
476 222 88 426 0 -8 0
476 214 85 423 -8 -8 0
468 206 82 420 0 8 0
468 214 79 417 -8 -8 0
460 206 76 414 0 -8 0
460 198 73 411 0 8 0
460 206 70 408 -8 -8 0
452 198 67 405 0 8 0
452 206 64 402 0 0 0
452 206 61 399 -8 8 0
444 214 58 396 0 -8 0
444 206 55 393 -8 8 0
436 214 52 390 0 8 0
436 222 49 387 0 0 0
436 222 46 384 -8 0 0
428 222 43 381 0 8 0
428 230 40 378 0 0 0
428 230 37 375 -8 -8 0
420 222 34 372 0 -8 0
420 214 31 369 -8 8 0
412 222 28 366 0 -8 0
412 214 25 363 0 -8 0
412 206 22 360 -8 -8 0
404 198 19 357 0 -8 0
404 190 22 354 0 -8 0
404 182 25 351 -8 -8 0
396 174 28 348 0 -8 0
396 166 31 345 -8 0 0
388 166 34 342 0 0 0
388 166 37 339 0 8 0
388 174 40 336 -8 0 0
380 174 43 333 0 -8 0
380 166 46 330 0 -8 0
380 158 49 327 -8 8 0
372 166 52 324 0 8 0
372 174 55 321 -8 0 0
364 174 58 318 0 -8 0
364 166 61 315 0 0 0
364 166 64 312 -8 0 0
356 166 67 309 0 -8 0
356 158 70 306 0 8 0
356 166 73 303 -8 -8 0
348 158 76 300 0 -8 0
348 150 79 297 -8 8 0
340 158 82 294 0 8 0
340 166 85 291 0 8 0
340 174 88 288 -8 8 0
332 182 91 285 0 8 0
332 190 94 282 0 0 0
332 190 97 279 -8 0 0
324 190 100 276 0 8 0
324 198 103 273 -8 8 0
316 206 106 270 0 -8 0
316 198 109 267 0 -8 0
316 190 112 264 -8 0 0
308 190 115 261 0 8 0
308 198 118 258 0 8 0
308 206 121 255 -8 8 0
300 214 124 252 0 -8 0
300 206 127 249 -8 8 0
292 214 130 246 0 -8 0
292 206 133 243 0 -8 0
292 198 136 240 -8 8 0
284 206 139 237 0 0 0
284 206 142 234 0 -8 0
284 198 145 231 -8 0 0
276 198 148 228 0 0 0
276 198 151 225 -8 -8 0
268 190 154 222 0 -8 0
268 182 157 219 0 -8 0
268 174 160 216 -8 8 0
260 182 163 213 0 8 0
260 190 166 210 0 0 0
260 190 169 207 -8 8 0
252 198 172 204 0 0 0
252 198 175 201 -8 0 0
244 198 178 198 0 -8 0
244 190 181 195 0 0 0
244 190 184 192 -8 8 0
236 198 187 189 0 0 0
236 198 190 186 0 0 0
236 198 193 183 -8 0 0
228 198 196 180 0 -8 0
228 190 199 177 -8 -8 0
220 182 202 174 0 -8 0
220 174 205 171 0 0 0
220 174 208 168 -8 8 0
212 182 211 165 0 -8 0
212 174 214 162 0 0 0
212 174 217 159 -8 8 0
204 182 220 156 0 -8 0
204 174 223 153 -8 -8 0
196 166 226 150 0 0 0
196 166 229 147 0 -8 0
196 158 232 144 -8 -8 0
188 150 235 141 0 8 0
188 158 238 138 0 -8 0
188 150 241 135 -8 8 0
180 158 244 132 0 -8 0
180 150 247 129 -8 0 0
172 150 250 126 0 -8 0
172 142 253 123 0 -8 0
172 134 256 120 -8 -8 0
164 126 259 117 0 0 0
164 126 262 114 0 0 0
164 126 265 111 -8 -8 0
156 118 268 108 0 8 0
156 126 271 105 -8 0 0
148 126 274 102 0 -8 0
148 118 277 99 0 -8 0
148 110 280 96 -8 -8 0
140 102 283 93 0 8 0
140 110 286 90 0 8 0
140 118 289 87 -8 8 0
132 126 292 84 0 -8 0
132 118 295 81 -8 0 0
124 118 298 78 0 0 0
124 118 301 75 0 0 0
124 118 304 72 -8 -8 0
116 110 307 69 0 8 0
116 118 310 66 0 -8 0
116 110 313 63 -8 8 0
108 118 316 60 0 -8 0
108 110 319 57 -8 0 0
100 110 322 54 0 0 0
100 110 325 51 0 0 0
100 110 328 48 -8 0 0
92 110 331 45 0 0 0
92 110 334 42 0 -8 0
92 102 337 39 -8 0 0
84 102 340 36 0 8 0
84 110 343 33 -8 0 0
76 110 346 30 0 8 0
76 118 349 27 0 8 0
76 126 352 24 -8 -8 0
68 118 355 21 0 0 0
68 118 358 18 0 -8 0
68 110 361 15 -8 0 0
60 110 364 12 0 0 0
60 110 367 9 -8 0 0
60 110 370 12 0 0 0
60 110 373 15 0 -8 0
60 102 376 18 0 -8 0
60 94 379 21 0 -8 0
60 86 382 24 0 -8 0
60 78 385 27 0 8 0
60 86 388 30 0 -8 0
60 78 391 33 0 8 0
60 86 394 36 0 8 0
60 94 397 39 0 0 0
60 94 400 42 0 8 0
60 102 403 45 0 -8 0
60 94 406 48 0 8 0
60 102 409 51 0 8 0
60 110 412 54 0 0 0
60 110 415 57 0 0 0
60 110 418 60 0 8 0
60 118 421 63 0 -8 0
60 110 424 66 0 0 0
60 110 427 69 0 0 0
60 110 430 72 0 8 0
60 118 433 75 0 0 0
60 118 436 78 0 8 0
60 126 439 81 0 -8 0
60 118 442 84 0 -8 0
60 110 445 87 0 8 0
60 118 448 90 0 8 0
60 126 451 93 0 -8 0
60 118 454 96 0 8 0
60 126 457 99 0 -8 0
60 118 460 102 0 -8 0
60 110 463 105 0 0 0
60 110 466 108 0 0 0
60 110 469 111 8 -8 0
68 102 472 114 0 0 0
68 102 475 117 0 8 0
68 110 478 120 8 -8 0
76 102 481 123 0 8 0
76 110 484 126 0 -8 0
76 102 487 129 8 -8 0
84 94 490 132 0 0 0
84 94 493 135 8 0 0
92 94 496 138 0 -8 0
92 86 499 141 0 0 0
92 86 502 144 8 0 0
100 86 505 147 0 8 0
100 94 508 150 0 8 0
100 102 511 153 8 -8 0
108 94 514 156 0 0 0
108 94 517 159 8 0 0
116 94 520 162 0 0 0
116 94 523 165 0 0 0
116 94 526 168 8 -8 0
124 86 529 171 0 8 0
124 94 532 174 0 8 0
124 102 535 177 8 -8 0
132 94 538 180 0 -8 0
132 86 541 183 8 8 0
140 94 544 186 0 0 0
140 94 547 189 0 0 0
140 94 550 192 8 8 0
148 102 553 195 0 0 0
148 102 556 198 0 0 0
148 102 559 201 8 8 0
156 110 562 204 0 8 0
156 118 565 207 8 0 0
164 118 568 210 0 -8 0
164 110 571 213 0 0 0
164 110 574 216 8 -8 0
172 102 577 219 0 -8 0
172 94 580 222 0 8 0
172 102 583 225 8 -8 0
180 94 586 228 0 -8 0
180 86 589 231 8 -8 0
188 78 592 234 0 0 0
188 78 595 237 0 -8 0
188 70 598 240 8 8 0
196 78 601 243 0 8 0
196 86 604 246 0 0 0
196 86 607 249 8 8 0
204 94 610 252 0 0 0
204 94 613 255 8 8 0
212 102 616 258 0 8 0
212 110 619 261 0 0 0
212 110 622 264 8 8 0
220 118 625 267 0 -8 0
220 110 628 270 0 0 0
220 110 631 273 8 -8 0
228 102 634 276 0 -8 0
228 94 637 279 8 0 0
236 94 640 282 0 0 0
236 94 643 285 0 0 0
236 94 646 288 8 -8 0
244 86 649 291 0 -8 0
244 78 652 294 0 8 0
244 86 655 297 8 8 0
252 94 658 300 0 -8 0
252 86 661 303 8 0 0
260 86 664 306 0 0 0
260 86 667 309 0 0 0
260 86 670 312 8 8 0
268 94 673 315 0 8 0
268 102 676 318 0 8 0
268 110 679 321 8 8 0
276 118 682 324 0 8 0
276 126 685 327 8 0 0
284 126 688 330 0 8 0
284 134 691 333 0 -8 0
284 126 694 336 8 8 0
292 134 697 339 0 -8 0
292 126 700 342 0 8 0
292 134 703 345 8 0 0
300 134 706 348 0 0 0
300 134 709 351 8 8 0
308 142 712 354 0 0 0
308 142 715 357 0 -8 0
308 134 718 360 8 8 0
316 142 721 363 0 0 0
316 142 724 366 0 8 0
316 150 727 369 8 -8 0
324 142 730 372 0 0 0
324 142 733 375 8 0 0
332 142 736 378 0 0 0
332 142 739 381 0 8 0
332 150 742 384 8 8 0
340 158 745 387 0 0 0
340 158 748 390 0 -8 0
340 150 751 393 8 -8 0
348 142 754 396 0 8 0
348 150 757 399 8 -8 0
356 142 760 402 0 8 0
356 150 763 405 0 -8 0
356 142 766 408 8 -8 0
364 134 769 411 0 -8 0
364 126 772 414 0 0 0
364 126 775 417 8 8 0
372 134 778 420 0 0 0
372 134 781 423 0 0 1
372 134 781 423 0 0 1
372 134 781 423 0 0 1
372 134 781 423 0 0 1
372 134 781 423 0 0 1
