187 195 169 201 0 0 0
187 195 172 198 0 0 0
187 195 175 195 0 0 0
187 195 178 192 0 8 0
187 203 181 189 0 0 0
187 203 184 186 0 8 0
187 211 187 183 0 8 0
187 219 190 180 0 0 0
187 219 193 177 0 -8 0
187 211 196 174 0 -8 0
187 203 199 171 0 8 0
187 211 202 168 0 -8 0
187 203 205 165 0 8 0
187 211 208 162 0 -8 0
187 203 211 159 0 0 0
187 203 214 156 0 8 0
187 211 217 153 0 0 0
187 211 220 150 0 0 0
187 211 223 147 0 8 0
187 219 226 144 0 0 0
187 219 229 141 0 8 0
187 227 232 138 0 0 0
187 227 235 135 -8 8 0
179 235 238 132 0 -8 0
179 227 241 129 0 -8 0
179 219 244 126 -8 8 0
171 227 247 123 0 8 0
171 235 250 120 -8 -8 0
163 227 253 117 0 8 0
163 235 256 114 0 8 0
163 243 259 111 -8 -8 0
155 235 262 108 0 -8 0
155 227 265 105 0 0 0
155 227 268 102 -8 -8 0
147 219 271 99 0 -8 0
147 211 274 96 -8 8 0
139 219 277 93 0 8 0
139 227 280 90 0 -8 0
139 219 283 87 -8 -8 0
131 211 286 84 0 8 0
131 219 289 81 0 8 0
131 227 292 78 -8 0 0
123 227 295 75 0 8 0
123 235 298 72 -8 -8 0
115 227 301 69 0 -8 0
115 219 304 66 0 -8 0
115 211 307 63 -8 0 0
107 211 310 60 0 8 0
107 219 313 57 0 -8 0
107 211 316 54 -8 0 0
99 211 319 51 0 0 0
99 211 322 48 -8 8 0
91 219 325 45 0 0 0
91 219 328 42 0 8 0
91 227 331 39 -8 8 0
83 235 334 36 0 8 0
83 243 337 33 0 -8 0
83 235 340 30 -8 8 0
75 243 343 27 0 0 0
75 243 346 24 -8 0 0
67 243 349 21 0 -8 0
67 235 352 18 0 0 0
67 235 355 15 -8 8 0
60 243 358 12 0 8 0
60 251 361 9 -8 8 0
60 259 364 12 0 -8 0
60 251 367 15 0 -8 0
60 243 370 18 0 8 0
60 251 373 21 0 -8 0
60 243 376 24 0 0 0
60 243 379 27 0 0 0
60 243 382 30 0 -8 0
60 235 385 33 0 -8 0
60 227 388 36 0 -8 0
60 219 391 39 0 8 0
60 227 394 42 0 0 0
60 227 397 45 0 8 0
60 235 400 48 0 8 0
60 243 403 51 0 0 0
60 243 406 54 0 0 0
60 243 409 57 0 0 0
60 243 412 60 0 0 0
60 243 415 63 0 8 0
60 251 418 66 0 0 0
60 251 421 69 0 8 0
60 259 424 72 0 8 0
60 267 427 75 0 8 0
60 275 430 78 0 0 0
60 275 433 81 0 -8 0
60 267 436 84 0 0 0
60 267 439 87 0 0 0
60 267 442 90 0 0 0
60 267 445 93 0 0 0
60 267 448 96 0 0 0
60 267 451 99 0 -8 0
60 259 454 102 0 -8 0
60 251 457 105 0 0 0
60 251 460 108 0 0 0
60 251 463 111 8 -8 0
68 243 466 114 0 -8 0
68 235 469 117 0 8 0
68 243 472 120 8 0 0
76 243 475 123 0 8 0
76 251 478 126 0 -8 0
76 243 481 129 8 -8 0
84 235 484 132 0 8 0
84 243 487 135 8 0 0
92 243 490 138 0 0 0
92 243 493 141 0 -8 0
92 235 496 144 8 8 0
100 243 499 147 0 -8 0
100 235 502 150 0 8 0
100 243 505 153 8 8 0
108 251 508 156 0 -8 0
108 243 511 159 8 -8 0
116 235 514 162 0 8 0
116 243 517 165 0 8 0
116 251 520 168 8 -8 0
124 243 523 171 0 0 0
124 243 526 174 0 -8 0
124 235 529 177 8 8 0
132 243 532 180 0 8 0
132 251 535 183 8 8 0
140 259 538 186 0 0 0
140 259 541 189 0 -8 0
140 251 544 192 8 8 0
148 259 547 195 0 -8 0
148 251 550 198 0 -8 0
148 243 553 201 8 8 0
156 251 556 204 0 8 0
156 259 559 207 8 -8 0
164 251 562 210 0 8 0
164 259 565 213 0 -8 0
164 251 568 216 8 8 0
172 259 571 219 0 -8 0
172 251 574 222 0 -8 0
172 243 577 225 8 0 0
180 243 580 228 0 0 0
180 243 583 231 8 -8 0
188 235 586 234 0 8 0
188 243 589 237 0 0 0
188 243 592 240 8 0 0
196 243 595 243 0 8 0
196 251 598 246 0 8 0
196 259 601 249 8 8 0
204 267 604 252 0 8 0
204 275 607 255 8 -8 0
212 267 610 258 0 -8 0
212 259 613 261 0 -8 0
212 251 616 264 8 -8 0
220 243 619 267 0 8 0
220 251 622 270 0 0 0
220 251 625 273 8 8 0
228 259 628 276 0 0 0
228 259 631 279 8 0 0
236 259 634 282 0 -8 0
236 251 637 285 0 0 0
236 251 640 288 8 0 0
244 251 643 291 0 0 0
244 251 646 294 0 0 0
244 251 649 297 8 8 0
252 259 652 300 0 0 0
252 259 655 303 8 8 0
260 267 658 306 0 -8 0
260 259 661 309 0 -8 0
260 251 664 312 8 8 0
268 259 667 315 0 -8 0
268 251 670 318 0 -8 0
268 243 673 321 8 8 0
276 251 676 324 0 8 0
276 259 679 327 8 -8 0
284 251 682 330 0 -8 0
284 243 685 333 0 8 0
284 251 688 336 8 0 0
292 251 691 339 0 8 0
292 259 694 342 0 8 0
292 267 697 345 8 -8 0
300 259 700 348 0 0 0
300 259 703 351 8 8 0
308 267 706 354 0 8 0
308 275 709 357 0 -8 0
308 267 712 360 8 8 0
316 275 715 363 0 8 0
316 283 718 366 0 8 0
316 291 721 369 8 8 0
324 299 724 372 0 -8 0
324 291 727 375 8 8 0
332 299 730 378 0 8 0
332 307 733 381 0 8 0
332 315 736 384 8 8 0
340 323 739 387 0 0 0
340 323 742 390 0 8 0
340 331 745 393 8 8 0
348 339 748 396 0 0 0
348 339 751 399 8 -8 0
356 331 754 402 0 8 0
356 339 757 405 0 -8 0
356 331 760 408 8 0 0
364 331 763 411 0 8 0
364 339 766 414 0 -8 0
364 331 769 417 8 0 0
372 331 772 420 0 0 0
372 331 775 423 8 8 0
380 339 778 426 0 8 0
380 347 781 429 0 0 1
380 347 781 429 0 0 1
380 347 781 429 0 0 1
380 347 781 429 0 0 1
380 347 781 429 0 0 1
