273 346 517 231 0 0 0
273 346 514 234 0 -8 0
273 338 511 237 0 0 0
273 338 508 240 0 8 0
273 346 505 243 0 -8 0
273 338 502 246 0 -8 0
273 330 499 249 0 0 0
273 330 496 252 0 8 0
273 338 493 255 0 -8 0
273 330 490 258 0 -8 0
273 322 487 261 0 0 0
273 322 484 264 0 8 0
273 330 481 267 0 8 0
273 338 478 270 0 0 0
273 338 475 273 0 8 0
273 346 472 276 0 0 0
273 346 469 279 0 0 0
273 346 466 282 0 0 0
273 346 463 285 0 -8 0
273 338 460 288 0 0 0
273 338 457 291 0 -8 0
273 330 454 294 0 0 0
273 330 451 297 0 -8 0
273 322 448 300 0 0 0
273 322 445 303 0 8 0
273 330 442 306 0 8 0
273 338 439 309 0 -8 0
273 330 436 312 0 0 0
273 330 433 315 0 8 0
273 338 430 318 0 -8 0
273 330 427 321 0 8 0
273 338 424 324 8 0 0
281 338 421 327 0 8 0
281 346 418 330 0 8 0
281 354 415 333 8 -8 0
289 346 412 336 0 0 0
289 346 409 339 0 0 0
289 346 406 342 8 -8 0
297 338 403 345 0 0 0
297 338 400 348 8 8 0
305 346 397 351 0 -8 0
305 338 394 354 0 -8 0
305 330 391 357 8 8 0
313 338 388 360 0 -8 0
313 330 385 363 0 -8 0
313 322 382 366 8 -8 0
321 314 379 369 0 0 0
321 314 376 372 8 8 0
329 322 373 375 0 -8 0
329 314 370 378 0 8 0
329 322 367 381 8 0 0
337 322 364 384 0 -8 0
337 314 361 387 0 8 0
337 322 358 390 8 0 0
345 322 355 393 0 8 0
345 330 352 396 8 8 0
353 338 349 399 0 -8 0
353 330 346 402 0 -8 0
353 322 343 405 8 8 0
361 330 340 408 0 -8 0
361 322 337 411 0 -8 0
361 314 334 414 8 0 0
369 314 331 417 0 -8 0
369 306 328 420 8 -8 0
377 298 325 423 0 8 0
377 306 322 426 0 0 0
377 306 319 429 8 0 0
385 306 316 432 0 8 0
385 314 313 435 0 8 0
385 322 310 438 8 -8 0
393 314 307 441 0 -8 0
393 306 304 444 8 -8 0
401 298 301 447 0 -8 0
401 290 298 450 0 -8 0
401 282 295 453 8 8 0
409 290 292 456 0 0 0
409 290 289 459 0 -8 0
409 282 286 462 8 0 0
417 282 283 465 0 0 0
417 282 280 468 8 -8 0
425 274 277 471 0 0 0
425 274 274 474 0 0 0
425 274 271 477 8 8 0
433 282 268 480 0 8 0
433 290 265 483 0 8 0
433 298 262 486 8 -8 0
441 290 259 489 0 0 0
441 290 256 492 8 -8 0
449 282 253 495 0 0 0
449 282 250 498 0 0 0
449 282 247 501 8 0 0
457 282 244 504 0 -8 0
457 274 241 507 0 0 0
457 274 238 510 8 -8 0
465 266 235 513 0 0 0
465 266 232 516 8 -8 0
473 258 229 519 0 -8 0
473 250 226 522 0 -8 0
473 242 223 525 8 0 0
481 242 220 528 0 8 0
481 250 217 531 0 -8 0
481 242 214 534 8 8 0
489 250 211 537 0 8 0
489 258 208 540 8 0 0
497 258 205 543 0 8 0
497 266 202 546 0 8 0
497 274 199 549 8 8 0
505 282 196 552 0 0 0
505 282 193 555 0 -8 0
505 274 190 558 8 0 0
513 274 187 561 0 0 0
513 274 184 564 8 0 0
521 274 181 567 0 0 0
521 274 178 570 0 0 0
521 274 175 573 8 8 0
529 282 172 576 0 0 0
529 282 169 579 0 8 0
529 290 166 582 8 8 0
537 298 163 585 0 0 0
537 298 160 588 8 8 0
540 306 157 591 8 -8 0
540 298 154 588 0 -8 0
540 290 151 585 0 -8 0
540 282 148 582 0 8 0
540 290 145 579 0 -8 0
540 282 142 576 0 8 0
540 290 139 573 0 0 0
540 290 136 570 0 -8 0
540 282 133 567 0 8 0
540 290 130 564 0 0 0
540 290 127 561 0 -8 0
540 282 124 558 0 -8 0
540 274 121 555 0 -8 0
540 266 118 552 0 8 0
540 274 115 549 0 8 0
540 282 112 546 0 8 0
540 290 109 543 0 -8 0
540 282 106 540 0 0 0
540 282 103 537 0 -8 0
540 274 100 534 0 0 0
540 274 97 531 0 -8 0
540 266 94 528 0 8 0
540 274 91 525 0 8 0
540 282 88 522 0 8 0
540 290 85 519 0 8 0
540 298 82 516 0 0 0
540 298 79 513 0 8 0
540 306 76 510 0 8 0
540 314 73 507 0 -8 0
540 306 70 504 0 8 0
540 314 67 501 0 -8 0
540 306 64 498 0 0 0
540 306 61 495 0 -8 0
540 298 58 492 0 -8 0
540 290 55 489 -8 -8 0
532 282 52 486 0 0 0
532 282 49 483 0 8 0
532 290 46 480 -8 0 0
524 290 43 477 0 -8 0
524 282 40 474 0 0 0
524 282 37 471 -8 -8 0
516 274 34 468 0 8 0
516 282 31 465 -8 0 0
508 282 28 462 0 0 0
508 282 25 459 0 8 0
508 290 22 456 -8 -8 0
500 282 19 453 0 -8 0
500 274 22 450 0 0 0
500 274 25 447 -8 8 0
492 282 28 444 0 0 0
492 282 31 441 -8 -8 0
484 274 34 438 0 8 0
484 282 37 435 0 -8 0
484 274 40 432 -8 0 0
476 274 43 429 0 -8 0
476 266 46 426 0 8 0
476 274 49 423 -8 8 0
468 282 52 420 0 8 0
468 290 55 417 -8 0 0
460 290 58 414 0 -8 0
460 282 61 411 0 0 0
460 282 64 408 -8 8 0
452 290 67 405 0 -8 0
452 282 70 402 0 0 0
452 282 73 399 -8 8 0
444 290 76 396 0 -8 0
444 282 79 393 -8 0 0
436 282 82 390 0 0 0
436 282 85 387 0 -8 0
436 274 88 384 -8 0 0
428 274 91 381 0 -8 0
428 266 94 378 0 -8 0
428 258 97 375 -8 -8 0
420 250 100 372 0 -8 0
420 242 103 369 -8 0 0
412 242 106 366 0 8 0
412 250 109 363 0 -8 0
412 242 112 360 -8 8 0
404 250 115 357 0 8 0
404 258 118 354 0 0 0
404 258 121 351 -8 -8 0
396 250 124 348 0 8 0
396 258 127 345 -8 -8 0
388 250 130 342 0 8 0
388 258 133 339 0 8 0
388 266 136 336 -8 8 0
380 274 139 333 0 -8 0
380 266 142 330 0 0 0
380 266 145 327 -8 8 0
372 274 148 324 0 8 0
372 282 151 321 -8 -8 0
364 274 154 318 0 8 0
364 282 157 315 0 0 0
364 282 160 312 -8 0 0
356 282 163 309 0 8 0
356 290 166 306 0 -8 0
356 282 169 303 -8 0 0
348 282 172 300 0 8 0
348 290 175 297 -8 0 0
340 290 178 294 0 0 0
340 290 181 291 0 0 0
340 290 184 288 -8 -8 0
332 282 187 285 0 8 0
332 290 190 282 0 0 0
332 290 193 279 -8 8 0
324 298 196 276 0 8 0
324 306 199 273 -8 8 0
316 314 202 270 0 -8 0
316 306 205 267 0 8 0
316 314 208 264 -8 8 0
308 322 211 261 0 -8 0
308 314 214 258 0 -8 0
308 306 217 255 -8 8 0
300 314 220 252 0 -8 0
300 306 223 249 -8 8 0
292 314 226 246 0 -8 0
292 306 229 243 0 0 0
292 306 232 240 -8 8 0
284 314 235 237 0 0 0
284 314 238 234 0 8 0
284 322 241 231 -8 -8 0
276 314 244 228 0 0 0
276 314 247 225 -8 -8 0
268 306 250 222 0 8 0
268 314 253 219 0 8 0
268 322 256 216 -8 -8 0
260 314 259 213 0 -8 0
260 306 262 210 0 0 0
260 306 265 207 -8 8 0
252 314 268 204 0 8 0
252 322 271 201 -8 8 0
244 330 274 198 0 8 0
244 338 277 195 0 -8 0
244 330 280 192 -8 8 0
236 338 283 189 0 8 0
236 346 286 186 0 0 0
236 346 289 183 -8 -8 0
228 338 292 180 0 -8 0
228 330 295 177 -8 0 0
220 330 298 174 0 0 0
220 330 301 171 0 0 0
220 330 304 168 -8 -8 0
212 322 307 165 0 0 0
212 322 310 162 0 -8 0
212 314 313 159 -8 -8 0
204 306 316 156 0 8 0
204 314 319 153 -8 -8 0
196 306 322 150 0 -8 0
196 298 325 147 0 0 0
196 298 328 144 -8 8 0
188 306 331 141 0 0 0
188 306 334 138 0 0 0
188 306 337 135 -8 -8 0
180 298 340 132 0 8 0
180 306 343 129 -8 8 0
172 314 346 126 0 8 0
172 322 349 123 0 0 0
172 322 352 120 -8 8 0
164 330 355 117 0 0 0
164 330 358 114 0 0 0
164 330 361 111 -8 8 0
156 338 364 108 0 0 0
156 338 367 105 -8 8 0
148 346 370 102 0 -8 0
148 338 373 99 0 -8 0
148 330 376 96 -8 -8 0
140 322 379 93 0 0 0
140 322 382 90 0 0 0
140 322 385 87 -8 0 0
132 322 388 84 0 -8 0
132 314 391 81 -8 0 0
124 314 394 78 0 0 0
124 314 397 75 0 8 0
124 322 400 72 -8 8 0
116 330 403 69 0 0 0
116 330 406 66 0 0 0
116 330 409 63 -8 0 0
108 330 412 60 0 -8 0
108 322 415 57 -8 -8 0
100 314 418 54 0 8 0
100 322 421 51 0 8 0
100 330 424 48 -8 8 0
92 338 427 45 0 0 0
92 338 430 42 0 -8 0
92 330 433 39 -8 8 0
84 338 436 36 0 0 0
84 338 439 33 -8 0 0
76 338 442 30 0 0 0
76 338 445 27 0 0 0
76 338 448 24 -8 8 0
68 346 451 21 0 8 0
68 354 454 18 0 -8 0
68 346 457 15 -8 8 0
60 354 460 12 0 -8 0
60 346 463 9 -8 -8 0
60 338 466 12 0 0 0
60 338 469 15 0 8 0
60 346 472 18 0 0 0
60 346 475 21 0 8 0
60 354 478 24 0 8 0
60 362 481 27 0 -8 0
60 354 484 30 0 -8 0
60 346 487 33 0 0 0
60 346 490 36 0 8 0
60 354 493 39 0 8 0
60 362 496 42 0 -8 0
60 354 499 45 0 -8 0
60 346 502 48 0 0 0
60 346 505 51 0 -8 0
60 338 508 54 0 -8 0
60 330 511 57 0 8 0
60 338 514 60 0 -8 0
60 330 517 63 0 -8 0
60 322 520 66 0 8 0
60 330 523 69 0 8 0
60 338 526 72 0 -8 0
60 330 529 75 0 -8 0
60 322 532 78 0 8 0
60 330 535 81 0 0 0
60 330 538 84 0 -8 0
60 322 541 87 0 8 0
60 330 544 90 0 0 0
60 330 547 93 0 -8 0
60 322 550 96 0 0 0
60 322 553 99 0 8 0
60 330 556 102 0 -8 0
60 322 559 105 0 0 0
60 322 562 108 0 8 0
60 330 565 111 8 -8 0
68 322 568 114 0 -8 0
68 314 571 117 0 8 0
68 322 574 120 8 -8 0
76 314 577 123 0 -8 0
76 306 580 126 0 0 0
76 306 583 129 8 0 0
84 306 586 132 0 0 0
84 306 589 135 8 -8 0
92 298 592 138 0 8 0
92 306 595 141 0 -8 0
92 298 598 144 8 8 0
100 306 601 147 0 -8 0
100 298 604 150 0 8 0
100 306 607 153 8 -8 0
108 298 610 156 0 -8 0
108 290 613 159 8 -8 0
116 282 616 162 0 0 0
116 282 619 165 0 -8 0
116 274 622 168 8 -8 0
124 266 625 171 0 8 0
124 274 628 174 0 0 0
124 274 631 177 8 0 0
132 274 634 180 0 0 0
132 274 637 183 8 0 0
140 274 640 186 0 8 0
140 282 643 189 0 -8 0
140 274 646 192 8 -8 0
148 266 649 195 0 8 0
148 274 652 198 0 8 0
148 282 655 201 8 0 0
156 282 658 204 0 8 0
156 290 661 207 8 0 0
164 290 664 210 0 8 0
164 298 667 213 0 8 0
164 306 670 216 8 8 0
172 314 673 219 0 -8 0
172 306 676 222 0 0 0
172 306 679 225 8 0 0
180 306 682 228 0 0 0
180 306 685 231 8 -8 0
188 298 688 234 0 0 0
188 298 691 237 0 -8 0
188 290 694 240 8 0 0
196 290 697 243 0 -8 0
196 282 700 246 0 -8 0
196 274 703 249 8 -8 0
204 266 706 252 0 0 0
204 266 709 255 8 8 0
212 274 712 258 0 8 0
212 282 715 261 0 0 0
212 282 718 264 8 8 0
220 290 721 267 0 -8 0
220 282 724 270 0 -8 0
220 274 727 273 8 8 0
228 282 730 276 0 0 0
228 282 733 279 8 -8 0
236 274 736 282 0 0 0
236 274 739 285 0 0 0
236 274 742 288 8 8 0
244 282 745 291 0 -8 0
244 274 748 294 0 8 0
244 282 751 297 8 -8 0
252 274 754 300 0 8 0
252 282 757 303 8 0 0
260 282 760 306 0 0 0
260 282 763 309 0 -8 0
260 274 766 312 8 8 0
268 282 769 315 0 -8 0
268 274 772 318 0 0 0
268 274 775 321 8 0 0
276 274 778 324 0 8 0
276 282 781 327 8 8 0
284 290 778 330 0 -8 0
284 282 775 333 0 -8 0
284 274 772 336 8 0 0
292 274 769 339 0 -8 0
292 266 766 342 0 -8 0
292 258 763 345 8 -8 0
300 250 760 348 0 -8 0
300 242 757 351 8 -8 0
308 234 754 354 0 8 0
308 242 751 357 0 -8 0
308 234 748 360 8 -8 0
316 226 745 363 0 8 0
316 234 742 366 0 -8 0
316 226 739 369 8 -8 0
324 218 736 372 0 8 0
324 226 733 375 8 0 0
332 226 730 378 0 -8 0
332 218 727 381 0 0 0
332 218 724 384 8 -8 0
340 210 721 387 0 -8 0
340 202 718 390 0 -8 0
340 194 715 393 8 0 0
348 194 712 396 0 -8 0
348 186 709 399 8 8 0
356 194 706 402 0 -8 0
356 186 703 405 0 -8 0
356 178 700 408 8 8 0
364 186 697 411 0 -8 0
364 178 694 414 0 0 0
364 178 691 417 8 8 0
372 186 688 420 0 8 0
372 194 685 423 8 -8 0
380 186 682 426 0 -8 0
380 178 679 429 0 8 0
380 186 676 432 8 -8 0
388 178 673 435 0 -8 0
388 170 670 438 0 -8 0
388 162 667 441 8 -8 0
396 154 664 444 0 0 0
396 154 661 447 8 0 0
404 154 658 450 0 -8 0
404 146 655 453 0 0 0
404 146 652 456 8 8 0
412 154 649 459 0 0 0
412 154 646 462 0 -8 0
412 146 643 465 8 -8 0
420 138 640 468 0 -8 0
420 130 637 471 8 8 0
428 138 634 474 0 8 0
428 146 631 477 0 8 0
428 154 628 480 8 8 0
436 162 625 483 0 0 0
436 162 622 486 0 8 0
436 170 619 489 8 -8 0
444 162 616 492 0 0 0
444 162 613 495 8 8 0
452 170 610 498 0 -8 0
452 162 607 501 0 0 0
452 162 604 504 8 -8 0
460 154 601 507 0 -8 0
460 146 598 510 0 0 0
460 146 595 513 8 0 0
468 146 592 516 0 8 0
468 154 589 519 8 8 0
476 162 586 522 0 0 0
476 162 583 525 0 -8 0
476 154 580 528 8 -8 0
484 146 577 531 0 0 0
484 146 574 534 0 -8 0
484 138 571 537 8 0 0
492 138 568 540 0 8 0
492 146 565 543 8 0 0
500 146 562 546 0 8 0
500 154 559 549 0 8 0
500 162 556 552 8 -8 0
508 154 553 555 0 -8 0
508 146 550 558 0 0 0
508 146 547 561 8 0 0
516 146 544 564 0 0 0
516 146 541 567 8 8 0
524 154 538 570 0 -8 0
524 146 535 573 0 0 0
524 146 532 576 8 0 0
532 146 529 579 0 -8 0
532 138 526 582 0 0 0
532 138 523 585 8 -8 0
540 130 520 588 0 -8 0
540 122 517 591 8 8 0
540 130 514 588 0 -8 0
540 122 511 585 0 0 0
540 122 508 582 0 8 0
540 130 505 579 0 0 0
540 130 502 576 0 0 0
540 130 499 573 0 8 0
540 138 496 570 0 -8 0
540 130 493 567 0 -8 0
540 122 490 564 0 0 0
540 122 487 561 0 0 0
540 122 484 558 0 0 0
540 122 481 555 0 -8 0
540 114 478 552 0 8 0
540 122 475 549 0 -8 0
540 114 472 546 0 0 0
540 114 469 543 0 8 0
540 122 466 540 0 8 0
540 130 463 537 0 8 0
540 138 460 534 0 0 0
540 138 457 531 0 0 0
540 138 454 528 0 0 0
540 138 451 525 0 0 0
540 138 448 522 0 8 0
540 146 445 519 0 0 0
540 146 442 516 0 8 0
540 154 439 513 0 8 0
540 162 436 510 0 8 0
540 170 433 507 0 0 0
540 170 430 504 0 0 0
540 170 427 501 0 8 0
540 178 424 498 0 -8 0
540 170 421 495 0 0 0
540 170 418 492 0 -8 0
540 162 415 489 -8 0 0
532 162 412 486 0 -8 0
532 154 409 483 0 0 0
532 154 406 480 -8 -8 0
524 146 403 477 0 -8 0
524 138 400 474 0 8 0
524 146 397 471 -8 0 0
516 146 394 468 0 -8 0
516 138 391 465 -8 8 0
508 146 388 462 0 0 0
508 146 385 459 0 8 0
508 154 382 456 -8 8 0
500 162 379 453 0 -8 0
500 154 376 450 0 8 0
500 162 373 447 -8 8 0
492 170 370 444 0 0 0
492 170 367 441 -8 0 0
484 170 364 438 0 -8 0
484 162 361 435 0 -8 0
484 154 358 432 -8 8 0
476 162 355 429 0 8 0
476 170 352 426 0 0 0
476 170 349 423 -8 -8 0
468 162 346 420 0 8 0
468 170 343 417 -8 8 0
460 178 340 414 0 0 0
460 178 337 411 0 0 0
460 178 334 408 -8 0 0
452 178 331 405 0 8 0
452 186 328 402 0 0 0
452 186 325 399 -8 0 0
444 186 322 396 0 0 0
444 186 319 393 -8 0 0
436 186 316 390 0 -8 0
436 178 313 387 0 0 0
436 178 310 384 -8 -8 0
428 170 307 381 0 -8 0
428 162 304 378 0 8 0
428 170 301 375 -8 0 0
420 170 298 372 0 -8 0
420 162 295 369 -8 -8 0
412 154 292 366 0 0 0
412 154 289 363 0 0 0
412 154 286 360 -8 8 0
404 162 283 357 0 -8 0
404 154 280 354 0 -8 0
404 146 277 351 -8 0 0
396 146 274 348 0 0 0
396 146 271 345 -8 -8 0
388 138 268 342 0 -8 0
388 130 265 339 0 8 0
388 138 262 336 -8 8 0
380 146 259 333 0 8 0
380 154 256 330 0 -8 0
380 146 253 327 -8 8 0
372 154 250 324 0 8 0
372 162 247 321 -8 8 0
364 170 244 318 0 -8 0
364 162 241 315 0 0 0
364 162 238 312 -8 0 0
356 162 235 309 0 8 0
356 170 232 306 0 0 0
356 170 229 303 -8 -8 0
348 162 226 300 0 -8 0
348 154 223 297 -8 0 0
340 154 220 294 0 -8 0
340 146 217 291 0 -8 0
340 138 214 288 -8 8 0
332 146 211 285 0 0 0
332 146 208 282 0 8 0
332 154 205 279 -8 -8 0
324 146 202 276 0 -8 0
324 138 199 273 -8 0 0
316 138 196 270 0 0 0
316 138 193 267 0 8 0
316 146 190 264 -8 0 0
308 146 187 261 0 8 0
308 154 184 258 0 0 0
308 154 181 255 -8 -8 0
300 146 178 252 0 -8 0
300 138 175 249 -8 8 0
292 146 172 246 0 -8 0
292 138 169 243 0 0 0
292 138 166 240 -8 -8 0
284 130 163 237 0 0 0
284 130 160 234 0 -8 0
284 122 157 231 -8 8 0
276 130 154 228 0 0 0
276 130 151 225 -8 0 0
268 130 148 222 0 8 0
268 138 145 219 0 -8 0
268 130 142 216 -8 0 0
260 130 139 213 0 -8 0
260 122 136 210 0 -8 0
260 114 133 207 -8 0 0
252 114 130 204 0 0 0
252 114 127 201 -8 -8 0
244 106 124 198 0 0 0
244 106 121 195 0 0 0
244 106 118 192 -8 8 0
236 114 115 189 0 -8 0
236 106 112 186 0 -8 0
236 98 109 183 -8 -8 0
228 90 106 180 0 0 0
228 90 103 177 -8 0 0
220 90 100 174 0 0 0
220 90 97 171 0 -8 0
220 82 94 168 -8 8 0
212 90 91 165 0 0 0
212 90 88 162 0 -8 0
212 82 85 159 -8 -8 0
204 74 82 156 0 0 0
204 74 79 153 -8 -8 0
196 66 76 150 0 -8 0
196 60 73 147 0 0 0
196 60 70 144 -8 0 0
188 60 67 141 0 0 0
188 60 64 138 0 -8 0
188 60 61 135 -8 8 0
180 68 58 132 0 8 0
180 76 55 129 -8 0 0
172 76 52 126 0 0 0
172 76 49 123 0 -8 0
172 68 46 120 -8 8 0
164 76 43 117 0 -8 0
164 68 40 114 0 0 0
164 68 37 111 -8 0 0
156 68 34 108 0 0 0
156 68 31 105 -8 8 0
148 76 28 102 0 -8 0
148 68 25 99 0 0 0
148 68 22 96 -8 8 0
140 76 19 93 0 8 0
140 84 22 90 0 -8 0
140 76 25 87 -8 -8 0
132 68 28 84 0 8 0
132 76 31 81 -8 0 0
124 76 34 78 0 -8 0
124 68 37 75 0 -8 0
124 60 40 72 -8 -8 0
116 60 43 69 0 0 0
116 60 46 66 0 -8 0
116 60 49 63 -8 -8 0
108 60 52 60 0 8 0
108 68 55 57 -8 -8 0
100 60 58 54 0 -8 0
100 60 61 51 0 8 0
100 68 64 48 -8 8 0
92 76 67 45 0 0 0
92 76 70 42 0 0 0
92 76 73 39 -8 0 0
84 76 76 36 0 0 0
84 76 79 33 -8 0 0
76 76 82 30 0 -8 0
76 68 85 27 0 0 0
76 68 88 24 -8 8 0
68 76 91 21 0 8 0
68 84 94 18 0 0 0
68 84 97 15 -8 -8 0
60 76 100 12 0 0 0
60 76 103 9 -8 0 0
60 76 106 12 0 0 0
60 76 109 15 0 8 0
60 84 112 18 0 0 0
60 84 115 21 0 8 0
60 92 118 24 0 -8 0
60 84 121 27 0 8 0
60 92 124 30 0 8 0
60 100 127 33 0 -8 0
60 92 130 36 0 -8 0
60 84 133 39 0 8 0
60 92 136 42 0 8 0
60 100 139 45 0 -8 0
60 92 142 48 0 0 0
60 92 145 51 0 0 0
60 92 148 54 0 -8 0
60 84 151 57 0 0 0
60 84 154 60 0 0 0
60 84 157 63 0 8 0
60 92 160 66 0 -8 0
60 84 163 69 0 8 0
60 92 166 72 0 -8 0
60 84 169 75 0 8 0
60 92 172 78 0 0 0
60 92 175 81 0 0 0
60 92 178 84 0 8 0
60 100 181 87 0 0 0
60 100 184 90 0 0 0
60 100 187 93 0 -8 0
60 92 190 96 0 -8 0
60 84 193 99 0 8 0
60 92 196 102 0 -8 0
60 84 199 105 0 0 0
60 84 202 108 0 0 0
60 84 205 111 8 0 0
68 84 208 114 0 -8 0
68 76 211 117 0 8 0
68 84 214 120 8 0 0
76 84 217 123 0 -8 0
76 76 220 126 0 0 0
76 76 223 129 8 0 0
84 76 226 132 0 0 0
84 76 229 135 8 -8 0
92 68 232 138 0 0 0
92 68 235 141 0 8 0
92 76 238 144 8 0 0
100 76 241 147 0 0 0
100 76 244 150 0 0 0
100 76 247 153 8 -8 0
108 68 250 156 0 8 0
108 76 253 159 8 0 0
116 76 256 162 0 0 0
116 76 259 165 0 8 0
116 84 262 168 8 -8 0
124 76 265 171 0 -8 0
124 68 268 174 0 -8 0
124 60 271 177 8 8 0
132 68 274 180 0 -8 0
132 60 277 183 8 -8 0
140 60 280 186 0 8 0
140 68 283 189 0 0 0
140 68 286 192 8 8 0
148 76 289 195 0 0 0
148 76 292 198 0 0 0
148 76 295 201 8 -8 0
156 68 298 204 0 8 0
156 76 301 207 8 -8 0
164 68 304 210 0 0 0
164 68 307 213 0 -8 0
164 60 310 216 8 -8 0
172 60 313 219 0 -8 0
172 60 316 222 0 8 0
172 68 319 225 8 8 0
180 76 322 228 0 8 0
180 84 325 231 8 8 0
188 92 328 234 0 -8 0
188 84 331 237 0 -8 0
188 76 334 240 8 0 0
196 76 337 243 0 8 0
196 84 340 246 0 8 0
196 92 343 249 8 0 0
204 92 346 252 0 8 0
204 100 349 255 8 0 0
212 100 352 258 0 8 0
212 108 355 261 0 8 0
212 116 358 264 8 -8 0
220 108 361 267 0 8 0
220 116 364 270 0 8 0
220 124 367 273 8 -8 0
228 116 370 276 0 8 0
228 124 373 279 8 -8 0
236 116 376 282 0 8 0
236 124 379 285 0 8 0
236 132 382 288 8 0 0
244 132 385 291 0 8 0
244 140 388 294 0 -8 0
244 132 391 297 8 -8 0
252 124 394 300 0 -8 0
252 116 397 303 8 -8 0
260 108 400 306 0 0 0
260 108 403 309 0 8 0
260 116 406 312 8 8 0
268 124 409 315 0 -8 0
268 116 412 318 0 0 0
268 116 415 321 8 -8 0
276 108 418 324 0 0 0
276 108 421 327 8 8 0
284 116 424 330 0 0 0
284 116 427 333 0 -8 0
284 108 430 336 8 8 0
292 116 433 339 0 0 0
292 116 436 342 0 8 0
292 124 439 345 8 -8 0
300 116 442 348 0 0 0
300 116 445 351 8 -8 0
308 108 448 354 0 0 0
308 108 451 357 0 8 0
308 116 454 360 8 -8 0
316 108 457 363 0 8 0
316 116 460 366 0 0 0
316 116 463 369 8 0 0
324 116 466 372 0 8 0
324 124 469 375 8 -8 0
332 116 472 378 0 -8 0
332 108 475 381 0 -8 0
332 100 478 384 8 -8 0
340 92 481 387 0 8 0
340 100 484 390 0 0 0
340 100 487 393 8 -8 0
348 92 490 396 0 0 0
348 92 493 399 8 0 0
356 92 496 402 0 8 0
356 100 499 405 0 0 0
356 100 502 408 8 8 0
364 108 505 411 0 0 0
364 108 508 414 0 8 0
364 116 511 417 8 -8 0
372 108 514 420 0 0 0
372 108 517 423 8 0 0
380 108 520 426 0 8 0
380 116 523 429 0 0 0
380 116 526 432 8 -8 0
388 108 529 435 0 0 0
388 108 532 438 0 -8 0
388 100 535 441 8 8 0
396 108 538 444 0 0 0
396 108 541 447 8 -8 0
404 100 544 450 0 0 0
404 100 547 453 0 -8 0
404 92 550 456 8 -8 0
412 84 553 459 0 0 0
412 84 556 462 0 8 0
412 92 559 465 8 8 0
420 100 562 468 0 8 0
420 108 565 471 8 -8 0
428 100 568 474 0 8 0
428 108 571 477 0 0 0
428 108 574 480 8 -8 0
436 100 577 483 0 -8 0
436 92 580 486 0 0 0
436 92 583 489 8 8 0
444 100 586 492 0 0 0
444 100 589 495 8 -8 0
452 92 592 498 0 -8 0
452 84 595 501 0 0 0
452 84 598 504 8 -8 0
460 76 601 507 0 0 0
460 76 604 510 0 8 0
460 84 607 513 8 0 0
468 84 610 516 0 0 0
468 84 613 519 8 -8 0
476 76 616 522 0 8 0
476 84 619 525 0 -8 0
476 76 622 528 8 -8 0
484 68 625 531 0 0 0
484 68 628 534 0 8 0
484 76 631 537 8 8 0
492 84 634 540 0 0 0
492 84 637 543 8 8 0
500 92 640 546 0 8 0
500 100 643 549 0 0 0
500 100 646 552 8 -8 0
508 92 649 555 0 8 0
508 100 652 558 0 8 0
508 108 655 561 8 0 0
516 108 658 564 0 0 0
516 108 661 567 8 0 0
524 108 664 570 0 0 0
524 108 667 573 0 0 0
524 108 670 576 8 8 0
532 116 673 579 0 0 0
532 116 676 582 0 -8 0
532 108 679 585 8 0 0
540 108 682 588 0 0 0
540 108 685 591 8 0 0
540 108 688 588 0 0 0
540 108 691 585 0 8 0
540 116 694 582 0 8 0
540 124 697 579 0 0 0
540 124 700 576 0 -8 0
540 116 703 573 0 0 0
540 116 706 570 0 8 0
540 124 709 567 0 -8 0
540 116 712 564 0 8 0
540 124 715 561 0 8 0
540 132 718 558 0 -8 0
540 124 721 555 0 8 0
540 132 724 552 0 -8 0
540 124 727 549 0 8 0
540 132 730 546 0 -8 0
540 124 733 543 0 0 0
540 124 736 540 0 8 0
540 132 739 537 0 -8 0
540 124 742 534 0 0 0
540 124 745 531 0 0 0
540 124 748 528 0 -8 0
540 116 751 525 0 -8 0
540 108 754 522 0 -8 0
540 100 757 519 0 -8 0
540 92 760 516 0 0 0
540 92 763 513 0 -8 0
540 84 766 510 0 -8 0
540 76 769 507 0 -8 0
540 68 772 504 0 8 0
540 76 775 501 0 0 0
540 76 778 498 0 0 0
540 76 781 495 0 0 1
540 76 781 495 0 0 1
540 76 781 495 0 0 1
540 76 781 495 0 0 1
540 76 781 495 0 0 1
