194 316 148 474 0 0 0
194 316 151 471 8 -8 0
202 308 154 468 8 0 0
210 308 157 465 8 8 0
218 316 160 462 8 0 0
226 316 163 459 8 -8 0
234 308 166 456 8 -8 0
242 300 169 453 8 0 0
250 300 172 450 8 8 0
258 308 175 447 8 8 0
266 316 178 444 8 0 0
274 316 181 441 8 8 0
282 324 184 438 8 -8 0
290 316 187 435 8 -8 0
298 308 190 432 8 0 0
306 308 193 429 8 8 0
314 316 196 426 8 -8 0
322 308 199 423 8 8 0
330 316 202 420 8 0 0
338 316 205 417 8 -8 0
346 308 208 414 8 8 0
354 316 211 411 8 -8 0
362 308 214 408 0 -8 0
362 300 217 405 0 -8 0
362 292 220 402 0 0 0
362 292 223 399 0 -8 0
362 284 226 396 0 8 0
362 292 229 393 0 0 0
362 292 232 390 0 -8 0
362 284 235 387 0 8 0
362 292 238 384 0 8 0
362 300 241 381 0 8 0
362 308 244 378 0 -8 0
362 300 247 375 0 -8 0
362 292 250 372 0 -8 0
362 284 253 369 0 8 0
362 292 256 366 0 8 0
362 300 259 363 0 -8 0
362 292 262 360 0 8 0
362 300 265 357 0 0 0
362 300 268 354 0 8 0
362 308 271 351 0 0 0
362 308 274 348 0 0 0
362 308 277 345 0 8 0
362 316 280 342 0 8 0
362 324 283 339 0 -8 0
362 316 286 336 0 8 0
362 324 289 333 0 -8 0
362 316 292 330 0 -8 0
362 308 295 327 0 -8 0
362 300 298 324 0 0 0
362 300 301 321 0 0 0
362 300 304 318 0 -8 0
362 292 307 315 0 -8 0
362 284 310 312 0 8 0
362 292 313 309 -8 -8 0
354 284 316 306 0 -8 0
354 276 319 303 -8 -8 0
346 268 322 300 0 8 0
346 276 325 297 0 0 0
346 276 328 294 -8 -8 0
338 268 331 291 0 8 0
338 276 334 288 0 -8 0
338 268 337 285 -8 8 0
330 276 340 282 0 8 0
330 284 343 279 -8 8 0
322 292 346 276 0 8 0
322 300 349 273 0 8 0
322 308 352 270 -8 0 0
314 308 355 267 0 -8 0
314 300 358 264 0 0 0
314 300 361 261 -8 -8 0
306 292 364 258 0 0 0
306 292 367 255 -8 -8 0
298 284 370 252 0 0 0
298 284 373 249 0 0 0
298 284 376 246 -8 -8 0
290 276 379 243 0 8 0
290 284 382 240 0 0 0
290 284 385 237 -8 8 0
282 292 388 234 0 0 0
282 292 391 231 -8 -8 0
274 284 394 228 0 0 0
274 284 397 225 0 -8 0
274 276 400 222 -8 0 0
266 276 403 219 0 8 0
266 284 406 216 0 0 0
266 284 409 213 -8 8 0
258 292 412 210 0 8 0
258 300 415 207 -8 0 0
250 300 418 204 0 -8 0
250 292 421 201 0 8 0
250 300 424 198 -8 0 0
242 300 427 195 0 0 0
242 300 430 192 0 -8 0
242 292 433 189 -8 -8 0
234 284 436 186 0 8 0
234 292 439 183 -8 -8 0
226 284 442 180 0 0 0
226 284 445 177 0 8 0
226 292 448 174 -8 8 0
218 300 451 171 0 8 0
218 308 454 168 0 -8 0
218 300 457 165 -8 8 0
210 308 460 162 0 8 0
210 316 463 159 -8 -8 0
202 308 466 156 0 0 0
202 308 469 153 0 -8 0
202 300 472 150 -8 0 0
194 300 475 147 0 0 0
194 300 478 144 0 8 0
194 308 481 141 -8 8 0
186 316 484 138 0 0 0
186 316 487 135 -8 -8 0
178 308 490 132 0 -8 0
178 300 493 129 0 8 0
178 308 496 126 -8 8 0
170 316 499 123 0 8 0
170 324 502 120 0 8 0
170 332 505 117 -8 0 0
162 332 508 114 0 0 0
162 332 511 111 -8 0 0
154 332 514 108 0 -8 0
154 324 517 105 0 8 0
154 332 520 102 -8 0 0
146 332 523 99 0 -8 0
146 324 526 96 0 8 0
146 332 529 93 -8 -8 0
138 324 532 90 0 -8 0
138 316 535 87 -8 0 0
130 316 538 84 0 8 0
130 324 541 81 0 8 0
130 332 544 78 -8 0 0
122 332 547 75 0 -8 0
122 324 550 72 0 8 0
122 332 553 69 -8 8 0
114 340 556 66 0 8 0
114 348 559 63 -8 -8 0
106 340 562 60 0 0 0
106 340 565 57 0 0 0
106 340 568 54 -8 -8 0
98 332 571 51 0 -8 0
98 324 574 48 0 8 0
98 332 577 45 -8 8 0
90 340 580 42 0 0 0
90 340 583 39 -8 0 0
82 340 586 36 0 0 0
82 340 589 33 0 0 0
82 340 592 30 -8 -8 0
74 332 595 27 0 0 0
74 332 598 24 0 -8 0
74 324 601 21 -8 -8 0
66 316 604 18 0 -8 0
66 308 607 15 -8 0 0
60 308 610 12 0 8 0
60 316 613 9 -8 8 0
60 324 616 12 0 8 0
60 332 619 15 0 -8 0
60 324 622 18 0 -8 0
60 316 625 21 0 0 0
60 316 628 24 0 8 0
60 324 631 27 0 -8 0
60 316 634 30 0 0 0
60 316 637 33 0 8 0
60 324 640 36 0 0 0
60 324 643 39 0 0 0
60 324 646 42 0 -8 0
60 316 649 45 0 -8 0
60 308 652 48 0 -8 0
60 300 655 51 0 -8 0
60 292 658 54 0 8 0
60 300 661 57 0 -8 0
60 292 664 60 0 -8 0
60 284 667 63 0 0 0
60 284 670 66 0 -8 0
60 276 673 69 0 8 0
60 284 676 72 0 8 0
60 292 679 75 0 0 0
60 292 682 78 0 8 0
60 300 685 81 0 0 0
60 300 688 84 0 -8 0
60 292 691 87 0 8 0
60 300 694 90 0 8 0
60 308 697 93 0 0 0
60 308 700 96 0 8 0
60 316 703 99 0 8 0
60 324 706 102 0 -8 0
60 316 709 105 0 -8 0
60 308 712 108 0 8 0
60 316 715 111 8 -8 0
68 308 718 114 0 -8 0
68 300 721 117 0 0 0
68 300 724 120 8 8 0
76 308 727 123 0 0 0
76 308 730 126 0 0 0
76 308 733 129 8 0 0
84 308 736 132 0 8 0
84 316 739 135 8 0 0
92 316 742 138 0 -8 0
92 308 745 141 0 0 0
92 308 748 144 8 -8 0
100 300 751 147 0 8 0
100 308 754 150 0 0 0
100 308 757 153 8 -8 0
108 300 760 156 0 -8 0
108 292 763 159 8 -8 0
116 284 766 162 0 -8 0
116 276 769 165 0 8 0
116 284 772 168 8 0 0
124 284 775 171 0 -8 0
124 276 778 174 0 0 0
124 276 781 177 0 0 1
124 276 781 177 0 0 1
124 276 781 177 0 0 1
124 276 781 177 0 0 1
124 276 781 177 0 0 1
