159 438 673 351 0 0 0
159 438 670 354 8 0 0
167 438 667 357 8 0 0
175 438 664 360 8 -8 0
183 430 661 363 8 8 0
191 438 658 366 8 0 0
199 438 655 369 8 8 0
207 446 652 372 8 0 0
215 446 649 375 8 -8 0
223 438 646 378 8 -8 0
231 430 643 381 8 8 0
239 438 640 384 8 0 0
247 438 637 387 8 0 0
255 438 634 390 8 0 0
263 438 631 393 8 8 0
271 446 628 396 8 8 0
279 454 625 399 8 -8 0
287 446 622 402 8 0 0
295 446 619 405 8 -8 0
303 438 616 408 8 -8 0
311 430 613 411 8 -8 0
319 422 610 414 8 8 0
327 430 607 417 8 -8 0
335 422 604 420 8 -8 0
343 414 601 423 8 0 0
351 414 598 426 8 -8 0
359 406 595 429 8 0 0
367 406 592 432 8 -8 0
375 398 589 435 8 0 0
383 398 586 438 8 8 0
391 406 583 441 0 0 0
391 406 580 444 8 -8 0
399 398 577 447 0 8 0
399 406 574 450 8 -8 0
407 398 571 453 0 -8 0
407 390 568 456 0 -8 0
407 382 565 459 8 0 0
415 382 562 462 0 8 0
415 390 559 465 0 -8 0
415 382 556 468 8 8 0
423 390 553 471 0 0 0
423 390 550 474 8 0 0
431 390 547 477 0 -8 0
431 382 544 480 0 8 0
431 390 541 483 8 -8 0
439 382 538 486 0 0 0
439 382 535 489 0 8 0
439 390 532 492 8 0 0
447 390 529 495 0 -8 0
447 382 526 498 8 8 0
455 390 523 501 0 -8 0
455 382 520 504 0 8 0
455 390 517 507 8 8 0
463 398 514 510 0 0 0
463 398 511 513 0 8 0
463 406 508 516 8 -8 0
471 398 505 519 0 -8 0
471 390 502 522 8 -8 0
479 382 499 525 0 -8 0
479 374 496 528 0 0 0
479 374 493 531 8 8 0
487 382 490 534 0 8 0
487 390 487 537 0 -8 0
487 382 484 540 8 8 0
495 390 481 543 0 -8 0
495 382 478 546 8 0 0
503 382 475 549 0 8 0
503 390 472 552 0 8 0
503 398 469 555 8 -8 0
511 390 466 558 0 8 0
511 398 463 561 0 -8 0
511 390 460 564 8 0 0
519 390 457 567 0 0 0
519 390 454 570 8 -8 0
527 382 451 573 0 0 0
527 382 448 576 0 8 0
527 390 445 579 8 8 0
535 398 442 582 0 0 0
535 398 439 585 0 8 0
535 406 436 588 8 0 0
540 406 433 591 8 -8 0
540 398 430 588 0 -8 0
540 390 427 585 0 -8 0
540 382 424 582 0 8 0
540 390 421 579 0 8 0
540 398 418 576 0 0 0
540 398 415 573 0 -8 0
540 390 412 570 0 -8 0
540 382 409 567 0 8 0
540 390 406 564 0 8 0
540 398 403 561 0 8 0
540 406 400 558 0 0 0
540 406 397 555 0 0 0
540 406 394 552 0 -8 0
540 398 391 549 0 0 0
540 398 388 546 0 8 0
540 406 385 543 0 -8 0
540 398 382 540 0 0 0
540 398 379 537 0 8 0
540 406 376 534 0 -8 0
540 398 373 531 0 8 0
540 406 370 528 0 8 0
540 414 367 525 0 0 0
540 414 364 522 0 8 0
540 422 361 519 0 8 0
540 430 358 516 0 -8 0
540 422 355 513 0 -8 0
540 414 352 510 0 0 0
540 414 349 507 0 -8 0
540 406 346 504 0 0 0
540 406 343 501 0 0 0
540 406 340 498 0 8 0
540 414 337 495 0 0 0
540 414 334 492 0 -8 0
540 406 331 489 -8 0 0
532 406 328 486 0 8 0
532 414 325 483 0 8 0
532 422 322 480 -8 -8 0
524 414 319 477 0 -8 0
524 406 316 474 0 -8 0
524 398 313 471 -8 0 0
516 398 310 468 0 -8 0
516 390 307 465 -8 0 0
508 390 304 462 0 8 0
508 398 301 459 0 -8 0
508 390 298 456 -8 8 0
500 398 295 453 0 -8 0
500 390 292 450 0 8 0
500 398 289 447 -8 0 0
492 398 286 444 0 8 0
492 406 283 441 -8 0 0
484 406 280 438 0 0 0
484 406 277 435 0 8 0
484 414 274 432 -8 8 0
476 422 271 429 0 -8 0
476 414 268 426 0 0 0
476 414 265 423 -8 0 0
468 414 262 420 0 0 0
468 414 259 417 -8 0 0
460 414 256 414 0 -8 0
460 406 253 411 0 -8 0
460 398 250 408 -8 0 0
452 398 247 405 0 0 0
452 398 244 402 0 -8 0
452 390 241 399 -8 0 0
444 390 238 396 0 8 0
444 398 235 393 -8 0 0
436 398 232 390 0 8 0
436 406 229 387 0 0 0
436 406 226 384 -8 0 0
428 406 223 381 0 -8 0
428 398 220 378 0 8 0
428 406 217 375 -8 8 0
420 414 214 372 0 0 0
420 414 211 369 -8 8 0
412 422 208 366 0 -8 0
412 414 205 363 0 8 0
412 422 202 360 -8 8 0
404 430 199 357 0 -8 0
404 422 196 354 0 8 0
404 430 193 351 -8 -8 0
396 422 190 348 0 0 0
396 422 187 345 -8 0 0
388 422 184 342 0 0 0
388 422 181 339 0 -8 0
388 414 178 336 -8 -8 0
380 406 175 333 0 -8 0
380 398 172 330 0 0 0
380 398 169 327 -8 0 0
372 398 166 324 0 0 0
372 398 163 321 -8 -8 0
364 390 160 318 0 8 0
364 398 157 315 0 8 0
364 406 154 312 -8 0 0
356 406 151 309 0 -8 0
356 398 148 306 0 0 0
356 398 145 303 -8 8 0
348 406 142 300 0 8 0
348 414 139 297 -8 0 0
340 414 136 294 0 8 0
340 422 133 291 0 -8 0
340 414 130 288 -8 -8 0
332 406 127 285 0 -8 0
332 398 124 282 0 0 0
332 398 121 279 -8 0 0
324 398 118 276 0 0 0
324 398 115 273 -8 8 0
316 406 112 270 0 8 0
316 414 109 267 0 -8 0
316 406 106 264 -8 8 0
308 414 103 261 0 -8 0
308 406 100 258 0 0 0
308 406 97 255 -8 8 0
300 414 94 252 0 -8 0
300 406 91 249 -8 0 0
292 406 88 246 0 8 0
292 414 85 243 0 8 0
292 422 82 240 -8 8 0
284 430 79 237 0 -8 0
284 422 76 234 0 8 0
284 430 73 231 -8 -8 0
276 422 70 228 0 -8 0
276 414 67 225 -8 -8 0
268 406 64 222 0 8 0
268 414 61 219 0 -8 0
268 406 58 216 -8 8 0
260 414 55 213 0 0 0
260 414 52 210 0 8 0
260 422 49 207 -8 -8 0
252 414 46 204 0 8 0
252 422 43 201 -8 8 0
244 430 40 198 0 8 0
244 438 37 195 0 0 0
244 438 34 192 -8 -8 0
236 430 31 189 0 -8 0
236 422 28 186 0 8 0
236 430 25 183 -8 8 0
228 438 22 180 0 8 0
228 446 19 177 0 0 1
228 446 19 177 0 0 1
228 446 19 177 0 0 1
228 446 19 177 0 0 1
228 446 19 177 0 0 1
