119 382 550 384 0 0 0
119 382 547 381 8 0 0
127 382 544 378 8 0 0
135 382 541 375 8 0 0
143 382 538 372 8 0 0
151 382 535 369 8 8 0
159 390 532 366 8 -8 0
167 382 529 363 8 0 0
175 382 526 360 8 8 0
183 390 523 357 8 -8 0
191 382 520 354 8 8 0
199 390 517 351 8 8 0
207 398 514 348 8 8 0
215 406 511 345 8 -8 0
223 398 508 342 8 0 0
231 398 505 339 8 0 0
239 398 502 336 8 0 0
247 398 499 333 8 0 0
255 398 496 330 8 8 0
263 406 493 327 8 -8 0
271 398 490 324 8 8 0
279 406 487 321 0 0 0
279 406 484 318 0 8 0
279 414 481 315 0 -8 0
279 406 478 312 0 0 0
279 406 475 309 0 0 0
279 406 472 306 0 8 0
279 414 469 303 0 0 0
279 414 466 300 0 8 0
279 422 463 297 0 0 0
279 422 460 294 0 -8 0
279 414 457 291 0 0 0
279 414 454 288 0 8 0
279 422 451 285 0 -8 0
279 414 448 282 0 8 0
279 422 445 279 0 0 0
279 422 442 276 0 -8 0
279 414 439 273 0 8 0
279 422 436 270 0 -8 0
279 414 433 267 0 8 0
279 422 430 264 0 -8 0
279 414 427 261 0 8 0
279 422 424 258 0 -8 0
279 414 421 255 0 -8 0
279 406 418 252 0 8 0
279 414 415 249 0 -8 0
279 406 412 246 0 0 0
279 406 409 243 0 8 0
279 414 406 240 0 -8 0
279 406 403 237 0 0 0
279 406 400 234 0 8 0
279 414 397 231 0 8 0
279 422 394 228 -8 0 0
271 422 391 225 0 8 0
271 430 388 222 0 8 0
271 438 385 219 -8 8 0
263 446 382 216 0 -8 0
263 438 379 213 0 0 0
263 438 376 210 -8 -8 0
255 430 373 207 0 0 0
255 430 370 204 -8 0 0
247 430 367 201 0 -8 0
247 422 364 198 0 0 0
247 422 361 195 -8 8 0
239 430 358 192 0 8 0
239 438 355 189 0 8 0
239 446 352 186 -8 8 0
231 454 349 183 0 8 0
231 462 346 180 -8 8 0
223 470 343 177 0 0 0
223 470 340 174 0 0 0
223 470 337 171 -8 8 0
215 478 334 168 0 -8 0
215 470 331 165 0 -8 0
215 462 328 162 -8 8 0
207 470 325 159 0 -8 0
207 462 322 156 -8 8 0
199 470 319 153 0 -8 0
199 462 316 150 0 0 0
199 462 313 147 -8 -8 0
191 454 310 144 0 0 0
191 454 307 141 0 8 0
191 462 304 138 -8 0 0
183 462 301 135 0 8 0
183 470 298 132 -8 0 0
175 470 295 129 0 8 0
175 478 292 126 0 -8 0
175 470 289 123 -8 -8 0
167 462 286 120 0 0 0
167 462 283 117 0 -8 0
167 454 280 114 -8 8 0
159 462 277 111 0 -8 0
159 454 274 108 -8 0 0
151 454 271 105 0 -8 0
151 446 268 102 0 0 0
151 446 265 99 -8 0 0
143 446 262 96 0 0 0
143 446 259 93 0 8 0
143 454 256 90 -8 0 0
135 454 253 87 0 -8 0
135 446 250 84 -8 8 0
127 454 247 81 0 8 0
127 462 244 78 0 -8 0
127 454 241 75 -8 -8 0
119 446 238 72 0 8 0
119 454 235 69 0 8 0
119 462 232 66 -8 0 0
111 462 229 63 0 0 0
111 462 226 60 -8 8 0
103 470 223 57 0 8 0
103 478 220 54 0 -8 0
103 470 217 51 -8 -8 0
95 462 214 48 0 0 0
95 462 211 45 0 8 0
95 470 208 42 -8 -8 0
87 462 205 39 0 8 0
87 470 202 36 -8 -8 0
79 462 199 33 0 0 0
79 462 196 30 0 8 0
79 470 193 27 -8 8 0
71 478 190 24 0 0 0
71 478 187 21 0 8 0
71 486 184 18 -8 8 0
63 494 181 15 0 8 0
63 502 178 12 -8 0 0
60 502 175 9 -8 0 0
60 502 172 12 0 8 0
60 510 169 15 0 -8 0
60 502 166 18 0 -8 0
60 494 163 21 0 8 0
60 502 160 24 0 0 0
60 502 157 27 0 -8 0
60 494 154 30 0 -8 0
60 486 151 33 0 8 0
60 494 148 36 0 0 0
60 494 145 39 0 -8 0
60 486 142 42 0 8 0
60 494 139 45 0 -8 0
60 486 136 48 0 8 0
60 494 133 51 0 0 0
60 494 130 54 0 0 0
60 494 127 57 0 -8 0
60 486 124 60 0 8 0
60 494 121 63 0 -8 0
60 486 118 66 0 8 0
60 494 115 69 0 -8 0
60 486 112 72 0 0 0
60 486 109 75 0 -8 0
60 478 106 78 0 0 0
60 478 103 81 0 8 0
60 486 100 84 0 8 0
60 494 97 87 0 -8 0
60 486 94 90 0 -8 0
60 478 91 93 0 0 0
60 478 88 96 0 -8 0
60 470 85 99 0 0 0
60 470 82 102 0 -8 0
60 462 79 105 0 0 0
60 462 76 108 0 0 0
60 462 73 111 8 8 0
68 470 70 114 0 8 0
68 478 67 117 0 -8 0
68 470 64 120 8 0 0
76 470 61 123 0 0 0
76 470 58 126 0 8 0
76 478 55 129 8 0 0
84 478 52 132 0 8 0
84 486 49 135 8 8 0
92 494 46 138 0 8 0
92 502 43 141 0 0 0
92 502 40 144 8 -8 0
100 494 37 147 0 8 0
100 502 34 150 0 8 0
100 510 31 153 8 -8 0
108 502 28 156 0 8 0
108 510 25 159 8 8 0
116 518 22 162 0 0 0
116 518 19 165 0 -8 0
116 510 22 168 8 0 0
124 510 25 171 0 8 0
124 518 28 174 0 -8 0
124 510 31 177 8 -8 0
132 502 34 180 0 8 0
132 510 37 183 8 8 0
140 518 40 186 0 8 0
140 526 43 189 0 -8 0
140 518 46 192 8 -8 0
148 510 49 195 0 0 0
148 510 52 198 0 8 0
148 518 55 201 8 8 0
156 526 58 204 0 8 0
156 534 61 207 8 -8 0
164 526 64 210 0 8 0
164 534 67 213 0 0 0
164 534 70 216 8 -8 0
172 526 73 219 0 8 0
172 534 76 222 0 0 0
172 534 79 225 8 8 0
180 540 82 228 0 0 0
180 540 85 231 8 -8 0
188 532 88 234 0 8 0
188 540 91 237 0 -8 0
188 532 94 240 8 0 0
196 532 97 243 0 8 0
196 540 100 246 0 -8 0
196 532 103 249 8 0 0
204 532 106 252 0 -8 0
204 524 109 255 8 -8 0
212 516 112 258 0 8 0
212 524 115 261 0 0 0
212 524 118 264 8 8 0
220 532 121 267 0 8 0
220 540 124 270 0 8 0
220 540 127 273 8 0 0
228 540 130 276 0 0 0
228 540 133 279 8 0 0
236 540 136 282 0 8 0
236 540 139 285 0 0 0
236 540 142 288 8 0 0
244 540 145 291 0 0 0
244 540 148 294 0 -8 0
244 532 151 297 8 0 0
252 532 154 300 0 8 0
252 540 157 303 8 8 0
260 540 160 306 0 0 0
260 540 163 309 0 8 0
260 540 166 312 8 0 0
268 540 169 315 0 8 0
268 540 172 318 0 0 0
268 540 175 321 8 0 0
276 540 178 324 0 0 0
276 540 181 327 8 -8 0
284 532 184 330 0 -8 0
284 524 187 333 0 8 0
284 532 190 336 8 0 0
292 532 193 339 0 8 0
292 540 196 342 0 -8 0
292 532 199 345 8 8 0
300 540 202 348 0 8 0
300 540 205 351 8 -8 0
308 532 208 354 0 8 0
308 540 211 357 0 0 0
308 540 214 360 8 8 0
316 540 217 363 0 8 0
316 540 220 366 0 -8 0
316 532 223 369 8 -8 0
324 524 226 372 0 8 0
324 532 229 375 8 0 0
332 532 232 378 0 8 0
332 540 235 381 0 0 0
332 540 238 384 8 -8 0
340 532 241 387 0 -8 0
340 524 244 390 0 -8 0
340 516 247 393 8 0 0
348 516 250 396 0 -8 0
348 508 253 399 8 0 0
356 508 256 402 0 0 0
356 508 259 405 0 -8 0
356 500 262 408 8 0 0
364 500 265 411 0 0 0
364 500 268 414 0 8 0
364 508 271 417 8 8 0
372 516 274 420 0 8 0
372 524 277 423 8 -8 0
380 516 280 426 0 0 0
380 516 283 429 0 -8 0
380 508 286 432 8 8 0
388 516 289 435 0 -8 0
388 508 292 438 0 0 0
388 508 295 441 8 -8 0
396 500 298 444 0 0 0
396 500 301 447 8 8 0
404 508 304 450 0 0 0
404 508 307 453 0 -8 0
404 500 310 456 8 -8 0
412 492 313 459 0 8 0
412 500 316 462 0 8 0
412 508 319 465 8 0 0
420 508 322 468 0 -8 0
420 500 325 471 8 0 0
428 500 328 474 0 -8 0
428 492 331 477 0 -8 0
428 484 334 480 8 0 0
436 484 337 483 0 8 0
436 492 340 486 0 8 0
436 500 343 489 8 8 0
444 508 346 492 0 -8 0
444 500 349 495 8 8 0
452 508 352 498 0 0 0
452 508 355 501 0 8 0
452 516 358 504 8 -8 0
460 508 361 507 0 8 0
460 516 364 510 0 8 0
460 524 367 513 8 0 0
468 524 370 516 0 -8 0
468 516 373 519 8 -8 0
476 508 376 522 0 8 0
476 516 379 525 0 -8 0
476 508 382 528 8 0 0
484 508 385 531 0 0 0
484 508 388 534 0 -8 0
484 500 391 537 8 0 0
492 500 394 540 0 8 0
492 508 397 543 8 -8 0
500 500 400 546 0 -8 0
500 492 403 549 0 8 0
500 500 406 552 8 8 0
508 508 409 555 0 -8 0
508 500 412 558 0 0 0
508 500 415 561 8 8 0
516 508 418 564 0 0 0
516 508 421 567 8 -8 0
524 500 424 570 0 0 0
524 500 427 573 0 8 0
524 508 430 576 8 8 0
532 516 433 579 0 0 0
532 516 436 582 0 -8 0
532 508 439 585 8 -8 0
540 500 442 588 0 8 0
540 508 445 591 8 -8 0
540 500 448 588 0 0 0
540 500 451 585 0 -8 0
540 492 454 582 0 -8 0
540 484 457 579 0 8 0
540 492 460 576 0 0 0
540 492 463 573 0 -8 0
540 484 466 570 0 8 0
540 492 469 567 0 0 0
540 492 472 564 0 -8 0
540 484 475 561 0 0 0
540 484 478 558 0 -8 0
540 476 481 555 0 0 0
540 476 484 552 0 8 0
540 484 487 549 0 0 0
540 484 490 546 0 -8 0
540 476 493 543 0 8 0
540 484 496 540 0 0 0
540 484 499 537 0 0 0
540 484 502 534 0 0 0
540 484 505 531 0 8 0
540 492 508 528 0 8 0
540 500 511 525 0 0 0
540 500 514 522 0 -8 0
540 492 517 519 0 0 0
540 492 520 516 0 8 0
540 500 523 513 0 8 0
540 508 526 510 0 -8 0
540 500 529 507 0 -8 0
540 492 532 504 0 8 0
540 500 535 501 0 8 0
540 508 538 498 0 8 0
540 516 541 495 0 0 0
540 516 544 492 0 8 0
540 524 547 489 -8 0 0
532 524 550 486 0 8 0
532 532 553 483 0 8 0
532 540 556 480 -8 8 0
524 540 559 477 0 0 0
524 540 562 474 0 -8 0
524 532 565 471 -8 8 0
516 540 568 468 0 -8 0
516 532 571 465 -8 8 0
508 540 574 462 0 -8 0
508 532 577 459 0 8 0
508 540 580 456 -8 8 0
500 540 583 453 0 -8 0
500 532 586 450 0 8 0
500 540 589 447 -8 0 0
492 540 592 444 0 0 0
492 540 595 441 -8 0 0
484 540 598 438 0 0 0
484 540 601 435 0 8 0
484 540 604 432 -8 -8 0
476 532 607 429 0 -8 0
476 524 610 426 0 -8 0
476 516 613 423 -8 8 0
468 524 616 420 0 0 0
468 524 619 417 -8 -8 0
460 516 622 414 0 8 0
460 524 625 411 0 0 0
460 524 628 408 -8 0 0
452 524 631 405 0 8 0
452 532 634 402 0 -8 0
452 524 637 399 -8 8 0
444 532 640 396 0 0 0
444 532 643 393 -8 8 0
436 540 646 390 0 0 0
436 540 649 387 0 0 0
436 540 652 384 -8 0 0
428 540 655 381 0 -8 0
428 532 658 378 0 -8 0
428 524 661 375 -8 8 0
420 532 664 372 0 -8 0
420 524 667 369 -8 0 0
412 524 670 366 0 -8 0
412 516 673 363 0 -8 0
412 508 676 360 -8 0 0
404 508 679 357 0 -8 0
404 500 682 354 0 -8 0
404 492 685 351 -8 8 0
396 500 688 348 0 0 0
396 500 691 345 -8 0 0
388 500 694 342 0 0 0
388 500 697 339 0 0 0
388 500 700 336 -8 0 0
380 500 703 333 0 0 0
380 500 706 330 0 -8 0
380 492 709 327 -8 0 0
372 492 712 324 0 -8 0
372 484 715 321 -8 -8 0
364 476 718 318 0 0 0
364 476 721 315 0 0 0
364 476 724 312 -8 -8 0
356 468 727 309 0 8 0
356 476 730 306 0 0 0
356 476 733 303 -8 -8 0
348 468 736 300 0 8 0
348 476 739 297 -8 0 0
340 476 742 294 0 -8 0
340 468 745 291 0 8 0
340 476 748 288 -8 -8 0
332 468 751 285 0 8 0
332 476 754 282 0 -8 0
332 468 757 279 -8 0 0
324 468 760 276 0 -8 0
324 460 763 273 -8 0 0
316 460 766 270 0 -8 0
316 452 769 267 0 0 0
316 452 772 264 -8 8 0
308 460 775 261 0 -8 0
308 452 778 258 0 -8 0
308 444 781 255 0 0 1
308 444 781 255 0 0 1
308 444 781 255 0 0 1
308 444 781 255 0 0 1
308 444 781 255 0 0 1
