164 213 181 270 0 0 0
164 213 178 267 8 0 0
172 213 175 264 8 -8 0
180 205 172 261 8 8 0
188 213 169 258 8 -8 0
196 205 166 255 8 -8 0
204 197 163 252 0 8 0
204 205 160 249 0 -8 0
204 197 157 246 0 0 0
204 197 154 243 0 -8 0
204 189 151 240 0 8 0
204 197 148 237 0 -8 0
204 189 145 234 0 8 0
204 197 142 231 0 -8 0
204 189 139 228 0 0 0
204 189 136 225 0 8 0
204 197 133 222 0 -8 0
204 189 130 219 0 8 0
204 197 127 216 0 0 0
204 197 124 213 0 8 0
204 205 121 210 0 0 0
204 205 118 207 0 -8 0
204 197 115 204 0 -8 0
204 189 112 201 0 8 0
204 197 109 198 0 0 0
204 197 106 195 0 0 0
204 197 103 192 0 0 0
204 197 100 189 0 0 0
204 197 97 186 0 -8 0
204 189 94 183 0 8 0
204 197 91 180 0 8 0
204 205 88 177 0 8 0
204 213 85 174 0 -8 0
204 205 82 171 0 -8 0
204 197 79 168 0 0 0
204 197 76 165 0 0 0
204 197 73 162 0 8 0
204 205 70 159 0 8 0
204 213 67 156 0 -8 0
204 205 64 153 -8 -8 0
196 197 61 150 0 8 0
196 205 58 147 0 8 0
196 213 55 144 -8 -8 0
188 205 52 141 0 -8 0
188 197 49 138 0 -8 0
188 189 46 135 -8 8 0
180 197 43 132 0 -8 0
180 189 40 129 -8 8 0
172 197 37 126 0 -8 0
172 189 34 123 0 0 0
172 189 31 120 -8 -8 0
164 181 28 117 0 -8 0
164 173 25 114 0 -8 0
164 165 22 111 -8 0 0
156 165 19 108 0 8 0
156 173 22 105 -8 8 0
148 181 25 102 0 -8 0
148 173 28 99 0 0 0
148 173 31 96 -8 0 0
140 173 34 93 0 -8 0
140 165 37 90 0 0 0
140 165 40 87 -8 -8 0
132 157 43 84 0 0 0
132 157 46 81 -8 -8 0
124 149 49 78 0 0 0
124 149 52 75 0 -8 0
124 141 55 72 -8 0 0
116 141 58 69 0 8 0
116 149 61 66 0 -8 0
116 141 64 63 -8 8 0
108 149 67 60 0 8 0
108 157 70 57 -8 -8 0
100 149 73 54 0 8 0
100 157 76 51 0 0 0
100 157 79 48 -8 8 0
92 165 82 45 0 0 0
92 165 85 42 0 0 0
92 165 88 39 -8 -8 0
84 157 91 36 0 -8 0
84 149 94 33 -8 -8 0
76 141 97 30 0 8 0
76 149 100 27 0 8 0
76 157 103 24 -8 0 0
68 157 106 21 0 0 0
68 157 109 18 0 0 0
68 157 112 15 -8 0 0
60 157 115 12 0 0 0
60 157 118 9 -8 8 0
60 165 121 12 0 -8 0
60 157 124 15 0 -8 0
60 149 127 18 0 -8 0
60 141 130 21 0 -8 0
60 133 133 24 0 -8 0
60 125 136 27 0 8 0
60 133 139 30 0 8 0
60 141 142 33 0 -8 0
60 133 145 36 0 8 0
60 141 148 39 0 8 0
60 149 151 42 0 -8 0
60 141 154 45 0 8 0
60 149 157 48 0 0 0
60 149 160 51 0 -8 0
60 141 163 54 0 0 0
60 141 166 57 0 8 0
60 149 169 60 0 8 0
60 157 172 63 0 -8 0
60 149 175 66 0 8 0
60 157 178 69 0 0 0
60 157 181 72 0 8 0
60 165 184 75 0 0 0
60 165 187 78 0 -8 0
60 157 190 81 0 8 0
60 165 193 84 0 -8 0
60 157 196 87 0 8 0
60 165 199 90 0 0 0
60 165 202 93 0 8 0
60 173 205 96 0 8 0
60 181 208 99 0 8 0
60 189 211 102 0 0 0
60 189 214 105 0 0 0
60 189 217 108 0 -8 0
60 181 220 111 8 0 0
68 181 223 114 0 -8 0
68 173 226 117 0 -8 0
68 165 229 120 8 8 0
76 173 232 123 0 8 0
76 181 235 126 0 0 0
76 181 238 129 8 -8 0
84 173 241 132 0 -8 0
84 165 244 135 8 8 0
92 173 247 138 0 8 0
92 181 250 141 0 -8 0
92 173 253 144 8 8 0
100 181 256 147 0 0 0
100 181 259 150 0 -8 0
100 173 262 153 8 -8 0
108 165 265 156 0 -8 0
108 157 268 159 8 8 0
116 165 271 162 0 0 0
116 165 274 165 0 -8 0
116 157 277 168 8 -8 0
124 149 280 171 0 8 0
124 157 283 174 0 -8 0
124 149 286 177 8 -8 0
132 141 289 180 0 0 0
132 141 292 183 8 -8 0
140 133 295 186 0 -8 0
140 125 298 189 0 0 0
140 125 301 192 8 -8 0
148 117 304 195 0 0 0
148 117 307 198 0 8 0
148 125 310 201 8 0 0
156 125 313 204 0 0 0
156 125 316 207 8 8 0
164 133 319 210 0 8 0
164 141 322 213 0 -8 0
164 133 325 216 8 -8 0
172 125 328 219 0 8 0
172 133 331 222 0 0 0
172 133 334 225 8 0 0
180 133 337 228 0 0 0
180 133 340 231 8 -8 0
188 125 343 234 0 -8 0
188 117 346 237 0 8 0
188 125 349 240 8 -8 0
196 117 352 243 0 -8 0
196 109 355 246 0 -8 0
196 101 358 249 8 -8 0
204 93 361 252 0 8 0
204 101 364 255 8 0 0
212 101 367 258 0 8 0
212 109 370 261 0 8 0
212 117 373 264 8 -8 0
220 109 376 267 0 -8 0
220 101 379 270 0 8 0
220 109 382 273 8 0 0
228 109 385 276 0 0 0
228 109 388 279 8 0 0
236 109 391 282 0 0 0
236 109 394 285 0 0 0
236 109 397 288 8 0 0
244 109 400 291 0 8 0
244 117 403 294 0 8 0
244 125 406 297 8 0 0
252 125 409 300 0 8 0
252 133 412 303 8 0 0
260 133 415 306 0 0 0
260 133 418 309 0 -8 0
260 125 421 312 8 -8 0
268 117 424 315 0 8 0
268 125 427 318 0 0 0
268 125 430 321 8 8 0
276 133 433 324 0 -8 0
276 125 436 327 8 8 0
284 133 439 330 0 0 0
284 133 442 333 0 -8 0
284 125 445 336 8 0 0
292 125 448 339 0 0 0
292 125 451 342 0 8 0
292 133 454 345 8 8 0
300 141 457 348 0 -8 0
300 133 460 351 8 0 0
308 133 463 354 0 -8 0
308 125 466 357 0 0 0
308 125 469 360 8 0 0
316 125 472 363 0 -8 0
316 117 475 366 0 0 0
316 117 478 369 8 8 0
324 125 481 372 0 0 0
324 125 484 375 8 8 0
332 133 487 378 0 8 0
332 141 490 381 0 8 0
332 149 493 384 8 8 0
340 157 496 387 0 0 0
340 157 499 390 0 -8 0
340 149 502 393 8 0 0
348 149 505 396 0 8 0
348 157 508 399 8 8 0
356 165 511 402 0 8 0
356 173 514 405 0 8 0
356 181 517 408 8 8 0
364 189 520 411 0 8 0
364 197 523 414 0 -8 0
364 189 526 417 8 8 0
372 197 529 420 0 0 0
372 197 532 423 8 8 0
380 205 535 426 0 0 0
380 205 538 429 0 0 0
380 205 541 432 8 8 0
388 213 544 435 0 -8 0
388 205 547 438 0 -8 0
388 197 550 441 8 0 0
396 197 553 444 0 8 0
396 205 556 447 8 0 0
404 205 559 450 0 0 0
404 205 562 453 0 -8 0
404 197 565 456 8 -8 0
412 189 568 459 0 8 0
412 197 571 462 0 0 0
412 197 574 465 8 8 0
420 205 577 468 0 8 0
420 213 580 471 8 0 0
428 213 583 474 0 8 0
428 221 586 477 0 0 0
428 221 589 480 8 0 0
436 221 592 483 0 8 0
436 229 595 486 0 -8 0
436 221 598 489 8 0 0
444 221 601 492 0 8 0
444 229 604 495 8 -8 0
452 221 607 498 0 0 0
452 221 610 501 0 8 0
452 229 613 504 8 8 0
460 237 616 507 0 0 0
460 237 619 510 0 -8 0
460 229 622 513 8 -8 0
468 221 625 516 0 0 0
468 221 628 519 8 0 0
476 221 631 522 0 -8 0
476 213 634 525 0 -8 0
476 205 637 528 8 0 0
484 205 640 531 0 0 0
484 205 643 534 0 -8 0
484 197 646 537 8 0 0
492 197 649 540 0 -8 0
492 189 652 543 8 0 0
500 189 655 546 0 -8 0
500 181 658 549 0 -8 0
500 173 661 552 8 0 0
508 173 664 555 0 -8 0
508 165 667 558 0 0 0
508 165 670 561 8 -8 0
516 157 673 564 0 0 0
516 157 676 567 8 -8 0
524 149 679 570 0 0 0
524 149 682 573 0 8 0
524 157 685 576 8 0 0
532 157 688 579 0 8 0
532 165 691 582 0 0 0
532 165 694 585 8 -8 0
540 157 697 588 0 8 0
540 165 700 591 8 -8 0
540 157 703 588 0 -8 0
540 149 706 585 0 -8 0
540 141 709 582 0 -8 0
540 133 712 579 0 8 0
540 141 715 576 0 0 0
540 141 718 573 0 8 0
540 149 721 570 0 0 0
540 149 724 567 0 8 0
540 157 727 564 0 8 0
540 165 730 561 0 8 0
540 173 733 558 0 8 0
540 181 736 555 0 -8 0
540 173 739 552 0 -8 0
540 165 742 549 0 8 0
540 173 745 546 0 8 0
540 181 748 543 0 8 0
540 189 751 540 0 0 0
540 189 754 537 0 0 0
540 189 757 534 0 0 0
540 189 760 531 0 0 0
540 189 763 528 0 8 0
540 197 766 525 0 -8 0
540 189 769 522 0 -8 0
540 181 772 519 0 0 0
540 181 775 516 0 0 0
540 181 778 513 0 -8 0
540 173 781 510 0 0 1
540 173 781 510 0 0 1
540 173 781 510 0 0 1
540 173 781 510 0 0 1
540 173 781 510 0 0 1
