512 178 178 240 0 0 0
512 178 181 243 -8 -8 0
504 170 184 246 -8 8 0
496 178 187 249 -8 -8 0
488 170 190 252 -8 -8 0
480 162 193 255 -8 -8 0
472 154 196 258 -8 -8 0
464 146 199 261 -8 -8 0
456 138 202 264 -8 -8 0
448 130 205 267 -8 0 0
440 130 208 270 -8 -8 0
432 122 211 273 -8 0 0
424 122 214 276 -8 -8 0
416 114 217 279 -8 8 0
408 122 220 282 -8 0 0
400 122 223 285 -8 8 0
392 130 226 288 -8 -8 0
384 122 229 291 -8 8 0
376 130 232 294 -8 0 0
368 130 235 297 -8 -8 0
360 122 238 300 -8 0 0
352 122 241 303 0 -8 0
352 114 244 306 0 0 0
352 114 247 309 0 0 0
352 114 250 312 0 0 0
352 114 253 315 0 8 0
352 122 256 318 0 0 0
352 122 259 321 0 0 0
352 122 262 324 0 8 0
352 130 265 327 0 -8 0
352 122 268 330 0 0 0
352 122 271 333 0 0 0
352 122 274 336 0 8 0
352 130 277 339 0 8 0
352 138 280 342 0 8 0
352 146 283 345 0 -8 0
352 138 286 348 0 -8 0
352 130 289 351 0 0 0
352 130 292 354 0 8 0
352 138 295 357 0 -8 0
352 130 298 360 0 0 0
352 130 301 363 0 -8 0
352 122 304 366 0 -8 0
352 114 307 369 0 8 0
352 122 310 372 0 -8 0
352 114 313 375 0 8 0
352 122 316 378 0 8 0
352 130 319 381 0 -8 0
352 122 322 384 0 0 0
352 122 325 387 0 0 0
352 122 328 390 0 0 0
352 122 331 393 0 -8 0
352 114 334 396 0 -8 0
352 106 337 399 0 0 0
352 106 340 402 0 0 0
352 106 343 405 8 0 0
360 106 346 408 0 0 0
360 106 349 411 8 8 0
368 114 352 414 0 0 0
368 114 355 417 0 8 0
368 122 358 420 8 0 0
376 122 361 423 0 -8 0
376 114 364 426 0 8 0
376 122 367 429 8 -8 0
384 114 370 432 0 8 0
384 122 373 435 8 -8 0
392 114 376 438 0 0 0
392 114 379 441 0 8 0
392 122 382 444 8 -8 0
400 114 385 447 0 0 0
400 114 388 450 0 -8 0
400 106 391 453 8 0 0
408 106 394 456 0 0 0
408 106 397 459 8 0 0
416 106 400 462 0 -8 0
416 98 403 465 0 0 0
416 98 406 468 8 -8 0
424 90 409 471 0 0 0
424 90 412 474 0 8 0
424 98 415 477 8 8 0
432 106 418 480 0 0 0
432 106 421 483 8 0 0
440 106 424 486 0 8 0
440 114 427 489 0 0 0
440 114 430 492 8 8 0
448 122 433 495 0 -8 0
448 114 436 498 0 8 0
448 122 439 501 8 -8 0
456 114 442 504 0 -8 0
456 106 445 507 8 0 0
464 106 448 510 0 8 0
464 114 451 513 0 8 0
464 122 454 516 8 0 0
472 122 457 519 0 -8 0
472 114 460 522 0 0 0
472 114 463 525 8 0 0
480 114 466 528 0 0 0
480 114 469 531 8 -8 0
488 106 472 534 0 0 0
488 106 475 537 0 8 0
488 114 478 540 8 0 0
496 114 481 543 0 8 0
496 122 484 546 0 -8 0
496 114 487 549 8 -8 0
504 106 490 552 0 -8 0
504 98 493 555 8 -8 0
512 90 496 558 0 8 0
512 98 499 561 0 -8 0
512 90 502 564 8 8 0
520 98 505 567 0 8 0
520 106 508 570 0 -8 0
520 98 511 573 8 0 0
528 98 514 576 0 -8 0
528 90 517 579 8 8 0
536 98 520 582 0 -8 0
536 90 523 585 0 8 0
536 98 526 588 8 8 0
540 106 529 591 8 0 0
540 106 532 588 0 0 0
540 106 535 585 0 0 0
540 106 538 582 0 0 0
540 106 541 579 0 -8 0
540 98 544 576 0 -8 0
540 90 547 573 0 0 0
540 90 550 570 0 8 0
540 98 553 567 0 8 0
540 106 556 564 0 0 0
540 106 559 561 0 0 0
540 106 562 558 0 8 0
540 114 565 555 0 -8 0
540 106 568 552 0 -8 0
540 98 571 549 0 -8 0
540 90 574 546 0 -8 0
540 82 577 543 0 0 0
540 82 580 540 0 0 0
540 82 583 537 0 8 0
540 90 586 534 0 0 0
540 90 589 531 0 8 0
540 98 592 528 0 8 0
540 106 595 525 0 -8 0
540 98 598 522 0 8 0
540 106 601 519 0 8 0
540 114 604 516 0 -8 0
540 106 607 513 0 8 0
540 114 610 510 0 0 0
540 114 613 507 0 0 0
540 114 616 504 0 8 0
540 122 619 501 0 0 0
540 122 622 498 0 8 0
540 130 625 495 0 8 0
540 138 628 492 0 0 0
540 138 631 489 -8 8 0
532 146 634 486 0 8 0
532 154 637 483 0 8 0
532 162 640 480 -8 0 0
524 162 643 477 0 0 0
524 162 646 474 0 8 0
524 170 649 471 -8 -8 0
516 162 652 468 0 8 0
516 170 655 465 -8 8 0
508 178 658 462 0 8 0
508 186 661 459 0 -8 0
508 178 664 456 -8 8 0
500 186 667 453 0 8 0
500 194 670 450 0 -8 0
500 186 673 447 -8 -8 0
492 178 676 444 0 -8 0
492 170 679 441 -8 -8 0
484 162 682 438 0 -8 0
484 154 685 435 0 8 0
484 162 688 432 -8 8 0
476 170 691 429 0 0 0
476 170 694 426 0 8 0
476 178 697 423 -8 0 0
468 178 700 420 0 -8 0
468 170 703 417 -8 0 0
460 170 706 414 0 0 0
460 170 709 411 0 0 0
460 170 712 408 -8 8 0
452 178 715 405 0 0 0
452 178 718 402 0 8 0
452 186 721 399 -8 8 0
444 194 724 396 0 0 0
444 194 727 393 -8 0 0
436 194 730 390 0 8 0
436 202 733 387 0 -8 0
436 194 736 384 -8 8 0
428 202 739 381 0 8 0
428 210 742 378 0 8 0
428 218 745 375 -8 8 0
420 226 748 372 0 -8 0
420 218 751 369 -8 0 0
412 218 754 366 0 -8 0
412 210 757 363 0 8 0
412 218 760 360 -8 0 0
404 218 763 357 0 -8 0
404 210 766 354 0 8 0
404 218 769 351 -8 -8 0
396 210 772 348 0 8 0
396 218 775 345 -8 0 0
388 218 778 342 0 8 0
388 226 781 339 0 0 1
388 226 781 339 0 0 1
388 226 781 339 0 0 1
388 226 781 339 0 0 1
388 226 781 339 0 0 1
