99 483 472 348 0 0 0
99 483 475 351 8 -8 0
107 475 478 354 8 8 0
115 483 481 357 8 8 0
123 491 484 360 8 8 0
131 499 487 363 8 -8 0
139 491 490 366 8 8 0
147 499 493 369 8 0 0
155 499 496 372 8 8 0
163 507 499 375 8 -8 0
171 499 502 378 8 0 0
179 499 505 381 8 8 0
187 507 508 384 8 -8 0
195 499 511 387 8 -8 0
203 491 514 390 8 8 0
211 499 517 393 8 -8 0
219 491 520 396 8 8 0
227 499 523 399 8 -8 0
235 491 526 402 8 -8 0
243 483 529 405 8 0 0
251 483 532 408 8 8 0
259 491 535 411 8 -8 0
267 483 538 414 8 8 0
275 491 541 417 8 0 0
283 491 544 420 8 -8 0
291 483 547 423 8 0 0
299 483 550 426 8 0 0
307 483 553 429 8 -8 0
315 475 556 432 8 8 0
323 483 559 435 8 0 0
331 483 562 438 8 8 0
339 491 565 441 8 8 0
347 499 568 444 8 0 0
355 499 571 447 8 -8 0
363 491 574 450 8 0 0
371 491 577 453 8 -8 0
379 483 580 456 8 8 0
387 491 583 459 8 0 0
395 491 586 462 8 -8 0
403 483 589 465 8 -8 0
411 475 592 468 8 8 0
419 483 595 471 8 0 0
427 483 598 474 0 8 0
427 491 601 477 0 0 0
427 491 604 480 8 8 0
435 499 607 483 0 -8 0
435 491 610 486 8 8 0
443 499 613 489 0 0 0
443 499 616 492 0 0 0
443 499 619 495 8 -8 0
451 491 622 498 0 8 0
451 499 625 501 0 8 0
451 507 628 504 8 -8 0
459 499 631 507 0 -8 0
459 491 634 510 8 8 0
467 499 637 513 0 0 0
467 499 640 516 0 8 0
467 507 643 519 8 8 0
475 515 646 522 0 8 0
475 523 649 525 0 0 0
475 523 652 528 8 8 0
483 531 655 531 0 0 0
483 531 658 534 8 0 0
491 531 661 537 0 -8 0
491 523 664 540 0 0 0
491 523 667 543 8 -8 0
499 515 670 546 0 -8 0
499 507 673 549 0 8 0
499 515 676 552 8 8 0
507 523 679 555 0 8 0
507 531 682 558 8 -8 0
515 523 685 561 0 8 0
515 531 688 564 0 8 0
515 539 691 567 8 -8 0
523 531 694 570 0 8 0
523 539 697 573 0 -8 0
523 531 700 576 8 8 0
531 539 703 579 0 -8 0
531 531 706 582 8 0 0
539 531 709 585 0 -8 0
539 523 712 588 0 8 0
539 531 715 591 8 -8 0
540 523 718 588 0 0 0
540 523 721 585 0 -8 0
540 515 724 582 0 8 0
540 523 727 579 0 0 0
540 523 730 576 0 0 0
540 523 733 573 0 8 0
540 531 736 570 0 0 0
540 531 739 567 0 -8 0
540 523 742 564 0 -8 0
540 515 745 561 0 0 0
540 515 748 558 0 8 0
540 523 751 555 0 -8 0
540 515 754 552 0 8 0
540 523 757 549 0 8 0
540 531 760 546 0 -8 0
540 523 763 543 0 0 0
540 523 766 540 0 -8 0
540 515 769 537 0 8 0
540 523 772 534 0 -8 0
540 515 775 531 0 0 0
540 515 778 528 0 -8 0
540 507 781 525 0 0 0
540 507 778 522 0 -8 0
540 499 775 519 0 0 0
540 499 772 516 0 8 0
540 507 769 513 0 0 0
540 507 766 510 0 -8 0
540 499 763 507 0 8 0
540 507 760 504 0 0 0
540 507 757 501 0 -8 0
540 499 754 498 0 -8 0
540 491 751 495 0 8 0
540 499 748 492 0 8 0
540 507 745 489 -8 8 0
532 515 742 486 0 8 0
532 523 739 483 0 8 0
532 531 736 480 -8 0 0
524 531 733 477 0 8 0
524 539 730 474 0 8 0
524 540 727 471 -8 8 0
516 540 724 468 0 -8 0
516 532 721 465 -8 0 0
508 532 718 462 0 8 0
508 540 715 459 0 -8 0
508 532 712 456 -8 -8 0
500 524 709 453 0 0 0
500 524 706 450 0 -8 0
500 516 703 447 -8 8 0
492 524 700 444 0 8 0
492 532 697 441 -8 8 0
484 540 694 438 0 -8 0
484 532 691 435 0 -8 0
484 524 688 432 -8 -8 0
476 516 685 429 0 8 0
476 524 682 426 0 8 0
476 532 679 423 -8 -8 0
468 524 676 420 0 -8 0
468 516 673 417 -8 8 0
460 524 670 414 0 -8 0
460 516 667 411 0 0 0
460 516 664 408 -8 0 0
452 516 661 405 0 0 0
452 516 658 402 0 -8 0
452 508 655 399 -8 0 0
444 508 652 396 0 0 0
444 508 649 393 -8 -8 0
436 500 646 390 0 -8 0
436 492 643 387 0 -8 0
436 484 640 384 -8 0 0
428 484 637 381 0 -8 0
428 476 634 378 0 8 0
428 484 631 375 -8 8 0
420 492 628 372 0 -8 0
420 484 625 369 -8 0 0
412 484 622 366 0 0 0
412 484 619 363 0 8 0
412 492 616 360 -8 8 0
404 500 613 357 0 -8 0
404 492 610 354 0 -8 0
404 484 607 351 -8 8 0
396 492 604 348 0 8 0
396 500 601 345 -8 -8 0
388 492 598 342 0 -8 0
388 484 595 339 0 0 0
388 484 592 336 -8 -8 0
380 476 589 333 0 0 0
380 476 586 330 0 -8 0
380 468 583 327 -8 -8 0
372 460 580 324 0 0 0
372 460 577 321 -8 8 0
364 468 574 318 0 0 0
364 468 571 315 0 -8 0
364 460 568 312 -8 8 0
356 468 565 309 0 8 0
356 476 562 306 0 -8 0
356 468 559 303 -8 8 0
348 476 556 300 0 0 0
348 476 553 297 -8 -8 0
340 468 550 294 0 8 0
340 476 547 291 0 8 0
340 484 544 288 -8 0 0
332 484 541 285 0 8 0
332 492 538 282 0 8 0
332 500 535 279 -8 0 0
324 500 532 276 0 0 0
324 500 529 273 -8 8 0
316 508 526 270 0 0 0
316 508 523 267 0 8 0
316 516 520 264 -8 0 0
308 516 517 261 0 8 0
308 524 514 258 0 0 0
308 524 511 255 -8 0 0
300 524 508 252 0 -8 0
300 516 505 249 -8 -8 0
292 508 502 246 0 8 0
292 516 499 243 0 -8 0
292 508 496 240 -8 -8 0
284 500 493 237 0 -8 0
284 492 490 234 0 8 0
284 500 487 231 -8 8 0
276 508 484 228 0 0 0
276 508 481 225 -8 -8 0
268 500 478 222 0 -8 0
268 492 475 219 0 8 0
268 500 472 216 -8 -8 0
260 492 469 213 0 -8 0
260 484 466 210 0 8 0
260 492 463 207 -8 0 0
252 492 460 204 0 -8 0
252 484 457 201 -8 0 0
244 484 454 198 0 8 0
244 492 451 195 0 8 0
244 500 448 192 -8 -8 0
236 492 445 189 0 0 0
236 492 442 186 0 0 0
236 492 439 183 -8 8 0
228 500 436 180 0 0 0
228 500 433 177 -8 -8 0
220 492 430 174 0 0 0
220 492 427 171 0 -8 0
220 484 424 168 -8 0 0
212 484 421 165 0 -8 0
212 476 418 162 0 0 0
212 476 415 159 -8 -8 0
204 468 412 156 0 -8 0
204 460 409 153 -8 8 0
196 468 406 150 0 0 0
196 468 403 147 0 8 0
196 476 400 144 -8 8 0
188 484 397 141 0 0 0
188 484 394 138 0 -8 0
188 476 391 135 -8 0 0
180 476 388 132 0 -8 0
180 468 385 129 -8 8 0
172 476 382 126 0 0 0
172 476 379 123 0 0 0
172 476 376 120 -8 0 0
164 476 373 117 0 0 0
164 476 370 114 0 0 0
164 476 367 111 -8 0 0
156 476 364 108 0 -8 0
156 468 361 105 -8 0 0
148 468 358 102 0 8 0
148 476 355 99 0 -8 0
148 468 352 96 -8 8 0
140 476 349 93 0 -8 0
140 468 346 90 0 8 0
140 476 343 87 -8 8 0
132 484 340 84 0 -8 0
132 476 337 81 -8 -8 0
124 468 334 78 0 0 0
124 468 331 75 0 8 0
124 476 328 72 -8 -8 0
116 468 325 69 0 8 0
116 476 322 66 0 0 0
116 476 319 63 -8 -8 0
108 468 316 60 0 8 0
108 476 313 57 -8 8 0
100 484 310 54 0 0 0
100 484 307 51 0 8 0
100 492 304 48 -8 8 0
92 500 301 45 0 0 0
92 500 298 42 0 0 0
92 500 295 39 -8 -8 0
84 492 292 36 0 8 0
84 500 289 33 -8 -8 0
76 492 286 30 0 -8 0
76 484 283 27 0 0 0
76 484 280 24 -8 0 0
68 484 277 21 0 -8 0
68 476 274 18 0 8 0
68 484 271 15 -8 0 0
60 484 268 12 0 8 0
60 492 265 9 -8 8 0
60 500 262 12 0 -8 0
60 492 259 15 0 -8 0
60 484 256 18 0 8 0
60 492 253 21 0 -8 0
60 484 250 24 0 8 0
60 492 247 27 0 -8 0
60 484 244 30 0 0 0
60 484 241 33 0 0 0
60 484 238 36 0 -8 0
60 476 235 39 0 8 0
60 484 232 42 0 0 0
60 484 229 45 0 8 0
60 492 226 48 0 0 0
60 492 223 51 0 0 0
60 492 220 54 0 -8 0
60 484 217 57 0 0 0
60 484 214 60 0 8 0
60 492 211 63 0 8 0
60 500 208 66 0 0 0
60 500 205 69 0 -8 0
60 492 202 72 0 8 0
60 500 199 75 0 0 0
60 500 196 78 0 0 0
60 500 193 81 0 -8 0
60 492 190 84 0 -8 0
60 484 187 87 0 0 0
60 484 184 90 0 0 0
60 484 181 93 0 8 0
60 492 178 96 0 -8 0
60 484 175 99 0 -8 0
60 476 172 102 0 8 0
60 484 169 105 0 8 0
60 492 166 108 0 8 0
60 500 163 111 8 0 0
68 500 160 114 0 -8 0
68 492 157 117 0 0 0
68 492 154 120 8 -8 0
76 484 151 123 0 8 0
76 492 148 126 0 -8 0
76 484 145 129 8 8 0
84 492 142 132 0 -8 0
84 484 139 135 8 8 0
92 492 136 138 0 8 0
92 500 133 141 0 8 0
92 508 130 144 8 8 0
100 516 127 147 0 -8 0
100 508 124 150 0 0 0
100 508 121 153 8 8 0
108 516 118 156 0 -8 0
108 508 115 159 8 -8 0
116 500 112 162 0 -8 0
116 492 109 165 0 -8 0
116 484 106 168 8 8 0
124 492 103 171 0 0 0
124 492 100 174 0 -8 0
124 484 97 177 8 0 0
132 484 94 180 0 -8 0
132 476 91 183 8 0 0
140 476 88 186 0 0 0
140 476 85 189 0 8 0
140 484 82 192 8 8 0
148 492 79 195 0 -8 0
148 484 76 198 0 8 0
148 492 73 201 8 8 0
156 500 70 204 0 8 0
156 508 67 207 8 0 0
164 508 64 210 0 8 0
164 516 61 213 0 0 0
164 516 58 216 8 0 0
172 516 55 219 0 0 0
172 516 52 222 0 0 0
172 516 49 225 8 8 0
180 524 46 228 0 8 0
180 532 43 231 8 0 0
188 532 40 234 0 0 0
188 532 37 237 0 -8 0
188 524 34 240 8 -8 0
196 516 31 243 0 0 0
196 516 28 246 0 -8 0
196 508 25 249 8 -8 0
204 500 22 252 0 -8 0
204 492 19 255 0 0 1
204 492 19 255 0 0 1
204 492 19 255 0 0 1
204 492 19 255 0 0 1
204 492 19 255 0 0 1
