136 460 373 381 0 0 0
136 460 370 378 8 0 0
144 460 367 375 8 0 0
152 460 364 372 8 0 0
160 460 361 369 8 -8 0
168 452 358 366 8 8 0
176 460 355 363 8 0 0
184 460 352 360 8 -8 0
192 452 349 357 8 8 0
200 460 346 354 8 8 0
208 468 343 351 8 -8 0
216 460 340 348 8 -8 0
224 452 337 345 8 0 0
232 452 334 342 8 8 0
240 460 331 339 8 8 0
248 468 328 336 8 -8 0
256 460 325 333 8 -8 0
264 452 322 330 8 8 0
272 460 319 327 8 -8 0
280 452 316 324 0 0 0
280 452 313 321 0 0 0
280 452 310 318 0 0 0
280 452 307 315 0 -8 0
280 444 304 312 0 8 0
280 452 301 309 0 8 0
280 460 298 306 0 0 0
280 460 295 303 0 8 0
280 468 292 300 0 -8 0
280 460 289 297 0 8 0
280 468 286 294 0 0 0
280 468 283 291 0 -8 0
280 460 280 288 0 0 0
280 460 277 285 0 0 0
280 460 274 282 0 -8 0
280 452 271 279 0 8 0
280 460 268 276 0 8 0
280 468 265 273 0 8 0
280 476 262 270 0 0 0
280 476 259 267 0 8 0
280 484 256 264 0 -8 0
280 476 253 261 0 8 0
280 484 250 258 0 0 0
280 484 247 255 0 8 0
280 492 244 252 0 -8 0
280 484 241 249 0 8 0
280 492 238 246 0 -8 0
280 484 235 243 0 8 0
280 492 232 240 0 0 0
280 492 229 237 0 8 0
280 500 226 234 0 8 0
280 508 223 231 0 8 0
280 516 220 228 -8 8 0
272 524 217 225 0 8 0
272 532 214 222 0 8 0
272 540 211 219 -8 -8 0
264 532 208 216 0 -8 0
264 524 205 213 -8 8 0
256 532 202 210 0 8 0
256 540 199 207 0 0 0
256 540 196 204 -8 0 0
248 540 193 201 0 8 0
248 540 190 198 0 0 0
248 540 187 195 -8 0 0
240 540 184 192 0 0 0
240 540 181 189 -8 -8 0
232 532 178 186 0 8 0
232 540 175 183 0 -8 0
232 532 172 180 -8 -8 0
224 524 169 177 0 8 0
224 532 166 174 0 -8 0
224 524 163 171 -8 0 0
216 524 160 168 0 -8 0
216 516 157 165 -8 8 0
208 524 154 162 0 0 0
208 524 151 159 0 0 0
208 524 148 156 -8 -8 0
200 516 145 153 0 0 0
200 516 142 150 0 8 0
200 524 139 147 -8 0 0
192 524 136 144 0 0 0
192 524 133 141 -8 0 0
184 524 130 138 0 -8 0
184 516 127 135 0 0 0
184 516 124 132 -8 -8 0
176 508 121 129 0 -8 0
176 500 118 126 0 -8 0
176 492 115 123 -8 0 0
168 492 112 120 0 8 0
168 500 109 117 -8 -8 0
160 492 106 114 0 -8 0
160 484 103 111 0 0 0
160 484 100 108 -8 -8 0
152 476 97 105 0 0 0
152 476 94 102 0 0 0
152 476 91 99 -8 0 0
144 476 88 96 0 0 0
144 476 85 93 -8 0 0
136 476 82 90 0 -8 0
136 468 79 87 0 0 0
136 468 76 84 -8 -8 0
128 460 73 81 0 -8 0
128 452 70 78 0 -8 0
128 444 67 75 -8 -8 0
120 436 64 72 0 0 0
120 436 61 69 -8 0 0
112 436 58 66 0 -8 0
112 428 55 63 0 0 0
112 428 52 60 -8 8 0
104 436 49 57 0 8 0
104 444 46 54 0 0 0
104 444 43 51 -8 0 0
96 444 40 48 0 0 0
96 444 37 45 -8 0 0
88 444 34 42 0 0 0
88 444 31 39 0 -8 0
88 436 28 36 -8 8 0
80 444 25 33 0 -8 0
80 436 22 30 0 -8 0
80 428 19 27 0 0 1
80 428 19 27 0 0 1
80 428 19 27 0 0 1
80 428 19 27 0 0 1
80 428 19 27 0 0 1
