228 355 376 213 0 0 0
228 355 379 210 0 0 0
228 355 382 207 0 -8 0
228 347 385 204 0 -8 0
228 339 388 201 0 8 0
228 347 391 198 0 0 0
228 347 394 195 0 -8 0
228 339 397 192 0 8 0
228 347 400 189 0 0 0
228 347 403 186 0 8 0
228 355 406 183 0 0 0
228 355 409 180 0 8 0
228 363 412 177 -8 -8 0
220 355 415 174 0 8 0
220 363 418 171 0 0 0
220 363 421 168 -8 0 0
212 363 424 165 0 8 0
212 371 427 162 0 0 0
212 371 430 159 -8 0 0
204 371 433 156 0 8 0
204 379 436 153 -8 8 0
196 387 439 150 0 -8 0
196 379 442 147 0 0 0
196 379 445 144 -8 -8 0
188 371 448 141 0 -8 0
188 363 451 138 0 0 0
188 363 454 135 -8 -8 0
180 355 457 132 0 -8 0
180 347 460 129 -8 0 0
172 347 463 126 0 8 0
172 355 466 123 0 0 0
172 355 469 120 -8 8 0
164 363 472 117 0 -8 0
164 355 475 114 0 0 0
164 355 478 111 -8 -8 0
156 347 481 108 0 0 0
156 347 484 105 -8 8 0
148 355 487 102 0 8 0
148 363 490 99 0 8 0
148 371 493 96 -8 8 0
140 379 496 93 0 0 0
140 379 499 90 0 8 0
140 387 502 87 -8 -8 0
132 379 505 84 0 8 0
132 387 508 81 -8 0 0
124 387 511 78 0 8 0
124 395 514 75 0 -8 0
124 387 517 72 -8 8 0
116 395 520 69 0 0 0
116 395 523 66 0 0 0
116 395 526 63 -8 0 0
108 395 529 60 0 8 0
108 403 532 57 -8 -8 0
100 395 535 54 0 8 0
100 403 538 51 0 0 0
100 403 541 48 -8 0 0
92 403 544 45 0 0 0
92 403 547 42 0 -8 0
92 395 550 39 -8 -8 0
84 387 553 36 0 0 0
84 387 556 33 -8 8 0
76 395 559 30 0 -8 0
76 387 562 27 0 -8 0
76 379 565 24 -8 -8 0
68 371 568 21 0 8 0
68 379 571 18 0 0 0
68 379 574 15 -8 8 0
60 387 577 12 0 0 0
60 387 580 9 -8 -8 0
60 379 583 12 0 0 0
60 379 586 15 0 -8 0
60 371 589 18 0 8 0
60 379 592 21 0 0 0
60 379 595 24 0 -8 0
60 371 598 27 0 0 0
60 371 601 30 0 8 0
60 379 604 33 0 0 0
60 379 607 36 0 -8 0
60 371 610 39 0 0 0
60 371 613 42 0 0 0
60 371 616 45 0 -8 0
60 363 619 48 0 8 0
60 371 622 51 0 8 0
60 379 625 54 0 8 0
60 387 628 57 0 0 0
60 387 631 60 0 -8 0
60 379 634 63 0 0 0
60 379 637 66 0 0 0
60 379 640 69 0 8 0
60 387 643 72 0 0 0
60 387 646 75 0 8 0
60 395 649 78 0 -8 0
60 387 652 81 0 8 0
60 395 655 84 0 0 0
60 395 658 87 0 0 0
60 395 661 90 0 8 0
60 403 664 93 0 0 0
60 403 667 96 0 8 0
60 411 670 99 0 0 0
60 411 673 102 0 8 0
60 419 676 105 0 8 0
60 427 679 108 0 8 0
60 435 682 111 8 8 0
68 443 685 114 0 -8 0
68 435 688 117 0 -8 0
68 427 691 120 8 -8 0
76 419 694 123 0 8 0
76 427 697 126 0 8 0
76 435 700 129 8 8 0
84 443 703 132 0 -8 0
84 435 706 135 8 -8 0
92 427 709 138 0 0 0
92 427 712 141 0 -8 0
92 419 715 144 8 -8 0
100 411 718 147 0 8 0
100 419 721 150 0 0 0
100 419 724 153 8 8 0
108 427 727 156 0 8 0
108 435 730 159 8 -8 0
116 427 733 162 0 8 0
116 435 736 165 0 -8 0
116 427 739 168 8 0 0
124 427 742 171 0 0 0
124 427 745 174 0 8 0
124 435 748 177 8 8 0
132 443 751 180 0 8 0
132 451 754 183 8 8 0
140 459 757 186 0 8 0
140 467 760 189 0 -8 0
140 459 763 192 8 -8 0
148 451 766 195 0 0 0
148 451 769 198 0 8 0
148 459 772 201 8 0 0
156 459 775 204 0 8 0
156 467 778 207 8 8 0
164 475 781 210 0 0 1
164 475 781 210 0 0 1
164 475 781 210 0 0 1
164 475 781 210 0 0 1
164 475 781 210 0 0 1
