138 61 511 261 0 0 0
138 61 514 264 8 0 0
146 61 517 267 8 8 0
154 69 520 270 8 -8 0
162 61 523 273 8 0 0
170 61 526 276 8 0 0
178 61 529 279 8 0 0
186 61 532 282 8 -8 0
194 60 535 285 8 8 0
202 68 538 288 8 0 0
210 68 541 291 8 0 0
218 68 544 294 8 8 0
226 76 547 297 8 8 0
234 84 550 300 8 8 0
242 92 553 303 8 8 0
250 100 556 306 8 8 0
258 108 559 309 8 0 0
266 108 562 312 0 0 0
266 108 565 315 0 -8 0
266 100 568 318 8 -8 0
274 92 571 321 0 8 0
274 100 574 324 0 8 0
274 108 577 327 8 8 0
282 116 580 330 0 0 0
282 116 583 333 8 8 0
290 124 586 336 0 -8 0
290 116 589 339 0 8 0
290 124 592 342 8 -8 0
298 116 595 345 0 8 0
298 124 598 348 0 -8 0
298 116 601 351 8 8 0
306 124 604 354 0 -8 0
306 116 607 357 8 0 0
314 116 610 360 0 -8 0
314 108 613 363 0 8 0
314 116 616 366 8 -8 0
322 108 619 369 0 8 0
322 116 622 372 0 -8 0
322 108 625 375 8 -8 0
330 100 628 378 0 0 0
330 100 631 381 8 0 0
338 100 634 384 0 -8 0
338 92 637 387 0 8 0
338 100 640 390 8 8 0
346 108 643 393 0 -8 0
346 100 646 396 0 0 0
346 100 649 399 8 0 0
354 100 652 402 0 -8 0
354 92 655 405 8 8 0
362 100 658 408 0 -8 0
362 92 661 411 0 0 0
362 92 664 414 8 -8 0
370 84 667 417 0 8 0
370 92 670 420 0 0 0
370 92 673 423 8 8 0
378 100 676 426 0 0 0
378 100 679 429 8 8 0
386 108 682 432 0 0 0
386 108 685 435 0 -8 0
386 100 688 438 8 8 0
394 108 691 441 0 8 0
394 116 694 444 0 8 0
394 124 697 447 8 -8 0
402 116 700 450 0 -8 0
402 108 703 453 8 0 0
410 108 706 456 0 0 0
410 108 709 459 0 0 0
410 108 712 462 8 0 0
418 108 715 465 0 8 0
418 116 718 468 0 0 0
418 116 721 471 8 -8 0
426 108 724 474 0 -8 0
426 100 727 477 8 0 0
434 100 730 480 0 -8 0
434 92 733 483 0 -8 0
434 84 736 486 8 -8 0
442 76 739 489 0 0 0
442 76 742 492 0 0 0
442 76 745 495 8 8 0
450 84 748 498 0 0 0
450 84 751 501 8 8 0
458 92 754 504 0 8 0
458 100 757 507 0 0 0
458 100 760 510 8 8 0
466 108 763 513 0 8 0
466 116 766 516 0 8 0
466 124 769 519 8 -8 0
474 116 772 522 0 0 0
474 116 775 525 8 -8 0
482 108 778 528 0 -8 0
482 100 781 531 0 0 1
482 100 781 531 0 0 1
482 100 781 531 0 0 1
482 100 781 531 0 0 1
482 100 781 531 0 0 1
