395 355 688 441 0 0 0
395 355 685 444 0 8 0
395 363 682 447 8 8 0
403 371 679 450 0 0 0
403 371 676 453 0 8 0
403 379 673 456 8 0 0
411 379 670 459 0 -8 0
411 371 667 462 8 0 0
419 371 664 465 0 8 0
419 379 661 468 0 -8 0
419 371 658 471 8 8 0
427 379 655 474 0 -8 0
427 371 652 477 0 0 0
427 371 649 480 8 -8 0
435 363 646 483 0 8 0
435 371 643 486 8 8 0
443 379 640 489 0 -8 0
443 371 637 492 0 -8 0
443 363 634 495 8 8 0
451 371 631 498 0 -8 0
451 363 628 501 0 8 0
451 371 625 504 8 0 0
459 371 622 507 0 8 0
459 379 619 510 8 -8 0
467 371 616 513 0 0 0
467 371 613 516 0 -8 0
467 363 610 519 8 0 0
475 363 607 522 0 8 0
475 371 604 525 0 0 0
475 371 601 528 8 -8 0
483 363 598 531 0 8 0
483 371 595 534 8 8 0
491 379 592 537 0 0 0
491 379 589 540 0 8 0
491 387 586 543 8 0 0
499 387 583 546 0 0 0
499 387 580 549 0 8 0
499 395 577 552 8 -8 0
507 387 574 555 0 8 0
507 395 571 558 8 8 0
515 403 568 561 0 8 0
515 411 565 564 0 0 0
515 411 562 567 8 -8 0
523 403 559 570 0 -8 0
523 395 556 573 0 -8 0
523 387 553 576 8 -8 0
531 379 550 579 0 0 0
531 379 547 582 8 8 0
539 387 544 585 0 -8 0
539 379 541 588 0 8 0
539 387 538 591 8 -8 0
540 379 535 588 0 8 0
540 387 532 585 0 -8 0
540 379 529 582 0 -8 0
540 371 526 579 0 -8 0
540 363 523 576 0 8 0
540 371 520 573 0 0 0
540 371 517 570 0 0 0
540 371 514 567 0 8 0
540 379 511 564 0 -8 0
540 371 508 561 0 0 0
540 371 505 558 0 8 0
540 379 502 555 0 8 0
540 387 499 552 0 0 0
540 387 496 549 0 0 0
540 387 493 546 0 8 0
540 395 490 543 0 8 0
540 403 487 540 0 0 0
540 403 484 537 0 8 0
540 411 481 534 0 0 0
540 411 478 531 0 -8 0
540 403 475 528 0 0 0
540 403 472 525 0 -8 0
540 395 469 522 0 8 0
540 403 466 519 0 0 0
540 403 463 516 0 0 0
540 403 460 513 0 0 0
540 403 457 510 0 -8 0
540 395 454 507 0 8 0
540 403 451 504 0 0 0
540 403 448 501 0 -8 0
540 395 445 498 0 0 0
540 395 442 495 0 -8 0
540 387 439 492 0 8 0
540 395 436 489 -8 0 0
532 395 433 486 0 -8 0
532 387 430 483 0 0 0
532 387 427 480 -8 8 0
524 395 424 477 0 0 0
524 395 421 474 0 0 0
524 395 418 471 -8 0 0
516 395 415 468 0 0 0
516 395 412 465 -8 -8 0
508 387 409 462 0 -8 0
508 379 406 459 0 8 0
508 387 403 456 -8 0 0
500 387 400 453 0 8 0
500 395 397 450 0 0 0
500 395 394 447 -8 0 0
492 395 391 444 0 0 0
492 395 388 441 -8 -8 0
484 387 385 438 0 0 0
484 387 382 435 0 -8 0
484 379 379 432 -8 8 0
476 387 376 429 0 0 0
476 387 373 426 0 -8 0
476 379 370 423 -8 -8 0
468 371 367 420 0 0 0
468 371 364 417 -8 0 0
460 371 361 414 0 -8 0
460 363 358 411 0 8 0
460 371 355 408 -8 8 0
452 379 352 405 0 0 0
452 379 349 402 0 -8 0
452 371 346 399 -8 8 0
444 379 343 396 0 0 0
444 379 340 393 -8 -8 0
436 371 337 390 0 8 0
436 379 334 387 0 8 0
436 387 331 384 -8 0 0
428 387 328 381 0 0 0
428 387 325 378 0 8 0
428 395 322 375 -8 8 0
420 403 319 372 0 -8 0
420 395 316 369 -8 -8 0
412 387 313 366 0 8 0
412 395 310 363 0 -8 0
412 387 307 360 -8 8 0
404 395 304 357 0 -8 0
404 387 301 354 0 0 0
404 387 298 351 -8 -8 0
396 379 295 348 0 8 0
396 387 292 345 -8 0 0
388 387 289 342 0 0 0
388 387 286 339 0 0 0
388 387 283 336 -8 -8 0
380 379 280 333 0 -8 0
380 371 277 330 0 8 0
380 379 274 327 -8 0 0
372 379 271 324 0 0 0
372 379 268 321 -8 0 0
364 379 265 318 0 0 0
364 379 262 315 0 -8 0
364 371 259 312 -8 8 0
356 379 256 309 0 0 0
356 379 253 306 0 0 0
356 379 250 303 -8 -8 0
348 371 247 300 0 0 0
348 371 244 297 -8 0 0
340 371 241 294 0 0 0
340 371 238 291 0 0 0
340 371 235 288 -8 8 0
332 379 232 285 0 8 0
332 387 229 282 0 0 0
332 387 226 279 -8 8 0
324 395 223 276 0 -8 0
324 387 220 273 -8 -8 0
316 379 217 270 0 -8 0
316 371 214 267 0 8 0
316 379 211 264 -8 -8 0
308 371 208 261 0 8 0
308 379 205 258 0 -8 0
308 371 202 255 -8 0 0
300 371 199 252 0 -8 0
300 363 196 249 -8 -8 0
292 355 193 246 0 -8 0
292 347 190 243 0 -8 0
292 339 187 240 -8 0 0
284 339 184 237 0 -8 0
284 331 181 234 0 8 0
284 339 178 231 -8 0 0
276 339 175 228 0 0 0
276 339 172 225 -8 0 0
268 339 169 222 0 -8 0
268 331 166 219 0 8 0
268 339 163 216 -8 -8 0
260 331 160 213 0 -8 0
260 323 157 210 0 0 0
260 323 154 207 -8 0 0
252 323 151 204 0 8 0
252 331 148 201 -8 -8 0
244 323 145 198 0 8 0
244 331 142 195 0 8 0
244 339 139 192 -8 -8 0
236 331 136 189 0 0 0
236 331 133 186 0 8 0
236 339 130 183 -8 -8 0
228 331 127 180 0 -8 0
228 323 124 177 -8 8 0
220 331 121 174 0 0 0
220 331 118 171 0 -8 0
220 323 115 168 -8 0 0
212 323 112 165 0 0 0
212 323 109 162 0 -8 0
212 315 106 159 -8 8 0
204 323 103 156 0 8 0
204 331 100 153 -8 0 0
196 331 97 150 0 8 0
196 339 94 147 0 -8 0
196 331 91 144 -8 8 0
188 339 88 141 0 -8 0
188 331 85 138 0 8 0
188 339 82 135 -8 0 0
180 339 79 132 0 -8 0
180 331 76 129 -8 8 0
172 339 73 126 0 -8 0
172 331 70 123 0 0 0
172 331 67 120 -8 -8 0
164 323 64 117 0 -8 0
164 315 61 114 0 0 0
164 315 58 111 -8 0 0
156 315 55 108 0 0 0
156 315 52 105 -8 0 0
148 315 49 102 0 0 0
148 315 46 99 0 -8 0
148 307 43 96 -8 8 0
140 315 40 93 0 -8 0
140 307 37 90 0 -8 0
140 299 34 87 -8 -8 0
132 291 31 84 0 0 0
132 291 28 81 -8 0 0
124 291 25 78 0 0 0
124 291 22 75 0 0 0
124 291 19 72 0 0 1
124 291 19 72 0 0 1
124 291 19 72 0 0 1
124 291 19 72 0 0 1
124 291 19 72 0 0 1
