337 423 250 480 0 0 0
337 423 247 477 8 -8 0
345 415 244 474 8 -8 0
353 407 241 471 8 0 0
361 407 238 468 8 0 0
369 407 235 465 8 8 0
377 415 232 462 8 -8 0
385 407 229 459 8 -8 0
393 399 226 456 8 -8 0
401 391 223 453 8 8 0
409 399 220 450 0 -8 0
409 391 217 447 0 -8 0
409 383 214 444 0 8 0
409 391 211 441 0 0 0
409 391 208 438 0 0 0
409 391 205 435 0 -8 0
409 383 202 432 0 8 0
409 391 199 429 0 -8 0
409 383 196 426 0 0 0
409 383 193 423 0 0 0
409 383 190 420 0 8 0
409 391 187 417 0 8 0
409 399 184 414 0 -8 0
409 391 181 411 0 8 0
409 399 178 408 0 0 0
409 399 175 405 0 -8 0
409 391 172 402 0 8 0
409 399 169 399 0 0 0
409 399 166 396 0 8 0
409 407 163 393 0 8 0
409 415 160 390 0 0 0
409 415 157 387 0 0 0
409 415 154 384 0 0 0
409 415 151 381 0 -8 0
409 407 148 378 0 8 0
409 415 145 375 0 0 0
409 415 142 372 0 0 0
409 415 139 369 0 -8 0
409 407 136 366 0 8 0
409 415 133 363 0 8 0
409 423 130 360 0 8 0
409 431 127 357 -8 -8 0
401 423 124 354 0 0 0
401 423 121 351 0 0 0
401 423 118 348 -8 8 0
393 431 115 345 0 8 0
393 439 112 342 -8 8 0
385 447 109 339 0 8 0
385 455 106 336 0 8 0
385 463 103 333 -8 8 0
377 471 100 330 0 -8 0
377 463 97 327 0 8 0
377 471 94 324 -8 8 0
369 479 91 321 0 -8 0
369 471 88 318 -8 -8 0
361 463 85 315 0 -8 0
361 455 82 312 0 -8 0
361 447 79 309 -8 0 0
353 447 76 306 0 8 0
353 455 73 303 0 -8 0
353 447 70 300 -8 0 0
345 447 67 297 0 0 0
345 447 64 294 -8 8 0
337 455 61 291 0 8 0
337 463 58 288 0 -8 0
337 455 55 285 -8 8 0
329 463 52 282 0 0 0
329 463 49 279 0 -8 0
329 455 46 276 -8 -8 0
321 447 43 273 0 8 0
321 455 40 270 -8 -8 0
313 447 37 267 0 0 0
313 447 34 264 0 -8 0
313 439 31 261 -8 0 0
305 439 28 258 0 -8 0
305 431 25 255 0 8 0
305 439 22 252 -8 -8 0
297 431 19 249 0 0 0
297 431 22 246 -8 -8 0
289 423 25 243 0 0 0
289 423 28 240 0 0 0
289 423 31 237 -8 -8 0
281 415 34 234 0 -8 0
281 407 37 231 0 0 0
281 407 40 228 -8 -8 0
273 399 43 225 0 0 0
273 399 46 222 -8 8 0
265 407 49 219 0 0 0
265 407 52 216 0 8 0
265 415 55 213 -8 8 0
257 423 58 210 0 0 0
257 423 61 207 0 0 0
257 423 64 204 -8 -8 0
249 415 67 201 0 0 0
249 415 70 198 -8 0 0
241 415 73 195 0 -8 0
241 407 76 192 0 -8 0
241 399 79 189 -8 0 0
233 399 82 186 0 8 0
233 407 85 183 0 8 0
233 415 88 180 -8 8 0
225 423 91 177 0 -8 0
225 415 94 174 -8 -8 0
217 407 97 171 0 0 0
217 407 100 168 0 -8 0
217 399 103 165 -8 8 0
209 407 106 162 0 8 0
209 415 109 159 0 0 0
209 415 112 156 -8 0 0
201 415 115 153 0 0 0
201 415 118 150 -8 0 0
193 415 121 147 0 8 0
193 423 124 144 0 -8 0
193 415 127 141 -8 -8 0
185 407 130 138 0 0 0
185 407 133 135 0 0 0
185 407 136 132 -8 0 0
177 407 139 129 0 -8 0
177 399 142 126 -8 0 0
169 399 145 123 0 -8 0
169 391 148 120 0 8 0
169 399 151 117 -8 0 0
161 399 154 114 0 8 0
161 407 157 111 0 8 0
161 415 160 108 -8 0 0
153 415 163 105 0 0 0
153 415 166 102 -8 -8 0
145 407 169 99 0 8 0
145 415 172 96 0 -8 0
145 407 175 93 -8 8 0
137 415 178 90 0 0 0
137 415 181 87 0 0 0
137 415 184 84 -8 8 0
129 423 187 81 0 -8 0
129 415 190 78 -8 8 0
121 423 193 75 0 -8 0
121 415 196 72 0 0 0
121 415 199 69 -8 8 0
113 423 202 66 0 8 0
113 431 205 63 0 0 0
113 431 208 60 -8 -8 0
105 423 211 57 0 8 0
105 431 214 54 -8 0 0
97 431 217 51 0 8 0
97 439 220 48 0 -8 0
97 431 223 45 -8 -8 0
89 423 226 42 0 0 0
89 423 229 39 0 8 0
89 431 232 36 -8 8 0
81 439 235 33 0 -8 0
81 431 238 30 -8 -8 0
73 423 241 27 0 0 0
73 423 244 24 0 0 0
73 423 247 21 -8 -8 0
65 415 250 18 0 8 0
65 423 253 15 0 -8 0
65 415 256 12 -8 8 0
60 423 259 9 -8 0 0
60 423 262 12 0 -8 0
60 415 265 15 0 -8 0
60 407 268 18 0 0 0
60 407 271 21 0 8 0
60 415 274 24 0 8 0
60 423 277 27 0 8 0
60 431 280 30 0 -8 0
60 423 283 33 0 0 0
60 423 286 36 0 -8 0
60 415 289 39 0 0 0
60 415 292 42 0 -8 0
60 407 295 45 0 -8 0
60 399 298 48 0 0 0
60 399 301 51 0 0 0
60 399 304 54 0 8 0
60 407 307 57 0 8 0
60 415 310 60 0 -8 0
60 407 313 63 0 8 0
60 415 316 66 0 8 0
60 423 319 69 0 0 0
60 423 322 72 0 -8 0
60 415 325 75 0 -8 0
60 407 328 78 0 0 0
60 407 331 81 0 -8 0
60 399 334 84 0 -8 0
60 391 337 87 0 8 0
60 399 340 90 0 -8 0
60 391 343 93 0 8 0
60 399 346 96 0 8 0
60 407 349 99 0 0 0
60 407 352 102 0 8 0
60 415 355 105 0 0 0
60 415 358 108 0 8 0
60 423 361 111 8 -8 0
68 415 364 114 0 8 0
68 423 367 117 0 -8 0
68 415 370 120 8 8 0
76 423 373 123 0 8 0
76 431 376 126 0 8 0
76 439 379 129 8 0 0
84 439 382 132 0 8 0
84 447 385 135 8 -8 0
92 439 388 138 0 0 0
92 439 391 141 0 -8 0
92 431 394 144 8 8 0
100 439 397 147 0 0 0
100 439 400 150 0 -8 0
100 431 403 153 8 0 0
108 431 406 156 0 -8 0
108 423 409 159 8 0 0
116 423 412 162 0 -8 0
116 415 415 165 0 8 0
116 423 418 168 8 -8 0
124 415 421 171 0 8 0
124 423 424 174 0 -8 0
124 415 427 177 8 -8 0
132 407 430 180 0 -8 0
132 399 433 183 8 0 0
140 399 436 186 0 -8 0
140 391 439 189 0 8 0
140 399 442 192 8 -8 0
148 391 445 195 0 0 0
148 391 448 198 0 0 0
148 391 451 201 8 8 0
156 399 454 204 0 0 0
156 399 457 207 8 0 0
164 399 460 210 0 -8 0
164 391 463 213 0 0 0
164 391 466 216 8 8 0
172 399 469 219 0 8 0
172 407 472 222 0 0 0
172 407 475 225 8 0 0
180 407 478 228 0 0 0
180 407 481 231 8 0 0
188 407 484 234 0 -8 0
188 399 487 237 0 8 0
188 407 490 240 8 -8 0
196 399 493 243 0 0 0
196 399 496 246 0 0 0
196 399 499 249 8 -8 0
204 391 502 252 0 8 0
204 399 505 255 8 8 0
212 407 508 258 0 0 0
212 407 511 261 0 -8 0
212 399 514 264 8 0 0
220 399 517 267 0 0 0
220 399 520 270 0 -8 0
220 391 523 273 8 -8 0
228 383 526 276 0 -8 0
228 375 529 279 8 -8 0
236 367 532 282 0 -8 0
236 359 535 285 0 -8 0
236 351 538 288 8 8 0
244 359 541 291 0 0 0
244 359 544 294 0 -8 0
244 351 547 297 8 0 0
252 351 550 300 0 0 0
252 351 553 303 8 8 0
260 359 556 306 0 -8 0
260 351 559 309 0 8 0
260 359 562 312 8 8 0
268 367 565 315 0 8 0
268 375 568 318 0 -8 0
268 367 571 321 8 0 0
276 367 574 324 0 -8 0
276 359 577 327 8 -8 0
284 351 580 330 0 8 0
284 359 583 333 0 8 0
284 367 586 336 8 8 0
292 375 589 339 0 8 0
292 383 592 342 0 -8 0
292 375 595 345 8 8 0
300 383 598 348 0 0 0
300 383 601 351 8 -8 0
308 375 604 354 0 0 0
308 375 607 357 0 -8 0
308 367 610 360 8 8 0
316 375 613 363 0 -8 0
316 367 616 366 0 0 0
316 367 619 369 8 -8 0
324 359 622 372 0 -8 0
324 351 625 375 8 0 0
332 351 628 378 0 -8 0
332 343 631 381 0 8 0
332 351 634 384 8 8 0
340 359 637 387 0 8 0
340 367 640 390 0 -8 0
340 359 643 393 8 -8 0
348 351 646 396 0 8 0
348 359 649 399 8 -8 0
356 351 652 402 0 -8 0
356 343 655 405 0 -8 0
356 335 658 408 8 -8 0
364 327 661 411 0 0 0
364 327 664 414 0 0 0
364 327 667 417 8 0 0
372 327 670 420 0 -8 0
372 319 673 423 8 0 0
380 319 676 426 0 8 0
380 327 679 429 0 0 0
380 327 682 432 8 -8 0
388 319 685 435 0 8 0
388 327 688 438 0 8 0
388 335 691 441 8 -8 0
396 327 694 444 0 -8 0
396 319 697 447 8 -8 0
404 311 700 450 0 -8 0
404 303 703 453 0 0 0
404 303 706 456 8 -8 0
412 295 709 459 0 8 0
412 303 712 462 0 0 0
412 303 715 465 8 -8 0
420 295 718 468 0 0 0
420 295 721 471 8 8 0
428 303 724 474 0 8 0
428 311 727 477 0 8 0
428 319 730 480 8 0 0
436 319 733 483 0 -8 0
436 311 736 486 0 -8 0
436 303 739 489 8 8 0
444 311 742 492 0 8 0
444 319 745 495 8 0 0
452 319 748 498 0 -8 0
452 311 751 501 0 -8 0
452 303 754 504 8 -8 0
460 295 757 507 0 0 0
460 295 760 510 0 -8 0
460 287 763 513 8 8 0
468 295 766 516 0 8 0
468 303 769 519 8 0 0
476 303 772 522 0 0 0
476 303 775 525 0 0 0
476 303 778 528 8 0 0
484 303 781 531 0 0 1
484 303 781 531 0 0 1
484 303 781 531 0 0 1
484 303 781 531 0 0 1
484 303 781 531 0 0 1
