487 253 394 312 0 0 0
487 253 391 309 -8 0 0
479 253 388 306 -8 -8 0
471 245 385 303 -8 -8 0
463 237 382 300 -8 0 0
455 237 379 297 -8 0 0
447 237 376 294 -8 0 0
439 237 373 291 -8 0 0
431 237 370 288 -8 0 0
423 237 367 285 -8 -8 0
415 229 364 282 -8 0 0
407 229 361 279 -8 0 0
399 229 358 276 -8 8 0
391 237 355 273 -8 0 0
383 237 352 270 -8 -8 0
375 229 349 267 -8 0 0
367 229 346 264 -8 8 0
359 237 343 261 -8 8 0
351 245 340 258 -8 -8 0
343 237 337 255 -8 8 0
335 245 334 252 -8 8 0
327 253 331 249 -8 8 0
319 261 328 246 -8 -8 0
311 253 325 243 -8 8 0
303 261 322 240 -8 8 0
295 269 319 237 -8 -8 0
287 261 316 234 -8 8 0
279 269 313 231 0 8 0
279 277 310 228 -8 0 0
271 277 307 225 0 8 0
271 285 304 222 0 8 0
271 293 301 219 -8 0 0
263 293 298 216 0 -8 0
263 285 295 213 0 0 0
263 285 292 210 -8 8 0
255 293 289 207 0 0 0
255 293 286 204 -8 8 0
247 301 283 201 0 8 0
247 309 280 198 0 0 0
247 309 277 195 -8 -8 0
239 301 274 192 0 -8 0
239 293 271 189 0 -8 0
239 285 268 186 -8 0 0
231 285 265 183 0 8 0
231 293 262 180 -8 8 0
223 301 259 177 0 8 0
223 309 256 174 0 8 0
223 317 253 171 -8 -8 0
215 309 250 168 0 8 0
215 317 247 165 0 -8 0
215 309 244 162 -8 0 0
207 309 241 159 0 -8 0
207 301 238 156 -8 -8 0
199 293 235 153 0 8 0
199 301 232 150 0 0 0
199 301 229 147 -8 -8 0
191 293 226 144 0 -8 0
191 285 223 141 0 8 0
191 293 220 138 -8 0 0
183 293 217 135 0 8 0
183 301 214 132 -8 -8 0
175 293 211 129 0 0 0
175 293 208 126 0 0 0
175 293 205 123 -8 -8 0
167 285 202 120 0 0 0
167 285 199 117 0 0 0
167 285 196 114 -8 0 0
159 285 193 111 0 0 0
159 285 190 108 -8 -8 0
151 277 187 105 0 -8 0
151 269 184 102 0 -8 0
151 261 181 99 -8 0 0
143 261 178 96 0 8 0
143 269 175 93 0 0 0
143 269 172 90 -8 -8 0
135 261 169 87 0 8 0
135 269 166 84 -8 8 0
127 277 163 81 0 -8 0
127 269 160 78 0 8 0
127 277 157 75 -8 8 0
119 285 154 72 0 8 0
119 293 151 69 0 8 0
119 301 148 66 -8 -8 0
111 293 145 63 0 -8 0
111 285 142 60 -8 8 0
103 293 139 57 0 -8 0
103 285 136 54 0 0 0
103 285 133 51 -8 -8 0
95 277 130 48 0 0 0
95 277 127 45 0 8 0
95 285 124 42 -8 0 0
87 285 121 39 0 -8 0
87 277 118 36 -8 0 0
79 277 115 33 0 0 0
79 277 112 30 0 8 0
79 285 109 27 -8 8 0
71 293 106 24 0 0 0
71 293 103 21 0 0 0
71 293 100 18 -8 0 0
63 293 97 15 0 -8 0
63 285 94 12 -8 -8 0
60 277 91 9 -8 0 0
60 277 88 12 0 0 0
60 277 85 15 0 -8 0
60 269 82 18 0 8 0
60 277 79 21 0 0 0
60 277 76 24 0 8 0
60 285 73 27 0 -8 0
60 277 70 30 0 8 0
60 285 67 33 0 8 0
60 293 64 36 0 -8 0
60 285 61 39 0 8 0
60 293 58 42 0 0 0
60 293 55 45 0 -8 0
60 285 52 48 0 8 0
60 293 49 51 0 -8 0
60 285 46 54 0 0 0
60 285 43 57 0 -8 0
60 277 40 60 0 -8 0
60 269 37 63 0 0 0
60 269 34 66 0 8 0
60 277 31 69 0 8 0
60 285 28 72 0 0 0
60 285 25 75 0 8 0
60 293 22 78 0 -8 0
60 285 19 81 0 0 0
60 285 22 84 0 0 0
60 285 25 87 0 -8 0
60 277 28 90 0 0 0
60 277 31 93 0 0 0
60 277 34 96 0 -8 0
60 269 37 99 0 0 0
60 269 40 102 0 0 0
60 269 43 105 0 0 0
60 269 46 108 0 0 0
60 269 49 111 8 8 0
68 277 52 114 0 0 0
68 277 55 117 0 8 0
68 285 58 120 8 8 0
76 293 61 123 0 -8 0
76 285 64 126 0 -8 0
76 277 67 129 8 -8 0
84 269 70 132 0 -8 0
84 261 73 135 8 8 0
92 269 76 138 0 -8 0
92 261 79 141 0 8 0
92 269 82 144 8 8 0
100 277 85 147 0 8 0
100 285 88 150 0 0 0
100 285 91 153 8 0 0
108 285 94 156 0 -8 0
108 277 97 159 8 8 0
116 285 100 162 0 -8 0
116 277 103 165 0 -8 0
116 269 106 168 8 0 0
124 269 109 171 0 -8 0
124 261 112 174 0 8 0
124 269 115 177 8 -8 0
132 261 118 180 0 -8 0
132 253 121 183 8 0 0
140 253 124 186 0 8 0
140 261 127 189 0 8 0
140 269 130 192 8 0 0
148 269 133 195 0 8 0
148 277 136 198 0 0 0
148 277 139 201 8 0 0
156 277 142 204 0 -8 0
156 269 145 207 8 0 0
164 269 148 210 0 -8 0
164 261 151 213 0 0 0
164 261 154 216 8 -8 0
172 253 157 219 0 0 0
172 253 160 222 0 8 0
172 261 163 225 8 0 0
180 261 166 228 0 8 0
180 269 169 231 8 8 0
188 277 172 234 0 -8 0
188 269 175 237 0 -8 0
188 261 178 240 8 8 0
196 269 181 243 0 -8 0
196 261 184 246 0 0 0
196 261 187 249 8 8 0
204 269 190 252 0 0 0
204 269 193 255 8 0 0
212 269 196 258 0 -8 0
212 261 199 261 0 -8 0
212 253 202 264 8 0 0
220 253 205 267 0 -8 0
220 245 208 270 0 8 0
220 253 211 273 8 0 0
228 253 214 276 0 0 0
228 253 217 279 8 -8 0
236 245 220 282 0 -8 0
236 237 223 285 0 8 0
236 245 226 288 8 0 0
244 245 229 291 0 -8 0
244 237 232 294 0 -8 0
244 229 235 297 8 8 0
252 237 238 300 0 0 0
252 237 241 303 8 0 0
260 237 244 306 0 8 0
260 245 247 309 0 8 0
260 253 250 312 8 8 0
268 261 253 315 0 8 0
268 269 256 318 0 8 0
268 277 259 321 8 -8 0
276 269 262 324 0 0 0
276 269 265 327 8 8 0
284 277 268 330 0 -8 0
284 269 271 333 0 8 0
284 277 274 336 8 8 0
292 285 277 339 0 -8 0
292 277 280 342 0 -8 0
292 269 283 345 8 -8 0
300 261 286 348 0 0 0
300 261 289 351 8 -8 0
308 253 292 354 0 8 0
308 261 295 357 0 0 0
308 261 298 360 8 8 0
316 269 301 363 0 0 0
316 269 304 366 0 8 0
316 277 307 369 8 8 0
324 285 310 372 0 0 0
324 285 313 375 8 8 0
332 293 316 378 0 8 0
332 301 319 381 0 0 0
332 301 322 384 8 8 0
340 309 325 387 0 8 0
340 317 328 390 0 -8 0
340 309 331 393 8 -8 0
348 301 334 396 0 0 0
348 301 337 399 8 0 0
356 301 340 402 0 0 0
356 301 343 405 0 8 0
356 309 346 408 8 8 0
364 317 349 411 0 -8 0
364 309 352 414 0 0 0
364 309 355 417 8 8 0
372 317 358 420 0 8 0
372 325 361 423 8 8 0
380 333 364 426 0 -8 0
380 325 367 429 0 8 0
380 333 370 432 8 0 0
388 333 373 435 0 8 0
388 341 376 438 0 0 0
388 341 379 441 8 0 0
396 341 382 444 0 8 0
396 349 385 447 8 8 0
404 357 388 450 0 0 0
404 357 391 453 0 -8 0
404 349 394 456 8 -8 0
412 341 397 459 0 8 0
412 349 400 462 0 -8 0
412 341 403 465 8 0 0
420 341 406 468 0 -8 0
420 333 409 471 8 8 0
428 341 412 474 0 0 0
428 341 415 477 0 0 0
428 341 418 480 8 0 0
436 341 421 483 0 8 0
436 349 424 486 0 -8 0
436 341 427 489 8 -8 0
444 333 430 492 0 -8 0
444 325 433 495 8 0 0
452 325 436 498 0 -8 0
452 317 439 501 0 -8 0
452 309 442 504 8 8 0
460 317 445 507 0 8 0
460 325 448 510 0 0 0
460 325 451 513 8 0 0
468 325 454 516 0 0 0
468 325 457 519 8 0 0
476 325 460 522 0 0 0
476 325 463 525 0 0 0
476 325 466 528 8 0 0
484 325 469 531 0 8 0
484 333 472 534 0 -8 0
484 325 475 537 8 0 0
492 325 478 540 0 8 0
492 333 481 543 8 8 0
500 341 484 546 0 8 0
500 349 487 549 0 8 0
500 357 490 552 8 0 0
508 357 493 555 0 -8 0
508 349 496 558 0 0 0
508 349 499 561 8 -8 0
516 341 502 564 0 8 0
516 349 505 567 8 8 0
524 357 508 570 0 8 0
524 365 511 573 0 8 0
524 373 514 576 8 -8 0
532 365 517 579 0 8 0
532 373 520 582 0 0 0
532 373 523 585 8 8 0
540 381 526 588 0 0 0
540 381 529 591 8 -8 0
540 373 532 588 0 -8 0
540 365 535 585 0 8 0
540 373 538 582 0 8 0
540 381 541 579 0 -8 0
540 373 544 576 0 8 0
540 381 547 573 0 -8 0
540 373 550 570 0 8 0
540 381 553 567 0 8 0
540 389 556 564 0 8 0
540 397 559 561 0 0 0
540 397 562 558 0 8 0
540 405 565 555 0 8 0
540 413 568 552 0 -8 0
540 405 571 549 0 0 0
540 405 574 546 0 -8 0
540 397 577 543 0 -8 0
540 389 580 540 0 -8 0
540 381 583 537 0 -8 0
540 373 586 534 0 0 0
540 373 589 531 0 0 0
540 373 592 528 0 8 0
540 381 595 525 0 0 0
540 381 598 522 0 8 0
540 389 601 519 0 -8 0
540 381 604 516 0 -8 0
540 373 607 513 0 8 0
540 381 610 510 0 8 0
540 389 613 507 0 0 0
540 389 616 504 0 8 0
540 397 619 501 0 0 0
540 397 622 498 0 0 0
540 397 625 495 0 0 0
540 397 628 492 0 8 0
540 405 631 489 -8 0 0
532 405 634 486 0 -8 0
532 397 637 483 0 -8 0
532 389 640 480 -8 -8 0
524 381 643 477 0 8 0
524 389 646 474 0 8 0
524 397 649 471 -8 0 0
516 397 652 468 0 8 0
516 405 655 465 -8 0 0
508 405 658 462 0 0 0
508 405 661 459 0 8 0
508 413 664 456 -8 -8 0
500 405 667 453 0 8 0
500 413 670 450 0 0 0
500 413 673 447 -8 -8 0
492 405 676 444 0 8 0
492 413 679 441 -8 0 0
484 413 682 438 0 0 0
484 413 685 435 0 0 0
484 413 688 432 -8 -8 0
476 405 691 429 0 8 0
476 413 694 426 0 0 0
476 413 697 423 -8 -8 0
468 405 700 420 0 0 0
468 405 703 417 -8 0 0
460 405 706 414 0 0 0
460 405 709 411 0 8 0
460 413 712 408 -8 8 0
452 421 715 405 0 8 0
452 429 718 402 0 8 0
452 437 721 399 -8 0 0
444 437 724 396 0 0 0
444 437 727 393 -8 8 0
436 445 730 390 0 -8 0
436 437 733 387 0 8 0
436 445 736 384 -8 0 0
428 445 739 381 0 -8 0
428 437 742 378 0 8 0
428 445 745 375 -8 -8 0
420 437 748 372 0 0 0
420 437 751 369 -8 0 0
412 437 754 366 0 -8 0
412 429 757 363 0 0 0
412 429 760 360 -8 -8 0
404 421 763 357 0 8 0
404 429 766 354 0 0 0
404 429 769 351 -8 8 0
396 437 772 348 0 8 0
396 445 775 345 -8 0 0
388 445 778 342 0 8 0
388 453 781 339 0 0 1
388 453 781 339 0 0 1
388 453 781 339 0 0 1
388 453 781 339 0 0 1
388 453 781 339 0 0 1
