172 148 478 285 0 0 0
172 148 475 282 8 0 0
180 148 472 279 8 0 0
188 148 469 276 8 8 0
196 156 466 273 8 8 0
204 164 463 270 8 0 0
212 164 460 267 8 -8 0
220 156 457 264 0 0 0
220 156 454 261 0 0 0
220 156 451 258 0 8 0
220 164 448 255 0 8 0
220 172 445 252 0 -8 0
220 164 442 249 0 8 0
220 172 439 246 0 0 0
220 172 436 243 0 -8 0
220 164 433 240 0 8 0
220 172 430 237 0 8 0
220 180 427 234 0 0 0
220 180 424 231 0 0 0
220 180 421 228 0 0 0
220 180 418 225 0 0 0
220 180 415 222 0 0 0
220 180 412 219 0 0 0
220 180 409 216 0 8 0
220 188 406 213 0 -8 0
220 180 403 210 0 0 0
220 180 400 207 0 8 0
220 188 397 204 0 0 0
220 188 394 201 0 0 0
220 188 391 198 0 0 0
220 188 388 195 0 0 0
220 188 385 192 0 -8 0
220 180 382 189 0 8 0
220 188 379 186 0 -8 0
220 180 376 183 0 8 0
220 188 373 180 0 8 0
220 196 370 177 0 0 0
220 196 367 174 0 8 0
220 204 364 171 0 -8 0
220 196 361 168 -8 8 0
212 204 358 165 0 0 0
212 204 355 162 0 -8 0
212 196 352 159 -8 8 0
204 204 349 156 0 -8 0
204 196 346 153 -8 0 0
196 196 343 150 0 0 0
196 196 340 147 0 0 0
196 196 337 144 -8 -8 0
188 188 334 141 0 -8 0
188 180 331 138 0 8 0
188 188 328 135 -8 -8 0
180 180 325 132 0 -8 0
180 172 322 129 -8 -8 0
172 164 319 126 0 8 0
172 172 316 123 0 -8 0
172 164 313 120 -8 -8 0
164 156 310 117 0 -8 0
164 148 307 114 0 8 0
164 156 304 111 -8 8 0
156 164 301 108 0 8 0
156 172 298 105 -8 0 0
148 172 295 102 0 0 0
148 172 292 99 0 0 0
148 172 289 96 -8 8 0
140 180 286 93 0 8 0
140 188 283 90 0 0 0
140 188 280 87 -8 8 0
132 196 277 84 0 -8 0
132 188 274 81 -8 -8 0
124 180 271 78 0 -8 0
124 172 268 75 0 8 0
124 180 265 72 -8 8 0
116 188 262 69 0 -8 0
116 180 259 66 0 -8 0
116 172 256 63 -8 8 0
108 180 253 60 0 8 0
108 188 250 57 -8 8 0
100 196 247 54 0 -8 0
100 188 244 51 0 0 0
100 188 241 48 -8 0 0
92 188 238 45 0 8 0
92 196 235 42 0 8 0
92 204 232 39 -8 8 0
84 212 229 36 0 8 0
84 220 226 33 -8 8 0
76 228 223 30 0 -8 0
76 220 220 27 0 -8 0
76 212 217 24 -8 0 0
68 212 214 21 0 8 0
68 220 211 18 0 0 0
68 220 208 15 -8 0 0
60 220 205 12 0 0 0
60 220 202 9 -8 8 0
60 228 199 12 0 8 0
60 236 196 15 0 0 0
60 236 193 18 0 8 0
60 244 190 21 0 8 0
60 252 187 24 0 0 0
60 252 184 27 0 -8 0
60 244 181 30 0 -8 0
60 236 178 33 0 0 0
60 236 175 36 0 -8 0
60 228 172 39 0 8 0
60 236 169 42 0 8 0
60 244 166 45 0 0 0
60 244 163 48 0 -8 0
60 236 160 51 0 0 0
60 236 157 54 0 -8 0
60 228 154 57 0 0 0
60 228 151 60 0 8 0
60 236 148 63 0 -8 0
60 228 145 66 0 -8 0
60 220 142 69 0 -8 0
60 212 139 72 0 8 0
60 220 136 75 0 -8 0
60 212 133 78 0 8 0
60 220 130 81 0 -8 0
60 212 127 84 0 0 0
60 212 124 87 0 0 0
60 212 121 90 0 -8 0
60 204 118 93 0 0 0
60 204 115 96 0 0 0
60 204 112 99 0 -8 0
60 196 109 102 0 0 0
60 196 106 105 0 8 0
60 204 103 108 0 0 0
60 204 100 111 8 -8 0
68 196 97 114 0 8 0
68 204 94 117 0 0 0
68 204 91 120 8 8 0
76 212 88 123 0 -8 0
76 204 85 126 0 8 0
76 212 82 129 8 -8 0
84 204 79 132 0 -8 0
84 196 76 135 8 0 0
92 196 73 138 0 8 0
92 204 70 141 0 -8 0
92 196 67 144 8 8 0
100 204 64 147 0 -8 0
100 196 61 150 0 0 0
100 196 58 153 8 8 0
108 204 55 156 0 -8 0
108 196 52 159 8 8 0
116 204 49 162 0 8 0
116 212 46 165 0 0 0
116 212 43 168 8 8 0
124 220 40 171 0 0 0
124 220 37 174 0 8 0
124 228 34 177 8 0 0
132 228 31 180 0 0 0
132 228 28 183 8 0 0
140 228 25 186 0 8 0
140 236 22 189 0 -8 0
140 228 19 192 0 0 1
140 228 19 192 0 0 1
140 228 19 192 0 0 1
140 228 19 192 0 0 1
140 228 19 192 0 0 1
