530 157 244 276 0 0 0
530 157 241 273 -8 -8 0
522 149 238 270 -8 -8 0
514 141 235 267 -8 -8 0
506 133 232 264 -8 8 0
498 141 229 261 -8 -8 0
490 133 226 258 -8 8 0
482 141 223 255 -8 8 0
474 149 220 252 -8 -8 0
466 141 217 249 -8 0 0
458 141 214 246 -8 -8 0
450 133 211 243 -8 0 0
442 133 208 240 -8 -8 0
434 125 205 237 -8 8 0
426 133 202 234 -8 0 0
418 133 199 231 -8 -8 0
410 125 196 228 -8 0 0
402 125 193 225 -8 8 0
394 133 190 222 -8 0 0
386 133 187 219 -8 -8 0
378 125 184 216 -8 0 0
370 125 181 213 -8 8 0
362 133 178 210 -8 -8 0
354 125 175 207 -8 0 0
346 125 172 204 -8 0 0
338 125 169 201 -8 -8 0
330 117 166 198 -8 8 0
322 125 163 195 -8 0 0
314 125 160 192 -8 -8 0
306 117 157 189 -8 -8 0
298 109 154 186 -8 -8 0
290 101 151 183 -8 -8 0
282 93 148 180 -8 0 0
274 93 145 177 -8 -8 0
266 85 142 174 -8 0 0
258 85 139 171 -8 -8 0
250 77 136 168 -8 -8 0
242 69 133 165 -8 0 0
234 69 130 162 -8 0 0
226 69 127 159 -8 -8 0
218 61 124 156 -8 -8 0
210 60 121 153 -8 -8 0
202 60 118 150 -8 0 0
194 60 115 147 0 -8 0
194 60 112 144 0 8 0
194 68 109 141 -8 0 0
186 68 106 138 0 8 0
186 76 103 135 -8 -8 0
178 68 100 132 0 0 0
178 68 97 129 0 -8 0
178 60 94 126 -8 8 0
170 68 91 123 0 -8 0
170 60 88 120 0 0 0
170 60 85 117 -8 -8 0
162 60 82 114 0 -8 0
162 60 79 111 -8 0 0
154 60 76 108 0 8 0
154 68 73 105 0 -8 0
154 60 70 102 -8 8 0
146 68 67 99 0 -8 0
146 60 64 96 0 8 0
146 68 61 93 -8 0 0
138 68 58 90 0 8 0
138 76 55 87 -8 0 0
130 76 52 84 0 8 0
130 84 49 81 0 8 0
130 92 46 78 -8 8 0
122 100 43 75 0 -8 0
122 92 40 72 0 0 0
122 92 37 69 -8 8 0
114 100 34 66 0 0 0
114 100 31 63 -8 8 0
106 108 28 60 0 0 0
106 108 25 57 0 0 0
106 108 22 54 -8 8 0
98 116 19 51 0 8 0
98 124 22 48 0 -8 0
98 116 25 45 -8 0 0
90 116 28 42 0 0 0
90 116 31 39 -8 8 0
82 124 34 36 0 8 0
82 132 37 33 0 0 0
82 132 40 30 -8 -8 0
74 124 43 27 0 -8 0
74 116 46 24 0 -8 0
74 108 49 21 -8 -8 0
66 100 52 18 0 0 0
66 100 55 15 -8 8 0
60 108 58 12 0 0 0
60 108 61 9 -8 8 0
60 116 64 12 0 8 0
60 124 67 15 0 -8 0
60 116 70 18 0 -8 0
60 108 73 21 0 -8 0
60 100 76 24 0 0 0
60 100 79 27 0 -8 0
60 92 82 30 0 0 0
60 92 85 33 0 -8 0
60 84 88 36 0 0 0
60 84 91 39 0 8 0
60 92 94 42 0 0 0
60 92 97 45 0 -8 0
60 84 100 48 0 -8 0
60 76 103 51 0 -8 0
60 68 106 54 0 8 0
60 76 109 57 0 8 0
60 84 112 60 0 0 0
60 84 115 63 0 0 0
60 84 118 66 0 -8 0
60 76 121 69 0 -8 0
60 68 124 72 0 8 0
60 76 127 75 0 0 0
60 76 130 78 0 0 0
60 76 133 81 0 0 0
60 76 136 84 0 0 0
60 76 139 87 0 0 0
60 76 142 90 0 8 0
60 84 145 93 0 -8 0
60 76 148 96 0 -8 0
60 68 151 99 0 -8 0
60 60 154 102 0 8 0
60 68 157 105 0 0 0
60 68 160 108 0 -8 0
60 60 163 111 8 -8 0
68 60 166 114 0 8 0
68 68 169 117 0 -8 0
68 60 172 120 8 -8 0
76 60 175 123 0 -8 0
76 60 178 126 0 0 0
76 60 181 129 8 8 0
84 68 184 132 0 0 0
84 68 187 135 8 0 0
92 68 190 138 0 0 0
92 68 193 141 0 8 0
92 76 196 144 8 0 0
100 76 199 147 0 8 0
100 84 202 150 0 -8 0
100 76 205 153 8 -8 0
108 68 208 156 0 8 0
108 76 211 159 8 0 0
116 76 214 162 0 8 0
116 84 217 165 0 -8 0
116 76 220 168 8 8 0
124 84 223 171 0 0 0
124 84 226 174 0 0 0
124 84 229 177 8 0 0
132 84 232 180 0 -8 0
132 76 235 183 8 -8 0
140 68 238 186 0 8 0
140 76 241 189 0 8 0
140 84 244 192 8 0 0
148 84 247 195 0 -8 0
148 76 250 198 0 8 0
148 84 253 201 8 0 0
156 84 256 204 0 0 0
156 84 259 207 8 8 0
164 92 262 210 0 0 0
164 92 265 213 0 0 0
164 92 268 216 8 0 0
172 92 271 219 0 8 0
172 100 274 222 0 0 0
172 100 277 225 8 0 0
180 100 280 228 0 0 0
180 100 283 231 8 8 0
188 108 286 234 0 8 0
188 116 289 237 0 -8 0
188 108 292 240 8 0 0
196 108 295 243 0 8 0
196 116 298 246 0 -8 0
196 108 301 249 8 8 0
204 116 304 252 0 8 0
204 124 307 255 8 0 0
212 124 310 258 0 0 0
212 124 313 261 0 8 0
212 132 316 264 8 8 0
220 140 319 267 0 -8 0
220 132 322 270 0 0 0
220 132 325 273 8 8 0
228 140 328 276 0 8 0
228 148 331 279 8 8 0
236 156 334 282 0 8 0
236 164 337 285 0 8 0
236 172 340 288 8 8 0
244 180 343 291 0 8 0
244 188 346 294 0 0 0
244 188 349 297 8 8 0
252 196 352 300 0 0 0
252 196 355 303 8 -8 0
260 188 358 306 0 8 0
260 196 361 309 0 0 0
260 196 364 312 8 -8 0
268 188 367 315 0 -8 0
268 180 370 318 0 8 0
268 188 373 321 8 0 0
276 188 376 324 0 8 0
276 196 379 327 8 8 0
284 204 382 330 0 -8 0
284 196 385 333 0 8 0
284 204 388 336 8 -8 0
292 196 391 339 0 -8 0
292 188 394 342 0 8 0
292 196 397 345 8 0 0
300 196 400 348 0 -8 0
300 188 403 351 8 0 0
308 188 406 354 0 -8 0
308 180 409 357 0 -8 0
308 172 412 360 8 -8 0
316 164 415 363 0 8 0
316 172 418 366 0 8 0
316 180 421 369 8 8 0
324 188 424 372 0 -8 0
324 180 427 375 8 8 0
332 188 430 378 0 -8 0
332 180 433 381 0 -8 0
332 172 436 384 8 8 0
340 180 439 387 0 0 0
340 180 442 390 0 0 0
340 180 445 393 8 -8 0
348 172 448 396 0 8 0
348 180 451 399 8 0 0
356 180 454 402 0 0 0
356 180 457 405 0 0 0
356 180 460 408 8 0 0
364 180 463 411 0 8 0
364 188 466 414 0 0 0
364 188 469 417 8 0 0
372 188 472 420 0 -8 0
372 180 475 423 8 -8 0
380 172 478 426 0 -8 0
380 164 481 429 0 0 0
380 164 484 432 8 0 0
388 164 487 435 0 -8 0
388 156 490 438 0 -8 0
388 148 493 441 8 0 0
396 148 496 444 0 -8 0
396 140 499 447 8 0 0
404 140 502 450 0 0 0
404 140 505 453 0 0 0
404 140 508 456 8 -8 0
412 132 511 459 0 8 0
412 140 514 462 0 8 0
412 148 517 465 8 -8 0
420 140 520 468 0 -8 0
420 132 523 471 8 8 0
428 140 526 474 0 0 0
428 140 529 477 0 0 0
428 140 532 480 8 -8 0
436 132 535 483 0 0 0
436 132 538 486 0 0 0
436 132 541 489 8 0 0
444 132 544 492 0 8 0
444 140 547 495 8 -8 0
452 132 550 498 0 0 0
452 132 553 501 0 8 0
452 140 556 504 8 -8 0
460 132 559 507 0 0 0
460 132 562 510 0 8 0
460 140 565 513 8 0 0
468 140 568 516 0 -8 0
468 132 571 519 8 -8 0
476 124 574 522 0 -8 0
476 116 577 525 0 -8 0
476 108 580 528 8 -8 0
484 100 583 531 0 8 0
484 108 586 534 0 8 0
484 116 589 537 8 8 0
492 124 592 540 0 -8 0
492 116 595 543 8 0 0
500 116 598 546 0 -8 0
500 108 601 549 0 0 0
500 108 604 552 8 8 0
508 116 607 555 0 0 0
508 116 610 558 0 0 0
508 116 613 561 8 8 0
516 124 616 564 0 8 0
516 132 619 567 8 -8 0
524 124 622 570 0 8 0
524 132 625 573 0 -8 0
524 124 628 576 8 -8 0
532 116 631 579 0 8 0
532 124 634 582 0 8 0
532 132 637 585 8 8 0
540 140 640 588 0 0 0
540 140 643 591 8 8 0
540 148 646 588 0 -8 0
540 140 649 585 0 -8 0
540 132 652 582 0 8 0
540 140 655 579 0 8 0
540 148 658 576 0 0 0
540 148 661 573 0 8 0
540 156 664 570 0 8 0
540 164 667 567 0 -8 0
540 156 670 564 0 -8 0
540 148 673 561 0 8 0
540 156 676 558 0 8 0
540 164 679 555 0 8 0
540 172 682 552 0 -8 0
540 164 685 549 0 8 0
540 172 688 546 0 8 0
540 180 691 543 0 -8 0
540 172 694 540 0 8 0
540 180 697 537 0 0 0
540 180 700 534 0 -8 0
540 172 703 531 0 8 0
540 180 706 528 0 -8 0
540 172 709 525 0 -8 0
540 164 712 522 0 0 0
540 164 715 519 0 8 0
540 172 718 516 0 8 0
540 180 721 513 0 8 0
540 188 724 510 0 0 0
540 188 727 507 0 8 0
540 196 730 504 0 0 0
540 196 733 501 0 8 0
540 204 736 498 0 8 0
540 212 739 495 0 0 0
540 212 742 492 0 -8 0
540 204 745 489 -8 8 0
532 212 748 486 0 8 0
532 220 751 483 0 -8 0
532 212 754 480 -8 -8 0
524 204 757 477 0 -8 0
524 196 760 474 0 0 0
524 196 763 471 -8 0 0
516 196 766 468 0 0 0
516 196 769 465 -8 0 0
508 196 772 462 0 0 0
508 196 775 459 0 -8 0
508 188 778 456 -8 0 0
500 188 781 453 0 0 1
500 188 781 453 0 0 1
500 188 781 453 0 0 1
500 188 781 453 0 0 1
500 188 781 453 0 0 1
