217 225 595 294 0 0 0
217 225 592 297 8 0 0
225 225 589 300 8 8 0
233 233 586 303 8 8 0
241 241 583 306 8 0 0
249 241 580 309 8 0 0
257 241 577 312 8 0 0
265 241 574 315 0 0 0
265 241 571 318 8 8 0
273 249 568 321 0 8 0
273 257 565 324 8 -8 0
281 249 562 327 0 0 0
281 249 559 330 0 0 0
281 249 556 333 8 0 0
289 249 553 336 0 8 0
289 257 550 339 0 0 0
289 257 547 342 8 -8 0
297 249 544 345 0 0 0
297 249 541 348 8 0 0
305 249 538 351 0 8 0
305 257 535 354 0 8 0
305 265 532 357 8 8 0
313 273 529 360 0 0 0
313 273 526 363 0 0 0
313 273 523 366 8 0 0
321 273 520 369 0 8 0
321 281 517 372 8 8 0
329 289 514 375 0 0 0
329 289 511 378 0 8 0
329 297 508 381 8 -8 0
337 289 505 384 0 8 0
337 297 502 387 0 -8 0
337 289 499 390 8 -8 0
345 281 496 393 0 0 0
345 281 493 396 8 -8 0
353 273 490 399 0 -8 0
353 265 487 402 0 8 0
353 273 484 405 8 8 0
361 281 481 408 0 -8 0
361 273 478 411 0 -8 0
361 265 475 414 8 -8 0
369 257 472 417 0 8 0
369 265 469 420 8 -8 0
377 257 466 423 0 0 0
377 257 463 426 0 8 0
377 265 460 429 8 0 0
385 265 457 432 0 -8 0
385 257 454 435 0 -8 0
385 249 451 438 8 8 0
393 257 448 441 0 8 0
393 265 445 444 8 0 0
401 265 442 447 0 -8 0
401 257 439 450 0 0 0
401 257 436 453 8 -8 0
409 249 433 456 0 8 0
409 257 430 459 0 0 0
409 257 427 462 8 8 0
417 265 424 465 0 0 0
417 265 421 468 8 8 0
425 273 418 471 0 0 0
425 273 415 474 0 0 0
425 273 412 477 8 0 0
433 273 409 480 0 0 0
433 273 406 483 0 8 0
433 281 403 486 8 0 0
441 281 400 489 0 0 0
441 281 397 492 8 -8 0
449 273 394 495 0 -8 0
449 265 391 498 0 8 0
449 273 388 501 8 -8 0
457 265 385 504 0 8 0
457 273 382 507 0 0 0
457 273 379 510 8 0 0
465 273 376 513 0 0 0
465 273 373 516 8 8 0
473 281 370 519 0 8 0
473 289 367 522 0 -8 0
473 281 364 525 8 0 0
481 281 361 528 0 8 0
481 289 358 531 0 8 0
481 297 355 534 8 -8 0
489 289 352 537 0 8 0
489 297 349 540 8 -8 0
497 289 346 543 0 -8 0
497 281 343 546 0 -8 0
497 273 340 549 8 -8 0
505 265 337 552 0 -8 0
505 257 334 555 0 -8 0
505 249 331 558 8 -8 0
513 241 328 561 0 0 0
513 241 325 564 8 8 0
521 249 322 567 0 0 0
521 249 319 570 0 8 0
521 257 316 573 8 0 0
529 257 313 576 0 0 0
529 257 310 579 0 0 0
529 257 307 582 8 -8 0
537 249 304 585 0 8 0
537 257 301 588 8 0 0
540 257 298 591 8 8 0
540 265 295 588 0 8 0
540 273 292 585 0 -8 0
540 265 289 582 0 8 0
540 273 286 579 0 0 0
540 273 283 576 0 8 0
540 281 280 573 0 8 0
540 289 277 570 0 0 0
540 289 274 567 0 8 0
540 297 271 564 0 -8 0
540 289 268 561 0 8 0
540 297 265 558 0 0 0
540 297 262 555 0 -8 0
540 289 259 552 0 -8 0
540 281 256 549 0 8 0
540 289 253 546 0 8 0
540 297 250 543 0 0 0
540 297 247 540 0 0 0
540 297 244 537 0 0 0
540 297 241 534 0 8 0
540 305 238 531 0 -8 0
540 297 235 528 0 8 0
540 305 232 525 0 8 0
540 313 229 522 0 -8 0
540 305 226 519 0 -8 0
540 297 223 516 0 8 0
540 305 220 513 0 -8 0
540 297 217 510 0 -8 0
540 289 214 507 0 8 0
540 297 211 504 0 8 0
540 305 208 501 0 8 0
540 313 205 498 0 -8 0
540 305 202 495 0 8 0
540 313 199 492 0 0 0
540 313 196 489 -8 8 0
532 321 193 486 0 -8 0
532 313 190 483 0 8 0
532 321 187 480 -8 -8 0
524 313 184 477 0 8 0
524 321 181 474 0 0 0
524 321 178 471 -8 8 0
516 329 175 468 0 0 0
516 329 172 465 -8 -8 0
508 321 169 462 0 8 0
508 329 166 459 0 0 0
508 329 163 456 -8 0 0
500 329 160 453 0 8 0
500 337 157 450 0 8 0
500 345 154 447 -8 0 0
492 345 151 444 0 8 0
492 353 148 441 -8 8 0
484 361 145 438 0 -8 0
484 353 142 435 0 0 0
484 353 139 432 -8 0 0
476 353 136 429 0 8 0
476 361 133 426 0 0 0
476 361 130 423 -8 0 0
468 361 127 420 0 -8 0
468 353 124 417 -8 8 0
460 361 121 414 0 8 0
460 369 118 411 0 8 0
460 377 115 408 -8 8 0
452 385 112 405 0 8 0
452 393 109 402 0 8 0
452 401 106 399 -8 -8 0
444 393 103 396 0 0 0
444 393 100 393 -8 8 0
436 401 97 390 0 8 0
436 409 94 387 0 8 0
436 417 91 384 -8 0 0
428 417 88 381 0 8 0
428 425 85 378 0 -8 0
428 417 82 375 -8 0 0
420 417 79 372 0 -8 0
420 409 76 369 -8 -8 0
412 401 73 366 0 -8 0
412 393 70 363 0 0 0
412 393 67 360 -8 -8 0
404 385 64 357 0 0 0
404 385 61 354 0 0 0
404 385 58 351 -8 -8 0
396 377 55 348 0 0 0
396 377 52 345 -8 8 0
388 385 49 342 0 8 0
388 393 46 339 0 0 0
388 393 43 336 -8 0 0
380 393 40 333 0 0 0
380 393 37 330 0 8 0
380 401 34 327 -8 0 0
372 401 31 324 0 8 0
372 409 28 321 -8 -8 0
364 401 25 318 0 8 0
364 409 22 315 0 0 0
364 409 19 312 0 0 1
364 409 19 312 0 0 1
364 409 19 312 0 0 1
364 409 19 312 0 0 1
364 409 19 312 0 0 1
