365 366 616 159 0 0 0
365 366 613 156 -8 8 0
357 374 610 153 -8 8 0
349 382 607 150 -8 -8 0
341 374 604 147 -8 -8 0
333 366 601 144 -8 -8 0
325 358 598 141 -8 8 0
317 366 595 138 -8 8 0
309 374 592 135 -8 0 0
301 374 589 132 -8 -8 0
293 366 586 129 -8 0 0
285 366 583 126 -8 8 0
277 374 580 123 -8 0 0
269 374 577 120 -8 8 0
261 382 574 117 -8 0 0
253 382 571 114 -8 -8 0
245 374 568 111 -8 8 0
237 382 565 108 -8 0 0
229 382 562 105 -8 8 0
221 390 559 102 -8 0 0
213 390 556 99 -8 0 0
205 390 553 96 -8 -8 0
197 382 550 93 -8 -8 0
189 374 547 90 -8 -8 0
181 366 544 87 -8 8 0
173 374 541 84 -8 8 0
165 382 538 81 -8 0 0
157 382 535 78 -8 0 0
149 382 532 75 -8 8 0
141 390 529 72 -8 8 0
133 398 526 69 -8 -8 0
125 390 523 66 -8 -8 0
117 382 520 63 -8 8 0
109 390 517 60 0 0 0
109 390 514 57 -8 -8 0
101 382 511 54 0 0 0
101 382 508 51 0 0 0
101 382 505 48 -8 8 0
93 390 502 45 0 8 0
93 398 499 42 -8 8 0
85 406 496 39 0 -8 0
85 398 493 36 0 0 0
85 398 490 33 -8 0 0
77 398 487 30 0 0 0
77 398 484 27 0 0 0
77 398 481 24 -8 0 0
69 398 478 21 0 8 0
69 406 475 18 -8 -8 0
61 398 472 15 0 -8 0
61 390 469 12 0 -8 0
61 382 466 9 -8 0 0
60 382 463 12 0 8 0
60 390 460 15 0 -8 0
60 382 457 18 0 8 0
60 390 454 21 0 -8 0
60 382 451 24 0 0 0
60 382 448 27 0 -8 0
60 374 445 30 0 8 0
60 382 442 33 0 -8 0
60 374 439 36 0 8 0
60 382 436 39 0 -8 0
60 374 433 42 0 8 0
60 382 430 45 0 0 0
60 382 427 48 0 8 0
60 390 424 51 0 8 0
60 398 421 54 0 0 0
60 398 418 57 0 -8 0
60 390 415 60 0 0 0
60 390 412 63 0 -8 0
60 382 409 66 0 8 0
60 390 406 69 0 0 0
60 390 403 72 0 0 0
60 390 400 75 0 0 0
60 390 397 78 0 8 0
60 398 394 81 0 -8 0
60 390 391 84 0 8 0
60 398 388 87 0 0 0
60 398 385 90 0 -8 0
60 390 382 93 0 -8 0
60 382 379 96 0 -8 0
60 374 376 99 0 -8 0
60 366 373 102 0 8 0
60 374 370 105 0 -8 0
60 366 367 108 0 0 0
60 366 364 111 8 -8 0
68 358 361 114 0 0 0
68 358 358 117 0 8 0
68 366 355 120 8 -8 0
76 358 352 123 0 8 0
76 366 349 126 0 0 0
76 366 346 129 8 8 0
84 374 343 132 0 0 0
84 374 340 135 8 8 0
92 382 337 138 0 8 0
92 390 334 141 0 0 0
92 390 331 144 8 -8 0
100 382 328 147 0 0 0
100 382 325 150 0 -8 0
100 374 322 153 8 0 0
108 374 319 156 0 -8 0
108 366 316 159 8 8 0
116 374 313 162 0 0 0
116 374 310 165 0 8 0
116 382 307 168 8 8 0
124 390 304 171 0 0 0
124 390 301 174 0 8 0
124 398 298 177 8 -8 0
132 390 295 180 0 -8 0
132 382 292 183 8 -8 0
140 374 289 186 0 8 0
140 382 286 189 0 0 0
140 382 283 192 8 0 0
148 382 280 195 0 -8 0
148 374 277 198 0 8 0
148 382 274 201 8 0 0
156 382 271 204 0 0 0
156 382 268 207 8 8 0
164 390 265 210 0 0 0
164 390 262 213 0 -8 0
164 382 259 216 8 8 0
172 390 256 219 0 8 0
172 398 253 222 0 8 0
172 406 250 225 8 0 0
180 406 247 228 0 0 0
180 406 244 231 8 0 0
188 406 241 234 0 -8 0
188 398 238 237 0 -8 0
188 390 235 240 8 0 0
196 390 232 243 0 0 0
196 390 229 246 0 0 0
196 390 226 249 8 8 0
204 398 223 252 0 8 0
204 406 220 255 8 8 0
212 414 217 258 0 -8 0
212 406 214 261 0 0 0
212 406 211 264 8 8 0
220 414 208 267 0 0 0
220 414 205 270 0 -8 0
220 406 202 273 8 0 0
228 406 199 276 0 -8 0
228 398 196 279 8 -8 0
236 390 193 282 0 8 0
236 398 190 285 0 0 0
236 398 187 288 8 -8 0
244 390 184 291 0 -8 0
244 382 181 294 0 0 0
244 382 178 297 8 -8 0
252 374 175 300 0 8 0
252 382 172 303 8 8 0
260 390 169 306 0 -8 0
260 382 166 309 0 8 0
260 390 163 312 8 0 0
268 390 160 315 0 -8 0
268 382 157 318 0 0 0
268 382 154 321 8 0 0
276 382 151 324 0 0 0
276 382 148 327 8 -8 0
284 374 145 330 0 8 0
284 382 142 333 0 0 0
284 382 139 336 8 -8 0
292 374 136 339 0 0 0
292 374 133 342 0 -8 0
292 366 130 345 8 -8 0
300 358 127 348 0 8 0
300 366 124 351 8 -8 0
308 358 121 354 0 -8 0
308 350 118 357 0 0 0
308 350 115 360 8 8 0
316 358 112 363 0 0 0
316 358 109 366 0 -8 0
316 350 106 369 8 8 0
324 358 103 372 0 8 0
324 366 100 375 8 -8 0
332 358 97 378 0 8 0
332 366 94 381 0 -8 0
332 358 91 384 8 8 0
340 366 88 387 0 0 0
340 366 85 390 0 -8 0
340 358 82 393 8 -8 0
348 350 79 396 0 -8 0
348 342 76 399 8 8 0
356 350 73 402 0 0 0
356 350 70 405 0 -8 0
356 342 67 408 8 -8 0
364 334 64 411 0 0 0
364 334 61 414 0 8 0
364 342 58 417 8 8 0
372 350 55 420 0 8 0
372 358 52 423 8 8 0
380 366 49 426 0 0 0
380 366 46 429 0 8 0
380 374 43 432 8 0 0
388 374 40 435 0 8 0
388 382 37 438 0 0 0
388 382 34 441 8 -8 0
396 374 31 444 0 8 0
396 382 28 447 8 0 0
404 382 25 450 0 0 0
404 382 22 453 0 0 0
404 382 19 456 0 0 1
404 382 19 456 0 0 1
404 382 19 456 0 0 1
404 382 19 456 0 0 1
404 382 19 456 0 0 1
