197 313 283 222 0 0 0
197 313 280 225 0 0 0
197 313 277 228 0 0 0
197 313 274 231 0 -8 0
197 305 271 234 0 -8 0
197 297 268 237 0 0 0
197 297 265 240 0 8 0
197 305 262 243 0 -8 0
197 297 259 246 0 -8 0
197 289 256 249 8 0 0
205 289 253 252 0 8 0
205 297 250 255 0 8 0
205 305 247 258 8 8 0
213 313 244 261 0 -8 0
213 305 241 264 8 0 0
221 305 238 267 0 -8 0
221 297 235 270 0 8 0
221 305 232 273 8 -8 0
229 297 229 276 0 8 0
229 305 226 279 0 0 0
229 305 223 282 8 -8 0
237 297 220 285 0 0 0
237 297 217 288 8 8 0
245 305 214 291 0 8 0
245 313 211 294 0 -8 0
245 305 208 297 8 0 0
253 305 205 300 0 8 0
253 313 202 303 0 0 0
253 313 199 306 8 0 0
261 313 196 309 0 -8 0
261 305 193 312 8 -8 0
269 297 190 315 0 -8 0
269 289 187 318 0 -8 0
269 281 184 321 8 8 0
277 289 181 324 0 -8 0
277 281 178 327 0 8 0
277 289 175 330 8 8 0
285 297 172 333 0 -8 0
285 289 169 336 8 0 0
293 289 166 339 0 -8 0
293 281 163 342 0 8 0
293 289 160 345 8 0 0
301 289 157 348 0 8 0
301 297 154 351 0 -8 0
301 289 151 354 8 0 0
309 289 148 357 0 -8 0
309 281 145 360 8 8 0
317 289 142 363 0 8 0
317 297 139 366 0 -8 0
317 289 136 369 8 0 0
325 289 133 372 0 8 0
325 297 130 375 0 8 0
325 305 127 378 8 -8 0
333 297 124 381 0 8 0
333 305 121 384 8 -8 0
341 297 118 387 0 0 0
341 297 115 390 0 0 0
341 297 112 393 8 0 0
349 297 109 396 0 -8 0
349 289 106 399 0 0 0
349 289 103 402 8 0 0
357 289 100 405 0 0 0
357 289 97 408 8 8 0
365 297 94 411 0 8 0
365 305 91 414 0 8 0
365 313 88 417 8 -8 0
373 305 85 420 0 8 0
373 313 82 423 0 0 0
373 313 79 426 8 0 0
381 313 76 429 0 8 0
381 321 73 432 8 0 0
389 321 70 435 0 -8 0
389 313 67 438 0 8 0
389 321 64 441 8 -8 0
397 313 61 444 0 0 0
397 313 58 447 0 -8 0
397 305 55 450 8 0 0
405 305 52 453 0 -8 0
405 297 49 456 8 0 0
413 297 46 459 0 8 0
413 305 43 462 0 8 0
413 313 40 465 8 0 0
421 313 37 468 0 8 0
421 321 34 471 0 -8 0
421 313 31 474 8 8 0
429 321 28 477 0 -8 0
429 313 25 480 8 8 0
437 321 22 483 0 -8 0
437 313 19 486 0 8 0
437 321 22 489 8 8 0
445 329 25 492 0 8 0
445 337 28 495 0 0 0
445 337 31 498 8 0 0
453 337 34 501 0 -8 0
453 329 37 504 8 -8 0
461 321 40 507 0 -8 0
461 313 43 510 0 -8 0
461 305 46 513 8 8 0
469 313 49 516 0 -8 0
469 305 52 519 0 8 0
469 313 55 522 8 8 0
477 321 58 525 0 0 0
477 321 61 528 8 8 0
485 329 64 531 0 8 0
485 337 67 534 0 -8 0
485 329 70 537 8 8 0
493 337 73 540 0 8 0
493 345 76 543 0 0 0
493 345 79 546 8 8 0
501 353 82 549 0 -8 0
501 345 85 552 8 -8 0
509 337 88 555 0 -8 0
509 329 91 558 0 8 0
509 337 94 561 8 -8 0
517 329 97 564 0 0 0
517 329 100 567 0 8 0
517 337 103 570 8 8 0
525 345 106 573 0 -8 0
525 337 109 576 8 8 0
533 345 112 579 0 0 0
533 345 115 582 0 8 0
533 353 118 585 8 -8 0
540 345 121 588 0 0 0
540 345 124 591 8 -8 0
540 337 127 588 0 0 0
540 337 130 585 0 -8 0
540 329 133 582 0 8 0
540 337 136 579 0 8 0
540 345 139 576 0 8 0
540 353 142 573 0 8 0
540 361 145 570 0 -8 0
540 353 148 567 0 8 0
540 361 151 564 0 0 0
540 361 154 561 0 -8 0
540 353 157 558 0 -8 0
540 345 160 555 0 0 0
540 345 163 552 0 8 0
540 353 166 549 0 0 0
540 353 169 546 0 0 0
540 353 172 543 0 0 0
540 353 175 540 0 0 0
540 353 178 537 0 8 0
540 361 181 534 0 0 0
540 361 184 531 0 8 0
540 369 187 528 0 0 0
540 369 190 525 0 0 0
540 369 193 522 0 0 0
540 369 196 519 0 8 0
540 377 199 516 0 0 0
540 377 202 513 0 8 0
540 385 205 510 0 0 0
540 385 208 507 0 -8 0
540 377 211 504 0 0 0
540 377 214 501 0 8 0
540 385 217 498 0 -8 0
540 377 220 495 0 -8 0
540 369 223 492 0 0 0
540 369 226 489 -8 0 0
532 369 229 486 0 -8 0
532 361 232 483 0 0 0
532 361 235 480 -8 8 0
524 369 238 477 0 0 0
524 369 241 474 0 -8 0
524 361 244 471 -8 8 0
516 369 247 468 0 -8 0
516 361 250 465 -8 -8 0
508 353 253 462 0 8 0
508 361 256 459 0 8 0
508 369 259 456 -8 -8 0
500 361 262 453 0 0 0
500 361 265 450 0 0 0
500 361 268 447 -8 -8 0
492 353 271 444 0 -8 0
492 345 274 441 -8 8 0
484 353 277 438 0 8 0
484 361 280 435 0 -8 0
484 353 283 432 -8 0 0
476 353 286 429 0 8 0
476 361 289 426 0 0 0
476 361 292 423 -8 8 0
468 369 295 420 0 0 0
468 369 298 417 -8 8 0
460 377 301 414 0 8 0
460 385 304 411 0 0 0
460 385 307 408 -8 8 0
452 393 310 405 0 0 0
452 393 313 402 0 8 0
452 401 316 399 -8 -8 0
444 393 319 396 0 0 0
444 393 322 393 -8 8 0
436 401 325 390 0 -8 0
436 393 328 387 0 8 0
436 401 331 384 -8 -8 0
428 393 334 381 0 0 0
428 393 337 378 0 0 0
428 393 340 375 -8 -8 0
420 385 343 372 0 8 0
420 393 346 369 -8 0 0
412 393 349 366 0 -8 0
412 385 352 363 0 0 0
412 385 355 360 -8 8 0
404 393 358 357 0 0 0
404 393 361 354 0 -8 0
404 385 364 351 -8 -8 0
396 377 367 348 0 0 0
396 377 370 345 -8 -8 0
388 369 373 342 0 8 0
388 377 376 339 0 8 0
388 385 379 336 -8 0 0
380 385 382 333 0 8 0
380 393 385 330 0 0 0
380 393 388 327 -8 0 0
372 393 391 324 0 0 0
372 393 394 321 -8 0 0
364 393 397 318 0 0 0
364 393 400 315 0 8 0
364 401 403 312 -8 8 0
356 409 406 309 0 8 0
356 417 409 306 0 0 0
356 417 412 303 -8 0 0
348 417 415 300 0 -8 0
348 409 418 297 -8 8 0
340 417 421 294 0 -8 0
340 409 424 291 0 0 0
340 409 427 288 -8 0 0
332 409 430 285 0 -8 0
332 401 433 282 0 0 0
332 401 436 279 -8 0 0
324 401 439 276 0 -8 0
324 393 442 273 -8 8 0
316 401 445 270 0 8 0
316 409 448 267 0 0 0
316 409 451 264 -8 0 0
308 409 454 261 0 -8 0
308 401 457 258 0 0 0
308 401 460 255 -8 0 0
300 401 463 252 0 0 0
300 401 466 249 -8 -8 0
292 393 469 246 0 -8 0
292 385 472 243 0 8 0
292 393 475 240 -8 0 0
284 393 478 237 0 0 0
284 393 481 234 0 0 0
284 393 484 231 -8 8 0
276 401 487 228 0 8 0
276 409 490 225 -8 0 0
268 409 493 222 0 -8 0
268 401 496 219 0 -8 0
268 393 499 216 -8 8 0
260 401 502 213 0 -8 0
260 393 505 210 0 0 0
260 393 508 207 -8 -8 0
252 385 511 204 0 8 0
252 393 514 201 -8 8 0
244 401 517 198 0 0 0
244 401 520 195 0 0 0
244 401 523 192 -8 8 0
236 409 526 189 0 8 0
236 417 529 186 0 0 0
236 417 532 183 -8 0 0
228 417 535 180 0 8 0
228 425 538 177 -8 8 0
220 433 541 174 0 0 0
220 433 544 171 0 8 0
220 441 547 168 -8 -8 0
212 433 550 165 0 8 0
212 441 553 162 0 8 0
212 449 556 159 -8 0 0
204 449 559 156 0 8 0
204 457 562 153 -8 -8 0
196 449 565 150 0 8 0
196 457 568 147 0 0 0
196 457 571 144 -8 -8 0
188 449 574 141 0 -8 0
188 441 577 138 0 0 0
188 441 580 135 -8 -8 0
180 433 583 132 0 0 0
180 433 586 129 -8 -8 0
172 425 589 126 0 -8 0
172 417 592 123 0 8 0
172 425 595 120 -8 8 0
164 433 598 117 0 -8 0
164 425 601 114 0 0 0
164 425 604 111 -8 -8 0
156 417 607 108 0 8 0
156 425 610 105 -8 0 0
148 425 613 102 0 8 0
148 433 616 99 0 0 0
148 433 619 96 -8 0 0
140 433 622 93 0 -8 0
140 425 625 90 0 -8 0
140 417 628 87 -8 0 0
132 417 631 84 0 0 0
132 417 634 81 -8 8 0
124 425 637 78 0 0 0
124 425 640 75 0 -8 0
124 417 643 72 -8 0 0
116 417 646 69 0 0 0
116 417 649 66 0 0 0
116 417 652 63 -8 0 0
108 417 655 60 0 0 0
108 417 658 57 -8 0 0
100 417 661 54 0 -8 0
100 409 664 51 0 0 0
100 409 667 48 -8 0 0
92 409 670 45 0 0 0
92 409 673 42 0 -8 0
92 401 676 39 -8 8 0
84 409 679 36 0 0 0
84 409 682 33 -8 8 0
76 417 685 30 0 8 0
76 425 688 27 0 8 0
76 433 691 24 -8 -8 0
68 425 694 21 0 -8 0
68 417 697 18 0 -8 0
68 409 700 15 -8 0 0
60 409 703 12 0 0 0
60 409 706 9 -8 0 0
60 409 709 12 0 -8 0
60 401 712 15 0 -8 0
60 393 715 18 0 -8 0
60 385 718 21 0 8 0
60 393 721 24 0 8 0
60 401 724 27 0 -8 0
60 393 727 30 0 0 0
60 393 730 33 0 8 0
60 401 733 36 0 0 0
60 401 736 39 0 8 0
60 409 739 42 0 -8 0
60 401 742 45 0 8 0
60 409 745 48 0 -8 0
60 401 748 51 0 -8 0
60 393 751 54 0 8 0
60 401 754 57 0 -8 0
60 393 757 60 0 8 0
60 401 760 63 0 -8 0
60 393 763 66 0 0 0
60 393 766 69 0 -8 0
60 385 769 72 0 8 0
60 393 772 75 0 8 0
60 401 775 78 0 0 0
60 401 778 81 0 0 0
60 401 781 84 0 0 1
60 401 781 84 0 0 1
60 401 781 84 0 0 1
60 401 781 84 0 0 1
60 401 781 84 0 0 1
