517 381 103 273 0 0 0
517 381 100 276 -8 8 0
509 389 97 279 -8 8 0
501 397 94 282 -8 0 0
493 397 91 285 -8 -8 0
485 389 88 288 -8 0 0
477 389 85 291 -8 -8 0
469 381 82 294 -8 0 0
461 381 79 297 -8 -8 0
453 373 76 300 -8 0 0
445 373 73 303 -8 8 0
437 381 70 306 -8 8 0
429 389 67 309 -8 -8 0
421 381 64 312 -8 -8 0
413 373 61 315 -8 -8 0
405 365 58 318 -8 0 0
397 365 55 321 -8 8 0
389 373 52 324 -8 8 0
381 381 49 327 -8 -8 0
373 373 46 330 0 0 0
373 373 43 333 0 8 0
373 381 40 336 0 0 0
373 381 37 339 0 0 0
373 381 34 342 0 8 0
373 389 31 345 0 0 0
373 389 28 348 0 -8 0
373 381 25 351 0 8 0
373 389 22 354 0 -8 0
373 381 19 357 0 -8 0
373 373 22 360 0 8 0
373 381 25 363 0 -8 0
373 373 28 366 0 8 0
373 381 31 369 0 0 0
373 381 34 372 0 -8 0
373 373 37 375 0 -8 0
373 365 40 378 0 8 0
373 373 43 381 0 -8 0
373 365 46 384 0 -8 0
373 357 49 387 0 0 0
373 357 52 390 0 8 0
373 365 55 393 0 0 0
373 365 58 396 0 8 0
373 373 61 399 0 8 0
373 381 64 402 0 8 0
373 389 67 405 0 0 0
373 389 70 408 0 8 0
373 397 73 411 0 0 0
373 397 76 414 0 -8 0
373 389 79 417 0 0 0
373 389 82 420 0 0 0
373 389 85 423 0 0 0
373 389 88 426 8 8 0
381 397 91 429 0 0 0
381 397 94 432 8 8 0
389 405 97 435 0 -8 0
389 397 100 438 0 -8 0
389 389 103 441 8 -8 0
397 381 106 444 0 8 0
397 389 109 447 0 8 0
397 397 112 450 8 8 0
405 405 115 453 0 0 0
405 405 118 456 8 8 0
413 413 121 459 0 0 0
413 413 124 462 0 0 0
413 413 127 465 8 8 0
421 421 130 468 0 8 0
421 429 133 471 0 8 0
421 437 136 474 8 0 0
429 437 139 477 0 8 0
429 445 142 480 8 -8 0
437 437 145 483 0 8 0
437 445 148 486 0 -8 0
437 437 151 489 8 -8 0
445 429 154 492 0 8 0
445 437 157 495 0 8 0
445 445 160 498 8 -8 0
453 437 163 501 0 8 0
453 445 166 504 8 8 0
461 453 169 507 0 8 0
461 461 172 510 0 0 0
461 461 175 513 8 -8 0
469 453 178 516 0 -8 0
469 445 181 519 0 -8 0
469 437 184 522 8 -8 0
477 429 187 525 0 8 0
477 437 190 528 8 0 0
485 437 193 531 0 -8 0
485 429 196 534 0 0 0
485 429 199 537 8 8 0
493 437 202 540 0 0 0
493 437 205 543 0 0 0
493 437 208 546 8 8 0
501 445 211 549 0 8 0
501 453 214 552 8 8 0
509 461 217 555 0 0 0
509 461 220 558 0 8 0
509 469 223 561 8 0 0
517 469 226 564 0 0 0
517 469 229 567 0 0 0
517 469 232 570 8 0 0
525 469 235 573 0 -8 0
525 461 238 576 8 0 0
533 461 241 579 0 0 0
533 461 244 582 0 -8 0
533 453 247 585 8 -8 0
540 445 250 588 0 8 0
540 453 253 591 8 8 0
540 461 256 588 0 0 0
540 461 259 585 0 0 0
540 461 262 582 0 0 0
540 461 265 579 0 -8 0
540 453 268 576 0 8 0
540 461 271 573 0 8 0
540 469 274 570 0 8 0
540 477 277 567 0 0 0
540 477 280 564 0 8 0
540 485 283 561 0 0 0
540 485 286 558 0 8 0
540 493 289 555 0 8 0
540 501 292 552 0 8 0
540 509 295 549 0 8 0
540 517 298 546 0 -8 0
540 509 301 543 0 0 0
540 509 304 540 0 0 0
540 509 307 537 0 -8 0
540 501 310 534 0 0 0
540 501 313 531 0 -8 0
540 493 316 528 0 8 0
540 501 319 525 0 0 0
540 501 322 522 0 0 0
540 501 325 519 0 0 0
540 501 328 516 0 0 0
540 501 331 513 0 8 0
540 509 334 510 0 8 0
540 517 337 507 0 -8 0
540 509 340 504 0 8 0
540 517 343 501 0 8 0
540 525 346 498 0 -8 0
540 517 349 495 0 -8 0
540 509 352 492 0 8 0
540 517 355 489 -8 -8 0
532 509 358 486 0 -8 0
532 501 361 483 0 0 0
532 501 364 480 -8 -8 0
524 493 367 477 0 0 0
524 493 370 474 0 8 0
524 501 373 471 -8 8 0
516 509 376 468 0 -8 0
516 501 379 465 -8 0 0
508 501 382 462 0 0 0
508 501 385 459 0 0 0
508 501 388 456 -8 -8 0
500 493 391 453 0 8 0
500 501 394 450 0 8 0
500 509 397 447 -8 8 0
492 517 400 444 0 -8 0
492 509 403 441 -8 0 0
484 509 406 438 0 8 0
484 517 409 435 0 8 0
484 525 412 432 -8 0 0
476 525 415 429 0 -8 0
476 517 418 426 0 -8 0
476 509 421 423 -8 8 0
468 517 424 420 0 -8 0
468 509 427 417 -8 -8 0
460 501 430 414 0 8 0
460 509 433 411 0 -8 0
460 501 436 408 -8 -8 0
452 493 439 405 0 0 0
452 493 442 402 0 8 0
452 501 445 399 -8 -8 0
444 493 448 396 0 8 0
444 501 451 393 -8 8 0
436 509 454 390 0 0 0
436 509 457 387 0 -8 0
436 501 460 384 -8 0 0
428 501 463 381 0 8 0
428 509 466 378 0 -8 0
428 501 469 375 -8 -8 0
420 493 472 372 0 8 0
420 501 475 369 -8 0 0
412 501 478 366 0 -8 0
412 493 481 363 0 8 0
412 501 484 360 -8 0 0
404 501 487 357 0 8 0
404 509 490 354 0 8 0
404 517 493 351 -8 0 0
396 517 496 348 0 8 0
396 525 499 345 -8 -8 0
388 517 502 342 0 -8 0
388 509 505 339 0 -8 0
388 501 508 336 -8 8 0
380 509 511 333 0 -8 0
380 501 514 330 0 8 0
380 509 517 327 -8 8 0
372 517 520 324 0 -8 0
372 509 523 321 -8 -8 0
364 501 526 318 0 -8 0
364 493 529 315 0 -8 0
364 485 532 312 -8 8 0
356 493 535 309 0 0 0
356 493 538 306 0 0 0
356 493 541 303 -8 -8 0
348 485 544 300 0 -8 0
348 477 547 297 -8 0 0
340 477 550 294 0 -8 0
340 469 553 291 0 8 0
340 477 556 288 -8 -8 0
332 469 559 285 0 -8 0
332 461 562 282 0 -8 0
332 453 565 279 -8 8 0
324 461 568 276 0 -8 0
324 453 571 273 -8 8 0
316 461 574 270 0 -8 0
316 453 577 267 0 8 0
316 461 580 264 -8 -8 0
308 453 583 261 0 0 0
308 453 586 258 0 8 0
308 461 589 255 -8 8 0
300 469 592 252 0 -8 0
300 461 595 249 -8 -8 0
292 453 598 246 0 0 0
292 453 601 243 0 -8 0
292 445 604 240 -8 -8 0
284 437 607 237 0 0 0
284 437 610 234 0 0 0
284 437 613 231 -8 0 0
276 437 616 228 0 -8 0
276 429 619 225 -8 8 0
268 437 622 222 0 -8 0
268 429 625 219 0 -8 0
268 421 628 216 -8 -8 0
260 413 631 213 0 8 0
260 421 634 210 0 0 0
260 421 637 207 -8 0 0
252 421 640 204 0 8 0
252 429 643 201 -8 8 0
244 437 646 198 0 8 0
244 445 649 195 0 8 0
244 453 652 192 -8 0 0
236 453 655 189 0 0 0
236 453 658 186 0 8 0
236 461 661 183 -8 8 0
228 469 664 180 0 0 0
228 469 667 177 -8 -8 0
220 461 670 174 0 -8 0
220 453 673 171 0 0 0
220 453 676 168 -8 8 0
212 461 679 165 0 0 0
212 461 682 162 0 8 0
212 469 685 159 -8 0 0
204 469 688 156 0 8 0
204 477 691 153 -8 0 0
196 477 694 150 0 8 0
196 485 697 147 0 0 0
196 485 700 144 -8 0 0
188 485 703 141 0 -8 0
188 477 706 138 0 -8 0
188 469 709 135 -8 -8 0
180 461 712 132 0 0 0
180 461 715 129 -8 -8 0
172 453 718 126 0 -8 0
172 445 721 123 0 0 0
172 445 724 120 -8 8 0
164 453 727 117 0 -8 0
164 445 730 114 0 8 0
164 453 733 111 -8 8 0
156 461 736 108 0 -8 0
156 453 739 105 -8 8 0
148 461 742 102 0 0 0
148 461 745 99 0 -8 0
148 453 748 96 -8 -8 0
140 445 751 93 0 8 0
140 453 754 90 0 0 0
140 453 757 87 -8 0 0
132 453 760 84 0 -8 0
132 445 763 81 -8 8 0
124 453 766 78 0 -8 0
124 445 769 75 0 -8 0
124 437 772 72 -8 0 0
116 437 775 69 0 8 0
116 445 778 66 0 0 0
116 445 781 63 0 0 1
116 445 781 63 0 0 1
116 445 781 63 0 0 1
116 445 781 63 0 0 1
116 445 781 63 0 0 1
