221 181 652 354 0 0 0
221 181 649 357 8 8 0
229 189 646 360 8 0 0
237 189 643 363 8 -8 0
245 181 640 366 8 -8 0
253 173 637 369 8 8 0
261 181 634 372 8 8 0
269 189 631 375 8 8 0
277 197 628 378 8 8 0
285 205 625 381 8 -8 0
293 197 622 384 8 0 0
301 197 619 387 8 8 0
309 205 616 390 8 8 0
317 213 613 393 8 0 0
325 213 610 396 8 0 0
333 213 607 399 8 -8 0
341 205 604 402 8 8 0
349 213 601 405 8 -8 0
357 205 598 408 8 -8 0
365 197 595 411 0 -8 0
365 189 592 414 0 -8 0
365 181 589 417 8 0 0
373 181 586 420 0 0 0
373 181 583 423 0 8 0
373 189 580 426 8 -8 0
381 181 577 429 0 0 0
381 181 574 432 8 8 0
389 189 571 435 0 -8 0
389 181 568 438 0 8 0
389 189 565 441 8 -8 0
397 181 562 444 0 8 0
397 189 559 447 0 0 0
397 189 556 450 8 -8 0
405 181 553 453 0 0 0
405 181 550 456 8 -8 0
413 173 547 459 0 8 0
413 181 544 462 0 8 0
413 189 541 465 8 -8 0
421 181 538 468 0 -8 0
421 173 535 471 0 -8 0
421 165 532 474 8 0 0
429 165 529 477 0 8 0
429 173 526 480 8 0 0
437 173 523 483 0 8 0
437 181 520 486 0 8 0
437 189 517 489 8 0 0
445 189 514 492 0 8 0
445 197 511 495 0 -8 0
445 189 508 498 8 0 0
453 189 505 501 0 -8 0
453 181 502 504 8 -8 0
461 173 499 507 0 0 0
461 173 496 510 0 8 0
461 181 493 513 8 8 0
469 189 490 516 0 -8 0
469 181 487 519 0 0 0
469 181 484 522 8 -8 0
477 173 481 525 0 8 0
477 181 478 528 8 0 0
485 181 475 531 0 -8 0
485 173 472 534 0 -8 0
485 165 469 537 8 -8 0
493 157 466 540 0 0 0
493 157 463 543 0 0 0
493 157 460 546 8 0 0
501 157 457 549 0 -8 0
501 149 454 552 8 0 0
509 149 451 555 0 -8 0
509 141 448 558 0 8 0
509 149 445 561 8 -8 0
517 141 442 564 0 0 0
517 141 439 567 0 -8 0
517 133 436 570 8 -8 0
525 125 433 573 0 8 0
525 133 430 576 8 -8 0
533 125 427 579 0 0 0
533 125 424 582 0 0 0
533 125 421 585 8 0 0
540 125 418 588 0 8 0
540 133 415 591 8 -8 0
540 125 412 588 0 8 0
540 133 409 585 0 0 0
540 133 406 582 0 0 0
540 133 403 579 0 0 0
540 133 400 576 0 8 0
540 141 397 573 0 -8 0
540 133 394 570 0 -8 0
540 125 391 567 0 8 0
540 133 388 564 0 0 0
540 133 385 561 0 8 0
540 141 382 558 0 8 0
540 149 379 555 0 8 0
540 157 376 552 0 0 0
540 157 373 549 0 -8 0
540 149 370 546 0 -8 0
540 141 367 543 0 0 0
540 141 364 540 0 -8 0
540 133 361 537 0 0 0
540 133 358 534 0 -8 0
540 125 355 531 0 8 0
540 133 352 528 0 8 0
540 141 349 525 0 0 0
540 141 346 522 0 0 0
540 141 343 519 0 8 0
540 149 340 516 0 8 0
540 157 337 513 0 8 0
540 165 334 510 0 -8 0
540 157 331 507 0 0 0
540 157 328 504 0 -8 0
540 149 325 501 0 0 0
540 149 322 498 0 -8 0
540 141 319 495 0 -8 0
540 133 316 492 0 8 0
540 141 313 489 -8 8 0
532 149 310 486 0 -8 0
532 141 307 483 0 8 0
532 149 304 480 -8 -8 0
524 141 301 477 0 8 0
524 149 298 474 0 -8 0
524 141 295 471 -8 8 0
516 149 292 468 0 -8 0
516 141 289 465 -8 -8 0
508 133 286 462 0 -8 0
508 125 283 459 0 0 0
508 125 280 456 -8 -8 0
500 117 277 453 0 8 0
500 125 274 450 0 0 0
500 125 271 447 -8 8 0
492 133 268 444 0 -8 0
492 125 265 441 -8 -8 0
484 117 262 438 0 0 0
484 117 259 435 0 -8 0
484 109 256 432 -8 -8 0
476 101 253 429 0 0 0
476 101 250 426 0 8 0
476 109 247 423 -8 0 0
468 109 244 420 0 8 0
468 117 241 417 -8 8 0
460 125 238 414 0 8 0
460 133 235 411 0 0 0
460 133 232 408 -8 0 0
452 133 229 405 0 8 0
452 141 226 402 0 0 0
452 141 223 399 -8 0 0
444 141 220 396 0 8 0
444 149 217 393 -8 -8 0
436 141 214 390 0 8 0
436 149 211 387 0 8 0
436 157 208 384 -8 -8 0
428 149 205 381 0 0 0
428 149 202 378 0 -8 0
428 141 199 375 -8 8 0
420 149 196 372 0 -8 0
420 141 193 369 -8 0 0
412 141 190 366 0 -8 0
412 133 187 363 0 8 0
412 141 184 360 -8 0 0
404 141 181 357 0 0 0
404 141 178 354 0 8 0
404 149 175 351 -8 8 0
396 157 172 348 0 8 0
396 165 169 345 -8 -8 0
388 157 166 342 0 -8 0
388 149 163 339 0 8 0
388 157 160 336 -8 -8 0
380 149 157 333 0 0 0
380 149 154 330 0 0 0
380 149 151 327 -8 -8 0
372 141 148 324 0 -8 0
372 133 145 321 -8 0 0
364 133 142 318 0 -8 0
364 125 139 315 0 0 0
364 125 136 312 -8 -8 0
356 117 133 309 0 0 0
356 117 130 306 0 0 0
356 117 127 303 -8 8 0
348 125 124 300 0 0 0
348 125 121 297 -8 -8 0
340 117 118 294 0 -8 0
340 109 115 291 0 8 0
340 117 112 288 -8 8 0
332 125 109 285 0 -8 0
332 117 106 282 0 8 0
332 125 103 279 -8 -8 0
324 117 100 276 0 8 0
324 125 97 273 -8 -8 0
316 117 94 270 0 8 0
316 125 91 267 0 8 0
316 133 88 264 -8 0 0
308 133 85 261 0 -8 0
308 125 82 258 0 -8 0
308 117 79 255 -8 8 0
300 125 76 252 0 8 0
300 133 73 249 -8 0 0
292 133 70 246 0 -8 0
292 125 67 243 0 0 0
292 125 64 240 -8 0 0
284 125 61 237 0 -8 0
284 117 58 234 0 -8 0
284 109 55 231 -8 8 0
276 117 52 228 0 8 0
276 125 49 225 -8 -8 0
268 117 46 222 0 8 0
268 125 43 219 0 0 0
268 125 40 216 -8 0 0
260 125 37 213 0 8 0
260 133 34 210 0 8 0
260 141 31 207 -8 8 0
252 149 28 204 0 0 0
252 149 25 201 -8 0 0
244 149 22 198 0 -8 0
244 141 19 195 0 -8 0
244 133 22 192 -8 -8 0
236 125 25 189 0 0 0
236 125 28 186 0 0 0
236 125 31 183 -8 8 0
228 133 34 180 0 -8 0
228 125 37 177 -8 -8 0
220 117 40 174 0 8 0
220 125 43 171 0 -8 0
220 117 46 168 -8 0 0
212 117 49 165 0 8 0
212 125 52 162 0 -8 0
212 117 55 159 -8 8 0
204 125 58 156 0 0 0
204 125 61 153 -8 0 0
196 125 64 150 0 8 0
196 133 67 147 0 0 0
196 133 70 144 -8 8 0
188 141 73 141 0 8 0
188 149 76 138 0 8 0
188 157 79 135 -8 0 0
180 157 82 132 0 0 0
180 157 85 129 -8 -8 0
172 149 88 126 0 0 0
172 149 91 123 0 8 0
172 157 94 120 -8 0 0
164 157 97 117 0 -8 0
164 149 100 114 0 0 0
164 149 103 111 -8 8 0
156 157 106 108 0 0 0
156 157 109 105 -8 -8 0
148 149 112 102 0 8 0
148 157 115 99 0 8 0
148 165 118 96 -8 8 0
140 173 121 93 0 0 0
140 173 124 90 0 8 0
140 181 127 87 -8 8 0
132 189 130 84 0 0 0
132 189 133 81 -8 8 0
124 197 136 78 0 0 0
124 197 139 75 0 0 0
124 197 142 72 -8 0 0
116 197 145 69 0 8 0
116 205 148 66 0 -8 0
116 197 151 63 -8 -8 0
108 189 154 60 0 -8 0
108 181 157 57 -8 0 0
100 181 160 54 0 -8 0
100 173 163 51 0 -8 0
100 165 166 48 -8 0 0
92 165 169 45 0 -8 0
92 157 172 42 0 -8 0
92 149 175 39 -8 8 0
84 157 178 36 0 8 0
84 165 181 33 -8 0 0
76 165 184 30 0 -8 0
76 157 187 27 0 8 0
76 165 190 24 -8 -8 0
68 157 193 21 0 8 0
68 165 196 18 0 8 0
68 173 199 15 -8 8 0
60 181 202 12 0 0 0
60 181 205 9 -8 8 0
60 189 208 12 0 0 0
60 189 211 15 0 0 0
60 189 214 18 0 -8 0
60 181 217 21 0 8 0
60 189 220 24 0 0 0
60 189 223 27 0 8 0
60 197 226 30 0 0 0
60 197 229 33 0 8 0
60 205 232 36 0 0 0
60 205 235 39 0 -8 0
60 197 238 42 0 8 0
60 205 241 45 0 8 0
60 213 244 48 0 8 0
60 221 247 51 0 8 0
60 229 250 54 0 8 0
60 237 253 57 0 8 0
60 245 256 60 0 -8 0
60 237 259 63 0 8 0
60 245 262 66 0 8 0
60 253 265 69 0 0 0
60 253 268 72 0 0 0
60 253 271 75 0 8 0
60 261 274 78 0 -8 0
60 253 277 81 0 -8 0
60 245 280 84 0 0 0
60 245 283 87 0 8 0
60 253 286 90 0 0 0
60 253 289 93 0 0 0
60 253 292 96 0 0 0
60 253 295 99 0 0 0
60 253 298 102 0 0 0
60 253 301 105 0 0 0
60 253 304 108 0 -8 0
60 245 307 111 8 -8 0
68 237 310 114 0 -8 0
68 229 313 117 0 8 0
68 237 316 120 8 8 0
76 245 319 123 0 -8 0
76 237 322 126 0 8 0
76 245 325 129 8 -8 0
84 237 328 132 0 -8 0
84 229 331 135 8 8 0
92 237 334 138 0 8 0
92 245 337 141 0 8 0
92 253 340 144 8 -8 0
100 245 343 147 0 8 0
100 253 346 150 0 -8 0
100 245 349 153 8 -8 0
108 237 352 156 0 8 0
108 245 355 159 8 0 0
116 245 358 162 0 -8 0
116 237 361 165 0 0 0
116 237 364 168 8 8 0
124 245 367 171 0 -8 0
124 237 370 174 0 0 0
124 237 373 177 8 8 0
132 245 376 180 0 8 0
132 253 379 183 8 8 0
140 261 382 186 0 -8 0
140 253 385 189 0 8 0
140 261 388 192 8 0 0
148 261 391 195 0 -8 0
148 253 394 198 0 0 0
148 253 397 201 8 0 0
156 253 400 204 0 8 0
156 261 403 207 8 -8 0
164 253 406 210 0 -8 0
164 245 409 213 0 -8 0
164 237 412 216 8 -8 0
172 229 415 219 0 -8 0
172 221 418 222 0 0 0
172 221 421 225 8 0 0
180 221 424 228 0 -8 0
180 213 427 231 8 8 0
188 221 430 234 0 0 0
188 221 433 237 0 8 0
188 229 436 240 8 8 0
196 237 439 243 0 8 0
196 245 442 246 0 0 0
196 245 445 249 8 -8 0
204 237 448 252 0 8 0
204 245 451 255 8 -8 0
212 237 454 258 0 8 0
212 245 457 261 0 0 0
212 245 460 264 8 0 0
220 245 463 267 0 -8 0
220 237 466 270 0 0 0
220 237 469 273 8 -8 0
228 229 472 276 0 0 0
228 229 475 279 8 8 0
236 237 478 282 0 -8 0
236 229 481 285 0 0 0
236 229 484 288 8 -8 0
244 221 487 291 0 0 0
244 221 490 294 0 8 0
244 229 493 297 8 0 0
252 229 496 300 0 8 0
252 237 499 303 8 -8 0
260 229 502 306 0 0 0
260 229 505 309 0 -8 0
260 221 508 312 8 0 0
268 221 511 315 0 8 0
268 229 514 318 0 -8 0
268 221 517 321 8 -8 0
276 213 520 324 0 8 0
276 221 523 327 8 8 0
284 229 526 330 0 -8 0
284 221 529 333 0 8 0
284 229 532 336 8 0 0
292 229 535 339 0 8 0
292 237 538 342 0 0 0
292 237 541 345 8 -8 0
300 229 544 348 0 0 0
300 229 547 351 8 -8 0
308 221 550 354 0 0 0
308 221 553 357 0 0 0
308 221 556 360 8 8 0
316 229 559 363 0 0 0
316 229 562 366 0 8 0
316 237 565 369 8 0 0
324 237 568 372 0 8 0
324 245 571 375 8 8 0
332 253 574 378 0 -8 0
332 245 577 381 0 0 0
332 245 580 384 8 -8 0
340 237 583 387 0 8 0
340 245 586 390 0 -8 0
340 237 589 393 8 0 0
348 237 592 396 0 -8 0
348 229 595 399 8 0 0
356 229 598 402 0 8 0
356 237 601 405 0 -8 0
356 229 604 408 8 0 0
364 229 607 411 0 8 0
364 237 610 414 0 0 0
364 237 613 417 8 0 0
372 237 616 420 0 8 0
372 245 619 423 8 0 0
380 245 622 426 0 0 0
380 245 625 429 0 0 0
380 245 628 432 8 8 0
388 253 631 435 0 8 0
388 261 634 438 0 -8 0
388 253 637 441 8 -8 0
396 245 640 444 0 8 0
396 253 643 447 8 0 0
404 253 646 450 0 0 0
404 253 649 453 0 -8 0
404 245 652 456 8 0 0
412 245 655 459 0 8 0
412 253 658 462 0 -8 0
412 245 661 465 8 8 0
420 253 664 468 0 -8 0
420 245 667 471 8 0 0
428 245 670 474 0 8 0
428 253 673 477 0 -8 0
428 245 676 480 8 -8 0
436 237 679 483 0 8 0
436 245 682 486 0 -8 0
436 237 685 489 8 8 0
444 245 688 492 0 -8 0
444 237 691 495 8 8 0
452 245 694 498 0 8 0
452 253 697 501 0 8 0
452 261 700 504 8 8 0
460 269 703 507 0 -8 0
460 261 706 510 0 0 0
460 261 709 513 8 8 0
468 269 712 516 0 -8 0
468 261 715 519 8 -8 0
476 253 718 522 0 -8 0
476 245 721 525 0 -8 0
476 237 724 528 8 -8 0
484 229 727 531 0 -8 0
484 221 730 534 0 0 0
484 221 733 537 8 0 0
492 221 736 540 0 0 0
492 221 739 543 8 -8 0
500 213 742 546 0 -8 0
500 205 745 549 0 0 0
500 205 748 552 8 8 0
508 213 751 555 0 8 0
508 221 754 558 0 0 0
508 221 757 561 8 8 0
516 229 760 564 0 0 0
516 229 763 567 8 0 0
524 229 766 570 0 8 0
524 237 769 573 0 8 0
524 245 772 576 8 8 0
532 253 775 579 0 8 0
532 261 778 582 0 -8 0
532 253 781 585 0 0 1
532 253 781 585 0 0 1
532 253 781 585 0 0 1
532 253 781 585 0 0 1
532 253 781 585 0 0 1
