163 233 517 456 0 0 0
163 233 520 459 8 0 0
171 233 523 462 8 -8 0
179 225 526 465 8 8 0
187 233 529 468 8 -8 0
195 225 532 471 8 0 0
203 225 535 474 8 0 0
211 225 538 477 8 8 0
219 233 541 480 8 -8 0
227 225 544 483 8 -8 0
235 217 547 486 8 8 0
243 225 550 489 8 0 0
251 225 553 492 8 0 0
259 225 556 495 8 8 0
267 233 559 498 8 0 0
275 233 562 501 8 -8 0
283 225 565 504 8 8 0
291 233 568 507 8 0 0
299 233 571 510 8 -8 0
307 225 574 513 8 0 0
315 225 577 516 8 -8 0
323 217 580 519 8 0 0
331 217 583 522 8 8 0
339 225 586 525 8 8 0
347 233 589 528 8 0 0
355 233 592 531 8 8 0
363 241 595 534 8 0 0
371 241 598 537 8 -8 0
379 233 601 540 8 8 0
387 241 604 543 8 -8 0
395 233 607 546 8 0 0
403 233 610 549 8 8 0
411 241 613 552 8 -8 0
419 233 616 555 8 -8 0
427 225 619 558 8 0 0
435 225 622 561 8 0 0
443 225 625 564 8 8 0
451 233 628 567 8 8 0
459 241 631 570 8 0 0
467 241 634 573 8 8 0
475 249 637 576 8 0 0
483 249 640 579 8 8 0
491 257 643 582 8 0 0
499 257 646 585 8 8 0
507 265 649 588 8 -8 0
515 257 652 591 8 8 0
523 265 655 588 8 -8 0
531 257 658 585 8 -8 0
539 249 661 582 0 -8 0
539 241 664 579 0 -8 0
539 233 667 576 0 -8 0
539 225 670 573 0 8 0
539 233 673 570 0 -8 0
539 225 676 567 0 -8 0
539 217 679 564 0 0 0
539 217 682 561 0 0 0
539 217 685 558 0 0 0
539 217 688 555 0 -8 0
539 209 691 552 0 0 0
539 209 694 549 0 -8 0
539 201 697 546 0 8 0
539 209 700 543 0 -8 0
539 201 703 540 0 0 0
539 201 706 537 0 8 0
539 209 709 534 0 -8 0
539 201 712 531 0 -8 0
539 193 715 528 0 0 0
539 193 718 525 0 -8 0
539 185 721 522 0 -8 0
539 177 724 519 0 8 0
539 185 727 516 0 8 0
539 193 730 513 0 -8 0
539 185 733 510 0 8 0
539 193 736 507 0 8 0
539 201 739 504 0 0 0
539 201 742 501 0 -8 0
539 193 745 498 0 -8 0
539 185 748 495 0 0 0
539 185 751 492 0 8 0
539 193 754 489 0 0 0
539 193 757 486 -8 8 0
531 201 760 483 0 0 0
531 201 763 480 -8 8 0
523 209 766 477 0 8 0
523 217 769 474 0 0 0
523 217 772 471 -8 -8 0
515 209 775 468 0 0 0
515 209 778 465 0 0 0
515 209 781 462 0 0 1
515 209 781 462 0 0 1
515 209 781 462 0 0 1
515 209 781 462 0 0 1
515 209 781 462 0 0 1
