200 362 214 492 0 0 0
200 362 211 489 8 0 0
208 362 208 486 8 8 0
216 370 205 483 8 8 0
224 378 202 480 8 -8 0
232 370 199 477 8 0 0
240 370 196 474 8 8 0
248 378 193 471 8 0 0
256 378 190 468 8 -8 0
264 370 187 465 8 0 0
272 370 184 462 8 -8 0
280 362 181 459 8 -8 0
288 354 178 456 8 0 0
296 354 175 453 8 -8 0
304 346 172 450 8 8 0
312 354 169 447 8 8 0
320 362 166 444 8 8 0
328 370 163 441 8 0 0
336 370 160 438 8 0 0
344 370 157 435 8 8 0
352 378 154 432 8 8 0
360 386 151 429 8 -8 0
368 378 148 426 8 0 0
376 378 145 423 0 0 0
376 378 142 420 0 8 0
376 386 139 417 0 0 0
376 386 136 414 0 0 0
376 386 133 411 0 -8 0
376 378 130 408 0 0 0
376 378 127 405 0 8 0
376 386 124 402 0 -8 0
376 378 121 399 0 0 0
376 378 118 396 0 -8 0
376 370 115 393 0 8 0
376 378 112 390 0 0 0
376 378 109 387 0 0 0
376 378 106 384 0 -8 0
376 370 103 381 0 -8 0
376 362 100 378 0 0 0
376 362 97 375 0 0 0
376 362 94 372 0 -8 0
376 354 91 369 0 0 0
376 354 88 366 0 -8 0
376 346 85 363 0 8 0
376 354 82 360 0 8 0
376 362 79 357 0 8 0
376 370 76 354 0 8 0
376 378 73 351 0 -8 0
376 370 70 348 0 0 0
376 370 67 345 0 8 0
376 378 64 342 0 0 0
376 378 61 339 0 -8 0
376 370 58 336 0 -8 0
376 362 55 333 0 8 0
376 370 52 330 0 -8 0
376 362 49 327 0 0 0
376 362 46 324 -8 8 0
368 370 43 321 0 -8 0
368 362 40 318 0 8 0
368 370 37 315 -8 0 0
360 370 34 312 0 8 0
360 378 31 309 -8 -8 0
352 370 28 306 0 0 0
352 370 25 303 0 -8 0
352 362 22 300 -8 -8 0
344 354 19 297 0 0 0
344 354 22 294 0 8 0
344 362 25 291 -8 -8 0
336 354 28 288 0 8 0
336 362 31 285 -8 0 0
328 362 34 282 0 0 0
328 362 37 279 0 -8 0
328 354 40 276 -8 -8 0
320 346 43 273 0 8 0
320 354 46 270 0 -8 0
320 346 49 267 -8 -8 0
312 338 52 264 0 8 0
312 346 55 261 -8 0 0
304 346 58 258 0 0 0
304 346 61 255 0 0 0
304 346 64 252 -8 8 0
296 354 67 249 0 8 0
296 362 70 246 0 -8 0
296 354 73 243 -8 8 0
288 362 76 240 0 0 0
288 362 79 237 -8 0 0
280 362 82 234 0 8 0
280 370 85 231 0 0 0
280 370 88 228 -8 8 0
272 378 91 225 0 -8 0
272 370 94 222 0 -8 0
272 362 97 219 -8 0 0
264 362 100 216 0 8 0
264 370 103 213 -8 0 0
256 370 106 210 0 0 0
256 370 109 207 0 8 0
256 378 112 204 -8 0 0
248 378 115 201 0 0 0
248 378 118 198 0 0 0
248 378 121 195 -8 8 0
240 386 124 192 0 8 0
240 394 127 189 -8 -8 0
232 386 130 186 0 -8 0
232 378 133 183 0 8 0
232 386 136 180 -8 8 0
224 394 139 177 0 0 0
224 394 142 174 0 8 0
224 402 145 171 -8 0 0
216 402 148 168 0 8 0
216 410 151 165 -8 -8 0
208 402 154 162 0 8 0
208 410 157 159 0 -8 0
208 402 160 156 -8 8 0
200 410 163 153 0 -8 0
200 402 166 150 0 -8 0
200 394 169 147 -8 -8 0
192 386 172 144 0 8 0
192 394 175 141 -8 8 0
184 402 178 138 0 0 0
184 402 181 135 0 0 0
184 402 184 132 -8 0 0
176 402 187 129 0 -8 0
176 394 190 126 0 8 0
176 402 193 123 -8 -8 0
168 394 196 120 0 0 0
168 394 199 117 -8 8 0
160 402 202 114 0 8 0
160 410 205 111 0 -8 0
160 402 208 108 -8 8 0
152 410 211 105 0 -8 0
152 402 214 102 0 0 0
152 402 217 99 -8 -8 0
144 394 220 96 0 -8 0
144 386 223 93 -8 8 0
136 394 226 90 0 0 0
136 394 229 87 0 0 0
136 394 232 84 -8 0 0
128 394 235 81 0 8 0
128 402 238 78 0 0 0
128 402 241 75 -8 0 0
120 402 244 72 0 8 0
120 410 247 69 -8 8 0
112 418 250 66 0 -8 0
112 410 253 63 0 8 0
112 418 256 60 -8 0 0
104 418 259 57 0 0 0
104 418 262 54 0 8 0
104 426 265 51 -8 -8 0
96 418 268 48 0 8 0
96 426 271 45 -8 -8 0
88 418 274 42 0 8 0
88 426 277 39 0 8 0
88 434 280 36 -8 -8 0
80 426 283 33 0 -8 0
80 418 286 30 0 8 0
80 426 289 27 -8 8 0
72 434 292 24 0 -8 0
72 426 295 21 -8 -8 0
64 418 298 18 0 0 0
64 418 301 15 0 0 0
64 418 304 12 -8 8 0
60 426 307 9 -8 -8 0
60 418 310 12 0 0 0
60 418 313 15 0 -8 0
60 410 316 18 0 -8 0
60 402 319 21 0 -8 0
60 394 322 24 0 8 0
60 402 325 27 0 -8 0
60 394 328 30 0 0 0
60 394 331 33 0 0 0
60 394 334 36 0 -8 0
60 386 337 39 0 8 0
60 394 340 42 0 -8 0
60 386 343 45 0 -8 0
60 378 346 48 0 0 0
60 378 349 51 0 8 0
60 386 352 54 0 -8 0
60 378 355 57 0 8 0
60 386 358 60 0 -8 0
60 378 361 63 0 0 0
60 378 364 66 0 8 0
60 386 367 69 0 0 0
60 386 370 72 0 0 0
60 386 373 75 0 -8 0
60 378 376 78 0 -8 0
60 370 379 81 0 0 0
60 370 382 84 0 8 0
60 378 385 87 0 8 0
60 386 388 90 0 -8 0
60 378 391 93 0 -8 0
60 370 394 96 0 0 0
60 370 397 99 0 8 0
60 378 400 102 0 8 0
60 386 403 105 0 -8 0
60 378 406 108 0 8 0
60 386 409 111 8 0 0
68 386 412 114 0 8 0
68 394 415 117 0 0 0
68 394 418 120 8 -8 0
76 386 421 123 0 0 0
76 386 424 126 0 0 0
76 386 427 129 8 8 0
84 394 430 132 0 0 0
84 394 433 135 8 8 0
92 402 436 138 0 -8 0
92 394 439 141 0 -8 0
92 386 442 144 8 8 0
100 394 445 147 0 0 0
100 394 448 150 0 8 0
100 402 451 153 8 0 0
108 402 454 156 0 8 0
108 410 457 159 8 0 0
116 410 460 162 0 8 0
116 418 463 165 0 8 0
116 426 466 168 8 0 0
124 426 469 171 0 8 0
124 434 472 174 0 8 0
124 442 475 177 8 8 0
132 450 478 180 0 -8 0
132 442 481 183 8 0 0
140 442 484 186 0 -8 0
140 434 487 189 0 8 0
140 442 490 192 8 8 0
148 450 493 195 0 -8 0
148 442 496 198 0 0 0
148 442 499 201 8 8 0
156 450 502 204 0 0 0
156 450 505 207 8 -8 0
164 442 508 210 0 8 0
164 450 511 213 0 0 0
164 450 514 216 8 0 0
172 450 517 219 0 8 0
172 458 520 222 0 0 0
172 458 523 225 8 0 0
180 458 526 228 0 0 0
180 458 529 231 8 0 0
188 458 532 234 0 8 0
188 466 535 237 0 -8 0
188 458 538 240 8 0 0
196 458 541 243 0 8 0
196 466 544 246 0 -8 0
196 458 547 249 8 0 0
204 458 550 252 0 0 0
204 458 553 255 8 8 0
212 466 556 258 0 -8 0
212 458 559 261 0 8 0
212 466 562 264 8 0 0
220 466 565 267 0 -8 0
220 458 568 270 0 8 0
220 466 571 273 8 0 0
228 466 574 276 0 8 0
228 474 577 279 8 8 0
236 482 580 282 0 8 0
236 490 583 285 0 -8 0
236 482 586 288 8 8 0
244 490 589 291 0 8 0
244 498 592 294 0 -8 0
244 490 595 297 8 0 0
252 490 598 300 0 -8 0
252 482 601 303 8 8 0
260 490 604 306 0 0 0
260 490 607 309 0 0 0
260 490 610 312 8 8 0
268 498 613 315 0 -8 0
268 490 616 318 0 -8 0
268 482 619 321 8 0 0
276 482 622 324 0 0 0
276 482 625 327 8 0 0
284 482 628 330 0 0 0
284 482 631 333 0 8 0
284 490 634 336 8 -8 0
292 482 637 339 0 0 0
292 482 640 342 0 0 0
292 482 643 345 8 -8 0
300 474 646 348 0 0 0
300 474 649 351 8 8 0
308 482 652 354 0 8 0
308 490 655 357 0 8 0
308 498 658 360 8 -8 0
316 490 661 363 0 -8 0
316 482 664 366 0 -8 0
316 474 667 369 8 8 0
324 482 670 372 0 -8 0
324 474 673 375 8 -8 0
332 466 676 378 0 0 0
332 466 679 381 0 0 0
332 466 682 384 8 0 0
340 466 685 387 0 -8 0
340 458 688 390 0 0 0
340 458 691 393 8 8 0
348 466 694 396 0 0 0
348 466 697 399 8 0 0
356 466 700 402 0 8 0
356 474 703 405 0 -8 0
356 466 706 408 8 8 0
364 474 709 411 0 -8 0
364 466 712 414 0 0 0
364 466 715 417 8 8 0
372 474 718 420 0 0 0
372 474 721 423 8 0 0
380 474 724 426 0 8 0
380 482 727 429 0 8 0
380 490 730 432 8 -8 0
388 482 733 435 0 0 0
388 482 736 438 0 -8 0
388 474 739 441 8 0 0
396 474 742 444 0 0 0
396 474 745 447 8 0 0
404 474 748 450 0 8 0
404 482 751 453 0 -8 0
404 474 754 456 8 -8 0
412 466 757 459 0 0 0
412 466 760 462 0 8 0
412 474 763 465 8 0 0
420 474 766 468 0 8 0
420 482 769 471 8 0 0
428 482 772 474 0 8 0
428 490 775 477 0 0 0
428 490 778 480 8 8 0
436 498 781 483 0 8 0
436 506 778 486 0 8 0
436 514 775 489 8 0 0
444 514 772 492 0 -8 0
444 506 769 495 8 0 0
452 506 766 498 0 0 0
452 506 763 501 0 -8 0
452 498 760 504 8 -8 0
460 490 757 507 0 -8 0
460 482 754 510 0 -8 0
460 474 751 513 8 8 0
468 482 748 516 0 -8 0
468 474 745 519 8 -8 0
476 466 742 522 0 -8 0
476 458 739 525 0 8 0
476 466 736 528 8 -8 0
484 458 733 531 0 8 0
484 466 730 534 0 -8 0
484 458 727 537 8 -8 0
492 450 724 540 0 8 0
492 458 721 543 8 0 0
500 458 718 546 0 -8 0
500 450 715 549 0 -8 0
500 442 712 552 8 -8 0
508 434 709 555 0 0 0
508 434 706 558 0 -8 0
508 426 703 561 8 0 0
516 426 700 564 0 8 0
516 434 697 567 8 0 0
524 434 694 570 0 -8 0
524 426 691 573 0 8 0
524 434 688 576 8 -8 0
532 426 685 579 0 0 0
532 426 682 582 0 -8 0
532 418 679 585 8 -8 0
540 410 676 588 0 0 0
540 410 673 591 8 8 0
540 418 670 588 0 0 0
540 418 667 585 0 8 0
540 426 664 582 0 -8 0
540 418 661 579 0 8 0
540 426 658 576 0 -8 0
540 418 655 573 0 -8 0
540 410 652 570 0 8 0
540 418 649 567 0 8 0
540 426 646 564 0 0 0
540 426 643 561 0 0 0
540 426 640 558 0 0 0
540 426 637 555 0 8 0
540 434 634 552 0 8 0
540 442 631 549 0 -8 0
540 434 628 546 0 8 0
540 442 625 543 0 8 0
540 450 622 540 0 0 0
540 450 619 537 0 0 0
540 450 616 534 0 -8 0
540 442 613 531 0 8 0
540 450 610 528 0 -8 0
540 442 607 525 0 0 0
540 442 604 522 0 0 0
540 442 601 519 0 -8 0
540 434 598 516 0 8 0
540 442 595 513 0 0 0
540 442 592 510 0 -8 0
540 434 589 507 0 8 0
540 442 586 504 0 -8 0
540 434 583 501 0 8 0
540 442 580 498 0 0 0
540 442 577 495 0 -8 0
540 434 574 492 0 0 0
540 434 571 489 -8 0 0
532 434 568 486 0 -8 0
532 426 565 483 0 -8 0
532 418 562 480 -8 8 0
524 426 559 477 0 -8 0
524 418 556 474 0 0 0
524 418 553 471 -8 0 0
516 418 550 468 0 8 0
516 426 547 465 -8 0 0
508 426 544 462 0 0 0
508 426 541 459 0 -8 0
508 418 538 456 -8 0 0
500 418 535 453 0 -8 0
500 410 532 450 0 -8 0
500 402 529 447 -8 -8 0
492 394 526 444 0 0 0
492 394 523 441 -8 8 0
484 402 520 438 0 8 0
484 410 517 435 0 -8 0
484 402 514 432 -8 -8 0
476 394 511 429 0 -8 0
476 386 508 426 0 8 0
476 394 505 423 -8 -8 0
468 386 502 420 0 0 0
468 386 499 417 -8 0 0
460 386 496 414 0 -8 0
460 378 493 411 0 8 0
460 386 490 408 -8 0 0
452 386 487 405 0 0 0
452 386 484 402 0 -8 0
452 378 481 399 -8 8 0
444 386 478 396 0 8 0
444 394 475 393 -8 -8 0
436 386 472 390 0 0 0
436 386 469 387 0 0 0
436 386 466 384 -8 -8 0
428 378 463 381 0 -8 0
428 370 460 378 0 0 0
428 370 457 375 -8 0 0
420 370 454 372 0 -8 0
420 362 451 369 -8 -8 0
412 354 448 366 0 8 0
412 362 445 363 0 8 0
412 370 442 360 -8 8 0
404 378 439 357 0 8 0
404 386 436 354 0 0 0
404 386 433 351 -8 -8 0
396 378 430 348 0 -8 0
396 370 427 345 -8 -8 0
388 362 424 342 0 0 0
388 362 421 339 0 -8 0
388 354 418 336 -8 0 0
380 354 415 333 0 8 0
380 362 412 330 0 -8 0
380 354 409 327 -8 -8 0
372 346 406 324 0 0 0
372 346 403 321 -8 -8 0
364 338 400 318 0 0 0
364 338 397 315 0 -8 0
364 330 394 312 -8 0 0
356 330 391 309 0 0 0
356 330 388 306 0 -8 0
356 322 385 303 -8 0 0
348 322 382 300 0 -8 0
348 314 379 297 -8 0 0
340 314 376 294 0 8 0
340 322 373 291 0 -8 0
340 314 370 288 -8 0 0
332 314 367 285 0 -8 0
332 306 364 282 0 0 0
332 306 361 279 -8 -8 0
324 298 358 276 0 8 0
324 306 355 273 -8 0 0
316 306 352 270 0 -8 0
316 298 349 267 0 -8 0
316 290 346 264 -8 -8 0
308 282 343 261 0 0 0
308 282 340 258 0 8 0
308 290 337 255 -8 0 0
300 290 334 252 0 8 0
300 298 331 249 -8 8 0
292 306 328 246 0 -8 0
292 298 325 243 0 8 0
292 306 322 240 -8 -8 0
284 298 319 237 0 0 0
284 298 316 234 0 -8 0
284 290 313 231 -8 -8 0
276 282 310 228 0 8 0
276 290 307 225 -8 -8 0
268 282 304 222 0 8 0
268 290 301 219 0 -8 0
268 282 298 216 -8 8 0
260 290 295 213 0 0 0
260 290 292 210 0 8 0
260 298 289 207 -8 -8 0
252 290 286 204 0 -8 0
252 282 283 201 -8 8 0
244 290 280 198 0 8 0
244 298 277 195 0 -8 0
244 290 274 192 -8 -8 0
236 282 271 189 0 8 0
236 290 268 186 0 8 0
236 298 265 183 -8 0 0
228 298 262 180 0 0 0
228 298 259 177 -8 8 0
220 306 256 174 0 0 0
220 306 253 171 0 -8 0
220 298 250 168 -8 8 0
212 306 247 165 0 8 0
212 314 244 162 0 8 0
212 322 241 159 -8 -8 0
204 314 238 156 0 0 0
204 314 235 153 -8 -8 0
196 306 232 150 0 8 0
196 314 229 147 0 8 0
196 322 226 144 -8 -8 0
188 314 223 141 0 8 0
188 322 220 138 0 -8 0
188 314 217 135 -8 8 0
180 322 214 132 0 -8 0
180 314 211 129 -8 -8 0
172 306 208 126 0 8 0
172 314 205 123 0 8 0
172 322 202 120 -8 0 0
164 322 199 117 0 -8 0
164 314 196 114 0 8 0
164 322 193 111 -8 -8 0
156 314 190 108 0 8 0
156 322 187 105 -8 -8 0
148 314 184 102 0 0 0
148 314 181 99 0 -8 0
148 306 178 96 -8 8 0
140 314 175 93 0 0 0
140 314 172 90 0 0 0
140 314 169 87 -8 0 0
132 314 166 84 0 8 0
132 322 163 81 -8 8 0
124 330 160 78 0 -8 0
124 322 157 75 0 8 0
124 330 154 72 -8 -8 0
116 322 151 69 0 0 0
116 322 148 66 0 8 0
116 330 145 63 -8 0 0
108 330 142 60 0 8 0
108 338 139 57 -8 8 0
100 346 136 54 0 8 0
100 354 133 51 0 0 0
100 354 130 48 -8 -8 0
92 346 127 45 0 -8 0
92 338 124 42 0 -8 0
92 330 121 39 -8 0 0
84 330 118 36 0 -8 0
84 322 115 33 -8 8 0
76 330 112 30 0 -8 0
76 322 109 27 0 8 0
76 330 106 24 -8 0 0
68 330 103 21 0 -8 0
68 322 100 18 0 0 0
68 322 97 15 -8 0 0
60 322 94 12 0 -8 0
60 314 91 9 -8 8 0
60 322 88 12 0 -8 0
60 314 85 15 0 8 0
60 322 82 18 0 -8 0
60 314 79 21 0 -8 0
60 306 76 24 0 0 0
60 306 73 27 0 8 0
60 314 70 30 0 8 0
60 322 67 33 0 -8 0
60 314 64 36 0 -8 0
60 306 61 39 0 8 0
60 314 58 42 0 0 0
60 314 55 45 0 8 0
60 322 52 48 0 8 0
60 330 49 51 0 -8 0
60 322 46 54 0 -8 0
60 314 43 57 0 -8 0
60 306 40 60 0 0 0
60 306 37 63 0 0 0
60 306 34 66 0 8 0
60 314 31 69 0 8 0
60 322 28 72 0 8 0
60 330 25 75 0 0 0
60 330 22 78 0 8 0
60 338 19 81 0 8 0
60 346 22 84 0 0 0
60 346 25 87 0 0 0
60 346 28 90 0 8 0
60 354 31 93 0 0 0
60 354 34 96 0 -8 0
60 346 37 99 0 -8 0
60 338 40 102 0 0 0
60 338 43 105 0 0 0
60 338 46 108 0 8 0
60 346 49 111 8 0 0
68 346 52 114 0 -8 0
68 338 55 117 0 -8 0
68 330 58 120 8 0 0
76 330 61 123 0 -8 0
76 322 64 126 0 -8 0
76 314 67 129 8 0 0
84 314 70 132 0 0 0
84 314 73 135 8 8 0
92 322 76 138 0 -8 0
92 314 79 141 0 0 0
92 314 82 144 8 -8 0
100 306 85 147 0 0 0
100 306 88 150 0 8 0
100 314 91 153 8 8 0
108 322 94 156 0 8 0
108 330 97 159 8 -8 0
116 322 100 162 0 0 0
116 322 103 165 0 0 0
116 322 106 168 8 0 0
124 322 109 171 0 -8 0
124 314 112 174 0 -8 0
124 306 115 177 8 0 0
132 306 118 180 0 -8 0
132 298 121 183 8 0 0
140 298 124 186 0 -8 0
140 290 127 189 0 -8 0
140 282 130 192 8 8 0
148 290 133 195 0 0 0
148 290 136 198 0 0 0
148 290 139 201 8 -8 0
156 282 142 204 0 8 0
156 290 145 207 8 -8 0
164 282 148 210 0 8 0
164 290 151 213 0 8 0
164 298 154 216 8 8 0
172 306 157 219 0 -8 0
172 298 160 222 0 0 0
172 298 163 225 8 8 0
180 306 166 228 0 -8 0
180 298 169 231 8 8 0
188 306 172 234 0 0 0
188 306 175 237 0 8 0
188 314 178 240 8 0 0
196 314 181 243 0 -8 0
196 306 184 246 0 -8 0
196 298 187 249 8 0 0
204 298 190 252 0 8 0
204 306 193 255 8 -8 0
212 298 196 258 0 -8 0
212 290 199 261 0 0 0
212 290 202 264 8 0 0
220 290 205 267 0 8 0
220 298 208 270 0 8 0
220 306 211 273 8 8 0
228 314 214 276 0 0 0
228 314 217 279 8 0 0
236 314 220 282 0 0 0
236 314 223 285 0 8 0
236 322 226 288 8 8 0
244 330 229 291 0 0 0
244 330 232 294 0 -8 0
244 322 235 297 8 8 0
252 330 238 300 0 0 0
252 330 241 303 8 0 0
260 330 244 306 0 8 0
260 338 247 309 0 0 0
260 338 250 312 8 8 0
268 346 253 315 0 -8 0
268 338 256 318 0 8 0
268 346 259 321 8 8 0
276 354 262 324 0 0 0
276 354 265 327 8 8 0
284 362 268 330 0 0 0
284 362 271 333 0 8 0
284 370 274 336 8 0 0
292 370 277 339 0 8 0
292 378 280 342 0 8 0
292 386 283 345 8 -8 0
300 378 286 348 0 0 0
300 378 289 351 8 8 0
308 386 292 354 0 -8 0
308 378 295 357 0 -8 0
308 370 298 360 8 8 0
316 378 301 363 0 8 0
316 386 304 366 0 8 0
316 394 307 369 8 -8 0
324 386 310 372 0 0 0
324 386 313 375 8 -8 0
332 378 316 378 0 8 0
332 386 319 381 0 8 0
332 394 322 384 8 8 0
340 402 325 387 0 8 0
340 410 328 390 0 8 0
340 418 331 393 8 0 0
348 418 334 396 0 8 0
348 426 337 399 8 -8 0
356 418 340 402 0 8 0
356 426 343 405 0 8 0
356 434 346 408 8 0 0
364 434 349 411 0 -8 0
364 426 352 414 0 -8 0
364 418 355 417 8 -8 0
372 410 358 420 0 8 0
372 418 361 423 8 8 0
380 426 364 426 0 0 0
380 426 367 429 0 0 0
380 426 370 432 8 -8 0
388 418 373 435 0 -8 0
388 410 376 438 0 -8 0
388 402 379 441 8 8 0
396 410 382 444 0 8 0
396 418 385 447 8 0 0
404 418 388 450 0 8 0
404 426 391 453 0 8 0
404 434 394 456 8 0 0
412 434 397 459 0 -8 0
412 426 400 462 0 8 0
412 434 403 465 8 0 0
420 434 406 468 0 -8 0
420 426 409 471 8 0 0
428 426 412 474 0 8 0
428 434 415 477 0 8 0
428 442 418 480 8 8 0
436 450 421 483 0 -8 0
436 442 424 486 0 0 0
436 442 427 489 8 0 0
444 442 430 492 0 0 0
444 442 433 495 8 0 0
452 442 436 498 0 0 0
452 442 439 501 0 8 0
452 450 442 504 8 -8 0
460 442 445 507 0 -8 0
460 434 448 510 0 8 0
460 442 451 513 8 -8 0
468 434 454 516 0 0 0
468 434 457 519 8 8 0
476 442 460 522 0 -8 0
476 434 463 525 0 8 0
476 442 466 528 8 -8 0
484 434 469 531 0 8 0
484 442 472 534 0 8 0
484 450 475 537 8 -8 0
492 442 478 540 0 0 0
492 442 481 543 8 8 0
500 450 484 546 0 8 0
500 458 487 549 0 -8 0
500 450 490 552 8 0 0
508 450 493 555 0 -8 0
508 442 496 558 0 -8 0
508 434 499 561 8 0 0
516 434 502 564 0 0 0
516 434 505 567 8 8 0
524 442 508 570 0 0 0
524 442 511 573 0 -8 0
524 434 514 576 8 -8 0
532 426 517 579 0 8 0
532 434 520 582 0 0 0
532 434 523 585 8 8 0
540 442 526 588 0 -8 0
540 434 529 591 8 8 0
540 442 532 588 0 0 0
540 442 535 585 0 0 0
540 442 538 582 0 -8 0
540 434 541 579 0 -8 0
540 426 544 576 0 -8 0
540 418 547 573 0 8 0
540 426 550 570 0 8 0
540 434 553 567 0 0 0
540 434 556 564 0 -8 0
540 426 559 561 0 0 0
540 426 562 558 0 8 0
540 434 565 555 0 8 0
540 442 568 552 0 8 0
540 450 571 549 0 -8 0
540 442 574 546 0 0 0
540 442 577 543 0 -8 0
540 434 580 540 0 8 0
540 442 583 537 0 0 0
540 442 586 534 0 8 0
540 450 589 531 0 0 0
540 450 592 528 0 0 0
540 450 595 525 0 0 0
540 450 598 522 0 0 0
540 450 601 519 0 -8 0
540 442 604 516 0 0 0
540 442 607 513 0 8 0
540 450 610 510 0 8 0
540 458 613 507 0 -8 0
540 450 616 504 0 -8 0
540 442 619 501 0 0 0
540 442 622 498 0 8 0
540 450 625 495 0 8 0
540 458 628 492 0 8 0
540 466 631 489 -8 0 0
532 466 634 486 0 -8 0
532 458 637 483 0 8 0
532 466 640 480 -8 8 0
524 474 643 477 0 -8 0
524 466 646 474 0 8 0
524 474 649 471 -8 0 0
516 474 652 468 0 0 0
516 474 655 465 -8 0 0
508 474 658 462 0 0 0
508 474 661 459 0 8 0
508 482 664 456 -8 0 0
500 482 667 453 0 0 0
500 482 670 450 0 8 0
500 490 673 447 -8 8 0
492 498 676 444 0 0 0
492 498 679 441 -8 -8 0
484 490 682 438 0 -8 0
484 482 685 435 0 -8 0
484 474 688 432 -8 -8 0
476 466 691 429 0 0 0
476 466 694 426 0 -8 0
476 458 697 423 -8 0 0
468 458 700 420 0 -8 0
468 450 703 417 -8 -8 0
460 442 706 414 0 8 0
460 450 709 411 0 0 0
460 450 712 408 -8 8 0
452 458 715 405 0 0 0
452 458 718 402 0 8 0
452 466 721 399 -8 8 0
444 474 724 396 0 8 0
444 482 727 393 -8 8 0
436 490 730 390 0 0 0
436 490 733 387 0 -8 0
436 482 736 384 -8 -8 0
428 474 739 381 0 -8 0
428 466 742 378 0 8 0
428 474 745 375 -8 -8 0
420 466 748 372 0 8 0
420 474 751 369 -8 0 0
412 474 754 366 0 0 0
412 474 757 363 0 0 0
412 474 760 360 -8 -8 0
404 466 763 357 0 8 0
404 474 766 354 0 -8 0
404 466 769 351 -8 -8 0
396 458 772 348 0 -8 0
396 450 775 345 -8 0 0
388 450 778 342 0 -8 0
388 442 781 339 0 0 1
388 442 781 339 0 0 1
388 442 781 339 0 0 1
388 442 781 339 0 0 1
388 442 781 339 0 0 1
