445 475 337 255 0 0 0
445 475 340 252 -8 -8 0
437 467 343 249 -8 -8 0
429 459 346 246 -8 0 0
421 459 349 243 -8 8 0
413 467 352 240 -8 0 0
405 467 355 237 -8 8 0
397 475 358 234 -8 8 0
389 483 361 231 -8 8 0
381 491 364 228 -8 -8 0
373 483 367 225 -8 -8 0
365 475 370 222 -8 8 0
357 483 373 219 -8 -8 0
349 475 376 216 -8 8 0
341 483 379 213 -8 0 0
333 483 382 210 -8 -8 0
325 475 385 207 -8 8 0
317 483 388 204 -8 8 0
309 491 391 201 -8 8 0
301 499 394 198 -8 8 0
293 507 397 195 -8 8 0
285 515 400 192 -8 8 0
277 523 403 189 -8 0 0
269 523 406 186 -8 -8 0
261 515 409 183 -8 0 0
253 515 412 180 -8 -8 0
245 507 415 177 -8 -8 0
237 499 418 174 -8 8 0
229 507 421 171 -8 8 0
221 515 424 168 -8 0 0
213 515 427 165 0 -8 0
213 507 430 162 -8 0 0
205 507 433 159 0 -8 0
205 499 436 156 0 0 0
205 499 439 153 -8 8 0
197 507 442 150 0 0 0
197 507 445 147 0 -8 0
197 499 448 144 -8 -8 0
189 491 451 141 0 -8 0
189 483 454 138 -8 -8 0
181 475 457 135 0 8 0
181 483 460 132 0 -8 0
181 475 463 129 -8 0 0
173 475 466 126 0 -8 0
173 467 469 123 0 8 0
173 475 472 120 -8 -8 0
165 467 475 117 0 8 0
165 475 478 114 -8 0 0
157 475 481 111 0 0 0
157 475 484 108 0 -8 0
157 467 487 105 -8 8 0
149 475 490 102 0 -8 0
149 467 493 99 0 0 0
149 467 496 96 -8 0 0
141 467 499 93 0 8 0
141 475 502 90 -8 8 0
133 483 505 87 0 8 0
133 491 508 84 0 0 0
133 491 511 81 -8 -8 0
125 483 514 78 0 -8 0
125 475 517 75 0 -8 0
125 467 520 72 -8 -8 0
117 459 523 69 0 -8 0
117 451 526 66 -8 -8 0
109 443 529 63 0 0 0
109 443 532 60 0 0 0
109 443 535 57 -8 -8 0
101 435 538 54 0 8 0
101 443 541 51 0 -8 0
101 435 544 48 -8 -8 0
93 427 547 45 0 -8 0
93 419 550 42 -8 8 0
85 427 553 39 0 8 0
85 435 556 36 0 -8 0
85 427 559 33 -8 8 0
77 435 562 30 0 0 0
77 435 565 27 0 8 0
77 443 568 24 -8 -8 0
69 435 571 21 0 0 0
69 435 574 18 -8 8 0
61 443 577 15 0 -8 0
61 435 580 12 0 8 0
61 443 583 9 -8 0 0
60 443 586 12 0 -8 0
60 435 589 15 0 0 0
60 435 592 18 0 -8 0
60 427 595 21 0 -8 0
60 419 598 24 0 0 0
60 419 601 27 0 -8 0
60 411 604 30 0 -8 0
60 403 607 33 0 8 0
60 411 610 36 0 0 0
60 411 613 39 0 8 0
60 419 616 42 0 8 0
60 427 619 45 0 8 0
60 435 622 48 0 0 0
60 435 625 51 0 -8 0
60 427 628 54 0 -8 0
60 419 631 57 0 -8 0
60 411 634 60 0 -8 0
60 403 637 63 0 0 0
60 403 640 66 0 -8 0
60 395 643 69 0 0 0
60 395 646 72 0 -8 0
60 387 649 75 0 0 0
60 387 652 78 0 0 0
60 387 655 81 0 -8 0
60 379 658 84 0 -8 0
60 371 661 87 0 -8 0
60 363 664 90 0 -8 0
60 355 667 93 0 0 0
60 355 670 96 0 8 0
60 363 673 99 0 0 0
60 363 676 102 0 8 0
60 371 679 105 0 -8 0
60 363 682 108 0 -8 0
60 355 685 111 8 0 0
68 355 688 114 0 8 0
68 363 691 117 0 -8 0
68 355 694 120 8 8 0
76 363 697 123 0 0 0
76 363 700 126 0 8 0
76 371 703 129 8 0 0
84 371 706 132 0 -8 0
84 363 709 135 8 8 0
92 371 712 138 0 8 0
92 379 715 141 0 8 0
92 387 718 144 8 8 0
100 395 721 147 0 -8 0
100 387 724 150 0 8 0
100 395 727 153 8 -8 0
108 387 730 156 0 8 0
108 395 733 159 8 8 0
116 403 736 162 0 8 0
116 411 739 165 0 0 0
116 411 742 168 8 0 0
124 411 745 171 0 8 0
124 419 748 174 0 8 0
124 427 751 177 8 0 0
132 427 754 180 0 -8 0
132 419 757 183 8 -8 0
140 411 760 186 0 0 0
140 411 763 189 0 8 0
140 419 766 192 8 0 0
148 419 769 195 0 -8 0
148 411 772 198 0 0 0
148 411 775 201 8 0 0
156 411 778 204 0 8 0
156 419 781 207 0 0 1
156 419 781 207 0 0 1
156 419 781 207 0 0 1
156 419 781 207 0 0 1
156 419 781 207 0 0 1
