257 116 127 171 0 0 0
257 116 130 174 -8 -8 0
249 108 133 177 -8 8 0
241 116 136 180 -8 8 0
233 124 139 183 0 -8 0
233 116 142 186 0 0 0
233 116 145 189 0 0 0
233 116 148 192 0 -8 0
233 108 151 195 0 8 0
233 116 154 198 0 -8 0
233 108 157 201 0 -8 0
233 100 160 204 0 -8 0
233 92 163 207 0 -8 0
233 84 166 210 0 8 0
233 92 169 213 0 0 0
233 92 172 216 0 0 0
233 92 175 219 0 8 0
233 100 178 222 0 0 0
233 100 181 225 0 -8 0
233 92 184 228 0 -8 0
233 84 187 231 0 0 0
233 84 190 234 0 8 0
233 92 193 237 0 8 0
233 100 196 240 0 0 0
233 100 199 243 0 8 0
233 108 202 246 0 -8 0
233 100 205 249 0 8 0
233 108 208 252 0 0 0
233 108 211 255 0 0 0
233 108 214 258 0 8 0
233 116 217 261 0 -8 0
233 108 220 264 0 -8 0
233 100 223 267 0 -8 0
233 92 226 270 0 -8 0
233 84 229 273 0 -8 0
233 76 232 276 0 -8 0
233 68 235 279 0 8 0
233 76 238 282 0 8 0
233 84 241 285 8 0 0
241 84 244 288 0 0 0
241 84 247 291 0 8 0
241 92 250 294 8 0 0
249 92 253 297 0 -8 0
249 84 256 300 8 -8 0
257 76 259 303 0 8 0
257 84 262 306 0 -8 0
257 76 265 309 8 8 0
265 84 268 312 0 8 0
265 92 271 315 0 0 0
265 92 274 318 8 0 0
273 92 277 321 0 8 0
273 100 280 324 8 0 0
281 100 283 327 0 -8 0
281 92 286 330 0 0 0
281 92 289 333 8 -8 0
289 84 292 336 0 0 0
289 84 295 339 0 0 0
289 84 298 342 8 -8 0
297 76 301 345 0 0 0
297 76 304 348 8 0 0
305 76 307 351 0 0 0
305 76 310 354 0 -8 0
305 68 313 357 8 8 0
313 76 316 360 0 0 0
313 76 319 363 0 8 0
313 84 322 366 8 -8 0
321 76 325 369 0 -8 0
321 68 328 372 8 8 0
329 76 331 375 0 -8 0
329 68 334 378 0 -8 0
329 60 337 381 8 8 0
337 68 340 384 0 8 0
337 76 343 387 0 0 0
337 76 346 390 8 0 0
345 76 349 393 0 0 0
345 76 352 396 8 8 0
353 84 355 399 0 -8 0
353 76 358 402 0 0 0
353 76 361 405 8 8 0
361 84 364 408 0 0 0
361 84 367 411 0 8 0
361 92 370 414 8 0 0
369 92 373 417 0 -8 0
369 84 376 420 8 -8 0
377 76 379 423 0 0 0
377 76 382 426 0 -8 0
377 68 385 429 8 -8 0
385 60 388 432 0 0 0
385 60 391 435 0 -8 0
385 60 394 438 8 8 0
393 68 397 441 0 0 0
393 68 400 444 8 8 0
401 76 403 447 0 8 0
401 84 406 450 0 0 0
401 84 409 453 8 8 0
409 92 412 456 0 -8 0
409 84 415 459 0 8 0
409 92 418 462 8 0 0
417 92 421 465 0 0 0
417 92 424 468 8 8 0
425 100 427 471 0 0 0
425 100 430 474 0 8 0
425 108 433 477 8 0 0
433 108 436 480 0 0 0
433 108 439 483 0 0 0
433 108 442 486 8 8 0
441 116 445 489 0 0 0
441 116 448 492 8 -8 0
449 108 451 495 0 -8 0
449 100 454 498 0 -8 0
449 92 457 501 8 -8 0
457 84 460 504 0 -8 0
457 76 463 507 0 0 0
457 76 466 510 8 -8 0
465 68 469 513 0 -8 0
465 60 472 516 8 -8 0
473 60 475 519 0 0 0
473 60 478 522 0 -8 0
473 60 481 525 8 0 0
481 60 484 528 0 0 0
481 60 487 531 0 8 0
481 68 490 534 8 8 0
489 76 493 537 0 0 0
489 76 496 540 8 8 0
497 84 499 543 0 8 0
497 92 502 546 0 0 0
497 92 505 549 8 0 0
505 92 508 552 0 8 0
505 100 511 555 0 0 0
505 100 514 558 8 0 0
513 100 517 561 0 0 0
513 100 520 564 8 0 0
521 100 523 567 0 8 0
521 108 526 570 0 -8 0
521 100 529 573 8 -8 0
529 92 532 576 0 0 0
529 92 535 579 0 8 0
529 100 538 582 8 8 0
537 108 541 585 0 8 0
537 116 544 588 8 -8 0
540 108 547 591 8 8 0
540 116 550 588 0 0 0
540 116 553 585 0 0 0
540 116 556 582 0 8 0
540 124 559 579 0 8 0
540 132 562 576 0 8 0
540 140 565 573 0 8 0
540 148 568 570 0 8 0
540 156 571 567 0 8 0
540 164 574 564 0 -8 0
540 156 577 561 0 -8 0
540 148 580 558 0 8 0
540 156 583 555 0 8 0
540 164 586 552 0 8 0
540 172 589 549 0 0 0
540 172 592 546 0 0 0
540 172 595 543 0 8 0
540 180 598 540 0 -8 0
540 172 601 537 0 8 0
540 180 604 534 0 0 0
540 180 607 531 0 -8 0
540 172 610 528 0 0 0
540 172 613 525 0 0 0
540 172 616 522 0 8 0
540 180 619 519 0 8 0
540 188 622 516 0 0 0
540 188 625 513 0 8 0
540 196 628 510 0 8 0
540 204 631 507 0 0 0
540 204 634 504 0 -8 0
540 196 637 501 0 8 0
540 204 640 498 0 0 0
540 204 643 495 0 8 0
540 212 646 492 0 8 0
540 220 649 489 -8 8 0
532 228 652 486 0 8 0
532 236 655 483 0 0 0
532 236 658 480 -8 8 0
524 244 661 477 0 0 0
524 244 664 474 0 0 0
524 244 667 471 -8 8 0
516 252 670 468 0 0 0
516 252 673 465 -8 8 0
508 260 676 462 0 0 0
508 260 679 459 0 -8 0
508 252 682 456 -8 -8 0
500 244 685 453 0 -8 0
500 236 688 450 0 8 0
500 244 691 447 -8 0 0
492 244 694 444 0 -8 0
492 236 697 441 -8 -8 0
484 228 700 438 0 0 0
484 228 703 435 0 8 0
484 236 706 432 -8 0 0
476 236 709 429 0 -8 0
476 228 712 426 0 -8 0
476 220 715 423 -8 8 0
468 228 718 420 0 8 0
468 236 721 417 -8 8 0
460 244 724 414 0 -8 0
460 236 727 411 0 0 0
460 236 730 408 -8 0 0
452 236 733 405 0 -8 0
452 228 736 402 0 -8 0
452 220 739 399 -8 0 0
444 220 742 396 0 0 0
444 220 745 393 -8 8 0
436 228 748 390 0 0 0
436 228 751 387 0 -8 0
436 220 754 384 -8 0 0
428 220 757 381 0 0 0
428 220 760 378 0 8 0
428 228 763 375 -8 8 0
420 236 766 372 0 0 0
420 236 769 369 -8 -8 0
412 228 772 366 0 8 0
412 236 775 363 0 0 0
412 236 778 360 -8 -8 0
404 228 781 357 0 0 1
404 228 781 357 0 0 1
404 228 781 357 0 0 1
404 228 781 357 0 0 1
404 228 781 357 0 0 1
