330 226 616 327 0 0 0
330 226 613 330 0 0 0
330 226 610 333 0 -8 0
330 218 607 336 0 0 0
330 218 604 339 0 -8 0
330 210 601 342 0 0 0
330 210 598 345 0 0 0
330 210 595 348 0 -8 0
330 202 592 351 0 0 0
330 202 589 354 0 8 0
330 210 586 357 0 8 0
330 218 583 360 0 -8 0
330 210 580 363 0 8 0
330 218 577 366 0 8 0
330 226 574 369 0 0 0
330 226 571 372 0 0 0
330 226 568 375 0 8 0
330 234 565 378 0 0 0
330 234 562 381 8 -8 0
338 226 559 384 0 8 0
338 234 556 387 0 -8 0
338 226 553 390 8 -8 0
346 218 550 393 0 8 0
346 226 547 396 0 -8 0
346 218 544 399 8 0 0
354 218 541 402 0 8 0
354 226 538 405 8 8 0
362 234 535 408 0 -8 0
362 226 532 411 0 -8 0
362 218 529 414 8 -8 0
370 210 526 417 0 8 0
370 218 523 420 0 0 0
370 218 520 423 8 8 0
378 226 517 426 0 8 0
378 234 514 429 8 -8 0
386 226 511 432 0 -8 0
386 218 508 435 0 8 0
386 226 505 438 8 8 0
394 234 502 441 0 -8 0
394 226 499 444 0 8 0
394 234 496 447 8 0 0
402 234 493 450 0 8 0
402 242 490 453 8 0 0
410 242 487 456 0 8 0
410 250 484 459 0 -8 0
410 242 481 462 8 -8 0
418 234 478 465 0 -8 0
418 226 475 468 0 -8 0
418 218 472 471 8 0 0
426 218 469 474 0 0 0
426 218 466 477 8 0 0
434 218 463 480 0 0 0
434 218 460 483 0 -8 0
434 210 457 486 8 -8 0
442 202 454 489 0 8 0
442 210 451 492 0 8 0
442 218 448 495 8 8 0
450 226 445 498 0 -8 0
450 218 442 501 8 0 0
458 218 439 504 0 -8 0
458 210 436 507 0 0 0
458 210 433 510 8 0 0
466 210 430 513 0 0 0
466 210 427 516 0 -8 0
466 202 424 519 8 -8 0
474 194 421 522 0 8 0
474 202 418 525 8 0 0
482 202 415 528 0 -8 0
482 194 412 531 0 0 0
482 194 409 534 8 0 0
490 194 406 537 0 -8 0
490 186 403 540 0 8 0
490 194 400 543 8 0 0
498 194 397 546 0 0 0
498 194 394 549 8 -8 0
506 186 391 552 0 8 0
506 194 388 555 0 -8 0
506 186 385 558 8 -8 0
514 178 382 561 0 -8 0
514 170 379 564 0 0 0
514 170 376 567 8 0 0
522 170 373 570 0 0 0
522 170 370 573 8 -8 0
530 162 367 576 0 -8 0
530 154 364 579 0 -8 0
530 146 361 582 8 -8 0
538 138 358 585 0 -8 0
538 130 355 588 0 -8 0
538 122 352 591 8 8 0
540 130 349 588 0 0 0
540 130 346 585 0 0 0
540 130 343 582 0 -8 0
540 122 340 579 0 8 0
540 130 337 576 0 8 0
540 138 334 573 0 -8 0
540 130 331 570 0 0 0
540 130 328 567 0 -8 0
540 122 325 564 0 0 0
540 122 322 561 0 0 0
540 122 319 558 0 8 0
540 130 316 555 0 8 0
540 138 313 552 0 -8 0
540 130 310 549 0 -8 0
540 122 307 546 0 -8 0
540 114 304 543 0 -8 0
540 106 301 540 0 0 0
540 106 298 537 0 -8 0
540 98 295 534 0 0 0
540 98 292 531 0 0 0
540 98 289 528 0 0 0
540 98 286 525 0 8 0
540 106 283 522 0 8 0
540 114 280 519 0 8 0
540 122 277 516 0 0 0
540 122 274 513 0 0 0
540 122 271 510 0 8 0
540 130 268 507 0 0 0
540 130 265 504 0 0 0
540 130 262 501 0 8 0
540 138 259 498 0 8 0
540 146 256 495 0 0 0
540 146 253 492 0 0 0
540 146 250 489 -8 8 0
532 154 247 486 0 -8 0
532 146 244 483 0 0 0
532 146 241 480 -8 -8 0
524 138 238 477 0 0 0
524 138 235 474 0 0 0
524 138 232 471 -8 -8 0
516 130 229 468 0 -8 0
516 122 226 465 -8 8 0
508 130 223 462 0 0 0
508 130 220 459 0 8 0
508 138 217 456 -8 0 0
500 138 214 453 0 8 0
500 146 211 450 0 -8 0
500 138 208 447 -8 0 0
492 138 205 444 0 8 0
492 146 202 441 -8 8 0
484 154 199 438 0 0 0
484 154 196 435 0 -8 0
484 146 193 432 -8 8 0
476 154 190 429 0 8 0
476 162 187 426 0 8 0
476 170 184 423 -8 -8 0
468 162 181 420 0 8 0
468 170 178 417 -8 8 0
460 178 175 414 0 8 0
460 186 172 411 0 -8 0
460 178 169 408 -8 -8 0
452 170 166 405 0 8 0
452 178 163 402 0 -8 0
452 170 160 399 -8 -8 0
444 162 157 396 0 0 0
444 162 154 393 -8 8 0
436 170 151 390 0 0 0
436 170 148 387 0 8 0
436 178 145 384 -8 -8 0
428 170 142 381 0 -8 0
428 162 139 378 0 -8 0
428 154 136 375 -8 0 0
420 154 133 372 0 0 0
420 154 130 369 -8 0 0
412 154 127 366 0 8 0
412 162 124 363 0 0 0
412 162 121 360 -8 8 0
404 170 118 357 0 0 0
404 170 115 354 0 8 0
404 178 112 351 -8 0 0
396 178 109 348 0 -8 0
396 170 106 345 -8 -8 0
388 162 103 342 0 0 0
388 162 100 339 0 0 0
388 162 97 336 -8 -8 0
380 154 94 333 0 -8 0
380 146 91 330 0 8 0
380 154 88 327 -8 0 0
372 154 85 324 0 -8 0
372 146 82 321 -8 -8 0
364 138 79 318 0 -8 0
364 130 76 315 0 0 0
364 130 73 312 -8 -8 0
356 122 70 309 0 -8 0
356 114 67 306 0 0 0
356 114 64 303 -8 0 0
348 114 61 300 0 0 0
348 114 58 297 -8 8 0
340 122 55 294 0 8 0
340 130 52 291 0 0 0
340 130 49 288 -8 0 0
332 130 46 285 0 0 0
332 130 43 282 0 0 0
332 130 40 279 -8 0 0
324 130 37 276 0 -8 0
324 122 34 273 -8 8 0
316 130 31 270 0 -8 0
316 122 28 267 0 -8 0
316 114 25 264 -8 0 0
308 114 22 261 0 -8 0
308 106 19 258 0 -8 0
308 98 22 255 -8 -8 0
300 90 25 252 0 8 0
300 98 28 249 -8 0 0
292 98 31 246 0 -8 0
292 90 34 243 0 -8 0
292 82 37 240 -8 -8 0
284 74 40 237 0 0 0
284 74 43 234 0 0 0
284 74 46 231 -8 0 0
276 74 49 228 0 0 0
276 74 52 225 -8 0 0
268 74 55 222 0 0 0
268 74 58 219 0 8 0
268 82 61 216 -8 -8 0
260 74 64 213 0 0 0
260 74 67 210 0 8 0
260 82 70 207 -8 0 0
252 82 73 204 0 -8 0
252 74 76 201 -8 8 0
244 82 79 198 0 8 0
244 90 82 195 0 0 0
244 90 85 192 -8 0 0
236 90 88 189 0 -8 0
236 82 91 186 0 8 0
236 90 94 183 -8 8 0
228 98 97 180 0 8 0
228 106 100 177 -8 -8 0
220 98 103 174 0 0 0
220 98 106 171 0 -8 0
220 90 109 168 -8 0 0
212 90 112 165 0 0 0
212 90 115 162 0 0 0
212 90 118 159 -8 -8 0
204 82 121 156 0 8 0
204 90 124 153 -8 0 0
196 90 127 150 0 0 0
196 90 130 147 0 8 0
196 98 133 144 -8 0 0
188 98 136 141 0 0 0
188 98 139 138 0 -8 0
188 90 142 135 -8 8 0
180 98 145 132 0 -8 0
180 90 148 129 -8 0 0
172 90 151 126 0 -8 0
172 82 154 123 0 8 0
172 90 157 120 -8 0 0
164 90 160 117 0 0 0
164 90 163 114 0 8 0
164 98 166 111 -8 -8 0
156 90 169 108 0 8 0
156 98 172 105 -8 8 0
148 106 175 102 0 -8 0
148 98 178 99 0 8 0
148 106 181 96 -8 8 0
140 114 184 93 0 8 0
140 122 187 90 0 -8 0
140 114 190 87 -8 8 0
132 122 193 84 0 -8 0
132 114 196 81 -8 0 0
124 114 199 78 0 0 0
124 114 202 75 0 8 0
124 122 205 72 -8 -8 0
116 114 208 69 0 0 0
116 114 211 66 0 8 0
116 122 214 63 -8 0 0
108 122 217 60 0 0 0
108 122 220 57 -8 0 0
100 122 223 54 0 8 0
100 130 226 51 0 -8 0
100 122 229 48 -8 8 0
92 130 232 45 0 0 0
92 130 235 42 0 -8 0
92 122 238 39 -8 0 0
84 122 241 36 0 8 0
84 130 244 33 -8 8 0
76 138 247 30 0 0 0
76 138 250 27 0 -8 0
76 130 253 24 -8 0 0
68 130 256 21 0 -8 0
68 122 259 18 0 -8 0
68 114 262 15 -8 0 0
60 114 265 12 0 0 0
60 114 268 9 -8 -8 0
60 106 271 12 0 0 0
60 106 274 15 0 0 0
60 106 277 18 0 0 0
60 106 280 21 0 8 0
60 114 283 24 0 -8 0
60 106 286 27 0 0 0
60 106 289 30 0 0 0
60 106 292 33 0 8 0
60 114 295 36 0 -8 0
60 106 298 39 0 -8 0
60 98 301 42 0 -8 0
60 90 304 45 0 -8 0
60 82 307 48 0 -8 0
60 74 310 51 0 -8 0
60 66 313 54 0 -8 0
60 60 316 57 0 8 0
60 68 319 60 0 -8 0
60 60 322 63 0 8 0
60 68 325 66 0 0 0
60 68 328 69 0 -8 0
60 60 331 72 0 8 0
60 68 334 75 0 0 0
60 68 337 78 0 0 0
60 68 340 81 0 0 0
60 68 343 84 0 8 0
60 76 346 87 0 8 0
60 84 349 90 0 -8 0
60 76 352 93 0 0 0
60 76 355 96 0 8 0
60 84 358 99 0 0 0
60 84 361 102 0 0 0
60 84 364 105 0 8 0
60 92 367 108 0 8 0
60 100 370 111 8 8 0
68 108 373 114 0 -8 0
68 100 376 117 0 -8 0
68 92 379 120 8 8 0
76 100 382 123 0 0 0
76 100 385 126 0 0 0
76 100 388 129 8 0 0
84 100 391 132 0 8 0
84 108 394 135 8 0 0
92 108 397 138 0 8 0
92 116 400 141 0 8 0
92 124 403 144 8 -8 0
100 116 406 147 0 8 0
100 124 409 150 0 -8 0
100 116 412 153 8 0 0
108 116 415 156 0 -8 0
108 108 418 159 8 8 0
116 116 421 162 0 8 0
116 124 424 165 0 -8 0
116 116 427 168 8 0 0
124 116 430 171 0 -8 0
124 108 433 174 0 -8 0
124 100 436 177 8 8 0
132 108 439 180 0 -8 0
132 100 442 183 8 8 0
140 108 445 186 0 -8 0
140 100 448 189 0 8 0
140 108 451 192 8 8 0
148 116 454 195 0 0 0
148 116 457 198 0 8 0
148 124 460 201 8 8 0
156 132 463 204 0 8 0
156 140 466 207 8 0 0
164 140 469 210 0 0 0
164 140 472 213 0 8 0
164 148 475 216 8 8 0
172 156 478 219 0 -8 0
172 148 481 222 0 8 0
172 156 484 225 8 8 0
180 164 487 228 0 8 0
180 172 490 231 8 -8 0
188 164 493 234 0 -8 0
188 156 496 237 0 8 0
188 164 499 240 8 -8 0
196 156 502 243 0 0 0
196 156 505 246 0 0 0
196 156 508 249 8 0 0
204 156 511 252 0 -8 0
204 148 514 255 8 0 0
212 148 517 258 0 0 0
212 148 520 261 0 -8 0
212 140 523 264 8 0 0
220 140 526 267 0 0 0
220 140 529 270 0 0 0
220 140 532 273 8 0 0
228 140 535 276 0 8 0
228 148 538 279 8 -8 0
236 140 541 282 0 0 0
236 140 544 285 0 0 0
236 140 547 288 8 -8 0
244 132 550 291 0 0 0
244 132 553 294 0 -8 0
244 124 556 297 8 8 0
252 132 559 300 0 8 0
252 140 562 303 8 8 0
260 148 565 306 0 -8 0
260 140 568 309 0 0 0
260 140 571 312 8 0 0
268 140 574 315 0 -8 0
268 132 577 318 0 -8 0
268 124 580 321 8 -8 0
276 116 583 324 0 0 0
276 116 586 327 8 -8 0
284 108 589 330 0 -8 0
284 100 592 333 0 8 0
284 108 595 336 8 0 0
292 108 598 339 0 0 0
292 108 601 342 0 8 0
292 116 604 345 8 -8 0
300 108 607 348 0 -8 0
300 100 610 351 8 -8 0
308 92 613 354 0 8 0
308 100 616 357 0 -8 0
308 92 619 360 8 -8 0
316 84 622 363 0 8 0
316 92 625 366 0 -8 0
316 84 628 369 8 8 0
324 92 631 372 0 -8 0
324 84 634 375 8 -8 0
332 76 637 378 0 8 0
332 84 640 381 0 -8 0
332 76 643 384 8 -8 0
340 68 646 387 0 8 0
340 76 649 390 0 0 0
340 76 652 393 8 -8 0
348 68 655 396 0 0 0
348 68 658 399 8 0 0
356 68 661 402 0 -8 0
356 60 664 405 0 0 0
356 60 667 408 8 -8 0
364 60 670 411 0 -8 0
364 60 673 414 0 -8 0
364 60 676 417 8 8 0
372 68 679 420 0 8 0
372 76 682 423 8 0 0
380 76 685 426 0 -8 0
380 68 688 429 0 8 0
380 76 691 432 8 -8 0
388 68 694 435 0 -8 0
388 60 697 438 0 -8 0
388 60 700 441 8 -8 0
396 60 703 444 0 8 0
396 68 706 447 8 8 0
404 76 709 450 0 8 0
404 84 712 453 0 -8 0
404 76 715 456 8 -8 0
412 68 718 459 0 8 0
412 76 721 462 0 -8 0
412 68 724 465 8 -8 0
420 60 727 468 0 8 0
420 68 730 471 8 8 0
428 76 733 474 0 0 0
428 76 736 477 0 0 0
428 76 739 480 8 0 0
436 76 742 483 0 0 0
436 76 745 486 0 -8 0
436 68 748 489 8 -8 0
444 60 751 492 0 0 0
444 60 754 495 8 8 0
452 68 757 498 0 8 0
452 76 760 501 0 8 0
452 84 763 504 8 -8 0
460 76 766 507 0 -8 0
460 68 769 510 0 -8 0
460 60 772 513 8 0 0
468 60 775 516 0 8 0
468 68 778 519 8 8 0
476 76 781 522 0 0 1
476 76 781 522 0 0 1
476 76 781 522 0 0 1
476 76 781 522 0 0 1
476 76 781 522 0 0 1
