187 207 595 129 0 0 0
187 207 598 132 -8 -8 0
179 199 601 135 0 -8 0
179 191 604 138 0 -8 0
179 183 607 141 0 -8 0
179 175 610 144 0 -8 0
179 167 613 147 0 8 0
179 175 616 150 0 0 0
179 175 619 153 0 8 0
179 183 622 156 0 8 0
179 191 625 159 0 8 0
179 199 628 162 0 8 0
179 207 631 165 0 -8 0
179 199 634 168 0 -8 0
179 191 637 171 0 0 0
179 191 640 174 0 0 0
179 191 643 177 0 -8 0
179 183 646 180 0 -8 0
179 175 649 183 0 0 0
179 175 652 186 0 -8 0
179 167 655 189 0 8 0
179 175 658 192 0 0 0
179 175 661 195 0 8 0
179 183 664 198 0 8 0
179 191 667 201 0 8 0
179 199 670 204 0 -8 0
179 191 673 207 0 8 0
179 199 676 210 0 -8 0
179 191 679 213 0 0 0
179 191 682 216 0 -8 0
179 183 685 219 0 8 0
179 191 688 222 0 0 0
179 191 691 225 0 -8 0
179 183 694 228 0 0 0
179 183 697 231 8 0 0
187 183 700 234 0 8 0
187 191 703 237 0 -8 0
187 183 706 240 8 8 0
195 191 709 243 0 -8 0
195 183 712 246 8 0 0
203 183 715 249 0 -8 0
203 175 718 252 0 -8 0
203 167 721 255 8 -8 0
211 159 724 258 0 0 0
211 159 727 261 0 8 0
211 167 730 264 8 0 0
219 167 733 267 0 -8 0
219 159 736 270 8 -8 0
227 151 739 273 0 8 0
227 159 742 276 0 -8 0
227 151 745 279 8 8 0
235 159 748 282 0 -8 0
235 151 751 285 0 0 0
235 151 754 288 8 0 0
243 151 757 291 0 0 0
243 151 760 294 8 0 0
251 151 763 297 0 -8 0
251 143 766 300 0 -8 0
251 135 769 303 8 8 0
259 143 772 306 0 0 0
259 143 775 309 0 8 0
259 151 778 312 8 8 0
267 159 781 315 0 0 1
267 159 781 315 0 0 1
267 159 781 315 0 0 1
267 159 781 315 0 0 1
267 159 781 315 0 0 1
