395 171 355 147 0 0 0
395 171 352 150 -8 0 0
387 171 349 153 -8 0 0
379 171 346 156 -8 -8 0
371 163 343 159 -8 8 0
363 171 340 162 -8 8 0
355 179 337 165 -8 0 0
347 179 334 168 -8 0 0
339 179 331 171 -8 8 0
331 187 328 174 -8 0 0
323 187 325 177 -8 -8 0
315 179 322 180 -8 0 0
307 179 319 183 -8 0 0
299 179 316 186 -8 8 0
291 187 313 189 -8 -8 0
283 179 310 192 -8 -8 0
275 171 307 195 -8 -8 0
267 163 304 198 -8 8 0
259 171 301 201 -8 -8 0
251 163 298 204 0 8 0
251 171 295 207 0 -8 0
251 163 292 210 0 8 0
251 171 289 213 0 8 0
251 179 286 216 0 0 0
251 179 283 219 0 0 0
251 179 280 222 0 0 0
251 179 277 225 0 0 0
251 179 274 228 0 0 0
251 179 271 231 0 8 0
251 187 268 234 0 0 0
251 187 265 237 0 -8 0
251 179 262 240 0 0 0
251 179 259 243 0 -8 0
251 171 256 246 0 -8 0
251 163 253 249 0 0 0
251 163 250 252 0 -8 0
251 155 247 255 0 0 0
251 155 244 258 0 -8 0
251 147 241 261 0 8 0
251 155 238 264 0 0 0
251 155 235 267 0 0 0
251 155 232 270 0 -8 0
251 147 229 273 0 -8 0
251 139 226 276 0 8 0
251 147 223 279 0 0 0
251 147 220 282 0 0 0
251 147 217 285 0 -8 0
251 139 214 288 0 -8 0
251 131 211 291 0 0 0
251 131 208 294 0 -8 0
251 123 205 297 0 0 0
251 123 202 300 0 -8 0
251 115 199 303 8 0 0
259 115 196 306 0 0 0
259 115 193 309 0 0 0
259 115 190 312 8 0 0
267 115 187 315 0 0 0
267 115 184 318 8 8 0
275 123 181 321 0 -8 0
275 115 178 324 0 -8 0
275 107 175 327 8 0 0
283 107 172 330 0 -8 0
283 99 169 333 0 0 0
283 99 166 336 8 8 0
291 107 163 339 0 0 0
291 107 160 342 8 -8 0
299 99 157 345 0 0 0
299 99 154 348 0 -8 0
299 91 151 351 8 -8 0
307 83 148 354 0 0 0
307 83 145 357 0 -8 0
307 75 142 360 8 8 0
315 83 139 363 0 -8 0
315 75 136 366 8 8 0
323 83 133 369 0 -8 0
323 75 130 372 0 8 0
323 83 127 375 8 0 0
331 83 124 378 0 8 0
331 91 121 381 0 8 0
331 99 118 384 8 0 0
339 99 115 387 0 0 0
339 99 112 390 8 -8 0
347 91 109 393 0 8 0
347 99 106 396 0 8 0
347 107 103 399 8 8 0
355 115 100 402 0 0 0
355 115 97 405 0 8 0
355 123 94 408 8 0 0
363 123 91 411 0 0 0
363 123 88 414 8 0 0
371 123 85 417 0 0 0
371 123 82 420 0 8 0
371 131 79 423 8 -8 0
379 123 76 426 0 -8 0
379 115 73 429 0 -8 0
379 107 70 432 8 8 0
387 115 67 435 0 0 0
387 115 64 438 8 0 0
395 115 61 441 0 8 0
395 123 58 444 0 0 0
395 123 55 447 8 0 0
403 123 52 450 0 8 0
403 131 49 453 0 8 0
403 139 46 456 8 -8 0
411 131 43 459 0 8 0
411 139 40 462 8 0 0
419 139 37 465 0 8 0
419 147 34 468 0 0 0
419 147 31 471 8 8 0
427 155 28 474 0 -8 0
427 147 25 477 0 8 0
427 155 22 480 8 8 0
435 163 19 483 0 8 0
435 171 22 486 8 0 0
443 171 25 489 0 0 0
443 171 28 492 0 -8 0
443 163 31 495 8 0 0
451 163 34 498 0 -8 0
451 155 37 501 0 -8 0
451 147 40 504 8 -8 0
459 139 43 507 0 -8 0
459 131 46 510 8 0 0
467 131 49 513 0 8 0
467 139 52 516 0 0 0
467 139 55 519 8 8 0
475 147 58 522 0 -8 0
475 139 61 525 0 8 0
475 147 64 528 8 -8 0
483 139 67 531 0 8 0
483 147 70 534 8 -8 0
491 139 73 537 0 0 0
491 139 76 540 0 0 0
491 139 79 543 8 -8 0
499 131 82 546 0 8 0
499 139 85 549 0 8 0
499 147 88 552 8 -8 0
507 139 91 555 0 8 0
507 147 94 558 8 8 0
515 155 97 561 0 8 0
515 163 100 564 0 0 0
515 163 103 567 8 8 0
523 171 106 570 0 -8 0
523 163 109 573 0 8 0
523 171 112 576 8 -8 0
531 163 115 579 0 -8 0
531 155 118 582 8 8 0
539 163 121 585 0 -8 0
539 155 124 588 0 -8 0
539 147 127 591 8 -8 0
540 139 130 588 0 8 0
540 147 133 585 0 8 0
540 155 136 582 0 0 0
540 155 139 579 0 0 0
540 155 142 576 0 8 0
540 163 145 573 0 0 0
540 163 148 570 0 -8 0
540 155 151 567 0 8 0
540 163 154 564 0 0 0
540 163 157 561 0 0 0
540 163 160 558 0 8 0
540 171 163 555 0 8 0
540 179 166 552 0 0 0
540 179 169 549 0 0 0
540 179 172 546 0 -8 0
540 171 175 543 0 0 0
540 171 178 540 0 8 0
540 179 181 537 0 8 0
540 187 184 534 0 -8 0
540 179 187 531 0 0 0
540 179 190 528 0 0 0
540 179 193 525 0 -8 0
540 171 196 522 0 8 0
540 179 199 519 0 8 0
540 187 202 516 0 -8 0
540 179 205 513 0 8 0
540 187 208 510 0 8 0
540 195 211 507 0 -8 0
540 187 214 504 0 -8 0
540 179 217 501 0 0 0
540 179 220 498 0 8 0
540 187 223 495 0 -8 0
540 179 226 492 0 8 0
540 187 229 489 -8 8 0
532 195 232 486 0 0 0
532 195 235 483 0 0 0
532 195 238 480 -8 8 0
524 203 241 477 0 0 0
524 203 244 474 0 0 0
524 203 247 471 -8 8 0
516 211 250 468 0 0 0
516 211 253 465 -8 -8 0
508 203 256 462 0 -8 0
508 195 259 459 0 -8 0
508 187 262 456 -8 8 0
500 195 265 453 0 8 0
500 203 268 450 0 0 0
500 203 271 447 -8 -8 0
492 195 274 444 0 8 0
492 203 277 441 -8 0 0
484 203 280 438 0 8 0
484 211 283 435 0 8 0
484 219 286 432 -8 8 0
476 227 289 429 0 0 0
476 227 292 426 0 8 0
476 235 295 423 -8 -8 0
468 227 298 420 0 0 0
468 227 301 417 -8 0 0
460 227 304 414 0 8 0
460 235 307 411 0 -8 0
460 227 310 408 -8 8 0
452 235 313 405 0 8 0
452 243 316 402 0 -8 0
452 235 319 399 -8 -8 0
444 227 322 396 0 0 0
444 227 325 393 -8 8 0
436 235 328 390 0 8 0
436 243 331 387 0 0 0
436 243 334 384 -8 -8 0
428 235 337 381 0 8 0
428 243 340 378 0 8 0
428 251 343 375 -8 -8 0
420 243 346 372 0 8 0
420 251 349 369 -8 -8 0
412 243 352 366 0 0 0
412 243 355 363 0 -8 0
412 235 358 360 -8 0 0
404 235 361 357 0 -8 0
404 227 364 354 0 -8 0
404 219 367 351 -8 0 0
396 219 370 348 0 8 0
396 227 373 345 -8 0 0
388 227 376 342 0 8 0
388 235 379 339 0 0 0
388 235 382 336 -8 -8 0
380 227 385 333 0 8 0
380 235 388 330 0 0 0
380 235 391 327 -8 0 0
372 235 394 324 0 8 0
372 243 397 321 -8 0 0
364 243 400 318 0 8 0
364 251 403 315 0 -8 0
364 243 406 312 -8 0 0
356 243 409 309 0 -8 0
356 235 412 306 0 -8 0
356 227 415 303 -8 -8 0
348 219 418 300 0 0 0
348 219 421 297 -8 0 0
340 219 424 294 0 0 0
340 219 427 291 0 8 0
340 227 430 288 -8 8 0
332 235 433 285 0 0 0
332 235 436 282 0 0 0
332 235 439 279 -8 8 0
324 243 442 276 0 -8 0
324 235 445 273 -8 -8 0
316 227 448 270 0 0 0
316 227 451 267 0 -8 0
316 219 454 264 -8 -8 0
308 211 457 261 0 -8 0
308 203 460 258 0 0 0
308 203 463 255 -8 0 0
300 203 466 252 0 8 0
300 211 469 249 -8 0 0
292 211 472 246 0 -8 0
292 203 475 243 0 0 0
292 203 478 240 -8 0 0
284 203 481 237 0 0 0
284 203 484 234 0 -8 0
284 195 487 231 -8 8 0
276 203 490 228 0 -8 0
276 195 493 225 -8 8 0
268 203 496 222 0 0 0
268 203 499 219 0 -8 0
268 195 502 216 -8 0 0
260 195 505 213 0 8 0
260 203 508 210 0 8 0
260 211 511 207 -8 0 0
252 211 514 204 0 -8 0
252 203 517 201 -8 8 0
244 211 520 198 0 -8 0
244 203 523 195 0 -8 0
244 195 526 192 -8 -8 0
236 187 529 189 0 8 0
236 195 532 186 0 8 0
236 203 535 183 -8 0 0
228 203 538 180 0 -8 0
228 195 541 177 -8 0 0
220 195 544 174 0 -8 0
220 187 547 171 0 0 0
220 187 550 168 -8 8 0
212 195 553 165 0 0 0
212 195 556 162 0 -8 0
212 187 559 159 -8 -8 0
204 179 562 156 0 8 0
204 187 565 153 -8 -8 0
196 179 568 150 0 0 0
196 179 571 147 0 -8 0
196 171 574 144 -8 -8 0
188 163 577 141 0 8 0
188 171 580 138 0 8 0
188 179 583 135 -8 8 0
180 187 586 132 0 -8 0
180 179 589 129 -8 8 0
172 187 592 126 0 -8 0
172 179 595 123 0 0 0
172 179 598 120 -8 8 0
164 187 601 117 0 0 0
164 187 604 114 0 -8 0
164 179 607 111 -8 -8 0
156 171 610 108 0 -8 0
156 163 613 105 -8 8 0
148 171 616 102 0 -8 0
148 163 619 99 0 8 0
148 171 622 96 -8 8 0
140 179 625 93 0 -8 0
140 171 628 90 0 0 0
140 171 631 87 -8 0 0
132 171 634 84 0 -8 0
132 163 637 81 -8 0 0
124 163 640 78 0 8 0
124 171 643 75 0 -8 0
124 163 646 72 -8 -8 0
116 155 649 69 0 0 0
116 155 652 66 0 -8 0
116 147 655 63 -8 -8 0
108 139 658 60 0 0 0
108 139 661 57 -8 8 0
100 147 664 54 0 -8 0
100 139 667 51 0 0 0
100 139 670 48 -8 0 0
92 139 673 45 0 0 0
92 139 676 42 0 8 0
92 147 679 39 -8 -8 0
84 139 682 36 0 0 0
84 139 685 33 -8 8 0
76 147 688 30 0 8 0
76 155 691 27 0 -8 0
76 147 694 24 -8 -8 0
68 139 697 21 0 0 0
68 139 700 18 0 0 0
68 139 703 15 -8 8 0
60 147 706 12 0 -8 0
60 139 709 9 -8 0 0
60 139 712 12 0 -8 0
60 131 715 15 0 -8 0
60 123 718 18 0 8 0
60 131 721 21 0 0 0
60 131 724 24 0 0 0
60 131 727 27 0 -8 0
60 123 730 30 0 0 0
60 123 733 33 0 -8 0
60 115 736 36 0 -8 0
60 107 739 39 0 0 0
60 107 742 42 0 0 0
60 107 745 45 0 8 0
60 115 748 48 0 -8 0
60 107 751 51 0 8 0
60 115 754 54 0 8 0
60 123 757 57 0 0 0
60 123 760 60 0 -8 0
60 115 763 63 0 -8 0
60 107 766 66 0 0 0
60 107 769 69 0 8 0
60 115 772 72 0 0 0
60 115 775 75 0 0 0
60 115 778 78 0 -8 0
60 107 781 81 0 0 0
60 107 778 84 0 8 0
60 115 775 87 0 8 0
60 123 772 90 0 -8 0
60 115 769 93 0 -8 0
60 107 766 96 0 8 0
60 115 763 99 0 8 0
60 123 760 102 0 0 0
60 123 757 105 0 0 0
60 123 754 108 0 8 0
60 131 751 111 8 8 0
68 139 748 114 0 8 0
68 147 745 117 0 -8 0
68 139 742 120 8 -8 0
76 131 739 123 0 8 0
76 139 736 126 0 0 0
76 139 733 129 8 0 0
84 139 730 132 0 -8 0
84 131 727 135 8 -8 0
92 123 724 138 0 8 0
92 131 721 141 0 -8 0
92 123 718 144 8 -8 0
100 115 715 147 0 8 0
100 123 712 150 0 0 0
100 123 709 153 8 8 0
108 131 706 156 0 8 0
108 139 703 159 8 -8 0
116 131 700 162 0 0 0
116 131 697 165 0 -8 0
116 123 694 168 8 8 0
124 131 691 171 0 0 0
124 131 688 174 0 0 0
124 131 685 177 8 8 0
132 139 682 180 0 8 0
132 147 679 183 8 8 0
140 155 676 186 0 0 0
140 155 673 189 0 8 0
140 163 670 192 8 0 0
148 163 667 195 0 -8 0
148 155 664 198 0 8 0
148 163 661 201 8 0 0
156 163 658 204 0 0 0
156 163 655 207 8 -8 0
164 155 652 210 0 -8 0
164 147 649 213 0 8 0
164 155 646 216 8 8 0
172 163 643 219 0 8 0
172 171 640 222 0 8 0
172 179 637 225 8 8 0
180 187 634 228 0 -8 0
180 179 631 231 8 -8 0
188 171 628 234 0 0 0
188 171 625 237 0 0 0
188 171 622 240 8 0 0
196 171 619 243 0 0 0
196 171 616 246 0 0 0
196 171 613 249 8 0 0
204 171 610 252 0 0 0
204 171 607 255 8 -8 0
212 163 604 258 0 -8 0
212 155 601 261 0 0 0
212 155 598 264 8 8 0
220 163 595 267 0 -8 0
220 155 592 270 0 -8 0
220 147 589 273 8 8 0
228 155 586 276 0 0 0
228 155 583 279 8 8 0
236 163 580 282 0 0 0
236 163 577 285 0 8 0
236 171 574 288 8 8 0
244 179 571 291 0 8 0
244 187 568 294 0 -8 0
244 179 565 297 8 0 0
252 179 562 300 0 8 0
252 187 559 303 8 8 0
260 195 556 306 0 -8 0
260 187 553 309 0 8 0
260 195 550 312 8 8 0
268 203 547 315 0 0 0
268 203 544 318 0 8 0
268 211 541 321 8 -8 0
276 203 538 324 0 8 0
276 211 535 327 8 0 0
284 211 532 330 0 0 0
284 211 529 333 0 -8 0
284 203 526 336 8 0 0
292 203 523 339 0 0 0
292 203 520 342 0 -8 0
292 195 517 345 8 0 0
300 195 514 348 0 -8 0
300 187 511 351 8 8 0
308 195 508 354 0 8 0
308 203 505 357 0 0 0
308 203 502 360 8 0 0
316 203 499 363 0 8 0
316 211 496 366 0 8 0
316 219 493 369 8 8 0
324 227 490 372 0 -8 0
324 219 487 375 8 0 0
332 219 484 378 0 8 0
332 227 481 381 0 8 0
332 235 478 384 8 8 0
340 243 475 387 0 -8 0
340 235 472 390 0 0 0
340 235 469 393 8 0 0
348 235 466 396 0 0 0
348 235 463 399 8 0 0
356 235 460 402 0 -8 0
356 227 457 405 0 8 0
356 235 454 408 8 -8 0
364 227 451 411 0 8 0
364 235 448 414 0 8 0
364 243 445 417 8 -8 0
372 235 442 420 0 8 0
372 243 439 423 8 -8 0
380 235 436 426 0 0 0
380 235 433 429 0 0 0
380 235 430 432 8 -8 0
388 227 427 435 0 -8 0
388 219 424 438 0 -8 0
388 211 421 441 8 0 0
396 211 418 444 0 8 0
396 219 415 447 8 0 0
404 219 412 450 0 -8 0
404 211 409 453 0 -8 0
404 203 406 456 8 0 0
412 203 403 459 0 0 0
412 203 400 462 0 0 0
412 203 397 465 8 0 0
420 203 394 468 0 8 0
420 211 391 471 8 8 0
428 219 388 474 0 8 0
428 227 385 477 0 0 0
428 227 382 480 8 -8 0
436 219 379 483 0 8 0
436 227 376 486 0 0 0
436 227 373 489 8 -8 0
444 219 370 492 0 -8 0
444 211 367 495 8 8 0
452 219 364 498 0 8 0
452 227 361 501 0 8 0
452 235 358 504 8 0 0
460 235 355 507 0 0 0
460 235 352 510 0 0 0
460 235 349 513 8 0 0
468 235 346 516 0 -8 0
468 227 343 519 8 -8 0
476 219 340 522 0 -8 0
476 211 337 525 0 8 0
476 219 334 528 8 8 0
484 227 331 531 0 -8 0
484 219 328 534 0 8 0
484 227 325 537 8 8 0
492 235 322 540 0 8 0
492 243 319 543 8 8 0
500 251 316 546 0 8 0
500 259 313 549 0 0 0
500 259 310 552 8 8 0
508 267 307 555 0 -8 0
508 259 304 558 0 8 0
508 267 301 561 8 8 0
516 275 298 564 0 0 0
516 275 295 567 8 -8 0
524 267 292 570 0 -8 0
524 259 289 573 0 8 0
524 267 286 576 8 0 0
532 267 283 579 0 0 0
532 267 280 582 0 -8 0
532 259 277 585 8 0 0
540 259 274 588 0 -8 0
540 251 271 591 8 0 0
540 251 268 588 0 0 0
540 251 265 585 0 8 0
540 259 262 582 0 -8 0
540 251 259 579 0 8 0
540 259 256 576 0 8 0
540 267 253 573 0 0 0
540 267 250 570 0 0 0
540 267 247 567 0 8 0
540 275 244 564 0 0 0
540 275 241 561 0 8 0
540 283 238 558 0 8 0
540 291 235 555 0 0 0
540 291 232 552 0 0 0
540 291 229 549 0 -8 0
540 283 226 546 0 8 0
540 291 223 543 0 0 0
540 291 220 540 0 0 0
540 291 217 537 0 8 0
540 299 214 534 0 8 0
540 307 211 531 0 0 0
540 307 208 528 0 -8 0
540 299 205 525 0 0 0
540 299 202 522 0 -8 0
540 291 199 519 0 8 0
540 299 196 516 0 0 0
540 299 193 513 0 0 0
540 299 190 510 0 0 0
540 299 187 507 0 0 0
540 299 184 504 0 -8 0
540 291 181 501 0 -8 0
540 283 178 498 0 0 0
540 283 175 495 0 0 0
540 283 172 492 0 0 0
540 283 169 489 -8 -8 0
532 275 166 486 0 0 0
532 275 163 483 0 0 0
532 275 160 480 -8 8 0
524 283 157 477 0 8 0
524 291 154 474 0 -8 0
524 283 151 471 -8 0 0
516 283 148 468 0 8 0
516 291 145 465 -8 -8 0
508 283 142 462 0 8 0
508 291 139 459 0 0 0
508 291 136 456 -8 8 0
500 299 133 453 0 8 0
500 307 130 450 0 8 0
500 315 127 447 -8 -8 0
492 307 124 444 0 8 0
492 315 121 441 -8 8 0
484 323 118 438 0 8 0
484 331 115 435 0 -8 0
484 323 112 432 -8 0 0
476 323 109 429 0 0 0
476 323 106 426 0 0 0
476 323 103 423 -8 -8 0
468 315 100 420 0 0 0
468 315 97 417 -8 -8 0
460 307 94 414 0 0 0
460 307 91 411 0 8 0
460 315 88 408 -8 0 0
452 315 85 405 0 0 0
452 315 82 402 0 8 0
452 323 79 399 -8 8 0
444 331 76 396 0 8 0
444 339 73 393 -8 0 0
436 339 70 390 0 -8 0
436 331 67 387 0 0 0
436 331 64 384 -8 -8 0
428 323 61 381 0 8 0
428 331 58 378 0 -8 0
428 323 55 375 -8 -8 0
420 315 52 372 0 0 0
420 315 49 369 -8 8 0
412 323 46 366 0 -8 0
412 315 43 363 0 8 0
412 323 40 360 -8 -8 0
404 315 37 357 0 0 0
404 315 34 354 0 8 0
404 323 31 351 -8 -8 0
396 315 28 348 0 8 0
396 323 25 345 -8 8 0
388 331 22 342 0 -8 0
388 323 19 339 0 0 0
388 323 22 336 -8 0 0
380 323 25 333 0 -8 0
380 315 28 330 0 -8 0
380 307 31 327 -8 0 0
372 307 34 324 0 8 0
372 315 37 321 -8 -8 0
364 307 40 318 0 8 0
364 315 43 315 0 0 0
364 315 46 312 -8 0 0
356 315 49 309 0 8 0
356 323 52 306 0 8 0
356 331 55 303 -8 -8 0
348 323 58 300 0 8 0
348 331 61 297 -8 -8 0
340 323 64 294 0 0 0
340 323 67 291 0 0 0
340 323 70 288 -8 -8 0
332 315 73 285 0 0 0
332 315 76 282 0 0 0
332 315 79 279 -8 -8 0
324 307 82 276 0 0 0
324 307 85 273 -8 -8 0
316 299 88 270 0 0 0
316 299 91 267 0 -8 0
316 291 94 264 -8 8 0
308 299 97 261 0 -8 0
308 291 100 258 0 0 0
308 291 103 255 -8 8 0
300 299 106 252 0 8 0
300 307 109 249 -8 8 0
292 315 112 246 0 8 0
292 323 115 243 0 -8 0
292 315 118 240 -8 -8 0
284 307 121 237 0 0 0
284 307 124 234 0 -8 0
284 299 127 231 -8 0 0
276 299 130 228 0 -8 0
276 291 133 225 -8 0 0
268 291 136 222 0 0 0
268 291 139 219 0 -8 0
268 283 142 216 -8 -8 0
260 275 145 213 0 8 0
260 283 148 210 0 0 0
260 283 151 207 -8 8 0
252 291 154 204 0 0 0
252 291 157 201 -8 8 0
244 299 160 198 0 -8 0
244 291 163 195 0 -8 0
244 283 166 192 -8 8 0
236 291 169 189 0 0 0
236 291 172 186 0 -8 0
236 283 175 183 -8 -8 0
228 275 178 180 0 8 0
228 283 181 177 -8 8 0
220 291 184 174 0 8 0
220 299 187 171 0 -8 0
220 291 190 168 -8 8 0
212 299 193 165 0 -8 0
212 291 196 162 0 -8 0
212 283 199 159 -8 8 0
204 291 202 156 0 0 0
204 291 205 153 -8 8 0
196 299 208 150 0 0 0
196 299 211 147 0 8 0
196 307 214 144 -8 -8 0
188 299 217 141 0 -8 0
188 291 220 138 0 0 0
188 291 223 135 -8 0 0
180 291 226 132 0 8 0
180 299 229 129 -8 8 0
172 307 232 126 0 0 0
172 307 235 123 0 8 0
172 315 238 120 -8 8 0
164 323 241 117 0 0 0
164 323 244 114 0 0 0
164 323 247 111 -8 8 0
156 331 250 108 0 8 0
156 339 253 105 -8 0 0
148 339 256 102 0 0 0
148 339 259 99 0 0 0
148 339 262 96 -8 0 0
140 339 265 93 0 8 0
140 347 268 90 0 8 0
140 355 271 87 -8 0 0
132 355 274 84 0 -8 0
132 347 277 81 -8 0 0
124 347 280 78 0 -8 0
124 339 283 75 0 8 0
124 347 286 72 -8 8 0
116 355 289 69 0 0 0
116 355 292 66 0 -8 0
116 347 295 63 -8 -8 0
108 339 298 60 0 8 0
108 347 301 57 -8 8 0
100 355 304 54 0 -8 0
100 347 307 51 0 0 0
100 347 310 48 -8 8 0
92 355 313 45 0 -8 0
92 347 316 42 0 8 0
92 355 319 39 -8 8 0
84 363 322 36 0 -8 0
84 355 325 33 -8 8 0
76 363 328 30 0 0 0
76 363 331 27 0 0 0
76 363 334 24 -8 -8 0
68 355 337 21 0 8 0
68 363 340 18 0 -8 0
68 355 343 15 -8 8 0
60 363 346 12 0 -8 0
60 355 349 9 -8 -8 0
60 347 352 12 0 0 0
60 347 355 15 0 8 0
60 355 358 18 0 0 0
60 355 361 21 0 0 0
60 355 364 24 0 8 0
60 363 367 27 0 0 0
60 363 370 30 0 0 0
60 363 373 33 0 -8 0
60 355 376 36 0 8 0
60 363 379 39 0 -8 0
60 355 382 42 0 0 0
60 355 385 45 0 0 0
60 355 388 48 0 0 0
60 355 391 51 0 0 0
60 355 394 54 0 8 0
60 363 397 57 0 0 0
60 363 400 60 0 -8 0
60 355 403 63 0 8 0
60 363 406 66 0 8 0
60 371 409 69 0 -8 0
60 363 412 72 0 8 0
60 371 415 75 0 0 0
60 371 418 78 0 -8 0
60 363 421 81 0 0 0
60 363 424 84 0 -8 0
60 355 427 87 0 8 0
60 363 430 90 0 -8 0
60 355 433 93 0 -8 0
60 347 436 96 0 8 0
60 355 439 99 0 -8 0
60 347 442 102 0 0 0
60 347 445 105 0 -8 0
60 339 448 108 0 8 0
60 347 451 111 8 -8 0
68 339 454 114 0 0 0
68 339 457 117 0 8 0
68 347 460 120 8 0 0
76 347 463 123 0 8 0
76 355 466 126 0 8 0
76 363 469 129 8 0 0
84 363 472 132 0 0 0
84 363 475 135 8 -8 0
92 355 478 138 0 -8 0
92 347 481 141 0 -8 0
92 339 484 144 8 -8 0
100 331 487 147 0 8 0
100 339 490 150 0 0 0
100 339 493 153 8 8 0
108 347 496 156 0 0 0
108 347 499 159 8 -8 0
116 339 502 162 0 -8 0
116 331 505 165 0 0 0
116 331 508 168 8 0 0
124 331 511 171 0 -8 0
124 323 514 174 0 8 0
124 331 517 177 8 -8 0
132 323 520 180 0 0 0
132 323 523 183 8 8 0
140 331 526 186 0 0 0
140 331 529 189 0 -8 0
140 323 532 192 8 8 0
148 331 535 195 0 8 0
148 339 538 198 0 8 0
148 347 541 201 8 0 0
156 347 544 204 0 8 0
156 355 547 207 8 8 0
164 363 550 210 0 -8 0
164 355 553 213 0 0 0
164 355 556 216 8 -8 0
172 347 559 219 0 -8 0
172 339 562 222 0 0 0
172 339 565 225 8 -8 0
180 331 568 228 0 0 0
180 331 571 231 8 -8 0
188 323 574 234 0 8 0
188 331 577 237 0 8 0
188 339 580 240 8 -8 0
196 331 583 243 0 -8 0
196 323 586 246 0 8 0
196 331 589 249 8 0 0
204 331 592 252 0 -8 0
204 323 595 255 8 -8 0
212 315 598 258 0 8 0
212 323 601 261 0 8 0
212 331 604 264 8 8 0
220 339 607 267 0 -8 0
220 331 610 270 0 8 0
220 339 613 273 8 8 0
228 347 616 276 0 8 0
228 355 619 279 8 -8 0
236 347 622 282 0 -8 0
236 339 625 285 0 0 0
236 339 628 288 8 8 0
244 347 631 291 0 0 0
244 347 634 294 0 0 0
244 347 637 297 8 8 0
252 355 640 300 0 8 0
252 363 643 303 8 0 0
260 363 646 306 0 -8 0
260 355 649 309 0 0 0
260 355 652 312 8 -8 0
268 347 655 315 0 0 0
268 347 658 318 0 0 0
268 347 661 321 8 -8 0
276 339 664 324 0 -8 0
276 331 667 327 8 -8 0
284 323 670 330 0 -8 0
284 315 673 333 0 8 0
284 323 676 336 8 0 0
292 323 679 339 0 8 0
292 331 682 342 0 -8 0
292 323 685 345 8 0 0
300 323 688 348 0 0 0
300 323 691 351 8 0 0
308 323 694 354 0 8 0
308 331 697 357 0 0 0
308 331 700 360 8 -8 0
316 323 703 363 0 8 0
316 331 706 366 0 8 0
316 339 709 369 8 8 0
324 347 712 372 0 -8 0
324 339 715 375 8 -8 0
332 331 718 378 0 0 0
332 331 721 381 0 0 0
332 331 724 384 8 0 0
340 331 727 387 0 8 0
340 339 730 390 0 8 0
340 347 733 393 8 8 0
348 355 736 396 0 8 0
348 363 739 399 8 -8 0
356 355 742 402 0 8 0
356 363 745 405 0 8 0
356 371 748 408 8 8 0
364 379 751 411 0 8 0
364 387 754 414 0 -8 0
364 379 757 417 8 -8 0
372 371 760 420 0 8 0
372 379 763 423 8 8 0
380 387 766 426 0 -8 0
380 379 769 429 0 0 0
380 379 772 432 8 8 0
388 387 775 435 0 -8 0
388 379 778 438 0 8 0
388 387 781 441 0 0 1
388 387 781 441 0 0 1
388 387 781 441 0 0 1
388 387 781 441 0 0 1
388 387 781 441 0 0 1
