240 512 589 381 0 0 0
240 512 586 378 8 8 0
248 520 583 375 8 8 0
256 528 580 372 8 8 0
264 536 577 369 8 8 0
272 540 574 366 8 8 0
280 540 571 363 8 8 0
288 540 568 360 8 8 0
296 540 565 357 8 0 0
304 540 562 354 0 0 0
304 540 559 351 0 -8 0
304 532 556 348 0 -8 0
304 524 553 345 0 8 0
304 532 550 342 0 8 0
304 540 547 339 0 8 0
304 540 544 336 0 8 0
304 540 541 333 0 8 0
304 540 538 330 0 8 0
304 540 535 327 0 -8 0
304 532 532 324 0 8 0
304 540 529 321 0 8 0
304 540 526 318 0 -8 0
304 532 523 315 0 8 0
304 540 520 312 0 8 0
304 540 517 309 0 0 0
304 540 514 306 0 -8 0
304 532 511 303 0 8 0
304 540 508 300 0 8 0
304 540 505 297 0 0 0
304 540 502 294 0 0 0
304 540 499 291 0 0 0
304 540 496 288 0 -8 0
304 532 493 285 0 0 0
304 532 490 282 0 0 0
304 532 487 279 0 8 0
304 540 484 276 0 0 0
304 540 481 273 0 0 0
304 540 478 270 0 -8 0
304 532 475 267 0 -8 0
304 524 472 264 0 8 0
304 532 469 261 0 8 0
304 540 466 258 0 8 0
304 540 463 255 0 0 0
304 540 460 252 -8 0 0
296 540 457 249 0 -8 0
296 532 454 246 0 8 0
296 540 451 243 -8 0 0
288 540 448 240 0 8 0
288 540 445 237 -8 -8 0
280 532 442 234 0 -8 0
280 524 439 231 0 -8 0
280 516 436 228 -8 0 0
272 516 433 225 0 8 0
272 524 430 222 0 8 0
272 532 427 219 -8 -8 0
264 524 424 216 0 0 0
264 524 421 213 -8 8 0
256 532 418 210 0 0 0
256 532 415 207 0 8 0
256 540 412 204 -8 0 0
248 540 409 201 0 -8 0
248 532 406 198 0 -8 0
248 524 403 195 -8 0 0
240 524 400 192 0 0 0
240 524 397 189 -8 -8 0
232 516 394 186 0 8 0
232 524 391 183 0 8 0
232 532 388 180 -8 8 0
224 540 385 177 0 -8 0
224 532 382 174 0 0 0
224 532 379 171 -8 8 0
216 540 376 168 0 0 0
216 540 373 165 -8 0 0
208 540 370 162 0 0 0
208 540 367 159 0 -8 0
208 532 364 156 -8 -8 0
200 524 361 153 0 0 0
200 524 358 150 0 0 0
200 524 355 147 -8 0 0
192 524 352 144 0 -8 0
192 516 349 141 -8 -8 0
184 508 346 138 0 8 0
184 516 343 135 0 -8 0
184 508 340 132 -8 -8 0
176 500 337 129 0 8 0
176 508 334 126 0 8 0
176 516 331 123 -8 8 0
168 524 328 120 0 8 0
168 532 325 117 -8 -8 0
160 524 322 114 0 0 0
160 524 319 111 0 0 0
160 524 316 108 -8 0 0
152 524 313 105 0 -8 0
152 516 310 102 0 0 0
152 516 307 99 -8 0 0
144 516 304 96 0 -8 0
144 508 301 93 -8 8 0
136 516 298 90 0 8 0
136 524 295 87 0 8 0
136 532 292 84 -8 0 0
128 532 289 81 0 8 0
128 540 286 78 0 8 0
128 540 283 75 -8 0 0
120 540 280 72 0 0 0
120 540 277 69 -8 -8 0
112 532 274 66 0 0 0
112 532 271 63 0 -8 0
112 524 268 60 -8 -8 0
104 516 265 57 0 0 0
104 516 262 54 0 0 0
104 516 259 51 -8 8 0
96 524 256 48 0 -8 0
96 516 253 45 -8 0 0
88 516 250 42 0 8 0
88 524 247 39 0 0 0
88 524 244 36 -8 8 0
80 532 241 33 0 8 0
80 540 238 30 0 -8 0
80 532 235 27 -8 -8 0
72 524 232 24 0 8 0
72 532 229 21 -8 0 0
64 532 226 18 0 8 0
64 540 223 15 0 0 0
64 540 220 12 -8 0 0
60 540 217 9 -8 8 0
60 540 214 12 0 -8 0
60 532 211 15 0 0 0
60 532 208 18 0 -8 0
60 524 205 21 0 8 0
60 532 202 24 0 -8 0
60 524 199 27 0 -8 0
60 516 196 30 0 8 0
60 524 193 33 0 8 0
60 532 190 36 0 8 0
60 540 187 39 0 0 0
60 540 184 42 0 0 0
60 540 181 45 0 -8 0
60 532 178 48 0 8 0
60 540 175 51 0 8 0
60 540 172 54 0 0 0
60 540 169 57 0 8 0
60 540 166 60 0 -8 0
60 532 163 63 0 8 0
60 540 160 66 0 0 0
60 540 157 69 0 -8 0
60 532 154 72 0 0 0
60 532 151 75 0 8 0
60 540 148 78 0 0 0
60 540 145 81 0 8 0
60 540 142 84 0 0 0
60 540 139 87 0 8 0
60 540 136 90 0 -8 0
60 532 133 93 0 -8 0
60 524 130 96 0 8 0
60 532 127 99 0 8 0
60 540 124 102 0 -8 0
60 532 121 105 0 8 0
60 540 118 108 0 -8 0
60 532 115 111 8 0 0
68 532 112 114 0 0 0
68 532 109 117 0 8 0
68 540 106 120 8 -8 0
76 532 103 123 0 0 0
76 532 100 126 0 0 0
76 532 97 129 8 0 0
84 532 94 132 0 -8 0
84 524 91 135 8 0 0
92 524 88 138 0 -8 0
92 516 85 141 0 0 0
92 516 82 144 8 8 0
100 524 79 147 0 8 0
100 532 76 150 0 8 0
100 540 73 153 8 8 0
108 540 70 156 0 -8 0
108 532 67 159 8 8 0
116 540 64 162 0 8 0
116 540 61 165 0 0 0
116 540 58 168 8 0 0
124 540 55 171 0 0 0
124 540 52 174 0 8 0
124 540 49 177 8 0 0
132 540 46 180 0 8 0
132 540 43 183 8 -8 0
140 532 40 186 0 -8 0
140 524 37 189 0 0 0
140 524 34 192 8 -8 0
148 516 31 195 0 -8 0
148 508 28 198 0 8 0
148 516 25 201 8 0 0
156 516 22 204 0 -8 0
156 508 19 207 0 0 1
156 508 19 207 0 0 1
156 508 19 207 0 0 1
156 508 19 207 0 0 1
156 508 19 207 0 0 1
