456 511 187 243 0 0 0
456 511 184 240 -8 0 0
448 511 181 237 -8 8 0
440 519 178 234 -8 -8 0
432 511 175 231 -8 -8 0
424 503 172 228 -8 0 0
416 503 169 225 -8 8 0
408 511 166 222 -8 8 0
400 519 163 219 -8 0 0
392 519 160 216 -8 8 0
384 527 157 213 -8 -8 0
376 519 154 210 -8 0 0
368 519 151 207 -8 0 0
360 519 148 204 -8 8 0
352 527 145 201 -8 -8 0
344 519 142 198 -8 0 0
336 519 139 195 -8 0 0
328 519 136 192 -8 8 0
320 527 133 189 -8 8 0
312 535 130 186 -8 0 0
304 535 127 183 -8 8 0
296 540 124 180 -8 8 0
288 540 121 177 -8 8 0
280 540 118 174 -8 -8 0
272 532 115 171 -8 8 0
264 540 112 168 -8 -8 0
256 532 109 165 -8 -8 0
248 524 106 162 -8 8 0
240 532 103 159 -8 8 0
232 540 100 156 -8 0 0
224 540 97 153 -8 0 0
216 540 94 150 -8 -8 0
208 532 91 147 -8 0 0
200 532 88 144 -8 0 0
192 532 85 141 -8 -8 0
184 524 82 138 0 8 0
184 532 79 135 0 8 0
184 540 76 132 -8 -8 0
176 532 73 129 0 0 0
176 532 70 126 0 8 0
176 540 67 123 -8 0 0
168 540 64 120 0 -8 0
168 532 61 117 -8 8 0
160 540 58 114 0 -8 0
160 532 55 111 0 -8 0
160 524 52 108 -8 8 0
152 532 49 105 0 -8 0
152 524 46 102 0 0 0
152 524 43 99 -8 0 0
144 524 40 96 0 8 0
144 532 37 93 -8 8 0
136 540 34 90 0 0 0
136 540 31 87 0 -8 0
136 532 28 84 -8 8 0
128 540 25 81 0 8 0
128 540 22 78 0 -8 0
128 532 19 75 0 0 1
128 532 19 75 0 0 1
128 532 19 75 0 0 1
128 532 19 75 0 0 1
128 532 19 75 0 0 1
