163 536 397 366 0 0 0
163 536 400 363 8 0 0
171 536 403 360 8 8 0
179 540 406 357 8 8 0
187 540 409 354 8 8 0
195 540 412 351 8 0 0
203 540 415 348 8 0 0
211 540 418 345 8 8 0
219 540 421 342 8 8 0
227 540 424 339 8 8 0
235 540 427 336 8 -8 0
243 532 430 333 8 0 0
251 532 433 330 8 0 0
259 532 436 327 8 8 0
267 540 439 324 8 8 0
275 540 442 321 0 8 0
275 540 445 318 0 -8 0
275 532 448 315 0 0 0
275 532 451 312 0 0 0
275 532 454 309 0 8 0
275 540 457 306 0 8 0
275 540 460 303 0 -8 0
275 532 463 300 0 0 0
275 532 466 297 0 -8 0
275 524 469 294 0 0 0
275 524 472 291 0 -8 0
275 516 475 288 0 -8 0
275 508 478 285 0 8 0
275 516 481 282 0 8 0
275 524 484 279 0 -8 0
275 516 487 276 0 0 0
275 516 490 273 0 -8 0
275 508 493 270 0 -8 0
275 500 496 267 0 -8 0
275 492 499 264 0 -8 0
275 484 502 261 0 0 0
275 484 505 258 0 -8 0
275 476 508 255 0 -8 0
275 468 511 252 0 8 0
275 476 514 249 0 -8 0
275 468 517 246 0 8 0
275 476 520 243 0 -8 0
275 468 523 240 0 -8 0
275 460 526 237 0 8 0
275 468 529 234 0 8 0
275 476 532 231 0 8 0
275 484 535 228 0 0 0
275 484 538 225 0 -8 0
275 476 541 222 -8 8 0
267 484 544 219 0 -8 0
267 476 547 216 -8 8 0
259 484 550 213 0 -8 0
259 476 553 210 0 8 0
259 484 556 207 -8 -8 0
251 476 559 204 0 8 0
251 484 562 201 0 8 0
251 492 565 198 -8 -8 0
243 484 568 195 0 0 0
243 484 571 192 -8 8 0
235 492 574 189 0 0 0
235 492 577 186 0 -8 0
235 484 580 183 -8 0 0
227 484 583 180 0 -8 0
227 476 586 177 0 8 0
227 484 589 174 -8 8 0
219 492 592 171 0 -8 0
219 484 595 168 -8 8 0
211 492 598 165 0 -8 0
211 484 601 162 0 8 0
211 492 604 159 -8 -8 0
203 484 607 156 0 0 0
203 484 610 153 0 8 0
203 492 613 150 -8 -8 0
195 484 616 147 0 8 0
195 492 619 144 -8 8 0
187 500 622 141 0 -8 0
187 492 625 138 0 -8 0
187 484 628 135 -8 0 0
179 484 631 132 0 8 0
179 492 634 129 0 -8 0
179 484 637 126 -8 -8 0
171 476 640 123 0 8 0
171 484 643 120 -8 -8 0
163 476 646 117 0 -8 0
163 468 649 114 0 8 0
163 476 652 111 -8 -8 0
155 468 655 108 0 -8 0
155 460 658 105 0 0 0
155 460 661 102 -8 0 0
147 460 664 99 0 -8 0
147 452 667 96 -8 8 0
139 460 670 93 0 -8 0
139 452 673 90 0 0 0
139 452 676 87 -8 -8 0
131 444 679 84 0 -8 0
131 436 682 81 0 8 0
131 444 685 78 -8 -8 0
123 436 688 75 0 -8 0
123 428 691 72 -8 8 0
115 436 694 69 0 8 0
115 444 697 66 0 0 0
115 444 700 63 -8 -8 0
107 436 703 60 0 0 0
107 436 706 57 0 8 0
107 444 709 54 -8 0 0
99 444 712 51 0 -8 0
99 436 715 48 -8 0 0
91 436 718 45 0 -8 0
91 428 721 42 0 0 0
91 428 724 39 -8 8 0
83 436 727 36 0 -8 0
83 428 730 33 0 0 0
83 428 733 30 -8 0 0
75 428 736 27 0 0 0
75 428 739 24 -8 0 0
67 428 742 21 0 -8 0
67 420 745 18 0 8 0
67 428 748 15 -8 -8 0
60 420 751 12 0 8 0
60 428 754 9 -8 0 0
60 428 757 12 0 -8 0
60 420 760 15 0 -8 0
60 412 763 18 0 0 0
60 412 766 21 0 -8 0
60 404 769 24 0 -8 0
60 396 772 27 0 -8 0
60 388 775 30 0 8 0
60 396 778 33 0 0 0
60 396 781 36 0 0 1
60 396 781 36 0 0 1
60 396 781 36 0 0 1
60 396 781 36 0 0 1
60 396 781 36 0 0 1
