379 296 625 228 0 0 0
379 296 628 231 -8 8 0
371 304 631 234 -8 -8 0
363 296 634 237 -8 8 0
355 304 637 240 -8 0 0
347 304 640 243 -8 0 0
339 304 643 246 -8 8 0
331 312 646 249 -8 8 0
323 320 649 252 -8 0 0
315 320 652 255 -8 -8 0
307 312 655 258 0 0 0
307 312 658 261 0 8 0
307 320 661 264 0 -8 0
307 312 664 267 0 -8 0
307 304 667 270 0 0 0
307 304 670 273 0 0 0
307 304 673 276 0 0 0
307 304 676 279 0 -8 0
307 296 679 282 0 0 0
307 296 682 285 0 -8 0
307 288 685 288 0 8 0
307 296 688 291 0 8 0
307 304 691 294 0 8 0
307 312 694 297 0 -8 0
307 304 697 300 0 0 0
307 304 700 303 0 8 0
307 312 703 306 0 -8 0
307 304 706 309 0 0 0
307 304 709 312 0 0 0
307 304 712 315 0 0 0
307 304 715 318 0 0 0
307 304 718 321 0 8 0
307 312 721 324 0 -8 0
307 304 724 327 0 0 0
307 304 727 330 0 -8 0
307 296 730 333 0 -8 0
307 288 733 336 0 0 0
307 288 736 339 0 8 0
307 296 739 342 0 -8 0
307 288 742 345 0 -8 0
307 280 745 348 0 -8 0
307 272 748 351 0 8 0
307 280 751 354 0 8 0
307 288 754 357 0 8 0
307 296 757 360 8 -8 0
315 288 760 363 0 -8 0
315 280 763 366 8 -8 0
323 272 766 369 0 0 0
323 272 769 372 0 8 0
323 280 772 375 8 0 0
331 280 775 378 0 8 0
331 288 778 381 0 8 0
331 296 781 384 0 0 1
331 296 781 384 0 0 1
331 296 781 384 0 0 1
331 296 781 384 0 0 1
331 296 781 384 0 0 1
