163 192 295 267 0 0 0
163 192 292 270 8 0 0
171 192 289 273 8 -8 0
179 184 286 276 8 -8 0
187 176 283 279 8 -8 0
195 168 280 282 8 -8 0
203 160 277 285 8 -8 0
211 152 274 288 8 -8 0
219 144 271 291 8 0 0
227 144 268 294 8 0 0
235 144 265 297 8 8 0
243 152 262 300 8 -8 0
251 144 259 303 8 0 0
259 144 256 306 0 8 0
259 152 253 309 0 8 0
259 160 250 312 8 -8 0
267 152 247 315 0 -8 0
267 144 244 318 8 8 0
275 152 241 321 0 8 0
275 160 238 324 0 -8 0
275 152 235 327 8 0 0
283 152 232 330 0 -8 0
283 144 229 333 0 -8 0
283 136 226 336 8 0 0
291 136 223 339 0 8 0
291 144 220 342 8 -8 0
299 136 217 345 0 0 0
299 136 214 348 0 -8 0
299 128 211 351 8 0 0
307 128 208 354 0 8 0
307 136 205 357 0 -8 0
307 128 202 360 8 8 0
315 136 199 363 0 8 0
315 144 196 366 8 8 0
323 152 193 369 0 0 0
323 152 190 372 0 -8 0
323 144 187 375 8 -8 0
331 136 184 378 0 0 0
331 136 181 381 0 -8 0
331 128 178 384 8 0 0
339 128 175 387 0 8 0
339 136 172 390 8 0 0
347 136 169 393 0 8 0
347 144 166 396 0 0 0
347 144 163 399 8 8 0
355 152 160 402 0 -8 0
355 144 157 405 0 -8 0
355 136 154 408 8 -8 0
363 128 151 411 0 8 0
363 136 148 414 8 -8 0
371 128 145 417 0 -8 0
371 120 142 420 0 0 0
371 120 139 423 8 0 0
379 120 136 426 0 0 0
379 120 133 429 0 0 0
379 120 130 432 8 8 0
387 128 127 435 0 0 0
387 128 124 438 8 8 0
395 136 121 441 0 0 0
395 136 118 444 0 8 0
395 144 115 447 8 8 0
403 152 112 450 0 8 0
403 160 109 453 0 8 0
403 168 106 456 8 0 0
411 168 103 459 0 0 0
411 168 100 462 8 8 0
419 176 97 465 0 -8 0
419 168 94 468 0 8 0
419 176 91 471 8 0 0
427 176 88 474 0 -8 0
427 168 85 477 0 8 0
427 176 82 480 8 0 0
435 176 79 483 0 0 0
435 176 76 486 8 0 0
443 176 73 489 0 -8 0
443 168 70 492 0 -8 0
443 160 67 495 8 8 0
451 168 64 498 0 -8 0
451 160 61 501 0 8 0
451 168 58 504 8 -8 0
459 160 55 507 0 8 0
459 168 52 510 8 8 0
467 176 49 513 0 0 0
467 176 46 516 0 0 0
467 176 43 519 8 0 0
475 176 40 522 0 8 0
475 184 37 525 0 8 0
475 192 34 528 8 8 0
483 200 31 531 0 8 0
483 208 28 534 8 -8 0
491 200 25 537 0 8 0
491 208 22 540 0 0 0
491 208 19 543 0 0 1
491 208 19 543 0 0 1
491 208 19 543 0 0 1
491 208 19 543 0 0 1
491 208 19 543 0 0 1
