91 166 682 240 0 0 0
91 166 679 237 8 8 0
99 174 676 234 8 8 0
107 182 673 231 8 -8 0
115 174 670 228 8 -8 0
123 166 667 225 8 -8 0
131 158 664 222 8 0 0
139 158 661 219 8 0 0
147 158 658 216 8 -8 0
155 150 655 213 8 0 0
163 150 652 210 0 8 0
163 158 649 207 0 8 0
163 166 646 204 0 0 0
163 166 643 201 0 0 0
163 166 640 198 0 0 0
163 166 637 195 0 -8 0
163 158 634 192 0 0 0
163 158 631 189 0 -8 0
163 150 628 186 0 8 0
163 158 625 183 0 8 0
163 166 622 180 0 -8 0
163 158 619 177 0 8 0
163 166 616 174 0 0 0
163 166 613 171 0 -8 0
163 158 610 168 0 -8 0
163 150 607 165 0 8 0
163 158 604 162 0 0 0
163 158 601 159 0 8 0
163 166 598 156 0 8 0
163 174 595 153 0 8 0
163 182 592 150 0 -8 0
163 174 589 147 0 0 0
163 174 586 144 0 8 0
163 182 583 141 0 0 0
163 182 580 138 0 8 0
163 190 577 135 0 -8 0
163 182 574 132 0 -8 0
163 174 571 129 0 -8 0
163 166 568 126 0 8 0
163 174 565 123 0 0 0
163 174 562 120 0 -8 0
163 166 559 117 0 -8 0
163 158 556 114 0 0 0
163 158 553 111 -8 8 0
155 166 550 108 0 8 0
155 174 547 105 0 -8 0
155 166 544 102 -8 0 0
147 166 541 99 0 0 0
147 166 538 96 -8 0 0
139 166 535 93 0 8 0
139 174 532 90 0 0 0
139 174 529 87 -8 0 0
131 174 526 84 0 0 0
131 174 523 81 0 -8 0
131 166 520 78 -8 -8 0
123 158 517 75 0 8 0
123 166 514 72 -8 0 0
115 166 511 69 0 -8 0
115 158 508 66 0 0 0
115 158 505 63 -8 8 0
107 166 502 60 0 8 0
107 174 499 57 0 8 0
107 182 496 54 -8 0 0
99 182 493 51 0 -8 0
99 174 490 48 -8 -8 0
91 166 487 45 0 0 0
91 166 484 42 0 -8 0
91 158 481 39 -8 0 0
83 158 478 36 0 -8 0
83 150 475 33 0 -8 0
83 142 472 30 -8 0 0
75 142 469 27 0 0 0
75 142 466 24 -8 0 0
67 142 463 21 0 0 0
67 142 460 18 0 8 0
67 150 457 15 -8 0 0
60 150 454 12 0 -8 0
60 142 451 9 -8 -8 0
60 134 448 12 0 -8 0
60 126 445 15 0 8 0
60 134 442 18 0 8 0
60 142 439 21 0 8 0
60 150 436 24 0 0 0
60 150 433 27 0 -8 0
60 142 430 30 0 0 0
60 142 427 33 0 0 0
60 142 424 36 0 8 0
60 150 421 39 0 0 0
60 150 418 42 0 0 0
60 150 415 45 0 0 0
60 150 412 48 0 0 0
60 150 409 51 0 0 0
60 150 406 54 0 0 0
60 150 403 57 0 8 0
60 158 400 60 0 -8 0
60 150 397 63 0 0 0
60 150 394 66 0 8 0
60 158 391 69 0 0 0
60 158 388 72 0 -8 0
60 150 385 75 0 8 0
60 158 382 78 0 8 0
60 166 379 81 0 -8 0
60 158 376 84 0 8 0
60 166 373 87 0 8 0
60 174 370 90 0 8 0
60 182 367 93 0 8 0
60 190 364 96 0 -8 0
60 182 361 99 0 8 0
60 190 358 102 0 -8 0
60 182 355 105 0 0 0
60 182 352 108 0 -8 0
60 174 349 111 8 8 0
68 182 346 114 0 -8 0
68 174 343 117 0 8 0
68 182 340 120 8 -8 0
76 174 337 123 0 -8 0
76 166 334 126 0 8 0
76 174 331 129 8 8 0
84 182 328 132 0 -8 0
84 174 325 135 8 -8 0
92 166 322 138 0 8 0
92 174 319 141 0 8 0
92 182 316 144 8 -8 0
100 174 313 147 0 0 0
100 174 310 150 0 -8 0
100 166 307 153 8 8 0
108 174 304 156 0 8 0
108 182 301 159 8 8 0
116 190 298 162 0 -8 0
116 182 295 165 0 8 0
116 190 292 168 8 -8 0
124 182 289 171 0 -8 0
124 174 286 174 0 -8 0
124 166 283 177 8 -8 0
132 158 280 180 0 0 0
132 158 277 183 8 0 0
140 158 274 186 0 0 0
140 158 271 189 0 0 0
140 158 268 192 8 8 0
148 166 265 195 0 8 0
148 174 262 198 0 8 0
148 182 259 201 8 8 0
156 190 256 204 0 8 0
156 198 253 207 8 0 0
164 198 250 210 0 0 0
164 198 247 213 0 8 0
164 206 244 216 8 8 0
172 214 241 219 0 0 0
172 214 238 222 0 -8 0
172 206 235 225 8 -8 0
180 198 232 228 0 0 0
180 198 229 231 8 -8 0
188 190 226 234 0 0 0
188 190 223 237 0 -8 0
188 182 220 240 8 0 0
196 182 217 243 0 8 0
196 190 214 246 0 -8 0
196 182 211 249 8 8 0
204 190 208 252 0 8 0
204 198 205 255 8 8 0
212 206 202 258 0 0 0
212 206 199 261 0 -8 0
212 198 196 264 8 -8 0
220 190 193 267 0 -8 0
220 182 190 270 0 8 0
220 190 187 273 8 0 0
228 190 184 276 0 -8 0
228 182 181 279 8 8 0
236 190 178 282 0 0 0
236 190 175 285 0 8 0
236 198 172 288 8 8 0
244 206 169 291 0 0 0
244 206 166 294 0 -8 0
244 198 163 297 8 8 0
252 206 160 300 0 -8 0
252 198 157 303 8 0 0
260 198 154 306 0 0 0
260 198 151 309 0 8 0
260 206 148 312 8 8 0
268 214 145 315 0 0 0
268 214 142 318 0 8 0
268 222 139 321 8 -8 0
276 214 136 324 0 -8 0
276 206 133 327 8 -8 0
284 198 130 330 0 -8 0
284 190 127 333 0 -8 0
284 182 124 336 8 0 0
292 182 121 339 0 -8 0
292 174 118 342 0 8 0
292 182 115 345 8 8 0
300 190 112 348 0 0 0
300 190 109 351 8 -8 0
308 182 106 354 0 0 0
308 182 103 357 0 0 0
308 182 100 360 8 0 0
316 182 97 363 0 8 0
316 190 94 366 0 -8 0
316 182 91 369 8 8 0
324 190 88 372 0 0 0
324 190 85 375 8 8 0
332 198 82 378 0 -8 0
332 190 79 381 0 -8 0
332 182 76 384 8 0 0
340 182 73 387 0 0 0
340 182 70 390 0 8 0
340 190 67 393 8 8 0
348 198 64 396 0 0 0
348 198 61 399 8 -8 0
356 190 58 402 0 0 0
356 190 55 405 0 0 0
356 190 52 408 8 8 0
364 198 49 411 0 8 0
364 206 46 414 0 8 0
364 214 43 417 8 8 0
372 222 40 420 0 8 0
372 230 37 423 8 -8 0
380 222 34 426 0 0 0
380 222 31 429 0 -8 0
380 214 28 432 8 -8 0
388 206 25 435 0 -8 0
388 198 22 438 0 0 0
388 198 19 441 0 0 1
388 198 19 441 0 0 1
388 198 19 441 0 0 1
388 198 19 441 0 0 1
388 198 19 441 0 0 1
