133 259 232 489 0 0 0
133 259 229 492 8 -8 0
141 251 226 495 8 0 0
149 251 223 498 8 -8 0
157 243 220 501 8 8 0
165 251 217 504 8 -8 0
173 243 214 507 8 -8 0
181 235 211 510 8 8 0
189 243 208 513 8 0 0
197 243 205 516 8 0 0
205 243 202 519 8 0 0
213 243 199 522 8 -8 0
221 235 196 525 8 0 0
229 235 193 528 8 -8 0
237 227 190 531 8 8 0
245 235 187 534 8 -8 0
253 227 184 537 8 8 0
261 235 181 540 8 -8 0
269 227 178 543 8 0 0
277 227 175 546 8 -8 0
285 219 172 549 8 8 0
293 227 169 552 8 0 0
301 227 166 555 8 0 0
309 227 163 558 8 0 0
317 227 160 561 8 -8 0
325 219 157 564 8 -8 0
333 211 154 567 8 0 0
341 211 151 570 8 8 0
349 219 148 573 8 0 0
357 219 145 576 8 -8 0
365 211 142 579 8 0 0
373 211 139 582 8 8 0
381 219 136 585 8 -8 0
389 211 133 588 8 0 0
397 211 130 591 8 0 0
405 211 127 588 8 0 0
413 211 124 585 8 -8 0
421 203 121 582 8 0 0
429 203 118 579 8 -8 0
437 195 115 576 8 -8 0
445 187 112 573 8 8 0
453 195 109 570 8 -8 0
461 187 106 567 8 0 0
469 187 103 564 8 8 0
477 195 100 561 8 0 0
485 195 97 558 8 8 0
493 203 94 555 8 8 0
501 211 91 552 8 0 0
509 211 88 549 0 -8 0
509 203 85 546 0 -8 0
509 195 82 543 0 8 0
509 203 79 540 0 8 0
509 211 76 537 0 0 0
509 211 73 534 0 8 0
509 219 70 531 0 -8 0
509 211 67 528 0 8 0
509 219 64 525 0 8 0
509 227 61 522 0 0 0
509 227 58 519 0 -8 0
509 219 55 516 0 8 0
509 227 52 513 0 -8 0
509 219 49 510 0 0 0
509 219 46 507 0 -8 0
509 211 43 504 0 -8 0
509 203 40 501 0 0 0
509 203 37 498 0 -8 0
509 195 34 495 0 8 0
509 203 31 492 0 -8 0
509 195 28 489 0 0 0
509 195 25 486 0 -8 0
509 187 22 483 0 8 0
509 195 19 480 0 -8 0
509 187 22 477 0 0 0
509 187 25 474 0 8 0
509 195 28 471 0 0 0
509 195 31 468 0 0 0
509 195 34 465 0 8 0
509 203 37 462 0 8 0
509 211 40 459 0 0 0
509 211 43 456 -8 -8 0
501 203 46 453 0 0 0
501 203 49 450 -8 -8 0
493 195 52 447 0 -8 0
493 187 55 444 0 -8 0
493 179 58 441 -8 -8 0
485 171 61 438 0 -8 0
485 163 64 435 0 0 0
485 163 67 432 -8 8 0
477 171 70 429 0 0 0
477 171 73 426 -8 -8 0
469 163 76 423 0 8 0
469 171 79 420 0 0 0
469 171 82 417 -8 -8 0
461 163 85 414 0 8 0
461 171 88 411 0 8 0
461 179 91 408 -8 0 0
453 179 94 405 0 8 0
453 187 97 402 -8 8 0
445 195 100 399 0 0 0
445 195 103 396 0 8 0
445 203 106 393 -8 0 0
437 203 109 390 0 0 0
437 203 112 387 0 8 0
437 211 115 384 -8 0 0
429 211 118 381 0 -8 0
429 203 121 378 -8 -8 0
421 195 124 375 0 8 0
421 203 127 372 0 -8 0
421 195 130 369 -8 -8 0
413 187 133 366 0 0 0
413 187 136 363 0 8 0
413 195 139 360 -8 8 0
405 203 142 357 0 -8 0
405 195 145 354 -8 8 0
397 203 148 351 0 0 0
397 203 151 348 0 -8 0
397 195 154 345 -8 -8 0
389 187 157 342 0 0 0
389 187 160 339 0 0 0
389 187 163 336 -8 -8 0
381 179 166 333 0 0 0
381 179 169 330 -8 0 0
373 179 172 327 0 0 0
373 179 175 324 0 0 0
373 179 178 321 -8 8 0
365 187 181 318 0 0 0
365 187 184 315 0 0 0
365 187 187 312 -8 8 0
357 195 190 309 0 -8 0
357 187 193 306 -8 0 0
349 187 196 303 0 -8 0
349 179 199 300 0 8 0
349 187 202 297 -8 0 0
341 187 205 294 0 8 0
341 195 208 291 0 0 0
341 195 211 288 -8 0 0
333 195 214 285 0 -8 0
333 187 217 282 -8 -8 0
325 179 220 279 0 -8 0
325 171 223 276 0 0 0
325 171 226 273 -8 8 0
317 179 229 270 0 8 0
317 187 232 267 0 -8 0
317 179 235 264 -8 8 0
309 187 238 261 0 0 0
309 187 241 258 -8 8 0
301 195 244 255 0 8 0
301 203 247 252 0 8 0
301 211 250 249 -8 0 0
293 211 253 246 0 -8 0
293 203 256 243 0 8 0
293 211 259 240 -8 0 0
285 211 262 237 0 8 0
285 219 265 234 -8 -8 0
277 211 268 231 0 8 0
277 219 271 228 0 -8 0
277 211 274 225 -8 8 0
269 219 277 222 0 8 0
269 227 280 219 0 0 0
269 227 283 216 -8 8 0
261 235 286 213 0 8 0
261 243 289 210 -8 8 0
253 251 292 207 0 8 0
253 259 295 204 0 -8 0
253 251 298 201 -8 -8 0
245 243 301 198 0 -8 0
245 235 304 195 0 0 0
245 235 307 192 -8 8 0
237 243 310 189 0 -8 0
237 235 313 186 -8 0 0
229 235 316 183 0 8 0
229 243 319 180 0 -8 0
229 235 322 177 -8 0 0
221 235 325 174 0 8 0
221 243 328 171 0 8 0
221 251 331 168 -8 8 0
213 259 334 165 0 8 0
213 267 337 162 -8 8 0
205 275 340 159 0 8 0
205 283 343 156 0 8 0
205 291 346 153 -8 -8 0
197 283 349 150 0 0 0
197 283 352 147 0 8 0
197 291 355 144 -8 -8 0
189 283 358 141 0 8 0
189 291 361 138 -8 -8 0
181 283 364 135 0 -8 0
181 275 367 132 0 0 0
181 275 370 129 -8 -8 0
173 267 373 126 0 0 0
173 267 376 123 0 -8 0
173 259 379 120 -8 0 0
165 259 382 117 0 -8 0
165 251 385 114 -8 0 0
157 251 388 111 0 8 0
157 259 391 108 0 0 0
157 259 394 105 -8 8 0
149 267 397 102 0 0 0
149 267 400 99 0 0 0
149 267 403 96 -8 8 0
141 275 406 93 0 0 0
141 275 409 90 -8 0 0
133 275 412 87 0 -8 0
133 267 415 84 0 -8 0
133 259 418 81 -8 8 0
125 267 421 78 0 0 0
125 267 424 75 0 -8 0
125 259 427 72 -8 -8 0
117 251 430 69 0 8 0
117 259 433 66 -8 -8 0
109 251 436 63 0 -8 0
109 243 439 60 0 0 0
109 243 442 57 -8 -8 0
101 235 445 54 0 0 0
101 235 448 51 0 8 0
101 243 451 48 -8 -8 0
93 235 454 45 0 -8 0
93 227 457 42 -8 -8 0
85 219 460 39 0 -8 0
85 211 463 36 0 0 0
85 211 466 33 -8 8 0
77 219 469 30 0 0 0
77 219 472 27 0 -8 0
77 211 475 24 -8 0 0
69 211 478 21 0 8 0
69 219 481 18 -8 0 0
61 219 484 15 0 -8 0
61 211 487 12 0 -8 0
61 203 490 9 -8 -8 0
60 195 493 12 0 0 0
60 195 496 15 0 8 0
60 203 499 18 0 8 0
60 211 502 21 0 0 0
60 211 505 24 0 -8 0
60 203 508 27 0 0 0
60 203 511 30 0 -8 0
60 195 514 33 0 0 0
60 195 517 36 0 8 0
60 203 520 39 0 -8 0
60 195 523 42 0 8 0
60 203 526 45 0 -8 0
60 195 529 48 0 -8 0
60 187 532 51 0 -8 0
60 179 535 54 0 8 0
60 187 538 57 0 0 0
60 187 541 60 0 0 0
60 187 544 63 0 8 0
60 195 547 66 0 -8 0
60 187 550 69 0 -8 0
60 179 553 72 0 8 0
60 187 556 75 0 8 0
60 195 559 78 0 8 0
60 203 562 81 0 -8 0
60 195 565 84 0 8 0
60 203 568 87 0 0 0
60 203 571 90 0 -8 0
60 195 574 93 0 8 0
60 203 577 96 0 0 0
60 203 580 99 0 8 0
60 211 583 102 0 8 0
60 219 586 105 0 0 0
60 219 589 108 0 8 0
60 227 592 111 8 0 0
68 227 595 114 0 8 0
68 235 598 117 0 8 0
68 243 601 120 8 8 0
76 251 604 123 0 -8 0
76 243 607 126 0 -8 0
76 235 610 129 8 8 0
84 243 613 132 0 -8 0
84 235 616 135 8 8 0
92 243 619 138 0 -8 0
92 235 622 141 0 -8 0
92 227 625 144 8 8 0
100 235 628 147 0 -8 0
100 227 631 150 0 -8 0
100 219 634 153 8 -8 0
108 211 637 156 0 8 0
108 219 640 159 8 -8 0
116 211 643 162 0 0 0
116 211 646 165 0 0 0
116 211 649 168 8 -8 0
124 203 652 171 0 -8 0
124 195 655 174 0 -8 0
124 187 658 177 8 8 0
132 195 661 180 0 0 0
132 195 664 183 8 0 0
140 195 667 186 0 8 0
140 203 670 189 0 0 0
140 203 673 192 8 0 0
148 203 676 195 0 -8 0
148 195 679 198 0 8 0
148 203 682 201 8 8 0
156 211 685 204 0 0 0
156 211 688 207 8 0 0
164 211 691 210 0 0 0
164 211 694 213 0 8 0
164 219 697 216 8 0 0
172 219 700 219 0 0 0
172 219 703 222 0 -8 0
172 211 706 225 8 -8 0
180 203 709 228 0 -8 0
180 195 712 231 8 8 0
188 203 715 234 0 -8 0
188 195 718 237 0 8 0
188 203 721 240 8 8 0
196 211 724 243 0 -8 0
196 203 727 246 0 -8 0
196 195 730 249 8 -8 0
204 187 733 252 0 0 0
204 187 736 255 8 0 0
212 187 739 258 0 8 0
212 195 742 261 0 0 0
212 195 745 264 8 0 0
220 195 748 267 0 0 0
220 195 751 270 0 -8 0
220 187 754 273 8 -8 0
228 179 757 276 0 -8 0
228 171 760 279 8 0 0
236 171 763 282 0 -8 0
236 163 766 285 0 8 0
236 171 769 288 8 0 0
244 171 772 291 0 0 0
244 171 775 294 0 -8 0
244 163 778 297 8 8 0
252 171 781 300 0 0 1
252 171 781 300 0 0 1
252 171 781 300 0 0 1
252 171 781 300 0 0 1
252 171 781 300 0 0 1
