198 437 217 105 0 0 0
198 437 214 108 -8 0 0
190 437 211 111 -8 -8 0
182 429 208 114 -8 8 0
174 437 205 117 -8 -8 0
166 429 202 120 0 -8 0
166 421 199 123 0 0 0
166 421 196 126 0 8 0
166 429 193 129 0 8 0
166 437 190 132 0 8 0
166 445 187 135 0 8 0
166 453 184 138 0 -8 0
166 445 181 141 0 0 0
166 445 178 144 0 0 0
166 445 175 147 0 -8 0
166 437 172 150 0 0 0
166 437 169 153 0 -8 0
166 429 166 156 0 8 0
166 437 163 159 0 -8 0
166 429 160 162 0 0 0
166 429 157 165 0 0 0
166 429 154 168 0 0 0
166 429 151 171 0 -8 0
166 421 148 174 0 8 0
166 429 145 177 0 0 0
166 429 142 180 0 8 0
166 437 139 183 0 0 0
166 437 136 186 0 -8 0
166 429 133 189 0 -8 0
166 421 130 192 0 0 0
166 421 127 195 0 0 0
166 421 124 198 0 0 0
166 421 121 201 0 8 0
166 429 118 204 0 0 0
166 429 115 207 0 8 0
166 437 112 210 0 8 0
166 445 109 213 0 0 0
166 445 106 216 0 -8 0
166 437 103 219 8 8 0
174 445 100 222 0 8 0
174 453 97 225 8 -8 0
182 445 94 228 0 8 0
182 453 91 231 0 -8 0
182 445 88 234 8 -8 0
190 437 85 237 0 0 0
190 437 82 240 0 0 0
190 437 79 243 8 -8 0
198 429 76 246 0 8 0
198 437 73 249 8 8 0
206 445 70 252 0 8 0
206 453 67 255 0 8 0
206 461 64 258 8 -8 0
214 453 61 261 0 8 0
214 461 58 264 0 -8 0
214 453 55 267 8 0 0
222 453 52 270 0 -8 0
222 445 49 273 8 0 0
230 445 46 276 0 8 0
230 453 43 279 0 0 0
230 453 40 282 8 0 0
238 453 37 285 0 0 0
238 453 34 288 0 0 0
238 453 31 291 8 0 0
246 453 28 294 0 0 0
246 453 25 297 8 8 0
254 461 22 300 0 0 0
254 461 19 303 0 -8 0
254 453 22 306 8 8 0
262 461 25 309 0 -8 0
262 453 28 312 0 0 0
262 453 31 315 8 8 0
270 461 34 318 0 0 0
270 461 37 321 8 -8 0
278 453 40 324 0 -8 0
278 445 43 327 0 8 0
278 453 46 330 8 8 0
286 461 49 333 0 0 0
286 461 52 336 0 8 0
286 469 55 339 8 8 0
294 477 58 342 0 8 0
294 485 61 345 8 0 0
302 485 64 348 0 8 0
302 493 67 351 0 8 0
302 501 70 354 8 8 0
310 509 73 357 0 0 0
310 509 76 360 0 0 0
310 509 79 363 8 8 0
318 517 82 366 0 8 0
318 525 85 369 8 0 0
326 525 88 372 0 0 0
326 525 91 375 0 8 0
326 533 94 378 8 -8 0
334 525 97 381 0 0 0
334 525 100 384 0 -8 0
334 517 103 387 8 0 0
342 517 106 390 0 0 0
342 517 109 393 8 -8 0
350 509 112 396 0 -8 0
350 501 115 399 0 0 0
350 501 118 402 8 8 0
358 509 121 405 0 -8 0
358 501 124 408 0 8 0
358 509 127 411 8 0 0
366 509 130 414 0 0 0
366 509 133 417 8 8 0
374 517 136 420 0 8 0
374 525 139 423 0 -8 0
374 517 142 426 8 8 0
382 525 145 429 0 -8 0
382 517 148 432 0 -8 0
382 509 151 435 8 8 0
390 517 154 438 0 8 0
390 525 157 441 8 0 0
398 525 160 444 0 0 0
398 525 163 447 0 8 0
398 533 166 450 8 8 0
406 540 169 453 0 0 0
406 540 172 456 0 8 0
406 540 175 459 8 -8 0
414 532 178 462 0 -8 0
414 524 181 465 8 8 0
422 532 184 468 0 -8 0
422 524 187 471 0 0 0
422 524 190 474 8 8 0
430 532 193 477 0 0 0
430 532 196 480 0 -8 0
430 524 199 483 8 -8 0
438 516 202 486 0 8 0
438 524 205 489 8 0 0
446 524 208 492 0 8 0
446 532 211 495 0 0 0
446 532 214 498 8 8 0
454 540 217 501 0 8 0
454 540 220 504 0 0 0
454 540 223 507 8 -8 0
462 532 226 510 0 -8 0
462 524 229 513 8 0 0
470 524 232 516 0 -8 0
470 516 235 519 0 -8 0
470 508 238 522 8 -8 0
478 500 241 525 0 8 0
478 508 244 528 0 0 0
478 508 247 531 8 -8 0
486 500 250 534 0 8 0
486 508 253 537 8 8 0
494 516 256 540 0 8 0
494 524 259 543 0 0 0
494 524 262 546 8 -8 0
502 516 265 549 0 0 0
502 516 268 552 0 -8 0
502 508 271 555 8 0 0
510 508 274 558 0 0 0
510 508 277 561 8 0 0
518 508 280 564 0 8 0
518 516 283 567 0 8 0
518 524 286 570 8 8 0
526 532 289 573 0 8 0
526 540 292 576 0 0 0
526 540 295 579 8 8 0
534 540 298 582 0 8 0
534 540 301 585 8 8 0
540 540 304 588 0 8 0
540 540 307 591 8 8 0
540 540 310 588 0 8 0
540 540 313 585 0 -8 0
540 532 316 582 0 8 0
540 540 319 579 0 -8 0
540 532 322 576 0 -8 0
540 524 325 573 0 8 0
540 532 328 570 0 8 0
540 540 331 567 0 8 0
540 540 334 564 0 -8 0
540 532 337 561 0 -8 0
540 524 340 558 0 8 0
540 532 343 555 0 0 0
540 532 346 552 0 8 0
540 540 349 549 0 0 0
540 540 352 546 0 0 0
540 540 355 543 0 0 0
540 540 358 540 0 0 0
540 540 361 537 0 -8 0
540 532 364 534 0 8 0
540 540 367 531 0 8 0
540 540 370 528 0 8 0
540 540 373 525 0 -8 0
540 532 376 522 0 8 0
540 540 379 519 0 -8 0
540 532 382 516 0 8 0
540 540 385 513 0 8 0
540 540 388 510 0 0 0
540 540 391 507 0 -8 0
540 532 394 504 0 0 0
540 532 397 501 0 -8 0
540 524 400 498 0 8 0
540 532 403 495 0 8 0
540 540 406 492 0 8 0
540 540 409 489 -8 -8 0
532 532 412 486 0 0 0
532 532 415 483 0 -8 0
532 524 418 480 -8 8 0
524 532 421 477 0 8 0
524 540 424 474 0 -8 0
524 532 427 471 -8 -8 0
516 524 430 468 0 -8 0
516 516 433 465 -8 8 0
508 524 436 462 0 0 0
508 524 439 459 0 8 0
508 532 442 456 -8 0 0
500 532 445 453 0 8 0
500 540 448 450 0 8 0
500 540 451 447 -8 8 0
492 540 454 444 0 8 0
492 540 457 441 -8 0 0
484 540 460 438 0 -8 0
484 532 463 435 0 8 0
484 540 466 432 -8 -8 0
476 532 469 429 0 -8 0
476 524 472 426 0 0 0
476 524 475 423 -8 8 0
468 532 478 420 0 0 0
468 532 481 417 -8 8 0
460 540 484 414 0 0 0
460 540 487 411 0 0 0
460 540 490 408 -8 8 0
452 540 493 405 0 0 0
452 540 496 402 0 8 0
452 540 499 399 -8 0 0
444 540 502 396 0 8 0
444 540 505 393 -8 0 0
436 540 508 390 0 0 0
436 540 511 387 0 -8 0
436 532 514 384 -8 0 0
428 532 517 381 0 8 0
428 540 520 378 0 0 0
428 540 523 375 -8 0 0
420 540 526 372 0 -8 0
420 532 529 369 -8 -8 0
412 524 532 366 0 8 0
412 532 535 363 0 0 0
412 532 538 360 -8 8 0
404 540 541 357 0 8 0
404 540 544 354 0 8 0
404 540 547 351 -8 -8 0
396 532 550 348 0 0 0
396 532 553 345 -8 0 0
388 532 556 342 0 0 0
388 532 559 339 0 0 0
388 532 562 336 -8 8 0
380 540 565 333 0 0 0
380 540 568 330 0 -8 0
380 532 571 327 -8 0 0
372 532 574 324 0 0 0
372 532 577 321 -8 0 0
364 532 580 318 0 0 0
364 532 583 315 0 -8 0
364 524 586 312 -8 8 0
356 532 589 309 0 8 0
356 540 592 306 0 -8 0
356 532 595 303 -8 8 0
348 540 598 300 0 8 0
348 540 601 297 -8 0 0
340 540 604 294 0 0 0
340 540 607 291 0 0 0
340 540 610 288 -8 0 0
332 540 613 285 0 -8 0
332 532 616 282 0 8 0
332 540 619 279 -8 0 0
324 540 622 276 0 0 0
324 540 625 273 -8 0 0
316 540 628 270 0 -8 0
316 532 631 267 0 -8 0
316 524 634 264 -8 8 0
308 532 637 261 0 0 0
308 532 640 258 0 -8 0
308 524 643 255 -8 -8 0
300 516 646 252 0 -8 0
300 508 649 249 -8 -8 0
292 500 652 246 0 8 0
292 508 655 243 0 8 0
292 516 658 240 -8 8 0
284 524 661 237 0 -8 0
284 516 664 234 0 0 0
284 516 667 231 -8 -8 0
276 508 670 228 0 -8 0
276 500 673 225 -8 0 0
268 500 676 222 0 8 0
268 508 679 219 0 -8 0
268 500 682 216 -8 -8 0
260 492 685 213 0 -8 0
260 484 688 210 0 8 0
260 492 691 207 -8 0 0
252 492 694 204 0 0 0
252 492 697 201 -8 0 0
244 492 700 198 0 0 0
244 492 703 195 0 -8 0
244 484 706 192 -8 0 0
236 484 709 189 0 8 0
236 492 712 186 0 -8 0
236 484 715 183 -8 0 0
228 484 718 180 0 -8 0
228 476 721 177 -8 8 0
220 484 724 174 0 8 0
220 492 727 171 0 8 0
220 500 730 168 -8 0 0
212 500 733 165 0 -8 0
212 492 736 162 0 -8 0
212 484 739 159 -8 8 0
204 492 742 156 0 8 0
204 500 745 153 -8 -8 0
196 492 748 150 0 8 0
196 500 751 147 0 0 0
196 500 754 144 -8 0 0
188 500 757 141 0 8 0
188 508 760 138 0 8 0
188 516 763 135 -8 -8 0
180 508 766 132 0 8 0
180 516 769 129 -8 -8 0
172 508 772 126 0 0 0
172 508 775 123 0 0 0
172 508 778 120 -8 -8 0
164 500 781 117 0 0 1
164 500 781 117 0 0 1
164 500 781 117 0 0 1
164 500 781 117 0 0 1
164 500 781 117 0 0 1
