129 427 670 462 0 0 0
129 427 667 465 8 8 0
137 435 664 468 8 8 0
145 443 661 471 8 0 0
153 443 658 474 8 -8 0
161 435 655 477 8 8 0
169 443 652 480 8 8 0
177 451 649 483 8 -8 0
185 443 646 486 8 8 0
193 451 643 489 8 0 0
201 451 640 492 8 0 0
209 451 637 495 8 0 0
217 451 634 498 8 -8 0
225 443 631 501 8 0 0
233 443 628 504 8 8 0
241 451 625 507 8 0 0
249 451 622 510 8 -8 0
257 443 619 513 8 -8 0
265 435 616 516 8 0 0
273 435 613 519 8 8 0
281 443 610 522 8 8 0
289 451 607 525 8 8 0
297 459 604 528 8 0 0
305 459 601 531 8 -8 0
313 451 598 534 8 0 0
321 451 595 537 8 -8 0
329 443 592 540 8 8 0
337 451 589 543 8 0 0
345 451 586 546 8 8 0
353 459 583 549 8 -8 0
361 451 580 552 8 8 0
369 459 577 555 8 -8 0
377 451 574 558 8 -8 0
385 443 571 561 8 -8 0
393 435 568 564 8 -8 0
401 427 565 567 8 0 0
409 427 562 570 8 -8 0
417 419 559 573 8 8 0
425 427 556 576 8 8 0
433 435 553 579 8 8 0
441 443 550 582 8 8 0
449 451 547 585 8 8 0
457 459 544 588 8 8 0
465 467 541 591 8 -8 0
473 459 538 588 8 0 0
481 459 535 585 8 -8 0
489 451 532 582 8 -8 0
497 443 529 579 8 0 0
505 443 526 576 8 0 0
513 443 523 573 8 -8 0
521 435 520 570 0 0 0
521 435 517 567 0 8 0
521 443 514 564 0 -8 0
521 435 511 561 0 8 0
521 443 508 558 0 -8 0
521 435 505 555 0 8 0
521 443 502 552 0 8 0
521 451 499 549 0 8 0
521 459 496 546 0 8 0
521 467 493 543 0 -8 0
521 459 490 540 0 8 0
521 467 487 537 0 0 0
521 467 484 534 0 8 0
521 475 481 531 0 -8 0
521 467 478 528 0 0 0
521 467 475 525 0 0 0
521 467 472 522 0 0 0
521 467 469 519 0 8 0
521 475 466 516 0 0 0
521 475 463 513 0 -8 0
521 467 460 510 0 -8 0
521 459 457 507 0 0 0
521 459 454 504 0 -8 0
521 451 451 501 0 8 0
521 459 448 498 0 -8 0
521 451 445 495 0 -8 0
521 443 442 492 0 -8 0
521 435 439 489 0 8 0
521 443 436 486 0 8 0
521 451 433 483 0 -8 0
521 443 430 480 0 -8 0
521 435 427 477 0 0 0
521 435 424 474 0 -8 0
521 427 421 471 0 0 0
521 427 418 468 -8 8 0
513 435 415 465 0 -8 0
513 427 412 462 -8 -8 0
505 419 409 459 0 0 0
505 419 406 456 0 -8 0
505 411 403 453 -8 0 0
497 411 400 450 0 -8 0
497 403 397 447 0 8 0
497 411 394 444 -8 0 0
489 411 391 441 0 0 0
489 411 388 438 -8 -8 0
481 403 385 435 0 8 0
481 411 382 432 0 0 0
481 411 379 429 -8 0 0
473 411 376 426 0 -8 0
473 403 373 423 0 8 0
473 411 370 420 -8 -8 0
465 403 367 417 0 -8 0
465 395 364 414 -8 8 0
457 403 361 411 0 8 0
457 411 358 408 0 -8 0
457 403 355 405 -8 -8 0
449 395 352 402 0 0 0
449 395 349 399 0 -8 0
449 387 346 396 -8 8 0
441 395 343 393 0 -8 0
441 387 340 390 -8 8 0
433 395 337 387 0 0 0
433 395 334 384 0 0 0
433 395 331 381 -8 0 0
425 395 328 378 0 0 0
425 395 325 375 0 8 0
425 403 322 372 -8 8 0
417 411 319 369 0 -8 0
417 403 316 366 -8 0 0
409 403 313 363 0 0 0
409 403 310 360 0 8 0
409 411 307 357 -8 -8 0
401 403 304 354 0 8 0
401 411 301 351 0 0 0
401 411 298 348 -8 -8 0
393 403 295 345 0 -8 0
393 395 292 342 -8 -8 0
385 387 289 339 0 8 0
385 395 286 336 0 8 0
385 403 283 333 -8 0 0
377 403 280 330 0 -8 0
377 395 277 327 0 -8 0
377 387 274 324 -8 8 0
369 395 271 321 0 -8 0
369 387 268 318 -8 0 0
361 387 265 315 0 0 0
361 387 262 312 0 8 0
361 395 259 309 -8 8 0
353 403 256 306 0 -8 0
353 395 253 303 0 8 0
353 403 250 300 -8 0 0
345 403 247 297 0 -8 0
345 395 244 294 -8 0 0
337 395 241 291 0 8 0
337 403 238 288 0 -8 0
337 395 235 285 -8 0 0
329 395 232 282 0 0 0
329 395 229 279 0 0 0
329 395 226 276 -8 0 0
321 395 223 273 0 -8 0
321 387 220 270 -8 -8 0
313 379 217 267 0 -8 0
313 371 214 264 0 -8 0
313 363 211 261 -8 8 0
305 371 208 258 0 0 0
305 371 205 255 0 -8 0
305 363 202 252 -8 0 0
297 363 199 249 0 -8 0
297 355 196 246 -8 -8 0
289 347 193 243 0 -8 0
289 339 190 240 0 0 0
289 339 187 237 -8 -8 0
281 331 184 234 0 8 0
281 339 181 231 0 -8 0
281 331 178 228 -8 8 0
273 339 175 225 0 -8 0
273 331 172 222 -8 8 0
265 339 169 219 0 8 0
265 347 166 216 0 -8 0
265 339 163 213 -8 -8 0
257 331 160 210 0 0 0
257 331 157 207 0 0 0
257 331 154 204 -8 8 0
249 339 151 201 0 0 0
249 339 148 198 -8 0 0
241 339 145 195 0 -8 0
241 331 142 192 0 0 0
241 331 139 189 -8 -8 0
233 323 136 186 0 -8 0
233 315 133 183 0 -8 0
233 307 130 180 -8 -8 0
225 299 127 177 0 -8 0
225 291 124 174 -8 8 0
217 299 121 171 0 8 0
217 307 118 168 0 -8 0
217 299 115 165 -8 0 0
209 299 112 162 0 0 0
209 299 109 159 0 8 0
209 307 106 156 -8 8 0
201 315 103 153 0 0 0
201 315 100 150 -8 -8 0
193 307 97 147 0 0 0
193 307 94 144 0 -8 0
193 299 91 141 -8 -8 0
185 291 88 138 0 0 0
185 291 85 135 0 0 0
185 291 82 132 -8 8 0
177 299 79 129 0 8 0
177 307 76 126 -8 8 0
169 315 73 123 0 0 0
169 315 70 120 0 8 0
169 323 67 117 -8 8 0
161 331 64 114 0 -8 0
161 323 61 111 0 -8 0
161 315 58 108 -8 0 0
153 315 55 105 0 -8 0
153 307 52 102 -8 0 0
145 307 49 99 0 8 0
145 315 46 96 0 0 0
145 315 43 93 -8 -8 0
137 307 40 90 0 0 0
137 307 37 87 0 0 0
137 307 34 84 -8 -8 0
129 299 31 81 0 8 0
129 307 28 78 -8 -8 0
121 299 25 75 0 -8 0
121 291 22 72 0 8 0
121 299 19 69 0 0 1
121 299 19 69 0 0 1
121 299 19 69 0 0 1
121 299 19 69 0 0 1
121 299 19 69 0 0 1
