466 328 349 492 0 0 0
466 328 346 495 0 8 0
466 336 343 498 0 0 0
466 336 340 501 0 -8 0
466 328 337 504 0 -8 0
466 320 334 507 0 0 0
466 320 331 510 0 -8 0
466 312 328 513 0 -8 0
466 304 325 516 0 -8 0
466 296 322 519 8 0 0
474 296 319 522 0 8 0
474 304 316 525 8 0 0
482 304 313 528 0 8 0
482 312 310 531 0 0 0
482 312 307 534 8 0 0
490 312 304 537 0 -8 0
490 304 301 540 0 0 0
490 304 298 543 8 0 0
498 304 295 546 0 -8 0
498 296 292 549 8 8 0
506 304 289 552 0 8 0
506 312 286 555 0 -8 0
506 304 283 558 8 8 0
514 312 280 561 0 0 0
514 312 277 564 0 0 0
514 312 274 567 8 8 0
522 320 271 570 0 0 0
522 320 268 573 8 8 0
530 328 265 576 0 0 0
530 328 262 579 0 0 0
530 328 259 582 8 0 0
538 328 256 585 0 -8 0
538 320 253 588 0 8 0
538 328 250 591 8 -8 0
540 320 247 588 0 -8 0
540 312 244 585 0 -8 0
540 304 241 582 0 8 0
540 312 238 579 0 -8 0
540 304 235 576 0 8 0
540 312 232 573 0 0 0
540 312 229 570 0 0 0
540 312 226 567 0 0 0
540 312 223 564 0 -8 0
540 304 220 561 0 8 0
540 312 217 558 0 8 0
540 320 214 555 0 8 0
540 328 211 552 0 -8 0
540 320 208 549 0 8 0
540 328 205 546 0 0 0
540 328 202 543 0 0 0
540 328 199 540 0 -8 0
540 320 196 537 0 0 0
540 320 193 534 0 8 0
540 328 190 531 0 -8 0
540 320 187 528 0 0 0
540 320 184 525 0 0 0
540 320 181 522 0 8 0
540 328 178 519 0 0 0
540 328 175 516 0 0 0
540 328 172 513 0 -8 0
540 320 169 510 0 0 0
540 320 166 507 0 -8 0
540 312 163 504 0 0 0
540 312 160 501 0 8 0
540 320 157 498 0 0 0
540 320 154 495 0 8 0
540 328 151 492 0 -8 0
540 320 148 489 -8 -8 0
532 312 145 486 0 0 0
532 312 142 483 0 0 0
532 312 139 480 -8 8 0
524 320 136 477 0 8 0
524 328 133 474 0 0 0
524 328 130 471 -8 -8 0
516 320 127 468 0 -8 0
516 312 124 465 -8 8 0
508 320 121 462 0 0 0
508 320 118 459 0 -8 0
508 312 115 456 -8 -8 0
500 304 112 453 0 8 0
500 312 109 450 0 0 0
500 312 106 447 -8 0 0
492 312 103 444 0 0 0
492 312 100 441 -8 0 0
484 312 97 438 0 0 0
484 312 94 435 0 -8 0
484 304 91 432 -8 8 0
476 312 88 429 0 -8 0
476 304 85 426 0 -8 0
476 296 82 423 -8 0 0
468 296 79 420 0 8 0
468 304 76 417 -8 0 0
460 304 73 414 0 8 0
460 312 70 411 0 0 0
460 312 67 408 -8 0 0
452 312 64 405 0 0 0
452 312 61 402 0 0 0
452 312 58 399 -8 0 0
444 312 55 396 0 -8 0
444 304 52 393 -8 0 0
436 304 49 390 0 -8 0
436 296 46 387 0 0 0
436 296 43 384 -8 -8 0
428 288 40 381 0 0 0
428 288 37 378 0 -8 0
428 280 34 375 -8 0 0
420 280 31 372 0 8 0
420 288 28 369 -8 -8 0
412 280 25 366 0 0 0
412 280 22 363 0 0 0
412 280 19 360 0 0 1
412 280 19 360 0 0 1
412 280 19 360 0 0 1
412 280 19 360 0 0 1
412 280 19 360 0 0 1
