415 394 574 324 0 0 0
415 394 571 321 -8 -8 0
407 386 568 318 -8 0 0
399 386 565 315 -8 8 0
391 394 562 312 -8 0 0
383 394 559 309 -8 0 0
375 394 556 306 -8 8 0
367 402 553 303 -8 0 0
359 402 550 300 -8 -8 0
351 394 547 297 -8 0 0
343 394 544 294 0 -8 0
343 386 541 291 -8 0 0
335 386 538 288 0 0 0
335 386 535 285 0 -8 0
335 378 532 282 -8 -8 0
327 370 529 279 0 -8 0
327 362 526 276 -8 -8 0
319 354 523 273 0 -8 0
319 346 520 270 0 8 0
319 354 517 267 -8 8 0
311 362 514 264 0 -8 0
311 354 511 261 0 0 0
311 354 508 258 -8 0 0
303 354 505 255 0 8 0
303 362 502 252 -8 8 0
295 370 499 249 0 0 0
295 370 496 246 0 8 0
295 378 493 243 -8 8 0
287 386 490 240 0 0 0
287 386 487 237 0 -8 0
287 378 484 234 -8 8 0
279 386 481 231 0 0 0
279 386 478 228 -8 0 0
271 386 475 225 0 8 0
271 394 472 222 0 -8 0
271 386 469 219 -8 8 0
263 394 466 216 0 -8 0
263 386 463 213 0 0 0
263 386 460 210 -8 -8 0
255 378 457 207 0 8 0
255 386 454 204 -8 0 0
247 386 451 201 0 -8 0
247 378 448 198 0 0 0
247 378 445 195 -8 -8 0
239 370 442 192 0 8 0
239 378 439 189 0 -8 0
239 370 436 186 -8 -8 0
231 362 433 183 0 0 0
231 362 430 180 -8 0 0
223 362 427 177 0 0 0
223 362 424 174 0 0 0
223 362 421 171 -8 0 0
215 362 418 168 0 8 0
215 370 415 165 0 -8 0
215 362 412 162 -8 -8 0
207 354 409 159 0 8 0
207 362 406 156 -8 8 0
199 370 403 153 0 -8 0
199 362 400 150 0 8 0
199 370 397 147 -8 8 0
191 378 394 144 0 8 0
191 386 391 141 0 0 0
191 386 388 138 -8 -8 0
183 378 385 135 0 8 0
183 386 382 132 -8 8 0
175 394 379 129 0 8 0
175 402 376 126 0 0 0
175 402 373 123 -8 0 0
167 402 370 120 0 0 0
167 402 367 117 0 8 0
167 410 364 114 -8 8 0
159 418 361 111 0 8 0
159 426 358 108 -8 0 0
151 426 355 105 0 0 0
151 426 352 102 0 -8 0
151 418 349 99 -8 -8 0
143 410 346 96 0 0 0
143 410 343 93 0 -8 0
143 402 340 90 -8 0 0
135 402 337 87 0 0 0
135 402 334 84 -8 8 0
127 410 331 81 0 -8 0
127 402 328 78 0 -8 0
127 394 325 75 -8 8 0
119 402 322 72 0 8 0
119 410 319 69 0 0 0
119 410 316 66 -8 8 0
111 418 313 63 0 -8 0
111 410 310 60 -8 -8 0
103 402 307 57 0 0 0
103 402 304 54 0 8 0
103 410 301 51 -8 -8 0
95 402 298 48 0 0 0
95 402 295 45 0 -8 0
95 394 292 42 -8 -8 0
87 386 289 39 0 -8 0
87 378 286 36 -8 -8 0
79 370 283 33 0 -8 0
79 362 280 30 0 8 0
79 370 277 27 -8 0 0
71 370 274 24 0 -8 0
71 362 271 21 0 0 0
71 362 268 18 -8 8 0
63 370 265 15 0 0 0
63 370 262 12 -8 8 0
60 378 259 9 -8 -8 0
60 370 256 12 0 8 0
60 378 253 15 0 8 0
60 386 250 18 0 8 0
60 394 247 21 0 -8 0
60 386 244 24 0 -8 0
60 378 241 27 0 8 0
60 386 238 30 0 8 0
60 394 235 33 0 8 0
60 402 232 36 0 0 0
60 402 229 39 0 0 0
60 402 226 42 0 -8 0
60 394 223 45 0 0 0
60 394 220 48 0 0 0
60 394 217 51 0 -8 0
60 386 214 54 0 8 0
60 394 211 57 0 8 0
60 402 208 60 0 -8 0
60 394 205 63 0 8 0
60 402 202 66 0 8 0
60 410 199 69 0 -8 0
60 402 196 72 0 8 0
60 410 193 75 0 8 0
60 418 190 78 0 -8 0
60 410 187 81 0 -8 0
60 402 184 84 0 0 0
60 402 181 87 0 8 0
60 410 178 90 0 -8 0
60 402 175 93 0 8 0
60 410 172 96 0 0 0
60 410 169 99 0 -8 0
60 402 166 102 0 8 0
60 410 163 105 0 8 0
60 418 160 108 0 -8 0
60 410 157 111 8 0 0
68 410 154 114 0 0 0
68 410 151 117 0 8 0
68 418 148 120 8 0 0
76 418 145 123 0 0 0
76 418 142 126 0 -8 0
76 410 139 129 8 8 0
84 418 136 132 0 8 0
84 426 133 135 8 8 0
92 434 130 138 0 8 0
92 442 127 141 0 8 0
92 450 124 144 8 0 0
100 450 121 147 0 -8 0
100 442 118 150 0 8 0
100 450 115 153 8 8 0
108 458 112 156 0 8 0
108 466 109 159 8 0 0
116 466 106 162 0 -8 0
116 458 103 165 0 -8 0
116 450 100 168 8 -8 0
124 442 97 171 0 0 0
124 442 94 174 0 0 0
124 442 91 177 8 -8 0
132 434 88 180 0 8 0
132 442 85 183 8 0 0
140 442 82 186 0 8 0
140 450 79 189 0 0 0
140 450 76 192 8 -8 0
148 442 73 195 0 8 0
148 450 70 198 0 -8 0
148 442 67 201 8 0 0
156 442 64 204 0 0 0
156 442 61 207 8 8 0
164 450 58 210 0 0 0
164 450 55 213 0 8 0
164 458 52 216 8 -8 0
172 450 49 219 0 0 0
172 450 46 222 0 0 0
172 450 43 225 8 8 0
180 458 40 228 0 8 0
180 466 37 231 8 -8 0
188 458 34 234 0 0 0
188 458 31 237 0 8 0
188 466 28 240 8 0 0
196 466 25 243 0 8 0
196 474 22 246 0 0 0
196 474 19 249 0 0 1
196 474 19 249 0 0 1
196 474 19 249 0 0 1
196 474 19 249 0 0 1
196 474 19 249 0 0 1
