116 455 613 288 0 0 0
116 455 610 285 8 0 0
124 455 607 282 8 0 0
132 455 604 279 8 -8 0
140 447 601 276 8 0 0
148 447 598 273 8 0 0
156 447 595 270 8 8 0
164 455 592 267 8 0 0
172 455 589 264 8 8 0
180 463 586 261 8 8 0
188 471 583 258 8 -8 0
196 463 580 255 8 -8 0
204 455 577 252 0 -8 0
204 447 574 249 0 8 0
204 455 571 246 0 0 0
204 455 568 243 0 8 0
204 463 565 240 0 0 0
204 463 562 237 0 0 0
204 463 559 234 0 0 0
204 463 556 231 0 -8 0
204 455 553 228 0 0 0
204 455 550 225 0 8 0
204 463 547 222 0 8 0
204 471 544 219 0 8 0
204 479 541 216 0 8 0
204 487 538 213 0 8 0
204 495 535 210 0 -8 0
204 487 532 207 0 -8 0
204 479 529 204 0 -8 0
204 471 526 201 0 0 0
204 471 523 198 0 -8 0
204 463 520 195 0 0 0
204 463 517 192 0 0 0
204 463 514 189 0 0 0
204 463 511 186 0 0 0
204 463 508 183 0 0 0
204 463 505 180 0 0 0
204 463 502 177 0 8 0
204 471 499 174 0 8 0
204 479 496 171 0 0 0
204 479 493 168 0 -8 0
204 471 490 165 0 0 0
204 471 487 162 0 8 0
204 479 484 159 0 -8 0
204 471 481 156 0 -8 0
204 463 478 153 -8 8 0
196 471 475 150 0 8 0
196 479 472 147 0 -8 0
196 471 469 144 -8 -8 0
188 463 466 141 0 -8 0
188 455 463 138 0 0 0
188 455 460 135 -8 0 0
180 455 457 132 0 0 0
180 455 454 129 -8 -8 0
172 447 451 126 0 0 0
172 447 448 123 0 0 0
172 447 445 120 -8 8 0
164 455 442 117 0 -8 0
164 447 439 114 0 -8 0
164 439 436 111 -8 8 0
156 447 433 108 0 0 0
156 447 430 105 -8 0 0
148 447 427 102 0 0 0
148 447 424 99 0 -8 0
148 439 421 96 -8 8 0
140 447 418 93 0 8 0
140 455 415 90 0 0 0
140 455 412 87 -8 8 0
132 463 409 84 0 8 0
132 471 406 81 -8 0 0
124 471 403 78 0 0 0
124 471 400 75 0 8 0
124 479 397 72 -8 -8 0
116 471 394 69 0 8 0
116 479 391 66 0 0 0
116 479 388 63 -8 0 0
108 479 385 60 0 8 0
108 487 382 57 -8 0 0
100 487 379 54 0 0 0
100 487 376 51 0 0 0
100 487 373 48 -8 0 0
92 487 370 45 0 8 0
92 495 367 42 0 -8 0
92 487 364 39 -8 0 0
84 487 361 36 0 0 0
84 487 358 33 -8 8 0
76 495 355 30 0 8 0
76 503 352 27 0 0 0
76 503 349 24 -8 0 0
68 503 346 21 0 -8 0
68 495 343 18 0 8 0
68 503 340 15 -8 0 0
60 503 337 12 0 8 0
60 511 334 9 -8 8 0
60 519 331 12 0 0 0
60 519 328 15 0 0 0
60 519 325 18 0 -8 0
60 511 322 21 0 8 0
60 519 319 24 0 8 0
60 527 316 27 0 -8 0
60 519 313 30 0 0 0
60 519 310 33 0 0 0
60 519 307 36 0 -8 0
60 511 304 39 0 8 0
60 519 301 42 0 8 0
60 527 298 45 0 0 0
60 527 295 48 0 -8 0
60 519 292 51 0 0 0
60 519 289 54 0 0 0
60 519 286 57 0 -8 0
60 511 283 60 0 -8 0
60 503 280 63 0 8 0
60 511 277 66 0 -8 0
60 503 274 69 0 -8 0
60 495 271 72 0 0 0
60 495 268 75 0 8 0
60 503 265 78 0 0 0
60 503 262 81 0 0 0
60 503 259 84 0 0 0
60 503 256 87 0 -8 0
60 495 253 90 0 -8 0
60 487 250 93 0 0 0
60 487 247 96 0 0 0
60 487 244 99 0 8 0
60 495 241 102 0 8 0
60 503 238 105 0 8 0
60 511 235 108 0 -8 0
60 503 232 111 8 -8 0
68 495 229 114 0 8 0
68 503 226 117 0 8 0
68 511 223 120 8 8 0
76 519 220 123 0 8 0
76 527 217 126 0 -8 0
76 519 214 129 8 0 0
84 519 211 132 0 -8 0
84 511 208 135 8 8 0
92 519 205 138 0 8 0
92 527 202 141 0 8 0
92 535 199 144 8 0 0
100 535 196 147 0 8 0
100 540 193 150 0 -8 0
100 532 190 153 8 0 0
108 532 187 156 0 0 0
108 532 184 159 8 -8 0
116 524 181 162 0 -8 0
116 516 178 165 0 -8 0
116 508 175 168 8 8 0
124 516 172 171 0 8 0
124 524 169 174 0 0 0
124 524 166 177 8 -8 0
132 516 163 180 0 0 0
132 516 160 183 8 8 0
140 524 157 186 0 0 0
140 524 154 189 0 -8 0
140 516 151 192 8 8 0
148 524 148 195 0 -8 0
148 516 145 198 0 0 0
148 516 142 201 8 -8 0
156 508 139 204 0 0 0
156 508 136 207 8 -8 0
164 500 133 210 0 -8 0
164 492 130 213 0 8 0
164 500 127 216 8 0 0
172 500 124 219 0 0 0
172 500 121 222 0 8 0
172 508 118 225 8 -8 0
180 500 115 228 0 -8 0
180 492 112 231 8 8 0
188 500 109 234 0 8 0
188 508 106 237 0 8 0
188 516 103 240 8 8 0
196 524 100 243 0 0 0
196 524 97 246 0 8 0
196 532 94 249 8 0 0
204 532 91 252 0 8 0
204 540 88 255 8 8 0
212 540 85 258 0 8 0
212 540 82 261 0 0 0
212 540 79 264 8 -8 0
220 532 76 267 0 8 0
220 540 73 270 0 8 0
220 540 70 273 8 -8 0
228 532 67 276 0 -8 0
228 524 64 279 8 -8 0
236 516 61 282 0 -8 0
236 508 58 285 0 -8 0
236 500 55 288 8 0 0
244 500 52 291 0 8 0
244 508 49 294 0 0 0
244 508 46 297 8 -8 0
252 500 43 300 0 0 0
252 500 40 303 8 -8 0
260 492 37 306 0 8 0
260 500 34 309 0 8 0
260 508 31 312 8 0 0
268 508 28 315 0 0 0
268 508 25 318 0 -8 0
268 500 22 321 8 -8 0
276 492 19 324 0 -8 0
276 484 22 327 8 8 0
284 492 25 330 0 0 0
284 492 28 333 0 0 0
284 492 31 336 8 8 0
292 500 34 339 0 -8 0
292 492 37 342 0 -8 0
292 484 40 345 8 8 0
300 492 43 348 0 0 0
300 492 46 351 8 -8 0
308 484 49 354 0 8 0
308 492 52 357 0 8 0
308 500 55 360 8 -8 0
316 492 58 363 0 0 0
316 492 61 366 0 8 0
316 500 64 369 8 8 0
324 508 67 372 0 0 0
324 508 70 375 8 8 0
332 516 73 378 0 -8 0
332 508 76 381 0 -8 0
332 500 79 384 8 0 0
340 500 82 387 0 0 0
340 500 85 390 0 8 0
340 508 88 393 8 8 0
348 516 91 396 0 8 0
348 524 94 399 8 8 0
356 532 97 402 0 0 0
356 532 100 405 0 8 0
356 540 103 408 8 0 0
364 540 106 411 0 0 0
364 540 109 414 0 8 0
364 540 112 417 8 -8 0
372 532 115 420 0 8 0
372 540 118 423 8 0 0
380 540 121 426 0 0 0
380 540 124 429 0 8 0
380 540 127 432 8 8 0
388 540 130 435 0 -8 0
388 532 133 438 0 -8 0
388 524 136 441 8 -8 0
396 516 139 444 0 0 0
396 516 142 447 8 0 0
404 516 145 450 0 -8 0
404 508 148 453 0 0 0
404 508 151 456 8 0 0
412 508 154 459 0 0 0
412 508 157 462 0 0 0
412 508 160 465 8 8 0
420 516 163 468 0 8 0
420 524 166 471 8 0 0
428 524 169 474 0 8 0
428 532 172 477 0 8 0
428 540 175 480 8 0 0
436 540 178 483 0 -8 0
436 532 181 486 0 -8 0
436 524 184 489 8 0 0
444 524 187 492 0 8 0
444 532 190 495 8 8 0
452 540 193 498 0 8 0
452 540 196 501 0 -8 0
452 532 199 504 8 -8 0
460 524 202 507 0 8 0
460 532 205 510 0 8 0
460 540 208 513 8 -8 0
468 532 211 516 0 -8 0
468 524 214 519 8 -8 0
476 516 217 522 0 0 0
476 516 220 525 0 0 0
476 516 223 528 8 -8 0
484 508 226 531 0 -8 0
484 500 229 534 0 0 0
484 500 232 537 8 -8 0
492 492 235 540 0 0 0
492 492 238 543 8 0 0
500 492 241 546 0 8 0
500 500 244 549 0 -8 0
500 492 247 552 8 -8 0
508 484 250 555 0 8 0
508 492 253 558 0 -8 0
508 484 256 561 8 -8 0
516 476 259 564 0 -8 0
516 468 262 567 8 -8 0
524 460 265 570 0 8 0
524 468 268 573 0 0 0
524 468 271 576 8 -8 0
532 460 274 579 0 8 0
532 468 277 582 0 -8 0
532 460 280 585 8 8 0
540 468 283 588 0 -8 0
540 460 286 591 8 0 0
540 460 289 588 0 0 0
540 460 292 585 0 0 0
540 460 295 582 0 0 0
540 460 298 579 0 0 0
540 460 301 576 0 8 0
540 468 304 573 0 0 0
540 468 307 570 0 8 0
540 476 310 567 0 -8 0
540 468 313 564 0 8 0
540 476 316 561 0 -8 0
540 468 319 558 0 8 0
540 476 322 555 0 0 0
540 476 325 552 0 -8 0
540 468 328 549 0 -8 0
540 460 331 546 0 8 0
540 468 334 543 0 0 0
540 468 337 540 0 -8 0
540 460 340 537 0 -8 0
540 452 343 534 0 0 0
540 452 346 531 0 8 0
540 460 349 528 0 0 0
540 460 352 525 0 8 0
540 468 355 522 0 0 0
540 468 358 519 0 8 0
540 476 361 516 0 8 0
540 484 364 513 0 8 0
540 492 367 510 0 -8 0
540 484 370 507 0 -8 0
540 476 373 504 0 8 0
540 484 376 501 0 0 0
540 484 379 498 0 -8 0
540 476 382 495 0 0 0
540 476 385 492 0 0 0
540 476 388 489 -8 0 0
532 476 391 486 0 8 0
532 484 394 483 0 -8 0
532 476 397 480 -8 0 0
524 476 400 477 0 -8 0
524 468 403 474 0 -8 0
524 460 406 471 -8 0 0
516 460 409 468 0 8 0
516 468 412 465 -8 8 0
508 476 415 462 0 0 0
508 476 418 459 0 8 0
508 484 421 456 -8 -8 0
500 476 424 453 0 8 0
500 484 427 450 0 8 0
500 492 430 447 -8 -8 0
492 484 433 444 0 0 0
492 484 436 441 -8 0 0
484 484 439 438 0 -8 0
484 476 442 435 0 -8 0
484 468 445 432 -8 -8 0
476 460 448 429 0 8 0
476 468 451 426 0 0 0
476 468 454 423 -8 0 0
468 468 457 420 0 0 0
468 468 460 417 -8 8 0
460 476 463 414 0 -8 0
460 468 466 411 0 0 0
460 468 469 408 -8 8 0
452 476 472 405 0 0 0
452 476 475 402 0 0 0
452 476 478 399 -8 -8 0
444 468 481 396 0 -8 0
444 460 484 393 -8 0 0
436 460 487 390 0 8 0
436 468 490 387 0 8 0
436 476 493 384 -8 -8 0
428 468 496 381 0 0 0
428 468 499 378 0 0 0
428 468 502 375 -8 0 0
420 468 505 372 0 8 0
420 476 508 369 -8 8 0
412 484 511 366 0 -8 0
412 476 514 363 0 -8 0
412 468 517 360 -8 -8 0
404 460 520 357 0 8 0
404 468 523 354 0 8 0
404 476 526 351 -8 -8 0
396 468 529 348 0 0 0
396 468 532 345 -8 8 0
388 476 535 342 0 8 0
388 484 538 339 0 -8 0
388 476 541 336 -8 -8 0
380 468 544 333 0 -8 0
380 460 547 330 0 8 0
380 468 550 327 -8 8 0
372 476 553 324 0 0 0
372 476 556 321 -8 -8 0
364 468 559 318 0 8 0
364 476 562 315 0 8 0
364 484 565 312 -8 -8 0
356 476 568 309 0 8 0
356 484 571 306 0 0 0
356 484 574 303 -8 8 0
348 492 577 300 0 8 0
348 500 580 297 -8 8 0
340 508 583 294 0 8 0
340 516 586 291 0 -8 0
340 508 589 288 -8 8 0
332 516 592 285 0 8 0
332 524 595 282 0 0 0
332 524 598 279 -8 8 0
324 532 601 276 0 0 0
324 532 604 273 -8 -8 0
316 524 607 270 0 8 0
316 532 610 267 0 8 0
316 540 613 264 -8 8 0
308 540 616 261 0 8 0
308 540 619 258 0 -8 0
308 532 622 255 -8 8 0
300 540 625 252 0 0 0
300 540 628 249 -8 0 0
292 540 631 246 0 0 0
292 540 634 243 0 -8 0
292 532 637 240 -8 8 0
284 540 640 237 0 0 0
284 540 643 234 0 8 0
284 540 646 231 -8 8 0
276 540 649 228 0 8 0
276 540 652 225 -8 8 0
268 540 655 222 0 8 0
268 540 658 219 0 8 0
268 540 661 216 -8 -8 0
260 532 664 213 0 -8 0
260 524 667 210 0 8 0
260 532 670 207 -8 8 0
252 540 673 204 0 -8 0
252 532 676 201 -8 0 0
244 532 679 198 0 8 0
244 540 682 195 0 0 0
244 540 685 192 -8 -8 0
236 532 688 189 0 8 0
236 540 691 186 0 -8 0
236 532 694 183 -8 8 0
228 540 697 180 0 -8 0
228 532 700 177 -8 0 0
220 532 703 174 0 8 0
220 540 706 171 0 8 0
220 540 709 168 -8 8 0
212 540 712 165 0 8 0
212 540 715 162 0 0 0
212 540 718 159 -8 8 0
204 540 721 156 0 8 0
204 540 724 153 -8 0 0
196 540 727 150 0 -8 0
196 532 730 147 0 -8 0
196 524 733 144 -8 0 0
188 524 736 141 0 8 0
188 532 739 138 0 -8 0
188 524 742 135 -8 8 0
180 532 745 132 0 -8 0
180 524 748 129 -8 -8 0
172 516 751 126 0 8 0
172 524 754 123 0 8 0
172 532 757 120 -8 -8 0
164 524 760 117 0 0 0
164 524 763 114 0 0 0
164 524 766 111 -8 -8 0
156 516 769 108 0 0 0
156 516 772 105 -8 -8 0
148 508 775 102 0 -8 0
148 500 778 99 0 8 0
148 508 781 96 0 0 1
148 508 781 96 0 0 1
148 508 781 96 0 0 1
148 508 781 96 0 0 1
148 508 781 96 0 0 1
