97 349 424 447 0 0 0
97 349 427 450 8 -8 0
105 341 430 453 8 0 0
113 341 433 456 8 8 0
121 349 436 459 8 8 0
129 357 439 462 8 0 0
137 357 442 465 8 -8 0
145 349 445 468 8 0 0
153 349 448 471 8 -8 0
161 341 451 474 8 8 0
169 349 454 477 8 8 0
177 357 457 480 8 8 0
185 365 460 483 8 0 0
193 365 463 486 8 0 0
201 365 466 489 8 0 0
209 365 469 492 8 8 0
217 373 472 495 8 8 0
225 381 475 498 8 -8 0
233 373 478 501 8 -8 0
241 365 481 504 8 -8 0
249 357 484 507 8 -8 0
257 349 487 510 8 -8 0
265 341 490 513 8 8 0
273 349 493 516 8 8 0
281 357 496 519 8 0 0
289 357 499 522 8 8 0
297 365 502 525 8 8 0
305 373 505 528 8 0 0
313 373 508 531 8 0 0
321 373 511 534 8 8 0
329 381 514 537 8 0 0
337 381 517 540 8 0 0
345 381 520 543 8 0 0
353 381 523 546 8 8 0
361 389 526 549 8 -8 0
369 381 529 552 8 -8 0
377 373 532 555 8 0 0
385 373 535 558 8 8 0
393 381 538 561 8 8 0
401 389 541 564 8 0 0
409 389 544 567 8 -8 0
417 381 547 570 8 0 0
425 381 550 573 8 -8 0
433 373 553 576 8 -8 0
441 365 556 579 8 -8 0
449 357 559 582 8 0 0
457 357 562 585 8 8 0
465 365 565 588 8 8 0
473 373 568 591 8 8 0
481 381 571 588 8 -8 0
489 373 574 585 8 8 0
497 381 577 582 8 -8 0
505 373 580 579 8 0 0
513 373 583 576 8 0 0
521 373 586 573 8 8 0
529 381 589 570 0 0 0
529 381 592 567 0 0 0
529 381 595 564 0 -8 0
529 373 598 561 0 -8 0
529 365 601 558 0 0 0
529 365 604 555 0 8 0
529 373 607 552 0 8 0
529 381 610 549 0 8 0
529 389 613 546 0 8 0
529 397 616 543 0 8 0
529 405 619 540 0 0 0
529 405 622 537 0 -8 0
529 397 625 534 0 0 0
529 397 628 531 0 0 0
529 397 631 528 0 0 0
529 397 634 525 0 8 0
529 405 637 522 0 -8 0
529 397 640 519 0 0 0
529 397 643 516 0 -8 0
529 389 646 513 0 8 0
529 397 649 510 0 -8 0
529 389 652 507 0 0 0
529 389 655 504 0 8 0
529 397 658 501 0 8 0
529 405 661 498 0 -8 0
529 397 664 495 0 8 0
529 405 667 492 0 8 0
529 413 670 489 0 0 0
529 413 673 486 0 0 0
529 413 676 483 0 8 0
529 421 679 480 0 -8 0
529 413 682 477 -8 -8 0
521 405 685 474 0 8 0
521 413 688 471 0 8 0
521 421 691 468 -8 -8 0
513 413 694 465 0 8 0
513 421 697 462 -8 0 0
505 421 700 459 0 -8 0
505 413 703 456 0 -8 0
505 405 706 453 -8 8 0
497 413 709 450 0 -8 0
497 405 712 447 0 -8 0
497 397 715 444 -8 8 0
489 405 718 441 0 -8 0
489 397 721 438 -8 0 0
481 397 724 435 0 -8 0
481 389 727 432 0 0 0
481 389 730 429 -8 8 0
473 397 733 426 0 8 0
473 405 736 423 0 -8 0
473 397 739 420 -8 0 0
465 397 742 417 0 8 0
465 405 745 414 -8 0 0
457 405 748 411 0 8 0
457 413 751 408 0 8 0
457 421 754 405 -8 8 0
449 429 757 402 0 8 0
449 437 760 399 0 -8 0
449 429 763 396 -8 0 0
441 429 766 393 0 0 0
441 429 769 390 -8 -8 0
433 421 772 387 0 0 0
433 421 775 384 0 8 0
433 429 778 381 -8 -8 0
425 421 781 378 0 8 0
425 429 778 375 0 8 0
425 437 775 372 -8 8 0
417 445 772 369 0 0 0
417 445 769 366 -8 8 0
409 453 766 363 0 8 0
409 461 763 360 0 0 0
409 461 760 357 -8 8 0
401 469 757 354 0 -8 0
401 461 754 351 0 -8 0
401 453 751 348 -8 -8 0
393 445 748 345 0 8 0
393 453 745 342 -8 -8 0
385 445 742 339 0 -8 0
385 437 739 336 0 0 0
385 437 736 333 -8 8 0
377 445 733 330 0 0 0
377 445 730 327 0 0 0
377 445 727 324 -8 0 0
369 445 724 321 0 0 0
369 445 721 318 -8 -8 0
361 437 718 315 0 0 0
361 437 715 312 0 8 0
361 445 712 309 -8 0 0
353 445 709 306 0 -8 0
353 437 706 303 0 -8 0
353 429 703 300 -8 -8 0
345 421 700 297 0 0 0
345 421 697 294 -8 8 0
337 429 694 291 0 8 0
337 437 691 288 0 0 0
337 437 688 285 -8 -8 0
329 429 685 282 0 0 0
329 429 682 279 0 0 0
329 429 679 276 -8 8 0
321 437 676 273 0 8 0
321 445 673 270 -8 8 0
313 453 670 267 0 8 0
313 461 667 264 0 -8 0
313 453 664 261 -8 -8 0
305 445 661 258 0 8 0
305 453 658 255 0 -8 0
305 445 655 252 -8 -8 0
297 437 652 249 0 0 0
297 437 649 246 -8 -8 0
289 429 646 243 0 -8 0
289 421 643 240 0 8 0
289 429 640 237 -8 0 0
281 429 637 234 0 8 0
281 437 634 231 0 8 0
281 445 631 228 -8 0 0
273 445 628 225 0 0 0
273 445 625 222 -8 8 0
265 453 622 219 0 -8 0
265 445 619 216 0 8 0
265 453 616 213 -8 8 0
257 461 613 210 0 -8 0
257 453 610 207 0 -8 0
257 445 607 204 -8 8 0
249 453 604 201 0 0 0
249 453 601 198 -8 8 0
241 461 598 195 0 0 0
241 461 595 192 0 -8 0
241 453 592 189 -8 -8 0
233 445 589 186 0 0 0
233 445 586 183 0 -8 0
233 437 583 180 -8 -8 0
225 429 580 177 0 0 0
225 429 577 174 -8 0 0
217 429 574 171 0 -8 0
217 421 571 168 0 -8 0
217 413 568 165 -8 -8 0
209 405 565 162 0 8 0
209 413 562 159 0 0 0
209 413 559 156 -8 0 0
201 413 556 153 0 -8 0
201 405 553 150 -8 -8 0
193 397 550 147 0 0 0
193 397 547 144 0 8 0
193 405 544 141 -8 0 0
185 405 541 138 0 -8 0
185 397 538 135 0 8 0
185 405 535 132 -8 0 0
177 405 532 129 0 0 0
177 405 529 126 -8 -8 0
169 397 526 123 0 -8 0
169 389 523 120 0 0 0
169 389 520 117 -8 8 0
161 397 517 114 0 0 0
161 397 514 111 0 0 0
161 397 511 108 -8 0 0
153 397 508 105 0 0 0
153 397 505 102 -8 0 0
145 397 502 99 0 -8 0
145 389 499 96 0 8 0
145 397 496 93 -8 8 0
137 405 493 90 0 8 0
137 413 490 87 0 -8 0
137 405 487 84 -8 -8 0
129 397 484 81 0 -8 0
129 389 481 78 -8 -8 0
121 381 478 75 0 8 0
121 389 475 72 0 0 0
121 389 472 69 -8 8 0
113 397 469 66 0 0 0
113 397 466 63 0 -8 0
113 389 463 60 -8 8 0
105 397 460 57 0 8 0
105 405 457 54 -8 8 0
97 413 454 51 0 8 0
97 421 451 48 0 -8 0
97 413 448 45 -8 0 0
89 413 445 42 0 8 0
89 421 442 39 0 8 0
89 429 439 36 -8 -8 0
81 421 436 33 0 0 0
81 421 433 30 -8 8 0
73 429 430 27 0 -8 0
73 421 427 24 0 8 0
73 429 424 21 -8 0 0
65 429 421 18 0 -8 0
65 421 418 15 0 0 0
65 421 415 12 -8 8 0
60 429 412 9 -8 0 0
60 429 409 12 0 0 0
60 429 406 15 0 8 0
60 437 403 18 0 8 0
60 445 400 21 0 8 0
60 453 397 24 0 0 0
60 453 394 27 0 8 0
60 461 391 30 0 -8 0
60 453 388 33 0 0 0
60 453 385 36 0 0 0
60 453 382 39 0 -8 0
60 445 379 42 0 0 0
60 445 376 45 0 -8 0
60 437 373 48 0 0 0
60 437 370 51 0 -8 0
60 429 367 54 0 0 0
60 429 364 57 0 8 0
60 437 361 60 0 0 0
60 437 358 63 0 8 0
60 445 355 66 0 8 0
60 453 352 69 0 -8 0
60 445 349 72 0 0 0
60 445 346 75 0 8 0
60 453 343 78 0 0 0
60 453 340 81 0 0 0
60 453 337 84 0 0 0
60 453 334 87 0 8 0
60 461 331 90 0 8 0
60 469 328 93 0 8 0
60 477 325 96 0 0 0
60 477 322 99 0 -8 0
60 469 319 102 0 8 0
60 477 316 105 0 -8 0
60 469 313 108 0 -8 0
60 461 310 111 8 8 0
68 469 307 114 0 -8 0
68 461 304 117 0 8 0
68 469 301 120 8 -8 0
76 461 298 123 0 -8 0
76 453 295 126 0 8 0
76 461 292 129 8 8 0
84 469 289 132 0 -8 0
84 461 286 135 8 0 0
92 461 283 138 0 8 0
92 469 280 141 0 8 0
92 477 277 144 8 -8 0
100 469 274 147 0 0 0
100 469 271 150 0 8 0
100 477 268 153 8 -8 0
108 469 265 156 0 8 0
108 477 262 159 8 8 0
116 485 259 162 0 0 0
116 485 256 165 0 -8 0
116 477 253 168 8 -8 0
124 469 250 171 0 8 0
124 477 247 174 0 8 0
124 485 244 177 8 -8 0
132 477 241 180 0 0 0
132 477 238 183 8 0 0
140 477 235 186 0 0 0
140 477 232 189 0 -8 0
140 469 229 192 8 8 0
148 477 226 195 0 0 0
148 477 223 198 0 0 0
148 477 220 201 8 8 0
156 485 217 204 0 0 0
156 485 214 207 8 -8 0
164 477 211 210 0 -8 0
164 469 208 213 0 -8 0
164 461 205 216 8 -8 0
172 453 202 219 0 8 0
172 461 199 222 0 8 0
172 469 196 225 8 8 0
180 477 193 228 0 8 0
180 485 190 231 8 0 0
188 485 187 234 0 0 0
188 485 184 237 0 -8 0
188 477 181 240 8 0 0
196 477 178 243 0 8 0
196 485 175 246 0 8 0
196 493 172 249 8 -8 0
204 485 169 252 0 8 0
204 493 166 255 8 0 0
212 493 163 258 0 -8 0
212 485 160 261 0 8 0
212 493 157 264 8 8 0
220 501 154 267 0 -8 0
220 493 151 270 0 -8 0
220 485 148 273 8 -8 0
228 477 145 276 0 0 0
228 477 142 279 8 0 0
236 477 139 282 0 0 0
236 477 136 285 0 -8 0
236 469 133 288 8 0 0
244 469 130 291 0 8 0
244 477 127 294 0 0 0
244 477 124 297 8 -8 0
252 469 121 300 0 8 0
252 477 118 303 8 0 0
260 477 115 306 0 -8 0
260 469 112 309 0 -8 0
260 461 109 312 8 8 0
268 469 106 315 0 -8 0
268 461 103 318 0 -8 0
268 453 100 321 8 0 0
276 453 97 324 0 0 0
276 453 94 327 8 0 0
284 453 91 330 0 8 0
284 461 88 333 0 8 0
284 469 85 336 8 -8 0
292 461 82 339 0 0 0
292 461 79 342 0 8 0
292 469 76 345 8 -8 0
300 461 73 348 0 0 0
300 461 70 351 8 8 0
308 469 67 354 0 -8 0
308 461 64 357 0 0 0
308 461 61 360 8 8 0
316 469 58 363 0 8 0
316 477 55 366 0 0 0
316 477 52 369 8 0 0
324 477 49 372 0 8 0
324 485 46 375 8 0 0
332 485 43 378 0 8 0
332 493 40 381 0 8 0
332 501 37 384 8 0 0
340 501 34 387 0 -8 0
340 493 31 390 0 0 0
340 493 28 393 8 0 0
348 493 25 396 0 0 0
348 493 22 399 8 -8 0
356 485 19 402 0 8 0
356 493 22 405 0 0 0
356 493 25 408 8 -8 0
364 485 28 411 0 0 0
364 485 31 414 0 -8 0
364 477 34 417 8 0 0
372 477 37 420 0 0 0
372 477 40 423 8 -8 0
380 469 43 426 0 8 0
380 477 46 429 0 -8 0
380 469 49 432 8 -8 0
388 461 52 435 0 0 0
388 461 55 438 0 8 0
388 469 58 441 8 -8 0
396 461 61 444 0 8 0
396 469 64 447 8 8 0
404 477 67 450 0 0 0
404 477 70 453 0 0 0
404 477 73 456 8 -8 0
412 469 76 459 0 8 0
412 477 79 462 0 8 0
412 485 82 465 8 0 0
420 485 85 468 0 -8 0
420 477 88 471 8 8 0
428 485 91 474 0 0 0
428 485 94 477 0 8 0
428 493 97 480 8 0 0
436 493 100 483 0 8 0
436 501 103 486 0 0 0
436 501 106 489 8 8 0
444 509 109 492 0 0 0
444 509 112 495 8 0 0
452 509 115 498 0 -8 0
452 501 118 501 0 -8 0
452 493 121 504 8 -8 0
460 485 124 507 0 0 0
460 485 127 510 0 -8 0
460 477 130 513 8 8 0
468 485 133 516 0 8 0
468 493 136 519 8 0 0
476 493 139 522 0 -8 0
476 485 142 525 0 0 0
476 485 145 528 8 8 0
484 493 148 531 0 -8 0
484 485 151 534 0 8 0
484 493 154 537 8 -8 0
492 485 157 540 0 0 0
492 485 160 543 8 8 0
500 493 163 546 0 0 0
500 493 166 549 0 -8 0
500 485 169 552 8 0 0
508 485 172 555 0 -8 0
508 477 175 558 0 -8 0
508 469 178 561 8 -8 0
516 461 181 564 0 -8 0
516 453 184 567 8 -8 0
524 445 187 570 0 8 0
524 453 190 573 0 -8 0
524 445 193 576 8 -8 0
532 437 196 579 0 8 0
532 445 199 582 0 0 0
532 445 202 585 8 8 0
540 453 205 588 0 -8 0
540 445 208 591 8 8 0
540 453 211 588 0 0 0
540 453 214 585 0 0 0
540 453 217 582 0 8 0
540 461 220 579 0 8 0
540 469 223 576 0 -8 0
540 461 226 573 0 -8 0
540 453 229 570 0 8 0
540 461 232 567 0 8 0
540 469 235 564 0 -8 0
540 461 238 561 0 0 0
540 461 241 558 0 -8 0
540 453 244 555 0 0 0
540 453 247 552 0 8 0
540 461 250 549 0 8 0
540 469 253 546 0 -8 0
540 461 256 543 0 -8 0
540 453 259 540 0 8 0
540 461 262 537 0 -8 0
540 453 265 534 0 0 0
540 453 268 531 0 8 0
540 461 271 528 0 -8 0
540 453 274 525 0 0 0
540 453 277 522 0 0 0
540 453 280 519 0 8 0
540 461 283 516 0 -8 0
540 453 286 513 0 8 0
540 461 289 510 0 0 0
540 461 292 507 0 -8 0
540 453 295 504 0 8 0
540 461 298 501 0 -8 0
540 453 301 498 0 0 0
540 453 304 495 0 8 0
540 461 307 492 0 -8 0
540 453 310 489 -8 -8 0
532 445 313 486 0 0 0
532 445 316 483 0 -8 0
532 437 319 480 -8 -8 0
524 429 322 477 0 -8 0
524 421 325 474 0 -8 0
524 413 328 471 -8 8 0
516 421 331 468 0 -8 0
516 413 334 465 -8 -8 0
508 405 337 462 0 0 0
508 405 340 459 0 0 0
508 405 343 456 -8 0 0
500 405 346 453 0 0 0
500 405 349 450 0 -8 0
500 397 352 447 -8 -8 0
492 389 355 444 0 8 0
492 397 358 441 -8 -8 0
484 389 361 438 0 -8 0
484 381 364 435 0 -8 0
484 373 367 432 -8 0 0
476 373 370 429 0 -8 0
476 365 373 426 0 -8 0
476 357 376 423 -8 0 0
468 357 379 420 0 -8 0
468 349 382 417 -8 0 0
460 349 385 414 0 0 0
460 349 388 411 0 -8 0
460 341 391 408 -8 -8 0
452 333 394 405 0 0 0
452 333 397 402 0 0 0
452 333 400 399 -8 8 0
444 341 403 396 0 0 0
444 341 406 393 -8 8 0
436 349 409 390 0 8 0
436 357 412 387 0 0 0
436 357 415 384 -8 -8 0
428 349 418 381 0 0 0
428 349 421 378 0 0 0
428 349 424 375 -8 8 0
420 357 427 372 0 -8 0
420 349 430 369 -8 8 0
412 357 433 366 0 0 0
412 357 436 363 0 0 0
412 357 439 360 -8 0 0
404 357 442 357 0 -8 0
404 349 445 354 0 0 0
404 349 448 351 -8 0 0
396 349 451 348 0 0 0
396 349 454 345 -8 0 0
388 349 457 342 0 0 0
388 349 460 339 0 -8 0
388 341 463 336 -8 0 0
380 341 466 333 0 0 0
380 341 469 330 0 8 0
380 349 472 327 -8 0 0
372 349 475 324 0 0 0
372 349 478 321 -8 8 0
364 357 481 318 0 -8 0
364 349 484 315 0 0 0
364 349 487 312 -8 -8 0
356 341 490 309 0 -8 0
356 333 493 306 0 8 0
356 341 496 303 -8 -8 0
348 333 499 300 0 -8 0
348 325 502 297 -8 0 0
340 325 505 294 0 8 0
340 333 508 291 0 8 0
340 341 511 288 -8 -8 0
332 333 514 285 0 0 0
332 333 517 282 0 -8 0
332 325 520 279 -8 -8 0
324 317 523 276 0 -8 0
324 309 526 273 -8 0 0
316 309 529 270 0 0 0
316 309 532 267 0 -8 0
316 301 535 264 -8 -8 0
308 293 538 261 0 -8 0
308 285 541 258 0 -8 0
308 277 544 255 -8 -8 0
300 269 547 252 0 0 0
300 269 550 249 -8 -8 0
292 261 553 246 0 0 0
292 261 556 243 0 -8 0
292 253 559 240 -8 0 0
284 253 562 237 0 0 0
284 253 565 234 0 8 0
284 261 568 231 -8 8 0
276 269 571 228 0 0 0
276 269 574 225 -8 8 0
268 277 577 222 0 0 0
268 277 580 219 0 -8 0
268 269 583 216 -8 0 0
260 269 586 213 0 -8 0
260 261 589 210 0 8 0
260 269 592 207 -8 -8 0
252 261 595 204 0 8 0
252 269 598 201 -8 0 0
244 269 601 198 0 -8 0
244 261 604 195 0 8 0
244 269 607 192 -8 0 0
236 269 610 189 0 0 0
236 269 613 186 0 -8 0
236 261 616 183 -8 0 0
228 261 619 180 0 0 0
228 261 622 177 -8 -8 0
220 253 625 174 0 8 0
220 261 628 171 0 8 0
220 269 631 168 -8 0 0
212 269 634 165 0 8 0
212 277 637 162 0 8 0
212 285 640 159 -8 0 0
204 285 643 156 0 8 0
204 293 646 153 -8 8 0
196 301 649 150 0 8 0
196 309 652 147 0 -8 0
196 301 655 144 -8 -8 0
188 293 658 141 0 -8 0
188 285 661 138 0 -8 0
188 277 664 135 -8 8 0
180 285 667 132 0 0 0
180 285 670 129 -8 0 0
172 285 673 126 0 -8 0
172 277 676 123 0 0 0
172 277 679 120 -8 -8 0
164 269 682 117 0 -8 0
164 261 685 114 0 0 0
164 261 688 111 -8 0 0
156 261 691 108 0 -8 0
156 253 694 105 -8 0 0
148 253 697 102 0 -8 0
148 245 700 99 0 8 0
148 253 703 96 -8 8 0
140 261 706 93 0 8 0
140 269 709 90 0 0 0
140 269 712 87 -8 -8 0
132 261 715 84 0 -8 0
132 253 718 81 -8 8 0
124 261 721 78 0 8 0
124 269 724 75 0 8 0
124 277 727 72 -8 0 0
116 277 730 69 0 8 0
116 285 733 66 0 0 0
116 285 736 63 -8 8 0
108 293 739 60 0 0 0
108 293 742 57 -8 8 0
100 301 745 54 0 8 0
100 309 748 51 0 0 0
100 309 751 48 -8 0 0
92 309 754 45 0 -8 0
92 301 757 42 0 8 0
92 309 760 39 -8 8 0
84 317 763 36 0 -8 0
84 309 766 33 -8 8 0
76 317 769 30 0 0 0
76 317 772 27 0 8 0
76 325 775 24 -8 0 0
68 325 778 21 0 0 0
68 325 781 18 0 0 1
68 325 781 18 0 0 1
68 325 781 18 0 0 1
68 325 781 18 0 0 1
68 325 781 18 0 0 1
