271 536 493 369 0 0 0
271 536 490 372 8 8 0
279 540 487 375 8 8 0
287 540 484 378 8 -8 0
295 532 481 381 8 0 0
303 532 478 384 8 8 0
311 540 475 387 8 8 0
319 540 472 390 8 0 0
327 540 469 393 8 8 0
335 540 466 396 8 0 0
343 540 463 399 8 8 0
351 540 460 402 8 8 0
359 540 457 405 0 8 0
359 540 454 408 0 -8 0
359 532 451 411 8 8 0
367 540 448 414 0 8 0
367 540 445 417 0 0 0
367 540 442 420 8 0 0
375 540 439 423 0 8 0
375 540 436 426 8 -8 0
383 532 433 429 0 -8 0
383 524 430 432 0 0 0
383 524 427 435 8 8 0
391 532 424 438 0 8 0
391 540 421 441 0 -8 0
391 532 418 444 8 -8 0
399 524 415 447 0 8 0
399 532 412 450 8 8 0
407 540 409 453 0 -8 0
407 532 406 456 0 -8 0
407 524 403 459 8 8 0
415 532 400 462 0 8 0
415 540 397 465 0 -8 0
415 532 394 468 8 -8 0
423 524 391 471 0 -8 0
423 516 388 474 8 0 0
431 516 385 477 0 0 0
431 516 382 480 0 -8 0
431 508 379 483 8 0 0
439 508 376 486 0 -8 0
439 500 373 489 0 8 0
439 508 370 492 8 0 0
447 508 367 495 0 8 0
447 516 364 498 8 -8 0
455 508 361 501 0 -8 0
455 500 358 504 0 -8 0
455 492 355 507 8 8 0
463 500 352 510 0 0 0
463 500 349 513 0 8 0
463 508 346 516 8 0 0
471 508 343 519 0 8 0
471 516 340 522 8 0 0
479 516 337 525 0 -8 0
479 508 334 528 0 0 0
479 508 331 531 8 8 0
487 516 328 534 0 -8 0
487 508 325 537 0 0 0
487 508 322 540 8 -8 0
495 500 319 543 0 -8 0
495 492 316 546 8 -8 0
503 484 313 549 0 -8 0
503 476 310 552 0 -8 0
503 468 307 555 8 -8 0
511 460 304 558 0 8 0
511 468 301 561 0 -8 0
511 460 298 564 8 -8 0
519 452 295 567 0 0 0
519 452 292 570 8 0 0
527 452 289 573 0 -8 0
527 444 286 576 0 -8 0
527 436 283 579 8 -8 0
535 428 280 582 0 0 0
535 428 277 585 0 0 0
535 428 274 588 8 -8 0
540 420 271 591 8 0 0
540 420 268 588 0 -8 0
540 412 265 585 0 8 0
540 420 262 582 0 8 0
540 428 259 579 0 -8 0
540 420 256 576 0 0 0
540 420 253 573 0 8 0
540 428 250 570 0 -8 0
540 420 247 567 0 8 0
540 428 244 564 0 0 0
540 428 241 561 0 -8 0
540 420 238 558 0 0 0
540 420 235 555 0 8 0
540 428 232 552 0 -8 0
540 420 229 549 0 0 0
540 420 226 546 0 -8 0
540 412 223 543 0 -8 0
540 404 220 540 0 -8 0
540 396 217 537 0 8 0
540 404 214 534 0 8 0
540 412 211 531 0 8 0
540 420 208 528 0 -8 0
540 412 205 525 0 8 0
540 420 202 522 0 0 0
540 420 199 519 0 0 0
540 420 196 516 0 0 0
540 420 193 513 0 0 0
540 420 190 510 0 8 0
540 428 187 507 0 0 0
540 428 184 504 0 0 0
540 428 181 501 0 -8 0
540 420 178 498 0 8 0
540 428 175 495 0 -8 0
540 420 172 492 0 0 0
540 420 169 489 -8 0 0
532 420 166 486 0 -8 0
532 412 163 483 0 0 0
532 412 160 480 -8 -8 0
524 404 157 477 0 -8 0
524 396 154 474 0 -8 0
524 388 151 471 -8 -8 0
516 380 148 468 0 0 0
516 380 145 465 -8 8 0
508 388 142 462 0 -8 0
508 380 139 459 0 -8 0
508 372 136 456 -8 8 0
500 380 133 453 0 0 0
500 380 130 450 0 8 0
500 388 127 447 -8 8 0
492 396 124 444 0 8 0
492 404 121 441 -8 -8 0
484 396 118 438 0 0 0
484 396 115 435 0 8 0
484 404 112 432 -8 8 0
476 412 109 429 0 -8 0
476 404 106 426 0 0 0
476 404 103 423 -8 -8 0
468 396 100 420 0 0 0
468 396 97 417 -8 8 0
460 404 94 414 0 -8 0
460 396 91 411 0 0 0
460 396 88 408 -8 -8 0
452 388 85 405 0 8 0
452 396 82 402 0 -8 0
452 388 79 399 -8 8 0
444 396 76 396 0 0 0
444 396 73 393 -8 0 0
436 396 70 390 0 0 0
436 396 67 387 0 0 0
436 396 64 384 -8 -8 0
428 388 61 381 0 -8 0
428 380 58 378 0 8 0
428 388 55 375 -8 -8 0
420 380 52 372 0 0 0
420 380 49 369 -8 8 0
412 388 46 366 0 0 0
412 388 43 363 0 -8 0
412 380 40 360 -8 8 0
404 388 37 357 0 8 0
404 396 34 354 0 0 0
404 396 31 351 -8 0 0
396 396 28 348 0 -8 0
396 388 25 345 -8 8 0
388 396 22 342 0 0 0
388 396 19 339 0 -8 0
388 388 22 336 -8 8 0
380 396 25 333 0 -8 0
380 388 28 330 0 8 0
380 396 31 327 -8 -8 0
372 388 34 324 0 0 0
372 388 37 321 -8 8 0
364 396 40 318 0 -8 0
364 388 43 315 0 -8 0
364 380 46 312 -8 -8 0
356 372 49 309 0 0 0
356 372 52 306 0 8 0
356 380 55 303 -8 0 0
348 380 58 300 0 8 0
348 388 61 297 -8 0 0
340 388 64 294 0 -8 0
340 380 67 291 0 -8 0
340 372 70 288 -8 -8 0
332 364 73 285 0 8 0
332 372 76 282 0 -8 0
332 364 79 279 -8 0 0
324 364 82 276 0 -8 0
324 356 85 273 -8 8 0
316 364 88 270 0 8 0
316 372 91 267 0 -8 0
316 364 94 264 -8 8 0
308 372 97 261 0 0 0
308 372 100 258 0 8 0
308 380 103 255 -8 -8 0
300 372 106 252 0 0 0
300 372 109 249 -8 -8 0
292 364 112 246 0 -8 0
292 356 115 243 0 -8 0
292 348 118 240 -8 0 0
284 348 121 237 0 0 0
284 348 124 234 0 0 0
284 348 127 231 -8 8 0
276 356 130 228 0 0 0
276 356 133 225 -8 -8 0
268 348 136 222 0 -8 0
268 340 139 219 0 0 0
268 340 142 216 -8 -8 0
260 332 145 213 0 -8 0
260 324 148 210 0 0 0
260 324 151 207 -8 0 0
252 324 154 204 0 0 0
252 324 157 201 -8 0 0
244 324 160 198 0 8 0
244 332 163 195 0 0 0
244 332 166 192 -8 8 0
236 340 169 189 0 0 0
236 340 172 186 0 0 0
236 340 175 183 -8 8 0
228 348 178 180 0 0 0
228 348 181 177 -8 0 0
220 348 184 174 0 8 0
220 356 187 171 0 0 0
220 356 190 168 -8 -8 0
212 348 193 165 0 -8 0
212 340 196 162 0 8 0
212 348 199 159 -8 -8 0
204 340 202 156 0 8 0
204 348 205 153 -8 -8 0
196 340 208 150 0 8 0
196 348 211 147 0 0 0
196 348 214 144 -8 0 0
188 348 217 141 0 -8 0
188 340 220 138 0 8 0
188 348 223 135 -8 8 0
180 356 226 132 0 -8 0
180 348 229 129 -8 8 0
172 356 232 126 0 8 0
172 364 235 123 0 0 0
172 364 238 120 -8 8 0
164 372 241 117 0 -8 0
164 364 244 114 0 8 0
164 372 247 111 -8 -8 0
156 364 250 108 0 8 0
156 372 253 105 -8 8 0
148 380 256 102 0 8 0
148 388 259 99 0 8 0
148 396 262 96 -8 8 0
140 404 265 93 0 0 0
140 404 268 90 0 -8 0
140 396 271 87 -8 -8 0
132 388 274 84 0 -8 0
132 380 277 81 -8 0 0
124 380 280 78 0 8 0
124 388 283 75 0 -8 0
124 380 286 72 -8 0 0
116 380 289 69 0 0 0
116 380 292 66 0 0 0
116 380 295 63 -8 0 0
108 380 298 60 0 0 0
108 380 301 57 -8 8 0
100 388 304 54 0 0 0
100 388 307 51 0 -8 0
100 380 310 48 -8 0 0
92 380 313 45 0 -8 0
92 372 316 42 0 0 0
92 372 319 39 -8 -8 0
84 364 322 36 0 0 0
84 364 325 33 -8 0 0
76 364 328 30 0 -8 0
76 356 331 27 0 0 0
76 356 334 24 -8 8 0
68 364 337 21 0 8 0
68 372 340 18 0 0 0
68 372 343 15 -8 0 0
60 372 346 12 0 -8 0
60 364 349 9 -8 -8 0
60 356 352 12 0 0 0
60 356 355 15 0 -8 0
60 348 358 18 0 -8 0
60 340 361 21 0 -8 0
60 332 364 24 0 0 0
60 332 367 27 0 0 0
60 332 370 30 0 0 0
60 332 373 33 0 0 0
60 332 376 36 0 -8 0
60 324 379 39 0 0 0
60 324 382 42 0 8 0
60 332 385 45 0 8 0
60 340 388 48 0 0 0
60 340 391 51 0 -8 0
60 332 394 54 0 0 0
60 332 397 57 0 0 0
60 332 400 60 0 0 0
60 332 403 63 0 -8 0
60 324 406 66 0 8 0
60 332 409 69 0 0 0
60 332 412 72 0 0 0
60 332 415 75 0 -8 0
60 324 418 78 0 -8 0
60 316 421 81 0 -8 0
60 308 424 84 0 0 0
60 308 427 87 0 -8 0
60 300 430 90 0 8 0
60 308 433 93 0 -8 0
60 300 436 96 0 0 0
60 300 439 99 0 -8 0
60 292 442 102 0 -8 0
60 284 445 105 0 8 0
60 292 448 108 0 0 0
60 292 451 111 8 0 0
68 292 454 114 0 -8 0
68 284 457 117 0 8 0
68 292 460 120 8 8 0
76 300 463 123 0 8 0
76 308 466 126 0 -8 0
76 300 469 129 8 -8 0
84 292 472 132 0 -8 0
84 284 475 135 8 -8 0
92 276 478 138 0 8 0
92 284 481 141 0 0 0
92 284 484 144 8 8 0
100 292 487 147 0 -8 0
100 284 490 150 0 8 0
100 292 493 153 8 0 0
108 292 496 156 0 8 0
108 300 499 159 8 0 0
116 300 502 162 0 8 0
116 308 505 165 0 8 0
116 316 508 168 8 0 0
124 316 511 171 0 -8 0
124 308 514 174 0 8 0
124 316 517 177 8 -8 0
132 308 520 180 0 0 0
132 308 523 183 8 -8 0
140 300 526 186 0 8 0
140 308 529 189 0 -8 0
140 300 532 192 8 -8 0
148 292 535 195 0 0 0
148 292 538 198 0 8 0
148 300 541 201 8 8 0
156 308 544 204 0 0 0
156 308 547 207 8 0 0
164 308 550 210 0 0 0
164 308 553 213 0 -8 0
164 300 556 216 8 -8 0
172 292 559 219 0 0 0
172 292 562 222 0 8 0
172 300 565 225 8 0 0
180 300 568 228 0 -8 0
180 292 571 231 8 8 0
188 300 574 234 0 8 0
188 308 577 237 0 8 0
188 316 580 240 8 8 0
196 324 583 243 0 -8 0
196 316 586 246 0 0 0
196 316 589 249 8 -8 0
204 308 592 252 0 0 0
204 308 595 255 8 -8 0
212 300 598 258 0 0 0
212 300 601 261 0 0 0
212 300 604 264 8 -8 0
220 292 607 267 0 8 0
220 300 610 270 0 0 0
220 300 613 273 8 -8 0
228 292 616 276 0 -8 0
228 284 619 279 8 -8 0
236 276 622 282 0 0 0
236 276 625 285 0 0 0
236 276 628 288 8 -8 0
244 268 631 291 0 0 0
244 268 634 294 0 8 0
244 276 637 297 8 -8 0
252 268 640 300 0 0 0
252 268 643 303 8 0 0
260 268 646 306 0 -8 0
260 260 649 309 0 -8 0
260 252 652 312 8 8 0
268 260 655 315 0 -8 0
268 252 658 318 0 0 0
268 252 661 321 8 0 0
276 252 664 324 0 8 0
276 260 667 327 8 0 0
284 260 670 330 0 8 0
284 268 673 333 0 0 0
284 268 676 336 8 -8 0
292 260 679 339 0 0 0
292 260 682 342 0 0 0
292 260 685 345 8 8 0
300 268 688 348 0 0 0
300 268 691 351 8 8 0
308 276 694 354 0 0 0
308 276 697 357 0 8 0
308 284 700 360 8 -8 0
316 276 703 363 0 0 0
316 276 706 366 0 0 0
316 276 709 369 8 -8 0
324 268 712 372 0 0 0
324 268 715 375 8 8 0
332 276 718 378 0 -8 0
332 268 721 381 0 8 0
332 276 724 384 8 8 0
340 284 727 387 0 -8 0
340 276 730 390 0 0 0
340 276 733 393 8 8 0
348 284 736 396 0 -8 0
348 276 739 399 8 8 0
356 284 742 402 0 -8 0
356 276 745 405 0 8 0
356 284 748 408 8 -8 0
364 276 751 411 0 8 0
364 284 754 414 0 -8 0
364 276 757 417 8 0 0
372 276 760 420 0 0 0
372 276 763 423 8 0 0
380 276 766 426 0 8 0
380 284 769 429 0 -8 0
380 276 772 432 8 0 0
388 276 775 435 0 8 0
388 284 778 438 0 0 0
388 284 781 441 0 0 1
388 284 781 441 0 0 1
388 284 781 441 0 0 1
388 284 781 441 0 0 1
388 284 781 441 0 0 1
