294 366 649 387 0 0 0
294 366 652 384 8 0 0
302 366 655 381 8 0 0
310 366 658 378 8 8 0
318 374 661 375 8 8 0
326 382 664 372 0 8 0
326 390 667 369 0 -8 0
326 382 670 366 0 0 0
326 382 673 363 0 8 0
326 390 676 360 0 0 0
326 390 679 357 0 -8 0
326 382 682 354 0 0 0
326 382 685 351 0 -8 0
326 374 688 348 0 -8 0
326 366 691 345 0 0 0
326 366 694 342 0 -8 0
326 358 697 339 0 8 0
326 366 700 336 0 0 0
326 366 703 333 0 0 0
326 366 706 330 0 0 0
326 366 709 327 0 -8 0
326 358 712 324 0 8 0
326 366 715 321 0 8 0
326 374 718 318 0 8 0
326 382 721 315 0 8 0
326 390 724 312 0 8 0
326 398 727 309 0 8 0
326 406 730 306 0 8 0
326 414 733 303 0 8 0
326 422 736 300 0 -8 0
326 414 739 297 0 -8 0
326 406 742 294 0 8 0
326 414 745 291 0 8 0
326 422 748 288 0 0 0
326 422 751 285 0 8 0
326 430 754 282 0 -8 0
326 422 757 279 0 -8 0
326 414 760 276 0 8 0
326 422 763 273 -8 -8 0
318 414 766 270 0 0 0
318 414 769 267 -8 8 0
310 422 772 264 0 0 0
310 422 775 261 0 8 0
310 430 778 258 -8 0 0
302 430 781 255 0 0 1
302 430 781 255 0 0 1
302 430 781 255 0 0 1
302 430 781 255 0 0 1
302 430 781 255 0 0 1
