534 417 301 468 0 0 0
534 417 298 465 -8 0 0
526 417 295 462 -8 8 0
518 425 292 459 -8 0 0
510 425 289 456 -8 -8 0
502 417 286 453 0 -8 0
502 409 283 450 -8 8 0
494 417 280 447 0 8 0
494 425 277 444 0 -8 0
494 417 274 441 -8 0 0
486 417 271 438 0 8 0
486 425 268 435 -8 0 0
478 425 265 432 0 0 0
478 425 262 429 0 8 0
478 433 259 426 -8 0 0
470 433 256 423 0 -8 0
470 425 253 420 0 0 0
470 425 250 417 -8 -8 0
462 417 247 414 0 -8 0
462 409 244 411 -8 8 0
454 417 241 408 0 8 0
454 425 238 405 0 8 0
454 433 235 402 -8 -8 0
446 425 232 399 0 -8 0
446 417 229 396 0 -8 0
446 409 226 393 -8 8 0
438 417 223 390 0 0 0
438 417 220 387 -8 0 0
430 417 217 384 0 0 0
430 417 214 381 0 0 0
430 417 211 378 -8 0 0
422 417 208 375 0 0 0
422 417 205 372 0 8 0
422 425 202 369 -8 -8 0
414 417 199 366 0 8 0
414 425 196 363 -8 8 0
406 433 193 360 0 8 0
406 441 190 357 0 0 0
406 441 187 354 -8 8 0
398 449 184 351 0 8 0
398 457 181 348 0 0 0
398 457 178 345 -8 0 0
390 457 175 342 0 -8 0
390 449 172 339 -8 8 0
382 457 169 336 0 8 0
382 465 166 333 0 8 0
382 473 163 330 -8 0 0
374 473 160 327 0 0 0
374 473 157 324 0 0 0
374 473 154 321 -8 -8 0
366 465 151 318 0 -8 0
366 457 148 315 -8 8 0
358 465 145 312 0 8 0
358 473 142 309 0 -8 0
358 465 139 306 -8 0 0
350 465 136 303 0 8 0
350 473 133 300 0 8 0
350 481 130 297 -8 8 0
342 489 127 294 0 0 0
342 489 124 291 -8 -8 0
334 481 121 288 0 -8 0
334 473 118 285 0 -8 0
334 465 115 282 -8 8 0
326 473 112 279 0 8 0
326 481 109 276 0 -8 0
326 473 106 273 -8 0 0
318 473 103 270 0 -8 0
318 465 100 267 -8 -8 0
310 457 97 264 0 8 0
310 465 94 261 0 -8 0
310 457 91 258 -8 -8 0
302 449 88 255 0 8 0
302 457 85 252 0 0 0
302 457 82 249 -8 0 0
294 457 79 246 0 -8 0
294 449 76 243 -8 -8 0
286 441 73 240 0 0 0
286 441 70 237 0 -8 0
286 433 67 234 -8 -8 0
278 425 64 231 0 0 0
278 425 61 228 0 -8 0
278 417 58 225 -8 8 0
270 425 55 222 0 -8 0
270 417 52 219 -8 8 0
262 425 49 216 0 -8 0
262 417 46 213 0 8 0
262 425 43 210 -8 0 0
254 425 40 207 0 -8 0
254 417 37 204 0 0 0
254 417 34 201 -8 8 0
246 425 31 198 0 8 0
246 433 28 195 -8 -8 0
238 425 25 192 0 -8 0
238 417 22 189 0 0 0
238 417 19 186 0 0 1
238 417 19 186 0 0 1
238 417 19 186 0 0 1
238 417 19 186 0 0 1
238 417 19 186 0 0 1
