473 430 163 393 0 0 0
473 430 166 396 -8 0 0
465 430 169 399 -8 0 0
457 430 172 402 -8 -8 0
449 422 175 405 0 0 0
449 422 178 408 0 8 0
449 430 181 411 0 0 0
449 430 184 414 0 0 0
449 430 187 417 0 0 0
449 430 190 420 0 0 0
449 430 193 423 0 8 0
449 438 196 426 0 0 0
449 438 199 429 0 0 0
449 438 202 432 0 -8 0
449 430 205 435 0 8 0
449 438 208 438 0 -8 0
449 430 211 441 0 8 0
449 438 214 444 0 0 0
449 438 217 447 0 0 0
449 438 220 450 0 0 0
449 438 223 453 0 -8 0
449 430 226 456 0 8 0
449 438 229 459 0 8 0
449 446 232 462 0 8 0
449 454 235 465 0 -8 0
449 446 238 468 0 -8 0
449 438 241 471 0 0 0
449 438 244 474 0 0 0
449 438 247 477 0 0 0
449 438 250 480 0 -8 0
449 430 253 483 0 8 0
449 438 256 486 0 -8 0
449 430 259 489 0 -8 0
449 422 262 492 0 8 0
449 430 265 495 0 0 0
449 430 268 498 0 8 0
449 438 271 501 8 0 0
457 438 274 504 0 0 0
457 438 277 507 0 8 0
457 446 280 510 8 8 0
465 454 283 513 0 0 0
465 454 286 516 8 8 0
473 462 289 519 0 8 0
473 470 292 522 0 0 0
473 470 295 525 8 0 0
481 470 298 528 0 -8 0
481 462 301 531 0 8 0
481 470 304 534 8 8 0
489 478 307 537 0 8 0
489 486 310 540 8 0 0
497 486 313 543 0 -8 0
497 478 316 546 0 -8 0
497 470 319 549 8 0 0
505 470 322 552 0 -8 0
505 462 325 555 0 0 0
505 462 328 558 8 0 0
513 462 331 561 0 8 0
513 470 334 564 8 -8 0
521 462 337 567 0 -8 0
521 454 340 570 0 -8 0
521 446 343 573 8 0 0
529 446 346 576 0 -8 0
529 438 349 579 0 8 0
529 446 352 582 8 8 0
537 454 355 585 0 8 0
537 462 358 588 8 -8 0
540 454 361 591 8 0 0
540 454 364 588 0 0 0
540 454 367 585 0 0 0
540 454 370 582 0 0 0
540 454 373 579 0 0 0
540 454 376 576 0 -8 0
540 446 379 573 0 -8 0
540 438 382 570 0 0 0
540 438 385 567 0 8 0
540 446 388 564 0 0 0
540 446 391 561 0 0 0
540 446 394 558 0 0 0
540 446 397 555 0 0 0
540 446 400 552 0 -8 0
540 438 403 549 0 8 0
540 446 406 546 0 8 0
540 454 409 543 0 0 0
540 454 412 540 0 -8 0
540 446 415 537 0 0 0
540 446 418 534 0 8 0
540 454 421 531 0 0 0
540 454 424 528 0 -8 0
540 446 427 525 0 0 0
540 446 430 522 0 -8 0
540 438 433 519 0 0 0
540 438 436 516 0 8 0
540 446 439 513 0 8 0
540 454 442 510 0 8 0
540 462 445 507 0 0 0
540 462 448 504 0 0 0
540 462 451 501 0 0 0
540 462 454 498 0 8 0
540 470 457 495 0 8 0
540 478 460 492 0 -8 0
540 470 463 489 -8 -8 0
532 462 466 486 0 0 0
532 462 469 483 0 -8 0
532 454 472 480 -8 -8 0
524 446 475 477 0 0 0
524 446 478 474 0 8 0
524 454 481 471 -8 -8 0
516 446 484 468 0 8 0
516 454 487 465 -8 0 0
508 454 490 462 0 0 0
508 454 493 459 0 -8 0
508 446 496 456 -8 0 0
500 446 499 453 0 0 0
500 446 502 450 0 0 0
500 446 505 447 -8 0 0
492 446 508 444 0 -8 0
492 438 511 441 -8 0 0
484 438 514 438 0 0 0
484 438 517 435 0 -8 0
484 430 520 432 -8 8 0
476 438 523 429 0 8 0
476 446 526 426 0 0 0
476 446 529 423 -8 0 0
468 446 532 420 0 0 0
468 446 535 417 -8 -8 0
460 438 538 414 0 -8 0
460 430 541 411 0 8 0
460 438 544 408 -8 0 0
452 438 547 405 0 8 0
452 446 550 402 0 -8 0
452 438 553 399 -8 -8 0
444 430 556 396 0 -8 0
444 422 559 393 -8 8 0
436 430 562 390 0 -8 0
436 422 565 387 0 -8 0
436 414 568 384 -8 8 0
428 422 571 381 0 0 0
428 422 574 378 0 0 0
428 422 577 375 -8 0 0
420 422 580 372 0 8 0
420 430 583 369 -8 0 0
412 430 586 366 0 8 0
412 438 589 363 0 8 0
412 446 592 360 -8 8 0
404 454 595 357 0 8 0
404 462 598 354 0 8 0
404 470 601 351 -8 -8 0
396 462 604 348 0 0 0
396 462 607 345 -8 -8 0
388 454 610 342 0 0 0
388 454 613 339 0 0 0
388 454 616 336 -8 8 0
380 462 619 333 0 -8 0
380 454 622 330 0 -8 0
380 446 625 327 -8 -8 0
372 438 628 324 0 0 0
372 438 631 321 -8 8 0
364 446 634 318 0 -8 0
364 438 637 315 0 0 0
364 438 640 312 -8 8 0
356 446 643 309 0 0 0
356 446 646 306 0 8 0
356 454 649 303 -8 0 0
348 454 652 300 0 0 0
348 454 655 297 -8 -8 0
340 446 658 294 0 -8 0
340 438 661 291 0 8 0
340 446 664 288 -8 8 0
332 454 667 285 0 0 0
332 454 670 282 0 0 0
332 454 673 279 -8 0 0
324 454 676 276 0 8 0
324 462 679 273 -8 8 0
316 470 682 270 0 8 0
316 478 685 267 0 -8 0
316 470 688 264 -8 -8 0
308 462 691 261 0 -8 0
308 454 694 258 0 -8 0
308 446 697 255 -8 -8 0
300 438 700 252 0 8 0
300 446 703 249 -8 8 0
292 454 706 246 0 0 0
292 454 709 243 0 8 0
292 462 712 240 -8 -8 0
284 454 715 237 0 -8 0
284 446 718 234 0 0 0
284 446 721 231 -8 -8 0
276 438 724 228 0 -8 0
276 430 727 225 -8 8 0
268 438 730 222 0 8 0
268 446 733 219 0 8 0
268 454 736 216 -8 -8 0
260 446 739 213 0 0 0
260 446 742 210 0 0 0
260 446 745 207 -8 8 0
252 454 748 204 0 0 0
252 454 751 201 -8 0 0
244 454 754 198 0 0 0
244 454 757 195 0 0 0
244 454 760 192 -8 8 0
236 462 763 189 0 0 0
236 462 766 186 0 0 0
236 462 769 183 -8 8 0
228 470 772 180 0 0 0
228 470 775 177 -8 8 0
220 478 778 174 0 8 0
220 486 781 171 0 0 1
220 486 781 171 0 0 1
220 486 781 171 0 0 1
220 486 781 171 0 0 1
220 486 781 171 0 0 1
