156 252 190 303 0 0 0
156 252 187 300 8 8 0
164 260 184 297 8 8 0
172 268 181 294 8 8 0
180 276 178 291 8 -8 0
188 268 175 288 8 0 0
196 268 172 285 8 8 0
204 276 169 282 8 0 0
212 276 166 279 8 8 0
220 284 163 276 8 -8 0
228 276 160 273 0 0 0
228 276 157 270 0 0 0
228 276 154 267 0 -8 0
228 268 151 264 0 -8 0
228 260 148 261 0 -8 0
228 252 145 258 0 0 0
228 252 142 255 0 0 0
228 252 139 252 0 0 0
228 252 136 249 0 -8 0
228 244 133 246 0 -8 0
228 236 130 243 0 8 0
228 244 127 240 0 -8 0
228 236 124 237 0 8 0
228 244 121 234 0 8 0
228 252 118 231 0 8 0
228 260 115 228 0 8 0
228 268 112 225 0 0 0
228 268 109 222 0 0 0
228 268 106 219 0 -8 0
228 260 103 216 0 0 0
228 260 100 213 0 8 0
228 268 97 210 0 0 0
228 268 94 207 0 0 0
228 268 91 204 0 8 0
228 276 88 201 0 -8 0
228 268 85 198 0 8 0
228 276 82 195 0 0 0
228 276 79 192 0 -8 0
228 268 76 189 0 8 0
228 276 73 186 0 -8 0
228 268 70 183 0 8 0
228 276 67 180 0 0 0
228 276 64 177 -8 8 0
220 284 61 174 0 8 0
220 292 58 171 0 -8 0
220 284 55 168 -8 0 0
212 284 52 165 0 8 0
212 292 49 162 0 8 0
212 300 46 159 -8 8 0
204 308 43 156 0 -8 0
204 300 40 153 -8 -8 0
196 292 37 150 0 -8 0
196 284 34 147 0 -8 0
196 276 31 144 -8 0 0
188 276 28 141 0 8 0
188 284 25 138 0 -8 0
188 276 22 135 -8 0 0
180 276 19 132 0 -8 0
180 268 22 129 -8 8 0
172 276 25 126 0 8 0
172 284 28 123 0 8 0
172 292 31 120 -8 -8 0
164 284 34 117 0 -8 0
164 276 37 114 0 0 0
164 276 40 111 -8 -8 0
156 268 43 108 0 8 0
156 276 46 105 -8 0 0
148 276 49 102 0 -8 0
148 268 52 99 0 8 0
148 276 55 96 -8 8 0
140 284 58 93 0 8 0
140 292 61 90 0 0 0
140 292 64 87 -8 8 0
132 300 67 84 0 8 0
132 308 70 81 -8 8 0
124 316 73 78 0 8 0
124 324 76 75 0 8 0
124 332 79 72 -8 8 0
116 340 82 69 0 -8 0
116 332 85 66 0 0 0
116 332 88 63 -8 8 0
108 340 91 60 0 -8 0
108 332 94 57 -8 -8 0
100 324 97 54 0 8 0
100 332 100 51 0 8 0
100 340 103 48 -8 -8 0
92 332 106 45 0 0 0
92 332 109 42 0 -8 0
92 324 112 39 -8 0 0
84 324 115 36 0 0 0
84 324 118 33 -8 0 0
76 324 121 30 0 0 0
76 324 124 27 0 0 0
76 324 127 24 -8 8 0
68 332 130 21 0 -8 0
68 324 133 18 0 8 0
68 332 136 15 -8 0 0
60 332 139 12 0 0 0
60 332 142 9 -8 0 0
60 332 145 12 0 0 0
60 332 148 15 0 8 0
60 340 151 18 0 8 0
60 348 154 21 0 -8 0
60 340 157 24 0 -8 0
60 332 160 27 0 -8 0
60 324 163 30 0 8 0
60 332 166 33 0 -8 0
60 324 169 36 0 8 0
60 332 172 39 0 8 0
60 340 175 42 0 -8 0
60 332 178 45 0 0 0
60 332 181 48 0 0 0
60 332 184 51 0 -8 0
60 324 187 54 0 8 0
60 332 190 57 0 0 0
60 332 193 60 0 8 0
60 340 196 63 0 -8 0
60 332 199 66 0 -8 0
60 324 202 69 0 0 0
60 324 205 72 0 8 0
60 332 208 75 0 8 0
60 340 211 78 0 -8 0
60 332 214 81 0 0 0
60 332 217 84 0 8 0
60 340 220 87 0 8 0
60 348 223 90 0 0 0
60 348 226 93 0 0 0
60 348 229 96 0 -8 0
60 340 232 99 0 -8 0
60 332 235 102 0 -8 0
60 324 238 105 0 0 0
60 324 241 108 0 8 0
60 332 244 111 8 0 0
68 332 247 114 0 8 0
68 340 250 117 0 0 0
68 340 253 120 8 0 0
76 340 256 123 0 8 0
76 348 259 126 0 -8 0
76 340 262 129 8 8 0
84 348 265 132 0 -8 0
84 340 268 135 8 -8 0
92 332 271 138 0 -8 0
92 324 274 141 0 8 0
92 332 277 144 8 0 0
100 332 280 147 0 8 0
100 340 283 150 0 -8 0
100 332 286 153 8 0 0
108 332 289 156 0 0 0
108 332 292 159 8 -8 0
116 324 295 162 0 0 0
116 324 298 165 0 -8 0
116 316 301 168 8 8 0
124 324 304 171 0 -8 0
124 316 307 174 0 -8 0
124 308 310 177 8 0 0
132 308 313 180 0 -8 0
132 300 316 183 8 0 0
140 300 319 186 0 0 0
140 300 322 189 0 8 0
140 308 325 192 8 -8 0
148 300 328 195 0 -8 0
148 292 331 198 0 -8 0
148 284 334 201 8 0 0
156 284 337 204 0 8 0
156 292 340 207 8 -8 0
164 284 343 210 0 0 0
164 284 346 213 0 -8 0
164 276 349 216 8 8 0
172 284 352 219 0 -8 0
172 276 355 222 0 0 0
172 276 358 225 8 0 0
180 276 361 228 0 -8 0
180 268 364 231 8 -8 0
188 260 367 234 0 8 0
188 268 370 237 0 0 0
188 268 373 240 8 0 0
196 268 376 243 0 -8 0
196 260 379 246 0 -8 0
196 252 382 249 8 0 0
204 252 385 252 0 -8 0
204 244 388 255 8 -8 0
212 236 391 258 0 8 0
212 244 394 261 0 8 0
212 252 397 264 8 -8 0
220 244 400 267 0 8 0
220 252 403 270 0 -8 0
220 244 406 273 8 8 0
228 252 409 276 0 0 0
228 252 412 279 8 -8 0
236 244 415 282 0 8 0
236 252 418 285 0 -8 0
236 244 421 288 8 -8 0
244 236 424 291 0 8 0
244 244 427 294 0 0 0
244 244 430 297 8 0 0
252 244 433 300 0 8 0
252 252 436 303 8 -8 0
260 244 439 306 0 -8 0
260 236 442 309 0 0 0
260 236 445 312 8 8 0
268 244 448 315 0 -8 0
268 236 451 318 0 8 0
268 244 454 321 8 8 0
276 252 457 324 0 8 0
276 260 460 327 8 0 0
284 260 463 330 0 8 0
284 268 466 333 0 -8 0
284 260 469 336 8 0 0
292 260 472 339 0 0 0
292 260 475 342 0 -8 0
292 252 478 345 8 8 0
300 260 481 348 0 0 0
300 260 484 351 8 8 0
308 268 487 354 0 0 0
308 268 490 357 0 -8 0
308 260 493 360 8 -8 0
316 252 496 363 0 -8 0
316 244 499 366 0 8 0
316 252 502 369 8 -8 0
324 244 505 372 0 8 0
324 252 508 375 8 -8 0
332 244 511 378 0 -8 0
332 236 514 381 0 8 0
332 244 517 384 8 8 0
340 252 520 387 0 -8 0
340 244 523 390 0 0 0
340 244 526 393 8 0 0
348 244 529 396 0 -8 0
348 236 532 399 8 0 0
356 236 535 402 0 8 0
356 244 538 405 0 -8 0
356 236 541 408 8 8 0
364 244 544 411 0 8 0
364 252 547 414 0 0 0
364 252 550 417 8 8 0
372 260 553 420 0 8 0
372 268 556 423 8 8 0
380 276 559 426 0 0 0
380 276 562 429 0 -8 0
380 268 565 432 8 0 0
388 268 568 435 0 0 0
388 268 571 438 0 8 0
388 276 574 441 8 8 0
396 284 577 444 0 8 0
396 292 580 447 8 8 0
404 300 583 450 0 0 0
404 300 586 453 0 0 0
404 300 589 456 8 -8 0
412 292 592 459 0 -8 0
412 284 595 462 0 -8 0
412 276 598 465 8 0 0
420 276 601 468 0 8 0
420 284 604 471 8 8 0
428 292 607 474 0 8 0
428 300 610 477 0 8 0
428 308 613 480 8 8 0
436 316 616 483 0 -8 0
436 308 619 486 0 8 0
436 316 622 489 8 -8 0
444 308 625 492 0 0 0
444 308 628 495 8 -8 0
452 300 631 498 0 8 0
452 308 634 501 0 -8 0
452 300 637 504 8 8 0
460 308 640 507 0 0 0
460 308 643 510 0 8 0
460 316 646 513 8 8 0
468 324 649 516 0 8 0
468 332 652 519 8 -8 0
476 324 655 522 0 0 0
476 324 658 525 0 0 0
476 324 661 528 8 8 0
484 332 664 531 0 8 0
484 340 667 534 0 0 0
484 340 670 537 8 8 0
492 348 673 540 0 0 0
492 348 676 543 8 0 0
500 348 679 546 0 8 0
500 356 682 549 0 -8 0
500 348 685 552 8 8 0
508 356 688 555 0 -8 0
508 348 691 558 0 8 0
508 356 694 561 8 8 0
516 364 697 564 0 -8 0
516 356 700 567 8 0 0
524 356 703 570 0 -8 0
524 348 706 573 0 -8 0
524 340 709 576 8 8 0
532 348 712 579 0 8 0
532 356 715 582 0 0 0
532 356 718 585 8 0 0
540 356 721 588 0 8 0
540 364 724 591 8 0 0
540 364 727 588 0 8 0
540 372 730 585 0 0 0
540 372 733 582 0 -8 0
540 364 736 579 0 8 0
540 372 739 576 0 -8 0
540 364 742 573 0 0 0
540 364 745 570 0 0 0
540 364 748 567 0 -8 0
540 356 751 564 0 8 0
540 364 754 561 0 8 0
540 372 757 558 0 -8 0
540 364 760 555 0 -8 0
540 356 763 552 0 -8 0
540 348 766 549 0 -8 0
540 340 769 546 0 0 0
540 340 772 543 0 -8 0
540 332 775 540 0 0 0
540 332 778 537 0 -8 0
540 324 781 534 0 0 1
540 324 781 534 0 0 1
540 324 781 534 0 0 1
540 324 781 534 0 0 1
540 324 781 534 0 0 1
