337 419 568 351 0 0 0
337 419 565 348 0 -8 0
337 411 562 345 0 0 0
337 411 559 342 0 0 0
337 411 556 339 0 0 0
337 411 553 336 0 -8 0
337 403 550 333 0 8 0
337 411 547 330 0 -8 0
337 403 544 327 0 -8 0
337 395 541 324 0 0 0
337 395 538 321 0 0 0
337 395 535 318 0 0 0
337 395 532 315 0 8 0
337 403 529 312 0 -8 0
337 395 526 309 0 8 0
337 403 523 306 0 -8 0
337 395 520 303 0 8 0
337 403 517 300 0 -8 0
337 395 514 297 0 -8 0
337 387 511 294 0 0 0
337 387 508 291 0 0 0
337 387 505 288 0 0 0
337 387 502 285 -8 -8 0
329 379 499 282 0 -8 0
329 371 496 279 0 0 0
329 371 493 276 -8 0 0
321 371 490 273 0 -8 0
321 363 487 270 -8 -8 0
313 355 484 267 0 8 0
313 363 481 264 0 8 0
313 371 478 261 -8 -8 0
305 363 475 258 0 -8 0
305 355 472 255 0 0 0
305 355 469 252 -8 0 0
297 355 466 249 0 0 0
297 355 463 246 -8 0 0
289 355 460 243 0 -8 0
289 347 457 240 0 0 0
289 347 454 237 -8 -8 0
281 339 451 234 0 8 0
281 347 448 231 0 -8 0
281 339 445 228 -8 0 0
273 339 442 225 0 -8 0
273 331 439 222 -8 8 0
265 339 436 219 0 0 0
265 339 433 216 0 0 0
265 339 430 213 -8 8 0
257 347 427 210 0 -8 0
257 339 424 207 0 0 0
257 339 421 204 -8 -8 0
249 331 418 201 0 -8 0
249 323 415 198 -8 -8 0
241 315 412 195 0 0 0
241 315 409 192 0 0 0
241 315 406 189 -8 8 0
233 323 403 186 0 8 0
233 331 400 183 0 8 0
233 339 397 180 -8 8 0
225 347 394 177 0 0 0
225 347 391 174 -8 -8 0
217 339 388 171 0 0 0
217 339 385 168 0 -8 0
217 331 382 165 -8 0 0
209 331 379 162 0 0 0
209 331 376 159 0 -8 0
209 323 373 156 -8 -8 0
201 315 370 153 0 8 0
201 323 367 150 -8 -8 0
193 315 364 147 0 0 0
193 315 361 144 0 -8 0
193 307 358 141 -8 0 0
185 307 355 138 0 0 0
185 307 352 135 0 0 0
185 307 349 132 -8 -8 0
177 299 346 129 0 0 0
177 299 343 126 -8 8 0
169 307 340 123 0 0 0
169 307 337 120 0 0 0
169 307 334 117 -8 8 0
161 315 331 114 0 0 0
161 315 328 111 0 -8 0
161 307 325 108 -8 -8 0
153 299 322 105 0 0 0
153 299 319 102 -8 8 0
145 307 316 99 0 8 0
145 315 313 96 0 -8 0
145 307 310 93 -8 -8 0
137 299 307 90 0 -8 0
137 291 304 87 0 8 0
137 299 301 84 -8 8 0
129 307 298 81 0 -8 0
129 299 295 78 -8 0 0
121 299 292 75 0 0 0
121 299 289 72 0 0 0
121 299 286 69 -8 -8 0
113 291 283 66 0 0 0
113 291 280 63 0 8 0
113 299 277 60 -8 8 0
105 307 274 57 0 -8 0
105 299 271 54 -8 8 0
97 307 268 51 0 -8 0
97 299 265 48 0 0 0
97 299 262 45 -8 8 0
89 307 259 42 0 -8 0
89 299 256 39 0 0 0
89 299 253 36 -8 0 0
81 299 250 33 0 0 0
81 299 247 30 -8 0 0
73 299 244 27 0 -8 0
73 291 241 24 0 0 0
73 291 238 21 -8 0 0
65 291 235 18 0 8 0
65 299 232 15 0 0 0
65 299 229 12 -8 0 0
60 299 226 9 -8 0 0
60 299 223 12 0 0 0
60 299 220 15 0 0 0
60 299 217 18 0 8 0
60 307 214 21 0 0 0
60 307 211 24 0 8 0
60 315 208 27 0 0 0
60 315 205 30 0 8 0
60 323 202 33 0 -8 0
60 315 199 36 0 0 0
60 315 196 39 0 8 0
60 323 193 42 0 -8 0
60 315 190 45 0 -8 0
60 307 187 48 0 0 0
60 307 184 51 0 0 0
60 307 181 54 0 8 0
60 315 178 57 0 8 0
60 323 175 60 0 0 0
60 323 172 63 0 -8 0
60 315 169 66 0 0 0
60 315 166 69 0 0 0
60 315 163 72 0 8 0
60 323 160 75 0 8 0
60 331 157 78 0 -8 0
60 323 154 81 0 -8 0
60 315 151 84 0 0 0
60 315 148 87 0 0 0
60 315 145 90 0 8 0
60 323 142 93 0 0 0
60 323 139 96 0 8 0
60 331 136 99 0 8 0
60 339 133 102 0 0 0
60 339 130 105 0 8 0
60 347 127 108 0 -8 0
60 339 124 111 8 8 0
68 347 121 114 0 -8 0
68 339 118 117 0 -8 0
68 331 115 120 8 8 0
76 339 112 123 0 -8 0
76 331 109 126 0 0 0
76 331 106 129 8 -8 0
84 323 103 132 0 0 0
84 323 100 135 8 8 0
92 331 97 138 0 8 0
92 339 94 141 0 8 0
92 347 91 144 8 0 0
100 347 88 147 0 8 0
100 355 85 150 0 8 0
100 363 82 153 8 -8 0
108 355 79 156 0 -8 0
108 347 76 159 8 0 0
116 347 73 162 0 0 0
116 347 70 165 0 -8 0
116 339 67 168 8 -8 0
124 331 64 171 0 0 0
124 331 61 174 0 -8 0
124 323 58 177 8 8 0
132 331 55 180 0 -8 0
132 323 52 183 8 -8 0
140 315 49 186 0 -8 0
140 307 46 189 0 -8 0
140 299 43 192 8 0 0
148 299 40 195 0 0 0
148 299 37 198 0 0 0
148 299 34 201 8 0 0
156 299 31 204 0 8 0
156 307 28 207 8 0 0
164 307 25 210 0 -8 0
164 299 22 213 0 -8 0
164 291 19 216 0 0 1
164 291 19 216 0 0 1
164 291 19 216 0 0 1
164 291 19 216 0 0 1
164 291 19 216 0 0 1
