333 491 631 165 0 0 0
333 491 628 162 -8 0 0
325 491 625 159 -8 -8 0
317 483 622 156 -8 -8 0
309 475 619 153 -8 -8 0
301 467 616 150 -8 0 0
293 467 613 147 -8 0 0
285 467 610 144 -8 0 0
277 467 607 141 -8 -8 0
269 459 604 138 -8 -8 0
261 451 601 135 -8 0 0
253 451 598 132 -8 8 0
245 459 595 129 -8 -8 0
237 451 592 126 -8 -8 0
229 443 589 123 -8 -8 0
221 435 586 120 -8 8 0
213 443 583 117 -8 0 0
205 443 580 114 -8 -8 0
197 435 577 111 -8 -8 0
189 427 574 108 -8 8 0
181 435 571 105 -8 8 0
173 443 568 102 -8 -8 0
165 435 565 99 -8 8 0
157 443 562 96 -8 8 0
149 451 559 93 -8 0 0
141 451 556 90 -8 0 0
133 451 553 87 0 0 0
133 451 550 84 0 0 0
133 451 547 81 -8 -8 0
125 443 544 78 0 8 0
125 451 541 75 0 0 0
125 451 538 72 -8 8 0
117 459 535 69 0 8 0
117 467 532 66 -8 -8 0
109 459 529 63 0 8 0
109 467 526 60 0 0 0
109 467 523 57 -8 0 0
101 467 520 54 0 -8 0
101 459 517 51 0 0 0
101 459 514 48 -8 -8 0
93 451 511 45 0 -8 0
93 443 508 42 -8 -8 0
85 435 505 39 0 0 0
85 435 502 36 0 8 0
85 443 499 33 -8 0 0
77 443 496 30 0 8 0
77 451 493 27 0 8 0
77 459 490 24 -8 8 0
69 467 487 21 0 8 0
69 475 484 18 -8 0 0
61 475 481 15 0 0 0
61 475 478 12 0 8 0
61 483 475 9 -8 0 0
60 483 472 12 0 8 0
60 491 469 15 0 -8 0
60 483 466 18 0 8 0
60 491 463 21 0 -8 0
60 483 460 24 0 8 0
60 491 457 27 0 8 0
60 499 454 30 0 8 0
60 507 451 33 0 8 0
60 515 448 36 0 0 0
60 515 445 39 0 0 0
60 515 442 42 0 8 0
60 523 439 45 0 8 0
60 531 436 48 0 -8 0
60 523 433 51 0 8 0
60 531 430 54 0 8 0
60 539 427 57 0 0 0
60 539 424 60 0 8 0
60 540 421 63 0 -8 0
60 532 418 66 0 8 0
60 540 415 69 0 -8 0
60 532 412 72 0 0 0
60 532 409 75 0 0 0
60 532 406 78 0 8 0
60 540 403 81 0 -8 0
60 532 400 84 0 -8 0
60 524 397 87 0 8 0
60 532 394 90 0 -8 0
60 524 391 93 0 0 0
60 524 388 96 0 0 0
60 524 385 99 0 -8 0
60 516 382 102 0 -8 0
60 508 379 105 0 8 0
60 516 376 108 0 -8 0
60 508 373 111 8 0 0
68 508 370 114 0 -8 0
68 500 367 117 0 -8 0
68 492 364 120 8 -8 0
76 484 361 123 0 8 0
76 492 358 126 0 8 0
76 500 355 129 8 -8 0
84 492 352 132 0 0 0
84 492 349 135 8 0 0
92 492 346 138 0 -8 0
92 484 343 141 0 8 0
92 492 340 144 8 0 0
100 492 337 147 0 -8 0
100 484 334 150 0 -8 0
100 476 331 153 8 0 0
108 476 328 156 0 0 0
108 476 325 159 8 0 0
116 476 322 162 0 0 0
116 476 319 165 0 0 0
116 476 316 168 8 -8 0
124 468 313 171 0 -8 0
124 460 310 174 0 0 0
124 460 307 177 8 8 0
132 468 304 180 0 0 0
132 468 301 183 8 -8 0
140 460 298 186 0 0 0
140 460 295 189 0 8 0
140 468 292 192 8 0 0
148 468 289 195 0 0 0
148 468 286 198 0 -8 0
148 460 283 201 8 0 0
156 460 280 204 0 -8 0
156 452 277 207 8 8 0
164 460 274 210 0 0 0
164 460 271 213 0 -8 0
164 452 268 216 8 8 0
172 460 265 219 0 -8 0
172 452 262 222 0 -8 0
172 444 259 225 8 0 0
180 444 256 228 0 -8 0
180 436 253 231 8 8 0
188 444 250 234 0 8 0
188 452 247 237 0 -8 0
188 444 244 240 8 8 0
196 452 241 243 0 -8 0
196 444 238 246 0 -8 0
196 436 235 249 8 0 0
204 436 232 252 0 0 0
204 436 229 255 8 0 0
212 436 226 258 0 -8 0
212 428 223 261 0 0 0
212 428 220 264 8 8 0
220 436 217 267 0 0 0
220 436 214 270 0 0 0
220 436 211 273 8 8 0
228 444 208 276 0 8 0
228 452 205 279 8 8 0
236 460 202 282 0 8 0
236 468 199 285 0 0 0
236 468 196 288 8 -8 0
244 460 193 291 0 -8 0
244 452 190 294 0 8 0
244 460 187 297 8 -8 0
252 452 184 300 0 -8 0
252 444 181 303 8 -8 0
260 436 178 306 0 8 0
260 444 175 309 0 8 0
260 452 172 312 8 -8 0
268 444 169 315 0 8 0
268 452 166 318 0 -8 0
268 444 163 321 8 0 0
276 444 160 324 0 0 0
276 444 157 327 8 8 0
284 452 154 330 0 0 0
284 452 151 333 0 -8 0
284 444 148 336 8 0 0
292 444 145 339 0 8 0
292 452 142 342 0 8 0
292 460 139 345 8 8 0
300 468 136 348 0 -8 0
300 460 133 351 8 0 0
308 460 130 354 0 -8 0
308 452 127 357 0 0 0
308 452 124 360 8 -8 0
316 444 121 363 0 -8 0
316 436 118 366 0 -8 0
316 428 115 369 8 8 0
324 436 112 372 0 0 0
324 436 109 375 8 -8 0
332 428 106 378 0 0 0
332 428 103 381 0 -8 0
332 420 100 384 8 0 0
340 420 97 387 0 8 0
340 428 94 390 0 -8 0
340 420 91 393 8 0 0
348 420 88 396 0 -8 0
348 412 85 399 8 0 0
356 412 82 402 0 8 0
356 420 79 405 0 -8 0
356 412 76 408 8 -8 0
364 404 73 411 0 0 0
364 404 70 414 0 0 0
364 404 67 417 8 8 0
372 412 64 420 0 -8 0
372 404 61 423 8 0 0
380 404 58 426 0 0 0
380 404 55 429 0 -8 0
380 396 52 432 8 0 0
388 396 49 435 0 0 0
388 396 46 438 0 -8 0
388 388 43 441 8 8 0
396 396 40 444 0 0 0
396 396 37 447 8 -8 0
404 388 34 450 0 8 0
404 396 31 453 0 -8 0
404 388 28 456 8 -8 0
412 380 25 459 0 0 0
412 380 22 462 0 -8 0
412 372 19 465 0 0 1
412 372 19 465 0 0 1
412 372 19 465 0 0 1
412 372 19 465 0 0 1
412 372 19 465 0 0 1
