72 378 664 168 0 0 0
72 378 661 165 8 -8 0
80 370 658 162 8 0 0
88 370 655 159 8 -8 0
96 362 652 156 8 -8 0
104 354 649 153 0 -8 0
104 346 646 150 0 -8 0
104 338 643 147 0 0 0
104 338 640 144 0 -8 0
104 330 637 141 0 -8 0
104 322 634 138 0 -8 0
104 314 631 135 0 -8 0
104 306 628 132 0 8 0
104 314 625 129 0 0 0
104 314 622 126 0 -8 0
104 306 619 123 0 0 0
104 306 616 120 0 0 0
104 306 613 117 0 -8 0
104 298 610 114 0 0 0
104 298 607 111 0 8 0
104 306 604 108 0 8 0
104 314 601 105 0 -8 0
104 306 598 102 0 8 0
104 314 595 99 0 0 0
104 314 592 96 0 -8 0
104 306 589 93 0 -8 0
104 298 586 90 0 0 0
104 298 583 87 0 8 0
104 306 580 84 0 8 0
104 314 577 81 0 0 0
104 314 574 78 0 -8 0
104 306 571 75 0 0 0
104 306 568 72 0 8 0
104 314 565 69 0 -8 0
104 306 562 66 0 0 0
104 306 559 63 0 0 0
104 306 556 60 0 -8 0
104 298 553 57 0 0 0
104 298 550 54 0 8 0
104 306 547 51 -8 -8 0
96 298 544 48 0 -8 0
96 290 541 45 -8 8 0
88 298 538 42 0 8 0
88 306 535 39 0 8 0
88 314 532 36 -8 8 0
80 322 529 33 0 0 0
80 322 526 30 0 0 0
80 322 523 27 -8 8 0
72 330 520 24 0 8 0
72 338 517 21 -8 -8 0
64 330 514 18 0 -8 0
64 322 511 15 0 -8 0
64 314 508 12 -8 8 0
60 322 505 9 -8 0 0
60 322 502 12 0 0 0
60 322 499 15 0 8 0
60 330 496 18 0 0 0
60 330 493 21 0 0 0
60 330 490 24 0 0 0
60 330 487 27 0 0 0
60 330 484 30 0 8 0
60 338 481 33 0 0 0
60 338 478 36 0 8 0
60 346 475 39 0 -8 0
60 338 472 42 0 -8 0
60 330 469 45 0 8 0
60 338 466 48 0 8 0
60 346 463 51 0 0 0
60 346 460 54 0 -8 0
60 338 457 57 0 0 0
60 338 454 60 0 0 0
60 338 451 63 0 8 0
60 346 448 66 0 -8 0
60 338 445 69 0 -8 0
60 330 442 72 0 0 0
60 330 439 75 0 8 0
60 338 436 78 0 -8 0
60 330 433 81 0 0 0
60 330 430 84 0 -8 0
60 322 427 87 0 8 0
60 330 424 90 0 8 0
60 338 421 93 0 8 0
60 346 418 96 0 -8 0
60 338 415 99 0 -8 0
60 330 412 102 0 -8 0
60 322 409 105 0 -8 0
60 314 406 108 0 0 0
60 314 403 111 8 0 0
68 314 400 114 0 0 0
68 314 397 117 0 -8 0
68 306 394 120 8 -8 0
76 298 391 123 0 8 0
76 306 388 126 0 0 0
76 306 385 129 8 -8 0
84 298 382 132 0 -8 0
84 290 379 135 8 0 0
92 290 376 138 0 0 0
92 290 373 141 0 0 0
92 290 370 144 8 -8 0
100 282 367 147 0 -8 0
100 274 364 150 0 8 0
100 282 361 153 8 0 0
108 282 358 156 0 8 0
108 290 355 159 8 -8 0
116 282 352 162 0 0 0
116 282 349 165 0 8 0
116 290 346 168 8 8 0
124 298 343 171 0 -8 0
124 290 340 174 0 0 0
124 290 337 177 8 0 0
132 290 334 180 0 8 0
132 298 331 183 8 0 0
140 298 328 186 0 8 0
140 306 325 189 0 8 0
140 314 322 192 8 0 0
148 314 319 195 0 -8 0
148 306 316 198 0 -8 0
148 298 313 201 8 8 0
156 306 310 204 0 -8 0
156 298 307 207 8 8 0
164 306 304 210 0 -8 0
164 298 301 213 0 0 0
164 298 298 216 8 -8 0
172 290 295 219 0 0 0
172 290 292 222 0 0 0
172 290 289 225 8 0 0
180 290 286 228 0 8 0
180 298 283 231 8 -8 0
188 290 280 234 0 -8 0
188 282 277 237 0 0 0
188 282 274 240 8 -8 0
196 274 271 243 0 -8 0
196 266 268 246 0 0 0
196 266 265 249 8 -8 0
204 258 262 252 0 -8 0
204 250 259 255 8 8 0
212 258 256 258 0 8 0
212 266 253 261 0 8 0
212 274 250 264 8 0 0
220 274 247 267 0 -8 0
220 266 244 270 0 -8 0
220 258 241 273 8 8 0
228 266 238 276 0 0 0
228 266 235 279 8 0 0
236 266 232 282 0 0 0
236 266 229 285 0 -8 0
236 258 226 288 8 -8 0
244 250 223 291 0 0 0
244 250 220 294 0 -8 0
244 242 217 297 8 0 0
252 242 214 300 0 -8 0
252 234 211 303 8 0 0
260 234 208 306 0 8 0
260 242 205 309 0 8 0
260 250 202 312 8 -8 0
268 242 199 315 0 0 0
268 242 196 318 0 -8 0
268 234 193 321 8 0 0
276 234 190 324 0 -8 0
276 226 187 327 8 0 0
284 226 184 330 0 8 0
284 234 181 333 0 0 0
284 234 178 336 8 -8 0
292 226 175 339 0 -8 0
292 218 172 342 0 8 0
292 226 169 345 8 8 0
300 234 166 348 0 -8 0
300 226 163 351 8 0 0
308 226 160 354 0 -8 0
308 218 157 357 0 -8 0
308 210 154 360 8 -8 0
316 202 151 363 0 0 0
316 202 148 366 0 8 0
316 210 145 369 8 8 0
324 218 142 372 0 0 0
324 218 139 375 8 8 0
332 226 136 378 0 -8 0
332 218 133 381 0 8 0
332 226 130 384 8 8 0
340 234 127 387 0 0 0
340 234 124 390 0 0 0
340 234 121 393 8 0 0
348 234 118 396 0 8 0
348 242 115 399 8 -8 0
356 234 112 402 0 0 0
356 234 109 405 0 -8 0
356 226 106 408 8 8 0
364 234 103 411 0 8 0
364 242 100 414 0 -8 0
364 234 97 417 8 -8 0
372 226 94 420 0 -8 0
372 218 91 423 8 8 0
380 226 88 426 0 8 0
380 234 85 429 0 0 0
380 234 82 432 8 8 0
388 242 79 435 0 -8 0
388 234 76 438 0 8 0
388 242 73 441 8 -8 0
396 234 70 444 0 -8 0
396 226 67 447 8 0 0
404 226 64 450 0 0 0
404 226 61 453 0 0 0
404 226 58 456 8 -8 0
412 218 55 459 0 -8 0
412 210 52 462 0 8 0
412 218 49 465 8 0 0
420 218 46 468 0 0 0
420 218 43 471 8 0 0
428 218 40 474 0 8 0
428 226 37 477 0 8 0
428 234 34 480 8 8 0
436 242 31 483 0 -8 0
436 234 28 486 0 8 0
436 242 25 489 8 8 0
444 250 22 492 0 0 0
444 250 19 495 0 0 1
444 250 19 495 0 0 1
444 250 19 495 0 0 1
444 250 19 495 0 0 1
444 250 19 495 0 0 1
