191 147 340 432 0 0 0
191 147 343 429 8 -8 0
199 139 346 426 8 0 0
207 139 349 423 8 8 0
215 147 352 420 8 8 0
223 155 355 417 8 0 0
231 155 358 414 8 -8 0
239 147 361 411 8 -8 0
247 139 364 408 8 8 0
255 147 367 405 8 0 0
263 147 370 402 8 0 0
271 147 373 399 8 0 0
279 147 376 396 8 8 0
287 155 379 393 8 -8 0
295 147 382 390 8 -8 0
303 139 385 387 8 8 0
311 147 388 384 8 -8 0
319 139 391 381 8 -8 0
327 131 394 378 8 0 0
335 131 397 375 0 8 0
335 139 400 372 0 -8 0
335 131 403 369 0 -8 0
335 123 406 366 0 -8 0
335 115 409 363 0 -8 0
335 107 412 360 0 8 0
335 115 415 357 0 -8 0
335 107 418 354 0 8 0
335 115 421 351 0 8 0
335 123 424 348 0 8 0
335 131 427 345 0 8 0
335 139 430 342 0 8 0
335 147 433 339 0 -8 0
335 139 436 336 0 0 0
335 139 439 333 0 0 0
335 139 442 330 0 -8 0
335 131 445 327 0 8 0
335 139 448 324 0 8 0
335 147 451 321 0 8 0
335 155 454 318 0 -8 0
335 147 457 315 0 0 0
335 147 460 312 0 0 0
335 147 463 309 0 -8 0
335 139 466 306 0 0 0
335 139 469 303 0 8 0
335 147 472 300 0 0 0
335 147 475 297 0 -8 0
335 139 478 294 0 8 0
335 147 481 291 0 -8 0
335 139 484 288 0 -8 0
335 131 487 285 0 8 0
335 139 490 282 -8 -8 0
327 131 493 279 0 0 0
327 131 496 276 -8 -8 0
319 123 499 273 0 0 0
319 123 502 270 0 -8 0
319 115 505 267 -8 -8 0
311 107 508 264 0 8 0
311 115 511 261 0 0 0
311 115 514 258 -8 8 0
303 123 517 255 0 0 0
303 123 520 252 -8 -8 0
295 115 523 249 0 8 0
295 123 526 246 0 -8 0
295 115 529 243 -8 -8 0
287 107 532 240 0 8 0
287 115 535 237 0 -8 0
287 107 538 234 -8 -8 0
279 99 541 231 0 0 0
279 99 544 228 -8 8 0
271 107 547 225 0 8 0
271 115 550 222 0 -8 0
271 107 553 219 -8 0 0
263 107 556 216 0 8 0
263 115 559 213 0 8 0
263 123 562 210 -8 8 0
255 131 565 207 0 -8 0
255 123 568 204 -8 -8 0
247 115 571 201 0 0 0
247 115 574 198 0 8 0
247 123 577 195 -8 8 0
239 131 580 192 0 0 0
239 131 583 189 0 -8 0
239 123 586 186 -8 8 0
231 131 589 183 0 -8 0
231 123 592 180 -8 -8 0
223 115 595 177 0 0 0
223 115 598 174 0 0 0
223 115 601 171 -8 0 0
215 115 604 168 0 0 0
215 115 607 165 0 8 0
215 123 610 162 -8 8 0
207 131 613 159 0 -8 0
207 123 616 156 -8 8 0
199 131 619 153 0 -8 0
199 123 622 150 0 8 0
199 131 625 147 -8 -8 0
191 123 628 144 0 8 0
191 131 631 141 0 0 0
191 131 634 138 -8 -8 0
183 123 637 135 0 8 0
183 131 640 132 -8 -8 0
175 123 643 129 0 8 0
175 131 646 126 0 -8 0
175 123 649 123 -8 8 0
167 131 652 120 0 -8 0
167 123 655 117 0 8 0
167 131 658 114 -8 -8 0
159 123 661 111 0 0 0
159 123 664 108 -8 8 0
151 131 667 105 0 8 0
151 139 670 102 0 -8 0
151 131 673 99 -8 0 0
143 131 676 96 0 -8 0
143 123 679 93 0 -8 0
143 115 682 90 -8 -8 0
135 107 685 87 0 -8 0
135 99 688 84 -8 8 0
127 107 691 81 0 8 0
127 115 694 78 0 -8 0
127 107 697 75 -8 8 0
119 115 700 72 0 0 0
119 115 703 69 0 -8 0
119 107 706 66 -8 -8 0
111 99 709 63 0 8 0
111 107 712 60 -8 0 0
103 107 715 57 0 0 0
103 107 718 54 0 0 0
103 107 721 51 -8 -8 0
95 99 724 48 0 -8 0
95 91 727 45 0 0 0
95 91 730 42 -8 8 0
87 99 733 39 0 -8 0
87 91 736 36 -8 8 0
79 99 739 33 0 8 0
79 107 742 30 0 -8 0
79 99 745 27 -8 0 0
71 99 748 24 0 8 0
71 107 751 21 0 8 0
71 115 754 18 -8 8 0
63 123 757 15 0 8 0
63 131 760 12 -8 -8 0
60 123 763 9 -8 0 0
60 123 766 12 0 0 0
60 123 769 15 0 8 0
60 131 772 18 0 8 0
60 139 775 21 0 -8 0
60 131 778 24 0 0 0
60 131 781 27 0 0 1
60 131 781 27 0 0 1
60 131 781 27 0 0 1
60 131 781 27 0 0 1
60 131 781 27 0 0 1
