415 477 298 162 0 0 0
415 477 301 159 -8 0 0
407 477 304 156 -8 0 0
399 477 307 153 -8 0 0
391 477 310 150 -8 -8 0
383 469 313 147 -8 -8 0
375 461 316 144 -8 8 0
367 469 319 141 -8 8 0
359 477 322 138 -8 0 0
351 477 325 135 -8 -8 0
343 469 328 132 -8 -8 0
335 461 331 129 -8 -8 0
327 453 334 126 -8 -8 0
319 445 337 123 -8 -8 0
311 437 340 120 -8 8 0
303 445 343 117 -8 8 0
295 453 346 114 -8 0 0
287 453 349 111 -8 -8 0
279 445 352 108 -8 8 0
271 453 355 105 -8 -8 0
263 445 358 102 -8 8 0
255 453 361 99 -8 8 0
247 461 364 96 -8 8 0
239 469 367 93 -8 -8 0
231 461 370 90 -8 0 0
223 461 373 87 -8 -8 0
215 453 376 84 -8 -8 0
207 445 379 81 -8 0 0
199 445 382 78 -8 8 0
191 453 385 75 -8 8 0
183 461 388 72 -8 0 0
175 461 391 69 -8 8 0
167 469 394 66 -8 8 0
159 477 397 63 -8 -8 0
151 469 400 60 -8 -8 0
143 461 403 57 -8 8 0
135 469 406 54 -8 -8 0
127 461 409 51 -8 0 0
119 461 412 48 -8 -8 0
111 453 415 45 -8 0 0
103 453 418 42 -8 8 0
95 461 421 39 -8 0 0
87 461 424 36 -8 8 0
79 469 427 33 0 0 0
79 469 430 30 0 0 0
79 469 433 27 -8 -8 0
71 461 436 24 0 -8 0
71 453 439 21 0 8 0
71 461 442 18 -8 8 0
63 469 445 15 0 0 0
63 469 448 12 -8 0 0
60 469 451 9 -8 -8 0
60 461 454 12 0 8 0
60 469 457 15 0 0 0
60 469 460 18 0 8 0
60 477 463 21 0 -8 0
60 469 466 24 0 0 0
60 469 469 27 0 8 0
60 477 472 30 0 8 0
60 485 475 33 0 -8 0
60 477 478 36 0 -8 0
60 469 481 39 0 -8 0
60 461 484 42 0 0 0
60 461 487 45 0 0 0
60 461 490 48 0 0 0
60 461 493 51 0 8 0
60 469 496 54 0 8 0
60 477 499 57 0 0 0
60 477 502 60 0 8 0
60 485 505 63 0 0 0
60 485 508 66 0 0 0
60 485 511 69 0 0 0
60 485 514 72 0 8 0
60 493 517 75 0 0 0
60 493 520 78 0 8 0
60 501 523 81 0 0 0
60 501 526 84 0 0 0
60 501 529 87 0 -8 0
60 493 532 90 0 -8 0
60 485 535 93 0 8 0
60 493 538 96 0 0 0
60 493 541 99 0 0 0
60 493 544 102 0 0 0
60 493 547 105 0 0 0
60 493 550 108 0 8 0
60 501 553 111 8 8 0
68 509 556 114 0 0 0
68 509 559 117 0 -8 0
68 501 562 120 8 -8 0
76 493 565 123 0 0 0
76 493 568 126 0 0 0
76 493 571 129 8 -8 0
84 485 574 132 0 8 0
84 493 577 135 8 0 0
92 493 580 138 0 -8 0
92 485 583 141 0 -8 0
92 477 586 144 8 0 0
100 477 589 147 0 8 0
100 485 592 150 0 8 0
100 493 595 153 8 8 0
108 501 598 156 0 8 0
108 509 601 159 8 8 0
116 517 604 162 0 -8 0
116 509 607 165 0 -8 0
116 501 610 168 8 0 0
124 501 613 171 0 -8 0
124 493 616 174 0 8 0
124 501 619 177 8 -8 0
132 493 622 180 0 -8 0
132 485 625 183 8 0 0
140 485 628 186 0 -8 0
140 477 631 189 0 0 0
140 477 634 192 8 0 0
148 477 637 195 0 -8 0
148 469 640 198 0 -8 0
148 461 643 201 8 -8 0
156 453 646 204 0 8 0
156 461 649 207 8 -8 0
164 453 652 210 0 -8 0
164 445 655 213 0 0 0
164 445 658 216 8 0 0
172 445 661 219 0 8 0
172 453 664 222 0 0 0
172 453 667 225 8 0 0
180 453 670 228 0 8 0
180 461 673 231 8 0 0
188 461 676 234 0 -8 0
188 453 679 237 0 -8 0
188 445 682 240 8 8 0
196 453 685 243 0 -8 0
196 445 688 246 0 -8 0
196 437 691 249 8 -8 0
204 429 694 252 0 8 0
204 437 697 255 8 8 0
212 445 700 258 0 -8 0
212 437 703 261 0 -8 0
212 429 706 264 8 8 0
220 437 709 267 0 8 0
220 445 712 270 0 8 0
220 453 715 273 8 -8 0
228 445 718 276 0 8 0
228 453 721 279 8 0 0
236 453 724 282 0 0 0
236 453 727 285 0 8 0
236 461 730 288 8 -8 0
244 453 733 291 0 -8 0
244 445 736 294 0 8 0
244 453 739 297 8 0 0
252 453 742 300 0 8 0
252 461 745 303 8 -8 0
260 453 748 306 0 -8 0
260 445 751 309 0 8 0
260 453 754 312 8 8 0
268 461 757 315 0 0 0
268 461 760 318 0 -8 0
268 453 763 321 8 -8 0
276 445 766 324 0 8 0
276 453 769 327 8 0 0
284 453 772 330 0 -8 0
284 445 775 333 0 0 0
284 445 778 336 8 -8 0
292 437 781 339 0 0 1
292 437 781 339 0 0 1
292 437 781 339 0 0 1
292 437 781 339 0 0 1
292 437 781 339 0 0 1
