171 265 643 144 0 0 0
171 265 646 141 0 -8 0
171 257 649 138 0 8 0
171 265 652 135 0 0 0
171 265 655 132 0 8 0
171 273 658 129 0 -8 0
171 265 661 126 0 8 0
171 273 664 123 0 -8 0
171 265 667 120 -8 0 0
163 265 670 117 0 0 0
163 265 673 114 0 -8 0
163 257 676 111 -8 8 0
155 265 679 108 0 -8 0
155 257 682 105 0 0 0
155 257 685 102 -8 0 0
147 257 688 99 0 -8 0
147 249 691 96 -8 0 0
139 249 694 93 0 0 0
139 249 697 90 0 8 0
139 257 700 87 -8 8 0
131 265 703 84 0 0 0
131 265 706 81 0 8 0
131 273 709 78 -8 8 0
123 281 712 75 0 -8 0
123 273 715 72 -8 0 0
115 273 718 69 0 -8 0
115 265 721 66 0 0 0
115 265 724 63 -8 0 0
107 265 727 60 0 0 0
107 265 730 57 0 -8 0
107 257 733 54 -8 8 0
99 265 736 51 0 8 0
99 273 739 48 -8 0 0
91 273 742 45 0 -8 0
91 265 745 42 0 0 0
91 265 748 39 -8 -8 0
83 257 751 36 0 -8 0
83 249 754 33 0 -8 0
83 241 757 30 -8 8 0
75 249 760 27 0 8 0
75 257 763 24 -8 -8 0
67 249 766 21 0 0 0
67 249 769 18 0 8 0
67 257 772 15 -8 -8 0
60 249 775 12 0 0 0
60 249 778 9 -8 -8 0
60 241 781 12 0 0 1
60 241 781 12 0 0 1
60 241 781 12 0 0 1
60 241 781 12 0 0 1
60 241 781 12 0 0 1
