190 233 652 411 0 0 0
190 233 655 408 8 -8 0
198 225 658 405 8 -8 0
206 217 661 402 8 8 0
214 225 664 399 8 8 0
222 233 667 396 8 0 0
230 233 670 393 8 0 0
238 233 673 390 8 -8 0
246 225 676 387 8 8 0
254 233 679 384 8 -8 0
262 225 682 381 8 -8 0
270 217 685 378 8 -8 0
278 209 688 375 8 -8 0
286 201 691 372 8 -8 0
294 193 694 369 8 8 0
302 201 697 366 8 -8 0
310 193 700 363 8 8 0
318 201 703 360 0 0 0
318 201 706 357 0 -8 0
318 193 709 354 0 -8 0
318 185 712 351 0 8 0
318 193 715 348 0 0 0
318 193 718 345 0 -8 0
318 185 721 342 0 0 0
318 185 724 339 0 8 0
318 193 727 336 0 -8 0
318 185 730 333 0 -8 0
318 177 733 330 0 -8 0
318 169 736 327 0 8 0
318 177 739 324 0 0 0
318 177 742 321 0 -8 0
318 169 745 318 0 0 0
318 169 748 315 0 0 0
318 169 751 312 0 8 0
318 177 754 309 0 -8 0
318 169 757 306 0 0 0
318 169 760 303 0 0 0
318 169 763 300 0 8 0
318 177 766 297 0 -8 0
318 169 769 294 0 0 0
318 169 772 291 0 8 0
318 177 775 288 0 8 0
318 185 778 285 0 8 0
318 193 781 282 0 0 1
318 193 781 282 0 0 1
318 193 781 282 0 0 1
318 193 781 282 0 0 1
318 193 781 282 0 0 1
