64 102 265 393 0 0 0
64 102 262 390 8 0 0
72 102 259 387 8 8 0
80 110 256 384 8 0 0
88 110 253 381 8 8 0
96 118 250 378 8 0 0
104 118 247 375 8 8 0
112 126 244 372 8 -8 0
120 118 241 369 8 8 0
128 126 238 366 8 0 0
136 126 235 363 8 8 0
144 134 232 360 8 0 0
152 134 229 357 8 -8 0
160 126 226 354 8 8 0
168 134 223 351 8 0 0
176 134 220 348 8 0 0
184 134 217 345 8 0 0
192 134 214 342 8 8 0
200 142 211 339 8 8 0
208 150 208 336 8 8 0
216 158 205 333 8 -8 0
224 150 202 330 8 -8 0
232 142 199 327 8 8 0
240 150 196 324 8 8 0
248 158 193 321 8 8 0
256 166 190 318 8 0 0
264 166 187 315 8 8 0
272 174 184 312 0 0 0
272 174 181 309 0 8 0
272 182 178 306 0 0 0
272 182 175 303 0 0 0
272 182 172 300 0 8 0
272 190 169 297 0 -8 0
272 182 166 294 0 -8 0
272 174 163 291 0 8 0
272 182 160 288 0 -8 0
272 174 157 285 0 8 0
272 182 154 282 0 -8 0
272 174 151 279 0 8 0
272 182 148 276 0 0 0
272 182 145 273 0 0 0
272 182 142 270 0 0 0
272 182 139 267 0 -8 0
272 174 136 264 0 8 0
272 182 133 261 0 8 0
272 190 130 258 0 0 0
272 190 127 255 0 8 0
272 198 124 252 0 8 0
272 206 121 249 0 -8 0
272 198 118 246 0 8 0
272 206 115 243 0 8 0
272 214 112 240 0 0 0
272 214 109 237 0 8 0
272 222 106 234 0 -8 0
272 214 103 231 0 8 0
272 222 100 228 0 8 0
272 230 97 225 0 -8 0
272 222 94 222 0 8 0
272 230 91 219 -8 8 0
264 238 88 216 0 8 0
264 246 85 213 -8 8 0
256 254 82 210 0 0 0
256 254 79 207 0 -8 0
256 246 76 204 -8 0 0
248 246 73 201 0 8 0
248 254 70 198 0 8 0
248 262 67 195 -8 -8 0
240 254 64 192 0 8 0
240 262 61 189 -8 8 0
232 270 58 186 0 -8 0
232 262 55 183 0 -8 0
232 254 52 180 -8 8 0
224 262 49 177 0 -8 0
224 254 46 174 0 8 0
224 262 43 171 -8 0 0
216 262 40 168 0 -8 0
216 254 37 165 -8 -8 0
208 246 34 162 0 -8 0
208 238 31 159 0 8 0
208 246 28 156 -8 8 0
200 254 25 153 0 0 0
200 254 22 150 0 0 0
200 254 19 147 0 0 1
200 254 19 147 0 0 1
200 254 19 147 0 0 1
200 254 19 147 0 0 1
200 254 19 147 0 0 1
