521 67 358 183 0 0 0
521 67 355 186 -8 0 0
513 67 352 189 -8 0 0
505 67 349 192 -8 -8 0
497 60 346 195 -8 -8 0
489 60 343 198 -8 8 0
481 68 340 201 -8 0 0
473 68 337 204 -8 0 0
465 68 334 207 -8 -8 0
457 60 331 210 -8 8 0
449 68 328 213 -8 -8 0
441 60 325 216 -8 0 0
433 60 322 219 -8 0 0
425 60 319 222 -8 8 0
417 68 316 225 -8 0 0
409 68 313 228 -8 0 0
401 68 310 231 -8 0 0
393 68 307 234 -8 0 0
385 68 304 237 -8 8 0
377 76 301 240 -8 -8 0
369 68 298 243 -8 0 0
361 68 295 246 -8 8 0
353 76 292 249 -8 -8 0
345 68 289 252 -8 8 0
337 76 286 255 -8 -8 0
329 68 283 258 -8 -8 0
321 60 280 261 -8 0 0
313 60 277 264 0 -8 0
313 60 274 267 0 -8 0
313 60 271 270 0 -8 0
313 60 268 273 0 0 0
313 60 265 276 0 8 0
313 68 262 279 0 -8 0
313 60 259 282 0 -8 0
313 60 256 285 0 -8 0
313 60 253 288 0 -8 0
313 60 250 291 0 -8 0
313 60 247 294 0 -8 0
313 60 244 297 0 0 0
313 60 241 300 0 -8 0
313 60 238 303 0 8 0
313 68 235 306 0 -8 0
313 60 232 309 0 0 0
313 60 229 312 0 -8 0
313 60 226 315 0 0 0
313 60 223 318 0 0 0
313 60 220 321 0 -8 0
313 60 217 324 0 -8 0
313 60 214 327 0 8 0
313 68 211 330 0 -8 0
313 60 208 333 0 -8 0
313 60 205 336 0 -8 0
313 60 202 339 0 0 0
313 60 199 342 0 0 0
313 60 196 345 0 -8 0
313 60 193 348 0 0 0
313 60 190 351 0 8 0
313 68 187 354 0 -8 0
313 60 184 357 0 -8 0
313 60 181 360 0 8 0
313 68 178 363 0 -8 0
313 60 175 366 8 0 0
321 60 172 369 0 8 0
321 68 169 372 8 8 0
329 76 166 375 0 -8 0
329 68 163 378 0 0 0
329 68 160 381 8 0 0
337 68 157 384 0 -8 0
337 60 154 387 0 -8 0
337 60 151 390 8 8 0
345 68 148 393 0 8 0
345 76 145 396 8 -8 0
353 68 142 399 0 -8 0
353 60 139 402 0 -8 0
353 60 136 405 8 0 0
361 60 133 408 0 0 0
361 60 130 411 0 0 0
361 60 127 414 8 0 0
369 60 124 417 0 -8 0
369 60 121 420 8 -8 0
377 60 118 423 0 0 0
377 60 115 426 0 -8 0
377 60 112 429 8 8 0
385 68 109 432 0 -8 0
385 60 106 435 0 -8 0
385 60 103 438 8 -8 0
393 60 100 441 0 -8 0
393 60 97 444 8 0 0
401 60 94 447 0 0 0
401 60 91 450 0 -8 0
401 60 88 453 8 0 0
409 60 85 456 0 8 0
409 68 82 459 0 -8 0
409 60 79 462 8 8 0
417 68 76 465 0 0 0
417 68 73 468 8 0 0
425 68 70 471 0 8 0
425 76 67 474 0 0 0
425 76 64 477 8 0 0
433 76 61 480 0 8 0
433 84 58 483 0 0 0
433 84 55 486 8 0 0
441 84 52 489 0 0 0
441 84 49 492 8 8 0
449 92 46 495 0 -8 0
449 84 43 498 0 -8 0
449 76 40 501 8 0 0
457 76 37 504 0 -8 0
457 68 34 507 0 0 0
457 68 31 510 8 0 0
465 68 28 513 0 -8 0
465 60 25 516 8 0 0
473 60 22 519 0 -8 0
473 60 19 522 0 0 0
473 60 22 525 8 8 0
481 68 25 528 0 0 0
481 68 28 531 0 -8 0
481 60 31 534 8 8 0
489 68 34 537 0 -8 0
489 60 37 540 8 -8 0
497 60 40 543 0 -8 0
497 60 43 546 0 0 0
497 60 46 549 8 -8 0
505 60 49 552 0 -8 0
505 60 52 555 0 -8 0
505 60 55 558 8 0 0
513 60 58 561 0 -8 0
513 60 61 564 8 8 0
521 68 64 567 0 -8 0
521 60 67 570 0 0 0
521 60 70 573 8 -8 0
529 60 73 576 0 0 0
529 60 76 579 0 8 0
529 68 79 582 8 0 0
537 68 82 585 0 0 0
537 68 85 588 8 -8 0
540 60 88 591 8 -8 0
540 60 91 588 0 -8 0
540 60 94 585 0 0 0
540 60 97 582 0 -8 0
540 60 100 579 0 0 0
540 60 103 576 0 8 0
540 68 106 573 0 0 0
540 68 109 570 0 -8 0
540 60 112 567 0 -8 0
540 60 115 564 0 8 0
540 68 118 561 0 0 0
540 68 121 558 0 0 0
540 68 124 555 0 0 0
540 68 127 552 0 0 0
540 68 130 549 0 8 0
540 76 133 546 0 8 0
540 84 136 543 0 0 0
540 84 139 540 0 8 0
540 92 142 537 0 8 0
540 100 145 534 0 0 0
540 100 148 531 0 0 0
540 100 151 528 0 8 0
540 108 154 525 0 8 0
540 116 157 522 0 0 0
540 116 160 519 0 0 0
540 116 163 516 0 8 0
540 124 166 513 0 0 0
540 124 169 510 0 8 0
540 132 172 507 0 0 0
540 132 175 504 0 8 0
540 140 178 501 0 8 0
540 148 181 498 0 8 0
540 156 184 495 0 0 0
540 156 187 492 0 8 0
540 164 190 489 -8 0 0
532 164 193 486 0 0 0
532 164 196 483 0 -8 0
532 156 199 480 -8 -8 0
524 148 202 477 0 8 0
524 156 205 474 0 0 0
524 156 208 471 -8 -8 0
516 148 211 468 0 0 0
516 148 214 465 -8 -8 0
508 140 217 462 0 0 0
508 140 220 459 0 0 0
508 140 223 456 -8 -8 0
500 132 226 453 0 -8 0
500 124 229 450 0 8 0
500 132 232 447 -8 8 0
492 140 235 444 0 0 0
492 140 238 441 -8 8 0
484 148 241 438 0 -8 0
484 140 244 435 0 0 0
484 140 247 432 -8 -8 0
476 132 250 429 0 -8 0
476 124 253 426 0 8 0
476 132 256 423 -8 0 0
468 132 259 420 0 -8 0
468 124 262 417 -8 -8 0
460 116 265 414 0 0 0
460 116 268 411 0 8 0
460 124 271 408 -8 8 0
452 132 274 405 0 0 0
452 132 277 402 0 -8 0
452 124 280 399 -8 -8 0
444 116 283 396 0 8 0
444 124 286 393 -8 8 0
436 132 289 390 0 8 0
436 140 292 387 0 8 0
436 148 295 384 -8 -8 0
428 140 298 381 0 0 0
428 140 301 378 0 8 0
428 148 304 375 -8 -8 0
420 140 307 372 0 -8 0
420 132 310 369 -8 8 0
412 140 313 366 0 8 0
412 148 316 363 0 0 0
412 148 319 360 -8 0 0
404 148 322 357 0 8 0
404 156 325 354 0 0 0
404 156 328 351 -8 0 0
396 156 331 348 0 -8 0
396 148 334 345 -8 -8 0
388 140 337 342 0 8 0
388 148 340 339 0 -8 0
388 140 343 336 -8 8 0
380 148 346 333 0 0 0
380 148 349 330 0 8 0
380 156 352 327 -8 -8 0
372 148 355 324 0 8 0
372 156 358 321 -8 8 0
364 164 361 318 0 8 0
364 172 364 315 0 -8 0
364 164 367 312 -8 8 0
356 172 370 309 0 8 0
356 180 373 306 0 0 0
356 180 376 303 -8 0 0
348 180 379 300 0 8 0
348 188 382 297 -8 -8 0
340 180 385 294 0 -8 0
340 172 388 291 0 -8 0
340 164 391 288 -8 0 0
332 164 394 285 0 0 0
332 164 397 282 0 0 0
332 164 400 279 -8 -8 0
324 156 403 276 0 0 0
324 156 406 273 -8 0 0
316 156 409 270 0 -8 0
316 148 412 267 0 0 0
316 148 415 264 -8 8 0
308 156 418 261 0 0 0
308 156 421 258 0 -8 0
308 148 424 255 -8 -8 0
300 140 427 252 0 -8 0
300 132 430 249 -8 0 0
292 132 433 246 0 -8 0
292 124 436 243 0 0 0
292 124 439 240 -8 -8 0
284 116 442 237 0 8 0
284 124 445 234 0 0 0
284 124 448 231 -8 -8 0
276 116 451 228 0 0 0
276 116 454 225 -8 0 0
268 116 457 222 0 0 0
268 116 460 219 0 8 0
268 124 463 216 -8 -8 0
260 116 466 213 0 8 0
260 124 469 210 0 0 0
260 124 472 207 -8 8 0
252 132 475 204 0 -8 0
252 124 478 201 -8 8 0
244 132 481 198 0 -8 0
244 124 484 195 0 0 0
244 124 487 192 -8 8 0
236 132 490 189 0 0 0
236 132 493 186 0 8 0
236 140 496 183 -8 8 0
228 148 499 180 0 -8 0
228 140 502 177 -8 -8 0
220 132 505 174 0 -8 0
220 124 508 171 0 8 0
220 132 511 168 -8 8 0
212 140 514 165 0 0 0
212 140 517 162 0 -8 0
212 132 520 159 -8 8 0
204 140 523 156 0 0 0
204 140 526 153 -8 -8 0
196 132 529 150 0 0 0
196 132 532 147 0 8 0
196 140 535 144 -8 -8 0
188 132 538 141 0 8 0
188 140 541 138 0 8 0
188 148 544 135 -8 -8 0
180 140 547 132 0 -8 0
180 132 550 129 -8 -8 0
172 124 553 126 0 0 0
172 124 556 123 0 0 0
172 124 559 120 -8 8 0
164 132 562 117 0 8 0
164 140 565 114 0 0 0
164 140 568 111 -8 0 0
156 140 571 108 0 8 0
156 148 574 105 -8 8 0
148 156 577 102 0 -8 0
148 148 580 99 0 -8 0
148 140 583 96 -8 -8 0
140 132 586 93 0 -8 0
140 124 589 90 0 8 0
140 132 592 87 -8 -8 0
132 124 595 84 0 -8 0
132 116 598 81 -8 -8 0
124 108 601 78 0 -8 0
124 100 604 75 0 -8 0
124 92 607 72 -8 0 0
116 92 610 69 0 0 0
116 92 613 66 0 8 0
116 100 616 63 -8 0 0
108 100 619 60 0 0 0
108 100 622 57 -8 8 0
100 108 625 54 0 -8 0
100 100 628 51 0 0 0
100 100 631 48 -8 8 0
92 108 634 45 0 8 0
92 116 637 42 0 8 0
92 124 640 39 -8 8 0
84 132 643 36 0 0 0
84 132 646 33 -8 8 0
76 140 649 30 0 8 0
76 148 652 27 0 -8 0
76 140 655 24 -8 -8 0
68 132 658 21 0 -8 0
68 124 661 18 0 -8 0
68 116 664 15 -8 0 0
60 116 667 12 0 8 0
60 124 670 9 -8 8 0
60 132 673 12 0 0 0
60 132 676 15 0 8 0
60 140 679 18 0 -8 0
60 132 682 21 0 0 0
60 132 685 24 0 8 0
60 140 688 27 0 8 0
60 148 691 30 0 8 0
60 156 694 33 0 0 0
60 156 697 36 0 0 0
60 156 700 39 0 8 0
60 164 703 42 0 8 0
60 172 706 45 0 -8 0
60 164 709 48 0 0 0
60 164 712 51 0 -8 0
60 156 715 54 0 -8 0
60 148 718 57 0 -8 0
60 140 721 60 0 0 0
60 140 724 63 0 8 0
60 148 727 66 0 8 0
60 156 730 69 0 -8 0
60 148 733 72 0 -8 0
60 140 736 75 0 8 0
60 148 739 78 0 -8 0
60 140 742 81 0 0 0
60 140 745 84 0 8 0
60 148 748 87 0 -8 0
60 140 751 90 0 -8 0
60 132 754 93 0 8 0
60 140 757 96 0 -8 0
60 132 760 99 0 0 0
60 132 763 102 0 8 0
60 140 766 105 0 -8 0
60 132 769 108 0 0 0
60 132 772 111 8 8 0
68 140 775 114 0 8 0
68 148 778 117 0 0 0
68 148 781 120 8 8 0
76 156 778 123 0 -8 0
76 148 775 126 0 -8 0
76 140 772 129 8 0 0
84 140 769 132 0 -8 0
84 132 766 135 8 8 0
92 140 763 138 0 0 0
92 140 760 141 0 -8 0
92 132 757 144 8 -8 0
100 124 754 147 0 0 0
100 124 751 150 0 0 0
100 124 748 153 8 0 0
108 124 745 156 0 8 0
108 132 742 159 8 -8 0
116 124 739 162 0 -8 0
116 116 736 165 0 -8 0
116 108 733 168 8 0 0
124 108 730 171 0 0 0
124 108 727 174 0 -8 0
124 100 724 177 8 0 0
132 100 721 180 0 0 0
132 100 718 183 8 -8 0
140 92 715 186 0 0 0
140 92 712 189 0 -8 0
140 84 709 192 8 8 0
148 92 706 195 0 8 0
148 100 703 198 0 0 0
148 100 700 201 8 -8 0
156 92 697 204 0 0 0
156 92 694 207 8 8 0
164 100 691 210 0 -8 0
164 92 688 213 0 0 0
164 92 685 216 8 8 0
172 100 682 219 0 -8 0
172 92 679 222 0 0 0
172 92 676 225 8 -8 0
180 84 673 228 0 8 0
180 92 670 231 8 0 0
188 92 667 234 0 8 0
188 100 664 237 0 0 0
188 100 661 240 8 8 0
196 108 658 243 0 -8 0
196 100 655 246 0 0 0
196 100 652 249 8 -8 0
204 92 649 252 0 0 0
204 92 646 255 8 8 0
212 100 643 258 0 -8 0
212 92 640 261 0 8 0
212 100 637 264 8 0 0
220 100 634 267 0 8 0
220 108 631 270 0 -8 0
220 100 628 273 8 -8 0
228 92 625 276 0 -8 0
228 84 622 279 8 8 0
236 92 619 282 0 0 0
236 92 616 285 0 -8 0
236 84 613 288 8 0 0
244 84 610 291 0 8 0
244 92 607 294 0 -8 0
244 84 604 297 8 8 0
252 92 601 300 0 0 0
252 92 598 303 8 0 0
260 92 595 306 0 8 0
260 100 592 309 0 8 0
260 108 589 312 8 8 0
268 116 586 315 0 0 0
268 116 583 318 0 0 0
268 116 580 321 8 8 0
276 124 577 324 0 -8 0
276 116 574 327 8 0 0
284 116 571 330 0 8 0
284 124 568 333 0 0 0
284 124 565 336 8 0 0
292 124 562 339 0 8 0
292 132 559 342 0 -8 0
292 124 556 345 8 -8 0
300 116 553 348 0 -8 0
300 108 550 351 8 -8 0
308 100 547 354 0 -8 0
308 92 544 357 0 -8 0
308 84 541 360 8 8 0
316 92 538 363 0 0 0
316 92 535 366 0 -8 0
316 84 532 369 8 0 0
324 84 529 372 0 0 0
324 84 526 375 8 0 0
332 84 523 378 0 -8 0
332 76 520 381 0 -8 0
332 68 517 384 8 8 0
340 76 514 387 0 0 0
340 76 511 390 0 -8 0
340 68 508 393 8 8 0
348 76 505 396 0 0 0
348 76 502 399 8 0 0
356 76 499 402 0 8 0
356 84 496 405 0 -8 0
356 76 493 408 8 8 0
364 84 490 411 0 -8 0
364 76 487 414 0 -8 0
364 68 484 417 8 0 0
372 68 481 420 0 0 0
372 68 478 423 8 -8 0
380 60 475 426 0 8 0
380 68 472 429 0 -8 0
380 60 469 432 8 0 0
388 60 466 435 0 -8 0
388 60 463 438 0 -8 0
388 60 460 441 8 0 0
396 60 457 444 0 0 0
396 60 454 447 8 0 0
404 60 451 450 0 -8 0
404 60 448 453 0 0 0
404 60 445 456 8 0 0
412 60 442 459 0 8 0
412 68 439 462 0 8 0
412 76 436 465 8 0 0
420 76 433 468 0 8 0
420 84 430 471 8 -8 0
428 76 427 474 0 0 0
428 76 424 477 0 0 0
428 76 421 480 8 -8 0
436 68 418 483 0 0 0
436 68 415 486 0 -8 0
436 60 412 489 8 -8 0
444 60 409 492 0 8 0
444 68 406 495 8 8 0
452 76 403 498 0 8 0
452 84 400 501 0 8 0
452 92 397 504 8 0 0
460 92 394 507 0 -8 0
460 84 391 510 0 -8 0
460 76 388 513 8 -8 0
468 68 385 516 0 -8 0
468 60 382 519 8 -8 0
476 60 379 522 0 8 0
476 68 376 525 0 0 0
476 68 373 528 8 8 0
484 76 370 531 0 0 0
484 76 367 534 0 0 0
484 76 364 537 8 8 0
492 84 361 540 0 8 0
492 92 358 543 8 -8 0
500 84 355 546 0 -8 0
500 76 352 549 0 -8 0
500 68 349 552 8 8 0
508 76 346 555 0 -8 0
508 68 343 558 0 -8 0
508 60 340 561 8 8 0
516 68 337 564 0 8 0
516 76 334 567 8 8 0
524 84 331 570 0 0 0
524 84 328 573 0 8 0
524 92 325 576 8 8 0
532 100 322 579 0 -8 0
532 92 319 582 0 0 0
532 92 316 585 8 0 0
540 92 313 588 0 -8 0
540 84 310 591 8 -8 0
540 76 307 588 0 0 0
540 76 304 585 0 8 0
540 84 301 582 0 -8 0
540 76 298 579 0 0 0
540 76 295 576 0 0 0
540 76 292 573 0 -8 0
540 68 289 570 0 0 0
540 68 286 567 0 0 0
540 68 283 564 0 8 0
540 76 280 561 0 0 0
540 76 277 558 0 0 0
540 76 274 555 0 -8 0
540 68 271 552 0 0 0
540 68 268 549 0 8 0
540 76 265 546 0 8 0
540 84 262 543 0 -8 0
540 76 259 540 0 -8 0
540 68 256 537 0 8 0
540 76 253 534 0 -8 0
540 68 250 531 0 8 0
540 76 247 528 0 0 0
540 76 244 525 0 -8 0
540 68 241 522 0 -8 0
540 60 238 519 0 8 0
540 68 235 516 0 8 0
540 76 232 513 0 0 0
540 76 229 510 0 8 0
540 84 226 507 0 8 0
540 92 223 504 0 -8 0
540 84 220 501 0 8 0
540 92 217 498 0 0 0
540 92 214 495 0 -8 0
540 84 211 492 0 0 0
540 84 208 489 -8 8 0
532 92 205 486 0 0 0
532 92 202 483 0 8 0
532 100 199 480 -8 8 0
524 108 196 477 0 -8 0
524 100 193 474 0 -8 0
524 92 190 471 -8 0 0
516 92 187 468 0 0 0
516 92 184 465 -8 8 0
508 100 181 462 0 -8 0
508 92 178 459 0 -8 0
508 84 175 456 -8 8 0
500 92 172 453 0 8 0
500 100 169 450 0 8 0
500 108 166 447 -8 0 0
492 108 163 444 0 8 0
492 116 160 441 -8 8 0
484 124 157 438 0 0 0
484 124 154 435 0 8 0
484 132 151 432 -8 -8 0
476 124 148 429 0 0 0
476 124 145 426 0 0 0
476 124 142 423 -8 -8 0
468 116 139 420 0 0 0
468 116 136 417 -8 0 0
460 116 133 414 0 -8 0
460 108 130 411 0 0 0
460 108 127 408 -8 -8 0
452 100 124 405 0 8 0
452 108 121 402 0 8 0
452 116 118 399 -8 8 0
444 124 115 396 0 0 0
444 124 112 393 -8 -8 0
436 116 109 390 0 0 0
436 116 106 387 0 -8 0
436 108 103 384 -8 0 0
428 108 100 381 0 -8 0
428 100 97 378 0 8 0
428 108 94 375 -8 8 0
420 116 91 372 0 -8 0
420 108 88 369 -8 -8 0
412 100 85 366 0 -8 0
412 92 82 363 0 -8 0
412 84 79 360 -8 8 0
404 92 76 357 0 8 0
404 100 73 354 0 0 0
404 100 70 351 -8 -8 0
396 92 67 348 0 0 0
396 92 64 345 -8 0 0
388 92 61 342 0 8 0
388 100 58 339 0 -8 0
388 92 55 336 -8 0 0
380 92 52 333 0 0 0
380 92 49 330 0 -8 0
380 84 46 327 -8 -8 0
372 76 43 324 0 8 0
372 84 40 321 -8 -8 0
364 76 37 318 0 8 0
364 84 34 315 0 8 0
364 92 31 312 -8 0 0
356 92 28 309 0 -8 0
356 84 25 306 0 0 0
356 84 22 303 -8 0 0
348 84 19 300 0 -8 0
348 76 22 297 -8 -8 0
340 68 25 294 0 8 0
340 76 28 291 0 8 0
340 84 31 288 -8 -8 0
332 76 34 285 0 -8 0
332 68 37 282 0 0 0
332 68 40 279 -8 0 0
324 68 43 276 0 8 0
324 76 46 273 -8 8 0
316 84 49 270 0 0 0
316 84 52 267 0 8 0
316 92 55 264 -8 8 0
308 100 58 261 0 0 0
308 100 61 258 0 -8 0
308 92 64 255 -8 8 0
300 100 67 252 0 -8 0
300 92 70 249 -8 0 0
292 92 73 246 0 8 0
292 100 76 243 0 -8 0
292 92 79 240 -8 -8 0
284 84 82 237 0 8 0
284 92 85 234 0 -8 0
284 84 88 231 -8 -8 0
276 76 91 228 0 -8 0
276 68 94 225 -8 8 0
268 76 97 222 0 -8 0
268 68 100 219 0 -8 0
268 60 103 216 -8 8 0
260 68 106 213 0 8 0
260 76 109 210 0 8 0
260 84 112 207 -8 0 0
252 84 115 204 0 -8 0
252 76 118 201 -8 -8 0
244 68 121 198 0 -8 0
244 60 124 195 0 0 0
244 60 127 192 -8 0 0
236 60 130 189 0 0 0
236 60 133 186 0 8 0
236 68 136 183 -8 8 0
228 76 139 180 0 0 0
228 76 142 177 -8 0 0
220 76 145 174 0 0 0
220 76 148 171 0 8 0
220 84 151 168 -8 0 0
212 84 154 165 0 8 0
212 92 157 162 0 8 0
212 100 160 159 -8 0 0
204 100 163 156 0 0 0
204 100 166 153 -8 0 0
196 100 169 150 0 0 0
196 100 172 147 0 0 0
196 100 175 144 -8 8 0
188 108 178 141 0 0 0
188 108 181 138 0 0 0
188 108 184 135 -8 0 0
180 108 187 132 0 0 0
180 108 190 129 -8 8 0
172 116 193 126 0 -8 0
172 108 196 123 0 0 0
172 108 199 120 -8 0 0
164 108 202 117 0 0 0
164 108 205 114 0 0 0
164 108 208 111 -8 -8 0
156 100 211 108 0 -8 0
156 92 214 105 -8 8 0
148 100 217 102 0 8 0
148 108 220 99 0 8 0
148 116 223 96 -8 8 0
140 124 226 93 0 -8 0
140 116 229 90 0 0 0
140 116 232 87 -8 0 0
132 116 235 84 0 -8 0
132 108 238 81 -8 8 0
124 116 241 78 0 -8 0
124 108 244 75 0 8 0
124 116 247 72 -8 -8 0
116 108 250 69 0 0 0
116 108 253 66 0 -8 0
116 100 256 63 -8 0 0
108 100 259 60 0 0 0
108 100 262 57 -8 0 0
100 100 265 54 0 8 0
100 108 268 51 0 8 0
100 116 271 48 -8 8 0
92 124 274 45 0 8 0
92 132 277 42 0 0 0
92 132 280 39 -8 0 0
84 132 283 36 0 0 0
84 132 286 33 -8 8 0
76 140 289 30 0 8 0
76 148 292 27 0 0 0
76 148 295 24 -8 -8 0
68 140 298 21 0 -8 0
68 132 301 18 0 -8 0
68 124 304 15 -8 0 0
60 124 307 12 0 0 0
60 124 310 9 -8 -8 0
60 116 313 12 0 8 0
60 124 316 15 0 0 0
60 124 319 18 0 0 0
60 124 322 21 0 8 0
60 132 325 24 0 -8 0
60 124 328 27 0 8 0
60 132 331 30 0 -8 0
60 124 334 33 0 0 0
60 124 337 36 0 0 0
60 124 340 39 0 0 0
60 124 343 42 0 0 0
60 124 346 45 0 8 0
60 132 349 48 0 8 0
60 140 352 51 0 8 0
60 148 355 54 0 8 0
60 156 358 57 0 0 0
60 156 361 60 0 0 0
60 156 364 63 0 0 0
60 156 367 66 0 -8 0
60 148 370 69 0 0 0
60 148 373 72 0 8 0
60 156 376 75 0 8 0
60 164 379 78 0 -8 0
60 156 382 81 0 8 0
60 164 385 84 0 -8 0
60 156 388 87 0 0 0
60 156 391 90 0 8 0
60 164 394 93 0 -8 0
60 156 397 96 0 -8 0
60 148 400 99 0 8 0
60 156 403 102 0 -8 0
60 148 406 105 0 0 0
60 148 409 108 0 8 0
60 156 412 111 8 8 0
68 164 415 114 0 -8 0
68 156 418 117 0 -8 0
68 148 421 120 8 0 0
76 148 424 123 0 -8 0
76 140 427 126 0 0 0
76 140 430 129 8 0 0
84 140 433 132 0 8 0
84 148 436 135 8 8 0
92 156 439 138 0 8 0
92 164 442 141 0 8 0
92 172 445 144 8 0 0
100 172 448 147 0 8 0
100 180 451 150 0 0 0
100 180 454 153 8 -8 0
108 172 457 156 0 0 0
108 172 460 159 8 8 0
116 180 463 162 0 0 0
116 180 466 165 0 8 0
116 188 469 168 8 8 0
124 196 472 171 0 -8 0
124 188 475 174 0 0 0
124 188 478 177 8 -8 0
132 180 481 180 0 0 0
132 180 484 183 8 0 0
140 180 487 186 0 -8 0
140 172 490 189 0 0 0
140 172 493 192 8 8 0
148 180 496 195 0 8 0
148 188 499 198 0 0 0
148 188 502 201 8 -8 0
156 180 505 204 0 8 0
156 188 508 207 8 8 0
164 196 511 210 0 -8 0
164 188 514 213 0 8 0
164 196 517 216 8 -8 0
172 188 520 219 0 -8 0
172 180 523 222 0 8 0
172 188 526 225 8 8 0
180 196 529 228 0 -8 0
180 188 532 231 8 0 0
188 188 535 234 0 -8 0
188 180 538 237 0 0 0
188 180 541 240 8 8 0
196 188 544 243 0 -8 0
196 180 547 246 0 -8 0
196 172 550 249 8 8 0
204 180 553 252 0 8 0
204 188 556 255 8 0 0
212 188 559 258 0 8 0
212 196 562 261 0 0 0
212 196 565 264 8 8 0
220 204 568 267 0 8 0
220 212 571 270 0 0 0
220 212 574 273 8 8 0
228 220 577 276 0 8 0
228 228 580 279 8 0 0
236 228 583 282 0 8 0
236 236 586 285 0 8 0
236 244 589 288 8 0 0
244 244 592 291 0 8 0
244 252 595 294 0 8 0
244 260 598 297 8 8 0
252 268 601 300 0 -8 0
252 260 604 303 8 8 0
260 268 607 306 0 0 0
260 268 610 309 0 0 0
260 268 613 312 8 8 0
268 276 616 315 0 0 0
268 276 619 318 0 8 0
268 284 622 321 8 8 0
276 292 625 324 0 8 0
276 300 628 327 8 0 0
284 300 631 330 0 8 0
284 308 634 333 0 -8 0
284 300 637 336 8 8 0
292 308 640 339 0 0 0
292 308 643 342 0 8 0
292 316 646 345 8 8 0
300 324 649 348 0 0 0
300 324 652 351 8 0 0
308 324 655 354 0 -8 0
308 316 658 357 0 8 0
308 324 661 360 8 -8 0
316 316 664 363 0 0 0
316 316 667 366 0 8 0
316 324 670 369 8 -8 0
324 316 673 372 0 8 0
324 324 676 375 8 -8 0
332 316 679 378 0 8 0
332 324 682 381 0 0 0
332 324 685 384 8 0 0
340 324 688 387 0 -8 0
340 316 691 390 0 -8 0
340 308 694 393 8 0 0
348 308 697 396 0 8 0
348 316 700 399 8 -8 0
356 308 703 402 0 0 0
356 308 706 405 0 8 0
356 316 709 408 8 8 0
364 324 712 411 0 0 0
364 324 715 414 0 -8 0
364 316 718 417 8 0 0
372 316 721 420 0 8 0
372 324 724 423 8 -8 0
380 316 727 426 0 8 0
380 324 730 429 0 -8 0
380 316 733 432 8 8 0
388 324 736 435 0 8 0
388 332 739 438 0 8 0
388 340 742 441 8 0 0
396 340 745 444 0 -8 0
396 332 748 447 8 8 0
404 340 751 450 0 8 0
404 348 754 453 0 -8 0
404 340 757 456 8 8 0
412 348 760 459 0 8 0
412 356 763 462 0 -8 0
412 348 766 465 8 8 0
420 356 769 468 0 8 0
420 364 772 471 8 -8 0
428 356 775 474 0 8 0
428 364 778 477 0 -8 0
428 356 781 480 0 0 1
428 356 781 480 0 0 1
428 356 781 480 0 0 1
428 356 781 480 0 0 1
428 356 781 480 0 0 1
