389 136 283 303 0 0 0
389 136 286 300 -8 0 0
381 136 289 297 -8 8 0
373 144 292 294 -8 -8 0
365 136 295 291 -8 0 0
357 136 298 288 -8 8 0
349 144 301 285 -8 -8 0
341 136 304 282 -8 8 0
333 144 307 279 -8 -8 0
325 136 310 276 0 0 0
325 136 313 273 -8 0 0
317 136 316 270 0 8 0
317 144 319 267 0 0 0
317 144 322 264 -8 0 0
309 144 325 261 0 -8 0
309 136 328 258 -8 8 0
301 144 331 255 0 8 0
301 152 334 252 0 8 0
301 160 337 249 -8 -8 0
293 152 340 246 0 0 0
293 152 343 243 0 8 0
293 160 346 240 -8 0 0
285 160 349 237 0 0 0
285 160 352 234 -8 8 0
277 168 355 231 0 0 0
277 168 358 228 0 -8 0
277 160 361 225 -8 -8 0
269 152 364 222 0 -8 0
269 144 367 219 0 0 0
269 144 370 216 -8 0 0
261 144 373 213 0 -8 0
261 136 376 210 -8 0 0
253 136 379 207 0 8 0
253 144 382 204 0 -8 0
253 136 385 201 -8 0 0
245 136 388 198 0 0 0
245 136 391 195 0 0 0
245 136 394 192 -8 0 0
237 136 397 189 0 0 0
237 136 400 186 -8 -8 0
229 128 403 183 0 -8 0
229 120 406 180 0 8 0
229 128 409 177 -8 0 0
221 128 412 174 0 -8 0
221 120 415 171 0 0 0
221 120 418 168 -8 0 0
213 120 421 165 0 8 0
213 128 424 162 -8 0 0
205 128 427 159 0 -8 0
205 120 430 156 0 8 0
205 128 433 153 -8 -8 0
197 120 436 150 0 0 0
197 120 439 147 0 0 0
197 120 442 144 -8 8 0
189 128 445 141 0 0 0
189 128 448 138 -8 0 0
181 128 451 135 0 8 0
181 136 454 132 0 8 0
181 144 457 129 -8 -8 0
173 136 460 126 0 0 0
173 136 463 123 0 8 0
173 144 466 120 -8 -8 0
165 136 469 117 0 0 0
165 136 472 114 -8 8 0
157 144 475 111 0 0 0
157 144 478 108 0 -8 0
157 136 481 105 -8 8 0
149 144 484 102 0 0 0
149 144 487 99 0 8 0
149 152 490 96 -8 -8 0
141 144 493 93 0 8 0
141 152 496 90 -8 0 0
133 152 499 87 0 -8 0
133 144 502 84 0 -8 0
133 136 505 81 -8 0 0
125 136 508 78 0 8 0
125 144 511 75 0 0 0
125 144 514 72 -8 8 0
117 152 517 69 0 8 0
117 160 520 66 -8 -8 0
109 152 523 63 0 -8 0
109 144 526 60 0 0 0
109 144 529 57 -8 -8 0
101 136 532 54 0 8 0
101 144 535 51 0 8 0
101 152 538 48 -8 -8 0
93 144 541 45 0 0 0
93 144 544 42 -8 -8 0
85 136 547 39 0 -8 0
85 128 550 36 0 0 0
85 128 553 33 -8 0 0
77 128 556 30 0 8 0
77 136 559 27 0 -8 0
77 128 562 24 -8 -8 0
69 120 565 21 0 8 0
69 128 568 18 -8 8 0
61 136 571 15 0 8 0
61 144 574 12 0 0 0
61 144 577 9 -8 -8 0
60 136 580 12 0 -8 0
60 128 583 15 0 0 0
60 128 586 18 0 -8 0
60 120 589 21 0 -8 0
60 112 592 24 0 -8 0
60 104 595 27 0 0 0
60 104 598 30 0 8 0
60 112 601 33 0 8 0
60 120 604 36 0 -8 0
60 112 607 39 0 8 0
60 120 610 42 0 -8 0
60 112 613 45 0 8 0
60 120 616 48 0 -8 0
60 112 619 51 0 0 0
60 112 622 54 0 0 0
60 112 625 57 0 -8 0
60 104 628 60 0 8 0
60 112 631 63 0 8 0
60 120 634 66 0 -8 0
60 112 637 69 0 -8 0
60 104 640 72 0 -8 0
60 96 643 75 0 8 0
60 104 646 78 0 0 0
60 104 649 81 0 -8 0
60 96 652 84 0 -8 0
60 88 655 87 0 8 0
60 96 658 90 0 0 0
60 96 661 93 0 8 0
60 104 664 96 0 8 0
60 112 667 99 0 8 0
60 120 670 102 0 0 0
60 120 673 105 0 8 0
60 128 676 108 0 8 0
60 136 679 111 8 8 0
68 144 682 114 0 8 0
68 152 685 117 0 0 0
68 152 688 120 8 -8 0
76 144 691 123 0 0 0
76 144 694 126 0 -8 0
76 136 697 129 8 8 0
84 144 700 132 0 0 0
84 144 703 135 8 8 0
92 152 706 138 0 -8 0
92 144 709 141 0 -8 0
92 136 712 144 8 0 0
100 136 715 147 0 -8 0
100 128 718 150 0 -8 0
100 120 721 153 8 -8 0
108 112 724 156 0 8 0
108 120 727 159 8 0 0
116 120 730 162 0 8 0
116 128 733 165 0 -8 0
116 120 736 168 8 0 0
124 120 739 171 0 8 0
124 128 742 174 0 -8 0
124 120 745 177 8 0 0
132 120 748 180 0 -8 0
132 112 751 183 8 -8 0
140 104 754 186 0 8 0
140 112 757 189 0 -8 0
140 104 760 192 8 8 0
148 112 763 195 0 0 0
148 112 766 198 0 -8 0
148 104 769 201 8 0 0
156 104 772 204 0 0 0
156 104 775 207 8 -8 0
164 96 778 210 0 0 0
164 96 781 213 0 0 1
164 96 781 213 0 0 1
164 96 781 213 0 0 1
164 96 781 213 0 0 1
164 96 781 213 0 0 1
