376 178 586 411 0 0 0
376 178 583 414 0 0 0
376 178 580 417 0 0 0
376 178 577 420 0 -8 0
376 170 574 423 0 0 0
376 170 571 426 0 0 0
376 170 568 429 8 0 0
384 170 565 432 0 0 0
384 170 562 435 8 -8 0
392 162 559 438 0 8 0
392 170 556 441 0 -8 0
392 162 553 444 8 8 0
400 170 550 447 0 -8 0
400 162 547 450 0 0 0
400 162 544 453 8 0 0
408 162 541 456 0 -8 0
408 154 538 459 8 8 0
416 162 535 462 0 8 0
416 170 532 465 0 -8 0
416 162 529 468 8 0 0
424 162 526 471 0 8 0
424 170 523 474 0 0 0
424 170 520 477 8 0 0
432 170 517 480 0 8 0
432 178 514 483 8 8 0
440 186 511 486 0 -8 0
440 178 508 489 0 -8 0
440 170 505 492 8 0 0
448 170 502 495 0 -8 0
448 162 499 498 0 -8 0
448 154 496 501 8 0 0
456 154 493 504 0 8 0
456 162 490 507 8 8 0
464 170 487 510 0 0 0
464 170 484 513 0 0 0
464 170 481 516 8 -8 0
472 162 478 519 0 8 0
472 170 475 522 0 -8 0
472 162 472 525 8 -8 0
480 154 469 528 0 -8 0
480 146 466 531 8 8 0
488 154 463 534 0 8 0
488 162 460 537 0 -8 0
488 154 457 540 8 0 0
496 154 454 543 0 0 0
496 154 451 546 0 0 0
496 154 448 549 8 8 0
504 162 445 552 0 -8 0
504 154 442 555 8 8 0
512 162 439 558 0 -8 0
512 154 436 561 0 8 0
512 162 433 564 8 -8 0
520 154 430 567 0 -8 0
520 146 427 570 0 0 0
520 146 424 573 8 -8 0
528 138 421 576 0 -8 0
528 130 418 579 8 0 0
536 130 415 582 0 8 0
536 138 412 585 0 -8 0
536 130 409 588 8 -8 0
540 122 406 591 8 0 0
540 122 403 588 0 -8 0
540 114 400 585 0 8 0
540 122 397 582 0 8 0
540 130 394 579 0 8 0
540 138 391 576 0 0 0
540 138 388 573 0 -8 0
540 130 385 570 0 0 0
540 130 382 567 0 -8 0
540 122 379 564 0 -8 0
540 114 376 561 0 -8 0
540 106 373 558 0 8 0
540 114 370 555 0 0 0
540 114 367 552 0 8 0
540 122 364 549 0 -8 0
540 114 361 546 0 0 0
540 114 358 543 0 0 0
540 114 355 540 0 0 0
540 114 352 537 0 0 0
540 114 349 534 0 8 0
540 122 346 531 0 8 0
540 130 343 528 0 -8 0
540 122 340 525 0 0 0
540 122 337 522 0 8 0
540 130 334 519 0 8 0
540 138 331 516 0 -8 0
540 130 328 513 0 8 0
540 138 325 510 0 0 0
540 138 322 507 0 -8 0
540 130 319 504 0 -8 0
540 122 316 501 0 8 0
540 130 313 498 0 8 0
540 138 310 495 0 -8 0
540 130 307 492 0 8 0
540 138 304 489 -8 0 0
532 138 301 486 0 0 0
532 138 298 483 0 8 0
532 146 295 480 -8 0 0
524 146 292 477 0 8 0
524 154 289 474 0 -8 0
524 146 286 471 -8 -8 0
516 138 283 468 0 -8 0
516 130 280 465 -8 -8 0
508 122 277 462 0 0 0
508 122 274 459 0 8 0
508 130 271 456 -8 8 0
500 138 268 453 0 -8 0
500 130 265 450 0 -8 0
500 122 262 447 -8 8 0
492 130 259 444 0 8 0
492 138 256 441 -8 0 0
484 138 253 438 0 8 0
484 146 250 435 0 -8 0
484 138 247 432 -8 0 0
476 138 244 429 0 -8 0
476 130 241 426 0 -8 0
476 122 238 423 -8 0 0
468 122 235 420 0 0 0
468 122 232 417 -8 0 0
460 122 229 414 0 0 0
460 122 226 411 0 0 0
460 122 223 408 -8 8 0
452 130 220 405 0 0 0
452 130 217 402 0 8 0
452 138 214 399 -8 -8 0
444 130 211 396 0 0 0
444 130 208 393 -8 8 0
436 138 205 390 0 0 0
436 138 202 387 0 0 0
436 138 199 384 -8 0 0
428 138 196 381 0 8 0
428 146 193 378 0 8 0
428 154 190 375 -8 8 0
420 162 187 372 0 0 0
420 162 184 369 -8 8 0
412 170 181 366 0 -8 0
412 162 178 363 0 -8 0
412 154 175 360 -8 0 0
404 154 172 357 0 8 0
404 162 169 354 0 -8 0
404 154 166 351 -8 -8 0
396 146 163 348 0 -8 0
396 138 160 345 -8 8 0
388 146 157 342 0 0 0
388 146 154 339 0 8 0
388 154 151 336 -8 8 0
380 162 148 333 0 0 0
380 162 145 330 0 -8 0
380 154 142 327 -8 0 0
372 154 139 324 0 8 0
372 162 136 321 -8 8 0
364 170 133 318 0 0 0
364 170 130 315 0 -8 0
364 162 127 312 -8 0 0
356 162 124 309 0 0 0
356 162 121 306 0 -8 0
356 154 118 303 -8 0 0
348 154 115 300 0 8 0
348 162 112 297 -8 8 0
340 170 109 294 0 0 0
340 170 106 291 0 0 0
340 170 103 288 -8 0 0
332 170 100 285 0 0 0
332 170 97 282 0 -8 0
332 162 94 279 -8 -8 0
324 154 91 276 0 0 0
324 154 88 273 -8 -8 0
316 146 85 270 0 0 0
316 146 82 267 0 -8 0
316 138 79 264 -8 0 0
308 138 76 261 0 8 0
308 146 73 258 0 8 0
308 154 70 255 -8 -8 0
300 146 67 252 0 8 0
300 154 64 249 -8 -8 0
292 146 61 246 0 -8 0
292 138 58 243 0 8 0
292 146 55 240 -8 -8 0
284 138 52 237 0 8 0
284 146 49 234 0 0 0
284 146 46 231 -8 8 0
276 154 43 228 0 8 0
276 162 40 225 -8 8 0
268 170 37 222 0 0 0
268 170 34 219 0 8 0
268 178 31 216 -8 -8 0
260 170 28 213 0 8 0
260 178 25 210 0 0 0
260 178 22 207 -8 8 0
252 186 19 204 0 8 0
252 194 22 201 -8 -8 0
244 186 25 198 0 8 0
244 194 28 195 0 8 0
244 202 31 192 -8 0 0
236 202 34 189 0 8 0
236 210 37 186 0 -8 0
236 202 40 183 -8 -8 0
228 194 43 180 0 8 0
228 202 46 177 -8 0 0
220 202 49 174 0 -8 0
220 194 52 171 0 -8 0
220 186 55 168 -8 -8 0
212 178 58 165 0 -8 0
212 170 61 162 0 -8 0
212 162 64 159 -8 0 0
204 162 67 156 0 8 0
204 170 70 153 -8 8 0
196 178 73 150 0 0 0
196 178 76 147 0 0 0
196 178 79 144 -8 -8 0
188 170 82 141 0 0 0
188 170 85 138 0 0 0
188 170 88 135 -8 8 0
180 178 91 132 0 8 0
180 186 94 129 -8 0 0
172 186 97 126 0 0 0
172 186 100 123 0 0 0
172 186 103 120 -8 0 0
164 186 106 117 0 8 0
164 194 109 114 0 0 0
164 194 112 111 -8 -8 0
156 186 115 108 0 8 0
156 194 118 105 -8 8 0
148 202 121 102 0 8 0
148 210 124 99 0 0 0
148 210 127 96 -8 -8 0
140 202 130 93 0 0 0
140 202 133 90 0 -8 0
140 194 136 87 -8 8 0
132 202 139 84 0 -8 0
132 194 142 81 -8 0 0
124 194 145 78 0 0 0
124 194 148 75 0 0 0
124 194 151 72 -8 8 0
116 202 154 69 0 -8 0
116 194 157 66 0 -8 0
116 186 160 63 -8 -8 0
108 178 163 60 0 0 0
108 178 166 57 -8 0 0
100 178 169 54 0 0 0
100 178 172 51 0 0 0
100 178 175 48 -8 -8 0
92 170 178 45 0 -8 0
92 162 181 42 0 8 0
92 170 184 39 -8 -8 0
84 162 187 36 0 0 0
84 162 190 33 -8 -8 0
76 154 193 30 0 -8 0
76 146 196 27 0 0 0
76 146 199 24 -8 -8 0
68 138 202 21 0 0 0
68 138 205 18 0 8 0
68 146 208 15 -8 0 0
60 146 211 12 0 8 0
60 154 214 9 -8 8 0
60 162 217 12 0 8 0
60 170 220 15 0 -8 0
60 162 223 18 0 0 0
60 162 226 21 0 0 0
60 162 229 24 0 8 0
60 170 232 27 0 0 0
60 170 235 30 0 -8 0
60 162 238 33 0 0 0
60 162 241 36 0 -8 0
60 154 244 39 0 -8 0
60 146 247 42 0 -8 0
60 138 250 45 0 8 0
60 146 253 48 0 8 0
60 154 256 51 0 0 0
60 154 259 54 0 -8 0
60 146 262 57 0 0 0
60 146 265 60 0 8 0
60 154 268 63 0 -8 0
60 146 271 66 0 8 0
60 154 274 69 0 8 0
60 162 277 72 0 8 0
60 170 280 75 0 -8 0
60 162 283 78 0 8 0
60 170 286 81 0 0 0
60 170 289 84 0 8 0
60 178 292 87 0 8 0
60 186 295 90 0 8 0
60 194 298 93 0 -8 0
60 186 301 96 0 8 0
60 194 304 99 0 8 0
60 202 307 102 0 -8 0
60 194 310 105 0 0 0
60 194 313 108 0 -8 0
60 186 316 111 8 0 0
68 186 319 114 0 8 0
68 194 322 117 0 -8 0
68 186 325 120 8 -8 0
76 178 328 123 0 0 0
76 178 331 126 0 0 0
76 178 334 129 8 8 0
84 186 337 132 0 8 0
84 194 340 135 8 -8 0
92 186 343 138 0 -8 0
92 178 346 141 0 0 0
92 178 349 144 8 0 0
100 178 352 147 0 8 0
100 186 355 150 0 8 0
100 194 358 153 8 0 0
108 194 361 156 0 -8 0
108 186 364 159 8 8 0
116 194 367 162 0 8 0
116 202 370 165 0 8 0
116 210 373 168 8 -8 0
124 202 376 171 0 -8 0
124 194 379 174 0 -8 0
124 186 382 177 8 -8 0
132 178 385 180 0 -8 0
132 170 388 183 8 -8 0
140 162 391 186 0 -8 0
140 154 394 189 0 0 0
140 154 397 192 8 -8 0
148 146 400 195 0 -8 0
148 138 403 198 0 8 0
148 146 406 201 8 0 0
156 146 409 204 0 -8 0
156 138 412 207 8 -8 0
164 130 415 210 0 -8 0
164 122 418 213 0 0 0
164 122 421 216 8 8 0
172 130 424 219 0 8 0
172 138 427 222 0 8 0
172 146 430 225 8 -8 0
180 138 433 228 0 -8 0
180 130 436 231 8 8 0
188 138 439 234 0 0 0
188 138 442 237 0 0 0
188 138 445 240 8 8 0
196 146 448 243 0 8 0
196 154 451 246 0 8 0
196 162 454 249 8 8 0
204 170 457 252 0 0 0
204 170 460 255 8 0 0
212 170 463 258 0 -8 0
212 162 466 261 0 0 0
212 162 469 264 8 0 0
220 162 472 267 0 -8 0
220 154 475 270 0 -8 0
220 146 478 273 8 -8 0
228 138 481 276 0 8 0
228 146 484 279 8 8 0
236 154 487 282 0 8 0
236 162 490 285 0 0 0
236 162 493 288 8 8 0
244 170 496 291 0 8 0
244 178 499 294 0 8 0
244 186 502 297 8 8 0
252 194 505 300 0 8 0
252 202 508 303 8 8 0
260 210 511 306 0 8 0
260 218 514 309 0 -8 0
260 210 517 312 8 0 0
268 210 520 315 0 8 0
268 218 523 318 0 0 0
268 218 526 321 8 8 0
276 226 529 324 0 8 0
276 234 532 327 8 8 0
284 242 535 330 0 8 0
284 250 538 333 0 8 0
284 258 541 336 8 8 0
292 266 544 339 0 -8 0
292 258 547 342 0 8 0
292 266 550 345 8 8 0
300 274 553 348 0 -8 0
300 266 556 351 8 8 0
308 274 559 354 0 0 0
308 274 562 357 0 8 0
308 282 565 360 8 8 0
316 290 568 363 0 -8 0
316 282 571 366 0 -8 0
316 274 574 369 8 -8 0
324 266 577 372 0 -8 0
324 258 580 375 8 8 0
332 266 583 378 0 8 0
332 274 586 381 0 8 0
332 282 589 384 8 8 0
340 290 592 387 0 0 0
340 290 595 390 0 -8 0
340 282 598 393 8 -8 0
348 274 601 396 0 0 0
348 274 604 399 8 8 0
356 282 607 402 0 -8 0
356 274 610 405 0 0 0
356 274 613 408 8 8 0
364 282 616 411 0 -8 0
364 274 619 414 0 -8 0
364 266 622 417 8 -8 0
372 258 625 420 0 0 0
372 258 628 423 8 8 0
380 266 631 426 0 8 0
380 274 634 429 0 -8 0
380 266 637 432 8 -8 0
388 258 640 435 0 8 0
388 266 643 438 0 8 0
388 274 646 441 8 0 0
396 274 649 444 0 -8 0
396 266 652 447 8 0 0
404 266 655 450 0 8 0
404 274 658 453 0 -8 0
404 266 661 456 8 0 0
412 266 664 459 0 8 0
412 274 667 462 0 0 0
412 274 670 465 8 8 0
420 282 673 468 0 -8 0
420 274 676 471 8 8 0
428 282 679 474 0 -8 0
428 274 682 477 0 -8 0
428 266 685 480 8 8 0
436 274 688 483 0 8 0
436 282 691 486 0 8 0
436 290 694 489 8 0 0
444 290 697 492 0 -8 0
444 282 700 495 8 0 0
452 282 703 498 0 -8 0
452 274 706 501 0 -8 0
452 266 709 504 8 -8 0
460 258 712 507 0 0 0
460 258 715 510 0 0 0
460 258 718 513 8 8 0
468 266 721 516 0 -8 0
468 258 724 519 8 0 0
476 258 727 522 0 8 0
476 266 730 525 0 -8 0
476 258 733 528 8 -8 0
484 250 736 531 0 8 0
484 258 739 534 0 0 0
484 258 742 537 8 8 0
492 266 745 540 0 8 0
492 274 748 543 8 -8 0
500 266 751 546 0 0 0
500 266 754 549 0 0 0
500 266 757 552 8 -8 0
508 258 760 555 0 -8 0
508 250 763 558 0 -8 0
508 242 766 561 8 -8 0
516 234 769 564 0 -8 0
516 226 772 567 8 -8 0
524 218 775 570 0 0 0
524 218 778 573 0 0 0
524 218 781 576 0 0 1
524 218 781 576 0 0 1
524 218 781 576 0 0 1
524 218 781 576 0 0 1
524 218 781 576 0 0 1
