241 105 553 441 0 0 0
241 105 556 438 8 0 0
249 105 559 435 8 0 0
257 105 562 432 8 -8 0
265 97 565 429 8 -8 0
273 89 568 426 8 8 0
281 97 571 423 8 8 0
289 105 574 420 8 0 0
297 105 577 417 8 0 0
305 105 580 414 8 8 0
313 113 583 411 8 0 0
321 113 586 408 8 8 0
329 121 589 405 8 8 0
337 129 592 402 8 0 0
345 129 595 399 8 8 0
353 137 598 396 0 -8 0
353 129 601 393 0 8 0
353 137 604 390 0 0 0
353 137 607 387 0 8 0
353 145 610 384 0 0 0
353 145 613 381 0 8 0
353 153 616 378 0 -8 0
353 145 619 375 0 -8 0
353 137 622 372 0 -8 0
353 129 625 369 0 8 0
353 137 628 366 0 -8 0
353 129 631 363 0 8 0
353 137 634 360 0 0 0
353 137 637 357 0 8 0
353 145 640 354 0 -8 0
353 137 643 351 0 8 0
353 145 646 348 0 0 0
353 145 649 345 0 -8 0
353 137 652 342 0 -8 0
353 129 655 339 0 8 0
353 137 658 336 0 0 0
353 137 661 333 0 0 0
353 137 664 330 0 -8 0
353 129 667 327 0 0 0
353 129 670 324 0 0 0
353 129 673 321 0 -8 0
353 121 676 318 0 8 0
353 129 679 315 0 8 0
353 137 682 312 0 0 0
353 137 685 309 0 0 0
353 137 688 306 0 0 0
353 137 691 303 0 8 0
353 145 694 300 -8 -8 0
345 137 697 297 0 -8 0
345 129 700 294 -8 8 0
337 137 703 291 0 0 0
337 137 706 288 0 8 0
337 145 709 285 -8 8 0
329 153 712 282 0 8 0
329 161 715 279 0 0 0
329 161 718 276 -8 -8 0
321 153 721 273 0 -8 0
321 145 724 270 -8 0 0
313 145 727 267 0 8 0
313 153 730 264 0 8 0
313 161 733 261 -8 8 0
305 169 736 258 0 -8 0
305 161 739 255 0 8 0
305 169 742 252 -8 -8 0
297 161 745 249 0 0 0
297 161 748 246 -8 8 0
289 169 751 243 0 8 0
289 177 754 240 0 -8 0
289 169 757 237 -8 -8 0
281 161 760 234 0 0 0
281 161 763 231 0 8 0
281 169 766 228 -8 8 0
273 177 769 225 0 -8 0
273 169 772 222 -8 -8 0
265 161 775 219 0 -8 0
265 153 778 216 0 -8 0
265 145 781 213 0 0 1
265 145 781 213 0 0 1
265 145 781 213 0 0 1
265 145 781 213 0 0 1
265 145 781 213 0 0 1
