213 113 346 444 0 0 0
213 113 343 441 8 0 0
221 113 340 438 8 -8 0
229 105 337 435 8 8 0
237 113 334 432 8 0 0
245 113 331 429 8 8 0
253 121 328 426 8 0 0
261 121 325 423 8 8 0
269 129 322 420 8 0 0
277 129 319 417 8 8 0
285 137 316 414 8 -8 0
293 129 313 411 8 0 0
301 129 310 408 8 8 0
309 137 307 405 8 0 0
317 137 304 402 8 0 0
325 137 301 399 8 -8 0
333 129 298 396 8 8 0
341 137 295 393 8 -8 0
349 129 292 390 0 0 0
349 129 289 387 0 0 0
349 129 286 384 0 8 0
349 137 283 381 0 -8 0
349 129 280 378 0 8 0
349 137 277 375 0 8 0
349 145 274 372 0 -8 0
349 137 271 369 0 0 0
349 137 268 366 0 8 0
349 145 265 363 0 -8 0
349 137 262 360 0 8 0
349 145 259 357 0 8 0
349 153 256 354 0 0 0
349 153 253 351 0 0 0
349 153 250 348 0 -8 0
349 145 247 345 0 8 0
349 153 244 342 0 0 0
349 153 241 339 0 -8 0
349 145 238 336 0 0 0
349 145 235 333 0 8 0
349 153 232 330 0 -8 0
349 145 229 327 0 0 0
349 145 226 324 0 0 0
349 145 223 321 0 8 0
349 153 220 318 0 -8 0
349 145 217 315 0 0 0
349 145 214 312 0 0 0
349 145 211 309 0 -8 0
349 137 208 306 0 -8 0
349 129 205 303 0 -8 0
349 121 202 300 0 8 0
349 129 199 297 -8 8 0
341 137 196 294 0 -8 0
341 129 193 291 0 -8 0
341 121 190 288 -8 8 0
333 129 187 285 0 0 0
333 129 184 282 -8 8 0
325 137 181 279 0 -8 0
325 129 178 276 0 -8 0
325 121 175 273 -8 8 0
317 129 172 270 0 0 0
317 129 169 267 0 8 0
317 137 166 264 -8 8 0
309 145 163 261 0 8 0
309 153 160 258 -8 -8 0
301 145 157 255 0 0 0
301 145 154 252 0 0 0
301 145 151 249 -8 0 0
293 145 148 246 0 8 0
293 153 145 243 0 -8 0
293 145 142 240 -8 0 0
285 145 139 237 0 8 0
285 153 136 234 -8 0 0
277 153 133 231 0 0 0
277 153 130 228 0 8 0
277 161 127 225 -8 8 0
269 169 124 222 0 0 0
269 169 121 219 0 0 0
269 169 118 216 -8 0 0
261 169 115 213 0 -8 0
261 161 112 210 -8 0 0
253 161 109 207 0 0 0
253 161 106 204 0 -8 0
253 153 103 201 -8 8 0
245 161 100 198 0 8 0
245 169 97 195 0 0 0
245 169 94 192 -8 -8 0
237 161 91 189 0 8 0
237 169 88 186 -8 8 0
229 177 85 183 0 0 0
229 177 82 180 0 0 0
229 177 79 177 -8 0 0
221 177 76 174 0 -8 0
221 169 73 171 0 8 0
221 177 70 168 -8 0 0
213 177 67 165 0 8 0
213 185 64 162 -8 0 0
205 185 61 159 0 -8 0
205 177 58 156 0 8 0
205 185 55 153 -8 -8 0
197 177 52 150 0 -8 0
197 169 49 147 0 8 0
197 177 46 144 -8 0 0
189 177 43 141 0 -8 0
189 169 40 138 -8 -8 0
181 161 37 135 0 -8 0
181 153 34 132 0 -8 0
181 145 31 129 -8 -8 0
173 137 28 126 0 0 0
173 137 25 123 0 8 0
173 145 22 120 -8 0 0
165 145 19 117 0 -8 0
165 137 22 114 -8 0 0
157 137 25 111 0 -8 0
157 129 28 108 0 0 0
157 129 31 105 -8 0 0
149 129 34 102 0 8 0
149 137 37 99 0 -8 0
149 129 40 96 -8 8 0
141 137 43 93 0 -8 0
141 129 46 90 -8 -8 0
133 121 49 87 0 0 0
133 121 52 84 0 -8 0
133 113 55 81 -8 -8 0
125 105 58 78 0 0 0
125 105 61 75 0 -8 0
125 97 64 72 -8 -8 0
117 89 67 69 0 0 0
117 89 70 66 -8 0 0
109 89 73 63 0 8 0
109 97 76 60 0 0 0
109 97 79 57 -8 8 0
101 105 82 54 0 -8 0
101 97 85 51 0 0 0
101 97 88 48 -8 8 0
93 105 91 45 0 8 0
93 113 94 42 -8 8 0
85 121 97 39 0 -8 0
85 113 100 36 0 -8 0
85 105 103 33 -8 -8 0
77 97 106 30 0 8 0
77 105 109 27 0 -8 0
77 97 112 24 -8 0 0
69 97 115 21 0 8 0
69 105 118 18 -8 8 0
61 113 121 15 0 8 0
61 121 124 12 0 0 0
61 121 127 9 -8 -8 0
60 113 130 12 0 0 0
60 113 133 15 0 0 0
60 113 136 18 0 8 0
60 121 139 21 0 0 0
60 121 142 24 0 8 0
60 129 145 27 0 -8 0
60 121 148 30 0 8 0
60 129 151 33 0 8 0
60 137 154 36 0 0 0
60 137 157 39 0 -8 0
60 129 160 42 0 8 0
60 137 163 45 0 8 0
60 145 166 48 0 -8 0
60 137 169 51 0 0 0
60 137 172 54 0 -8 0
60 129 175 57 0 0 0
60 129 178 60 0 0 0
60 129 181 63 0 -8 0
60 121 184 66 0 8 0
60 129 187 69 0 -8 0
60 121 190 72 0 -8 0
60 113 193 75 0 -8 0
60 105 196 78 0 8 0
60 113 199 81 0 -8 0
60 105 202 84 0 0 0
60 105 205 87 0 -8 0
60 97 208 90 0 8 0
60 105 211 93 0 -8 0
60 97 214 96 0 8 0
60 105 217 99 0 8 0
60 113 220 102 0 0 0
60 113 223 105 0 8 0
60 121 226 108 0 -8 0
60 113 229 111 8 -8 0
68 105 232 114 0 0 0
68 105 235 117 0 0 0
68 105 238 120 8 -8 0
76 97 241 123 0 8 0
76 105 244 126 0 0 0
76 105 247 129 8 -8 0
84 97 250 132 0 -8 0
84 89 253 135 8 8 0
92 97 256 138 0 8 0
92 105 259 141 0 8 0
92 113 262 144 8 8 0
100 121 265 147 0 8 0
100 129 268 150 0 -8 0
100 121 271 153 8 8 0
108 129 274 156 0 0 0
108 129 277 159 8 -8 0
116 121 280 162 0 -8 0
116 113 283 165 0 8 0
116 121 286 168 8 8 0
124 129 289 171 0 8 0
124 137 292 174 0 8 0
124 145 295 177 8 8 0
132 153 298 180 0 -8 0
132 145 301 183 8 0 0
140 145 304 186 0 0 0
140 145 307 189 0 -8 0
140 137 310 192 8 -8 0
148 129 313 195 0 8 0
148 137 316 198 0 -8 0
148 129 319 201 8 -8 0
156 121 322 204 0 0 0
156 121 325 207 8 -8 0
164 113 328 210 0 8 0
164 121 331 213 0 -8 0
164 113 334 216 8 -8 0
172 105 337 219 0 8 0
172 113 340 222 0 0 0
172 113 343 225 8 0 0
180 113 346 228 0 8 0
180 121 349 231 8 -8 0
188 113 352 234 0 0 0
188 113 355 237 0 0 0
188 113 358 240 8 -8 0
196 105 361 243 0 8 0
196 113 364 246 0 0 0
196 113 367 249 8 8 0
204 121 370 252 0 8 0
204 129 373 255 8 0 0
212 129 376 258 0 8 0
212 137 379 261 0 -8 0
212 129 382 264 8 8 0
220 137 385 267 0 -8 0
220 129 388 270 0 0 0
220 129 391 273 8 -8 0
228 121 394 276 0 8 0
228 129 397 279 8 0 0
236 129 400 282 0 -8 0
236 121 403 285 0 0 0
236 121 406 288 8 0 0
244 121 409 291 0 -8 0
244 113 412 294 0 0 0
244 113 415 297 8 8 0
252 121 418 300 0 0 0
252 121 421 303 8 -8 0
260 113 424 306 0 0 0
260 113 427 309 0 8 0
260 121 430 312 8 0 0
268 121 433 315 0 0 0
268 121 436 318 0 0 0
268 121 439 321 8 8 0
276 129 442 324 0 8 0
276 137 445 327 8 -8 0
284 129 448 330 0 8 0
284 137 451 333 0 8 0
284 145 454 336 8 -8 0
292 137 457 339 0 0 0
292 137 460 342 0 8 0
292 145 463 345 8 -8 0
300 137 466 348 0 8 0
300 145 469 351 8 -8 0
308 137 472 354 0 -8 0
308 129 475 357 0 8 0
308 137 478 360 8 -8 0
316 129 481 363 0 0 0
316 129 484 366 0 8 0
316 137 487 369 8 0 0
324 137 490 372 0 -8 0
324 129 493 375 8 -8 0
332 121 496 378 0 8 0
332 129 499 381 0 0 0
332 129 502 384 8 -8 0
340 121 505 387 0 -8 0
340 113 508 390 0 0 0
340 113 511 393 8 -8 0
348 105 514 396 0 0 0
348 105 517 399 8 -8 0
356 97 520 402 0 8 0
356 105 523 405 0 8 0
356 113 526 408 8 8 0
364 121 529 411 0 -8 0
364 113 532 414 0 -8 0
364 105 535 417 8 -8 0
372 97 538 420 0 8 0
372 105 541 423 8 -8 0
380 97 544 426 0 -8 0
380 89 547 429 0 8 0
380 97 550 432 8 -8 0
388 89 553 435 0 8 0
388 97 556 438 0 0 0
388 97 559 441 8 8 0
396 105 562 444 0 -8 0
396 97 565 447 8 0 0
404 97 568 450 0 -8 0
404 89 571 453 0 0 0
404 89 574 456 8 8 0
412 97 577 459 0 8 0
412 105 580 462 0 -8 0
412 97 583 465 8 -8 0
420 89 586 468 0 -8 0
420 81 589 471 8 -8 0
428 73 592 474 0 8 0
428 81 595 477 0 -8 0
428 73 598 480 8 -8 0
436 65 601 483 0 -8 0
436 60 604 486 0 -8 0
436 60 607 489 8 8 0
444 68 610 492 0 -8 0
444 60 613 495 8 -8 0
452 60 616 498 0 8 0
452 68 619 501 0 8 0
452 76 622 504 8 0 0
460 76 625 507 0 8 0
460 84 628 510 0 0 0
460 84 631 513 8 -8 0
468 76 634 516 0 8 0
468 84 637 519 8 8 0
476 92 640 522 0 8 0
476 100 643 525 0 8 0
476 108 646 528 8 -8 0
484 100 649 531 0 0 0
484 100 652 534 0 -8 0
484 92 655 537 8 8 0
492 100 658 540 0 -8 0
492 92 661 543 8 0 0
500 92 664 546 0 -8 0
500 84 667 549 0 -8 0
500 76 670 552 8 0 0
508 76 673 555 0 0 0
508 76 676 558 0 0 0
508 76 679 561 8 8 0
516 84 682 564 0 8 0
516 92 685 567 8 8 0
524 100 688 570 0 0 0
524 100 691 573 0 8 0
524 108 694 576 8 0 0
532 108 697 579 0 -8 0
532 100 700 582 0 -8 0
532 92 703 585 8 8 0
540 100 706 588 0 8 0
540 108 709 591 8 -8 0
540 100 712 588 0 0 0
540 100 715 585 0 8 0
540 108 718 582 0 -8 0
540 100 721 579 0 -8 0
540 92 724 576 0 8 0
540 100 727 573 0 -8 0
540 92 730 570 0 8 0
540 100 733 567 0 -8 0
540 92 736 564 0 8 0
540 100 739 561 0 8 0
540 108 742 558 0 8 0
540 116 745 555 0 0 0
540 116 748 552 0 8 0
540 124 751 549 0 -8 0
540 116 754 546 0 -8 0
540 108 757 543 0 -8 0
540 100 760 540 0 8 0
540 108 763 537 0 -8 0
540 100 766 534 0 0 0
540 100 769 531 0 -8 0
540 92 772 528 0 8 0
540 100 775 525 0 8 0
540 108 778 522 0 8 0
540 116 781 519 0 0 1
540 116 781 519 0 0 1
540 116 781 519 0 0 1
540 116 781 519 0 0 1
540 116 781 519 0 0 1
