335 493 646 141 0 0 0
335 493 649 138 -8 8 0
327 501 652 135 -8 8 0
319 509 655 132 -8 8 0
311 517 658 129 -8 8 0
303 525 661 126 -8 8 0
295 533 664 123 -8 8 0
287 540 667 120 -8 8 0
279 540 670 117 -8 8 0
271 540 673 114 -8 -8 0
263 532 676 111 -8 0 0
255 532 679 108 -8 8 0
247 540 682 105 -8 -8 0
239 532 685 102 -8 0 0
231 532 688 99 -8 8 0
223 540 691 96 -8 -8 0
215 532 694 93 -8 0 0
207 532 697 90 -8 0 0
199 532 700 87 -8 -8 0
191 524 703 84 -8 -8 0
183 516 706 81 -8 -8 0
175 508 709 78 -8 -8 0
167 500 712 75 -8 8 0
159 508 715 72 -8 0 0
151 508 718 69 -8 0 0
143 508 721 66 -8 8 0
135 516 724 63 -8 0 0
127 516 727 60 -8 -8 0
119 508 730 57 -8 0 0
111 508 733 54 -8 8 0
103 516 736 51 -8 0 0
95 516 739 48 0 8 0
95 524 742 45 0 -8 0
95 516 745 42 -8 -8 0
87 508 748 39 0 0 0
87 508 751 36 -8 -8 0
79 500 754 33 0 -8 0
79 492 757 30 0 8 0
79 500 760 27 -8 0 0
71 500 763 24 0 0 0
71 500 766 21 0 -8 0
71 492 769 18 -8 8 0
63 500 772 15 0 0 0
63 500 775 12 -8 -8 0
60 492 778 9 -8 -8 0
60 484 781 12 0 0 1
60 484 781 12 0 0 1
60 484 781 12 0 0 1
60 484 781 12 0 0 1
60 484 781 12 0 0 1
