427 146 598 435 0 0 0
427 146 595 432 0 -8 0
427 138 592 429 0 8 0
427 146 589 426 0 -8 0
427 138 586 423 0 -8 0
427 130 583 420 0 8 0
427 138 580 417 0 -8 0
427 130 577 414 0 0 0
427 130 574 411 0 -8 0
427 122 571 408 0 8 0
427 130 568 405 0 0 0
427 130 565 402 0 0 0
427 130 562 399 0 -8 0
427 122 559 396 0 -8 0
427 114 556 393 0 0 0
427 114 553 390 0 -8 0
427 106 550 387 0 0 0
427 106 547 384 0 8 0
427 114 544 381 0 -8 0
427 106 541 378 0 -8 0
427 98 538 375 -8 0 0
419 98 535 372 0 8 0
419 106 532 369 0 8 0
419 114 529 366 -8 -8 0
411 106 526 363 0 8 0
411 114 523 360 -8 8 0
403 122 520 357 0 -8 0
403 114 517 354 0 -8 0
403 106 514 351 -8 -8 0
395 98 511 348 0 -8 0
395 90 508 345 0 -8 0
395 82 505 342 -8 8 0
387 90 502 339 0 8 0
387 98 499 336 -8 -8 0
379 90 496 333 0 0 0
379 90 493 330 0 -8 0
379 82 490 327 -8 -8 0
371 74 487 324 0 -8 0
371 66 484 321 0 8 0
371 74 481 318 -8 8 0
363 82 478 315 0 0 0
363 82 475 312 -8 0 0
355 82 472 309 0 0 0
355 82 469 306 0 -8 0
355 74 466 303 -8 8 0
347 82 463 300 0 8 0
347 90 460 297 0 0 0
347 90 457 294 -8 8 0
339 98 454 291 0 8 0
339 106 451 288 -8 8 0
331 114 448 285 0 8 0
331 122 445 282 0 8 0
331 130 442 279 -8 8 0
323 138 439 276 0 0 0
323 138 436 273 0 8 0
323 146 433 270 -8 -8 0
315 138 430 267 0 -8 0
315 130 427 264 -8 -8 0
307 122 424 261 0 0 0
307 122 421 258 0 0 0
307 122 418 255 -8 0 0
299 122 415 252 0 -8 0
299 114 412 249 0 8 0
299 122 409 246 -8 8 0
291 130 406 243 0 8 0
291 138 403 240 -8 8 0
283 146 400 237 0 0 0
283 146 397 234 0 0 0
283 146 394 231 -8 -8 0
275 138 391 228 0 8 0
275 146 388 225 0 0 0
275 146 385 222 -8 -8 0
267 138 382 219 0 8 0
267 146 379 216 -8 0 0
259 146 376 213 0 -8 0
259 138 373 210 0 0 0
259 138 370 207 -8 8 0
251 146 367 204 0 8 0
251 154 364 201 0 8 0
251 162 361 198 -8 -8 0
243 154 358 195 0 0 0
243 154 355 192 -8 8 0
235 162 352 189 0 -8 0
235 154 349 186 0 8 0
235 162 346 183 -8 0 0
227 162 343 180 0 0 0
227 162 340 177 0 8 0
227 170 337 174 -8 -8 0
219 162 334 171 0 0 0
219 162 331 168 -8 8 0
211 170 328 165 0 0 0
211 170 325 162 0 0 0
211 170 322 159 -8 0 0
203 170 319 156 0 -8 0
203 162 316 153 0 0 0
203 162 313 150 -8 -8 0
195 154 310 147 0 8 0
195 162 307 144 -8 0 0
187 162 304 141 0 -8 0
187 154 301 138 0 0 0
187 154 298 135 -8 8 0
179 162 295 132 0 8 0
179 170 292 129 0 8 0
179 178 289 126 -8 -8 0
171 170 286 123 0 0 0
171 170 283 120 -8 0 0
163 170 280 117 0 0 0
163 170 277 114 0 8 0
163 178 274 111 -8 8 0
155 186 271 108 0 0 0
155 186 268 105 0 8 0
155 194 265 102 -8 -8 0
147 186 262 99 0 -8 0
147 178 259 96 -8 -8 0
139 170 256 93 0 0 0
139 170 253 90 0 0 0
139 170 250 87 -8 8 0
131 178 247 84 0 0 0
131 178 244 81 0 8 0
131 186 241 78 -8 -8 0
123 178 238 75 0 -8 0
123 170 235 72 -8 -8 0
115 162 232 69 0 8 0
115 170 229 66 0 -8 0
115 162 226 63 -8 0 0
107 162 223 60 0 -8 0
107 154 220 57 0 0 0
107 154 217 54 -8 8 0
99 162 214 51 0 8 0
99 170 211 48 -8 0 0
91 170 208 45 0 -8 0
91 162 205 42 0 8 0
91 170 202 39 -8 -8 0
83 162 199 36 0 0 0
83 162 196 33 0 8 0
83 170 193 30 -8 -8 0
75 162 190 27 0 0 0
75 162 187 24 -8 8 0
67 170 184 21 0 0 0
67 170 181 18 0 0 0
67 170 178 15 -8 -8 0
60 162 175 12 0 -8 0
60 154 172 9 -8 -8 0
60 146 169 12 0 -8 0
60 138 166 15 0 0 0
60 138 163 18 0 0 0
60 138 160 21 0 8 0
60 146 157 24 0 0 0
60 146 154 27 0 8 0
60 154 151 30 0 -8 0
60 146 148 33 0 0 0
60 146 145 36 0 -8 0
60 138 142 39 0 -8 0
60 130 139 42 0 -8 0
60 122 136 45 0 -8 0
60 114 133 48 0 -8 0
60 106 130 51 0 -8 0
60 98 127 54 0 -8 0
60 90 124 57 0 8 0
60 98 121 60 0 8 0
60 106 118 63 0 0 0
60 106 115 66 0 8 0
60 114 112 69 0 0 0
60 114 109 72 0 0 0
60 114 106 75 0 0 0
60 114 103 78 0 0 0
60 114 100 81 0 -8 0
60 106 97 84 0 0 0
60 106 94 87 0 -8 0
60 98 91 90 0 -8 0
60 90 88 93 0 -8 0
60 82 85 96 0 8 0
60 90 82 99 0 0 0
60 90 79 102 0 0 0
60 90 76 105 0 8 0
60 98 73 108 0 8 0
60 106 70 111 8 8 0
68 114 67 114 0 -8 0
68 106 64 117 0 -8 0
68 98 61 120 8 -8 0
76 90 58 123 0 0 0
76 90 55 126 0 8 0
76 98 52 129 8 0 0
84 98 49 132 0 0 0
84 98 46 135 8 0 0
92 98 43 138 0 0 0
92 98 40 141 0 -8 0
92 90 37 144 8 0 0
100 90 34 147 0 0 0
100 90 31 150 0 -8 0
100 82 28 153 8 8 0
108 90 25 156 0 8 0
108 98 22 159 8 -8 0
116 90 19 162 0 -8 0
116 82 22 165 0 8 0
116 90 25 168 8 -8 0
124 82 28 171 0 -8 0
124 74 31 174 0 0 0
124 74 34 177 8 0 0
132 74 37 180 0 8 0
132 82 40 183 8 0 0
140 82 43 186 0 8 0
140 90 46 189 0 -8 0
140 82 49 192 8 0 0
148 82 52 195 0 -8 0
148 74 55 198 0 8 0
148 82 58 201 8 -8 0
156 74 61 204 0 8 0
156 82 64 207 8 8 0
164 90 67 210 0 -8 0
164 82 70 213 0 -8 0
164 74 73 216 8 8 0
172 82 76 219 0 -8 0
172 74 79 222 0 0 0
172 74 82 225 8 -8 0
180 66 85 228 0 -8 0
180 60 88 231 8 -8 0
188 60 91 234 0 8 0
188 68 94 237 0 -8 0
188 60 97 240 8 0 0
196 60 100 243 0 -8 0
196 60 103 246 0 -8 0
196 60 106 249 8 8 0
204 68 109 252 0 -8 0
204 60 112 255 8 0 0
212 60 115 258 0 8 0
212 68 118 261 0 8 0
212 76 121 264 8 -8 0
220 68 124 267 0 0 0
220 68 127 270 0 -8 0
220 60 130 273 8 -8 0
228 60 133 276 0 8 0
228 68 136 279 8 8 0
236 76 139 282 0 8 0
236 84 142 285 0 8 0
236 92 145 288 8 0 0
244 92 148 291 0 0 0
244 92 151 294 0 0 0
244 92 154 297 8 0 0
252 92 157 300 0 -8 0
252 84 160 303 8 0 0
260 84 163 306 0 8 0
260 92 166 309 0 0 0
260 92 169 312 8 -8 0
268 84 172 315 0 8 0
268 92 175 318 0 0 0
268 92 178 321 8 -8 0
276 84 181 324 0 8 0
276 92 184 327 8 8 0
284 100 187 330 0 0 0
284 100 190 333 0 -8 0
284 92 193 336 8 0 0
292 92 196 339 0 8 0
292 100 199 342 0 -8 0
292 92 202 345 8 8 0
300 100 205 348 0 8 0
300 108 208 351 8 0 0
308 108 211 354 0 8 0
308 116 214 357 0 -8 0
308 108 217 360 8 8 0
316 116 220 363 0 -8 0
316 108 223 366 0 8 0
316 116 226 369 8 0 0
324 116 229 372 0 -8 0
324 108 232 375 8 8 0
332 116 235 378 0 0 0
332 116 238 381 0 -8 0
332 108 241 384 8 8 0
340 116 244 387 0 8 0
340 124 247 390 0 8 0
340 132 250 393 8 -8 0
348 124 253 396 0 -8 0
348 116 256 399 8 0 0
356 116 259 402 0 8 0
356 124 262 405 0 -8 0
356 116 265 408 8 -8 0
364 108 268 411 0 8 0
364 116 271 414 0 0 0
364 116 274 417 8 0 0
372 116 277 420 0 -8 0
372 108 280 423 8 -8 0
380 100 283 426 0 0 0
380 100 286 429 0 8 0
380 108 289 432 8 0 0
388 108 292 435 0 0 0
388 108 295 438 0 8 0
388 116 298 441 8 0 0
396 116 301 444 0 -8 0
396 108 304 447 8 8 0
404 116 307 450 0 -8 0
404 108 310 453 0 8 0
404 116 313 456 8 0 0
412 116 316 459 0 0 0
412 116 319 462 0 0 0
412 116 322 465 8 0 0
420 116 325 468 0 8 0
420 124 328 471 8 8 0
428 132 331 474 0 0 0
428 132 334 477 0 8 0
428 140 337 480 8 0 0
436 140 340 483 0 0 0
436 140 343 486 0 -8 0
436 132 346 489 8 8 0
444 140 349 492 0 -8 0
444 132 352 495 8 0 0
452 132 355 498 0 8 0
452 140 358 501 0 0 0
452 140 361 504 8 0 0
460 140 364 507 0 8 0
460 148 367 510 0 -8 0
460 140 370 513 8 0 0
468 140 373 516 0 8 0
468 148 376 519 8 -8 0
476 140 379 522 0 0 0
476 140 382 525 0 0 0
476 140 385 528 8 -8 0
484 132 388 531 0 8 0
484 140 391 534 0 8 0
484 148 394 537 8 0 0
492 148 397 540 0 8 0
492 156 400 543 8 0 0
500 156 403 546 0 -8 0
500 148 406 549 0 8 0
500 156 409 552 8 8 0
508 164 412 555 0 -8 0
508 156 415 558 0 -8 0
508 148 418 561 8 8 0
516 156 421 564 0 -8 0
516 148 424 567 8 0 0
524 148 427 570 0 -8 0
524 140 430 573 0 0 0
524 140 433 576 8 -8 0
532 132 436 579 0 -8 0
532 124 439 582 0 8 0
532 132 442 585 8 8 0
540 140 445 588 0 0 0
540 140 448 591 8 0 0
540 140 451 588 0 -8 0
540 132 454 585 0 8 0
540 140 457 582 0 -8 0
540 132 460 579 0 8 0
540 140 463 576 0 8 0
540 148 466 573 0 8 0
540 156 469 570 0 -8 0
540 148 472 567 0 8 0
540 156 475 564 0 0 0
540 156 478 561 0 0 0
540 156 481 558 0 -8 0
540 148 484 555 0 0 0
540 148 487 552 0 8 0
540 156 490 549 0 8 0
540 164 493 546 0 0 0
540 164 496 543 0 0 0
540 164 499 540 0 8 0
540 172 502 537 0 0 0
540 172 505 534 0 0 0
540 172 508 531 0 0 0
540 172 511 528 0 -8 0
540 164 514 525 0 8 0
540 172 517 522 0 0 0
540 172 520 519 0 -8 0
540 164 523 516 0 8 0
540 172 526 513 0 0 0
540 172 529 510 0 0 0
540 172 532 507 0 0 0
540 172 535 504 0 -8 0
540 164 538 501 0 0 0
540 164 541 498 0 8 0
540 172 544 495 0 0 0
540 172 547 492 0 0 0
540 172 550 489 -8 -8 0
532 164 553 486 0 8 0
532 172 556 483 0 8 0
532 180 559 480 -8 -8 0
524 172 562 477 0 -8 0
524 164 565 474 0 8 0
524 172 568 471 -8 -8 0
516 164 571 468 0 -8 0
516 156 574 465 -8 -8 0
508 148 577 462 0 8 0
508 156 580 459 0 0 0
508 156 583 456 -8 8 0
500 164 586 453 0 -8 0
500 156 589 450 0 0 0
500 156 592 447 -8 8 0
492 164 595 444 0 0 0
492 164 598 441 -8 0 0
484 164 601 438 0 0 0
484 164 604 435 0 -8 0
484 156 607 432 -8 0 0
476 156 610 429 0 0 0
476 156 613 426 0 8 0
476 164 616 423 -8 -8 0
468 156 619 420 0 -8 0
468 148 622 417 -8 8 0
460 156 625 414 0 8 0
460 164 628 411 0 0 0
460 164 631 408 -8 8 0
452 172 634 405 0 -8 0
452 164 637 402 0 0 0
452 164 640 399 -8 0 0
444 164 643 396 0 0 0
444 164 646 393 -8 -8 0
436 156 649 390 0 0 0
436 156 652 387 0 0 0
436 156 655 384 -8 8 0
428 164 658 381 0 0 0
428 164 661 378 0 -8 0
428 156 664 375 -8 0 0
420 156 667 372 0 -8 0
420 148 670 369 -8 0 0
412 148 673 366 0 8 0
412 156 676 363 0 8 0
412 164 679 360 -8 8 0
404 172 682 357 0 0 0
404 172 685 354 0 0 0
404 172 688 351 -8 8 0
396 180 691 348 0 8 0
396 188 694 345 -8 -8 0
388 180 697 342 0 -8 0
388 172 700 339 0 8 0
388 180 703 336 -8 0 0
380 180 706 333 0 0 0
380 180 709 330 0 8 0
380 188 712 327 -8 0 0
372 188 715 324 0 8 0
372 196 718 321 -8 0 0
364 196 721 318 0 -8 0
364 188 724 315 0 -8 0
364 180 727 312 -8 -8 0
356 172 730 309 0 0 0
356 172 733 306 0 8 0
356 180 736 303 -8 0 0
348 180 739 300 0 -8 0
348 172 742 297 -8 8 0
340 180 745 294 0 0 0
340 180 748 291 0 0 0
340 180 751 288 -8 0 0
332 180 754 285 0 -8 0
332 172 757 282 0 0 0
332 172 760 279 -8 -8 0
324 164 763 276 0 8 0
324 172 766 273 -8 -8 0
316 164 769 270 0 -8 0
316 156 772 267 0 -8 0
316 148 775 264 -8 -8 0
308 140 778 261 0 -8 0
308 132 781 258 0 0 1
308 132 781 258 0 0 1
308 132 781 258 0 0 1
308 132 781 258 0 0 1
308 132 781 258 0 0 1
