174 482 598 174 0 0 0
174 482 595 177 0 8 0
174 490 592 180 0 0 0
174 490 589 183 0 -8 0
174 482 586 186 0 -8 0
174 474 583 189 0 8 0
174 482 580 192 0 -8 0
174 474 577 195 0 0 0
174 474 574 198 0 8 0
174 482 571 201 0 8 0
174 490 568 204 0 0 0
174 490 565 207 0 -8 0
174 482 562 210 0 -8 0
174 474 559 213 0 0 0
174 474 556 216 0 0 0
174 474 553 219 0 0 0
174 474 550 222 0 0 0
174 474 547 225 8 8 0
182 482 544 228 0 0 0
182 482 541 231 0 8 0
182 490 538 234 8 -8 0
190 482 535 237 0 0 0
190 482 532 240 0 -8 0
190 474 529 243 8 -8 0
198 466 526 246 0 8 0
198 474 523 249 8 0 0
206 474 520 252 0 8 0
206 482 517 255 0 -8 0
206 474 514 258 8 0 0
214 474 511 261 0 8 0
214 482 508 264 0 0 0
214 482 505 267 8 -8 0
222 474 502 270 0 -8 0
222 466 499 273 8 0 0
230 466 496 276 0 -8 0
230 458 493 279 0 0 0
230 458 490 282 8 0 0
238 458 487 285 0 0 0
238 458 484 288 0 0 0
238 458 481 291 8 -8 0
246 450 478 294 0 8 0
246 458 475 297 8 8 0
254 466 472 300 0 -8 0
254 458 469 303 0 -8 0
254 450 466 306 8 0 0
262 450 463 309 0 8 0
262 458 460 312 0 8 0
262 466 457 315 8 0 0
270 466 454 318 0 8 0
270 474 451 321 8 0 0
278 474 448 324 0 8 0
278 482 445 327 0 0 0
278 482 442 330 8 8 0
286 490 439 333 0 0 0
286 490 436 336 0 8 0
286 498 433 339 8 8 0
294 506 430 342 0 0 0
294 506 427 345 8 -8 0
302 498 424 348 0 -8 0
302 490 421 351 0 -8 0
302 482 418 354 8 8 0
310 490 415 357 0 -8 0
310 482 412 360 0 8 0
310 490 409 363 8 -8 0
318 482 406 366 0 8 0
318 490 403 369 8 8 0
326 498 400 372 0 0 0
326 498 397 375 0 0 0
326 498 394 378 8 0 0
334 498 391 381 0 0 0
334 498 388 384 0 -8 0
334 490 385 387 8 0 0
342 490 382 390 0 0 0
342 490 379 393 8 0 0
350 490 376 396 0 8 0
350 498 373 399 0 0 0
350 498 370 402 8 -8 0
358 490 367 405 0 0 0
358 490 364 408 0 -8 0
358 482 361 411 8 -8 0
366 474 358 414 0 0 0
366 474 355 417 8 8 0
374 482 352 420 0 8 0
374 490 349 423 0 8 0
374 498 346 426 8 8 0
382 506 343 429 0 8 0
382 514 340 432 0 0 0
382 514 337 435 8 -8 0
390 506 334 438 0 0 0
390 506 331 441 8 -8 0
398 498 328 444 0 8 0
398 506 325 447 0 8 0
398 514 322 450 8 -8 0
406 506 319 453 0 -8 0
406 498 316 456 0 0 0
406 498 313 459 8 0 0
414 498 310 462 0 -8 0
414 490 307 465 8 0 0
422 490 304 468 0 8 0
422 498 301 471 0 0 0
422 498 298 474 8 8 0
430 506 295 477 0 -8 0
430 498 292 480 0 8 0
430 506 289 483 8 -8 0
438 498 286 486 0 0 0
438 498 283 489 8 -8 0
446 490 280 492 0 -8 0
446 482 277 495 0 -8 0
446 474 274 498 8 -8 0
454 466 271 501 0 -8 0
454 458 268 504 0 8 0
454 466 265 507 8 -8 0
462 458 262 510 0 8 0
462 466 259 513 8 0 0
470 466 256 516 0 -8 0
470 458 253 519 0 8 0
470 466 250 522 8 -8 0
478 458 247 525 0 0 0
478 458 244 528 0 -8 0
478 450 241 531 8 8 0
486 458 238 534 0 0 0
486 458 235 537 8 8 0
494 466 232 540 0 -8 0
494 458 229 543 0 -8 0
494 450 226 546 8 8 0
502 458 223 549 0 -8 0
502 450 220 552 0 -8 0
502 442 217 555 8 8 0
510 450 214 558 0 0 0
510 450 211 561 8 8 0
518 458 208 564 0 0 0
518 458 205 567 0 8 0
518 466 202 570 8 0 0
526 466 199 573 0 8 0
526 474 196 576 0 8 0
526 482 193 579 8 0 0
534 482 190 582 0 0 0
534 482 187 585 8 0 0
540 482 184 588 0 8 0
540 490 181 591 8 -8 0
540 482 178 588 0 0 0
540 482 175 585 0 0 0
540 482 172 582 0 8 0
540 490 169 579 0 0 0
540 490 166 576 0 0 0
540 490 163 573 0 0 0
540 490 160 570 0 8 0
540 498 157 567 0 8 0
540 506 154 564 0 8 0
540 514 151 561 0 8 0
540 522 148 558 0 8 0
540 530 145 555 0 -8 0
540 522 142 552 0 0 0
540 522 139 549 0 0 0
540 522 136 546 0 0 0
540 522 133 543 0 8 0
540 530 130 540 0 -8 0
540 522 127 537 0 8 0
540 530 124 534 0 0 0
540 530 121 531 0 8 0
540 538 118 528 0 -8 0
540 530 115 525 0 0 0
540 530 112 522 0 8 0
540 538 109 519 0 -8 0
540 530 106 516 0 -8 0
540 522 103 513 0 8 0
540 530 100 510 0 0 0
540 530 97 507 0 0 0
540 530 94 504 0 8 0
540 538 91 501 0 0 0
540 538 88 498 0 0 0
540 538 85 495 0 0 0
540 538 82 492 0 0 0
540 538 79 489 -8 8 0
532 540 76 486 0 -8 0
532 532 73 483 0 0 0
532 532 70 480 -8 8 0
524 540 67 477 0 -8 0
524 532 64 474 0 8 0
524 540 61 471 -8 -8 0
516 532 58 468 0 0 0
516 532 55 465 -8 -8 0
508 524 52 462 0 -8 0
508 516 49 459 0 0 0
508 516 46 456 -8 8 0
500 524 43 453 0 8 0
500 532 40 450 0 0 0
500 532 37 447 -8 8 0
492 540 34 444 0 8 0
492 540 31 441 -8 -8 0
484 532 28 438 0 -8 0
484 524 25 435 0 0 0
484 524 22 432 -8 8 0
476 532 19 429 0 -8 0
476 524 22 426 0 8 0
476 532 25 423 -8 8 0
468 540 28 420 0 8 0
468 540 31 417 -8 8 0
460 540 34 414 0 8 0
460 540 37 411 0 0 0
460 540 40 408 -8 0 0
452 540 43 405 0 0 0
452 540 46 402 0 -8 0
452 532 49 399 -8 8 0
444 540 52 396 0 -8 0
444 532 55 393 -8 0 0
436 532 58 390 0 8 0
436 540 61 387 0 0 0
436 540 64 384 -8 -8 0
428 532 67 381 0 8 0
428 540 70 378 0 0 0
428 540 73 375 -8 8 0
420 540 76 372 0 -8 0
420 532 79 369 -8 -8 0
412 524 82 366 0 0 0
412 524 85 363 0 8 0
412 532 88 360 -8 0 0
404 532 91 357 0 8 0
404 540 94 354 0 -8 0
404 532 97 351 -8 8 0
396 540 100 348 0 8 0
396 540 103 345 -8 8 0
388 540 106 342 0 -8 0
388 532 109 339 0 -8 0
388 524 112 336 -8 -8 0
380 516 115 333 0 -8 0
380 508 118 330 0 -8 0
380 500 121 327 -8 0 0
372 500 124 324 0 0 0
372 500 127 321 -8 -8 0
364 492 130 318 0 -8 0
364 484 133 315 0 -8 0
364 476 136 312 -8 8 0
356 484 139 309 0 0 0
356 484 142 306 0 -8 0
356 476 145 303 -8 0 0
348 476 148 300 0 -8 0
348 468 151 297 -8 -8 0
340 460 154 294 0 0 0
340 460 157 291 0 8 0
340 468 160 288 -8 8 0
332 476 163 285 0 8 0
332 484 166 282 0 0 0
332 484 169 279 -8 0 0
324 484 172 276 0 8 0
324 492 175 273 -8 0 0
316 492 178 270 0 0 0
316 492 181 267 0 -8 0
316 484 184 264 -8 -8 0
308 476 187 261 0 8 0
308 484 190 258 0 -8 0
308 476 193 255 -8 0 0
300 476 196 252 0 -8 0
300 468 199 249 -8 -8 0
292 460 202 246 0 8 0
292 468 205 243 0 -8 0
292 460 208 240 -8 0 0
284 460 211 237 0 -8 0
284 452 214 234 0 0 0
284 452 217 231 -8 0 0
276 452 220 228 0 0 0
276 452 223 225 -8 -8 0
268 444 226 222 0 8 0
268 452 229 219 0 8 0
268 460 232 216 -8 8 0
260 468 235 213 0 8 0
260 476 238 210 0 -8 0
260 468 241 207 -8 8 0
252 476 244 204 0 8 0
252 484 247 201 -8 8 0
244 492 250 198 0 0 0
244 492 253 195 0 0 0
244 492 256 192 -8 8 0
236 500 259 189 0 8 0
236 508 262 186 0 8 0
236 516 265 183 -8 8 0
228 524 268 180 0 0 0
228 524 271 177 -8 0 0
220 524 274 174 0 0 0
220 524 277 171 0 8 0
220 532 280 168 -8 8 0
212 540 283 165 0 8 0
212 540 286 162 0 0 0
212 540 289 159 -8 -8 0
204 532 292 156 0 8 0
204 540 295 153 -8 -8 0
196 532 298 150 0 -8 0
196 524 301 147 0 0 0
196 524 304 144 -8 0 0
188 524 307 141 0 0 0
188 524 310 138 0 -8 0
188 516 313 135 -8 8 0
180 524 316 132 0 0 0
180 524 319 129 -8 0 0
172 524 322 126 0 0 0
172 524 325 123 0 8 0
172 532 328 120 -8 0 0
164 532 331 117 0 8 0
164 540 334 114 0 8 0
164 540 337 111 -8 8 0
156 540 340 108 0 8 0
156 540 343 105 -8 0 0
148 540 346 102 0 8 0
148 540 349 99 0 8 0
148 540 352 96 -8 0 0
140 540 355 93 0 8 0
140 540 358 90 0 0 0
140 540 361 87 -8 0 0
132 540 364 84 0 0 0
132 540 367 81 -8 0 0
124 540 370 78 0 8 0
124 540 373 75 0 8 0
124 540 376 72 -8 0 0
116 540 379 69 0 -8 0
116 532 382 66 0 -8 0
116 524 385 63 -8 -8 0
108 516 388 60 0 -8 0
108 508 391 57 -8 0 0
100 508 394 54 0 8 0
100 516 397 51 0 -8 0
100 508 400 48 -8 0 0
92 508 403 45 0 0 0
92 508 406 42 0 8 0
92 516 409 39 -8 8 0
84 524 412 36 0 8 0
84 532 415 33 -8 8 0
76 540 418 30 0 -8 0
76 532 421 27 0 -8 0
76 524 424 24 -8 0 0
68 524 427 21 0 8 0
68 532 430 18 0 0 0
68 532 433 15 -8 0 0
60 532 436 12 0 8 0
60 540 439 9 -8 -8 0
60 532 442 12 0 8 0
60 540 445 15 0 -8 0
60 532 448 18 0 -8 0
60 524 451 21 0 8 0
60 532 454 24 0 0 0
60 532 457 27 0 0 0
60 532 460 30 0 0 0
60 532 463 33 0 8 0
60 540 466 36 0 8 0
60 540 469 39 0 0 0
60 540 472 42 0 0 0
60 540 475 45 0 8 0
60 540 478 48 0 0 0
60 540 481 51 0 8 0
60 540 484 54 0 8 0
60 540 487 57 0 0 0
60 540 490 60 0 -8 0
60 532 493 63 0 8 0
60 540 496 66 0 0 0
60 540 499 69 0 8 0
60 540 502 72 0 0 0
60 540 505 75 0 0 0
60 540 508 78 0 -8 0
60 532 511 81 0 8 0
60 540 514 84 0 8 0
60 540 517 87 0 8 0
60 540 520 90 0 0 0
60 540 523 93 0 0 0
60 540 526 96 0 8 0
60 540 529 99 0 0 0
60 540 532 102 0 0 0
60 540 535 105 0 8 0
60 540 538 108 0 0 0
60 540 541 111 8 -8 0
68 532 544 114 0 8 0
68 540 547 117 0 0 0
68 540 550 120 8 0 0
76 540 553 123 0 0 0
76 540 556 126 0 8 0
76 540 559 129 8 8 0
84 540 562 132 0 -8 0
84 532 565 135 8 8 0
92 540 568 138 0 0 0
92 540 571 141 0 8 0
92 540 574 144 8 -8 0
100 532 577 147 0 8 0
100 540 580 150 0 0 0
100 540 583 153 8 8 0
108 540 586 156 0 0 0
108 540 589 159 8 -8 0
116 532 592 162 0 -8 0
116 524 595 165 0 -8 0
116 516 598 168 8 0 0
124 516 601 171 0 -8 0
124 508 604 174 0 0 0
124 508 607 177 8 -8 0
132 500 610 180 0 8 0
132 508 613 183 8 0 0
140 508 616 186 0 8 0
140 516 619 189 0 8 0
140 524 622 192 8 0 0
148 524 625 195 0 0 0
148 524 628 198 0 -8 0
148 516 631 201 8 8 0
156 524 634 204 0 -8 0
156 516 637 207 8 0 0
164 516 640 210 0 8 0
164 524 643 213 0 8 0
164 532 646 216 8 -8 0
172 524 649 219 0 8 0
172 532 652 222 0 0 0
172 532 655 225 8 -8 0
180 524 658 228 0 8 0
180 532 661 231 8 -8 0
188 524 664 234 0 8 0
188 532 667 237 0 0 0
188 532 670 240 8 8 0
196 540 673 243 0 8 0
196 540 676 246 0 -8 0
196 532 679 249 8 0 0
204 532 682 252 0 0 0
204 532 685 255 8 -8 0
212 524 688 258 0 8 0
212 532 691 261 0 -8 0
212 524 694 264 8 -8 0
220 516 697 267 0 -8 0
220 508 700 270 0 -8 0
220 500 703 273 8 8 0
228 508 706 276 0 0 0
228 508 709 279 8 8 0
236 516 712 282 0 0 0
236 516 715 285 0 8 0
236 524 718 288 8 -8 0
244 516 721 291 0 0 0
244 516 724 294 0 0 0
244 516 727 297 8 8 0
252 524 730 300 0 -8 0
252 516 733 303 8 8 0
260 524 736 306 0 -8 0
260 516 739 309 0 0 0
260 516 742 312 8 0 0
268 516 745 315 0 0 0
268 516 748 318 0 0 0
268 516 751 321 8 -8 0
276 508 754 324 0 -8 0
276 500 757 327 8 0 0
284 500 760 330 0 8 0
284 508 763 333 0 8 0
284 516 766 336 8 8 0
292 524 769 339 0 -8 0
292 516 772 342 0 8 0
292 524 775 345 8 8 0
300 532 778 348 0 -8 0
300 524 781 351 0 0 1
300 524 781 351 0 0 1
300 524 781 351 0 0 1
300 524 781 351 0 0 1
300 524 781 351 0 0 1
