467 308 496 219 0 0 0
467 308 493 222 -8 0 0
459 308 490 225 -8 8 0
451 316 487 228 -8 0 0
443 316 484 231 -8 0 0
435 316 481 234 -8 8 0
427 324 478 237 -8 8 0
419 332 475 240 -8 8 0
411 340 472 243 -8 8 0
403 348 469 246 -8 -8 0
395 340 466 249 -8 8 0
387 348 463 252 -8 8 0
379 356 460 255 -8 8 0
371 364 457 258 -8 0 0
363 364 454 261 -8 -8 0
355 356 451 264 -8 8 0
347 364 448 267 -8 -8 0
339 356 445 270 -8 0 0
331 356 442 273 -8 -8 0
323 348 439 276 0 8 0
323 356 436 279 0 0 0
323 356 433 282 0 8 0
323 364 430 285 0 0 0
323 364 427 288 0 8 0
323 372 424 291 0 8 0
323 380 421 294 0 -8 0
323 372 418 297 0 8 0
323 380 415 300 0 0 0
323 380 412 303 0 8 0
323 388 409 306 0 -8 0
323 380 406 309 0 -8 0
323 372 403 312 0 8 0
323 380 400 315 0 8 0
323 388 397 318 0 -8 0
323 380 394 321 0 0 0
323 380 391 324 0 -8 0
323 372 388 327 0 0 0
323 372 385 330 0 0 0
323 372 382 333 0 8 0
323 380 379 336 0 -8 0
323 372 376 339 0 8 0
323 380 373 342 0 -8 0
323 372 370 345 0 8 0
323 380 367 348 0 0 0
323 380 364 351 0 0 0
323 380 361 354 0 8 0
323 388 358 357 0 8 0
323 396 355 360 0 8 0
323 404 352 363 0 8 0
323 412 349 366 0 0 0
323 412 346 369 0 8 0
323 420 343 372 0 -8 0
323 412 340 375 8 -8 0
331 404 337 378 0 -8 0
331 396 334 381 0 -8 0
331 388 331 384 8 -8 0
339 380 328 387 0 8 0
339 388 325 390 8 8 0
347 396 322 393 0 -8 0
347 388 319 396 0 8 0
347 396 316 399 8 -8 0
355 388 313 402 0 -8 0
355 380 310 405 0 0 0
355 380 307 408 8 8 0
363 388 304 411 0 -8 0
363 380 301 414 8 0 0
371 380 298 417 0 0 0
371 380 295 420 0 -8 0
371 372 292 423 8 8 0
379 380 289 426 0 -8 0
379 372 286 429 0 -8 0
379 364 283 432 8 8 0
387 372 280 435 0 0 0
387 372 277 438 8 -8 0
395 364 274 441 0 0 0
395 364 271 444 0 8 0
395 372 268 447 8 0 0
403 372 265 450 0 0 0
403 372 262 453 0 8 0
403 380 259 456 8 -8 0
411 372 256 459 0 -8 0
411 364 253 462 8 8 0
419 372 250 465 0 0 0
419 372 247 468 0 8 0
419 380 244 471 8 -8 0
427 372 241 474 0 8 0
427 380 238 477 0 8 0
427 388 235 480 8 0 0
435 388 232 483 0 -8 0
435 380 229 486 8 8 0
443 388 226 489 0 0 0
443 388 223 492 0 8 0
443 396 220 495 8 0 0
451 396 217 498 0 0 0
451 396 214 501 0 0 0
451 396 211 504 8 -8 0
459 388 208 507 0 8 0
459 396 205 510 8 0 0
467 396 202 513 0 -8 0
467 388 199 516 0 8 0
467 396 196 519 8 0 0
475 396 193 522 0 8 0
475 404 190 525 0 0 0
475 404 187 528 8 -8 0
483 396 184 531 0 0 0
483 396 181 534 8 -8 0
491 388 178 537 0 8 0
491 396 175 540 0 0 0
491 396 172 543 8 0 0
499 396 169 546 0 0 0
499 396 166 549 0 0 0
499 396 163 552 8 -8 0
507 388 160 555 0 0 0
507 388 157 558 8 -8 0
515 380 154 561 0 8 0
515 388 151 564 0 0 0
515 388 148 567 8 0 0
523 388 145 570 0 0 0
523 388 142 573 0 8 0
523 396 139 576 8 8 0
531 404 136 579 0 -8 0
531 396 133 582 8 8 0
539 404 130 585 0 0 0
539 404 127 588 0 0 0
539 404 124 591 8 0 0
540 404 121 588 0 0 0
540 404 118 585 0 -8 0
540 396 115 582 0 8 0
540 404 112 579 0 0 0
540 404 109 576 0 -8 0
540 396 106 573 0 0 0
540 396 103 570 0 -8 0
540 388 100 567 0 -8 0
540 380 97 564 0 0 0
540 380 94 561 0 0 0
540 380 91 558 0 8 0
540 388 88 555 0 0 0
540 388 85 552 0 -8 0
540 380 82 549 0 -8 0
540 372 79 546 0 0 0
540 372 76 543 0 -8 0
540 364 73 540 0 8 0
540 372 70 537 0 8 0
540 380 67 534 0 0 0
540 380 64 531 0 8 0
540 388 61 528 0 -8 0
540 380 58 525 0 0 0
540 380 55 522 0 -8 0
540 372 52 519 0 0 0
540 372 49 516 0 -8 0
540 364 46 513 0 0 0
540 364 43 510 0 -8 0
540 356 40 507 0 0 0
540 356 37 504 0 0 0
540 356 34 501 0 0 0
540 356 31 498 0 8 0
540 364 28 495 0 0 0
540 364 25 492 0 -8 0
540 356 22 489 -8 0 0
532 356 19 486 0 -8 0
532 348 22 483 0 8 0
532 356 25 480 -8 8 0
524 364 28 477 0 8 0
524 372 31 474 0 8 0
524 380 34 471 -8 0 0
516 380 37 468 0 0 0
516 380 40 465 -8 -8 0
508 372 43 462 0 0 0
508 372 46 459 0 0 0
508 372 49 456 -8 -8 0
500 364 52 453 0 8 0
500 372 55 450 0 -8 0
500 364 58 447 -8 -8 0
492 356 61 444 0 0 0
492 356 64 441 -8 8 0
484 364 67 438 0 8 0
484 372 70 435 0 -8 0
484 364 73 432 -8 0 0
476 364 76 429 0 -8 0
476 356 79 426 0 -8 0
476 348 82 423 -8 0 0
468 348 85 420 0 8 0
468 356 88 417 -8 8 0
460 364 91 414 0 -8 0
460 356 94 411 0 0 0
460 356 97 408 -8 8 0
452 364 100 405 0 8 0
452 372 103 402 0 0 0
452 372 106 399 -8 8 0
444 380 109 396 0 -8 0
444 372 112 393 -8 0 0
436 372 115 390 0 0 0
436 372 118 387 0 -8 0
436 364 121 384 -8 8 0
428 372 124 381 0 0 0
428 372 127 378 0 8 0
428 380 130 375 -8 0 0
420 380 133 372 0 8 0
420 388 136 369 -8 0 0
412 388 139 366 0 -8 0
412 380 142 363 0 0 0
412 380 145 360 -8 -8 0
404 372 148 357 0 0 0
404 372 151 354 0 0 0
404 372 154 351 -8 8 0
396 380 157 348 0 8 0
396 388 160 345 -8 8 0
388 396 163 342 0 -8 0
388 388 166 339 0 0 0
388 388 169 336 -8 0 0
380 388 172 333 0 -8 0
380 380 175 330 0 0 0
380 380 178 327 -8 -8 0
372 372 181 324 0 8 0
372 380 184 321 -8 0 0
364 380 187 318 0 0 0
364 380 190 315 0 -8 0
364 372 193 312 -8 8 0
356 380 196 309 0 0 0
356 380 199 306 0 8 0
356 388 202 303 -8 0 0
348 388 205 300 0 -8 0
348 380 208 297 -8 8 0
340 388 211 294 0 -8 0
340 380 214 291 0 8 0
340 388 217 288 -8 -8 0
332 380 220 285 0 0 0
332 380 223 282 0 0 0
332 380 226 279 -8 8 0
324 388 229 276 0 -8 0
324 380 232 273 -8 0 0
316 380 235 270 0 0 0
316 380 238 267 0 8 0
316 388 241 264 -8 0 0
308 388 244 261 0 0 0
308 388 247 258 0 8 0
308 396 250 255 -8 0 0
300 396 253 252 0 8 0
300 404 256 249 -8 -8 0
292 396 259 246 0 0 0
292 396 262 243 0 0 0
292 396 265 240 -8 -8 0
284 388 268 237 0 -8 0
284 380 271 234 0 8 0
284 388 274 231 -8 8 0
276 396 277 228 0 -8 0
276 388 280 225 -8 -8 0
268 380 283 222 0 8 0
268 388 286 219 0 -8 0
268 380 289 216 -8 -8 0
260 372 292 213 0 8 0
260 380 295 210 0 0 0
260 380 298 207 -8 8 0
252 388 301 204 0 0 0
252 388 304 201 -8 -8 0
244 380 307 198 0 8 0
244 388 310 195 0 0 0
244 388 313 192 -8 -8 0
236 380 316 189 0 -8 0
236 372 319 186 0 8 0
236 380 322 183 -8 0 0
228 380 325 180 0 8 0
228 388 328 177 -8 -8 0
220 380 331 174 0 8 0
220 388 334 171 0 0 0
220 388 337 168 -8 -8 0
212 380 340 165 0 -8 0
212 372 343 162 0 -8 0
212 364 346 159 -8 8 0
204 372 349 156 0 -8 0
204 364 352 153 -8 0 0
196 364 355 150 0 0 0
196 364 358 147 0 8 0
196 372 361 144 -8 8 0
188 380 364 141 0 0 0
188 380 367 138 0 8 0
188 388 370 135 -8 8 0
180 396 373 132 0 8 0
180 404 376 129 -8 0 0
172 404 379 126 0 0 0
172 404 382 123 0 8 0
172 412 385 120 -8 0 0
164 412 388 117 0 8 0
164 420 391 114 0 8 0
164 428 394 111 -8 8 0
156 436 397 108 0 -8 0
156 428 400 105 -8 0 0
148 428 403 102 0 -8 0
148 420 406 99 0 -8 0
148 412 409 96 -8 8 0
140 420 412 93 0 8 0
140 428 415 90 0 0 0
140 428 418 87 -8 8 0
132 436 421 84 0 -8 0
132 428 424 81 -8 -8 0
124 420 427 78 0 -8 0
124 412 430 75 0 8 0
124 420 433 72 -8 -8 0
116 412 436 69 0 -8 0
116 404 439 66 0 8 0
116 412 442 63 -8 8 0
108 420 445 60 0 8 0
108 428 448 57 -8 0 0
100 428 451 54 0 8 0
100 436 454 51 0 -8 0
100 428 457 48 -8 -8 0
92 420 460 45 0 -8 0
92 412 463 42 0 8 0
92 420 466 39 -8 -8 0
84 412 469 36 0 -8 0
84 404 472 33 -8 0 0
76 404 475 30 0 -8 0
76 396 478 27 0 8 0
76 404 481 24 -8 8 0
68 412 484 21 0 8 0
68 420 487 18 0 -8 0
68 412 490 15 -8 -8 0
60 404 493 12 0 -8 0
60 396 496 9 -8 -8 0
60 388 499 12 0 8 0
60 396 502 15 0 -8 0
60 388 505 18 0 0 0
60 388 508 21 0 0 0
60 388 511 24 0 8 0
60 396 514 27 0 0 0
60 396 517 30 0 -8 0
60 388 520 33 0 -8 0
60 380 523 36 0 0 0
60 380 526 39 0 8 0
60 388 529 42 0 8 0
60 396 532 45 0 0 0
60 396 535 48 0 -8 0
60 388 538 51 0 -8 0
60 380 541 54 0 8 0
60 388 544 57 0 -8 0
60 380 547 60 0 8 0
60 388 550 63 0 8 0
60 396 553 66 0 0 0
60 396 556 69 0 8 0
60 404 559 72 0 8 0
60 412 562 75 0 8 0
60 420 565 78 0 0 0
60 420 568 81 0 -8 0
60 412 571 84 0 -8 0
60 404 574 87 0 -8 0
60 396 577 90 0 -8 0
60 388 580 93 0 0 0
60 388 583 96 0 -8 0
60 380 586 99 0 0 0
60 380 589 102 0 0 0
60 380 592 105 0 0 0
60 380 595 108 0 -8 0
60 372 598 111 8 -8 0
68 364 601 114 0 -8 0
68 356 604 117 0 0 0
68 356 607 120 8 8 0
76 364 610 123 0 0 0
76 364 613 126 0 0 0
76 364 616 129 8 -8 0
84 356 619 132 0 8 0
84 364 622 135 8 -8 0
92 356 625 138 0 -8 0
92 348 628 141 0 -8 0
92 340 631 144 8 -8 0
100 332 634 147 0 8 0
100 340 637 150 0 -8 0
100 332 640 153 8 8 0
108 340 643 156 0 -8 0
108 332 646 159 8 -8 0
116 324 649 162 0 0 0
116 324 652 165 0 -8 0
116 316 655 168 8 -8 0
124 308 658 171 0 0 0
124 308 661 174 0 8 0
124 316 664 177 8 8 0
132 324 667 180 0 0 0
132 324 670 183 8 -8 0
140 316 673 186 0 -8 0
140 308 676 189 0 8 0
140 316 679 192 8 8 0
148 324 682 195 0 8 0
148 332 685 198 0 8 0
148 340 688 201 8 -8 0
156 332 691 204 0 -8 0
156 324 694 207 8 0 0
164 324 697 210 0 8 0
164 332 700 213 0 0 0
164 332 703 216 8 8 0
172 340 706 219 0 -8 0
172 332 709 222 0 8 0
172 340 712 225 8 8 0
180 348 715 228 0 -8 0
180 340 718 231 8 8 0
188 348 721 234 0 0 0
188 348 724 237 0 0 0
188 348 727 240 8 -8 0
196 340 730 243 0 -8 0
196 332 733 246 0 -8 0
196 324 736 249 8 -8 0
204 316 739 252 0 0 0
204 316 742 255 8 0 0
212 316 745 258 0 8 0
212 324 748 261 0 8 0
212 332 751 264 8 8 0
220 340 754 267 0 -8 0
220 332 757 270 0 0 0
220 332 760 273 8 8 0
228 340 763 276 0 -8 0
228 332 766 279 8 8 0
236 340 769 282 0 0 0
236 340 772 285 0 8 0
236 348 775 288 8 0 0
244 348 778 291 0 8 0
244 356 781 294 0 0 1
244 356 781 294 0 0 1
244 356 781 294 0 0 1
244 356 781 294 0 0 1
244 356 781 294 0 0 1
