329 352 583 369 0 0 0
329 352 580 366 0 8 0
329 360 577 363 0 0 0
329 360 574 360 0 -8 0
329 352 571 357 0 -8 0
329 344 568 354 0 -8 0
329 336 565 351 0 0 0
329 336 562 348 0 -8 0
329 328 559 345 0 -8 0
329 320 556 342 0 0 0
329 320 553 339 0 8 0
329 328 550 336 0 -8 0
329 320 547 333 0 8 0
329 328 544 330 0 0 0
329 328 541 327 0 -8 0
329 320 538 324 0 -8 0
329 312 535 321 0 0 0
329 312 532 318 0 8 0
329 320 529 315 0 0 0
329 320 526 312 0 -8 0
329 312 523 309 0 8 0
329 320 520 306 0 8 0
329 328 517 303 0 -8 0
329 320 514 300 0 -8 0
329 312 511 297 0 -8 0
329 304 508 294 0 8 0
329 312 505 291 0 -8 0
329 304 502 288 0 8 0
329 312 499 285 0 0 0
329 312 496 282 0 -8 0
329 304 493 279 0 8 0
329 312 490 276 -8 0 0
321 312 487 273 0 0 0
321 312 484 270 -8 8 0
313 320 481 267 0 0 0
313 320 478 264 0 0 0
313 320 475 261 -8 -8 0
305 312 472 258 0 -8 0
305 304 469 255 0 0 0
305 304 466 252 -8 -8 0
297 296 463 249 0 8 0
297 304 460 246 -8 0 0
289 304 457 243 0 0 0
289 304 454 240 0 -8 0
289 296 451 237 -8 8 0
281 304 448 234 0 8 0
281 312 445 231 0 -8 0
281 304 442 228 -8 -8 0
273 296 439 225 0 0 0
273 296 436 222 -8 -8 0
265 288 433 219 0 0 0
265 288 430 216 0 0 0
265 288 427 213 -8 0 0
257 288 424 210 0 -8 0
257 280 421 207 0 -8 0
257 272 418 204 -8 8 0
249 280 415 201 0 8 0
249 288 412 198 -8 -8 0
241 280 409 195 0 0 0
241 280 406 192 0 0 0
241 280 403 189 -8 8 0
233 288 400 186 0 8 0
233 296 397 183 0 0 0
233 296 394 180 -8 -8 0
225 288 391 177 0 -8 0
225 280 388 174 -8 8 0
217 288 385 171 0 0 0
217 288 382 168 0 8 0
217 296 379 165 -8 8 0
209 304 376 162 0 8 0
209 312 373 159 0 0 0
209 312 370 156 -8 0 0
201 312 367 153 0 -8 0
201 304 364 150 -8 8 0
193 312 361 147 0 0 0
193 312 358 144 0 8 0
193 320 355 141 -8 8 0
185 328 352 138 0 0 0
185 328 349 135 0 -8 0
185 320 346 132 -8 0 0
177 320 343 129 0 -8 0
177 312 340 126 -8 -8 0
169 304 337 123 0 0 0
169 304 334 120 0 0 0
169 304 331 117 -8 -8 0
161 296 328 114 0 8 0
161 304 325 111 0 8 0
161 312 322 108 -8 8 0
153 320 319 105 0 0 0
153 320 316 102 -8 -8 0
145 312 313 99 0 8 0
145 320 310 96 0 8 0
145 328 307 93 -8 8 0
137 336 304 90 0 0 0
137 336 301 87 0 8 0
137 344 298 84 -8 0 0
129 344 295 81 0 8 0
129 352 292 78 -8 8 0
121 360 289 75 0 0 0
121 360 286 72 0 -8 0
121 352 283 69 -8 0 0
113 352 280 66 0 0 0
113 352 277 63 0 0 0
113 352 274 60 -8 0 0
105 352 271 57 0 0 0
105 352 268 54 -8 8 0
97 360 265 51 0 8 0
97 368 262 48 0 -8 0
97 360 259 45 -8 -8 0
89 352 256 42 0 -8 0
89 344 253 39 0 -8 0
89 336 250 36 -8 8 0
81 344 247 33 0 0 0
81 344 244 30 -8 -8 0
73 336 241 27 0 8 0
73 344 238 24 0 -8 0
73 336 235 21 -8 8 0
65 344 232 18 0 -8 0
65 336 229 15 0 -8 0
65 328 226 12 -8 8 0
60 336 223 9 -8 0 0
60 336 220 12 0 8 0
60 344 217 15 0 -8 0
60 336 214 18 0 0 0
60 336 211 21 0 -8 0
60 328 208 24 0 -8 0
60 320 205 27 0 8 0
60 328 202 30 0 0 0
60 328 199 33 0 0 0
60 328 196 36 0 -8 0
60 320 193 39 0 -8 0
60 312 190 42 0 0 0
60 312 187 45 0 8 0
60 320 184 48 0 8 0
60 328 181 51 0 8 0
60 336 178 54 0 8 0
60 344 175 57 0 8 0
60 352 172 60 0 8 0
60 360 169 63 0 8 0
60 368 166 66 0 -8 0
60 360 163 69 0 8 0
60 368 160 72 0 0 0
60 368 157 75 0 0 0
60 368 154 78 0 -8 0
60 360 151 81 0 8 0
60 368 148 84 0 -8 0
60 360 145 87 0 0 0
60 360 142 90 0 8 0
60 368 139 93 0 8 0
60 376 136 96 0 8 0
60 384 133 99 0 8 0
60 392 130 102 0 0 0
60 392 127 105 0 0 0
60 392 124 108 0 -8 0
60 384 121 111 8 8 0
68 392 118 114 0 -8 0
68 384 115 117 0 8 0
68 392 112 120 8 -8 0
76 384 109 123 0 0 0
76 384 106 126 0 8 0
76 392 103 129 8 8 0
84 400 100 132 0 -8 0
84 392 97 135 8 0 0
92 392 94 138 0 8 0
92 400 91 141 0 0 0
92 400 88 144 8 8 0
100 408 85 147 0 8 0
100 416 82 150 0 -8 0
100 408 79 153 8 8 0
108 416 76 156 0 0 0
108 416 73 159 8 0 0
116 416 70 162 0 8 0
116 424 67 165 0 -8 0
116 416 64 168 8 0 0
124 416 61 171 0 0 0
124 416 58 174 0 0 0
124 416 55 177 8 0 0
132 416 52 180 0 -8 0
132 408 49 183 8 0 0
140 408 46 186 0 8 0
140 416 43 189 0 8 0
140 424 40 192 8 8 0
148 432 37 195 0 -8 0
148 424 34 198 0 8 0
148 432 31 201 8 8 0
156 440 28 204 0 0 0
156 440 25 207 8 -8 0
164 432 22 210 0 0 0
164 432 19 213 0 8 0
164 440 22 216 8 0 0
172 440 25 219 0 8 0
172 448 28 222 0 8 0
172 456 31 225 8 -8 0
180 448 34 228 0 -8 0
180 440 37 231 8 -8 0
188 432 40 234 0 8 0
188 440 43 237 0 8 0
188 448 46 240 8 8 0
196 456 49 243 0 -8 0
196 448 52 246 0 8 0
196 456 55 249 8 8 0
204 464 58 252 0 8 0
204 472 61 255 8 -8 0
212 464 64 258 0 0 0
212 464 67 261 0 8 0
212 472 70 264 8 8 0
220 480 73 267 0 -8 0
220 472 76 270 0 -8 0
220 464 79 273 8 0 0
228 464 82 276 0 8 0
228 472 85 279 8 0 0
236 472 88 282 0 8 0
236 480 91 285 0 8 0
236 488 94 288 8 -8 0
244 480 97 291 0 0 0
244 480 100 294 0 8 0
244 488 103 297 8 8 0
252 496 106 300 0 8 0
252 504 109 303 8 -8 0
260 496 112 306 0 0 0
260 496 115 309 0 8 0
260 504 118 312 8 -8 0
268 496 121 315 0 0 0
268 496 124 318 0 8 0
268 504 127 321 8 8 0
276 512 130 324 0 0 0
276 512 133 327 8 0 0
284 512 136 330 0 0 0
284 512 139 333 0 8 0
284 520 142 336 8 8 0
292 528 145 339 0 -8 0
292 520 148 342 0 8 0
292 528 151 345 8 0 0
300 528 154 348 0 0 0
300 528 157 351 8 0 0
308 528 160 354 0 -8 0
308 520 163 357 0 8 0
308 528 166 360 8 0 0
316 528 169 363 0 8 0
316 536 172 366 0 8 0
316 540 175 369 8 0 0
324 540 178 372 0 8 0
324 540 181 375 8 8 0
332 540 184 378 0 0 0
332 540 187 381 0 0 0
332 540 190 384 8 8 0
340 540 193 387 0 0 0
340 540 196 390 0 0 0
340 540 199 393 8 0 0
348 540 202 396 0 8 0
348 540 205 399 8 -8 0
356 532 208 402 0 0 0
356 532 211 405 0 0 0
356 532 214 408 8 -8 0
364 524 217 411 0 8 0
364 532 220 414 0 -8 0
364 524 223 417 8 -8 0
372 516 226 420 0 -8 0
372 508 229 423 8 8 0
380 516 232 426 0 -8 0
380 508 235 429 0 0 0
380 508 238 432 8 8 0
388 516 241 435 0 0 0
388 516 244 438 0 0 0
388 516 247 441 8 0 0
396 516 250 444 0 8 0
396 524 253 447 8 -8 0
404 516 256 450 0 -8 0
404 508 259 453 0 8 0
404 516 262 456 8 -8 0
412 508 265 459 0 -8 0
412 500 268 462 0 -8 0
412 492 271 465 8 8 0
420 500 274 468 0 8 0
420 508 277 471 8 0 0
428 508 280 474 0 -8 0
428 500 283 477 0 -8 0
428 492 286 480 8 0 0
436 492 289 483 0 8 0
436 500 292 486 0 0 0
436 500 295 489 8 0 0
444 500 298 492 0 8 0
444 508 301 495 8 -8 0
452 500 304 498 0 8 0
452 508 307 501 0 0 0
452 508 310 504 8 0 0
460 508 313 507 0 0 0
460 508 316 510 0 -8 0
460 500 319 513 8 -8 0
468 492 322 516 0 0 0
468 492 325 519 8 -8 0
476 484 328 522 0 0 0
476 484 331 525 0 0 0
476 484 334 528 8 8 0
484 492 337 531 0 8 0
484 500 340 534 0 8 0
484 508 343 537 8 -8 0
492 500 346 540 0 8 0
492 508 349 543 8 0 0
500 508 352 546 0 -8 0
500 500 355 549 0 0 0
500 500 358 552 8 0 0
508 500 361 555 0 -8 0
508 492 364 558 0 -8 0
508 484 367 561 8 -8 0
516 476 370 564 0 0 0
516 476 373 567 8 8 0
524 484 376 570 0 -8 0
524 476 379 573 0 8 0
524 484 382 576 8 8 0
532 492 385 579 0 -8 0
532 484 388 582 0 0 0
532 484 391 585 8 0 0
540 484 394 588 0 0 0
540 484 397 591 8 -8 0
540 476 400 588 0 0 0
540 476 403 585 0 8 0
540 484 406 582 0 0 0
540 484 409 579 0 0 0
540 484 412 576 0 8 0
540 492 415 573 0 0 0
540 492 418 570 0 8 0
540 500 421 567 0 8 0
540 508 424 564 0 0 0
540 508 427 561 0 8 0
540 516 430 558 0 -8 0
540 508 433 555 0 -8 0
540 500 436 552 0 0 0
540 500 439 549 0 8 0
540 508 442 546 0 0 0
540 508 445 543 0 8 0
540 516 448 540 0 8 0
540 524 451 537 0 -8 0
540 516 454 534 0 8 0
540 524 457 531 0 -8 0
540 516 460 528 0 -8 0
540 508 463 525 0 -8 0
540 500 466 522 0 0 0
540 500 469 519 0 8 0
540 508 472 516 0 0 0
540 508 475 513 0 0 0
540 508 478 510 0 -8 0
540 500 481 507 0 0 0
540 500 484 504 0 8 0
540 508 487 501 0 8 0
540 516 490 498 0 -8 0
540 508 493 495 0 8 0
540 516 496 492 0 -8 0
540 508 499 489 -8 0 0
532 508 502 486 0 0 0
532 508 505 483 0 0 0
532 508 508 480 -8 -8 0
524 500 511 477 0 0 0
524 500 514 474 0 0 0
524 500 517 471 -8 0 0
516 500 520 468 0 0 0
516 500 523 465 -8 8 0
508 508 526 462 0 0 0
508 508 529 459 0 0 0
508 508 532 456 -8 8 0
500 516 535 453 0 -8 0
500 508 538 450 0 8 0
500 516 541 447 -8 8 0
492 524 544 444 0 8 0
492 532 547 441 -8 8 0
484 540 550 438 0 0 0
484 540 553 435 0 -8 0
484 532 556 432 -8 8 0
476 540 559 429 0 0 0
476 540 562 426 0 0 0
476 540 565 423 -8 0 0
468 540 568 420 0 8 0
468 540 571 417 -8 8 0
460 540 574 414 0 0 0
460 540 577 411 0 8 0
460 540 580 408 -8 -8 0
452 532 583 405 0 0 0
452 532 586 402 0 0 0
452 532 589 399 -8 0 0
444 532 592 396 0 8 0
444 540 595 393 -8 0 0
436 540 598 390 0 0 0
436 540 601 387 0 0 0
436 540 604 384 -8 0 0
428 540 607 381 0 0 0
428 540 610 378 0 0 0
428 540 613 375 -8 0 0
420 540 616 372 0 0 0
420 540 619 369 -8 8 0
412 540 622 366 0 8 0
412 540 625 363 0 -8 0
412 532 628 360 -8 8 0
404 540 631 357 0 8 0
404 540 634 354 0 -8 0
404 532 637 351 -8 -8 0
396 524 640 348 0 0 0
396 524 643 345 -8 0 0
388 524 646 342 0 8 0
388 532 649 339 0 -8 0
388 524 652 336 -8 8 0
380 532 655 333 0 -8 0
380 524 658 330 0 -8 0
380 516 661 327 -8 8 0
372 524 664 324 0 8 0
372 532 667 321 -8 -8 0
364 524 670 318 0 0 0
364 524 673 315 0 8 0
364 532 676 312 -8 0 0
356 532 679 309 0 8 0
356 540 682 306 0 -8 0
356 532 685 303 -8 0 0
348 532 688 300 0 -8 0
348 524 691 297 -8 8 0
340 532 694 294 0 0 0
340 532 697 291 0 0 0
340 532 700 288 -8 8 0
332 540 703 285 0 8 0
332 540 706 282 0 0 0
332 540 709 279 -8 8 0
324 540 712 276 0 0 0
324 540 715 273 -8 0 0
316 540 718 270 0 -8 0
316 532 721 267 0 8 0
316 540 724 264 -8 -8 0
308 532 727 261 0 0 0
308 532 730 258 0 8 0
308 540 733 255 -8 0 0
300 540 736 252 0 8 0
300 540 739 249 -8 -8 0
292 532 742 246 0 8 0
292 540 745 243 0 8 0
292 540 748 240 -8 -8 0
284 532 751 237 0 0 0
284 532 754 234 0 0 0
284 532 757 231 -8 -8 0
276 524 760 228 0 0 0
276 524 763 225 -8 -8 0
268 516 766 222 0 8 0
268 524 769 219 0 -8 0
268 516 772 216 -8 0 0
260 516 775 213 0 8 0
260 524 778 210 0 -8 0
260 516 781 207 0 0 1
260 516 781 207 0 0 1
260 516 781 207 0 0 1
260 516 781 207 0 0 1
260 516 781 207 0 0 1
