234 142 145 255 0 0 0
234 142 142 258 0 8 0
234 150 139 261 0 0 0
234 150 136 264 0 0 0
234 150 133 267 0 0 0
234 150 130 270 0 0 0
234 150 127 273 0 -8 0
234 142 124 276 0 0 0
234 142 121 279 0 -8 0
234 134 118 282 0 0 0
234 134 115 285 8 0 0
242 134 112 288 0 8 0
242 142 109 291 0 0 0
242 142 106 294 8 8 0
250 150 103 297 0 8 0
250 158 100 300 0 0 0
250 158 97 303 8 -8 0
258 150 94 306 0 -8 0
258 142 91 309 8 -8 0
266 134 88 312 0 8 0
266 142 85 315 0 -8 0
266 134 82 318 8 0 0
274 134 79 321 0 0 0
274 134 76 324 0 8 0
274 142 73 327 8 8 0
282 150 70 330 0 8 0
282 158 67 333 8 8 0
290 166 64 336 0 -8 0
290 158 61 339 0 8 0
290 166 58 342 8 -8 0
298 158 55 345 0 -8 0
298 150 52 348 0 0 0
298 150 49 351 8 -8 0
306 142 46 354 0 8 0
306 150 43 357 8 0 0
314 150 40 360 0 0 0
314 150 37 363 0 8 0
314 158 34 366 8 8 0
322 166 31 369 0 -8 0
322 158 28 372 0 0 0
322 158 25 375 8 0 0
330 158 22 378 0 0 0
330 158 19 381 0 0 1
330 158 19 381 0 0 1
330 158 19 381 0 0 1
330 158 19 381 0 0 1
330 158 19 381 0 0 1
