512 337 139 345 0 0 0
512 337 136 342 -8 0 0
504 337 133 339 -8 0 0
496 337 130 336 -8 0 0
488 337 127 333 -8 8 0
480 345 124 330 -8 0 0
472 345 121 327 -8 -8 0
464 337 118 324 -8 0 0
456 337 115 321 -8 -8 0
448 329 112 318 -8 8 0
440 337 109 315 -8 -8 0
432 329 106 312 -8 -8 0
424 321 103 309 -8 8 0
416 329 100 306 -8 0 0
408 329 97 303 -8 0 0
400 329 94 300 -8 8 0
392 337 91 297 -8 0 0
384 337 88 294 -8 -8 0
376 329 85 291 -8 0 0
368 329 82 288 -8 -8 0
360 321 79 285 -8 0 0
352 321 76 282 -8 8 0
344 329 73 279 -8 -8 0
336 321 70 276 -8 8 0
328 329 67 273 -8 8 0
320 337 64 270 0 8 0
320 345 61 267 -8 8 0
312 353 58 264 0 0 0
312 353 55 261 -8 0 0
304 353 52 258 0 -8 0
304 345 49 255 0 0 0
304 345 46 252 -8 8 0
296 353 43 249 0 0 0
296 353 40 246 0 -8 0
296 345 37 243 -8 -8 0
288 337 34 240 0 0 0
288 337 31 237 -8 8 0
280 345 28 234 0 0 0
280 345 25 231 0 8 0
280 353 22 228 -8 8 0
272 361 19 225 0 0 0
272 361 22 222 0 -8 0
272 353 25 219 -8 -8 0
264 345 28 216 0 0 0
264 345 31 213 -8 -8 0
256 337 34 210 0 0 0
256 337 37 207 0 0 0
256 337 40 204 -8 8 0
248 345 43 201 0 8 0
248 353 46 198 0 -8 0
248 345 49 195 -8 8 0
240 353 52 192 0 8 0
240 361 55 189 -8 0 0
232 361 58 186 0 8 0
232 369 61 183 0 8 0
232 377 64 180 -8 -8 0
224 369 67 177 0 -8 0
224 361 70 174 0 0 0
224 361 73 171 -8 0 0
216 361 76 168 0 -8 0
216 353 79 165 -8 -8 0
208 345 82 162 0 0 0
208 345 85 159 0 0 0
208 345 88 156 -8 8 0
200 353 91 153 0 0 0
200 353 94 150 0 8 0
200 361 97 147 -8 -8 0
192 353 100 144 0 8 0
192 361 103 141 -8 -8 0
184 353 106 138 0 8 0
184 361 109 135 0 8 0
184 369 112 132 -8 8 0
176 377 115 129 0 -8 0
176 369 118 126 0 0 0
176 369 121 123 -8 0 0
168 369 124 120 0 0 0
168 369 127 117 -8 0 0
160 369 130 114 0 8 0
160 377 133 111 0 8 0
160 385 136 108 -8 8 0
152 393 139 105 0 8 0
152 401 142 102 0 -8 0
152 393 145 99 -8 -8 0
144 385 148 96 0 0 0
144 385 151 93 -8 -8 0
136 377 154 90 0 8 0
136 385 157 87 0 8 0
136 393 160 84 -8 -8 0
128 385 163 81 0 -8 0
128 377 166 78 0 8 0
128 385 169 75 -8 8 0
120 393 172 72 0 8 0
120 401 175 69 -8 -8 0
112 393 178 66 0 0 0
112 393 181 63 0 -8 0
112 385 184 60 -8 -8 0
104 377 187 57 0 8 0
104 385 190 54 0 -8 0
104 377 193 51 -8 8 0
96 385 196 48 0 -8 0
96 377 199 45 -8 0 0
88 377 202 42 0 -8 0
88 369 205 39 0 0 0
88 369 208 36 -8 -8 0
80 361 211 33 0 -8 0
80 353 214 30 0 8 0
80 361 217 27 -8 8 0
72 369 220 24 0 8 0
72 377 223 21 -8 -8 0
64 369 226 18 0 8 0
64 377 229 15 0 0 0
64 377 232 12 -8 -8 0
60 369 235 9 -8 0 0
60 369 238 12 0 -8 0
60 361 241 15 0 8 0
60 369 244 18 0 8 0
60 377 247 21 0 0 0
60 377 250 24 0 8 0
60 385 253 27 0 8 0
60 393 256 30 0 0 0
60 393 259 33 0 -8 0
60 385 262 36 0 -8 0
60 377 265 39 0 8 0
60 385 268 42 0 0 0
60 385 271 45 0 8 0
60 393 274 48 0 -8 0
60 385 277 51 0 -8 0
60 377 280 54 0 8 0
60 385 283 57 0 0 0
60 385 286 60 0 -8 0
60 377 289 63 0 8 0
60 385 292 66 0 -8 0
60 377 295 69 0 0 0
60 377 298 72 0 -8 0
60 369 301 75 0 0 0
60 369 304 78 0 8 0
60 377 307 81 0 0 0
60 377 310 84 0 -8 0
60 369 313 87 0 -8 0
60 361 316 90 0 -8 0
60 353 319 93 0 0 0
60 353 322 96 0 -8 0
60 345 325 99 0 0 0
60 345 328 102 0 0 0
60 345 331 105 0 0 0
60 345 334 108 0 -8 0
60 337 337 111 8 -8 0
68 329 340 114 0 -8 0
68 321 343 117 0 -8 0
68 313 346 120 8 -8 0
76 305 349 123 0 8 0
76 313 352 126 0 0 0
76 313 355 129 8 0 0
84 313 358 132 0 -8 0
84 305 361 135 8 0 0
92 305 364 138 0 0 0
92 305 367 141 0 8 0
92 313 370 144 8 0 0
100 313 373 147 0 8 0
100 321 376 150 0 0 0
100 321 379 153 8 8 0
108 329 382 156 0 -8 0
108 321 385 159 8 0 0
116 321 388 162 0 0 0
116 321 391 165 0 8 0
116 329 394 168 8 0 0
124 329 397 171 0 8 0
124 337 400 174 0 0 0
124 337 403 177 8 0 0
132 337 406 180 0 8 0
132 345 409 183 8 8 0
140 353 412 186 0 8 0
140 361 415 189 0 -8 0
140 353 418 192 8 -8 0
148 345 421 195 0 -8 0
148 337 424 198 0 0 0
148 337 427 201 8 -8 0
156 329 430 204 0 8 0
156 337 433 207 8 8 0
164 345 436 210 0 8 0
164 353 439 213 0 8 0
164 361 442 216 8 0 0
172 361 445 219 0 0 0
172 361 448 222 0 0 0
172 361 451 225 8 8 0
180 369 454 228 0 8 0
180 377 457 231 8 -8 0
188 369 460 234 0 0 0
188 369 463 237 0 8 0
188 377 466 240 8 8 0
196 385 469 243 0 8 0
196 393 472 246 0 -8 0
196 385 475 249 8 0 0
204 385 478 252 0 0 0
204 385 481 255 8 0 0
212 385 484 258 0 8 0
212 393 487 261 0 0 0
212 393 490 264 8 8 0
220 401 493 267 0 0 0
220 401 496 270 0 -8 0
220 393 499 273 8 8 0
228 401 502 276 0 8 0
228 409 505 279 8 8 0
236 417 508 282 0 0 0
236 417 511 285 0 8 0
236 425 514 288 8 8 0
244 433 517 291 0 0 0
244 433 520 294 0 0 0
244 433 523 297 8 0 0
252 433 526 300 0 8 0
252 441 529 303 8 8 0
260 449 532 306 0 0 0
260 449 535 309 0 8 0
260 457 538 312 8 8 0
268 465 541 315 0 -8 0
268 457 544 318 0 -8 0
268 449 547 321 8 8 0
276 457 550 324 0 -8 0
276 449 553 327 8 8 0
284 457 556 330 0 0 0
284 457 559 333 0 0 0
284 457 562 336 8 -8 0
292 449 565 339 0 0 0
292 449 568 342 0 8 0
292 457 571 345 8 0 0
300 457 574 348 0 8 0
300 465 577 351 8 0 0
308 465 580 354 0 -8 0
308 457 583 357 0 8 0
308 465 586 360 8 8 0
316 473 589 363 0 -8 0
316 465 592 366 0 -8 0
316 457 595 369 8 8 0
324 465 598 372 0 -8 0
324 457 601 375 8 8 0
332 465 604 378 0 0 0
332 465 607 381 0 0 0
332 465 610 384 8 0 0
340 465 613 387 0 0 0
340 465 616 390 0 -8 0
340 457 619 393 8 0 0
348 457 622 396 0 8 0
348 465 625 399 8 -8 0
356 457 628 402 0 0 0
356 457 631 405 0 8 0
356 465 634 408 8 -8 0
364 457 637 411 0 0 0
364 457 640 414 0 8 0
364 465 643 417 8 0 0
372 465 646 420 0 -8 0
372 457 649 423 8 0 0
380 457 652 426 0 -8 0
380 449 655 429 0 8 0
380 457 658 432 8 8 0
388 465 661 435 0 0 0
388 465 664 438 0 -8 0
388 457 667 441 8 -8 0
396 449 670 444 0 -8 0
396 441 673 447 8 8 0
404 449 676 450 0 8 0
404 457 679 453 0 0 0
404 457 682 456 8 8 0
412 465 685 459 0 8 0
412 473 688 462 0 -8 0
412 465 691 465 8 -8 0
420 457 694 468 0 8 0
420 465 697 471 8 -8 0
428 457 700 474 0 8 0
428 465 703 477 0 0 0
428 465 706 480 8 8 0
436 473 709 483 0 -8 0
436 465 712 486 0 0 0
436 465 715 489 8 8 0
444 473 718 492 0 0 0
444 473 721 495 8 8 0
452 481 724 498 0 8 0
452 489 727 501 0 -8 0
452 481 730 504 8 0 0
460 481 733 507 0 8 0
460 489 736 510 0 -8 0
460 481 739 513 8 8 0
468 489 742 516 0 0 0
468 489 745 519 8 8 0
476 497 748 522 0 8 0
476 505 751 525 0 -8 0
476 497 754 528 8 8 0
484 505 757 531 0 8 0
484 513 760 534 0 0 0
484 513 763 537 8 8 0
492 521 766 540 0 8 0
492 529 769 543 8 -8 0
500 521 772 546 0 0 0
500 521 775 549 0 0 0
500 521 778 552 8 0 0
508 521 781 555 0 8 0
508 529 778 558 0 0 0
508 529 775 561 8 0 0
516 529 772 564 0 -8 0
516 521 769 567 8 -8 0
524 513 766 570 0 -8 0
524 505 763 573 0 -8 0
524 497 760 576 8 -8 0
532 489 757 579 0 -8 0
532 481 754 582 0 8 0
532 489 751 585 8 -8 0
540 481 748 588 0 0 0
540 481 745 591 8 -8 0
540 473 742 588 0 -8 0
540 465 739 585 0 0 0
540 465 736 582 0 0 0
540 465 733 579 0 0 0
540 465 730 576 0 0 0
540 465 727 573 0 8 0
540 473 724 570 0 8 0
540 481 721 567 0 8 0
540 489 718 564 0 -8 0
540 481 715 561 0 0 0
540 481 712 558 0 0 0
540 481 709 555 0 -8 0
540 473 706 552 0 8 0
540 481 703 549 0 -8 0
540 473 700 546 0 8 0
540 481 697 543 0 8 0
540 489 694 540 0 -8 0
540 481 691 537 0 0 0
540 481 688 534 0 8 0
540 489 685 531 0 8 0
540 497 682 528 0 8 0
540 505 679 525 0 8 0
540 513 676 522 0 -8 0
540 505 673 519 0 -8 0
540 497 670 516 0 8 0
540 505 667 513 0 -8 0
540 497 664 510 0 0 0
540 497 661 507 0 -8 0
540 489 658 504 0 0 0
540 489 655 501 0 -8 0
540 481 652 498 0 8 0
540 489 649 495 0 0 0
540 489 646 492 0 -8 0
540 481 643 489 -8 8 0
532 489 640 486 0 -8 0
532 481 637 483 0 8 0
532 489 634 480 -8 0 0
524 489 631 477 0 0 0
524 489 628 474 0 0 0
524 489 625 471 -8 -8 0
516 481 622 468 0 8 0
516 489 619 465 -8 0 0
508 489 616 462 0 -8 0
508 481 613 459 0 8 0
508 489 610 456 -8 -8 0
500 481 607 453 0 8 0
500 489 604 450 0 -8 0
500 481 601 447 -8 -8 0
492 473 598 444 0 -8 0
492 465 595 441 -8 0 0
484 465 592 438 0 -8 0
484 457 589 435 0 -8 0
484 449 586 432 -8 -8 0
476 441 583 429 0 8 0
476 449 580 426 0 -8 0
476 441 577 423 -8 -8 0
468 433 574 420 0 -8 0
468 425 571 417 -8 8 0
460 433 568 414 0 -8 0
460 425 565 411 0 -8 0
460 417 562 408 -8 -8 0
452 409 559 405 0 0 0
452 409 556 402 0 -8 0
452 401 553 399 -8 -8 0
444 393 550 396 0 -8 0
444 385 547 393 -8 8 0
436 393 544 390 0 -8 0
436 385 541 387 0 8 0
436 393 538 384 -8 0 0
428 393 535 381 0 -8 0
428 385 532 378 0 8 0
428 393 529 375 -8 0 0
420 393 526 372 0 0 0
420 393 523 369 -8 8 0
412 401 520 366 0 0 0
412 401 517 363 0 0 0
412 401 514 360 -8 8 0
404 409 511 357 0 -8 0
404 401 508 354 0 0 0
404 401 505 351 -8 -8 0
396 393 502 348 0 8 0
396 401 499 345 -8 0 0
388 401 496 342 0 8 0
388 409 493 339 0 -8 0
388 401 490 336 -8 0 0
380 401 487 333 0 0 0
380 401 484 330 0 0 0
380 401 481 327 -8 -8 0
372 393 478 324 0 0 0
372 393 475 321 -8 8 0
364 401 472 318 0 -8 0
364 393 469 315 0 8 0
364 401 466 312 -8 -8 0
356 393 463 309 0 8 0
356 401 460 306 0 8 0
356 409 457 303 -8 0 0
348 409 454 300 0 -8 0
348 401 451 297 -8 -8 0
340 393 448 294 0 -8 0
340 385 445 291 0 0 0
340 385 442 288 -8 0 0
332 385 439 285 0 8 0
332 393 436 282 0 -8 0
332 385 433 279 -8 -8 0
324 377 430 276 0 8 0
324 385 427 273 -8 8 0
316 393 424 270 0 8 0
316 401 421 267 0 0 0
316 401 418 264 -8 -8 0
308 393 415 261 0 0 0
308 393 412 258 0 0 0
308 393 409 255 -8 -8 0
300 385 406 252 0 0 0
300 385 403 249 -8 0 0
292 385 400 246 0 -8 0
292 377 397 243 0 0 0
292 377 394 240 -8 8 0
284 385 391 237 0 0 0
284 385 388 234 0 -8 0
284 377 385 231 -8 0 0
276 377 382 228 0 -8 0
276 369 379 225 -8 -8 0
268 361 376 222 0 -8 0
268 353 373 219 0 8 0
268 361 370 216 -8 8 0
260 369 367 213 0 8 0
260 377 364 210 0 8 0
260 385 361 207 -8 -8 0
252 377 358 204 0 8 0
252 385 355 201 -8 0 0
244 385 352 198 0 -8 0
244 377 349 195 0 -8 0
244 369 346 192 -8 8 0
236 377 343 189 0 8 0
236 385 340 186 0 8 0
236 393 337 183 -8 0 0
228 393 334 180 0 8 0
228 401 331 177 -8 0 0
220 401 328 174 0 0 0
220 401 325 171 0 8 0
220 409 322 168 -8 8 0
212 417 319 165 0 -8 0
212 409 316 162 0 0 0
212 409 313 159 -8 8 0
204 417 310 156 0 -8 0
204 409 307 153 -8 0 0
196 409 304 150 0 0 0
196 409 301 147 0 0 0
196 409 298 144 -8 0 0
188 409 295 141 0 -8 0
188 401 292 138 0 0 0
188 401 289 135 -8 0 0
180 401 286 132 0 8 0
180 409 283 129 -8 -8 0
172 401 280 126 0 0 0
172 401 277 123 0 -8 0
172 393 274 120 -8 8 0
164 401 271 117 0 8 0
164 409 268 114 0 8 0
164 417 265 111 -8 -8 0
156 409 262 108 0 8 0
156 417 259 105 -8 8 0
148 425 256 102 0 0 0
148 425 253 99 0 8 0
148 433 250 96 -8 -8 0
140 425 247 93 0 0 0
140 425 244 90 0 8 0
140 433 241 87 -8 8 0
132 441 238 84 0 -8 0
132 433 235 81 -8 0 0
124 433 232 78 0 0 0
124 433 229 75 0 -8 0
124 425 226 72 -8 -8 0
116 417 223 69 0 0 0
116 417 220 66 0 8 0
116 425 217 63 -8 -8 0
108 417 214 60 0 8 0
108 425 211 57 -8 8 0
100 433 208 54 0 -8 0
100 425 205 51 0 0 0
100 425 202 48 -8 -8 0
92 417 199 45 0 0 0
92 417 196 42 0 -8 0
92 409 193 39 -8 -8 0
84 401 190 36 0 0 0
84 401 187 33 -8 8 0
76 409 184 30 0 0 0
76 409 181 27 0 -8 0
76 401 178 24 -8 0 0
68 401 175 21 0 0 0
68 401 172 18 0 0 0
68 401 169 15 -8 -8 0
60 393 166 12 0 8 0
60 401 163 9 -8 0 0
60 401 160 12 0 8 0
60 409 157 15 0 -8 0
60 401 154 18 0 -8 0
60 393 151 21 0 -8 0
60 385 148 24 0 -8 0
60 377 145 27 0 -8 0
60 369 142 30 0 8 0
60 377 139 33 0 0 0
60 377 136 36 0 -8 0
60 369 133 39 0 0 0
60 369 130 42 0 0 0
60 369 127 45 0 0 0
60 369 124 48 0 -8 0
60 361 121 51 0 -8 0
60 353 118 54 0 -8 0
60 345 115 57 0 0 0
60 345 112 60 0 -8 0
60 337 109 63 0 8 0
60 345 106 66 0 0 0
60 345 103 69 0 8 0
60 353 100 72 0 0 0
60 353 97 75 0 -8 0
60 345 94 78 0 8 0
60 353 91 81 0 -8 0
60 345 88 84 0 -8 0
60 337 85 87 0 -8 0
60 329 82 90 0 0 0
60 329 79 93 0 8 0
60 337 76 96 0 0 0
60 337 73 99 0 0 0
60 337 70 102 0 8 0
60 345 67 105 0 -8 0
60 337 64 108 0 0 0
60 337 61 111 8 -8 0
68 329 58 114 0 -8 0
68 321 55 117 0 8 0
68 329 52 120 8 0 0
76 329 49 123 0 -8 0
76 321 46 126 0 8 0
76 329 43 129 8 0 0
84 329 40 132 0 -8 0
84 321 37 135 8 -8 0
92 313 34 138 0 0 0
92 313 31 141 0 0 0
92 313 28 144 8 -8 0
100 305 25 147 0 -8 0
100 297 22 150 0 0 0
100 297 19 153 0 0 1
100 297 19 153 0 0 1
100 297 19 153 0 0 1
100 297 19 153 0 0 1
100 297 19 153 0 0 1
