468 500 628 267 0 0 0
468 500 631 270 -8 8 0
460 508 634 273 -8 0 0
452 508 637 276 -8 8 0
444 516 640 279 -8 0 0
436 516 643 282 -8 -8 0
428 508 646 285 -8 0 0
420 508 649 288 -8 0 0
412 508 652 291 -8 -8 0
404 500 655 294 -8 -8 0
396 492 658 297 -8 8 0
388 500 661 300 -8 0 0
380 500 664 303 -8 0 0
372 500 667 306 -8 0 0
364 500 670 309 -8 0 0
356 500 673 312 0 -8 0
356 492 676 315 0 -8 0
356 484 679 318 0 0 0
356 484 682 321 0 -8 0
356 476 685 324 0 0 0
356 476 688 327 0 8 0
356 484 691 330 0 -8 0
356 476 694 333 0 -8 0
356 468 697 336 0 8 0
356 476 700 339 0 8 0
356 484 703 342 0 0 0
356 484 706 345 0 0 0
356 484 709 348 0 0 0
356 484 712 351 0 -8 0
356 476 715 354 0 8 0
356 484 718 357 0 8 0
356 492 721 360 0 -8 0
356 484 724 363 0 0 0
356 484 727 366 0 -8 0
356 476 730 369 0 0 0
356 476 733 372 0 0 0
356 476 736 375 0 -8 0
356 468 739 378 0 8 0
356 476 742 381 0 0 0
356 476 745 384 0 8 0
356 484 748 387 0 8 0
356 492 751 390 0 0 0
356 492 754 393 0 0 0
356 492 757 396 0 -8 0
356 484 760 399 0 -8 0
356 476 763 402 0 -8 0
356 468 766 405 0 8 0
356 476 769 408 8 8 0
364 484 772 411 0 -8 0
364 476 775 414 0 8 0
364 484 778 417 8 -8 0
372 476 781 420 0 0 1
372 476 781 420 0 0 1
372 476 781 420 0 0 1
372 476 781 420 0 0 1
372 476 781 420 0 0 1
