138 223 355 456 0 0 0
138 223 358 453 8 0 0
146 223 361 450 8 0 0
154 223 364 447 8 -8 0
162 215 367 444 8 -8 0
170 207 370 441 8 8 0
178 215 373 438 8 0 0
186 215 376 435 8 0 0
194 215 379 432 8 0 0
202 215 382 429 8 8 0
210 223 385 426 8 -8 0
218 215 388 423 8 0 0
226 215 391 420 8 8 0
234 223 394 417 8 -8 0
242 215 397 414 8 8 0
250 223 400 411 8 8 0
258 231 403 408 8 0 0
266 231 406 405 8 -8 0
274 223 409 402 8 0 0
282 223 412 399 8 -8 0
290 215 415 396 8 0 0
298 215 418 393 8 8 0
306 223 421 390 8 0 0
314 223 424 387 8 -8 0
322 215 427 384 8 8 0
330 223 430 381 8 0 0
338 223 433 378 0 0 0
338 223 436 375 0 -8 0
338 215 439 372 0 0 0
338 215 442 369 0 -8 0
338 207 445 366 0 0 0
338 207 448 363 0 8 0
338 215 451 360 0 0 0
338 215 454 357 0 0 0
338 215 457 354 0 8 0
338 223 460 351 0 0 0
338 223 463 348 0 -8 0
338 215 466 345 0 -8 0
338 207 469 342 0 0 0
338 207 472 339 0 8 0
338 215 475 336 0 0 0
338 215 478 333 0 0 0
338 215 481 330 0 0 0
338 215 484 327 0 8 0
338 223 487 324 0 -8 0
338 215 490 321 0 -8 0
338 207 493 318 0 -8 0
338 199 496 315 0 -8 0
338 191 499 312 0 8 0
338 199 502 309 0 -8 0
338 191 505 306 0 -8 0
338 183 508 303 0 0 0
338 183 511 300 0 0 0
338 183 514 297 0 0 0
338 183 517 294 0 -8 0
338 175 520 291 0 8 0
338 183 523 288 0 0 0
338 183 526 285 -8 -8 0
330 175 529 282 0 8 0
330 183 532 279 -8 8 0
322 191 535 276 0 8 0
322 199 538 273 0 -8 0
322 191 541 270 -8 0 0
314 191 544 267 0 0 0
314 191 547 264 0 0 0
314 191 550 261 -8 0 0
306 191 553 258 0 8 0
306 199 556 255 -8 8 0
298 207 559 252 0 0 0
298 207 562 249 0 8 0
298 215 565 246 -8 -8 0
290 207 568 243 0 0 0
290 207 571 240 0 8 0
290 215 574 237 -8 -8 0
282 207 577 234 0 8 0
282 215 580 231 -8 -8 0
274 207 583 228 0 8 0
274 215 586 225 0 8 0
274 223 589 222 -8 8 0
266 231 592 219 0 0 0
266 231 595 216 0 8 0
266 239 598 213 -8 -8 0
258 231 601 210 0 8 0
258 239 604 207 -8 8 0
250 247 607 204 0 8 0
250 255 610 201 0 8 0
250 263 613 198 -8 0 0
242 263 616 195 0 0 0
242 263 619 192 0 0 0
242 263 622 189 -8 -8 0
234 255 625 186 0 0 0
234 255 628 183 -8 0 0
226 255 631 180 0 -8 0
226 247 634 177 0 -8 0
226 239 637 174 -8 8 0
218 247 640 171 0 8 0
218 255 643 168 0 8 0
218 263 646 165 -8 0 0
210 263 649 162 0 8 0
210 271 652 159 -8 8 0
202 279 655 156 0 0 0
202 279 658 153 0 8 0
202 287 661 150 -8 -8 0
194 279 664 147 0 8 0
194 287 667 144 0 0 0
194 287 670 141 -8 0 0
186 287 673 138 0 0 0
186 287 676 135 -8 -8 0
178 279 679 132 0 8 0
178 287 682 129 0 8 0
178 295 685 126 -8 8 0
170 303 688 123 0 0 0
170 303 691 120 0 8 0
170 311 694 117 -8 -8 0
162 303 697 114 0 0 0
162 303 700 111 -8 -8 0
154 295 703 108 0 0 0
154 295 706 105 0 0 0
154 295 709 102 -8 -8 0
146 287 712 99 0 0 0
146 287 715 96 0 -8 0
146 279 718 93 -8 8 0
138 287 721 90 0 -8 0
138 279 724 87 -8 0 0
130 279 727 84 0 -8 0
130 271 730 81 0 8 0
130 279 733 78 -8 8 0
122 287 736 75 0 8 0
122 295 739 72 0 -8 0
122 287 742 69 -8 -8 0
114 279 745 66 0 -8 0
114 271 748 63 -8 -8 0
106 263 751 60 0 -8 0
106 255 754 57 0 8 0
106 263 757 54 -8 -8 0
98 255 760 51 0 0 0
98 255 763 48 0 -8 0
98 247 766 45 -8 -8 0
90 239 769 42 0 8 0
90 247 772 39 -8 -8 0
82 239 775 36 0 0 0
82 239 778 33 0 -8 0
82 231 781 30 0 0 1
82 231 781 30 0 0 1
82 231 781 30 0 0 1
82 231 781 30 0 0 1
82 231 781 30 0 0 1
