172 129 394 474 0 0 0
172 129 391 477 8 8 0
180 137 388 480 8 8 0
188 145 385 483 8 -8 0
196 137 382 486 8 0 0
204 137 379 489 8 0 0
212 137 376 492 8 0 0
220 137 373 495 8 -8 0
228 129 370 498 8 8 0
236 137 367 501 8 8 0
244 145 364 504 8 8 0
252 153 361 507 8 8 0
260 161 358 510 8 -8 0
268 153 355 513 8 8 0
276 161 352 516 8 0 0
284 161 349 519 8 0 0
292 161 346 522 8 8 0
300 169 343 525 8 -8 0
308 161 340 528 8 8 0
316 169 337 531 8 0 0
324 169 334 534 8 0 0
332 169 331 537 8 -8 0
340 161 328 540 8 -8 0
348 153 325 543 8 0 0
356 153 322 546 8 8 0
364 161 319 549 8 8 0
372 169 316 552 8 8 0
380 177 313 555 8 0 0
388 177 310 558 8 -8 0
396 169 307 561 8 0 0
404 169 304 564 8 -8 0
412 161 301 567 8 8 0
420 169 298 570 8 8 0
428 177 295 573 8 8 0
436 185 292 576 8 0 0
444 185 289 579 8 -8 0
452 177 286 582 8 -8 0
460 169 283 585 8 0 0
468 169 280 588 8 8 0
476 177 277 591 8 -8 0
484 169 274 588 8 8 0
492 177 271 585 8 0 0
500 177 268 582 8 0 0
508 177 265 579 8 0 0
516 177 262 576 8 0 0
524 177 259 573 0 8 0
524 185 256 570 0 -8 0
524 177 253 567 0 -8 0
524 169 250 564 0 -8 0
524 161 247 561 0 8 0
524 169 244 558 0 8 0
524 177 241 555 0 -8 0
524 169 238 552 0 8 0
524 177 235 549 0 8 0
524 185 232 546 0 8 0
524 193 229 543 0 8 0
524 201 226 540 0 8 0
524 209 223 537 0 -8 0
524 201 220 534 0 -8 0
524 193 217 531 0 -8 0
524 185 214 528 0 -8 0
524 177 211 525 0 8 0
524 185 208 522 0 -8 0
524 177 205 519 0 0 0
524 177 202 516 0 8 0
524 185 199 513 0 8 0
524 193 196 510 0 -8 0
524 185 193 507 0 -8 0
524 177 190 504 0 -8 0
524 169 187 501 0 -8 0
524 161 184 498 0 8 0
524 169 181 495 0 -8 0
524 161 178 492 0 8 0
524 169 175 489 0 -8 0
524 161 172 486 0 0 0
524 161 169 483 0 0 0
524 161 166 480 0 8 0
524 169 163 477 0 -8 0
524 161 160 474 0 0 0
524 161 157 471 -8 8 0
516 169 154 468 0 -8 0
516 161 151 465 -8 8 0
508 169 148 462 0 0 0
508 169 145 459 0 0 0
508 169 142 456 -8 -8 0
500 161 139 453 0 8 0
500 169 136 450 0 0 0
500 169 133 447 -8 0 0
492 169 130 444 0 8 0
492 177 127 441 -8 0 0
484 177 124 438 0 8 0
484 185 121 435 0 8 0
484 193 118 432 -8 8 0
476 201 115 429 0 0 0
476 201 112 426 0 -8 0
476 193 109 423 -8 0 0
468 193 106 420 0 8 0
468 201 103 417 -8 8 0
460 209 100 414 0 8 0
460 217 97 411 0 -8 0
460 209 94 408 -8 8 0
452 217 91 405 0 0 0
452 217 88 402 0 8 0
452 225 85 399 -8 0 0
444 225 82 396 0 -8 0
444 217 79 393 -8 8 0
436 225 76 390 0 8 0
436 233 73 387 0 0 0
436 233 70 384 -8 8 0
428 241 67 381 0 0 0
428 241 64 378 0 -8 0
428 233 61 375 -8 8 0
420 241 58 372 0 0 0
420 241 55 369 -8 0 0
412 241 52 366 0 -8 0
412 233 49 363 0 8 0
412 241 46 360 -8 0 0
404 241 43 357 0 0 0
404 241 40 354 0 8 0
404 249 37 351 -8 8 0
396 257 34 348 0 -8 0
396 249 31 345 -8 -8 0
388 241 28 342 0 8 0
388 249 25 339 0 -8 0
388 241 22 336 -8 0 0
380 241 19 333 0 8 0
380 249 22 330 0 0 0
380 249 25 327 -8 8 0
372 257 28 324 0 8 0
372 265 31 321 -8 -8 0
364 257 34 318 0 8 0
364 265 37 315 0 8 0
364 273 40 312 -8 -8 0
356 265 43 309 0 8 0
356 273 46 306 0 0 0
356 273 49 303 -8 0 0
348 273 52 300 0 0 0
348 273 55 297 -8 8 0
340 281 58 294 0 0 0
340 281 61 291 0 8 0
340 289 64 288 -8 8 0
332 297 67 285 0 0 0
332 297 70 282 0 -8 0
332 289 73 279 -8 -8 0
324 281 76 276 0 0 0
324 281 79 273 -8 8 0
316 289 82 270 0 0 0
316 289 85 267 0 0 0
316 289 88 264 -8 8 0
308 297 91 261 0 0 0
308 297 94 258 0 0 0
308 297 97 255 -8 -8 0
300 289 100 252 0 0 0
300 289 103 249 -8 -8 0
292 281 106 246 0 8 0
292 289 109 243 0 0 0
292 289 112 240 -8 -8 0
284 281 115 237 0 -8 0
284 273 118 234 0 8 0
284 281 121 231 -8 -8 0
276 273 124 228 0 8 0
276 281 127 225 -8 8 0
268 289 130 222 0 0 0
268 289 133 219 0 -8 0
268 281 136 216 -8 -8 0
260 273 139 213 0 8 0
260 281 142 210 0 0 0
260 281 145 207 -8 -8 0
252 273 148 204 0 -8 0
252 265 151 201 -8 8 0
244 273 154 198 0 0 0
244 273 157 195 0 8 0
244 281 160 192 -8 -8 0
236 273 163 189 0 0 0
236 273 166 186 0 0 0
236 273 169 183 -8 -8 0
228 265 172 180 0 -8 0
228 257 175 177 -8 0 0
220 257 178 174 0 -8 0
220 249 181 171 0 8 0
220 257 184 168 -8 -8 0
212 249 187 165 0 0 0
212 249 190 162 0 0 0
212 249 193 159 -8 0 0
204 249 196 156 0 8 0
204 257 199 153 -8 8 0
196 265 202 150 0 -8 0
196 257 205 147 0 8 0
196 265 208 144 -8 0 0
188 265 211 141 0 -8 0
188 257 214 138 0 0 0
188 257 217 135 -8 0 0
180 257 220 132 0 -8 0
180 249 223 129 -8 -8 0
172 241 226 126 0 8 0
172 249 229 123 0 -8 0
172 241 232 120 -8 -8 0
164 233 235 117 0 8 0
164 241 238 114 0 8 0
164 249 241 111 -8 -8 0
156 241 244 108 0 8 0
156 249 247 105 -8 0 0
148 249 250 102 0 8 0
148 257 253 99 0 8 0
148 265 256 96 -8 -8 0
140 257 259 93 0 0 0
140 257 262 90 0 0 0
140 257 265 87 -8 8 0
132 265 268 84 0 8 0
132 273 271 81 -8 -8 0
124 265 274 78 0 8 0
124 273 277 75 0 0 0
124 273 280 72 -8 8 0
116 281 283 69 0 8 0
116 289 286 66 0 0 0
116 289 289 63 -8 0 0
108 289 292 60 0 -8 0
108 281 295 57 -8 -8 0
100 273 298 54 0 8 0
100 281 301 51 0 -8 0
100 273 304 48 -8 8 0
92 281 307 45 0 -8 0
92 273 310 42 0 -8 0
92 265 313 39 -8 0 0
84 265 316 36 0 0 0
84 265 319 33 -8 0 0
76 265 322 30 0 -8 0
76 257 325 27 0 -8 0
76 249 328 24 -8 0 0
68 249 331 21 0 -8 0
68 241 334 18 0 -8 0
68 233 337 15 -8 0 0
60 233 340 12 0 -8 0
60 225 343 9 -8 -8 0
60 217 346 12 0 -8 0
60 209 349 15 0 0 0
60 209 352 18 0 -8 0
60 201 355 21 0 0 0
60 201 358 24 0 0 0
60 201 361 27 0 8 0
60 209 364 30 0 0 0
60 209 367 33 0 8 0
60 217 370 36 0 8 0
60 225 373 39 0 -8 0
60 217 376 42 0 -8 0
60 209 379 45 0 0 0
60 209 382 48 0 0 0
60 209 385 51 0 -8 0
60 201 388 54 0 0 0
60 201 391 57 0 -8 0
60 193 394 60 0 -8 0
60 185 397 63 0 8 0
60 193 400 66 0 8 0
60 201 403 69 0 8 0
60 209 406 72 0 8 0
60 217 409 75 0 0 0
60 217 412 78 0 -8 0
60 209 415 81 0 0 0
60 209 418 84 0 -8 0
60 201 421 87 0 0 0
60 201 424 90 0 8 0
60 209 427 93 0 -8 0
60 201 430 96 0 0 0
60 201 433 99 0 -8 0
60 193 436 102 0 -8 0
60 185 439 105 0 -8 0
60 177 442 108 0 -8 0
60 169 445 111 8 0 0
68 169 448 114 0 8 0
68 177 451 117 0 8 0
68 185 454 120 8 8 0
76 193 457 123 0 -8 0
76 185 460 126 0 -8 0
76 177 463 129 8 0 0
84 177 466 132 0 -8 0
84 169 469 135 8 -8 0
92 161 472 138 0 -8 0
92 153 475 141 0 0 0
92 153 478 144 8 0 0
100 153 481 147 0 8 0
100 161 484 150 0 -8 0
100 153 487 153 8 8 0
108 161 490 156 0 0 0
108 161 493 159 8 0 0
116 161 496 162 0 0 0
116 161 499 165 0 -8 0
116 153 502 168 8 0 0
124 153 505 171 0 8 0
124 161 508 174 0 0 0
124 161 511 177 8 0 0
132 161 514 180 0 -8 0
132 153 517 183 8 0 0
140 153 520 186 0 8 0
140 161 523 189 0 -8 0
140 153 526 192 8 0 0
148 153 529 195 0 -8 0
148 145 532 198 0 -8 0
148 137 535 201 8 8 0
156 145 538 204 0 8 0
156 153 541 207 8 -8 0
164 145 544 210 0 8 0
164 153 547 213 0 -8 0
164 145 550 216 8 8 0
172 153 553 219 0 -8 0
172 145 556 222 0 -8 0
172 137 559 225 8 0 0
180 137 562 228 0 -8 0
180 129 565 231 8 0 0
188 129 568 234 0 8 0
188 137 571 237 0 8 0
188 145 574 240 8 0 0
196 145 577 243 0 8 0
196 153 580 246 0 0 0
196 153 583 249 8 8 0
204 161 586 252 0 8 0
204 169 589 255 8 -8 0
212 161 592 258 0 -8 0
212 153 595 261 0 8 0
212 161 598 264 8 0 0
220 161 601 267 0 0 0
220 161 604 270 0 8 0
220 169 607 273 8 8 0
228 177 610 276 0 -8 0
228 169 613 279 8 8 0
236 177 616 282 0 0 0
236 177 619 285 0 8 0
236 185 622 288 8 0 0
244 185 625 291 0 -8 0
244 177 628 294 0 8 0
244 185 631 297 8 0 0
252 185 634 300 0 0 0
252 185 637 303 8 8 0
260 193 640 306 0 0 0
260 193 643 309 0 8 0
260 201 646 312 8 0 0
268 201 649 315 0 8 0
268 209 652 318 0 8 0
268 217 655 321 8 -8 0
276 209 658 324 0 -8 0
276 201 661 327 8 -8 0
284 193 664 330 0 8 0
284 201 667 333 0 0 0
284 201 670 336 8 -8 0
292 193 673 339 0 0 0
292 193 676 342 0 0 0
292 193 679 345 8 8 0
300 201 682 348 0 0 0
300 201 685 351 8 -8 0
308 193 688 354 0 0 0
308 193 691 357 0 8 0
308 201 694 360 8 0 0
316 201 697 363 0 0 0
316 201 700 366 0 8 0
316 209 703 369 8 0 0
324 209 706 372 0 -8 0
324 201 709 375 8 -8 0
332 193 712 378 0 -8 0
332 185 715 381 0 0 0
332 185 718 384 8 8 0
340 193 721 387 0 0 0
340 193 724 390 0 -8 0
340 185 727 393 8 8 0
348 193 730 396 0 0 0
348 193 733 399 8 -8 0
356 185 736 402 0 0 0
356 185 739 405 0 8 0
356 193 742 408 8 0 0
364 193 745 411 0 0 0
364 193 748 414 0 8 0
364 201 751 417 8 8 0
372 209 754 420 0 0 0
372 209 757 423 8 -8 0
380 201 760 426 0 -8 0
380 193 763 429 0 0 0
380 193 766 432 8 8 0
388 201 769 435 0 8 0
388 209 772 438 0 -8 0
388 201 775 441 8 -8 0
396 193 778 444 0 0 0
396 193 781 447 0 0 1
396 193 781 447 0 0 1
396 193 781 447 0 0 1
396 193 781 447 0 0 1
396 193 781 447 0 0 1
