204 188 562 300 0 0 0
204 188 565 303 8 0 0
212 188 568 306 8 0 0
220 188 571 309 8 0 0
228 188 574 312 8 -8 0
236 180 577 315 8 8 0
244 188 580 318 8 8 0
252 196 583 321 8 -8 0
260 188 586 324 8 8 0
268 196 589 327 8 -8 0
276 188 592 330 8 0 0
284 188 595 333 0 8 0
284 196 598 336 8 0 0
292 196 601 339 0 8 0
292 204 604 342 0 8 0
292 212 607 345 8 8 0
300 220 610 348 0 0 0
300 220 613 351 8 8 0
308 228 616 354 0 -8 0
308 220 619 357 0 0 0
308 220 622 360 8 0 0
316 220 625 363 0 8 0
316 228 628 366 0 8 0
316 236 631 369 8 0 0
324 236 634 372 0 -8 0
324 228 637 375 8 0 0
332 228 640 378 0 8 0
332 236 643 381 0 0 0
332 236 646 384 8 8 0
340 244 649 387 0 8 0
340 252 652 390 0 0 0
340 252 655 393 8 0 0
348 252 658 396 0 -8 0
348 244 661 399 8 -8 0
356 236 664 402 0 0 0
356 236 667 405 0 -8 0
356 228 670 408 8 8 0
364 236 673 411 0 8 0
364 244 676 414 0 -8 0
364 236 679 417 8 0 0
372 236 682 420 0 -8 0
372 228 685 423 8 -8 0
380 220 688 426 0 0 0
380 220 691 429 0 8 0
380 228 694 432 8 0 0
388 228 697 435 0 8 0
388 236 700 438 0 0 0
388 236 703 441 8 0 0
396 236 706 444 0 0 0
396 236 709 447 8 0 0
404 236 712 450 0 0 0
404 236 715 453 0 0 0
404 236 718 456 8 -8 0
412 228 721 459 0 8 0
412 236 724 462 0 8 0
412 244 727 465 8 0 0
420 244 730 468 0 8 0
420 252 733 471 8 8 0
428 260 736 474 0 8 0
428 268 739 477 0 0 0
428 268 742 480 8 8 0
436 276 745 483 0 0 0
436 276 748 486 0 0 0
436 276 751 489 8 0 0
444 276 754 492 0 -8 0
444 268 757 495 8 -8 0
452 260 760 498 0 -8 0
452 252 763 501 0 0 0
452 252 766 504 8 0 0
460 252 769 507 0 8 0
460 260 772 510 0 -8 0
460 252 775 513 8 0 0
468 252 778 516 0 0 0
468 252 781 519 0 0 1
468 252 781 519 0 0 1
468 252 781 519 0 0 1
468 252 781 519 0 0 1
468 252 781 519 0 0 1
