476 118 616 129 0 0 0
476 118 619 132 -8 8 0
468 126 622 135 -8 0 0
460 126 625 138 -8 -8 0
452 118 628 141 -8 -8 0
444 110 631 144 -8 -8 0
436 102 634 147 -8 0 0
428 102 637 150 -8 0 0
420 102 640 153 -8 8 0
412 110 643 156 -8 -8 0
404 102 646 159 -8 0 0
396 102 649 162 -8 -8 0
388 94 652 165 -8 8 0
380 102 655 168 -8 0 0
372 102 658 171 -8 -8 0
364 94 661 174 -8 8 0
356 102 664 177 -8 0 0
348 102 667 180 -8 -8 0
340 94 670 183 -8 8 0
332 102 673 186 -8 0 0
324 102 676 189 -8 0 0
316 102 679 192 -8 -8 0
308 94 682 195 -8 -8 0
300 86 685 198 -8 0 0
292 86 688 201 -8 8 0
284 94 691 204 -8 0 0
276 94 694 207 -8 8 0
268 102 697 210 -8 -8 0
260 94 700 213 0 8 0
260 102 703 216 0 0 0
260 102 706 219 0 8 0
260 110 709 222 0 8 0
260 118 712 225 0 8 0
260 126 715 228 0 0 0
260 126 718 231 0 0 0
260 126 721 234 0 0 0
260 126 724 237 0 -8 0
260 118 727 240 0 0 0
260 118 730 243 0 -8 0
260 110 733 246 0 -8 0
260 102 736 249 0 -8 0
260 94 739 252 0 0 0
260 94 742 255 0 8 0
260 102 745 258 0 0 0
260 102 748 261 0 -8 0
260 94 751 264 0 0 0
260 94 754 267 0 -8 0
260 86 757 270 0 8 0
260 94 760 273 0 -8 0
260 86 763 276 0 0 0
260 86 766 279 0 8 0
260 94 769 282 0 0 0
260 94 772 285 0 0 0
260 94 775 288 0 0 0
260 94 778 291 0 0 0
260 94 781 294 0 0 1
260 94 781 294 0 0 1
260 94 781 294 0 0 1
260 94 781 294 0 0 1
260 94 781 294 0 0 1
