378 105 175 108 0 0 0
378 105 172 111 -8 0 0
370 105 169 114 -8 -8 0
362 97 166 117 -8 -8 0
354 89 163 120 -8 0 0
346 89 160 123 -8 -8 0
338 81 157 126 -8 -8 0
330 73 154 129 -8 -8 0
322 65 151 132 -8 8 0
314 73 148 135 -8 0 0
306 73 145 138 -8 0 0
298 73 142 141 -8 8 0
290 81 139 144 -8 0 0
282 81 136 147 -8 -8 0
274 73 133 150 -8 8 0
266 81 130 153 -8 8 0
258 89 127 156 -8 0 0
250 89 124 159 -8 -8 0
242 81 121 162 -8 -8 0
234 73 118 165 -8 0 0
226 73 115 168 -8 0 0
218 73 112 171 0 -8 0
218 65 109 174 0 0 0
218 65 106 177 0 0 0
218 65 103 180 0 -8 0
218 60 100 183 0 -8 0
218 60 97 186 0 0 0
218 60 94 189 0 8 0
218 68 91 192 0 -8 0
218 60 88 195 0 0 0
218 60 85 198 0 -8 0
218 60 82 201 0 8 0
218 68 79 204 0 8 0
218 76 76 207 0 0 0
218 76 73 210 0 -8 0
218 68 70 213 0 8 0
218 76 67 216 0 8 0
218 84 64 219 0 -8 0
218 76 61 222 0 8 0
218 84 58 225 0 -8 0
218 76 55 228 0 8 0
218 84 52 231 0 -8 0
218 76 49 234 0 0 0
218 76 46 237 0 -8 0
218 68 43 240 0 0 0
218 68 40 243 0 8 0
218 76 37 246 0 -8 0
218 68 34 249 0 0 0
218 68 31 252 0 0 0
218 68 28 255 0 8 0
218 76 25 258 0 0 0
218 76 22 261 0 0 0
218 76 19 264 0 -8 0
218 68 22 267 0 0 0
218 68 25 270 8 8 0
226 76 28 273 0 0 0
226 76 31 276 0 0 0
226 76 34 279 8 -8 0
234 68 37 282 0 8 0
234 76 40 285 8 0 0
242 76 43 288 0 8 0
242 84 46 291 0 -8 0
242 76 49 294 8 0 0
250 76 52 297 0 0 0
250 76 55 300 0 8 0
250 84 58 303 8 0 0
258 84 61 306 0 -8 0
258 76 64 309 8 -8 0
266 68 67 312 0 0 0
266 68 70 315 0 8 0
266 76 73 318 8 0 0
274 76 76 321 0 -8 0
274 68 79 324 0 8 0
274 76 82 327 8 0 0
282 76 85 330 0 8 0
282 84 88 333 8 8 0
290 92 91 336 0 8 0
290 100 94 339 0 0 0
290 100 97 342 8 8 0
298 108 100 345 0 8 0
298 116 103 348 0 0 0
298 116 106 351 8 -8 0
306 108 109 354 0 8 0
306 116 112 357 8 0 0
314 116 115 360 0 0 0
314 116 118 363 0 0 0
314 116 121 366 8 0 0
322 116 124 369 0 0 0
322 116 127 372 0 0 0
322 116 130 375 8 0 0
330 116 133 378 0 0 0
330 116 136 381 8 8 0
338 124 139 384 0 8 0
338 132 142 387 0 0 0
338 132 145 390 8 0 0
346 132 148 393 0 8 0
346 140 151 396 0 0 0
346 140 154 399 8 0 0
354 140 157 402 0 8 0
354 148 160 405 8 8 0
362 156 163 408 0 0 0
362 156 166 411 0 8 0
362 164 169 414 8 0 0
370 164 172 417 0 -8 0
370 156 175 420 0 -8 0
370 148 178 423 8 0 0
378 148 181 426 0 8 0
378 156 184 429 8 0 0
386 156 187 432 0 8 0
386 164 190 435 0 -8 0
386 156 193 438 8 -8 0
394 148 196 441 0 -8 0
394 140 199 444 0 -8 0
394 132 202 447 8 0 0
402 132 205 450 0 0 0
402 132 208 453 8 0 0
410 132 211 456 0 0 0
410 132 214 459 0 8 0
410 140 217 462 8 8 0
418 148 220 465 0 0 0
418 148 223 468 0 0 0
418 148 226 471 8 8 0
426 156 229 474 0 8 0
426 164 232 477 8 -8 0
434 156 235 480 0 -8 0
434 148 238 483 0 0 0
434 148 241 486 8 8 0
442 156 244 489 0 8 0
442 164 247 492 0 8 0
442 172 250 495 8 0 0
450 172 253 498 0 0 0
450 172 256 501 8 8 0
458 180 259 504 0 0 0
458 180 262 507 0 8 0
458 188 265 510 8 8 0
466 196 268 513 0 0 0
466 196 271 516 0 8 0
466 204 274 519 8 -8 0
474 196 277 522 0 -8 0
474 188 280 525 8 -8 0
482 180 283 528 0 -8 0
482 172 286 531 0 8 0
482 180 289 534 8 0 0
490 180 292 537 0 0 0
490 180 295 540 0 0 0
490 180 298 543 8 -8 0
498 172 301 546 0 8 0
498 180 304 549 8 8 0
506 188 307 552 0 -8 0
506 180 310 555 0 8 0
506 188 313 558 8 0 0
514 188 316 561 0 8 0
514 196 319 564 0 -8 0
514 188 322 567 8 -8 0
522 180 325 570 0 0 0
522 180 328 573 8 0 0
530 180 331 576 0 8 0
530 188 334 579 0 0 0
530 188 337 582 8 0 0
538 188 340 585 0 -8 0
538 180 343 588 0 -8 0
538 172 346 591 8 -8 0
540 164 349 588 0 8 0
540 172 352 585 0 0 0
540 172 355 582 0 -8 0
540 164 358 579 0 0 0
540 164 361 576 0 8 0
540 172 364 573 0 0 0
540 172 367 570 0 0 0
540 172 370 567 0 8 0
540 180 373 564 0 -8 0
540 172 376 561 0 0 0
540 172 379 558 0 0 0
540 172 382 555 0 -8 0
540 164 385 552 0 0 0
540 164 388 549 0 -8 0
540 156 391 546 0 8 0
540 164 394 543 0 8 0
540 172 397 540 0 0 0
540 172 400 537 0 0 0
540 172 403 534 0 -8 0
540 164 406 531 0 -8 0
540 156 409 528 0 -8 0
540 148 412 525 0 0 0
540 148 415 522 0 0 0
540 148 418 519 0 -8 0
540 140 421 516 0 8 0
540 148 424 513 0 8 0
540 156 427 510 0 -8 0
540 148 430 507 0 0 0
540 148 433 504 0 -8 0
540 140 436 501 0 8 0
540 148 439 498 0 0 0
540 148 442 495 0 -8 0
540 140 445 492 0 8 0
540 148 448 489 -8 8 0
532 156 451 486 0 8 0
532 164 454 483 0 0 0
532 164 457 480 -8 0 0
524 164 460 477 0 0 0
524 164 463 474 0 8 0
524 172 466 471 -8 -8 0
516 164 469 468 0 8 0
516 172 472 465 -8 8 0
508 180 475 462 0 8 0
508 188 478 459 0 8 0
508 196 481 456 -8 -8 0
500 188 484 453 0 8 0
500 196 487 450 0 0 0
500 196 490 447 -8 -8 0
492 188 493 444 0 8 0
492 196 496 441 -8 -8 0
484 188 499 438 0 8 0
484 196 502 435 0 0 0
484 196 505 432 -8 -8 0
476 188 508 429 0 8 0
476 196 511 426 0 0 0
476 196 514 423 -8 8 0
468 204 517 420 0 0 0
468 204 520 417 -8 0 0
460 204 523 414 0 8 0
460 212 526 411 0 -8 0
460 204 529 408 -8 -8 0
452 196 532 405 0 8 0
452 204 535 402 0 -8 0
452 196 538 399 -8 -8 0
444 188 541 396 0 8 0
444 196 544 393 -8 0 0
436 196 547 390 0 -8 0
436 188 550 387 0 -8 0
436 180 553 384 -8 0 0
428 180 556 381 0 -8 0
428 172 559 378 0 8 0
428 180 562 375 -8 -8 0
420 172 565 372 0 8 0
420 180 568 369 -8 0 0
412 180 571 366 0 -8 0
412 172 574 363 0 8 0
412 180 577 360 -8 0 0
404 180 580 357 0 8 0
404 188 583 354 0 0 0
404 188 586 351 -8 8 0
396 196 589 348 0 -8 0
396 188 592 345 -8 0 0
388 188 595 342 0 -8 0
388 180 598 339 0 8 0
388 188 601 336 -8 -8 0
380 180 604 333 0 -8 0
380 172 607 330 0 0 0
380 172 610 327 -8 8 0
372 180 613 324 0 8 0
372 188 616 321 -8 -8 0
364 180 619 318 0 0 0
364 180 622 315 0 -8 0
364 172 625 312 -8 8 0
356 180 628 309 0 -8 0
356 172 631 306 0 8 0
356 180 634 303 -8 8 0
348 188 637 300 0 0 0
348 188 640 297 -8 0 0
340 188 643 294 0 8 0
340 196 646 291 0 8 0
340 204 649 288 -8 -8 0
332 196 652 285 0 0 0
332 196 655 282 0 8 0
332 204 658 279 -8 0 0
324 204 661 276 0 -8 0
324 196 664 273 -8 0 0
316 196 667 270 0 8 0
316 204 670 267 0 -8 0
316 196 673 264 -8 8 0
308 204 676 261 0 8 0
308 212 679 258 0 0 0
308 212 682 255 -8 8 0
300 220 685 252 0 8 0
300 228 688 249 -8 -8 0
292 220 691 246 0 8 0
292 228 694 243 0 8 0
292 236 697 240 -8 8 0
284 244 700 237 0 8 0
284 252 703 234 0 -8 0
284 244 706 231 -8 0 0
276 244 709 228 0 0 0
276 244 712 225 -8 8 0
268 252 715 222 0 -8 0
268 244 718 219 0 -8 0
268 236 721 216 -8 8 0
260 244 724 213 0 8 0
260 252 727 210 0 0 0
260 252 730 207 -8 0 0
252 252 733 204 0 -8 0
252 244 736 201 -8 0 0
244 244 739 198 0 -8 0
244 236 742 195 0 0 0
244 236 745 192 -8 -8 0
236 228 748 189 0 8 0
236 236 751 186 0 0 0
236 236 754 183 -8 8 0
228 244 757 180 0 0 0
228 244 760 177 -8 8 0
220 252 763 174 0 0 0
220 252 766 171 0 0 0
220 252 769 168 -8 0 0
212 252 772 165 0 -8 0
212 244 775 162 0 -8 0
212 236 778 159 -8 -8 0
204 228 781 156 0 0 1
204 228 781 156 0 0 1
204 228 781 156 0 0 1
204 228 781 156 0 0 1
204 228 781 156 0 0 1
