240 407 328 465 0 0 0
240 407 331 462 8 0 0
248 407 334 459 8 -8 0
256 399 337 456 8 0 0
264 399 340 453 8 8 0
272 407 343 450 8 -8 0
280 399 346 447 8 8 0
288 407 349 444 8 8 0
296 415 352 441 8 0 0
304 415 355 438 8 0 0
312 415 358 435 8 8 0
320 423 361 432 8 0 0
328 423 364 429 8 0 0
336 423 367 426 8 8 0
344 431 370 423 8 8 0
352 439 373 420 8 8 0
360 447 376 417 8 0 0
368 447 379 414 0 0 0
368 447 382 411 0 0 0
368 447 385 408 0 -8 0
368 439 388 405 0 -8 0
368 431 391 402 0 -8 0
368 423 394 399 0 0 0
368 423 397 396 0 0 0
368 423 400 393 0 8 0
368 431 403 390 0 -8 0
368 423 406 387 0 8 0
368 431 409 384 0 0 0
368 431 412 381 0 -8 0
368 423 415 378 0 8 0
368 431 418 375 0 -8 0
368 423 421 372 0 0 0
368 423 424 369 0 0 0
368 423 427 366 0 0 0
368 423 430 363 0 -8 0
368 415 433 360 0 8 0
368 423 436 357 0 0 0
368 423 439 354 0 8 0
368 431 442 351 0 8 0
368 439 445 348 0 -8 0
368 431 448 345 0 -8 0
368 423 451 342 0 0 0
368 423 454 339 0 8 0
368 431 457 336 0 0 0
368 431 460 333 0 8 0
368 439 463 330 0 8 0
368 447 466 327 0 0 0
368 447 469 324 0 0 0
368 447 472 321 0 8 0
368 455 475 318 0 8 0
368 463 478 315 -8 8 0
360 471 481 312 0 8 0
360 479 484 309 -8 8 0
352 487 487 306 0 8 0
352 495 490 303 0 0 0
352 495 493 300 -8 0 0
344 495 496 297 0 8 0
344 503 499 294 0 -8 0
344 495 502 291 -8 -8 0
336 487 505 288 0 -8 0
336 479 508 285 -8 -8 0
328 471 511 282 0 8 0
328 479 514 279 0 8 0
328 487 517 276 -8 8 0
320 495 520 273 0 8 0
320 503 523 270 0 -8 0
320 495 526 267 -8 -8 0
312 487 529 264 0 8 0
312 495 532 261 -8 8 0
304 503 535 258 0 8 0
304 511 538 255 0 8 0
304 519 541 252 -8 -8 0
296 511 544 249 0 8 0
296 519 547 246 0 0 0
296 519 550 243 -8 0 0
288 519 553 240 0 -8 0
288 511 556 237 -8 0 0
280 511 559 234 0 -8 0
280 503 562 231 0 8 0
280 511 565 228 -8 0 0
272 511 568 225 0 0 0
272 511 571 222 0 -8 0
272 503 574 219 -8 0 0
264 503 577 216 0 0 0
264 503 580 213 -8 8 0
256 511 583 210 0 0 0
256 511 586 207 0 0 0
256 511 589 204 -8 0 0
248 511 592 201 0 8 0
248 519 595 198 0 0 0
248 519 598 195 -8 0 0
240 519 601 192 0 0 0
240 519 604 189 -8 8 0
232 527 607 186 0 8 0
232 535 610 183 0 0 0
232 535 613 180 -8 0 0
224 535 616 177 0 0 0
224 535 619 174 0 0 0
224 535 622 171 -8 8 0
216 540 625 168 0 -8 0
216 532 628 165 -8 8 0
208 540 631 162 0 0 0
208 540 634 159 0 -8 0
208 532 637 156 -8 8 0
200 540 640 153 0 8 0
200 540 643 150 0 -8 0
200 532 646 147 -8 8 0
192 540 649 144 0 -8 0
192 532 652 141 -8 8 0
184 540 655 138 0 -8 0
184 532 658 135 0 0 0
184 532 661 132 -8 -8 0
176 524 664 129 0 0 0
176 524 667 126 0 0 0
176 524 670 123 -8 -8 0
168 516 673 120 0 0 0
168 516 676 117 -8 8 0
160 524 679 114 0 -8 0
160 516 682 111 0 -8 0
160 508 685 108 -8 -8 0
152 500 688 105 0 8 0
152 508 691 102 0 -8 0
152 500 694 99 -8 8 0
144 508 697 96 0 -8 0
144 500 700 93 -8 0 0
136 500 703 90 0 0 0
136 500 706 87 0 0 0
136 500 709 84 -8 -8 0
128 492 712 81 0 -8 0
128 484 715 78 0 8 0
128 492 718 75 -8 8 0
120 500 721 72 0 8 0
120 508 724 69 -8 -8 0
112 500 727 66 0 8 0
112 508 730 63 0 0 0
112 508 733 60 -8 0 0
104 508 736 57 0 8 0
104 516 739 54 0 -8 0
104 508 742 51 -8 -8 0
96 500 745 48 0 8 0
96 508 748 45 -8 8 0
88 516 751 42 0 0 0
88 516 754 39 0 8 0
88 524 757 36 -8 -8 0
80 516 760 33 0 0 0
80 516 763 30 0 0 0
80 516 766 27 -8 -8 0
72 508 769 24 0 0 0
72 508 772 21 -8 8 0
64 516 775 18 0 8 0
64 524 778 15 0 -8 0
64 516 781 12 0 0 1
64 516 781 12 0 0 1
64 516 781 12 0 0 1
64 516 781 12 0 0 1
64 516 781 12 0 0 1
