367 484 283 189 0 0 0
367 484 286 192 -8 8 0
359 492 289 195 -8 8 0
351 500 292 198 -8 8 0
343 508 295 201 -8 -8 0
335 500 298 204 -8 8 0
327 508 301 207 -8 8 0
319 516 304 210 -8 8 0
311 524 307 213 -8 0 0
303 524 310 216 -8 8 0
295 532 313 219 -8 -8 0
287 524 316 222 -8 -8 0
279 516 319 225 -8 0 0
271 516 322 228 0 8 0
271 524 325 231 0 0 0
271 524 328 234 0 -8 0
271 516 331 237 0 0 0
271 516 334 240 0 -8 0
271 508 337 243 0 0 0
271 508 340 246 0 0 0
271 508 343 249 0 -8 0
271 500 346 252 0 0 0
271 500 349 255 0 8 0
271 508 352 258 0 8 0
271 516 355 261 0 0 0
271 516 358 264 0 0 0
271 516 361 267 0 8 0
271 524 364 270 0 -8 0
271 516 367 273 0 -8 0
271 508 370 276 0 8 0
271 516 373 279 0 -8 0
271 508 376 282 0 0 0
271 508 379 285 0 8 0
271 516 382 288 0 8 0
271 524 385 291 0 8 0
271 532 388 294 0 8 0
271 540 391 297 0 8 0
271 540 394 300 0 -8 0
271 532 397 303 0 -8 0
271 524 400 306 0 0 0
271 524 403 309 0 0 0
271 524 406 312 0 -8 0
271 516 409 315 0 -8 0
271 508 412 318 0 8 0
271 516 415 321 0 0 0
271 516 418 324 8 0 0
279 516 421 327 0 -8 0
279 508 424 330 8 8 0
287 516 427 333 0 -8 0
287 508 430 336 0 8 0
287 516 433 339 8 0 0
295 516 436 342 0 8 0
295 524 439 345 0 0 0
295 524 442 348 8 0 0
303 524 445 351 0 0 0
303 524 448 354 8 8 0
311 532 451 357 0 8 0
311 540 454 360 0 8 0
311 540 457 363 8 -8 0
319 532 460 366 0 -8 0
319 524 463 369 0 -8 0
319 516 466 372 8 0 0
327 516 469 375 0 8 0
327 524 472 378 8 -8 0
335 516 475 381 0 0 0
335 516 478 384 0 8 0
335 524 481 387 8 -8 0
343 516 484 390 0 -8 0
343 508 487 393 0 0 0
343 508 490 396 8 -8 0
351 500 493 399 0 -8 0
351 492 496 402 8 8 0
359 500 499 405 0 0 0
359 500 502 408 0 -8 0
359 492 505 411 8 8 0
367 500 508 414 0 -8 0
367 492 511 417 0 0 0
367 492 514 420 8 8 0
375 500 517 423 0 0 0
375 500 520 426 8 -8 0
383 492 523 429 0 0 0
383 492 526 432 0 8 0
383 500 529 435 8 -8 0
391 492 532 438 0 -8 0
391 484 535 441 0 -8 0
391 476 538 444 8 -8 0
399 468 541 447 0 8 0
399 476 544 450 8 -8 0
407 468 547 453 0 8 0
407 476 550 456 0 -8 0
407 468 553 459 8 0 0
415 468 556 462 0 0 0
415 468 559 465 0 8 0
415 476 562 468 8 0 0
423 476 565 471 0 8 0
423 484 568 474 8 -8 0
431 476 571 477 0 0 0
431 476 574 480 0 -8 0
431 468 577 483 8 0 0
439 468 580 486 0 8 0
439 476 583 489 0 -8 0
439 468 586 492 8 8 0
447 476 589 495 0 8 0
447 484 592 498 8 0 0
455 484 595 501 0 8 0
455 492 598 504 0 8 0
455 500 601 507 8 0 0
463 500 604 510 0 -8 0
463 492 607 513 0 0 0
463 492 610 516 8 8 0
471 500 613 519 0 8 0
471 508 616 522 8 0 0
479 508 619 525 0 8 0
479 516 622 528 0 0 0
479 516 625 531 8 -8 0
487 508 628 534 0 8 0
487 516 631 537 0 0 0
487 516 634 540 8 -8 0
495 508 637 543 0 8 0
495 516 640 546 8 -8 0
503 508 643 549 0 8 0
503 516 646 552 0 8 0
503 524 649 555 8 8 0
511 532 652 558 0 0 0
511 532 655 561 0 0 0
511 532 658 564 8 -8 0
519 524 661 567 0 0 0
519 524 664 570 8 -8 0
527 516 667 573 0 8 0
527 524 670 576 0 8 0
527 532 673 579 8 0 0
535 532 676 582 0 8 0
535 540 679 585 0 0 0
535 540 682 588 8 8 0
540 540 685 591 8 -8 0
540 532 688 588 0 8 0
540 540 691 585 0 8 0
540 540 694 582 0 0 0
540 540 697 579 0 8 0
540 540 700 576 0 8 0
540 540 703 573 0 8 0
540 540 706 570 0 8 0
540 540 709 567 0 8 0
540 540 712 564 0 -8 0
540 532 715 561 0 -8 0
540 524 718 558 0 8 0
540 532 721 555 0 -8 0
540 524 724 552 0 8 0
540 532 727 549 0 0 0
540 532 730 546 0 8 0
540 540 733 543 0 -8 0
540 532 736 540 0 8 0
540 540 739 537 0 8 0
540 540 742 534 0 8 0
540 540 745 531 0 0 0
540 540 748 528 0 0 0
540 540 751 525 0 8 0
540 540 754 522 0 0 0
540 540 757 519 0 -8 0
540 532 760 516 0 -8 0
540 524 763 513 0 0 0
540 524 766 510 0 -8 0
540 516 769 507 0 -8 0
540 508 772 504 0 -8 0
540 500 775 501 0 -8 0
540 492 778 498 0 0 0
540 492 781 495 0 0 0
540 492 778 492 0 0 0
540 492 775 489 -8 8 0
532 500 772 486 0 -8 0
532 492 769 483 0 8 0
532 500 766 480 -8 8 0
524 508 763 477 0 -8 0
524 500 760 474 0 -8 0
524 492 757 471 -8 0 0
516 492 754 468 0 8 0
516 500 751 465 -8 8 0
508 508 748 462 0 -8 0
508 500 745 459 0 -8 0
508 492 742 456 -8 8 0
500 500 739 453 0 8 0
500 508 736 450 0 -8 0
500 500 733 447 -8 0 0
492 500 730 444 0 -8 0
492 492 727 441 -8 -8 0
484 484 724 438 0 8 0
484 492 721 435 0 -8 0
484 484 718 432 -8 8 0
476 492 715 429 0 -8 0
476 484 712 426 0 0 0
476 484 709 423 -8 -8 0
468 476 706 420 0 0 0
468 476 703 417 -8 0 0
460 476 700 414 0 -8 0
460 468 697 411 0 -8 0
460 460 694 408 -8 8 0
452 468 691 405 0 0 0
452 468 688 402 0 8 0
452 476 685 399 -8 -8 0
444 468 682 396 0 8 0
444 476 679 393 -8 0 0
436 476 676 390 0 8 0
436 484 673 387 0 8 0
436 492 670 384 -8 8 0
428 500 667 381 0 -8 0
428 492 664 378 0 0 0
428 492 661 375 -8 8 0
420 500 658 372 0 -8 0
420 492 655 369 -8 8 0
412 500 652 366 0 8 0
412 508 649 363 0 0 0
412 508 646 360 -8 0 0
404 508 643 357 0 -8 0
404 500 640 354 0 0 0
404 500 637 351 -8 -8 0
396 492 634 348 0 -8 0
396 484 631 345 -8 -8 0
388 476 628 342 0 -8 0
388 468 625 339 0 0 0
388 468 622 336 -8 0 0
380 468 619 333 0 8 0
380 476 616 330 0 8 0
380 484 613 327 -8 8 0
372 492 610 324 0 8 0
372 500 607 321 -8 -8 0
364 492 604 318 0 -8 0
364 484 601 315 0 -8 0
364 476 598 312 -8 0 0
356 476 595 309 0 -8 0
356 468 592 306 0 -8 0
356 460 589 303 -8 -8 0
348 452 586 300 0 0 0
348 452 583 297 -8 -8 0
340 444 580 294 0 0 0
340 444 577 291 0 -8 0
340 436 574 288 -8 8 0
332 444 571 285 0 0 0
332 444 568 282 0 8 0
332 452 565 279 -8 8 0
324 460 562 276 0 -8 0
324 452 559 273 -8 8 0
316 460 556 270 0 8 0
316 468 553 267 0 8 0
316 476 550 264 -8 8 0
308 484 547 261 0 0 0
308 484 544 258 0 8 0
308 492 541 255 -8 0 0
300 492 538 252 0 0 0
300 492 535 249 -8 -8 0
292 484 532 246 0 8 0
292 492 529 243 0 8 0
292 500 526 240 -8 8 0
284 508 523 237 0 8 0
284 516 520 234 0 8 0
284 524 517 231 -8 -8 0
276 516 514 228 0 0 0
276 516 511 225 -8 8 0
268 524 508 222 0 8 0
268 532 505 219 0 0 0
268 532 502 216 -8 -8 0
260 524 499 213 0 8 0
260 532 496 210 0 0 0
260 532 493 207 -8 0 0
252 532 490 204 0 0 0
252 532 487 201 -8 8 0
244 540 484 198 0 -8 0
244 532 481 195 0 0 0
244 532 478 192 -8 -8 0
236 524 475 189 0 -8 0
236 516 472 186 0 -8 0
236 508 469 183 -8 8 0
228 516 466 180 0 0 0
228 516 463 177 -8 -8 0
220 508 460 174 0 -8 0
220 500 457 171 0 8 0
220 508 454 168 -8 8 0
212 516 451 165 0 -8 0
212 508 448 162 0 8 0
212 516 445 159 -8 0 0
204 516 442 156 0 -8 0
204 508 439 153 -8 -8 0
196 500 436 150 0 0 0
196 500 433 147 0 0 0
196 500 430 144 -8 8 0
188 508 427 141 0 -8 0
188 500 424 138 0 8 0
188 508 421 135 -8 0 0
180 508 418 132 0 -8 0
180 500 415 129 -8 0 0
172 500 412 126 0 -8 0
172 492 409 123 0 0 0
172 492 406 120 -8 8 0
164 500 403 117 0 8 0
164 508 400 114 0 -8 0
164 500 397 111 -8 0 0
156 500 394 108 0 8 0
156 508 391 105 -8 -8 0
148 500 388 102 0 0 0
148 500 385 99 0 -8 0
148 492 382 96 -8 8 0
140 500 379 93 0 8 0
140 508 376 90 0 8 0
140 516 373 87 -8 0 0
132 516 370 84 0 8 0
132 524 367 81 -8 -8 0
124 516 364 78 0 -8 0
124 508 361 75 0 -8 0
124 500 358 72 -8 -8 0
116 492 355 69 0 -8 0
116 484 352 66 0 0 0
116 484 349 63 -8 0 0
108 484 346 60 0 0 0
108 484 343 57 -8 -8 0
100 476 340 54 0 0 0
100 476 337 51 0 -8 0
100 468 334 48 -8 8 0
92 476 331 45 0 0 0
92 476 328 42 0 -8 0
92 468 325 39 -8 8 0
84 476 322 36 0 8 0
84 484 319 33 -8 0 0
76 484 316 30 0 8 0
76 492 313 27 0 -8 0
76 484 310 24 -8 -8 0
68 476 307 21 0 -8 0
68 468 304 18 0 -8 0
68 460 301 15 -8 -8 0
60 452 298 12 0 0 0
60 452 295 9 -8 8 0
60 460 292 12 0 -8 0
60 452 289 15 0 -8 0
60 444 286 18 0 0 0
60 444 283 21 0 0 0
60 444 280 24 0 0 0
60 444 277 27 0 8 0
60 452 274 30 0 -8 0
60 444 271 33 0 0 0
60 444 268 36 0 -8 0
60 436 265 39 0 -8 0
60 428 262 42 0 8 0
60 436 259 45 0 8 0
60 444 256 48 0 0 0
60 444 253 51 0 8 0
60 452 250 54 0 8 0
60 460 247 57 0 -8 0
60 452 244 60 0 0 0
60 452 241 63 0 8 0
60 460 238 66 0 0 0
60 460 235 69 0 8 0
60 468 232 72 0 -8 0
60 460 229 75 0 8 0
60 468 226 78 0 -8 0
60 460 223 81 0 0 0
60 460 220 84 0 8 0
60 468 217 87 0 -8 0
60 460 214 90 0 -8 0
60 452 211 93 0 -8 0
60 444 208 96 0 0 0
60 444 205 99 0 0 0
60 444 202 102 0 0 0
60 444 199 105 0 0 0
60 444 196 108 0 0 0
60 444 193 111 8 8 0
68 452 190 114 0 8 0
68 460 187 117 0 -8 0
68 452 184 120 8 8 0
76 460 181 123 0 8 0
76 468 178 126 0 -8 0
76 460 175 129 8 0 0
84 460 172 132 0 -8 0
84 452 169 135 8 8 0
92 460 166 138 0 -8 0
92 452 163 141 0 0 0
92 452 160 144 8 -8 0
100 444 157 147 0 -8 0
100 436 154 150 0 8 0
100 444 151 153 8 8 0
108 452 148 156 0 8 0
108 460 145 159 8 8 0
116 468 142 162 0 0 0
116 468 139 165 0 8 0
116 476 136 168 8 8 0
124 484 133 171 0 -8 0
124 476 130 174 0 8 0
124 484 127 177 8 8 0
132 492 124 180 0 8 0
132 500 121 183 8 -8 0
140 492 118 186 0 -8 0
140 484 115 189 0 8 0
140 492 112 192 8 0 0
148 492 109 195 0 8 0
148 500 106 198 0 8 0
148 508 103 201 8 -8 0
156 500 100 204 0 8 0
156 508 97 207 8 -8 0
164 500 94 210 0 8 0
164 508 91 213 0 -8 0
164 500 88 216 8 8 0
172 508 85 219 0 -8 0
172 500 82 222 0 0 0
172 500 79 225 8 8 0
180 508 76 228 0 0 0
180 508 73 231 8 8 0
188 516 70 234 0 8 0
188 524 67 237 0 8 0
188 532 64 240 8 -8 0
196 524 61 243 0 8 0
196 532 58 246 0 -8 0
196 524 55 249 8 8 0
204 532 52 252 0 -8 0
204 524 49 255 8 -8 0
212 516 46 258 0 -8 0
212 508 43 261 0 0 0
212 508 40 264 8 8 0
220 516 37 267 0 8 0
220 524 34 270 0 8 0
220 532 31 273 8 0 0
228 532 28 276 0 0 0
228 532 25 279 8 0 0
236 532 22 282 0 0 0
236 532 19 285 0 -8 0
236 524 22 288 8 8 0
244 532 25 291 0 8 0
244 540 28 294 0 8 0
244 540 31 297 8 8 0
252 540 34 300 0 0 0
252 540 37 303 8 -8 0
260 532 40 306 0 -8 0
260 524 43 309 0 -8 0
260 516 46 312 8 0 0
268 516 49 315 0 8 0
268 524 52 318 0 8 0
268 532 55 321 8 -8 0
276 524 58 324 0 8 0
276 532 61 327 8 -8 0
284 524 64 330 0 -8 0
284 516 67 333 0 0 0
284 516 70 336 8 0 0
292 516 73 339 0 0 0
292 516 76 342 0 -8 0
292 508 79 345 8 -8 0
300 500 82 348 0 8 0
300 508 85 351 8 0 0
308 508 88 354 0 0 0
308 508 91 357 0 8 0
308 516 94 360 8 8 0
316 524 97 363 0 0 0
316 524 100 366 0 -8 0
316 516 103 369 8 8 0
324 524 106 372 0 -8 0
324 516 109 375 8 0 0
332 516 112 378 0 8 0
332 524 115 381 0 -8 0
332 516 118 384 8 8 0
340 524 121 387 0 0 0
340 524 124 390 0 0 0
340 524 127 393 8 8 0
348 532 130 396 0 8 0
348 540 133 399 8 0 0
356 540 136 402 0 -8 0
356 532 139 405 0 0 0
356 532 142 408 8 -8 0
364 524 145 411 0 0 0
364 524 148 414 0 8 0
364 532 151 417 8 -8 0
372 524 154 420 0 8 0
372 532 157 423 8 -8 0
380 524 160 426 0 -8 0
380 516 163 429 0 0 0
380 516 166 432 8 -8 0
388 508 169 435 0 8 0
388 516 172 438 0 0 0
388 516 175 441 8 8 0
396 524 178 444 0 -8 0
396 516 181 447 8 8 0
404 524 184 450 0 -8 0
404 516 187 453 0 8 0
404 524 190 456 8 0 0
412 524 193 459 0 8 0
412 532 196 462 0 0 0
412 532 199 465 8 0 0
420 532 202 468 0 8 0
420 540 205 471 8 0 0
428 540 208 474 0 8 0
428 540 211 477 0 0 0
428 540 214 480 8 -8 0
436 532 217 483 0 -8 0
436 524 220 486 0 -8 0
436 516 223 489 8 0 0
444 516 226 492 0 -8 0
444 508 229 495 8 8 0
452 516 232 498 0 0 0
452 516 235 501 0 -8 0
452 508 238 504 8 0 0
460 508 241 507 0 8 0
460 516 244 510 0 -8 0
460 508 247 513 8 8 0
468 516 250 516 0 8 0
468 524 253 519 8 -8 0
476 516 256 522 0 0 0
476 516 259 525 0 -8 0
476 508 262 528 8 0 0
484 508 265 531 0 0 0
484 508 268 534 0 0 0
484 508 271 537 8 -8 0
492 500 274 540 0 8 0
492 508 277 543 8 0 0
500 508 280 546 0 -8 0
500 500 283 549 0 0 0
500 500 286 552 8 -8 0
508 492 289 555 0 -8 0
508 484 292 558 0 8 0
508 492 295 561 8 8 0
516 500 298 564 0 -8 0
516 492 301 567 8 0 0
524 492 304 570 0 8 0
524 500 307 573 0 -8 0
524 492 310 576 8 8 0
532 500 313 579 0 0 0
532 500 316 582 0 8 0
532 508 319 585 8 -8 0
540 500 322 588 0 -8 0
540 492 325 591 8 -8 0
540 484 328 588 0 0 0
540 484 331 585 0 0 0
540 484 334 582 0 -8 0
540 476 337 579 0 8 0
540 484 340 576 0 0 0
540 484 343 573 0 0 0
540 484 346 570 0 8 0
540 492 349 567 0 -8 0
540 484 352 564 0 8 0
540 492 355 561 0 0 0
540 492 358 558 0 -8 0
540 484 361 555 0 0 0
540 484 364 552 0 -8 0
540 476 367 549 0 8 0
540 484 370 546 0 8 0
540 492 373 543 0 0 0
540 492 376 540 0 8 0
540 500 379 537 0 0 0
540 500 382 534 0 -8 0
540 492 385 531 0 0 0
540 492 388 528 0 8 0
540 500 391 525 0 8 0
540 508 394 522 0 0 0
540 508 397 519 0 8 0
540 516 400 516 0 -8 0
540 508 403 513 0 8 0
540 516 406 510 0 0 0
540 516 409 507 0 8 0
540 524 412 504 0 8 0
540 532 415 501 0 0 0
540 532 418 498 0 0 0
540 532 421 495 0 8 0
540 540 424 492 0 0 0
540 540 427 489 -8 0 0
532 540 430 486 0 -8 0
532 532 433 483 0 0 0
532 532 436 480 -8 0 0
524 532 439 477 0 -8 0
524 524 442 474 0 -8 0
524 516 445 471 -8 -8 0
516 508 448 468 0 -8 0
516 500 451 465 -8 0 0
508 500 454 462 0 0 0
508 500 457 459 0 8 0
508 508 460 456 -8 8 0
500 516 463 453 0 8 0
500 524 466 450 0 8 0
500 532 469 447 -8 0 0
492 532 472 444 0 0 0
492 532 475 441 -8 0 0
484 532 478 438 0 8 0
484 540 481 435 0 0 0
484 540 484 432 -8 -8 0
476 532 487 429 0 8 0
476 540 490 426 0 8 0
476 540 493 423 -8 0 0
468 540 496 420 0 -8 0
468 532 499 417 -8 -8 0
460 524 502 414 0 8 0
460 532 505 411 0 0 0
460 532 508 408 -8 8 0
452 540 511 405 0 -8 0
452 532 514 402 0 0 0
452 532 517 399 -8 -8 0
444 524 520 396 0 -8 0
444 516 523 393 -8 0 0
436 516 526 390 0 0 0
436 516 529 387 0 0 0
436 516 532 384 -8 8 0
428 524 535 381 0 -8 0
428 516 538 378 0 -8 0
428 508 541 375 -8 8 0
420 516 544 372 0 8 0
420 524 547 369 -8 0 0
412 524 550 366 0 8 0
412 532 553 363 0 -8 0
412 524 556 360 -8 -8 0
404 516 559 357 0 8 0
404 524 562 354 0 8 0
404 532 565 351 -8 8 0
396 540 568 348 0 8 0
396 540 571 345 -8 0 0
388 540 574 342 0 0 0
388 540 577 339 0 0 0
388 540 580 336 -8 -8 0
380 532 583 333 0 0 0
380 532 586 330 0 -8 0
380 524 589 327 -8 8 0
372 532 592 324 0 0 0
372 532 595 321 -8 0 0
364 532 598 318 0 8 0
364 540 601 315 0 0 0
364 540 604 312 -8 -8 0
356 532 607 309 0 -8 0
356 524 610 306 0 0 0
356 524 613 303 -8 0 0
348 524 616 300 0 8 0
348 532 619 297 -8 0 0
340 532 622 294 0 8 0
340 540 625 291 0 -8 0
340 532 628 288 -8 0 0
332 532 631 285 0 -8 0
332 524 634 282 0 -8 0
332 516 637 279 -8 -8 0
324 508 640 276 0 -8 0
324 500 643 273 -8 -8 0
316 492 646 270 0 8 0
316 500 649 267 0 -8 0
316 492 652 264 -8 0 0
308 492 655 261 0 0 0
308 492 658 258 0 0 0
308 492 661 255 -8 0 0
300 492 664 252 0 8 0
300 500 667 249 -8 0 0
292 500 670 246 0 8 0
292 508 673 243 0 -8 0
292 500 676 240 -8 0 0
284 500 679 237 0 0 0
284 500 682 234 0 8 0
284 508 685 231 -8 -8 0
276 500 688 228 0 8 0
276 508 691 225 -8 -8 0
268 500 694 222 0 8 0
268 508 697 219 0 8 0
268 516 700 216 -8 8 0
260 524 703 213 0 0 0
260 524 706 210 0 -8 0
260 516 709 207 -8 0 0
252 516 712 204 0 0 0
252 516 715 201 -8 0 0
244 516 718 198 0 -8 0
244 508 721 195 0 -8 0
244 500 724 192 -8 -8 0
236 492 727 189 0 8 0
236 500 730 186 0 -8 0
236 492 733 183 -8 8 0
228 500 736 180 0 -8 0
228 492 739 177 -8 8 0
220 500 742 174 0 -8 0
220 492 745 171 0 0 0
220 492 748 168 -8 8 0
212 500 751 165 0 8 0
212 508 754 162 0 0 0
212 508 757 159 -8 -8 0
204 500 760 156 0 0 0
204 500 763 153 -8 8 0
196 508 766 150 0 0 0
196 508 769 147 0 0 0
196 508 772 144 -8 -8 0
188 500 775 141 0 0 0
188 500 778 138 0 -8 0
188 492 781 135 0 0 1
188 492 781 135 0 0 1
188 492 781 135 0 0 1
188 492 781 135 0 0 1
188 492 781 135 0 0 1
