370 201 622 366 0 0 0
370 201 619 363 0 -8 0
370 193 616 360 0 8 0
370 201 613 357 0 0 0
370 201 610 354 0 0 0
370 201 607 351 0 -8 0
370 193 604 348 0 8 0
370 201 601 345 0 -8 0
370 193 598 342 0 -8 0
370 185 595 339 0 -8 0
370 177 592 336 0 -8 0
370 169 589 333 0 8 0
370 177 586 330 0 0 0
370 177 583 327 0 0 0
370 177 580 324 0 8 0
370 185 577 321 0 8 0
370 193 574 318 -8 -8 0
362 185 571 315 0 -8 0
362 177 568 312 0 0 0
362 177 565 309 -8 0 0
354 177 562 306 0 0 0
354 177 559 303 -8 0 0
346 177 556 300 0 0 0
346 177 553 297 0 -8 0
346 169 550 294 -8 8 0
338 177 547 291 0 8 0
338 185 544 288 0 -8 0
338 177 541 285 -8 0 0
330 177 538 282 0 -8 0
330 169 535 279 -8 -8 0
322 161 532 276 0 0 0
322 161 529 273 0 -8 0
322 153 526 270 -8 8 0
314 161 523 267 0 0 0
314 161 520 264 0 -8 0
314 153 517 261 -8 0 0
306 153 514 258 0 -8 0
306 145 511 255 -8 0 0
298 145 508 252 0 8 0
298 153 505 249 0 8 0
298 161 502 246 -8 0 0
290 161 499 243 0 0 0
290 161 496 240 0 -8 0
290 153 493 237 -8 0 0
282 153 490 234 0 0 0
282 153 487 231 -8 -8 0
274 145 484 228 0 8 0
274 153 481 225 0 -8 0
274 145 478 222 -8 0 0
266 145 475 219 0 -8 0
266 137 472 216 0 0 0
266 137 469 213 -8 8 0
258 145 466 210 0 -8 0
258 137 463 207 -8 8 0
250 145 460 204 0 0 0
250 145 457 201 0 0 0
250 145 454 198 -8 -8 0
242 137 451 195 0 8 0
242 145 448 192 0 8 0
242 153 445 189 -8 -8 0
234 145 442 186 0 -8 0
234 137 439 183 -8 8 0
226 145 436 180 0 -8 0
226 137 433 177 0 -8 0
226 129 430 174 -8 -8 0
218 121 427 171 0 0 0
218 121 424 168 0 0 0
218 121 421 165 -8 -8 0
210 113 418 162 0 8 0
210 121 415 159 -8 8 0
202 129 412 156 0 -8 0
202 121 409 153 0 0 0
202 121 406 150 -8 8 0
194 129 403 147 0 -8 0
194 121 400 144 0 8 0
194 129 397 141 -8 -8 0
186 121 394 138 0 0 0
186 121 391 135 -8 -8 0
178 113 388 132 0 -8 0
178 105 385 129 0 -8 0
178 97 382 126 -8 8 0
170 105 379 123 0 8 0
170 113 376 120 0 8 0
170 121 373 117 -8 -8 0
162 113 370 114 0 8 0
162 121 367 111 -8 8 0
154 129 364 108 0 0 0
154 129 361 105 0 8 0
154 137 358 102 -8 8 0
146 145 355 99 0 8 0
146 153 352 96 0 8 0
146 161 349 93 -8 0 0
138 161 346 90 0 0 0
138 161 343 87 -8 -8 0
130 153 340 84 0 8 0
130 161 337 81 0 -8 0
130 153 334 78 -8 0 0
122 153 331 75 0 0 0
122 153 328 72 0 -8 0
122 145 325 69 -8 8 0
114 153 322 66 0 0 0
114 153 319 63 -8 0 0
106 153 316 60 0 8 0
106 161 313 57 0 -8 0
106 153 310 54 -8 8 0
98 161 307 51 0 0 0
98 161 304 48 0 0 0
98 161 301 45 -8 8 0
90 169 298 42 0 -8 0
90 161 295 39 -8 -8 0
82 153 292 36 0 8 0
82 161 289 33 0 8 0
82 169 286 30 -8 -8 0
74 161 283 27 0 8 0
74 169 280 24 0 0 0
74 169 277 21 -8 0 0
66 169 274 18 0 0 0
66 169 271 15 -8 8 0
60 177 268 12 0 8 0
60 185 265 9 -8 -8 0
60 177 262 12 0 8 0
60 185 259 15 0 -8 0
60 177 256 18 0 0 0
60 177 253 21 0 -8 0
60 169 250 24 0 8 0
60 177 247 27 0 -8 0
60 169 244 30 0 8 0
60 177 241 33 0 0 0
60 177 238 36 0 -8 0
60 169 235 39 0 0 0
60 169 232 42 0 -8 0
60 161 229 45 0 -8 0
60 153 226 48 0 0 0
60 153 223 51 0 8 0
60 161 220 54 0 8 0
60 169 217 57 0 -8 0
60 161 214 60 0 8 0
60 169 211 63 0 8 0
60 177 208 66 0 0 0
60 177 205 69 0 8 0
60 185 202 72 0 0 0
60 185 199 75 0 0 0
60 185 196 78 0 0 0
60 185 193 81 0 -8 0
60 177 190 84 0 8 0
60 185 187 87 0 0 0
60 185 184 90 0 0 0
60 185 181 93 0 -8 0
60 177 178 96 0 8 0
60 185 175 99 0 8 0
60 193 172 102 0 0 0
60 193 169 105 0 0 0
60 193 166 108 0 0 0
60 193 163 111 8 8 0
68 201 160 114 0 8 0
68 209 157 117 0 8 0
68 217 154 120 8 -8 0
76 209 151 123 0 -8 0
76 201 148 126 0 -8 0
76 193 145 129 8 0 0
84 193 142 132 0 0 0
84 193 139 135 8 8 0
92 201 136 138 0 -8 0
92 193 133 141 0 -8 0
92 185 130 144 8 0 0
100 185 127 147 0 0 0
100 185 124 150 0 0 0
100 185 121 153 8 -8 0
108 177 118 156 0 0 0
108 177 115 159 8 8 0
116 185 112 162 0 0 0
116 185 109 165 0 8 0
116 193 106 168 8 -8 0
124 185 103 171 0 -8 0
124 177 100 174 0 8 0
124 185 97 177 8 8 0
132 193 94 180 0 8 0
132 201 91 183 8 0 0
140 201 88 186 0 -8 0
140 193 85 189 0 -8 0
140 185 82 192 8 8 0
148 193 79 195 0 0 0
148 193 76 198 0 0 0
148 193 73 201 8 0 0
156 193 70 204 0 8 0
156 201 67 207 8 -8 0
164 193 64 210 0 -8 0
164 185 61 213 0 8 0
164 193 58 216 8 8 0
172 201 55 219 0 -8 0
172 193 52 222 0 8 0
172 201 49 225 8 0 0
180 201 46 228 0 8 0
180 209 43 231 8 8 0
188 217 40 234 0 0 0
188 217 37 237 0 8 0
188 225 34 240 8 8 0
196 233 31 243 0 0 0
196 233 28 246 0 0 0
196 233 25 249 8 8 0
204 241 22 252 0 -8 0
204 233 19 255 0 0 1
204 233 19 255 0 0 1
204 233 19 255 0 0 1
204 233 19 255 0 0 1
204 233 19 255 0 0 1
