452 321 337 282 0 0 0
452 321 340 279 -8 8 0
444 329 343 276 -8 8 0
436 337 346 273 -8 8 0
428 345 349 270 -8 0 0
420 345 352 267 -8 8 0
412 353 355 264 -8 -8 0
404 345 358 261 -8 -8 0
396 337 361 258 -8 0 0
388 337 364 255 -8 -8 0
380 329 367 252 -8 8 0
372 337 370 249 -8 -8 0
364 329 373 246 -8 0 0
356 329 376 243 -8 -8 0
348 321 379 240 -8 0 0
340 321 382 237 -8 8 0
332 329 385 234 -8 8 0
324 337 388 231 -8 -8 0
316 329 391 228 -8 0 0
308 329 394 225 -8 -8 0
300 321 397 222 -8 8 0
292 329 400 219 -8 0 0
284 329 403 216 -8 -8 0
276 321 406 213 -8 0 0
268 321 409 210 -8 -8 0
260 313 412 207 -8 0 0
252 313 415 204 0 0 0
252 313 418 201 -8 0 0
244 313 421 198 0 8 0
244 321 424 195 0 -8 0
244 313 427 192 -8 0 0
236 313 430 189 0 -8 0
236 305 433 186 0 0 0
236 305 436 183 -8 -8 0
228 297 439 180 0 0 0
228 297 442 177 -8 8 0
220 305 445 174 0 -8 0
220 297 448 171 0 8 0
220 305 451 168 -8 8 0
212 313 454 165 0 8 0
212 321 457 162 0 0 0
212 321 460 159 -8 -8 0
204 313 463 156 0 -8 0
204 305 466 153 -8 -8 0
196 297 469 150 0 8 0
196 305 472 147 0 8 0
196 313 475 144 -8 -8 0
188 305 478 141 0 0 0
188 305 481 138 0 -8 0
188 297 484 135 -8 0 0
180 297 487 132 0 -8 0
180 289 490 129 -8 -8 0
172 281 493 126 0 -8 0
172 273 496 123 0 0 0
172 273 499 120 -8 0 0
164 273 502 117 0 -8 0
164 265 505 114 0 0 0
164 265 508 111 -8 0 0
156 265 511 108 0 0 0
156 265 514 105 -8 0 0
148 265 517 102 0 8 0
148 273 520 99 0 0 0
148 273 523 96 -8 -8 0
140 265 526 93 0 -8 0
140 257 529 90 0 8 0
140 265 532 87 -8 0 0
132 265 535 84 0 -8 0
132 257 538 81 -8 8 0
124 265 541 78 0 0 0
124 265 544 75 0 8 0
124 273 547 72 -8 8 0
116 281 550 69 0 0 0
116 281 553 66 0 0 0
116 281 556 63 -8 8 0
108 289 559 60 0 -8 0
108 281 562 57 -8 -8 0
100 273 565 54 0 -8 0
100 265 568 51 0 8 0
100 273 571 48 -8 8 0
92 281 574 45 0 8 0
92 289 577 42 0 0 0
92 289 580 39 -8 8 0
84 297 583 36 0 8 0
84 305 586 33 -8 0 0
76 305 589 30 0 0 0
76 305 592 27 0 -8 0
76 297 595 24 -8 8 0
68 305 598 21 0 8 0
68 313 601 18 0 0 0
68 313 604 15 -8 8 0
60 321 607 12 0 0 0
60 321 610 9 -8 8 0
60 329 613 12 0 8 0
60 337 616 15 0 0 0
60 337 619 18 0 0 0
60 337 622 21 0 -8 0
60 329 625 24 0 -8 0
60 321 628 27 0 -8 0
60 313 631 30 0 8 0
60 321 634 33 0 -8 0
60 313 637 36 0 0 0
60 313 640 39 0 8 0
60 321 643 42 0 0 0
60 321 646 45 0 -8 0
60 313 649 48 0 8 0
60 321 652 51 0 -8 0
60 313 655 54 0 8 0
60 321 658 57 0 -8 0
60 313 661 60 0 0 0
60 313 664 63 0 -8 0
60 305 667 66 0 8 0
60 313 670 69 0 0 0
60 313 673 72 0 8 0
60 321 676 75 0 -8 0
60 313 679 78 0 0 0
60 313 682 81 0 8 0
60 321 685 84 0 8 0
60 329 688 87 0 8 0
60 337 691 90 0 8 0
60 345 694 93 0 -8 0
60 337 697 96 0 8 0
60 345 700 99 0 0 0
60 345 703 102 0 -8 0
60 337 706 105 0 -8 0
60 329 709 108 0 8 0
60 337 712 111 8 -8 0
68 329 715 114 0 -8 0
68 321 718 117 0 8 0
68 329 721 120 8 0 0
76 329 724 123 0 8 0
76 337 727 126 0 -8 0
76 329 730 129 8 8 0
84 337 733 132 0 -8 0
84 329 736 135 8 -8 0
92 321 739 138 0 -8 0
92 313 742 141 0 -8 0
92 305 745 144 8 -8 0
100 297 748 147 0 8 0
100 305 751 150 0 8 0
100 313 754 153 8 8 0
108 321 757 156 0 0 0
108 321 760 159 8 0 0
116 321 763 162 0 -8 0
116 313 766 165 0 -8 0
116 305 769 168 8 -8 0
124 297 772 171 0 8 0
124 305 775 174 0 -8 0
124 297 778 177 8 -8 0
132 289 781 180 0 0 1
132 289 781 180 0 0 1
132 289 781 180 0 0 1
132 289 781 180 0 0 1
132 289 781 180 0 0 1
