471 166 442 198 0 0 0
471 166 439 195 -8 8 0
463 174 436 192 -8 -8 0
455 166 433 189 -8 -8 0
447 158 430 186 -8 0 0
439 158 427 183 -8 0 0
431 158 424 180 -8 -8 0
423 150 421 177 -8 -8 0
415 142 418 174 -8 8 0
407 150 415 171 -8 8 0
399 158 412 168 -8 0 0
391 158 409 165 -8 0 0
383 158 406 162 -8 8 0
375 166 403 159 -8 0 0
367 166 400 156 -8 8 0
359 174 397 153 -8 0 0
351 174 394 150 -8 -8 0
343 166 391 147 -8 -8 0
335 158 388 144 -8 0 0
327 158 385 141 -8 8 0
319 166 382 138 -8 -8 0
311 158 379 135 -8 8 0
303 166 376 132 -8 8 0
295 174 373 129 -8 0 0
287 174 370 126 -8 8 0
279 182 367 123 -8 8 0
271 190 364 120 -8 0 0
263 190 361 117 -8 8 0
255 198 358 114 -8 -8 0
247 190 355 111 -8 8 0
239 198 352 108 -8 0 0
231 198 349 105 -8 8 0
223 206 346 102 -8 0 0
215 206 343 99 -8 -8 0
207 198 340 96 -8 -8 0
199 190 337 93 -8 -8 0
191 182 334 90 -8 8 0
183 190 331 87 -8 0 0
175 190 328 84 -8 -8 0
167 182 325 81 -8 0 0
159 182 322 78 -8 0 0
151 182 319 75 -8 0 0
143 182 316 72 -8 0 0
135 182 313 69 -8 0 0
127 182 310 66 -8 -8 0
119 174 307 63 -8 8 0
111 182 304 60 -8 -8 0
103 174 301 57 0 0 0
103 174 298 54 0 8 0
103 182 295 51 -8 0 0
95 182 292 48 0 0 0
95 182 289 45 0 8 0
95 190 286 42 -8 0 0
87 190 283 39 0 8 0
87 198 280 36 -8 -8 0
79 190 277 33 0 8 0
79 198 274 30 0 0 0
79 198 271 27 -8 -8 0
71 190 268 24 0 -8 0
71 182 265 21 0 0 0
71 182 262 18 -8 8 0
63 190 259 15 0 0 0
63 190 256 12 -8 -8 0
60 182 253 9 -8 8 0
60 190 250 12 0 -8 0
60 182 247 15 0 0 0
60 182 244 18 0 0 0
60 182 241 21 0 -8 0
60 174 238 24 0 -8 0
60 166 235 27 0 -8 0
60 158 232 30 0 0 0
60 158 229 33 0 8 0
60 166 226 36 0 0 0
60 166 223 39 0 0 0
60 166 220 42 0 0 0
60 166 217 45 0 -8 0
60 158 214 48 0 8 0
60 166 211 51 0 8 0
60 174 208 54 0 0 0
60 174 205 57 0 8 0
60 182 202 60 0 0 0
60 182 199 63 0 -8 0
60 174 196 66 0 8 0
60 182 193 69 0 8 0
60 190 190 72 0 0 0
60 190 187 75 0 8 0
60 198 184 78 0 -8 0
60 190 181 81 0 -8 0
60 182 178 84 0 0 0
60 182 175 87 0 -8 0
60 174 172 90 0 8 0
60 182 169 93 0 8 0
60 190 166 96 0 -8 0
60 182 163 99 0 0 0
60 182 160 102 0 0 0
60 182 157 105 0 -8 0
60 174 154 108 0 8 0
60 182 151 111 8 8 0
68 190 148 114 0 8 0
68 198 145 117 0 0 0
68 198 142 120 8 0 0
76 198 139 123 0 0 0
76 198 136 126 0 0 0
76 198 133 129 8 -8 0
84 190 130 132 0 0 0
84 190 127 135 8 8 0
92 198 124 138 0 0 0
92 198 121 141 0 -8 0
92 190 118 144 8 -8 0
100 182 115 147 0 8 0
100 190 112 150 0 0 0
100 190 109 153 8 8 0
108 198 106 156 0 -8 0
108 190 103 159 8 8 0
116 198 100 162 0 8 0
116 206 97 165 0 -8 0
116 198 94 168 8 -8 0
124 190 91 171 0 0 0
124 190 88 174 0 8 0
124 198 85 177 8 8 0
132 206 82 180 0 -8 0
132 198 79 183 8 -8 0
140 190 76 186 0 8 0
140 198 73 189 0 8 0
140 206 70 192 8 -8 0
148 198 67 195 0 0 0
148 198 64 198 0 8 0
148 206 61 201 8 0 0
156 206 58 204 0 -8 0
156 198 55 207 8 0 0
164 198 52 210 0 8 0
164 206 49 213 0 0 0
164 206 46 216 8 0 0
172 206 43 219 0 0 0
172 206 40 222 0 0 0
172 206 37 225 8 -8 0
180 198 34 228 0 0 0
180 198 31 231 8 8 0
188 206 28 234 0 -8 0
188 198 25 237 0 -8 0
188 190 22 240 8 8 0
196 198 19 243 0 -8 0
196 190 22 246 0 8 0
196 198 25 249 8 8 0
204 206 28 252 0 -8 0
204 198 31 255 8 0 0
212 198 34 258 0 8 0
212 206 37 261 0 -8 0
212 198 40 264 8 8 0
220 206 43 267 0 -8 0
220 198 46 270 0 8 0
220 206 49 273 8 8 0
228 214 52 276 0 -8 0
228 206 55 279 8 8 0
236 214 58 282 0 -8 0
236 206 61 285 0 0 0
236 206 64 288 8 0 0
244 206 67 291 0 8 0
244 214 70 294 0 0 0
244 214 73 297 8 -8 0
252 206 76 300 0 0 0
252 206 79 303 8 8 0
260 214 82 306 0 -8 0
260 206 85 309 0 8 0
260 214 88 312 8 8 0
268 222 91 315 0 -8 0
268 214 94 318 0 8 0
268 222 97 321 8 -8 0
276 214 100 324 0 8 0
276 222 103 327 8 0 0
284 222 106 330 0 -8 0
284 214 109 333 0 0 0
284 214 112 336 8 0 0
292 214 115 339 0 -8 0
292 206 118 342 0 -8 0
292 198 121 345 8 8 0
300 206 124 348 0 8 0
300 214 127 351 8 8 0
308 222 130 354 0 -8 0
308 214 133 357 0 8 0
308 222 136 360 8 0 0
316 222 139 363 0 8 0
316 230 142 366 0 -8 0
316 222 145 369 8 8 0
324 230 148 372 0 8 0
324 238 151 375 8 -8 0
332 230 154 378 0 8 0
332 238 157 381 0 -8 0
332 230 160 384 8 8 0
340 238 163 387 0 0 0
340 238 166 390 0 8 0
340 246 169 393 8 -8 0
348 238 172 396 0 8 0
348 246 175 399 8 8 0
356 254 178 402 0 -8 0
356 246 181 405 0 -8 0
356 238 184 408 8 -8 0
364 230 187 411 0 8 0
364 238 190 414 0 0 0
364 238 193 417 8 8 0
372 246 196 420 0 0 0
372 246 199 423 8 8 0
380 254 202 426 0 8 0
380 262 205 429 0 0 0
380 262 208 432 8 8 0
388 270 211 435 0 -8 0
388 262 214 438 0 -8 0
388 254 217 441 8 8 0
396 262 220 444 0 -8 0
396 254 223 447 8 8 0
404 262 226 450 0 -8 0
404 254 229 453 0 0 0
404 254 232 456 8 0 0
412 254 235 459 0 8 0
412 262 238 462 0 -8 0
412 254 241 465 8 8 0
420 262 244 468 0 -8 0
420 254 247 471 8 0 0
428 254 250 474 0 8 0
428 262 253 477 0 -8 0
428 254 256 480 8 0 0
436 254 259 483 0 8 0
436 262 262 486 0 0 0
436 262 265 489 8 -8 0
444 254 268 492 0 8 0
444 262 271 495 8 -8 0
452 254 274 498 0 0 0
452 254 277 501 0 8 0
452 262 280 504 8 -8 0
460 254 283 507 0 8 0
460 262 286 510 0 0 0
460 262 289 513 8 8 0
468 270 292 516 0 0 0
468 270 295 519 8 8 0
476 278 298 522 0 8 0
476 286 301 525 0 -8 0
476 278 304 528 8 -8 0
484 270 307 531 0 0 0
484 270 310 534 0 8 0
484 278 313 537 8 -8 0
492 270 316 540 0 8 0
492 278 319 543 8 8 0
500 286 322 546 0 -8 0
500 278 325 549 0 -8 0
500 270 328 552 8 8 0
508 278 331 555 0 -8 0
508 270 334 558 0 8 0
508 278 337 561 8 0 0
516 278 340 564 0 8 0
516 286 343 567 8 0 0
524 286 346 570 0 -8 0
524 278 349 573 0 -8 0
524 270 352 576 8 0 0
532 270 355 579 0 -8 0
532 262 358 582 0 -8 0
532 254 361 585 8 8 0
540 262 364 588 0 8 0
540 270 367 591 8 0 0
540 270 370 588 0 0 0
540 270 373 585 0 0 0
540 270 376 582 0 8 0
540 278 379 579 0 -8 0
540 270 382 576 0 -8 0
540 262 385 573 0 -8 0
540 254 388 570 0 0 0
540 254 391 567 0 0 0
540 254 394 564 0 0 0
540 254 397 561 0 -8 0
540 246 400 558 0 0 0
540 246 403 555 0 0 0
540 246 406 552 0 0 0
540 246 409 549 0 8 0
540 254 412 546 0 0 0
540 254 415 543 0 8 0
540 262 418 540 0 -8 0
540 254 421 537 0 0 0
540 254 424 534 0 8 0
540 262 427 531 0 8 0
540 270 430 528 0 -8 0
540 262 433 525 0 8 0
540 270 436 522 0 8 0
540 278 439 519 0 0 0
540 278 442 516 0 8 0
540 286 445 513 0 0 0
540 286 448 510 0 8 0
540 294 451 507 0 0 0
540 294 454 504 0 -8 0
540 286 457 501 0 0 0
540 286 460 498 0 8 0
540 294 463 495 0 8 0
540 302 466 492 0 -8 0
540 294 469 489 -8 8 0
532 302 472 486 0 0 0
532 302 475 483 0 0 0
532 302 478 480 -8 0 0
524 302 481 477 0 0 0
524 302 484 474 0 8 0
524 310 487 471 -8 -8 0
516 302 490 468 0 8 0
516 310 493 465 -8 8 0
508 318 496 462 0 -8 0
508 310 499 459 0 8 0
508 318 502 456 -8 -8 0
500 310 505 453 0 0 0
500 310 508 450 0 0 0
500 310 511 447 -8 -8 0
492 302 514 444 0 -8 0
492 294 517 441 -8 0 0
484 294 520 438 0 0 0
484 294 523 435 0 0 0
484 294 526 432 -8 -8 0
476 286 529 429 0 0 0
476 286 532 426 0 8 0
476 294 535 423 -8 -8 0
468 286 538 420 0 8 0
468 294 541 417 -8 8 0
460 302 544 414 0 0 0
460 302 547 411 0 8 0
460 310 550 408 -8 8 0
452 318 553 405 0 8 0
452 326 556 402 0 -8 0
452 318 559 399 -8 0 0
444 318 562 396 0 8 0
444 326 565 393 -8 -8 0
436 318 568 390 0 -8 0
436 310 571 387 0 -8 0
436 302 574 384 -8 -8 0
428 294 577 381 0 0 0
428 294 580 378 0 8 0
428 302 583 375 -8 -8 0
420 294 586 372 0 -8 0
420 286 589 369 -8 8 0
412 294 592 366 0 0 0
412 294 595 363 0 0 0
412 294 598 360 -8 8 0
404 302 601 357 0 -8 0
404 294 604 354 0 0 0
404 294 607 351 -8 -8 0
396 286 610 348 0 -8 0
396 278 613 345 -8 8 0
388 286 616 342 0 -8 0
388 278 619 339 0 8 0
388 286 622 336 -8 -8 0
380 278 625 333 0 0 0
380 278 628 330 0 0 0
380 278 631 327 -8 0 0
372 278 634 324 0 8 0
372 286 637 321 -8 0 0
364 286 640 318 0 8 0
364 294 643 315 0 0 0
364 294 646 312 -8 0 0
356 294 649 309 0 8 0
356 302 652 306 0 -8 0
356 294 655 303 -8 8 0
348 302 658 300 0 8 0
348 310 661 297 -8 -8 0
340 302 664 294 0 -8 0
340 294 667 291 0 8 0
340 302 670 288 -8 0 0
332 302 673 285 0 -8 0
332 294 676 282 0 -8 0
332 286 679 279 -8 0 0
324 286 682 276 0 8 0
324 294 685 273 -8 8 0
316 302 688 270 0 8 0
316 310 691 267 0 8 0
316 318 694 264 -8 -8 0
308 310 697 261 0 -8 0
308 302 700 258 0 0 0
308 302 703 255 -8 8 0
300 310 706 252 0 0 0
300 310 709 249 -8 8 0
292 318 712 246 0 8 0
292 326 715 243 0 0 0
292 326 718 240 -8 8 0
284 334 721 237 0 -8 0
284 326 724 234 0 8 0
284 334 727 231 -8 -8 0
276 326 730 228 0 8 0
276 334 733 225 -8 8 0
268 342 736 222 0 0 0
268 342 739 219 0 0 0
268 342 742 216 -8 -8 0
260 334 745 213 0 0 0
260 334 748 210 0 -8 0
260 326 751 207 -8 0 0
252 326 754 204 0 8 0
252 334 757 201 -8 0 0
244 334 760 198 0 8 0
244 342 763 195 0 8 0
244 350 766 192 -8 0 0
236 350 769 189 0 0 0
236 350 772 186 0 -8 0
236 342 775 183 -8 8 0
228 350 778 180 0 -8 0
228 342 781 177 0 0 1
228 342 781 177 0 0 1
228 342 781 177 0 0 1
228 342 781 177 0 0 1
228 342 781 177 0 0 1
