532 203 370 306 0 0 0
532 203 367 309 -8 -8 0
524 195 364 312 -8 8 0
516 203 361 315 -8 0 0
508 203 358 318 -8 8 0
500 211 355 321 -8 0 0
492 211 352 324 -8 8 0
484 219 349 327 -8 -8 0
476 211 346 330 -8 8 0
468 219 343 333 -8 -8 0
460 211 340 336 -8 8 0
452 219 337 339 -8 8 0
444 227 334 342 -8 8 0
436 235 331 345 -8 -8 0
428 227 328 348 -8 0 0
420 227 325 351 -8 0 0
412 227 322 354 -8 -8 0
404 219 319 357 0 -8 0
404 211 316 360 0 8 0
404 219 313 363 0 0 0
404 219 310 366 0 0 0
404 219 307 369 0 0 0
404 219 304 372 0 -8 0
404 211 301 375 0 -8 0
404 203 298 378 0 0 0
404 203 295 381 0 8 0
404 211 292 384 0 8 0
404 219 289 387 0 -8 0
404 211 286 390 0 0 0
404 211 283 393 0 8 0
404 219 280 396 0 8 0
404 227 277 399 0 0 0
404 227 274 402 0 8 0
404 235 271 405 0 -8 0
404 227 268 408 0 -8 0
404 219 265 411 0 0 0
404 219 262 414 0 8 0
404 227 259 417 0 8 0
404 235 256 420 0 -8 0
404 227 253 423 0 -8 0
404 219 250 426 0 0 0
404 219 247 429 0 -8 0
404 211 244 432 0 -8 0
404 203 241 435 0 -8 0
404 195 238 438 0 0 0
404 195 235 441 0 -8 0
404 187 232 444 0 8 0
404 195 229 447 0 0 0
404 195 226 450 0 -8 0
404 187 223 453 0 -8 0
404 179 220 456 8 0 0
412 179 217 459 0 0 0
412 179 214 462 0 8 0
412 187 211 465 8 8 0
420 195 208 468 0 -8 0
420 187 205 471 8 -8 0
428 179 202 474 0 -8 0
428 171 199 477 0 8 0
428 179 196 480 8 -8 0
436 171 193 483 0 8 0
436 179 190 486 0 8 0
436 187 187 489 8 8 0
444 195 184 492 0 -8 0
444 187 181 495 8 0 0
452 187 178 498 0 0 0
452 187 175 501 0 8 0
452 195 172 504 8 -8 0
460 187 169 507 0 0 0
460 187 166 510 0 -8 0
460 179 163 513 8 -8 0
468 171 160 516 0 0 0
468 171 157 519 8 8 0
476 179 154 522 0 -8 0
476 171 151 525 0 8 0
476 179 148 528 8 0 0
484 179 145 531 0 8 0
484 187 142 534 0 -8 0
484 179 139 537 8 8 0
492 187 136 540 0 8 0
492 195 133 543 8 -8 0
500 187 130 546 0 8 0
500 195 127 549 0 0 0
500 195 124 552 8 0 0
508 195 121 555 0 8 0
508 203 118 558 0 0 0
508 203 115 561 8 8 0
516 211 112 564 0 -8 0
516 203 109 567 8 0 0
524 203 106 570 0 0 0
524 203 103 573 0 -8 0
524 195 100 576 8 -8 0
532 187 97 579 0 -8 0
532 179 94 582 0 0 0
532 179 91 585 8 -8 0
540 171 88 588 0 8 0
540 179 85 591 8 8 0
540 187 82 588 0 8 0
540 195 79 585 0 -8 0
540 187 76 582 0 0 0
540 187 73 579 0 8 0
540 195 70 576 0 -8 0
540 187 67 573 0 -8 0
540 179 64 570 0 0 0
540 179 61 567 0 -8 0
540 171 58 564 0 8 0
540 179 55 561 0 -8 0
540 171 52 558 0 8 0
540 179 49 555 0 8 0
540 187 46 552 0 8 0
540 195 43 549 0 0 0
540 195 40 546 0 8 0
540 203 37 543 0 -8 0
540 195 34 540 0 -8 0
540 187 31 537 0 -8 0
540 179 28 534 0 0 0
540 179 25 531 0 0 0
540 179 22 528 0 -8 0
540 171 19 525 0 0 0
540 171 22 522 0 8 0
540 179 25 519 0 8 0
540 187 28 516 0 -8 0
540 179 31 513 0 0 0
540 179 34 510 0 -8 0
540 171 37 507 0 -8 0
540 163 40 504 0 0 0
540 163 43 501 0 8 0
540 171 46 498 0 0 0
540 171 49 495 0 8 0
540 179 52 492 0 0 0
540 179 55 489 -8 8 0
532 187 58 486 0 -8 0
532 179 61 483 0 8 0
532 187 64 480 -8 8 0
524 195 67 477 0 8 0
524 203 70 474 0 -8 0
524 195 73 471 -8 -8 0
516 187 76 468 0 8 0
516 195 79 465 -8 -8 0
508 187 82 462 0 0 0
508 187 85 459 0 -8 0
508 179 88 456 -8 8 0
500 187 91 453 0 -8 0
500 179 94 450 0 0 0
500 179 97 447 -8 8 0
492 187 100 444 0 8 0
492 195 103 441 -8 8 0
484 203 106 438 0 8 0
484 211 109 435 0 -8 0
484 203 112 432 -8 0 0
476 203 115 429 0 8 0
476 211 118 426 0 0 0
476 211 121 423 -8 0 0
468 211 124 420 0 8 0
468 219 127 417 -8 -8 0
460 211 130 414 0 -8 0
460 203 133 411 0 8 0
460 211 136 408 -8 -8 0
452 203 139 405 0 8 0
452 211 142 402 0 8 0
452 219 145 399 -8 8 0
444 227 148 396 0 -8 0
444 219 151 393 -8 0 0
436 219 154 390 0 -8 0
436 211 157 387 0 -8 0
436 203 160 384 -8 -8 0
428 195 163 381 0 8 0
428 203 166 378 0 0 0
428 203 169 375 -8 8 0
420 211 172 372 0 -8 0
420 203 175 369 -8 8 0
412 211 178 366 0 0 0
412 211 181 363 0 0 0
412 211 184 360 -8 -8 0
404 203 187 357 0 0 0
404 203 190 354 0 -8 0
404 195 193 351 -8 8 0
396 203 196 348 0 8 0
396 211 199 345 -8 8 0
388 219 202 342 0 8 0
388 227 205 339 0 -8 0
388 219 208 336 -8 -8 0
380 211 211 333 0 -8 0
380 203 214 330 0 8 0
380 211 217 327 -8 0 0
372 211 220 324 0 0 0
372 211 223 321 -8 -8 0
364 203 226 318 0 8 0
364 211 229 315 0 0 0
364 211 232 312 -8 8 0
356 219 235 309 0 8 0
356 227 238 306 0 -8 0
356 219 241 303 -8 8 0
348 227 244 300 0 0 0
348 227 247 297 -8 -8 0
340 219 250 294 0 8 0
340 227 253 291 0 -8 0
340 219 256 288 -8 -8 0
332 211 259 285 0 -8 0
332 203 262 282 0 0 0
332 203 265 279 -8 0 0
324 203 268 276 0 0 0
324 203 271 273 -8 0 0
316 203 274 270 0 8 0
316 211 277 267 0 8 0
316 219 280 264 -8 -8 0
308 211 283 261 0 8 0
308 219 286 258 0 -8 0
308 211 289 255 -8 8 0
300 219 292 252 0 -8 0
300 211 295 249 -8 0 0
292 211 298 246 0 -8 0
292 203 301 243 0 0 0
292 203 304 240 -8 0 0
284 203 307 237 0 -8 0
284 195 310 234 0 8 0
284 203 313 231 -8 0 0
276 203 316 228 0 8 0
276 211 319 225 -8 8 0
268 219 322 222 0 8 0
268 227 325 219 0 -8 0
268 219 328 216 -8 8 0
260 227 331 213 0 0 0
260 227 334 210 0 8 0
260 235 337 207 -8 -8 0
252 227 340 204 0 0 0
252 227 343 201 -8 -8 0
244 219 346 198 0 -8 0
244 211 349 195 0 -8 0
244 203 352 192 -8 -8 0
236 195 355 189 0 0 0
236 195 358 186 0 -8 0
236 187 361 183 -8 0 0
228 187 364 180 0 8 0
228 195 367 177 -8 0 0
220 195 370 174 0 -8 0
220 187 373 171 0 -8 0
220 179 376 168 -8 8 0
212 187 379 165 0 -8 0
212 179 382 162 0 -8 0
212 171 385 159 -8 -8 0
204 163 388 156 0 0 0
204 163 391 153 -8 -8 0
196 155 394 150 0 8 0
196 163 397 147 0 8 0
196 171 400 144 -8 0 0
188 171 403 141 0 0 0
188 171 406 138 0 -8 0
188 163 409 135 -8 0 0
180 163 412 132 0 -8 0
180 155 415 129 -8 -8 0
172 147 418 126 0 8 0
172 155 421 123 0 0 0
172 155 424 120 -8 -8 0
164 147 427 117 0 -8 0
164 139 430 114 0 0 0
164 139 433 111 -8 8 0
156 147 436 108 0 -8 0
156 139 439 105 -8 -8 0
148 131 442 102 0 8 0
148 139 445 99 0 8 0
148 147 448 96 -8 -8 0
140 139 451 93 0 -8 0
140 131 454 90 0 8 0
140 139 457 87 -8 -8 0
132 131 460 84 0 -8 0
132 123 463 81 -8 8 0
124 131 466 78 0 8 0
124 139 469 75 0 8 0
124 147 472 72 -8 8 0
116 155 475 69 0 0 0
116 155 478 66 0 8 0
116 163 481 63 -8 0 0
108 163 484 60 0 8 0
108 171 487 57 -8 8 0
100 179 490 54 0 8 0
100 187 493 51 0 8 0
100 195 496 48 -8 -8 0
92 187 499 45 0 8 0
92 195 502 42 0 8 0
92 203 505 39 -8 0 0
84 203 508 36 0 -8 0
84 195 511 33 -8 0 0
76 195 514 30 0 0 0
76 195 517 27 0 0 0
76 195 520 24 -8 -8 0
68 187 523 21 0 8 0
68 195 526 18 0 -8 0
68 187 529 15 -8 -8 0
60 179 532 12 0 0 0
60 179 535 9 -8 0 0
60 179 538 12 0 8 0
60 187 541 15 0 8 0
60 195 544 18 0 8 0
60 203 547 21 0 8 0
60 211 550 24 0 8 0
60 219 553 27 0 8 0
60 227 556 30 0 0 0
60 227 559 33 0 -8 0
60 219 562 36 0 8 0
60 227 565 39 0 0 0
60 227 568 42 0 0 0
60 227 571 45 0 -8 0
60 219 574 48 0 8 0
60 227 577 51 0 -8 0
60 219 580 54 0 -8 0
60 211 583 57 0 0 0
60 211 586 60 0 -8 0
60 203 589 63 0 8 0
60 211 592 66 0 -8 0
60 203 595 69 0 8 0
60 211 598 72 0 8 0
60 219 601 75 0 8 0
60 227 604 78 0 -8 0
60 219 607 81 0 0 0
60 219 610 84 0 8 0
60 227 613 87 0 -8 0
60 219 616 90 0 -8 0
60 211 619 93 0 -8 0
60 203 622 96 0 8 0
60 211 625 99 0 8 0
60 219 628 102 0 8 0
60 227 631 105 0 8 0
60 235 634 108 0 0 0
60 235 637 111 8 -8 0
68 227 640 114 0 8 0
68 235 643 117 0 -8 0
68 227 646 120 8 -8 0
76 219 649 123 0 8 0
76 227 652 126 0 -8 0
76 219 655 129 8 0 0
84 219 658 132 0 -8 0
84 211 661 135 8 8 0
92 219 664 138 0 0 0
92 219 667 141 0 0 0
92 219 670 144 8 8 0
100 227 673 147 0 -8 0
100 219 676 150 0 -8 0
100 211 679 153 8 8 0
108 219 682 156 0 -8 0
108 211 685 159 8 -8 0
116 203 688 162 0 8 0
116 211 691 165 0 8 0
116 219 694 168 8 8 0
124 227 697 171 0 0 0
124 227 700 174 0 8 0
124 235 703 177 8 8 0
132 243 706 180 0 8 0
132 251 709 183 8 0 0
140 251 712 186 0 8 0
140 259 715 189 0 8 0
140 267 718 192 8 0 0
148 267 721 195 0 0 0
148 267 724 198 0 -8 0
148 259 727 201 8 0 0
156 259 730 204 0 8 0
156 267 733 207 8 8 0
164 275 736 210 0 8 0
164 283 739 213 0 8 0
164 291 742 216 8 -8 0
172 283 745 219 0 -8 0
172 275 748 222 0 8 0
172 283 751 225 8 8 0
180 291 754 228 0 0 0
180 291 757 231 8 -8 0
188 283 760 234 0 8 0
188 291 763 237 0 -8 0
188 283 766 240 8 8 0
196 291 769 243 0 8 0
196 299 772 246 0 -8 0
196 291 775 249 8 8 0
204 299 778 252 0 8 0
204 307 781 255 0 0 1
204 307 781 255 0 0 1
204 307 781 255 0 0 1
204 307 781 255 0 0 1
204 307 781 255 0 0 1
