507 519 592 462 0 0 0
507 519 589 465 0 8 0
507 527 586 468 0 8 0
507 535 583 471 0 8 0
507 540 580 474 0 8 0
507 540 577 477 0 0 0
507 540 574 480 0 8 0
507 540 571 483 0 -8 0
507 532 568 486 0 0 0
507 532 565 489 0 8 0
507 540 562 492 0 8 0
507 540 559 495 0 -8 0
507 532 556 498 0 -8 0
507 524 553 501 0 -8 0
507 516 550 504 0 8 0
507 524 547 507 0 -8 0
507 516 544 510 0 -8 0
507 508 541 513 0 -8 0
507 500 538 516 0 8 0
507 508 535 519 0 0 0
507 508 532 522 0 -8 0
507 500 529 525 0 -8 0
507 492 526 528 0 0 0
507 492 523 531 0 -8 0
507 484 520 534 0 -8 0
507 476 517 537 0 -8 0
507 468 514 540 0 8 0
507 476 511 543 0 -8 0
507 468 508 546 0 -8 0
507 460 505 549 0 -8 0
507 452 502 552 0 0 0
507 452 499 555 0 0 0
507 452 496 558 8 8 0
515 460 493 561 0 -8 0
515 452 490 564 0 8 0
515 460 487 567 8 -8 0
523 452 484 570 0 0 0
523 452 481 573 0 -8 0
523 444 478 576 8 0 0
531 444 475 579 0 8 0
531 452 472 582 8 0 0
539 452 469 585 0 0 0
539 452 466 588 0 -8 0
539 444 463 591 8 -8 0
540 436 460 588 0 -8 0
540 428 457 585 0 0 0
540 428 454 582 0 -8 0
540 420 451 579 0 -8 0
540 412 448 576 0 0 0
540 412 445 573 0 0 0
540 412 442 570 0 0 0
540 412 439 567 0 8 0
540 420 436 564 0 -8 0
540 412 433 561 0 8 0
540 420 430 558 0 8 0
540 428 427 555 0 8 0
540 436 424 552 0 -8 0
540 428 421 549 0 8 0
540 436 418 546 0 0 0
540 436 415 543 0 0 0
540 436 412 540 0 -8 0
540 428 409 537 0 0 0
540 428 406 534 0 0 0
540 428 403 531 0 -8 0
540 420 400 528 0 -8 0
540 412 397 525 0 0 0
540 412 394 522 0 0 0
540 412 391 519 0 0 0
540 412 388 516 0 8 0
540 420 385 513 0 -8 0
540 412 382 510 0 0 0
540 412 379 507 0 8 0
540 420 376 504 0 -8 0
540 412 373 501 0 -8 0
540 404 370 498 0 8 0
540 412 367 495 0 0 0
540 412 364 492 0 -8 0
540 404 361 489 -8 0 0
532 404 358 486 0 0 0
532 404 355 483 0 0 0
532 404 352 480 -8 0 0
524 404 349 477 0 -8 0
524 396 346 474 0 8 0
524 404 343 471 -8 0 0
516 404 340 468 0 8 0
516 412 337 465 -8 0 0
508 412 334 462 0 0 0
508 412 331 459 0 -8 0
508 404 328 456 -8 -8 0
500 396 325 453 0 0 0
500 396 322 450 0 -8 0
500 388 319 447 -8 -8 0
492 380 316 444 0 0 0
492 380 313 441 -8 8 0
484 388 310 438 0 0 0
484 388 307 435 0 -8 0
484 380 304 432 -8 -8 0
476 372 301 429 0 -8 0
476 364 298 426 0 -8 0
476 356 295 423 -8 -8 0
468 348 292 420 0 0 0
468 348 289 417 -8 0 0
460 348 286 414 0 -8 0
460 340 283 411 0 -8 0
460 332 280 408 -8 -8 0
452 324 277 405 0 8 0
452 332 274 402 0 0 0
452 332 271 399 -8 0 0
444 332 268 396 0 0 0
444 332 265 393 -8 8 0
436 340 262 390 0 8 0
436 348 259 387 0 0 0
436 348 256 384 -8 0 0
428 348 253 381 0 -8 0
428 340 250 378 0 8 0
428 348 247 375 -8 -8 0
420 340 244 372 0 0 0
420 340 241 369 -8 0 0
412 340 238 366 0 8 0
412 348 235 363 0 -8 0
412 340 232 360 -8 -8 0
404 332 229 357 0 -8 0
404 324 226 354 0 -8 0
404 316 223 351 -8 -8 0
396 308 220 348 0 0 0
396 308 217 345 -8 0 0
388 308 214 342 0 -8 0
388 300 211 339 0 0 0
388 300 208 336 -8 0 0
380 300 205 333 0 0 0
380 300 202 330 0 8 0
380 308 199 327 -8 8 0
372 316 196 324 0 8 0
372 324 193 321 -8 -8 0
364 316 190 318 0 0 0
364 316 187 315 0 0 0
364 316 184 312 -8 -8 0
356 308 181 309 0 0 0
356 308 178 306 0 0 0
356 308 175 303 -8 -8 0
348 300 172 300 0 8 0
348 308 169 297 -8 -8 0
340 300 166 294 0 8 0
340 308 163 291 0 8 0
340 316 160 288 -8 0 0
332 316 157 285 0 0 0
332 316 154 282 0 0 0
332 316 151 279 -8 -8 0
324 308 148 276 0 -8 0
324 300 145 273 -8 0 0
316 300 142 270 0 -8 0
316 292 139 267 0 -8 0
316 284 136 264 -8 8 0
308 292 133 261 0 -8 0
308 284 130 258 0 -8 0
308 276 127 255 -8 -8 0
300 268 124 252 0 -8 0
300 260 121 249 -8 8 0
292 268 118 246 0 -8 0
292 260 115 243 0 0 0
292 260 112 240 -8 0 0
284 260 109 237 0 -8 0
284 252 106 234 0 0 0
284 252 103 231 -8 -8 0
276 244 100 228 0 -8 0
276 236 97 225 -8 -8 0
268 228 94 222 0 -8 0
268 220 91 219 0 8 0
268 228 88 216 -8 0 0
260 228 85 213 0 0 0
260 228 82 210 0 0 0
260 228 79 207 -8 8 0
252 236 76 204 0 0 0
252 236 73 201 -8 0 0
244 236 70 198 0 -8 0
244 228 67 195 0 0 0
244 228 64 192 -8 8 0
236 236 61 189 0 0 0
236 236 58 186 0 8 0
236 244 55 183 -8 8 0
228 252 52 180 0 8 0
228 260 49 177 -8 8 0
220 268 46 174 0 0 0
220 268 43 171 0 8 0
220 276 40 168 -8 0 0
212 276 37 165 0 0 0
212 276 34 162 0 8 0
212 284 31 159 -8 0 0
204 284 28 156 0 0 0
204 284 25 153 -8 0 0
196 284 22 150 0 8 0
196 292 19 147 0 -8 0
196 284 22 144 -8 0 0
188 284 25 141 0 -8 0
188 276 28 138 0 -8 0
188 268 31 135 -8 8 0
180 276 34 132 0 8 0
180 284 37 129 -8 0 0
172 284 40 126 0 8 0
172 292 43 123 0 0 0
172 292 46 120 -8 -8 0
164 284 49 117 0 0 0
164 284 52 114 0 -8 0
164 276 55 111 -8 -8 0
156 268 58 108 0 8 0
156 276 61 105 -8 0 0
148 276 64 102 0 -8 0
148 268 67 99 0 -8 0
148 260 70 96 -8 8 0
140 268 73 93 0 0 0
140 268 76 90 0 -8 0
140 260 79 87 -8 0 0
132 260 82 84 0 8 0
132 268 85 81 -8 8 0
124 276 88 78 0 0 0
124 276 91 75 0 8 0
124 284 94 72 -8 8 0
116 292 97 69 0 8 0
116 300 100 66 0 8 0
116 308 103 63 -8 -8 0
108 300 106 60 0 0 0
108 300 109 57 -8 8 0
100 308 112 54 0 0 0
100 308 115 51 0 -8 0
100 300 118 48 -8 0 0
92 300 121 45 0 -8 0
92 292 124 42 0 0 0
92 292 127 39 -8 -8 0
84 284 130 36 0 0 0
84 284 133 33 -8 0 0
76 284 136 30 0 0 0
76 284 139 27 0 0 0
76 284 142 24 -8 8 0
68 292 145 21 0 0 0
68 292 148 18 0 0 0
68 292 151 15 -8 8 0
60 300 154 12 0 -8 0
60 292 157 9 -8 0 0
60 292 160 12 0 8 0
60 300 163 15 0 0 0
60 300 166 18 0 -8 0
60 292 169 21 0 -8 0
60 284 172 24 0 8 0
60 292 175 27 0 -8 0
60 284 178 30 0 -8 0
60 276 181 33 0 -8 0
60 268 184 36 0 0 0
60 268 187 39 0 0 0
60 268 190 42 0 -8 0
60 260 193 45 0 8 0
60 268 196 48 0 8 0
60 276 199 51 0 -8 0
60 268 202 54 0 8 0
60 276 205 57 0 8 0
60 284 208 60 0 0 0
60 284 211 63 0 8 0
60 292 214 66 0 0 0
60 292 217 69 0 -8 0
60 284 220 72 0 -8 0
60 276 223 75 0 8 0
60 284 226 78 0 0 0
60 284 229 81 0 -8 0
60 276 232 84 0 -8 0
60 268 235 87 0 8 0
60 276 238 90 0 -8 0
60 268 241 93 0 -8 0
60 260 244 96 0 0 0
60 260 247 99 0 0 0
60 260 250 102 0 -8 0
60 252 253 105 0 -8 0
60 244 256 108 0 -8 0
60 236 259 111 8 -8 0
68 228 262 114 0 -8 0
68 220 265 117 0 0 0
68 220 268 120 8 -8 0
76 212 271 123 0 0 0
76 212 274 126 0 8 0
76 220 277 129 8 0 0
84 220 280 132 0 0 0
84 220 283 135 8 8 0
92 228 286 138 0 0 0
92 228 289 141 0 0 0
92 228 292 144 8 -8 0
100 220 295 147 0 -8 0
100 212 298 150 0 0 0
100 212 301 153 8 8 0
108 220 304 156 0 8 0
108 228 307 159 8 -8 0
116 220 310 162 0 0 0
116 220 313 165 0 8 0
116 228 316 168 8 -8 0
124 220 319 171 0 -8 0
124 212 322 174 0 -8 0
124 204 325 177 8 8 0
132 212 328 180 0 8 0
132 220 331 183 8 8 0
140 228 334 186 0 0 0
140 228 337 189 0 8 0
140 236 340 192 8 -8 0
148 228 343 195 0 0 0
148 228 346 198 0 0 0
148 228 349 201 8 8 0
156 236 352 204 0 8 0
156 244 355 207 8 -8 0
164 236 358 210 0 0 0
164 236 361 213 0 8 0
164 244 364 216 8 -8 0
172 236 367 219 0 8 0
172 244 370 222 0 8 0
172 252 373 225 8 8 0
180 260 376 228 0 -8 0
180 252 379 231 8 0 0
188 252 382 234 0 -8 0
188 244 385 237 0 -8 0
188 236 388 240 8 0 0
196 236 391 243 0 -8 0
196 228 394 246 0 0 0
196 228 397 249 8 0 0
204 228 400 252 0 -8 0
204 220 403 255 8 -8 0
212 212 406 258 0 -8 0
212 204 409 261 0 8 0
212 212 412 264 8 0 0
220 212 415 267 0 8 0
220 220 418 270 0 0 0
220 220 421 273 8 0 0
228 220 424 276 0 -8 0
228 212 427 279 8 -8 0
236 204 430 282 0 8 0
236 212 433 285 0 -8 0
236 204 436 288 8 0 0
244 204 439 291 0 8 0
244 212 442 294 0 8 0
244 220 445 297 8 0 0
252 220 448 300 0 -8 0
252 212 451 303 8 -8 0
260 204 454 306 0 0 0
260 204 457 309 0 8 0
260 212 460 312 8 -8 0
268 204 463 315 0 8 0
268 212 466 318 0 0 0
268 212 469 321 8 0 0
276 212 472 324 0 -8 0
276 204 475 327 8 -8 0
284 196 478 330 0 -8 0
284 188 481 333 0 8 0
284 196 484 336 8 0 0
292 196 487 339 0 8 0
292 204 490 342 0 0 0
292 204 493 345 8 -8 0
300 196 496 348 0 0 0
300 196 499 351 8 0 0
308 196 502 354 0 0 0
308 196 505 357 0 -8 0
308 188 508 360 8 -8 0
316 180 511 363 0 -8 0
316 172 514 366 0 0 0
316 172 517 369 8 -8 0
324 164 520 372 0 -8 0
324 156 523 375 8 0 0
332 156 526 378 0 -8 0
332 148 529 381 0 8 0
332 156 532 384 8 8 0
340 164 535 387 0 -8 0
340 156 538 390 0 -8 0
340 148 541 393 8 0 0
348 148 544 396 0 8 0
348 156 547 399 8 -8 0
356 148 550 402 0 0 0
356 148 553 405 0 0 0
356 148 556 408 8 -8 0
364 140 559 411 0 0 0
364 140 562 414 0 -8 0
364 132 565 417 8 0 0
372 132 568 420 0 8 0
372 140 571 423 8 -8 0
380 132 574 426 0 8 0
380 140 577 429 0 8 0
380 148 580 432 8 8 0
388 156 583 435 0 0 0
388 156 586 438 0 -8 0
388 148 589 441 8 8 0
396 156 592 444 0 0 0
396 156 595 447 8 8 0
404 164 598 450 0 0 0
404 164 601 453 0 0 0
404 164 604 456 8 8 0
412 172 607 459 0 0 0
412 172 610 462 0 -8 0
412 164 613 465 8 0 0
420 164 616 468 0 -8 0
420 156 619 471 8 8 0
428 164 622 474 0 8 0
428 172 625 477 0 0 0
428 172 628 480 8 8 0
436 180 631 483 0 8 0
436 188 634 486 0 8 0
436 196 637 489 8 8 0
444 204 640 492 0 8 0
444 212 643 495 8 8 0
452 220 646 498 0 -8 0
452 212 649 501 0 0 0
452 212 652 504 8 -8 0
460 204 655 507 0 -8 0
460 196 658 510 0 8 0
460 204 661 513 8 -8 0
468 196 664 516 0 8 0
468 204 667 519 8 -8 0
476 196 670 522 0 -8 0
476 188 673 525 0 0 0
476 188 676 528 8 0 0
484 188 679 531 0 -8 0
484 180 682 534 0 -8 0
484 172 685 537 8 8 0
492 180 688 540 0 0 0
492 180 691 543 8 8 0
500 188 694 546 0 0 0
500 188 697 549 0 8 0
500 196 700 552 8 -8 0
508 188 703 555 0 0 0
508 188 706 558 0 8 0
508 196 709 561 8 8 0
516 204 712 564 0 8 0
516 212 715 567 8 -8 0
524 204 718 570 0 8 0
524 212 721 573 0 8 0
524 220 724 576 8 8 0
532 228 727 579 0 -8 0
532 220 730 582 0 -8 0
532 212 733 585 8 8 0
540 220 736 588 0 -8 0
540 212 739 591 8 -8 0
540 204 742 588 0 0 0
540 204 745 585 0 0 0
540 204 748 582 0 0 0
540 204 751 579 0 8 0
540 212 754 576 0 -8 0
540 204 757 573 0 -8 0
540 196 760 570 0 8 0
540 204 763 567 0 -8 0
540 196 766 564 0 -8 0
540 188 769 561 0 -8 0
540 180 772 558 0 8 0
540 188 775 555 0 -8 0
540 180 778 552 0 8 0
540 188 781 549 0 0 1
540 188 781 549 0 0 1
540 188 781 549 0 0 1
540 188 781 549 0 0 1
540 188 781 549 0 0 1
