452 408 211 234 0 0 0
452 408 214 237 -8 8 0
444 416 217 240 -8 0 0
436 416 220 243 -8 8 0
428 424 223 246 -8 0 0
420 424 226 249 -8 -8 0
412 416 229 252 -8 8 0
404 424 232 255 -8 -8 0
396 416 235 258 -8 0 0
388 416 238 261 -8 -8 0
380 408 241 264 -8 -8 0
372 400 244 267 -8 -8 0
364 392 247 270 -8 0 0
356 392 250 273 -8 0 0
348 392 253 276 -8 -8 0
340 384 256 279 -8 0 0
332 384 259 282 0 0 0
332 384 262 285 0 0 0
332 384 265 288 0 0 0
332 384 268 291 0 8 0
332 392 271 294 0 8 0
332 400 274 297 0 0 0
332 400 277 300 0 8 0
332 408 280 303 0 0 0
332 408 283 306 0 8 0
332 416 286 309 0 -8 0
332 408 289 312 0 -8 0
332 400 292 315 0 8 0
332 408 295 318 0 -8 0
332 400 298 321 0 0 0
332 400 301 324 0 -8 0
332 392 304 327 0 -8 0
332 384 307 330 0 0 0
332 384 310 333 0 8 0
332 392 313 336 0 0 0
332 392 316 339 0 8 0
332 400 319 342 0 0 0
332 400 322 345 0 -8 0
332 392 325 348 0 8 0
332 400 328 351 0 0 0
332 400 331 354 0 8 0
332 408 334 357 0 -8 0
332 400 337 360 0 0 0
332 400 340 363 0 0 0
332 400 343 366 0 8 0
332 408 346 369 0 0 0
332 408 349 372 0 8 0
332 416 352 375 0 -8 0
332 408 355 378 0 0 0
332 408 358 381 0 8 0
332 416 361 384 8 -8 0
340 408 364 387 0 -8 0
340 400 367 390 0 0 0
340 400 370 393 8 -8 0
348 392 373 396 0 0 0
348 392 376 399 8 8 0
356 400 379 402 0 -8 0
356 392 382 405 0 -8 0
356 384 385 408 8 0 0
364 384 388 411 0 -8 0
364 376 391 414 0 -8 0
364 368 394 417 8 -8 0
372 360 397 420 0 8 0
372 368 400 423 8 8 0
380 376 403 426 0 -8 0
380 368 406 429 0 8 0
380 376 409 432 8 0 0
388 376 412 435 0 -8 0
388 368 415 438 0 8 0
388 376 418 441 8 -8 0
396 368 421 444 0 0 0
396 368 424 447 8 8 0
404 376 427 450 0 -8 0
404 368 430 453 0 0 0
404 368 433 456 8 0 0
412 368 436 459 0 -8 0
412 360 439 462 0 0 0
412 360 442 465 8 -8 0
420 352 445 468 0 8 0
420 360 448 471 8 0 0
428 360 451 474 0 0 0
428 360 454 477 0 -8 0
428 352 457 480 8 -8 0
436 344 460 483 0 0 0
436 344 463 486 0 -8 0
436 336 466 489 8 8 0
444 344 469 492 0 -8 0
444 336 472 495 8 -8 0
452 328 475 498 0 8 0
452 336 478 501 0 -8 0
452 328 481 504 8 -8 0
460 320 484 507 0 8 0
460 328 487 510 0 8 0
460 336 490 513 8 8 0
468 344 493 516 0 0 0
468 344 496 519 8 -8 0
476 336 499 522 0 0 0
476 336 502 525 0 0 0
476 336 505 528 8 0 0
484 336 508 531 0 0 0
484 336 511 534 0 -8 0
484 328 514 537 8 8 0
492 336 517 540 0 -8 0
492 328 520 543 8 -8 0
500 320 523 546 0 0 0
500 320 526 549 0 8 0
500 328 529 552 8 0 0
508 328 532 555 0 -8 0
508 320 535 558 0 8 0
508 328 538 561 8 0 0
516 328 541 564 0 8 0
516 336 544 567 8 8 0
524 344 547 570 0 8 0
524 352 550 573 0 -8 0
524 344 553 576 8 -8 0
532 336 556 579 0 8 0
532 344 559 582 0 8 0
532 352 562 585 8 0 0
540 352 565 588 0 -8 0
540 344 568 591 8 8 0
540 352 571 588 0 0 0
540 352 574 585 0 0 0
540 352 577 582 0 0 0
540 352 580 579 0 -8 0
540 344 583 576 0 -8 0
540 336 586 573 0 0 0
540 336 589 570 0 0 0
540 336 592 567 0 8 0
540 344 595 564 0 -8 0
540 336 598 561 0 8 0
540 344 601 558 0 8 0
540 352 604 555 0 0 0
540 352 607 552 0 -8 0
540 344 610 549 0 -8 0
540 336 613 546 0 8 0
540 344 616 543 0 8 0
540 352 619 540 0 0 0
540 352 622 537 0 -8 0
540 344 625 534 0 -8 0
540 336 628 531 0 0 0
540 336 631 528 0 -8 0
540 328 634 525 0 0 0
540 328 637 522 0 0 0
540 328 640 519 0 0 0
540 328 643 516 0 -8 0
540 320 646 513 0 8 0
540 328 649 510 0 0 0
540 328 652 507 0 8 0
540 336 655 504 0 0 0
540 336 658 501 0 -8 0
540 328 661 498 0 8 0
540 336 664 495 0 8 0
540 344 667 492 0 0 0
540 344 670 489 -8 8 0
532 352 673 486 0 8 0
532 360 676 483 0 8 0
532 368 679 480 -8 -8 0
524 360 682 477 0 8 0
524 368 685 474 0 8 0
524 376 688 471 -8 8 0
516 384 691 468 0 -8 0
516 376 694 465 -8 0 0
508 376 697 462 0 -8 0
508 368 700 459 0 0 0
508 368 703 456 -8 -8 0
500 360 706 453 0 0 0
500 360 709 450 0 -8 0
500 352 712 447 -8 0 0
492 352 715 444 0 -8 0
492 344 718 441 -8 0 0
484 344 721 438 0 -8 0
484 336 724 435 0 8 0
484 344 727 432 -8 0 0
476 344 730 429 0 8 0
476 352 733 426 0 -8 0
476 344 736 423 -8 -8 0
468 336 739 420 0 8 0
468 344 742 417 -8 -8 0
460 336 745 414 0 -8 0
460 328 748 411 0 0 0
460 328 751 408 -8 0 0
452 328 754 405 0 -8 0
452 320 757 402 0 0 0
452 320 760 399 -8 0 0
444 320 763 396 0 -8 0
444 312 766 393 -8 8 0
436 320 769 390 0 0 0
436 320 772 387 0 -8 0
436 312 775 384 -8 8 0
428 320 778 381 0 8 0
428 328 781 378 0 -8 0
428 320 778 375 -8 -8 0
420 312 775 372 0 -8 0
420 304 772 369 -8 -8 0
412 296 769 366 0 8 0
412 304 766 363 0 0 0
412 304 763 360 -8 0 0
404 304 760 357 0 8 0
404 312 757 354 0 0 0
404 312 754 351 -8 0 0
396 312 751 348 0 0 0
396 312 748 345 -8 -8 0
388 304 745 342 0 0 0
388 304 742 339 0 -8 0
388 296 739 336 -8 0 0
380 296 736 333 0 8 0
380 304 733 330 0 8 0
380 312 730 327 -8 8 0
372 320 727 324 0 8 0
372 328 724 321 -8 8 0
364 336 721 318 0 0 0
364 336 718 315 0 8 0
364 344 715 312 -8 -8 0
356 336 712 309 0 -8 0
356 328 709 306 0 -8 0
356 320 706 303 -8 0 0
348 320 703 300 0 0 0
348 320 700 297 -8 8 0
340 328 697 294 0 0 0
340 328 694 291 0 8 0
340 336 691 288 -8 -8 0
332 328 688 285 0 8 0
332 336 685 282 0 0 0
332 336 682 279 -8 0 0
324 336 679 276 0 0 0
324 336 676 273 -8 0 0
316 336 673 270 0 0 0
316 336 670 267 0 -8 0
316 328 667 264 -8 0 0
308 328 664 261 0 -8 0
308 320 661 258 0 8 0
308 328 658 255 -8 8 0
300 336 655 252 0 -8 0
300 328 652 249 -8 -8 0
292 320 649 246 0 -8 0
292 312 646 243 0 0 0
292 312 643 240 -8 8 0
284 320 640 237 0 -8 0
284 312 637 234 0 8 0
284 320 634 231 -8 0 0
276 320 631 228 0 0 0
276 320 628 225 -8 -8 0
268 312 625 222 0 0 0
268 312 622 219 0 -8 0
268 304 619 216 -8 0 0
260 304 616 213 0 0 0
260 304 613 210 0 0 0
260 304 610 207 -8 8 0
252 312 607 204 0 0 0
252 312 604 201 -8 -8 0
244 304 601 198 0 -8 0
244 296 598 195 0 0 0
244 296 595 192 -8 -8 0
236 288 592 189 0 8 0
236 296 589 186 0 8 0
236 304 586 183 -8 8 0
228 312 583 180 0 -8 0
228 304 580 177 -8 8 0
220 312 577 174 0 -8 0
220 304 574 171 0 8 0
220 312 571 168 -8 8 0
212 320 568 165 0 0 0
212 320 565 162 0 8 0
212 328 562 159 -8 8 0
204 336 559 156 0 -8 0
204 328 556 153 -8 8 0
196 336 553 150 0 8 0
196 344 550 147 0 0 0
196 344 547 144 -8 0 0
188 344 544 141 0 0 0
188 344 541 138 0 0 0
188 344 538 135 -8 -8 0
180 336 535 132 0 -8 0
180 328 532 129 -8 0 0
172 328 529 126 0 8 0
172 336 526 123 0 8 0
172 344 523 120 -8 -8 0
164 336 520 117 0 0 0
164 336 517 114 0 0 0
164 336 514 111 -8 0 0
156 336 511 108 0 -8 0
156 328 508 105 -8 -8 0
148 320 505 102 0 -8 0
148 312 502 99 0 0 0
148 312 499 96 -8 8 0
140 320 496 93 0 -8 0
140 312 493 90 0 -8 0
140 304 490 87 -8 0 0
132 304 487 84 0 0 0
132 304 484 81 -8 -8 0
124 296 481 78 0 -8 0
124 288 478 75 0 0 0
124 288 475 72 -8 8 0
116 296 472 69 0 8 0
116 304 469 66 0 0 0
116 304 466 63 -8 8 0
108 312 463 60 0 -8 0
108 304 460 57 -8 -8 0
100 296 457 54 0 -8 0
100 288 454 51 0 -8 0
100 280 451 48 -8 -8 0
92 272 448 45 0 -8 0
92 264 445 42 0 8 0
92 272 442 39 -8 -8 0
84 264 439 36 0 8 0
84 272 436 33 -8 -8 0
76 264 433 30 0 -8 0
76 256 430 27 0 -8 0
76 248 427 24 -8 8 0
68 256 424 21 0 -8 0
68 248 421 18 0 8 0
68 256 418 15 -8 8 0
60 264 415 12 0 0 0
60 264 412 9 -8 8 0
60 272 409 12 0 -8 0
60 264 406 15 0 0 0
60 264 403 18 0 0 0
60 264 400 21 0 0 0
60 264 397 24 0 8 0
60 272 394 27 0 0 0
60 272 391 30 0 -8 0
60 264 388 33 0 8 0
60 272 385 36 0 0 0
60 272 382 39 0 8 0
60 280 379 42 0 8 0
60 288 376 45 0 0 0
60 288 373 48 0 8 0
60 296 370 51 0 0 0
60 296 367 54 0 0 0
60 296 364 57 0 -8 0
60 288 361 60 0 8 0
60 296 358 63 0 0 0
60 296 355 66 0 8 0
60 304 352 69 0 8 0
60 312 349 72 0 8 0
60 320 346 75 0 -8 0
60 312 343 78 0 -8 0
60 304 340 81 0 -8 0
60 296 337 84 0 -8 0
60 288 334 87 0 8 0
60 296 331 90 0 0 0
60 296 328 93 0 0 0
60 296 325 96 0 8 0
60 304 322 99 0 8 0
60 312 319 102 0 8 0
60 320 316 105 0 -8 0
60 312 313 108 0 8 0
60 320 310 111 8 -8 0
68 312 307 114 0 -8 0
68 304 304 117 0 8 0
68 312 301 120 8 8 0
76 320 298 123 0 0 0
76 320 295 126 0 -8 0
76 312 292 129 8 8 0
84 320 289 132 0 0 0
84 320 286 135 8 8 0
92 328 283 138 0 0 0
92 328 280 141 0 8 0
92 336 277 144 8 8 0
100 344 274 147 0 -8 0
100 336 271 150 0 0 0
100 336 268 153 8 8 0
108 344 265 156 0 8 0
108 352 262 159 8 0 0
116 352 259 162 0 0 0
116 352 256 165 0 0 0
116 352 253 168 8 8 0
124 360 250 171 0 -8 0
124 352 247 174 0 8 0
124 360 244 177 8 8 0
132 368 241 180 0 8 0
132 376 238 183 8 -8 0
140 368 235 186 0 8 0
140 376 232 189 0 8 0
140 384 229 192 8 -8 0
148 376 226 195 0 8 0
148 384 223 198 0 -8 0
148 376 220 201 8 -8 0
156 368 217 204 0 8 0
156 376 214 207 8 -8 0
164 368 211 210 0 -8 0
164 360 208 213 0 8 0
164 368 205 216 8 -8 0
172 360 202 219 0 -8 0
172 352 199 222 0 -8 0
172 344 196 225 8 0 0
180 344 193 228 0 0 0
180 344 190 231 8 -8 0
188 336 187 234 0 8 0
188 344 184 237 0 0 0
188 344 181 240 8 -8 0
196 336 178 243 0 -8 0
196 328 175 246 0 -8 0
196 320 172 249 8 0 0
204 320 169 252 0 -8 0
204 312 166 255 8 8 0
212 320 163 258 0 8 0
212 328 160 261 0 8 0
212 336 157 264 8 0 0
220 336 154 267 0 8 0
220 344 151 270 0 8 0
220 352 148 273 8 8 0
228 360 145 276 0 0 0
228 360 142 279 8 -8 0
236 352 139 282 0 -8 0
236 344 136 285 0 8 0
236 352 133 288 8 -8 0
244 344 130 291 0 -8 0
244 336 127 294 0 -8 0
244 328 124 297 8 -8 0
252 320 121 300 0 -8 0
252 312 118 303 8 -8 0
260 304 115 306 0 8 0
260 312 112 309 0 8 0
260 320 109 312 8 8 0
268 328 106 315 0 0 0
268 328 103 318 0 -8 0
268 320 100 321 8 -8 0
276 312 97 324 0 8 0
276 320 94 327 8 0 0
284 320 91 330 0 0 0
284 320 88 333 0 8 0
284 328 85 336 8 0 0
292 328 82 339 0 8 0
292 336 79 342 0 0 0
292 336 76 345 8 8 0
300 344 73 348 0 -8 0
300 336 70 351 8 8 0
308 344 67 354 0 8 0
308 352 64 357 0 0 0
308 352 61 360 8 0 0
316 352 58 363 0 0 0
316 352 55 366 0 0 0
316 352 52 369 8 0 0
324 352 49 372 0 8 0
324 360 46 375 8 0 0
332 360 43 378 0 8 0
332 368 40 381 0 0 0
332 368 37 384 8 0 0
340 368 34 387 0 8 0
340 376 31 390 0 0 0
340 376 28 393 8 -8 0
348 368 25 396 0 8 0
348 376 22 399 8 0 0
356 376 19 402 0 -8 0
356 368 22 405 0 -8 0
356 360 25 408 8 -8 0
364 352 28 411 0 0 0
364 352 31 414 0 8 0
364 360 34 417 8 0 0
372 360 37 420 0 8 0
372 368 40 423 8 0 0
380 368 43 426 0 0 0
380 368 46 429 0 -8 0
380 360 49 432 8 8 0
388 368 52 435 0 8 0
388 376 55 438 0 0 0
388 376 58 441 8 0 0
396 376 61 444 0 8 0
396 384 64 447 8 0 0
404 384 67 450 0 -8 0
404 376 70 453 0 8 0
404 384 73 456 8 0 0
412 384 76 459 0 0 0
412 384 79 462 0 8 0
412 392 82 465 8 0 0
420 392 85 468 0 0 0
420 392 88 471 8 -8 0
428 384 91 474 0 -8 0
428 376 94 477 0 0 0
428 376 97 480 8 8 0
436 384 100 483 0 8 0
436 392 103 486 0 -8 0
436 384 106 489 8 8 0
444 392 109 492 0 0 0
444 392 112 495 8 0 0
452 392 115 498 0 8 0
452 400 118 501 0 -8 0
452 392 121 504 8 8 0
460 400 124 507 0 -8 0
460 392 127 510 0 8 0
460 400 130 513 8 -8 0
468 392 133 516 0 0 0
468 392 136 519 8 0 0
476 392 139 522 0 -8 0
476 384 142 525 0 0 0
476 384 145 528 8 0 0
484 384 148 531 0 0 0
484 384 151 534 0 -8 0
484 376 154 537 8 0 0
492 376 157 540 0 -8 0
492 368 160 543 8 8 0
500 376 163 546 0 -8 0
500 368 166 549 0 8 0
500 376 169 552 8 0 0
508 376 172 555 0 0 0
508 376 175 558 0 0 0
508 376 178 561 8 0 0
516 376 181 564 0 8 0
516 384 184 567 8 0 0
524 384 187 570 0 -8 0
524 376 190 573 0 8 0
524 384 193 576 8 0 0
532 384 196 579 0 8 0
532 392 199 582 0 0 0
532 392 202 585 8 -8 0
540 384 205 588 0 -8 0
540 376 208 591 8 -8 0
540 368 211 588 0 0 0
540 368 214 585 0 0 0
540 368 217 582 0 8 0
540 376 220 579 0 8 0
540 384 223 576 0 0 0
540 384 226 573 0 0 0
540 384 229 570 0 -8 0
540 376 232 567 0 0 0
540 376 235 564 0 8 0
540 384 238 561 0 8 0
540 392 241 558 0 8 0
540 400 244 555 0 0 0
540 400 247 552 0 0 0
540 400 250 549 0 8 0
540 408 253 546 0 8 0
540 416 256 543 0 8 0
540 424 259 540 0 8 0
540 432 262 537 0 -8 0
540 424 265 534 0 0 0
540 424 268 531 0 8 0
540 432 271 528 0 8 0
540 440 274 525 0 -8 0
540 432 277 522 0 0 0
540 432 280 519 0 8 0
540 440 283 516 0 0 0
540 440 286 513 0 -8 0
540 432 289 510 0 0 0
540 432 292 507 0 8 0
540 440 295 504 0 8 0
540 448 298 501 0 0 0
540 448 301 498 0 8 0
540 456 304 495 0 -8 0
540 448 307 492 0 -8 0
540 440 310 489 -8 -8 0
532 432 313 486 0 0 0
532 432 316 483 0 0 0
532 432 319 480 -8 -8 0
524 424 322 477 0 -8 0
524 416 325 474 0 8 0
524 424 328 471 -8 0 0
516 424 331 468 0 8 0
516 432 334 465 -8 8 0
508 440 337 462 0 -8 0
508 432 340 459 0 8 0
508 440 343 456 -8 -8 0
500 432 346 453 0 8 0
500 440 349 450 0 0 0
500 440 352 447 -8 8 0
492 448 355 444 0 0 0
492 448 358 441 -8 0 0
484 448 361 438 0 -8 0
484 440 364 435 0 0 0
484 440 367 432 -8 -8 0
476 432 370 429 0 8 0
476 440 373 426 0 -8 0
476 432 376 423 -8 0 0
468 432 379 420 0 0 0
468 432 382 417 -8 0 0
460 432 385 414 0 8 0
460 440 388 411 0 8 0
460 448 391 408 -8 -8 0
452 440 394 405 0 0 0
452 440 397 402 0 -8 0
452 432 400 399 -8 0 0
444 432 403 396 0 8 0
444 440 406 393 -8 0 0
436 440 409 390 0 0 0
436 440 412 387 0 -8 0
436 432 415 384 -8 8 0
428 440 418 381 0 0 0
428 440 421 378 0 0 0
428 440 424 375 -8 8 0
420 448 427 372 0 8 0
420 456 430 369 -8 8 0
412 464 433 366 0 8 0
412 472 436 363 0 0 0
412 472 439 360 -8 0 0
404 472 442 357 0 0 0
404 472 445 354 0 -8 0
404 464 448 351 -8 8 0
396 472 451 348 0 0 0
396 472 454 345 -8 -8 0
388 464 457 342 0 8 0
388 472 460 339 0 -8 0
388 464 463 336 -8 8 0
380 472 466 333 0 8 0
380 480 469 330 0 0 0
380 480 472 327 -8 8 0
372 488 475 324 0 -8 0
372 480 478 321 -8 -8 0
364 472 481 318 0 0 0
364 472 484 315 0 0 0
364 472 487 312 -8 0 0
356 472 490 309 0 0 0
356 472 493 306 0 -8 0
356 464 496 303 -8 -8 0
348 456 499 300 0 0 0
348 456 502 297 -8 0 0
340 456 505 294 0 0 0
340 456 508 291 0 0 0
340 456 511 288 -8 0 0
332 456 514 285 0 0 0
332 456 517 282 0 -8 0
332 448 520 279 -8 0 0
324 448 523 276 0 0 0
324 448 526 273 -8 8 0
316 456 529 270 0 8 0
316 464 532 267 0 0 0
316 464 535 264 -8 8 0
308 472 538 261 0 8 0
308 480 541 258 0 -8 0
308 472 544 255 -8 0 0
300 472 547 252 0 8 0
300 480 550 249 -8 8 0
292 488 553 246 0 -8 0
292 480 556 243 0 8 0
292 488 559 240 -8 -8 0
284 480 562 237 0 0 0
284 480 565 234 0 -8 0
284 472 568 231 -8 8 0
276 480 571 228 0 0 0
276 480 574 225 -8 -8 0
268 472 577 222 0 8 0
268 480 580 219 0 0 0
268 480 583 216 -8 -8 0
260 472 586 213 0 0 0
260 472 589 210 0 0 0
260 472 592 207 -8 8 0
252 480 595 204 0 -8 0
252 472 598 201 -8 8 0
244 480 601 198 0 0 0
244 480 604 195 0 8 0
244 488 607 192 -8 0 0
236 488 610 189 0 0 0
236 488 613 186 0 -8 0
236 480 616 183 -8 8 0
228 488 619 180 0 8 0
228 496 622 177 -8 8 0
220 504 625 174 0 -8 0
220 496 628 171 0 8 0
220 504 631 168 -8 0 0
212 504 634 165 0 -8 0
212 496 637 162 0 8 0
212 504 640 159 -8 8 0
204 512 643 156 0 8 0
204 520 646 153 -8 8 0
196 528 649 150 0 8 0
196 536 652 147 0 -8 0
196 528 655 144 -8 0 0
188 528 658 141 0 0 0
188 528 661 138 0 8 0
188 536 664 135 -8 -8 0
180 528 667 132 0 8 0
180 536 670 129 -8 8 0
172 540 673 126 0 8 0
172 540 676 123 0 8 0
172 540 679 120 -8 0 0
164 540 682 117 0 8 0
164 540 685 114 0 -8 0
164 532 688 111 -8 0 0
156 532 691 108 0 0 0
156 532 694 105 -8 0 0
148 532 697 102 0 -8 0
148 524 700 99 0 0 0
148 524 703 96 -8 -8 0
140 516 706 93 0 -8 0
140 508 709 90 0 -8 0
140 500 712 87 -8 8 0
132 508 715 84 0 0 0
132 508 718 81 -8 -8 0
124 500 721 78 0 -8 0
124 492 724 75 0 0 0
124 492 727 72 -8 8 0
116 500 730 69 0 -8 0
116 492 733 66 0 -8 0
116 484 736 63 -8 8 0
108 492 739 60 0 8 0
108 500 742 57 -8 8 0
100 508 745 54 0 8 0
100 516 748 51 0 0 0
100 516 751 48 -8 -8 0
92 508 754 45 0 0 0
92 508 757 42 0 8 0
92 516 760 39 -8 -8 0
84 508 763 36 0 -8 0
84 500 766 33 -8 0 0
76 500 769 30 0 0 0
76 500 772 27 0 -8 0
76 492 775 24 -8 8 0
68 500 778 21 0 -8 0
68 492 781 18 0 0 1
68 492 781 18 0 0 1
68 492 781 18 0 0 1
68 492 781 18 0 0 1
68 492 781 18 0 0 1
