141 463 277 240 0 0 0
141 463 280 237 8 -8 0
149 455 283 234 8 -8 0
157 447 286 231 8 -8 0
165 439 289 228 8 8 0
173 447 292 225 8 8 0
181 455 295 222 0 8 0
181 463 298 219 0 8 0
181 471 301 216 0 8 0
181 479 304 213 0 8 0
181 487 307 210 0 0 0
181 487 310 207 0 -8 0
181 479 313 204 0 8 0
181 487 316 201 0 -8 0
181 479 319 198 0 0 0
181 479 322 195 0 8 0
181 487 325 192 0 8 0
181 495 328 189 0 8 0
181 503 331 186 0 0 0
181 503 334 183 0 8 0
181 511 337 180 0 8 0
181 519 340 177 0 8 0
181 527 343 174 0 -8 0
181 519 346 171 0 0 0
181 519 349 168 0 8 0
181 527 352 165 0 0 0
181 527 355 162 0 -8 0
181 519 358 159 0 8 0
181 527 361 156 0 -8 0
181 519 364 153 0 8 0
181 527 367 150 0 8 0
181 535 370 147 0 0 0
181 535 373 144 0 -8 0
181 527 376 141 0 0 0
181 527 379 138 0 -8 0
181 519 382 135 0 0 0
181 519 385 132 0 0 0
181 519 388 129 -8 0 0
173 519 391 126 0 -8 0
173 511 394 123 0 -8 0
173 503 397 120 -8 -8 0
165 495 400 117 0 0 0
165 495 403 114 -8 0 0
157 495 406 111 0 0 0
157 495 409 108 0 0 0
157 495 412 105 -8 0 0
149 495 415 102 0 8 0
149 503 418 99 0 -8 0
149 495 421 96 -8 8 0
141 503 424 93 0 -8 0
141 495 427 90 -8 8 0
133 503 430 87 0 0 0
133 503 433 84 0 8 0
133 511 436 81 -8 -8 0
125 503 439 78 0 -8 0
125 495 442 75 0 8 0
125 503 445 72 -8 0 0
117 503 448 69 0 0 0
117 503 451 66 -8 8 0
109 511 454 63 0 -8 0
109 503 457 60 0 8 0
109 511 460 57 -8 -8 0
101 503 463 54 0 8 0
101 511 466 51 0 8 0
101 519 469 48 -8 -8 0
93 511 472 45 0 -8 0
93 503 475 42 -8 0 0
85 503 478 39 0 -8 0
85 495 481 36 0 8 0
85 503 484 33 -8 8 0
77 511 487 30 0 -8 0
77 503 490 27 0 -8 0
77 495 493 24 -8 -8 0
69 487 496 21 0 -8 0
69 479 499 18 -8 8 0
61 487 502 15 0 -8 0
61 479 505 12 0 8 0
61 487 508 9 -8 -8 0
60 479 511 12 0 -8 0
60 471 514 15 0 -8 0
60 463 517 18 0 8 0
60 471 520 21 0 8 0
60 479 523 24 0 -8 0
60 471 526 27 0 -8 0
60 463 529 30 0 0 0
60 463 532 33 0 -8 0
60 455 535 36 0 8 0
60 463 538 39 0 0 0
60 463 541 42 0 0 0
60 463 544 45 0 0 0
60 463 547 48 0 -8 0
60 455 550 51 0 -8 0
60 447 553 54 0 -8 0
60 439 556 57 0 -8 0
60 431 559 60 0 8 0
60 439 562 63 0 8 0
60 447 565 66 0 8 0
60 455 568 69 0 0 0
60 455 571 72 0 0 0
60 455 574 75 0 8 0
60 463 577 78 0 0 0
60 463 580 81 0 -8 0
60 455 583 84 0 0 0
60 455 586 87 0 0 0
60 455 589 90 0 0 0
60 455 592 93 0 -8 0
60 447 595 96 0 0 0
60 447 598 99 0 8 0
60 455 601 102 0 8 0
60 463 604 105 0 -8 0
60 455 607 108 0 0 0
60 455 610 111 8 -8 0
68 447 613 114 0 -8 0
68 439 616 117 0 -8 0
68 431 619 120 8 0 0
76 431 622 123 0 -8 0
76 423 625 126 0 0 0
76 423 628 129 8 8 0
84 431 631 132 0 -8 0
84 423 634 135 8 -8 0
92 415 637 138 0 -8 0
92 407 640 141 0 0 0
92 407 643 144 8 -8 0
100 399 646 147 0 0 0
100 399 649 150 0 8 0
100 407 652 153 8 -8 0
108 399 655 156 0 -8 0
108 391 658 159 8 8 0
116 399 661 162 0 0 0
116 399 664 165 0 0 0
116 399 667 168 8 -8 0
124 391 670 171 0 8 0
124 399 673 174 0 8 0
124 407 676 177 8 0 0
132 407 679 180 0 -8 0
132 399 682 183 8 -8 0
140 391 685 186 0 0 0
140 391 688 189 0 -8 0
140 383 691 192 8 0 0
148 383 694 195 0 8 0
148 391 697 198 0 0 0
148 391 700 201 8 8 0
156 399 703 204 0 0 0
156 399 706 207 8 -8 0
164 391 709 210 0 0 0
164 391 712 213 0 8 0
164 399 715 216 8 8 0
172 407 718 219 0 8 0
172 415 721 222 0 -8 0
172 407 724 225 8 8 0
180 415 727 228 0 -8 0
180 407 730 231 8 -8 0
188 399 733 234 0 -8 0
188 391 736 237 0 0 0
188 391 739 240 8 8 0
196 399 742 243 0 0 0
196 399 745 246 0 0 0
196 399 748 249 8 0 0
204 399 751 252 0 8 0
204 407 754 255 8 8 0
212 415 757 258 0 0 0
212 415 760 261 0 8 0
212 423 763 264 8 0 0
220 423 766 267 0 -8 0
220 415 769 270 0 0 0
220 415 772 273 8 -8 0
228 407 775 276 0 0 0
228 407 778 279 8 8 0
236 415 781 282 0 0 1
236 415 781 282 0 0 1
236 415 781 282 0 0 1
236 415 781 282 0 0 1
236 415 781 282 0 0 1
