407 284 682 408 0 0 0
407 284 679 405 0 8 0
407 292 676 402 0 8 0
407 300 673 399 0 0 0
407 300 670 396 0 8 0
407 308 667 393 0 8 0
407 316 664 390 0 -8 0
407 308 661 387 0 0 0
407 308 658 384 0 8 0
407 316 655 381 0 0 0
407 316 652 378 0 -8 0
407 308 649 375 0 0 0
407 308 646 372 0 0 0
407 308 643 369 0 0 0
407 308 640 366 0 0 0
407 308 637 363 0 0 0
407 308 634 360 0 8 0
407 316 631 357 0 0 0
407 316 628 354 -8 -8 0
399 308 625 351 0 -8 0
399 300 622 348 -8 8 0
391 308 619 345 0 0 0
391 308 616 342 0 0 0
391 308 613 339 -8 -8 0
383 300 610 336 0 0 0
383 300 607 333 0 8 0
383 308 604 330 -8 8 0
375 316 601 327 0 8 0
375 324 598 324 -8 -8 0
367 316 595 321 0 8 0
367 324 592 318 0 8 0
367 332 589 315 -8 8 0
359 340 586 312 0 8 0
359 348 583 309 0 -8 0
359 340 580 306 -8 8 0
351 348 577 303 0 -8 0
351 340 574 300 -8 0 0
343 340 571 297 0 0 0
343 340 568 294 0 -8 0
343 332 565 291 -8 -8 0
335 324 562 288 0 8 0
335 332 559 285 0 0 0
335 332 556 282 -8 0 0
327 332 553 279 0 8 0
327 340 550 276 -8 0 0
319 340 547 273 0 8 0
319 348 544 270 0 -8 0
319 340 541 267 -8 0 0
311 340 538 264 0 0 0
311 340 535 261 0 -8 0
311 332 532 258 -8 8 0
303 340 529 255 0 -8 0
303 332 526 252 -8 -8 0
295 324 523 249 0 8 0
295 332 520 246 0 8 0
295 340 517 243 -8 8 0
287 348 514 240 0 8 0
287 356 511 237 0 0 0
287 356 508 234 -8 -8 0
279 348 505 231 0 8 0
279 356 502 228 -8 -8 0
271 348 499 225 0 0 0
271 348 496 222 0 0 0
271 348 493 219 -8 8 0
263 356 490 216 0 8 0
263 364 487 213 0 8 0
263 372 484 210 -8 0 0
255 372 481 207 0 8 0
255 380 478 204 -8 0 0
247 380 475 201 0 0 0
247 380 472 198 0 0 0
247 380 469 195 -8 -8 0
239 372 466 192 0 -8 0
239 364 463 189 0 -8 0
239 356 460 186 -8 8 0
231 364 457 183 0 -8 0
231 356 454 180 -8 0 0
223 356 451 177 0 -8 0
223 348 448 174 0 8 0
223 356 445 171 -8 -8 0
215 348 442 168 0 8 0
215 356 439 165 0 -8 0
215 348 436 162 -8 8 0
207 356 433 159 0 0 0
207 356 430 156 -8 0 0
199 356 427 153 0 0 0
199 356 424 150 0 0 0
199 356 421 147 -8 0 0
191 356 418 144 0 8 0
191 364 415 141 0 8 0
191 372 412 138 -8 8 0
183 380 409 135 0 0 0
183 380 406 132 -8 8 0
175 388 403 129 0 0 0
175 388 400 126 0 -8 0
175 380 397 123 -8 -8 0
167 372 394 120 0 0 0
167 372 391 117 0 0 0
167 372 388 114 -8 -8 0
159 364 385 111 0 0 0
159 364 382 108 -8 -8 0
151 356 379 105 0 8 0
151 364 376 102 0 8 0
151 372 373 99 -8 -8 0
143 364 370 96 0 0 0
143 364 367 93 0 8 0
143 372 364 90 -8 8 0
135 380 361 87 0 0 0
135 380 358 84 -8 8 0
127 388 355 81 0 0 0
127 388 352 78 0 8 0
127 396 349 75 -8 8 0
119 404 346 72 0 -8 0
119 396 343 69 0 -8 0
119 388 340 66 -8 -8 0
111 380 337 63 0 0 0
111 380 334 60 -8 -8 0
103 372 331 57 0 -8 0
103 364 328 54 0 0 0
103 364 325 51 -8 -8 0
95 356 322 48 0 8 0
95 364 319 45 0 -8 0
95 356 316 42 -8 -8 0
87 348 313 39 0 8 0
87 356 310 36 -8 0 0
79 356 307 33 0 -8 0
79 348 304 30 0 0 0
79 348 301 27 -8 8 0
71 356 298 24 0 8 0
71 364 295 21 0 8 0
71 372 292 18 -8 8 0
63 380 289 15 0 8 0
63 388 286 12 -8 8 0
60 396 283 9 -8 -8 0
60 388 280 12 0 -8 0
60 380 277 15 0 -8 0
60 372 274 18 0 -8 0
60 364 271 21 0 -8 0
60 356 268 24 0 8 0
60 364 265 27 0 8 0
60 372 262 30 0 -8 0
60 364 259 33 0 8 0
60 372 256 36 0 8 0
60 380 253 39 0 0 0
60 380 250 42 0 0 0
60 380 247 45 0 8 0
60 388 244 48 0 -8 0
60 380 241 51 0 0 0
60 380 238 54 0 0 0
60 380 235 57 0 8 0
60 388 232 60 0 -8 0
60 380 229 63 0 -8 0
60 372 226 66 0 0 0
60 372 223 69 0 8 0
60 380 220 72 0 -8 0
60 372 217 75 0 0 0
60 372 214 78 0 -8 0
60 364 211 81 0 0 0
60 364 208 84 0 0 0
60 364 205 87 0 0 0
60 364 202 90 0 0 0
60 364 199 93 0 8 0
60 372 196 96 0 0 0
60 372 193 99 0 -8 0
60 364 190 102 0 0 0
60 364 187 105 0 0 0
60 364 184 108 0 8 0
60 372 181 111 8 0 0
68 372 178 114 0 0 0
68 372 175 117 0 -8 0
68 364 172 120 8 8 0
76 372 169 123 0 8 0
76 380 166 126 0 0 0
76 380 163 129 8 -8 0
84 372 160 132 0 8 0
84 380 157 135 8 8 0
92 388 154 138 0 -8 0
92 380 151 141 0 -8 0
92 372 148 144 8 0 0
100 372 145 147 0 -8 0
100 364 142 150 0 -8 0
100 356 139 153 8 -8 0
108 348 136 156 0 -8 0
108 340 133 159 8 8 0
116 348 130 162 0 -8 0
116 340 127 165 0 -8 0
116 332 124 168 8 0 0
124 332 121 171 0 8 0
124 340 118 174 0 8 0
124 348 115 177 8 0 0
132 348 112 180 0 8 0
132 356 109 183 8 8 0
140 364 106 186 0 -8 0
140 356 103 189 0 0 0
140 356 100 192 8 -8 0
148 348 97 195 0 8 0
148 356 94 198 0 0 0
148 356 91 201 8 -8 0
156 348 88 204 0 0 0
156 348 85 207 8 8 0
164 356 82 210 0 8 0
164 364 79 213 0 -8 0
164 356 76 216 8 0 0
172 356 73 219 0 8 0
172 364 70 222 0 0 0
172 364 67 225 8 0 0
180 364 64 228 0 -8 0
180 356 61 231 8 0 0
188 356 58 234 0 -8 0
188 348 55 237 0 8 0
188 356 52 240 8 0 0
196 356 49 243 0 8 0
196 364 46 246 0 8 0
196 372 43 249 8 0 0
204 372 40 252 0 8 0
204 380 37 255 8 0 0
212 380 34 258 0 8 0
212 388 31 261 0 0 0
212 388 28 264 8 -8 0
220 380 25 267 0 0 0
220 380 22 270 0 -8 0
220 372 19 273 0 0 1
220 372 19 273 0 0 1
220 372 19 273 0 0 1
220 372 19 273 0 0 1
220 372 19 273 0 0 1
