411 375 262 387 0 0 0
411 375 265 384 0 0 0
411 375 268 381 0 -8 0
411 367 271 378 0 -8 0
411 359 274 375 0 0 0
411 359 277 372 0 0 0
411 359 280 369 0 8 0
411 367 283 366 0 -8 0
411 359 286 363 0 -8 0
411 351 289 360 -8 -8 0
403 343 292 357 0 -8 0
403 335 295 354 0 8 0
403 343 298 351 -8 8 0
395 351 301 348 0 -8 0
395 343 304 345 0 8 0
395 351 307 342 -8 0 0
387 351 310 339 0 8 0
387 359 313 336 -8 -8 0
379 351 316 333 0 0 0
379 351 319 330 0 -8 0
379 343 322 327 -8 0 0
371 343 325 324 0 0 0
371 343 328 321 0 -8 0
371 335 331 318 -8 0 0
363 335 334 315 0 8 0
363 343 337 312 -8 -8 0
355 335 340 309 0 8 0
355 343 343 306 0 -8 0
355 335 346 303 -8 8 0
347 343 349 300 0 8 0
347 351 352 297 0 8 0
347 359 355 294 -8 0 0
339 359 358 291 0 0 0
339 359 361 288 -8 8 0
331 367 364 285 0 -8 0
331 359 367 282 0 -8 0
331 351 370 279 -8 0 0
323 351 373 276 0 8 0
323 359 376 273 0 -8 0
323 351 379 270 -8 -8 0
315 343 382 267 0 8 0
315 351 385 264 -8 -8 0
307 343 388 261 0 8 0
307 351 391 258 0 -8 0
307 343 394 255 -8 -8 0
299 335 397 252 0 8 0
299 343 400 249 0 -8 0
299 335 403 246 -8 -8 0
291 327 406 243 0 8 0
291 335 409 240 -8 8 0
283 343 412 237 0 8 0
283 351 415 234 0 0 0
283 351 418 231 -8 0 0
275 351 421 228 0 8 0
275 359 424 225 0 -8 0
275 351 427 222 -8 8 0
267 359 430 219 0 8 0
267 367 433 216 -8 -8 0
259 359 436 213 0 -8 0
259 351 439 210 0 8 0
259 359 442 207 -8 8 0
251 367 445 204 0 0 0
251 367 448 201 0 8 0
251 375 451 198 -8 8 0
243 383 454 195 0 8 0
243 391 457 192 -8 0 0
235 391 460 189 0 8 0
235 399 463 186 0 8 0
235 407 466 183 -8 8 0
227 415 469 180 0 8 0
227 423 472 177 0 -8 0
227 415 475 174 -8 -8 0
219 407 478 171 0 8 0
219 415 481 168 -8 8 0
211 423 484 165 0 -8 0
211 415 487 162 0 -8 0
211 407 490 159 -8 0 0
203 407 493 156 0 8 0
203 415 496 153 0 8 0
203 423 499 150 -8 -8 0
195 415 502 147 0 0 0
195 415 505 144 -8 0 0
187 415 508 141 0 0 0
187 415 511 138 0 8 0
187 423 514 135 -8 8 0
179 431 517 132 0 8 0
179 439 520 129 0 0 0
179 439 523 126 -8 8 0
171 447 526 123 0 0 0
171 447 529 120 -8 0 0
163 447 532 117 0 8 0
163 455 535 114 0 8 0
163 463 538 111 -8 -8 0
155 455 541 108 0 8 0
155 463 544 105 0 -8 0
155 455 547 102 -8 -8 0
147 447 550 99 0 0 0
147 447 553 96 -8 8 0
139 455 556 93 0 8 0
139 463 559 90 0 0 0
139 463 562 87 -8 0 0
131 463 565 84 0 8 0
131 471 568 81 0 -8 0
131 463 571 78 -8 8 0
123 471 574 75 0 0 0
123 471 577 72 -8 -8 0
115 463 580 69 0 8 0
115 471 583 66 0 0 0
115 471 586 63 -8 -8 0
107 463 589 60 0 0 0
107 463 592 57 0 0 0
107 463 595 54 -8 0 0
99 463 598 51 0 8 0
99 471 601 48 -8 -8 0
91 463 604 45 0 8 0
91 471 607 42 0 8 0
91 479 610 39 -8 8 0
83 487 613 36 0 -8 0
83 479 616 33 0 -8 0
83 471 619 30 -8 8 0
75 479 622 27 0 8 0
75 487 625 24 -8 -8 0
67 479 628 21 0 8 0
67 487 631 18 0 0 0
67 487 634 15 -8 -8 0
60 479 637 12 0 -8 0
60 471 640 9 -8 -8 0
60 463 643 12 0 8 0
60 471 646 15 0 0 0
60 471 649 18 0 8 0
60 479 652 21 0 0 0
60 479 655 24 0 0 0
60 479 658 27 0 0 0
60 479 661 30 0 8 0
60 487 664 33 0 0 0
60 487 667 36 0 -8 0
60 479 670 39 0 8 0
60 487 673 42 0 0 0
60 487 676 45 0 0 0
60 487 679 48 0 8 0
60 495 682 51 0 -8 0
60 487 685 54 0 -8 0
60 479 688 57 0 0 0
60 479 691 60 0 8 0
60 487 694 63 0 8 0
60 495 697 66 0 -8 0
60 487 700 69 0 -8 0
60 479 703 72 0 8 0
60 487 706 75 0 8 0
60 495 709 78 0 -8 0
60 487 712 81 0 0 0
60 487 715 84 0 -8 0
60 479 718 87 0 0 0
60 479 721 90 0 -8 0
60 471 724 93 0 -8 0
60 463 727 96 0 0 0
60 463 730 99 0 8 0
60 471 733 102 0 0 0
60 471 736 105 0 0 0
60 471 739 108 0 0 0
60 471 742 111 8 8 0
68 479 745 114 0 0 0
68 479 748 117 0 0 0
68 479 751 120 8 0 0
76 479 754 123 0 8 0
76 487 757 126 0 8 0
76 495 760 129 8 0 0
84 495 763 132 0 0 0
84 495 766 135 8 0 0
92 495 769 138 0 -8 0
92 487 772 141 0 -8 0
92 479 775 144 8 -8 0
100 471 778 147 0 -8 0
100 463 781 150 0 0 1
100 463 781 150 0 0 1
100 463 781 150 0 0 1
100 463 781 150 0 0 1
100 463 781 150 0 0 1
