494 276 352 300 0 0 0
494 276 355 297 -8 8 0
486 284 358 294 -8 8 0
478 292 361 291 -8 8 0
470 300 364 288 -8 8 0
462 308 367 285 -8 0 0
454 308 370 282 -8 -8 0
446 300 373 279 -8 -8 0
438 292 376 276 -8 -8 0
430 284 379 273 -8 8 0
422 292 382 270 -8 -8 0
414 284 385 267 -8 0 0
406 284 388 264 -8 -8 0
398 276 391 261 -8 8 0
390 284 394 258 -8 8 0
382 292 397 255 -8 -8 0
374 284 400 252 -8 8 0
366 292 403 249 -8 8 0
358 300 406 246 -8 8 0
350 308 409 243 -8 -8 0
342 300 412 240 -8 0 0
334 300 415 237 -8 0 0
326 300 418 234 -8 -8 0
318 292 421 231 -8 -8 0
310 284 424 228 -8 -8 0
302 276 427 225 -8 0 0
294 276 430 222 -8 8 0
286 284 433 219 -8 0 0
278 284 436 216 -8 8 0
270 292 439 213 -8 8 0
262 300 442 210 -8 8 0
254 308 445 207 0 8 0
254 316 448 204 0 8 0
254 324 451 201 -8 -8 0
246 316 454 198 0 0 0
246 316 457 195 -8 0 0
238 316 460 192 0 0 0
238 316 463 189 0 0 0
238 316 466 186 -8 -8 0
230 308 469 183 0 0 0
230 308 472 180 0 0 0
230 308 475 177 -8 -8 0
222 300 478 174 0 0 0
222 300 481 171 -8 0 0
214 300 484 168 0 8 0
214 308 487 165 0 0 0
214 308 490 162 -8 -8 0
206 300 493 159 0 8 0
206 308 496 156 0 -8 0
206 300 499 153 -8 8 0
198 308 502 150 0 0 0
198 308 505 147 -8 8 0
190 316 508 144 0 -8 0
190 308 511 141 0 -8 0
190 300 514 138 -8 8 0
182 308 517 135 0 0 0
182 308 520 132 0 -8 0
182 300 523 129 -8 -8 0
174 292 526 126 0 0 0
174 292 529 123 -8 0 0
166 292 532 120 0 8 0
166 300 535 117 0 -8 0
166 292 538 114 -8 8 0
158 300 541 111 0 8 0
158 308 544 108 0 -8 0
158 300 547 105 -8 0 0
150 300 550 102 0 8 0
150 308 553 99 -8 -8 0
142 300 556 96 0 0 0
142 300 559 93 0 0 0
142 300 562 90 -8 8 0
134 308 565 87 0 8 0
134 316 568 84 0 0 0
134 316 571 81 -8 -8 0
126 308 574 78 0 8 0
126 316 577 75 -8 -8 0
118 308 580 72 0 0 0
118 308 583 69 0 -8 0
118 300 586 66 -8 0 0
110 300 589 63 0 0 0
110 300 592 60 0 0 0
110 300 595 57 -8 0 0
102 300 598 54 0 -8 0
102 292 601 51 -8 8 0
94 300 604 48 0 -8 0
94 292 607 45 0 8 0
94 300 610 42 -8 8 0
86 308 613 39 0 8 0
86 316 616 36 0 0 0
86 316 619 33 -8 0 0
78 316 622 30 0 0 0
78 316 625 27 -8 8 0
70 324 628 24 0 0 0
70 324 631 21 0 -8 0
70 316 634 18 -8 -8 0
62 308 637 15 0 -8 0
62 300 640 12 0 -8 0
62 292 643 9 -8 -8 0
60 284 646 12 0 -8 0
60 276 649 15 0 8 0
60 284 652 18 0 8 0
60 292 655 21 0 0 0
60 292 658 24 0 8 0
60 300 661 27 0 -8 0
60 292 664 30 0 0 0
60 292 667 33 0 8 0
60 300 670 36 0 0 0
60 300 673 39 0 -8 0
60 292 676 42 0 0 0
60 292 679 45 0 -8 0
60 284 682 48 0 0 0
60 284 685 51 0 -8 0
60 276 688 54 0 0 0
60 276 691 57 0 8 0
60 284 694 60 0 0 0
60 284 697 63 0 8 0
60 292 700 66 0 -8 0
60 284 703 69 0 0 0
60 284 706 72 0 -8 0
60 276 709 75 0 8 0
60 284 712 78 0 0 0
60 284 715 81 0 -8 0
60 276 718 84 0 0 0
60 276 721 87 0 -8 0
60 268 724 90 0 -8 0
60 260 727 93 0 8 0
60 268 730 96 0 -8 0
60 260 733 99 0 0 0
60 260 736 102 0 0 0
60 260 739 105 0 8 0
60 268 742 108 0 -8 0
60 260 745 111 8 0 0
68 260 748 114 0 -8 0
68 252 751 117 0 -8 0
68 244 754 120 8 -8 0
76 236 757 123 0 -8 0
76 228 760 126 0 8 0
76 236 763 129 8 0 0
84 236 766 132 0 0 0
84 236 769 135 8 0 0
92 236 772 138 0 8 0
92 244 775 141 0 8 0
92 252 778 144 8 0 0
100 252 781 147 0 0 1
100 252 781 147 0 0 1
100 252 781 147 0 0 1
100 252 781 147 0 0 1
100 252 781 147 0 0 1
