65 522 184 483 0 0 0
65 522 187 480 8 0 0
73 522 190 477 8 8 0
81 530 193 474 8 -8 0
89 522 196 471 8 -8 0
97 514 199 468 8 -8 0
105 506 202 465 8 0 0
113 506 205 462 8 8 0
121 514 208 459 8 0 0
129 514 211 456 8 8 0
137 522 214 453 8 -8 0
145 514 217 450 8 0 0
153 514 220 447 8 8 0
161 522 223 444 8 8 0
169 530 226 441 8 0 0
177 530 229 438 8 0 0
185 530 232 435 8 0 0
193 530 235 432 8 8 0
201 538 238 429 8 0 0
209 538 241 426 8 8 0
217 540 244 423 8 -8 0
225 532 247 420 8 8 0
233 540 250 417 8 -8 0
241 532 253 414 8 8 0
249 540 256 411 8 0 0
257 540 259 408 8 -8 0
265 532 262 405 8 0 0
273 532 265 402 8 0 0
281 532 268 399 8 8 0
289 540 271 396 8 -8 0
297 532 274 393 8 0 0
305 532 277 390 8 -8 0
313 524 280 387 8 0 0
321 524 283 384 8 0 0
329 524 286 381 8 8 0
337 532 289 378 0 0 0
337 532 292 375 0 8 0
337 540 295 372 0 8 0
337 540 298 369 0 8 0
337 540 301 366 0 8 0
337 540 304 363 0 8 0
337 540 307 360 0 -8 0
337 532 310 357 0 8 0
337 540 313 354 0 -8 0
337 532 316 351 0 0 0
337 532 319 348 0 8 0
337 540 322 345 0 8 0
337 540 325 342 0 8 0
337 540 328 339 0 -8 0
337 532 331 336 0 -8 0
337 524 334 333 0 8 0
337 532 337 330 0 0 0
337 532 340 327 0 8 0
337 540 343 324 0 -8 0
337 532 346 321 0 0 0
337 532 349 318 0 8 0
337 540 352 315 0 -8 0
337 532 355 312 0 0 0
337 532 358 309 0 0 0
337 532 361 306 0 8 0
337 540 364 303 0 -8 0
337 532 367 300 0 -8 0
337 524 370 297 0 0 0
337 524 373 294 0 -8 0
337 516 376 291 0 0 0
337 516 379 288 0 0 0
337 516 382 285 -8 0 0
329 516 385 282 0 0 0
329 516 388 279 0 0 0
329 516 391 276 -8 -8 0
321 508 394 273 0 0 0
321 508 397 270 -8 -8 0
313 500 400 267 0 -8 0
313 492 403 264 0 8 0
313 500 406 261 -8 0 0
305 500 409 258 0 -8 0
305 492 412 255 0 8 0
305 500 415 252 -8 8 0
297 508 418 249 0 8 0
297 516 421 246 -8 -8 0
289 508 424 243 0 0 0
289 508 427 240 0 8 0
289 516 430 237 -8 8 0
281 524 433 234 0 0 0
281 524 436 231 0 8 0
281 532 439 228 -8 -8 0
273 524 442 225 0 8 0
273 532 445 222 -8 0 0
265 532 448 219 0 8 0
265 540 451 216 0 8 0
265 540 454 213 -8 8 0
257 540 457 210 0 8 0
257 540 460 207 0 -8 0
257 532 463 204 -8 8 0
249 540 466 201 0 0 0
249 540 469 198 -8 0 0
241 540 472 195 0 -8 0
241 532 475 192 0 8 0
241 540 478 189 -8 8 0
233 540 481 186 0 0 0
233 540 484 183 0 -8 0
233 532 487 180 -8 8 0
225 540 490 177 0 0 0
225 540 493 174 -8 8 0
217 540 496 171 0 0 0
217 540 499 168 0 8 0
217 540 502 165 -8 -8 0
209 532 505 162 0 0 0
209 532 508 159 0 -8 0
209 524 511 156 -8 -8 0
201 516 514 153 0 0 0
201 516 517 150 -8 0 0
193 516 520 147 0 0 0
193 516 523 144 0 0 0
193 516 526 141 -8 0 0
185 516 529 138 0 0 0
185 516 532 135 0 0 0
185 516 535 132 -8 0 0
177 516 538 129 0 0 0
177 516 541 126 -8 0 0
169 516 544 123 0 -8 0
169 508 547 120 0 8 0
169 516 550 117 -8 0 0
161 516 553 114 0 -8 0
161 508 556 111 0 -8 0
161 500 559 108 -8 8 0
153 508 562 105 0 -8 0
153 500 565 102 -8 8 0
145 508 568 99 0 -8 0
145 500 571 96 0 8 0
145 508 574 93 -8 -8 0
137 500 577 90 0 -8 0
137 492 580 87 0 0 0
137 492 583 84 -8 0 0
129 492 586 81 0 0 0
129 492 589 78 -8 0 0
121 492 592 75 0 0 0
121 492 595 72 0 0 0
121 492 598 69 -8 -8 0
113 484 601 66 0 0 0
113 484 604 63 0 0 0
113 484 607 60 -8 8 0
105 492 610 57 0 -8 0
105 484 613 54 -8 -8 0
97 476 616 51 0 8 0
97 484 619 48 0 0 0
97 484 622 45 -8 8 0
89 492 625 42 0 8 0
89 500 628 39 0 -8 0
89 492 631 36 -8 8 0
81 500 634 33 0 0 0
81 500 637 30 -8 8 0
73 508 640 27 0 0 0
73 508 643 24 0 8 0
73 516 646 21 -8 0 0
65 516 649 18 0 -8 0
65 508 652 15 0 -8 0
65 500 655 12 -8 0 0
60 500 658 9 -8 8 0
60 508 661 12 0 0 0
60 508 664 15 0 0 0
60 508 667 18 0 -8 0
60 500 670 21 0 8 0
60 508 673 24 0 8 0
60 516 676 27 0 -8 0
60 508 679 30 0 -8 0
60 500 682 33 0 8 0
60 508 685 36 0 0 0
60 508 688 39 0 0 0
60 508 691 42 0 -8 0
60 500 694 45 0 0 0
60 500 697 48 0 0 0
60 500 700 51 0 -8 0
60 492 703 54 0 8 0
60 500 706 57 0 0 0
60 500 709 60 0 -8 0
60 492 712 63 0 0 0
60 492 715 66 0 0 0
60 492 718 69 0 8 0
60 500 721 72 0 0 0
60 500 724 75 0 -8 0
60 492 727 78 0 0 0
60 492 730 81 0 8 0
60 500 733 84 0 -8 0
60 492 736 87 0 8 0
60 500 739 90 0 8 0
60 508 742 93 0 0 0
60 508 745 96 0 0 0
60 508 748 99 0 -8 0
60 500 751 102 0 -8 0
60 492 754 105 0 8 0
60 500 757 108 0 8 0
60 508 760 111 8 0 0
68 508 763 114 0 8 0
68 516 766 117 0 -8 0
68 508 769 120 8 -8 0
76 500 772 123 0 8 0
76 508 775 126 0 8 0
76 516 778 129 8 8 0
84 524 781 132 0 0 1
84 524 781 132 0 0 1
84 524 781 132 0 0 1
84 524 781 132 0 0 1
84 524 781 132 0 0 1
