469 124 577 375 0 0 0
469 124 580 378 -8 0 0
461 124 583 381 -8 0 0
453 124 586 384 -8 0 0
445 124 589 387 -8 8 0
437 132 592 390 0 8 0
437 140 595 393 0 8 0
437 148 598 396 0 -8 0
437 140 601 399 0 -8 0
437 132 604 402 0 8 0
437 140 607 405 0 -8 0
437 132 610 408 0 0 0
437 132 613 411 0 0 0
437 132 616 414 0 0 0
437 132 619 417 0 -8 0
437 124 622 420 0 0 0
437 124 625 423 0 8 0
437 132 628 426 0 8 0
437 140 631 429 0 -8 0
437 132 634 432 0 -8 0
437 124 637 435 0 -8 0
437 116 640 438 0 -8 0
437 108 643 441 0 0 0
437 108 646 444 0 -8 0
437 100 649 447 0 8 0
437 108 652 450 0 -8 0
437 100 655 453 0 -8 0
437 92 658 456 0 8 0
437 100 661 459 0 0 0
437 100 664 462 0 8 0
437 108 667 465 0 -8 0
437 100 670 468 0 0 0
437 100 673 471 0 0 0
437 100 676 474 0 8 0
437 108 679 477 0 -8 0
437 100 682 480 0 8 0
437 108 685 483 0 -8 0
437 100 688 486 0 8 0
437 108 691 489 8 -8 0
445 100 694 492 0 8 0
445 108 697 495 0 8 0
445 116 700 498 8 -8 0
453 108 703 501 0 0 0
453 108 706 504 8 8 0
461 116 709 507 0 -8 0
461 108 712 510 0 8 0
461 116 715 513 8 0 0
469 116 718 516 0 0 0
469 116 721 519 0 0 0
469 116 724 522 8 0 0
477 116 727 525 0 -8 0
477 108 730 528 8 8 0
485 116 733 531 0 8 0
485 124 736 534 0 8 0
485 132 739 537 8 0 0
493 132 742 540 0 8 0
493 140 745 543 0 -8 0
493 132 748 546 8 8 0
501 140 751 549 0 -8 0
501 132 754 552 8 8 0
509 140 757 555 0 -8 0
509 132 760 558 0 8 0
509 140 763 561 8 0 0
517 140 766 564 0 -8 0
517 132 769 567 0 -8 0
517 124 772 570 8 -8 0
525 116 775 573 0 0 0
525 116 778 576 8 -8 0
533 108 781 579 0 0 1
533 108 781 579 0 0 1
533 108 781 579 0 0 1
533 108 781 579 0 0 1
533 108 781 579 0 0 1
