333 170 598 294 0 0 0
333 170 595 297 0 8 0
333 178 592 300 0 -8 0
333 170 589 303 0 8 0
333 178 586 306 0 8 0
333 186 583 309 0 0 0
333 186 580 312 0 0 0
333 186 577 315 0 8 0
333 194 574 318 0 0 0
333 194 571 321 0 8 0
333 202 568 324 0 0 0
333 202 565 327 0 8 0
333 210 562 330 0 0 0
333 210 559 333 0 0 0
333 210 556 336 0 0 0
333 210 553 339 0 -8 0
333 202 550 342 0 8 0
333 210 547 345 0 0 0
333 210 544 348 0 0 0
333 210 541 351 0 -8 0
333 202 538 354 0 -8 0
333 194 535 357 0 8 0
333 202 532 360 0 8 0
333 210 529 363 0 8 0
333 218 526 366 0 -8 0
333 210 523 369 0 0 0
333 210 520 372 0 -8 0
333 202 517 375 0 -8 0
333 194 514 378 0 8 0
333 202 511 381 0 8 0
333 210 508 384 8 8 0
341 218 505 387 0 8 0
341 226 502 390 0 -8 0
341 218 499 393 8 -8 0
349 210 496 396 0 8 0
349 218 493 399 0 -8 0
349 210 490 402 8 8 0
357 218 487 405 0 0 0
357 218 484 408 8 8 0
365 226 481 411 0 0 0
365 226 478 414 0 8 0
365 234 475 417 8 0 0
373 234 472 420 0 0 0
373 234 469 423 0 0 0
373 234 466 426 8 0 0
381 234 463 429 0 0 0
381 234 460 432 8 0 0
389 234 457 435 0 8 0
389 242 454 438 0 8 0
389 250 451 441 8 8 0
397 258 448 444 0 8 0
397 266 445 447 0 0 0
397 266 442 450 8 0 0
405 266 439 453 0 8 0
405 274 436 456 8 8 0
413 282 433 459 0 8 0
413 290 430 462 0 8 0
413 298 427 465 8 8 0
421 306 424 468 0 0 0
421 306 421 471 0 -8 0
421 298 418 474 8 -8 0
429 290 415 477 0 8 0
429 298 412 480 8 0 0
437 298 409 483 0 -8 0
437 290 406 486 0 0 0
437 290 403 489 8 0 0
445 290 400 492 0 8 0
445 298 397 495 0 8 0
445 306 394 498 8 8 0
453 314 391 501 0 -8 0
453 306 388 504 8 8 0
461 314 385 507 0 8 0
461 322 382 510 0 0 0
461 322 379 513 8 -8 0
469 314 376 516 0 -8 0
469 306 373 519 0 8 0
469 314 370 522 8 8 0
477 322 367 525 0 -8 0
477 314 364 528 8 0 0
485 314 361 531 0 -8 0
485 306 358 534 0 -8 0
485 298 355 537 8 0 0
493 298 352 540 0 8 0
493 306 349 543 0 8 0
493 314 346 546 8 8 0
501 322 343 549 0 -8 0
501 314 340 552 8 8 0
509 322 337 555 0 0 0
509 322 334 558 0 -8 0
509 314 331 561 8 8 0
517 322 328 564 0 -8 0
517 314 325 567 0 -8 0
517 306 322 570 8 0 0
525 306 319 573 0 8 0
525 314 316 576 8 -8 0
533 306 313 579 0 0 0
533 306 310 582 0 0 0
533 306 307 585 8 0 0
540 306 304 588 0 0 0
540 306 301 591 8 -8 0
540 298 298 588 0 -8 0
540 290 295 585 0 0 0
540 290 292 582 0 -8 0
540 282 289 579 0 0 0
540 282 286 576 0 8 0
540 290 283 573 0 8 0
540 298 280 570 0 -8 0
540 290 277 567 0 8 0
540 298 274 564 0 0 0
540 298 271 561 0 0 0
540 298 268 558 0 8 0
540 306 265 555 0 8 0
540 314 262 552 0 0 0
540 314 259 549 0 -8 0
540 306 256 546 0 0 0
540 306 253 543 0 0 0
540 306 250 540 0 0 0
540 306 247 537 0 -8 0
540 298 244 534 0 8 0
540 306 241 531 0 0 0
540 306 238 528 0 0 0
540 306 235 525 0 8 0
540 314 232 522 0 -8 0
540 306 229 519 0 0 0
540 306 226 516 0 0 0
540 306 223 513 0 -8 0
540 298 220 510 0 -8 0
540 290 217 507 0 -8 0
540 282 214 504 0 8 0
540 290 211 501 0 -8 0
540 282 208 498 0 8 0
540 290 205 495 0 8 0
540 298 202 492 0 8 0
540 306 199 489 -8 -8 0
532 298 196 486 0 0 0
532 298 193 483 0 0 0
532 298 190 480 -8 -8 0
524 290 187 477 0 0 0
524 290 184 474 0 -8 0
524 282 181 471 -8 0 0
516 282 178 468 0 0 0
516 282 175 465 -8 0 0
508 282 172 462 0 -8 0
508 274 169 459 0 8 0
508 282 166 456 -8 8 0
500 290 163 453 0 8 0
500 298 160 450 0 8 0
500 306 157 447 -8 0 0
492 306 154 444 0 8 0
492 314 151 441 -8 -8 0
484 306 148 438 0 8 0
484 314 145 435 0 -8 0
484 306 142 432 -8 -8 0
476 298 139 429 0 0 0
476 298 136 426 0 8 0
476 306 133 423 -8 -8 0
468 298 130 420 0 0 0
468 298 127 417 -8 0 0
460 298 124 414 0 0 0
460 298 121 411 0 0 0
460 298 118 408 -8 -8 0
452 290 115 405 0 -8 0
452 282 112 402 0 8 0
452 290 109 399 -8 -8 0
444 282 106 396 0 -8 0
444 274 103 393 -8 8 0
436 282 100 390 0 8 0
436 290 97 387 0 -8 0
436 282 94 384 -8 -8 0
428 274 91 381 0 8 0
428 282 88 378 0 -8 0
428 274 85 375 -8 0 0
420 274 82 372 0 -8 0
420 266 79 369 -8 0 0
412 266 76 366 0 0 0
412 266 73 363 0 8 0
412 274 70 360 -8 0 0
404 274 67 357 0 -8 0
404 266 64 354 0 0 0
404 266 61 351 -8 0 0
396 266 58 348 0 0 0
396 266 55 345 -8 -8 0
388 258 52 342 0 -8 0
388 250 49 339 0 8 0
388 258 46 336 -8 -8 0
380 250 43 333 0 8 0
380 258 40 330 0 -8 0
380 250 37 327 -8 -8 0
372 242 34 324 0 -8 0
372 234 31 321 -8 0 0
364 234 28 318 0 0 0
364 234 25 315 0 -8 0
364 226 22 312 -8 -8 0
356 218 19 309 0 8 0
356 226 22 306 0 8 0
356 234 25 303 -8 8 0
348 242 28 300 0 8 0
348 250 31 297 -8 -8 0
340 242 34 294 0 0 0
340 242 37 291 0 0 0
340 242 40 288 -8 0 0
332 242 43 285 0 0 0
332 242 46 282 0 -8 0
332 234 49 279 -8 8 0
324 242 52 276 0 0 0
324 242 55 273 -8 0 0
316 242 58 270 0 8 0
316 250 61 267 0 8 0
316 258 64 264 -8 0 0
308 258 67 261 0 8 0
308 266 70 258 0 0 0
308 266 73 255 -8 8 0
300 274 76 252 0 0 0
300 274 79 249 -8 -8 0
292 266 82 246 0 -8 0
292 258 85 243 0 -8 0
292 250 88 240 -8 8 0
284 258 91 237 0 8 0
284 266 94 234 0 -8 0
284 258 97 231 -8 8 0
276 266 100 228 0 8 0
276 274 103 225 -8 0 0
268 274 106 222 0 -8 0
268 266 109 219 0 -8 0
268 258 112 216 -8 -8 0
260 250 115 213 0 8 0
260 258 118 210 0 0 0
260 258 121 207 -8 8 0
252 266 124 204 0 0 0
252 266 127 201 -8 -8 0
244 258 130 198 0 8 0
244 266 133 195 0 0 0
244 266 136 192 -8 8 0
236 274 139 189 0 8 0
236 282 142 186 0 8 0
236 290 145 183 -8 -8 0
228 282 148 180 0 -8 0
228 274 151 177 -8 -8 0
220 266 154 174 0 0 0
220 266 157 171 0 8 0
220 274 160 168 -8 8 0
212 282 163 165 0 8 0
212 290 166 162 0 8 0
212 298 169 159 -8 -8 0
204 290 172 156 0 -8 0
204 282 175 153 -8 -8 0
196 274 178 150 0 0 0
196 274 181 147 0 8 0
196 282 184 144 -8 8 0
188 290 187 141 0 8 0
188 298 190 138 0 8 0
188 306 193 135 -8 8 0
180 314 196 132 0 -8 0
180 306 199 129 -8 0 0
172 306 202 126 0 8 0
172 314 205 123 0 -8 0
172 306 208 120 -8 8 0
164 314 211 117 0 -8 0
164 306 214 114 0 0 0
164 306 217 111 -8 -8 0
156 298 220 108 0 0 0
156 298 223 105 -8 0 0
148 298 226 102 0 8 0
148 306 229 99 0 -8 0
148 298 232 96 -8 -8 0
140 290 235 93 0 0 0
140 290 238 90 0 -8 0
140 282 241 87 -8 8 0
132 290 244 84 0 0 0
132 290 247 81 -8 8 0
124 298 250 78 0 8 0
124 306 253 75 0 8 0
124 314 256 72 -8 -8 0
116 306 259 69 0 8 0
116 314 262 66 0 8 0
116 322 265 63 -8 -8 0
108 314 268 60 0 0 0
108 314 271 57 -8 8 0
100 322 274 54 0 -8 0
100 314 277 51 0 8 0
100 322 280 48 -8 -8 0
92 314 283 45 0 8 0
92 322 286 42 0 8 0
92 330 289 39 -8 8 0
84 338 292 36 0 8 0
84 346 295 33 -8 0 0
76 346 298 30 0 8 0
76 354 301 27 0 -8 0
76 346 304 24 -8 -8 0
68 338 307 21 0 8 0
68 346 310 18 0 0 0
68 346 313 15 -8 -8 0
60 338 316 12 0 -8 0
60 330 319 9 -8 -8 0
60 322 322 12 0 8 0
60 330 325 15 0 8 0
60 338 328 18 0 8 0
60 346 331 21 0 8 0
60 354 334 24 0 8 0
60 362 337 27 0 0 0
60 362 340 30 0 -8 0
60 354 343 33 0 8 0
60 362 346 36 0 0 0
60 362 349 39 0 0 0
60 362 352 42 0 8 0
60 370 355 45 0 8 0
60 378 358 48 0 0 0
60 378 361 51 0 0 0
60 378 364 54 0 8 0
60 386 367 57 0 0 0
60 386 370 60 0 0 0
60 386 373 63 0 8 0
60 394 376 66 0 0 0
60 394 379 69 0 -8 0
60 386 382 72 0 -8 0
60 378 385 75 0 0 0
60 378 388 78 0 0 0
60 378 391 81 0 8 0
60 386 394 84 0 0 0
60 386 397 87 0 -8 0
60 378 400 90 0 -8 0
60 370 403 93 0 0 0
60 370 406 96 0 -8 0
60 362 409 99 0 8 0
60 370 412 102 0 -8 0
60 362 415 105 0 0 0
60 362 418 108 0 0 0
60 362 421 111 8 0 0
68 362 424 114 0 0 0
68 362 427 117 0 0 0
68 362 430 120 8 0 0
76 362 433 123 0 8 0
76 370 436 126 0 -8 0
76 362 439 129 8 0 0
84 362 442 132 0 8 0
84 370 445 135 8 8 0
92 378 448 138 0 0 0
92 378 451 141 0 0 0
92 378 454 144 8 0 0
100 378 457 147 0 8 0
100 386 460 150 0 0 0
100 386 463 153 8 8 0
108 394 466 156 0 8 0
108 402 469 159 8 8 0
116 410 472 162 0 -8 0
116 402 475 165 0 -8 0
116 394 478 168 8 0 0
124 394 481 171 0 -8 0
124 386 484 174 0 0 0
124 386 487 177 8 8 0
132 394 490 180 0 0 0
132 394 493 183 8 -8 0
140 386 496 186 0 -8 0
140 378 499 189 0 8 0
140 386 502 192 8 8 0
148 394 505 195 0 -8 0
148 386 508 198 0 8 0
148 394 511 201 8 8 0
156 402 514 204 0 8 0
156 410 517 207 8 -8 0
164 402 520 210 0 8 0
164 410 523 213 0 8 0
164 418 526 216 8 0 0
172 418 529 219 0 8 0
172 426 532 222 0 0 0
172 426 535 225 8 -8 0
180 418 538 228 0 -8 0
180 410 541 231 8 -8 0
188 402 544 234 0 -8 0
188 394 547 237 0 -8 0
188 386 550 240 8 -8 0
196 378 553 243 0 -8 0
196 370 556 246 0 0 0
196 370 559 249 8 -8 0
204 362 562 252 0 -8 0
204 354 565 255 8 0 0
212 354 568 258 0 -8 0
212 346 571 261 0 0 0
212 346 574 264 8 0 0
220 346 577 267 0 0 0
220 346 580 270 0 8 0
220 354 583 273 8 8 0
228 362 586 276 0 0 0
228 362 589 279 8 0 0
236 362 592 282 0 -8 0
236 354 595 285 0 -8 0
236 346 598 288 8 0 0
244 346 601 291 0 -8 0
244 338 604 294 0 -8 0
244 330 607 297 8 8 0
252 338 610 300 0 -8 0
252 330 613 303 8 -8 0
260 322 616 306 0 -8 0
260 314 619 309 0 8 0
260 322 622 312 8 0 0
268 322 625 315 0 -8 0
268 314 628 318 0 8 0
268 322 631 321 8 8 0
276 330 634 324 0 0 0
276 330 637 327 8 8 0
284 338 640 330 0 0 0
284 338 643 333 0 8 0
284 346 646 336 8 8 0
292 354 649 339 0 -8 0
292 346 652 342 0 0 0
292 346 655 345 8 -8 0
300 338 658 348 0 -8 0
300 330 661 351 8 0 0
308 330 664 354 0 0 0
308 330 667 357 0 0 0
308 330 670 360 8 -8 0
316 322 673 363 0 8 0
316 330 676 366 0 0 0
316 330 679 369 8 0 0
324 330 682 372 0 0 0
324 330 685 375 8 8 0
332 338 688 378 0 -8 0
332 330 691 381 0 8 0
332 338 694 384 8 8 0
340 346 697 387 0 -8 0
340 338 700 390 0 8 0
340 346 703 393 8 -8 0
348 338 706 396 0 0 0
348 338 709 399 8 -8 0
356 330 712 402 0 -8 0
356 322 715 405 0 0 0
356 322 718 408 8 -8 0
364 314 721 411 0 -8 0
364 306 724 414 0 -8 0
364 298 727 417 8 0 0
372 298 730 420 0 -8 0
372 290 733 423 8 8 0
380 298 736 426 0 8 0
380 306 739 429 0 8 0
380 314 742 432 8 8 0
388 322 745 435 0 8 0
388 330 748 438 0 8 0
388 338 751 441 8 0 0
396 338 754 444 0 0 0
396 338 757 447 8 -8 0
404 330 760 450 0 -8 0
404 322 763 453 0 0 0
404 322 766 456 8 0 0
412 322 769 459 0 -8 0
412 314 772 462 0 0 0
412 314 775 465 8 8 0
420 322 778 468 0 -8 0
420 314 781 471 0 0 1
420 314 781 471 0 0 1
420 314 781 471 0 0 1
420 314 781 471 0 0 1
420 314 781 471 0 0 1
