222 331 580 414 0 0 0
222 331 583 417 8 -8 0
230 323 586 420 8 0 0
238 323 589 423 8 -8 0
246 315 592 426 8 0 0
254 315 595 429 8 8 0
262 323 598 432 8 8 0
270 331 601 435 8 -8 0
278 323 604 438 8 0 0
286 323 607 441 8 8 0
294 331 610 444 8 -8 0
302 323 613 447 8 -8 0
310 315 616 450 8 8 0
318 323 619 453 8 0 0
326 323 622 456 8 -8 0
334 315 625 459 8 0 0
342 315 628 462 8 -8 0
350 307 631 465 8 0 0
358 307 634 468 8 -8 0
366 299 637 471 8 8 0
374 307 640 474 8 -8 0
382 299 643 477 8 0 0
390 299 646 480 8 8 0
398 307 649 483 8 8 0
406 315 652 486 8 8 0
414 323 655 489 8 8 0
422 331 658 492 8 0 0
430 331 661 495 8 -8 0
438 323 664 498 8 0 0
446 323 667 501 8 -8 0
454 315 670 504 0 0 0
454 315 673 507 8 8 0
462 323 676 510 0 0 0
462 323 679 513 8 0 0
470 323 682 516 0 -8 0
470 315 685 519 0 8 0
470 323 688 522 8 -8 0
478 315 691 525 0 8 0
478 323 694 528 0 8 0
478 331 697 531 8 8 0
486 339 700 534 0 -8 0
486 331 703 537 8 -8 0
494 323 706 540 0 -8 0
494 315 709 543 0 8 0
494 323 712 546 8 0 0
502 323 715 549 0 8 0
502 331 718 552 0 0 0
502 331 721 555 8 0 0
510 331 724 558 0 -8 0
510 323 727 561 8 -8 0
518 315 730 564 0 0 0
518 315 733 567 0 -8 0
518 307 736 570 8 -8 0
526 299 739 573 0 0 0
526 299 742 576 0 -8 0
526 291 745 579 8 8 0
534 299 748 582 0 -8 0
534 291 751 585 8 0 0
540 291 754 588 0 -8 0
540 283 757 591 8 0 0
540 283 760 588 0 8 0
540 291 763 585 0 8 0
540 299 766 582 0 -8 0
540 291 769 579 0 8 0
540 299 772 576 0 8 0
540 307 775 573 0 0 0
540 307 778 570 0 0 0
540 307 781 567 0 0 1
540 307 781 567 0 0 1
540 307 781 567 0 0 1
540 307 781 567 0 0 1
540 307 781 567 0 0 1
