108 223 454 318 0 0 0
108 223 451 321 8 0 0
116 223 448 324 8 8 0
124 231 445 327 8 8 0
132 239 442 330 8 -8 0
140 231 439 333 8 -8 0
148 223 436 336 8 8 0
156 231 433 339 8 8 0
164 239 430 342 8 8 0
172 247 427 345 8 0 0
180 247 424 348 8 8 0
188 255 421 351 8 8 0
196 263 418 354 8 -8 0
204 255 415 357 8 -8 0
212 247 412 360 8 -8 0
220 239 409 363 8 -8 0
228 231 406 366 8 8 0
236 239 403 369 8 8 0
244 247 400 372 8 0 0
252 247 397 375 8 -8 0
260 239 394 378 8 8 0
268 247 391 381 8 0 0
276 247 388 384 8 8 0
284 255 385 387 8 -8 0
292 247 382 390 8 -8 0
300 239 379 393 8 0 0
308 239 376 396 8 8 0
316 247 373 399 8 8 0
324 255 370 402 8 8 0
332 263 367 405 8 8 0
340 271 364 408 8 -8 0
348 263 361 411 8 -8 0
356 255 358 414 8 8 0
364 263 355 417 8 0 0
372 263 352 420 0 8 0
372 271 349 423 8 8 0
380 279 346 426 0 8 0
380 287 343 429 0 8 0
380 295 340 432 8 8 0
388 303 337 435 0 0 0
388 303 334 438 0 8 0
388 311 331 441 8 -8 0
396 303 328 444 0 8 0
396 311 325 447 8 8 0
404 319 322 450 0 0 0
404 319 319 453 0 0 0
404 319 316 456 8 8 0
412 327 313 459 0 8 0
412 335 310 462 0 0 0
412 335 307 465 8 -8 0
420 327 304 468 0 8 0
420 335 301 471 8 -8 0
428 327 298 474 0 0 0
428 327 295 477 0 -8 0
428 319 292 480 8 8 0
436 327 289 483 0 8 0
436 335 286 486 0 0 0
436 335 283 489 8 -8 0
444 327 280 492 0 -8 0
444 319 277 495 8 0 0
452 319 274 498 0 -8 0
452 311 271 501 0 0 0
452 311 268 504 8 8 0
460 319 265 507 0 8 0
460 327 262 510 0 -8 0
460 319 259 513 8 8 0
468 327 256 516 0 0 0
468 327 253 519 8 8 0
476 335 250 522 0 0 0
476 335 247 525 0 8 0
476 343 244 528 8 -8 0
484 335 241 531 0 0 0
484 335 238 534 0 8 0
484 343 235 537 8 -8 0
492 335 232 540 0 0 0
492 335 229 543 8 -8 0
500 327 226 546 0 -8 0
500 319 223 549 0 -8 0
500 311 220 552 8 -8 0
508 303 217 555 0 -8 0
508 295 214 558 0 8 0
508 303 211 561 8 -8 0
516 295 208 564 0 8 0
516 303 205 567 8 0 0
524 303 202 570 0 -8 0
524 295 199 573 0 0 0
524 295 196 576 8 0 0
532 295 193 579 0 0 0
532 295 190 582 0 8 0
532 303 187 585 8 -8 0
540 295 184 588 0 -8 0
540 287 181 591 8 8 0
540 295 178 588 0 8 0
540 303 175 585 0 8 0
540 311 172 582 0 0 0
540 311 169 579 0 0 0
540 311 166 576 0 -8 0
540 303 163 573 0 -8 0
540 295 160 570 0 -8 0
540 287 157 567 0 0 0
540 287 154 564 0 8 0
540 295 151 561 0 8 0
540 303 148 558 0 0 0
540 303 145 555 0 8 0
540 311 142 552 0 -8 0
540 303 139 549 0 -8 0
540 295 136 546 0 -8 0
540 287 133 543 0 0 0
540 287 130 540 0 0 0
540 287 127 537 0 8 0
540 295 124 534 0 0 0
540 295 121 531 0 0 0
540 295 118 528 0 0 0
540 295 115 525 0 -8 0
540 287 112 522 0 8 0
540 295 109 519 0 0 0
540 295 106 516 0 -8 0
540 287 103 513 0 0 0
540 287 100 510 0 -8 0
540 279 97 507 0 8 0
540 287 94 504 0 0 0
540 287 91 501 0 -8 0
540 279 88 498 0 0 0
540 279 85 495 0 8 0
540 287 82 492 0 0 0
540 287 79 489 -8 8 0
532 295 76 486 0 8 0
532 303 73 483 0 -8 0
532 295 70 480 -8 -8 0
524 287 67 477 0 0 0
524 287 64 474 0 8 0
524 295 61 471 -8 8 0
516 303 58 468 0 8 0
516 311 55 465 -8 8 0
508 319 52 462 0 8 0
508 327 49 459 0 -8 0
508 319 46 456 -8 -8 0
500 311 43 453 0 0 0
500 311 40 450 0 -8 0
500 303 37 447 -8 0 0
492 303 34 444 0 8 0
492 311 31 441 -8 8 0
484 319 28 438 0 8 0
484 327 25 435 0 0 0
484 327 22 432 -8 8 0
476 335 19 429 0 8 0
476 343 22 426 0 8 0
476 351 25 423 -8 -8 0
468 343 28 420 0 8 0
468 351 31 417 -8 8 0
460 359 34 414 0 0 0
460 359 37 411 0 0 0
460 359 40 408 -8 8 0
452 367 43 405 0 0 0
452 367 46 402 0 -8 0
452 359 49 399 -8 -8 0
444 351 52 396 0 8 0
444 359 55 393 -8 8 0
436 367 58 390 0 -8 0
436 359 61 387 0 0 0
436 359 64 384 -8 -8 0
428 351 67 381 0 0 0
428 351 70 378 0 -8 0
428 343 73 375 -8 8 0
420 351 76 372 0 -8 0
420 343 79 369 -8 -8 0
412 335 82 366 0 8 0
412 343 85 363 0 -8 0
412 335 88 360 -8 8 0
404 343 91 357 0 -8 0
404 335 94 354 0 -8 0
404 327 97 351 -8 8 0
396 335 100 348 0 8 0
396 343 103 345 -8 0 0
388 343 106 342 0 8 0
388 351 109 339 0 -8 0
388 343 112 336 -8 -8 0
380 335 115 333 0 0 0
380 335 118 330 0 -8 0
380 327 121 327 -8 0 0
372 327 124 324 0 -8 0
372 319 127 321 -8 -8 0
364 311 130 318 0 8 0
364 319 133 315 0 0 0
364 319 136 312 -8 8 0
356 327 139 309 0 8 0
356 335 142 306 0 0 0
356 335 145 303 -8 -8 0
348 327 148 300 0 8 0
348 335 151 297 -8 8 0
340 343 154 294 0 0 0
340 343 157 291 0 -8 0
340 335 160 288 -8 8 0
332 343 163 285 0 -8 0
332 335 166 282 0 -8 0
332 327 169 279 -8 0 0
324 327 172 276 0 0 0
324 327 175 273 -8 0 0
316 327 178 270 0 -8 0
316 319 181 267 0 0 0
316 319 184 264 -8 0 0
308 319 187 261 0 8 0
308 327 190 258 0 -8 0
308 319 193 255 -8 0 0
300 319 196 252 0 8 0
300 327 199 249 -8 -8 0
292 319 202 246 0 -8 0
292 311 205 243 0 -8 0
292 303 208 240 -8 8 0
284 311 211 237 0 -8 0
284 303 214 234 0 0 0
284 303 217 231 -8 -8 0
276 295 220 228 0 8 0
276 303 223 225 -8 -8 0
268 295 226 222 0 0 0
268 295 229 219 0 8 0
268 303 232 216 -8 0 0
260 303 235 213 0 0 0
260 303 238 210 0 -8 0
260 295 241 207 -8 -8 0
252 287 244 204 0 0 0
252 287 247 201 -8 8 0
244 295 250 198 0 -8 0
244 287 253 195 0 0 0
244 287 256 192 -8 0 0
236 287 259 189 0 0 0
236 287 262 186 0 0 0
236 287 265 183 -8 0 0
228 287 268 180 0 -8 0
228 279 271 177 -8 0 0
220 279 274 174 0 8 0
220 287 277 171 0 -8 0
220 279 280 168 -8 -8 0
212 271 283 165 0 8 0
212 279 286 162 0 8 0
212 287 289 159 -8 -8 0
204 279 292 156 0 -8 0
204 271 295 153 -8 -8 0
196 263 298 150 0 -8 0
196 255 301 147 0 -8 0
196 247 304 144 -8 8 0
188 255 307 141 0 8 0
188 263 310 138 0 0 0
188 263 313 135 -8 0 0
180 263 316 132 0 0 0
180 263 319 129 -8 0 0
172 263 322 126 0 8 0
172 271 325 123 0 -8 0
172 263 328 120 -8 0 0
164 263 331 117 0 0 0
164 263 334 114 0 0 0
164 263 337 111 -8 8 0
156 271 340 108 0 8 0
156 279 343 105 -8 8 0
148 287 346 102 0 -8 0
148 279 349 99 0 0 0
148 279 352 96 -8 8 0
140 287 355 93 0 0 0
140 287 358 90 0 8 0
140 295 361 87 -8 0 0
132 295 364 84 0 0 0
132 295 367 81 -8 0 0
124 295 370 78 0 8 0
124 303 373 75 0 8 0
124 311 376 72 -8 8 0
116 319 379 69 0 8 0
116 327 382 66 0 0 0
116 327 385 63 -8 8 0
108 335 388 60 0 8 0
108 343 391 57 -8 -8 0
100 335 394 54 0 0 0
100 335 397 51 0 8 0
100 343 400 48 -8 0 0
92 343 403 45 0 0 0
92 343 406 42 0 -8 0
92 335 409 39 -8 8 0
84 343 412 36 0 -8 0
84 335 415 33 -8 -8 0
76 327 418 30 0 0 0
76 327 421 27 0 0 0
76 327 424 24 -8 8 0
68 335 427 21 0 8 0
68 343 430 18 0 -8 0
68 335 433 15 -8 8 0
60 343 436 12 0 -8 0
60 335 439 9 -8 -8 0
60 327 442 12 0 8 0
60 335 445 15 0 0 0
60 335 448 18 0 0 0
60 335 451 21 0 8 0
60 343 454 24 0 -8 0
60 335 457 27 0 -8 0
60 327 460 30 0 8 0
60 335 463 33 0 -8 0
60 327 466 36 0 8 0
60 335 469 39 0 0 0
60 335 472 42 0 0 0
60 335 475 45 0 -8 0
60 327 478 48 0 -8 0
60 319 481 51 0 -8 0
60 311 484 54 0 8 0
60 319 487 57 0 -8 0
60 311 490 60 0 8 0
60 319 493 63 0 -8 0
60 311 496 66 0 0 0
60 311 499 69 0 8 0
60 319 502 72 0 8 0
60 327 505 75 0 0 0
60 327 508 78 0 8 0
60 335 511 81 0 -8 0
60 327 514 84 0 -8 0
60 319 517 87 0 -8 0
60 311 520 90 0 8 0
60 319 523 93 0 0 0
60 319 526 96 0 -8 0
60 311 529 99 0 0 0
60 311 532 102 0 -8 0
60 303 535 105 0 8 0
60 311 538 108 0 0 0
60 311 541 111 8 8 0
68 319 544 114 0 0 0
68 319 547 117 0 -8 0
68 311 550 120 8 0 0
76 311 553 123 0 -8 0
76 303 556 126 0 8 0
76 311 559 129 8 8 0
84 319 562 132 0 0 0
84 319 565 135 8 -8 0
92 311 568 138 0 8 0
92 319 571 141 0 -8 0
92 311 574 144 8 8 0
100 319 577 147 0 0 0
100 319 580 150 0 -8 0
100 311 583 153 8 0 0
108 311 586 156 0 -8 0
108 303 589 159 8 8 0
116 311 592 162 0 8 0
116 319 595 165 0 0 0
116 319 598 168 8 0 0
124 319 601 171 0 -8 0
124 311 604 174 0 0 0
124 311 607 177 8 8 0
132 319 610 180 0 8 0
132 327 613 183 8 0 0
140 327 616 186 0 0 0
140 327 619 189 0 8 0
140 335 622 192 8 8 0
148 343 625 195 0 8 0
148 351 628 198 0 0 0
148 351 631 201 8 8 0
156 359 634 204 0 0 0
156 359 637 207 8 -8 0
164 351 640 210 0 8 0
164 359 643 213 0 8 0
164 367 646 216 8 -8 0
172 359 649 219 0 -8 0
172 351 652 222 0 8 0
172 359 655 225 8 0 0
180 359 658 228 0 8 0
180 367 661 231 8 0 0
188 367 664 234 0 8 0
188 375 667 237 0 8 0
188 383 670 240 8 8 0
196 391 673 243 0 -8 0
196 383 676 246 0 0 0
196 383 679 249 8 0 0
204 383 682 252 0 -8 0
204 375 685 255 8 -8 0
212 367 688 258 0 -8 0
212 359 691 261 0 0 0
212 359 694 264 8 0 0
220 359 697 267 0 8 0
220 367 700 270 0 8 0
220 375 703 273 8 8 0
228 383 706 276 0 8 0
228 391 709 279 8 -8 0
236 383 712 282 0 8 0
236 391 715 285 0 8 0
236 399 718 288 8 8 0
244 407 721 291 0 8 0
244 415 724 294 0 0 0
244 415 727 297 8 0 0
252 415 730 300 0 8 0
252 423 733 303 8 0 0
260 423 736 306 0 8 0
260 431 739 309 0 -8 0
260 423 742 312 8 0 0
268 423 745 315 0 8 0
268 431 748 318 0 -8 0
268 423 751 321 8 0 0
276 423 754 324 0 8 0
276 431 757 327 8 8 0
284 439 760 330 0 -8 0
284 431 763 333 0 0 0
284 431 766 336 8 8 0
292 439 769 339 0 0 0
292 439 772 342 0 -8 0
292 431 775 345 8 0 0
300 431 778 348 0 -8 0
300 423 781 351 0 0 1
300 423 781 351 0 0 1
300 423 781 351 0 0 1
300 423 781 351 0 0 1
300 423 781 351 0 0 1
