226 183 289 426 0 0 0
226 183 292 429 8 0 0
234 183 295 432 8 0 0
242 183 298 435 8 8 0
250 191 301 438 8 -8 0
258 183 304 441 8 -8 0
266 175 307 444 8 0 0
274 175 310 447 8 -8 0
282 167 313 450 8 8 0
290 175 316 453 8 0 0
298 175 319 456 8 0 0
306 175 322 459 8 -8 0
314 167 325 462 8 -8 0
322 159 328 465 8 0 0
330 159 331 468 8 -8 0
338 151 334 471 8 8 0
346 159 337 474 8 -8 0
354 151 340 477 8 8 0
362 159 343 480 8 -8 0
370 151 346 483 8 0 0
378 151 349 486 8 0 0
386 151 352 489 8 -8 0
394 143 355 492 8 8 0
402 151 358 495 8 8 0
410 159 361 498 8 8 0
418 167 364 501 8 -8 0
426 159 367 504 8 8 0
434 167 370 507 8 0 0
442 167 373 510 8 0 0
450 167 376 513 8 -8 0
458 159 379 516 8 0 0
466 159 382 519 8 -8 0
474 151 385 522 0 -8 0
474 143 388 525 8 0 0
482 143 391 528 0 -8 0
482 135 394 531 0 8 0
482 143 397 534 8 8 0
490 151 400 537 0 8 0
490 159 403 540 0 8 0
490 167 406 543 8 8 0
498 175 409 546 0 0 0
498 175 412 549 8 8 0
506 183 415 552 0 8 0
506 191 418 555 0 0 0
506 191 421 558 8 8 0
514 199 424 561 0 0 0
514 199 427 564 0 -8 0
514 191 430 567 8 -8 0
522 183 433 570 0 0 0
522 183 436 573 8 0 0
530 183 439 576 0 8 0
530 191 442 579 0 0 0
530 191 445 582 8 -8 0
538 183 448 585 0 8 0
538 191 451 588 0 0 0
538 191 454 591 8 -8 0
540 183 457 588 0 0 0
540 183 460 585 0 -8 0
540 175 463 582 0 8 0
540 183 466 579 0 8 0
540 191 469 576 0 8 0
540 199 472 573 0 0 0
540 199 475 570 0 8 0
540 207 478 567 0 8 0
540 215 481 564 0 8 0
540 223 484 561 0 -8 0
540 215 487 558 0 -8 0
540 207 490 555 0 0 0
540 207 493 552 0 -8 0
540 199 496 549 0 0 0
540 199 499 546 0 8 0
540 207 502 543 0 0 0
540 207 505 540 0 -8 0
540 199 508 537 0 8 0
540 207 511 534 0 -8 0
540 199 514 531 0 0 0
540 199 517 528 0 -8 0
540 191 520 525 0 0 0
540 191 523 522 0 0 0
540 191 526 519 0 8 0
540 199 529 516 0 8 0
540 207 532 513 0 -8 0
540 199 535 510 0 8 0
540 207 538 507 0 -8 0
540 199 541 504 0 8 0
540 207 544 501 0 -8 0
540 199 547 498 0 0 0
540 199 550 495 0 -8 0
540 191 553 492 0 8 0
540 199 556 489 -8 0 0
532 199 559 486 0 8 0
532 207 562 483 0 -8 0
532 199 565 480 -8 -8 0
524 191 568 477 0 8 0
524 199 571 474 0 8 0
524 207 574 471 -8 0 0
516 207 577 468 0 0 0
516 207 580 465 -8 8 0
508 215 583 462 0 0 0
508 215 586 459 0 8 0
508 223 589 456 -8 8 0
500 231 592 453 0 0 0
500 231 595 450 0 8 0
500 239 598 447 -8 0 0
492 239 601 444 0 8 0
492 247 604 441 -8 0 0
484 247 607 438 0 -8 0
484 239 610 435 0 -8 0
484 231 613 432 -8 -8 0
476 223 616 429 0 -8 0
476 215 619 426 0 0 0
476 215 622 423 -8 0 0
468 215 625 420 0 -8 0
468 207 628 417 -8 0 0
460 207 631 414 0 0 0
460 207 634 411 0 -8 0
460 199 637 408 -8 -8 0
452 191 640 405 0 8 0
452 199 643 402 0 0 0
452 199 646 399 -8 8 0
444 207 649 396 0 0 0
444 207 652 393 -8 8 0
436 215 655 390 0 -8 0
436 207 658 387 0 8 0
436 215 661 384 -8 -8 0
428 207 664 381 0 0 0
428 207 667 378 0 -8 0
428 199 670 375 -8 -8 0
420 191 673 372 0 -8 0
420 183 676 369 -8 8 0
412 191 679 366 0 -8 0
412 183 682 363 0 -8 0
412 175 685 360 -8 8 0
404 183 688 357 0 0 0
404 183 691 354 0 8 0
404 191 694 351 -8 0 0
396 191 697 348 0 0 0
396 191 700 345 -8 8 0
388 199 703 342 0 0 0
388 199 706 339 0 -8 0
388 191 709 336 -8 0 0
380 191 712 333 0 8 0
380 199 715 330 0 8 0
380 207 718 327 -8 8 0
372 215 721 324 0 8 0
372 223 724 321 -8 -8 0
364 215 727 318 0 0 0
364 215 730 315 0 8 0
364 223 733 312 -8 -8 0
356 215 736 309 0 0 0
356 215 739 306 0 -8 0
356 207 742 303 -8 -8 0
348 199 745 300 0 -8 0
348 191 748 297 -8 -8 0
340 183 751 294 0 0 0
340 183 754 291 0 -8 0
340 175 757 288 -8 8 0
332 183 760 285 0 -8 0
332 175 763 282 0 8 0
332 183 766 279 -8 -8 0
324 175 769 276 0 0 0
324 175 772 273 -8 8 0
316 183 775 270 0 0 0
316 183 778 267 0 -8 0
316 175 781 264 0 0 1
316 175 781 264 0 0 1
316 175 781 264 0 0 1
316 175 781 264 0 0 1
316 175 781 264 0 0 1
