399 379 571 129 0 0 0
399 379 574 132 -8 0 0
391 379 577 135 -8 0 0
383 379 580 138 -8 -8 0
375 371 583 141 -8 -8 0
367 363 586 144 -8 -8 0
359 355 589 147 -8 -8 0
351 347 592 150 -8 0 0
343 347 595 153 -8 -8 0
335 339 598 156 -8 0 0
327 339 601 159 -8 -8 0
319 331 604 162 -8 8 0
311 339 607 165 -8 -8 0
303 331 610 168 -8 8 0
295 339 613 171 -8 -8 0
287 331 616 174 -8 -8 0
279 323 619 177 -8 0 0
271 323 622 180 -8 0 0
263 323 625 183 -8 -8 0
255 315 628 186 -8 -8 0
247 307 631 189 -8 -8 0
239 299 634 192 0 -8 0
239 291 637 195 0 8 0
239 299 640 198 0 0 0
239 299 643 201 0 8 0
239 307 646 204 0 -8 0
239 299 649 207 0 8 0
239 307 652 210 0 -8 0
239 299 655 213 0 -8 0
239 291 658 216 0 8 0
239 299 661 219 0 8 0
239 307 664 222 0 0 0
239 307 667 225 0 0 0
239 307 670 228 0 0 0
239 307 673 231 0 8 0
239 315 676 234 0 -8 0
239 307 679 237 0 -8 0
239 299 682 240 0 0 0
239 299 685 243 0 -8 0
239 291 688 246 0 0 0
239 291 691 249 0 0 0
239 291 694 252 0 0 0
239 291 697 255 0 0 0
239 291 700 258 0 -8 0
239 283 703 261 0 0 0
239 283 706 264 0 0 0
239 283 709 267 0 8 0
239 291 712 270 0 8 0
239 299 715 273 0 -8 0
239 291 718 276 0 0 0
239 291 721 279 0 8 0
239 299 724 282 0 0 0
239 299 727 285 0 -8 0
239 291 730 288 0 0 0
239 291 733 291 8 0 0
247 291 736 294 0 8 0
247 299 739 297 0 0 0
247 299 742 300 8 -8 0
255 291 745 303 0 -8 0
255 283 748 306 8 -8 0
263 275 751 309 0 0 0
263 275 754 312 0 0 0
263 275 757 315 8 8 0
271 283 760 318 0 -8 0
271 275 763 321 0 0 0
271 275 766 324 8 0 0
279 275 769 327 0 0 0
279 275 772 330 8 -8 0
287 267 775 333 0 0 0
287 267 778 336 0 -8 0
287 259 781 339 0 0 1
287 259 781 339 0 0 1
287 259 781 339 0 0 1
287 259 781 339 0 0 1
287 259 781 339 0 0 1
