98 216 268 471 0 0 0
98 216 265 468 8 -8 0
106 208 262 465 8 0 0
114 208 259 462 8 -8 0
122 200 256 459 8 8 0
130 208 253 456 8 8 0
138 216 250 453 8 -8 0
146 208 247 450 8 8 0
154 216 244 447 8 8 0
162 224 241 444 8 0 0
170 224 238 441 8 8 0
178 232 235 438 8 8 0
186 240 232 435 8 -8 0
194 232 229 432 8 0 0
202 232 226 429 8 8 0
210 240 223 426 8 -8 0
218 232 220 423 8 -8 0
226 224 217 420 8 -8 0
234 216 214 417 8 -8 0
242 208 211 414 8 8 0
250 216 208 411 8 8 0
258 224 205 408 8 -8 0
266 216 202 405 8 0 0
274 216 199 402 8 -8 0
282 208 196 399 8 8 0
290 216 193 396 8 -8 0
298 208 190 393 8 8 0
306 216 187 390 8 0 0
314 216 184 387 8 -8 0
322 208 181 384 8 0 0
330 208 178 381 8 -8 0
338 200 175 378 0 8 0
338 208 172 375 0 -8 0
338 200 169 372 0 8 0
338 208 166 369 0 0 0
338 208 163 366 0 0 0
338 208 160 363 0 -8 0
338 200 157 360 0 8 0
338 208 154 357 0 0 0
338 208 151 354 0 8 0
338 216 148 351 0 0 0
338 216 145 348 0 8 0
338 224 142 345 0 8 0
338 232 139 342 0 8 0
338 240 136 339 0 -8 0
338 232 133 336 0 8 0
338 240 130 333 0 -8 0
338 232 127 330 0 0 0
338 232 124 327 0 8 0
338 240 121 324 0 -8 0
338 232 118 321 0 -8 0
338 224 115 318 0 -8 0
338 216 112 315 0 -8 0
338 208 109 312 0 8 0
338 216 106 309 0 0 0
338 216 103 306 0 8 0
338 224 100 303 0 8 0
338 232 97 300 0 8 0
338 240 94 297 0 8 0
338 248 91 294 0 8 0
338 256 88 291 0 8 0
338 264 85 288 0 0 0
338 264 82 285 -8 0 0
330 264 79 282 0 8 0
330 272 76 279 -8 8 0
322 280 73 276 0 -8 0
322 272 70 273 0 0 0
322 272 67 270 -8 -8 0
314 264 64 267 0 8 0
314 272 61 264 0 8 0
314 280 58 261 -8 0 0
306 280 55 258 0 8 0
306 288 52 255 -8 -8 0
298 280 49 252 0 8 0
298 288 46 249 0 8 0
298 296 43 246 -8 -8 0
290 288 40 243 0 -8 0
290 280 37 240 0 -8 0
290 272 34 237 -8 8 0
282 280 31 234 0 8 0
282 288 28 231 -8 -8 0
274 280 25 228 0 -8 0
274 272 22 225 0 0 0
274 272 19 222 0 0 1
274 272 19 222 0 0 1
274 272 19 222 0 0 1
274 272 19 222 0 0 1
274 272 19 222 0 0 1
