388 272 682 390 0 0 0
388 272 685 387 0 0 0
388 272 688 384 0 0 0
388 272 691 381 0 -8 0
388 264 694 378 0 -8 0
388 256 697 375 0 0 0
388 256 700 372 0 -8 0
388 248 703 369 0 8 0
388 256 706 366 0 -8 0
388 248 709 363 0 8 0
388 256 712 360 0 8 0
388 264 715 357 0 8 0
388 272 718 354 0 -8 0
388 264 721 351 0 0 0
388 264 724 348 0 8 0
388 272 727 345 0 8 0
388 280 730 342 0 0 0
388 280 733 339 0 0 0
388 280 736 336 -8 8 0
380 288 739 333 0 -8 0
380 280 742 330 0 8 0
380 288 745 327 -8 -8 0
372 280 748 324 0 0 0
372 280 751 321 -8 -8 0
364 272 754 318 0 0 0
364 272 757 315 0 0 0
364 272 760 312 -8 8 0
356 280 763 309 0 0 0
356 280 766 306 0 8 0
356 288 769 303 -8 -8 0
348 280 772 300 0 8 0
348 288 775 297 -8 -8 0
340 280 778 294 0 8 0
340 288 781 291 0 0 0
340 288 778 288 -8 0 0
332 288 775 285 0 -8 0
332 280 772 282 0 0 0
332 280 769 279 -8 0 0
324 280 766 276 0 -8 0
324 272 763 273 -8 -8 0
316 264 760 270 0 -8 0
316 256 757 267 0 0 0
316 256 754 264 -8 8 0
308 264 751 261 0 8 0
308 272 748 258 0 0 0
308 272 745 255 -8 8 0
300 280 742 252 0 -8 0
300 272 739 249 -8 -8 0
292 264 736 246 0 0 0
292 264 733 243 0 -8 0
292 256 730 240 -8 -8 0
284 248 727 237 0 0 0
284 248 724 234 0 8 0
284 256 721 231 -8 8 0
276 264 718 228 0 -8 0
276 256 715 225 -8 0 0
268 256 712 222 0 0 0
268 256 709 219 0 -8 0
268 248 706 216 -8 -8 0
260 240 703 213 0 -8 0
260 232 700 210 0 0 0
260 232 697 207 -8 0 0
252 232 694 204 0 8 0
252 240 691 201 -8 0 0
244 240 688 198 0 0 0
244 240 685 195 0 8 0
244 248 682 192 -8 -8 0
236 240 679 189 0 0 0
236 240 676 186 0 -8 0
236 232 673 183 -8 0 0
228 232 670 180 0 -8 0
228 224 667 177 -8 -8 0
220 216 664 174 0 0 0
220 216 661 171 0 0 0
220 216 658 168 -8 0 0
212 216 655 165 0 0 0
212 216 652 162 0 -8 0
212 208 649 159 -8 8 0
204 216 646 156 0 8 0
204 224 643 153 -8 -8 0
196 216 640 150 0 -8 0
196 208 637 147 0 0 0
196 208 634 144 -8 0 0
188 208 631 141 0 8 0
188 216 628 138 0 -8 0
188 208 625 135 -8 8 0
180 216 622 132 0 0 0
180 216 619 129 -8 -8 0
172 208 616 126 0 0 0
172 208 613 123 0 -8 0
172 200 610 120 -8 8 0
164 208 607 117 0 8 0
164 216 604 114 0 -8 0
164 208 601 111 -8 8 0
156 216 598 108 0 8 0
156 224 595 105 -8 -8 0
148 216 592 102 0 8 0
148 224 589 99 0 0 0
148 224 586 96 -8 8 0
140 232 583 93 0 -8 0
140 224 580 90 0 0 0
140 224 577 87 -8 -8 0
132 216 574 84 0 8 0
132 224 571 81 -8 8 0
124 232 568 78 0 -8 0
124 224 565 75 0 8 0
124 232 562 72 -8 8 0
116 240 559 69 0 0 0
116 240 556 66 0 8 0
116 248 553 63 -8 8 0
108 256 550 60 0 8 0
108 264 547 57 -8 -8 0
100 256 544 54 0 8 0
100 264 541 51 0 0 0
100 264 538 48 -8 -8 0
92 256 535 45 0 0 0
92 256 532 42 0 8 0
92 264 529 39 -8 8 0
84 272 526 36 0 0 0
84 272 523 33 -8 -8 0
76 264 520 30 0 0 0
76 264 517 27 0 0 0
76 264 514 24 -8 -8 0
68 256 511 21 0 -8 0
68 248 508 18 0 -8 0
68 240 505 15 -8 0 0
60 240 502 12 0 -8 0
60 232 499 9 -8 8 0
60 240 496 12 0 8 0
60 248 493 15 0 8 0
60 256 490 18 0 -8 0
60 248 487 21 0 8 0
60 256 484 24 0 8 0
60 264 481 27 0 -8 0
60 256 478 30 0 8 0
60 264 475 33 0 0 0
60 264 472 36 0 -8 0
60 256 469 39 0 8 0
60 264 466 42 0 -8 0
60 256 463 45 0 -8 0
60 248 460 48 0 -8 0
60 240 457 51 0 -8 0
60 232 454 54 0 8 0
60 240 451 57 0 0 0
60 240 448 60 0 0 0
60 240 445 63 0 -8 0
60 232 442 66 0 8 0
60 240 439 69 0 8 0
60 248 436 72 0 0 0
60 248 433 75 0 0 0
60 248 430 78 0 0 0
60 248 427 81 0 -8 0
60 240 424 84 0 -8 0
60 232 421 87 0 -8 0
60 224 418 90 0 -8 0
60 216 415 93 0 -8 0
60 208 412 96 0 0 0
60 208 409 99 0 -8 0
60 200 406 102 0 -8 0
60 192 403 105 0 -8 0
60 184 400 108 0 -8 0
60 176 397 111 8 0 0
68 176 394 114 0 -8 0
68 168 391 117 0 8 0
68 176 388 120 8 -8 0
76 168 385 123 0 -8 0
76 160 382 126 0 0 0
76 160 379 129 8 0 0
84 160 376 132 0 8 0
84 168 373 135 8 0 0
92 168 370 138 0 8 0
92 176 367 141 0 -8 0
92 168 364 144 8 8 0
100 176 361 147 0 -8 0
100 168 358 150 0 -8 0
100 160 355 153 8 8 0
108 168 352 156 0 0 0
108 168 349 159 8 0 0
116 168 346 162 0 -8 0
116 160 343 165 0 -8 0
116 152 340 168 8 8 0
124 160 337 171 0 -8 0
124 152 334 174 0 8 0
124 160 331 177 8 -8 0
132 152 328 180 0 8 0
132 160 325 183 8 -8 0
140 152 322 186 0 8 0
140 160 319 189 0 0 0
140 160 316 192 8 0 0
148 160 313 195 0 -8 0
148 152 310 198 0 0 0
148 152 307 201 8 8 0
156 160 304 204 0 -8 0
156 152 301 207 8 8 0
164 160 298 210 0 8 0
164 168 295 213 0 0 0
164 168 292 216 8 8 0
172 176 289 219 0 -8 0
172 168 286 222 0 -8 0
172 160 283 225 8 -8 0
180 152 280 228 0 -8 0
180 144 277 231 8 8 0
188 152 274 234 0 -8 0
188 144 271 237 0 0 0
188 144 268 240 8 8 0
196 152 265 243 0 -8 0
196 144 262 246 0 -8 0
196 136 259 249 8 -8 0
204 128 256 252 0 0 0
204 128 253 255 8 8 0
212 136 250 258 0 8 0
212 144 247 261 0 8 0
212 152 244 264 8 0 0
220 152 241 267 0 8 0
220 160 238 270 0 8 0
220 168 235 273 8 0 0
228 168 232 276 0 -8 0
228 160 229 279 8 0 0
236 160 226 282 0 -8 0
236 152 223 285 0 0 0
236 152 220 288 8 -8 0
244 144 217 291 0 8 0
244 152 214 294 0 8 0
244 160 211 297 8 8 0
252 168 208 300 0 0 0
252 168 205 303 8 8 0
260 176 202 306 0 8 0
260 184 199 309 0 0 0
260 184 196 312 8 -8 0
268 176 193 315 0 -8 0
268 168 190 318 0 0 0
268 168 187 321 8 -8 0
276 160 184 324 0 -8 0
276 152 181 327 8 -8 0
284 144 178 330 0 0 0
284 144 175 333 0 -8 0
284 136 172 336 8 -8 0
292 128 169 339 0 -8 0
292 120 166 342 0 -8 0
292 112 163 345 8 8 0
300 120 160 348 0 8 0
300 128 157 351 8 0 0
308 128 154 354 0 -8 0
308 120 151 357 0 -8 0
308 112 148 360 8 8 0
316 120 145 363 0 -8 0
316 112 142 366 0 8 0
316 120 139 369 8 -8 0
324 112 136 372 0 8 0
324 120 133 375 8 0 0
332 120 130 378 0 0 0
332 120 127 381 0 8 0
332 128 124 384 8 0 0
340 128 121 387 0 -8 0
340 120 118 390 0 8 0
340 128 115 393 8 0 0
348 128 112 396 0 0 0
348 128 109 399 8 -8 0
356 120 106 402 0 8 0
356 128 103 405 0 0 0
356 128 100 408 8 0 0
364 128 97 411 0 -8 0
364 120 94 414 0 -8 0
364 112 91 417 8 0 0
372 112 88 420 0 0 0
372 112 85 423 8 -8 0
380 104 82 426 0 8 0
380 112 79 429 0 0 0
380 112 76 432 8 0 0
388 112 73 435 0 8 0
388 120 70 438 0 -8 0
388 112 67 441 8 -8 0
396 104 64 444 0 0 0
396 104 61 447 8 8 0
404 112 58 450 0 0 0
404 112 55 453 0 0 0
404 112 52 456 8 0 0
412 112 49 459 0 8 0
412 120 46 462 0 -8 0
412 112 43 465 8 -8 0
420 104 40 468 0 8 0
420 112 37 471 8 -8 0
428 104 34 474 0 -8 0
428 96 31 477 0 8 0
428 104 28 480 8 8 0
436 112 25 483 0 8 0
436 120 22 486 0 8 0
436 128 19 489 0 0 1
436 128 19 489 0 0 1
436 128 19 489 0 0 1
436 128 19 489 0 0 1
436 128 19 489 0 0 1
