244 190 451 312 0 0 0
244 190 448 309 8 0 0
252 190 445 306 8 8 0
260 198 442 303 0 0 0
260 198 439 300 0 8 0
260 206 436 297 0 -8 0
260 198 433 294 0 -8 0
260 190 430 291 0 0 0
260 190 427 288 0 -8 0
260 182 424 285 0 8 0
260 190 421 282 0 0 0
260 190 418 279 0 -8 0
260 182 415 276 0 -8 0
260 174 412 273 0 -8 0
260 166 409 270 0 8 0
260 174 406 267 0 0 0
260 174 403 264 0 -8 0
260 166 400 261 0 -8 0
260 158 397 258 0 8 0
260 166 394 255 0 8 0
260 174 391 252 0 -8 0
260 166 388 249 0 8 0
260 174 385 246 0 0 0
260 174 382 243 0 0 0
260 174 379 240 0 -8 0
260 166 376 237 0 0 0
260 166 373 234 0 8 0
260 174 370 231 0 0 0
260 174 367 228 0 0 0
260 174 364 225 0 8 0
260 182 361 222 0 -8 0
260 174 358 219 0 -8 0
260 166 355 216 0 -8 0
260 158 352 213 0 8 0
260 166 349 210 0 8 0
260 174 346 207 -8 8 0
252 182 343 204 0 0 0
252 182 340 201 -8 0 0
244 182 337 198 0 8 0
244 190 334 195 0 -8 0
244 182 331 192 -8 -8 0
236 174 328 189 0 8 0
236 182 325 186 0 -8 0
236 174 322 183 -8 8 0
228 182 319 180 0 -8 0
228 174 316 177 -8 0 0
220 174 313 174 0 -8 0
220 166 310 171 0 0 0
220 166 307 168 -8 0 0
212 166 304 165 0 0 0
212 166 301 162 0 8 0
212 174 298 159 -8 8 0
204 182 295 156 0 -8 0
204 174 292 153 -8 0 0
196 174 289 150 0 0 0
196 174 286 147 0 -8 0
196 166 283 144 -8 0 0
188 166 280 141 0 -8 0
188 158 277 138 0 8 0
188 166 274 135 -8 -8 0
180 158 271 132 0 8 0
180 166 268 129 -8 -8 0
172 158 265 126 0 0 0
172 158 262 123 0 -8 0
172 150 259 120 -8 0 0
164 150 256 117 0 8 0
164 158 253 114 0 8 0
164 166 250 111 -8 0 0
156 166 247 108 0 -8 0
156 158 244 105 -8 0 0
148 158 241 102 0 8 0
148 166 238 99 0 8 0
148 174 235 96 -8 -8 0
140 166 232 93 0 8 0
140 174 229 90 0 -8 0
140 166 226 87 -8 8 0
132 174 223 84 0 8 0
132 182 220 81 -8 8 0
124 190 217 78 0 8 0
124 198 214 75 0 -8 0
124 190 211 72 -8 0 0
116 190 208 69 0 8 0
116 198 205 66 0 0 0
116 198 202 63 -8 -8 0
108 190 199 60 0 -8 0
108 182 196 57 -8 8 0
100 190 193 54 0 -8 0
100 182 190 51 0 -8 0
100 174 187 48 -8 -8 0
92 166 184 45 0 0 0
92 166 181 42 0 -8 0
92 158 178 39 -8 0 0
84 158 175 36 0 -8 0
84 150 172 33 -8 0 0
76 150 169 30 0 -8 0
76 142 166 27 0 -8 0
76 134 163 24 -8 -8 0
68 126 160 21 0 8 0
68 134 157 18 0 -8 0
68 126 154 15 -8 0 0
60 126 151 12 0 8 0
60 134 148 9 -8 8 0
60 142 145 12 0 8 0
60 150 142 15 0 8 0
60 158 139 18 0 8 0
60 166 136 21 0 -8 0
60 158 133 24 0 -8 0
60 150 130 27 0 0 0
60 150 127 30 0 -8 0
60 142 124 33 0 0 0
60 142 121 36 0 8 0
60 150 118 39 0 0 0
60 150 115 42 0 8 0
60 158 112 45 0 -8 0
60 150 109 48 0 8 0
60 158 106 51 0 8 0
60 166 103 54 0 -8 0
60 158 100 57 0 0 0
60 158 97 60 0 0 0
60 158 94 63 0 8 0
60 166 91 66 0 8 0
60 174 88 69 0 -8 0
60 166 85 72 0 8 0
60 174 82 75 0 -8 0
60 166 79 78 0 0 0
60 166 76 81 0 8 0
60 174 73 84 0 0 0
60 174 70 87 0 8 0
60 182 67 90 0 8 0
60 190 64 93 0 -8 0
60 182 61 96 0 8 0
60 190 58 99 0 -8 0
60 182 55 102 0 -8 0
60 174 52 105 0 0 0
60 174 49 108 0 8 0
60 182 46 111 8 8 0
68 190 43 114 0 0 0
68 190 40 117 0 8 0
68 198 37 120 8 0 0
76 198 34 123 0 -8 0
76 190 31 126 0 8 0
76 198 28 129 8 8 0
84 206 25 132 0 -8 0
84 198 22 135 8 -8 0
92 190 19 138 0 -8 0
92 182 22 141 0 0 0
92 182 25 144 8 8 0
100 190 28 147 0 0 0
100 190 31 150 0 -8 0
100 182 34 153 8 8 0
108 190 37 156 0 8 0
108 198 40 159 8 -8 0
116 190 43 162 0 -8 0
116 182 46 165 0 0 0
116 182 49 168 8 8 0
124 190 52 171 0 8 0
124 198 55 174 0 0 0
124 198 58 177 8 -8 0
132 190 61 180 0 8 0
132 198 64 183 8 0 0
140 198 67 186 0 -8 0
140 190 70 189 0 -8 0
140 182 73 192 8 8 0
148 190 76 195 0 -8 0
148 182 79 198 0 -8 0
148 174 82 201 8 8 0
156 182 85 204 0 0 0
156 182 88 207 8 8 0
164 190 91 210 0 -8 0
164 182 94 213 0 0 0
164 182 97 216 8 -8 0
172 174 100 219 0 0 0
172 174 103 222 0 8 0
172 182 106 225 8 0 0
180 182 109 228 0 8 0
180 190 112 231 8 8 0
188 198 115 234 0 8 0
188 206 118 237 0 8 0
188 214 121 240 8 -8 0
196 206 124 243 0 -8 0
196 198 127 246 0 8 0
196 206 130 249 8 -8 0
204 198 133 252 0 8 0
204 206 136 255 8 0 0
212 206 139 258 0 0 0
212 206 142 261 0 8 0
212 214 145 264 8 0 0
220 214 148 267 0 8 0
220 222 151 270 0 8 0
220 230 154 273 8 8 0
228 238 157 276 0 -8 0
228 230 160 279 8 0 0
236 230 163 282 0 8 0
236 238 166 285 0 -8 0
236 230 169 288 8 8 0
244 238 172 291 0 -8 0
244 230 175 294 0 -8 0
244 222 178 297 8 8 0
252 230 181 300 0 -8 0
252 222 184 303 8 8 0
260 230 187 306 0 8 0
260 238 190 309 0 8 0
260 246 193 312 8 -8 0
268 238 196 315 0 8 0
268 246 199 318 0 8 0
268 254 202 321 8 0 0
276 254 205 324 0 0 0
276 254 208 327 8 0 0
284 254 211 330 0 0 0
284 254 214 333 0 0 0
284 254 217 336 8 8 0
292 262 220 339 0 8 0
292 270 223 342 0 0 0
292 270 226 345 8 -8 0
300 262 229 348 0 -8 0
300 254 232 351 8 0 0
308 254 235 354 0 -8 0
308 246 238 357 0 -8 0
308 238 241 360 8 8 0
316 246 244 363 0 0 0
316 246 247 366 0 8 0
316 254 250 369 8 8 0
324 262 253 372 0 0 0
324 262 256 375 8 -8 0
332 254 259 378 0 0 0
332 254 262 381 0 -8 0
332 246 265 384 8 0 0
340 246 268 387 0 -8 0
340 238 271 390 0 8 0
340 246 274 393 8 0 0
348 246 277 396 0 0 0
348 246 280 399 8 8 0
356 254 283 402 0 0 0
356 254 286 405 0 -8 0
356 246 289 408 8 -8 0
364 238 292 411 0 8 0
364 246 295 414 0 8 0
364 254 298 417 8 0 0
372 254 301 420 0 -8 0
372 246 304 423 8 0 0
380 246 307 426 0 0 0
380 246 310 429 0 -8 0
380 238 313 432 8 8 0
388 246 316 435 0 0 0
388 246 319 438 0 -8 0
388 238 322 441 8 8 0
396 246 325 444 0 0 0
396 246 328 447 8 -8 0
404 238 331 450 0 -8 0
404 230 334 453 0 0 0
404 230 337 456 8 0 0
412 230 340 459 0 8 0
412 238 343 462 0 0 0
412 238 346 465 8 -8 0
420 230 349 468 0 0 0
420 230 352 471 8 8 0
428 238 355 474 0 0 0
428 238 358 477 0 8 0
428 246 361 480 8 0 0
436 246 364 483 0 8 0
436 254 367 486 0 -8 0
436 246 370 489 8 -8 0
444 238 373 492 0 8 0
444 246 376 495 8 8 0
452 254 379 498 0 -8 0
452 246 382 501 0 8 0
452 254 385 504 8 -8 0
460 246 388 507 0 0 0
460 246 391 510 0 -8 0
460 238 394 513 8 8 0
468 246 397 516 0 0 0
468 246 400 519 8 0 0
476 246 403 522 0 8 0
476 254 406 525 0 0 0
476 254 409 528 8 8 0
484 262 412 531 0 8 0
484 270 415 534 0 -8 0
484 262 418 537 8 0 0
492 262 421 540 0 -8 0
492 254 424 543 8 0 0
500 254 427 546 0 8 0
500 262 430 549 0 0 0
500 262 433 552 8 0 0
508 262 436 555 0 -8 0
508 254 439 558 0 8 0
508 262 442 561 8 8 0
516 270 445 564 0 0 0
516 270 448 567 8 8 0
524 278 451 570 0 -8 0
524 270 454 573 0 -8 0
524 262 457 576 8 -8 0
532 254 460 579 0 0 0
532 254 463 582 0 8 0
532 262 466 585 8 -8 0
540 254 469 588 0 -8 0
540 246 472 591 8 8 0
540 254 475 588 0 -8 0
540 246 478 585 0 0 0
540 246 481 582 0 -8 0
540 238 484 579 0 0 0
540 238 487 576 0 -8 0
540 230 490 573 0 8 0
540 238 493 570 0 -8 0
540 230 496 567 0 0 0
540 230 499 564 0 8 0
540 238 502 561 0 0 0
540 238 505 558 0 0 0
540 238 508 555 0 8 0
540 246 511 552 0 -8 0
540 238 514 549 0 8 0
540 246 517 546 0 -8 0
540 238 520 543 0 -8 0
540 230 523 540 0 0 0
540 230 526 537 0 -8 0
540 222 529 534 0 0 0
540 222 532 531 0 0 0
540 222 535 528 0 8 0
540 230 538 525 0 -8 0
540 222 541 522 0 8 0
540 230 544 519 0 8 0
540 238 547 516 0 8 0
540 246 550 513 0 8 0
540 254 553 510 0 -8 0
540 246 556 507 0 0 0
540 246 559 504 0 8 0
540 254 562 501 0 -8 0
540 246 565 498 0 0 0
540 246 568 495 0 -8 0
540 238 571 492 0 -8 0
540 230 574 489 -8 0 0
532 230 577 486 0 8 0
532 238 580 483 0 -8 0
532 230 583 480 -8 0 0
524 230 586 477 0 -8 0
524 222 589 474 0 -8 0
524 214 592 471 -8 -8 0
516 206 595 468 0 8 0
516 214 598 465 -8 -8 0
508 206 601 462 0 8 0
508 214 604 459 0 -8 0
508 206 607 456 -8 8 0
500 214 610 453 0 8 0
500 222 613 450 0 0 0
500 222 616 447 -8 8 0
492 230 619 444 0 0 0
492 230 622 441 -8 0 0
484 230 625 438 0 8 0
484 238 628 435 0 8 0
484 246 631 432 -8 -8 0
476 238 634 429 0 8 0
476 246 637 426 0 -8 0
476 238 640 423 -8 8 0
468 246 643 420 0 -8 0
468 238 646 417 -8 8 0
460 246 649 414 0 8 0
460 254 652 411 0 8 0
460 262 655 408 -8 8 0
452 270 658 405 0 0 0
452 270 661 402 0 0 0
452 270 664 399 -8 8 0
444 278 667 396 0 -8 0
444 270 670 393 -8 8 0
436 278 673 390 0 0 0
436 278 676 387 0 8 0
436 286 679 384 -8 -8 0
428 278 682 381 0 0 0
428 278 685 378 0 8 0
428 286 688 375 -8 8 0
420 294 691 372 0 -8 0
420 286 694 369 -8 0 0
412 286 697 366 0 8 0
412 294 700 363 0 8 0
412 302 703 360 -8 0 0
404 302 706 357 0 -8 0
404 294 709 354 0 -8 0
404 286 712 351 -8 -8 0
396 278 715 348 0 -8 0
396 270 718 345 -8 8 0
388 278 721 342 0 0 0
388 278 724 339 0 8 0
388 286 727 336 -8 -8 0
380 278 730 333 0 -8 0
380 270 733 330 0 8 0
380 278 736 327 -8 8 0
372 286 739 324 0 0 0
372 286 742 321 -8 -8 0
364 278 745 318 0 -8 0
364 270 748 315 0 -8 0
364 262 751 312 -8 -8 0
356 254 754 309 0 8 0
356 262 757 306 0 8 0
356 270 760 303 -8 0 0
348 270 763 300 0 -8 0
348 262 766 297 -8 -8 0
340 254 769 294 0 0 0
340 254 772 291 0 -8 0
340 246 775 288 -8 8 0
332 254 778 285 0 -8 0
332 246 781 282 0 0 0
332 246 778 279 -8 0 0
324 246 775 276 0 8 0
324 254 772 273 -8 -8 0
316 246 769 270 0 -8 0
316 238 766 267 0 0 0
316 238 763 264 -8 8 0
308 246 760 261 0 0 0
308 246 757 258 0 0 0
308 246 754 255 -8 -8 0
300 238 751 252 0 -8 0
300 230 748 249 -8 -8 0
292 222 745 246 0 0 0
292 222 742 243 0 -8 0
292 214 739 240 -8 0 0
284 214 736 237 0 0 0
284 214 733 234 0 8 0
284 222 730 231 -8 -8 0
276 214 727 228 0 8 0
276 222 724 225 -8 0 0
268 222 721 222 0 -8 0
268 214 718 219 0 8 0
268 222 715 216 -8 -8 0
260 214 712 213 0 0 0
260 214 709 210 0 -8 0
260 206 706 207 -8 8 0
252 214 703 204 0 0 0
252 214 700 201 -8 0 0
244 214 697 198 0 -8 0
244 206 694 195 0 8 0
244 214 691 192 -8 8 0
236 222 688 189 0 0 0
236 222 685 186 0 8 0
236 230 682 183 -8 8 0
228 238 679 180 0 -8 0
228 230 676 177 -8 -8 0
220 222 673 174 0 8 0
220 230 670 171 0 -8 0
220 222 667 168 -8 8 0
212 230 664 165 0 8 0
212 238 661 162 0 0 0
212 238 658 159 -8 -8 0
204 230 655 156 0 0 0
204 230 652 153 -8 0 0
196 230 649 150 0 -8 0
196 222 646 147 0 0 0
196 222 643 144 -8 0 0
188 222 640 141 0 0 0
188 222 637 138 0 0 0
188 222 634 135 -8 -8 0
180 214 631 132 0 0 0
180 214 628 129 -8 8 0
172 222 625 126 0 0 0
172 222 622 123 0 8 0
172 230 619 120 -8 0 0
164 230 616 117 0 8 0
164 238 613 114 0 0 0
164 238 610 111 -8 0 0
156 238 607 108 0 -8 0
156 230 604 105 -8 0 0
148 230 601 102 0 8 0
148 238 598 99 0 0 0
148 238 595 96 -8 8 0
140 246 592 93 0 -8 0
140 238 589 90 0 0 0
140 238 586 87 -8 8 0
132 246 583 84 0 8 0
132 254 580 81 -8 -8 0
124 246 577 78 0 0 0
124 246 574 75 0 -8 0
124 238 571 72 -8 8 0
116 246 568 69 0 8 0
116 254 565 66 0 -8 0
116 246 562 63 -8 8 0
108 254 559 60 0 0 0
108 254 556 57 -8 8 0
100 262 553 54 0 -8 0
100 254 550 51 0 -8 0
100 246 547 48 -8 8 0
92 254 544 45 0 8 0
92 262 541 42 0 0 0
92 262 538 39 -8 8 0
84 270 535 36 0 0 0
84 270 532 33 -8 0 0
76 270 529 30 0 8 0
76 278 526 27 0 8 0
76 286 523 24 -8 8 0
68 294 520 21 0 8 0
68 302 517 18 0 -8 0
68 294 514 15 -8 8 0
60 302 511 12 0 -8 0
60 294 508 9 -8 8 0
60 302 505 12 0 8 0
60 310 502 15 0 8 0
60 318 499 18 0 -8 0
60 310 496 21 0 8 0
60 318 493 24 0 0 0
60 318 490 27 0 0 0
60 318 487 30 0 0 0
60 318 484 33 0 -8 0
60 310 481 36 0 -8 0
60 302 478 39 0 -8 0
60 294 475 42 0 0 0
60 294 472 45 0 0 0
60 294 469 48 0 0 0
60 294 466 51 0 -8 0
60 286 463 54 0 -8 0
60 278 460 57 0 -8 0
60 270 457 60 0 -8 0
60 262 454 63 0 0 0
60 262 451 66 0 -8 0
60 254 448 69 0 -8 0
60 246 445 72 0 8 0
60 254 442 75 0 8 0
60 262 439 78 0 0 0
60 262 436 81 0 0 0
60 262 433 84 0 -8 0
60 254 430 87 0 0 0
60 254 427 90 0 0 0
60 254 424 93 0 8 0
60 262 421 96 0 -8 0
60 254 418 99 0 -8 0
60 246 415 102 0 8 0
60 254 412 105 0 -8 0
60 246 409 108 0 -8 0
60 238 406 111 8 -8 0
68 230 403 114 0 8 0
68 238 400 117 0 -8 0
68 230 397 120 8 -8 0
76 222 394 123 0 8 0
76 230 391 126 0 8 0
76 238 388 129 8 -8 0
84 230 385 132 0 0 0
84 230 382 135 8 -8 0
92 222 379 138 0 8 0
92 230 376 141 0 0 0
92 230 373 144 8 0 0
100 230 370 147 0 8 0
100 238 367 150 0 0 0
100 238 364 153 8 8 0
108 246 361 156 0 0 0
108 246 358 159 8 -8 0
116 238 355 162 0 8 0
116 246 352 165 0 8 0
116 254 349 168 8 -8 0
124 246 346 171 0 0 0
124 246 343 174 0 0 0
124 246 340 177 8 8 0
132 254 337 180 0 -8 0
132 246 334 183 8 0 0
140 246 331 186 0 0 0
140 246 328 189 0 0 0
140 246 325 192 8 0 0
148 246 322 195 0 0 0
148 246 319 198 0 8 0
148 254 316 201 8 -8 0
156 246 313 204 0 8 0
156 254 310 207 8 8 0
164 262 307 210 0 0 0
164 262 304 213 0 -8 0
164 254 301 216 8 0 0
172 254 298 219 0 0 0
172 254 295 222 0 8 0
172 262 292 225 8 8 0
180 270 289 228 0 8 0
180 278 286 231 8 0 0
188 278 283 234 0 -8 0
188 270 280 237 0 0 0
188 270 277 240 8 -8 0
196 262 274 243 0 -8 0
196 254 271 246 0 8 0
196 262 268 249 8 8 0
204 270 265 252 0 8 0
204 278 262 255 8 8 0
212 286 259 258 0 8 0
212 294 256 261 0 0 0
212 294 253 264 8 8 0
220 302 250 267 0 -8 0
220 294 247 270 0 -8 0
220 286 244 273 8 -8 0
228 278 241 276 0 8 0
228 286 238 279 8 8 0
236 294 235 282 0 -8 0
236 286 232 285 0 -8 0
236 278 229 288 8 8 0
244 286 226 291 0 0 0
244 286 223 294 0 0 0
244 286 220 297 8 8 0
252 294 217 300 0 -8 0
252 286 214 303 8 0 0
260 286 211 306 0 -8 0
260 278 208 309 0 -8 0
260 270 205 312 8 8 0
268 278 202 315 0 -8 0
268 270 199 318 0 8 0
268 278 196 321 8 -8 0
276 270 193 324 0 8 0
276 278 190 327 8 -8 0
284 270 187 330 0 0 0
284 270 184 333 0 -8 0
284 262 181 336 8 8 0
292 270 178 339 0 0 0
292 270 175 342 0 0 0
292 270 172 345 8 -8 0
300 262 169 348 0 -8 0
300 254 166 351 8 -8 0
308 246 163 354 0 0 0
308 246 160 357 0 8 0
308 254 157 360 8 -8 0
316 246 154 363 0 -8 0
316 238 151 366 0 8 0
316 246 148 369 8 8 0
324 254 145 372 0 0 0
324 254 142 375 8 0 0
332 254 139 378 0 8 0
332 262 136 381 0 0 0
332 262 133 384 8 8 0
340 270 130 387 0 8 0
340 278 127 390 0 -8 0
340 270 124 393 8 -8 0
348 262 121 396 0 8 0
348 270 118 399 8 8 0
356 278 115 402 0 8 0
356 286 112 405 0 -8 0
356 278 109 408 8 0 0
364 278 106 411 0 8 0
364 286 103 414 0 -8 0
364 278 100 417 8 -8 0
372 270 97 420 0 8 0
372 278 94 423 8 8 0
380 286 91 426 0 0 0
380 286 88 429 0 0 0
380 286 85 432 8 8 0
388 294 82 435 0 0 0
388 294 79 438 0 -8 0
388 286 76 441 8 8 0
396 294 73 444 0 8 0
396 302 70 447 8 0 0
404 302 67 450 0 8 0
404 310 64 453 0 8 0
404 318 61 456 8 -8 0
412 310 58 459 0 -8 0
412 302 55 462 0 8 0
412 310 52 465 8 8 0
420 318 49 468 0 0 0
420 318 46 471 8 8 0
428 326 43 474 0 0 0
428 326 40 477 0 0 0
428 326 37 480 8 -8 0
436 318 34 483 0 0 0
436 318 31 486 0 0 0
436 318 28 489 8 -8 0
444 310 25 492 0 0 0
444 310 22 495 8 -8 0
452 302 19 498 0 8 0
452 310 22 501 0 -8 0
452 302 25 504 8 0 0
460 302 28 507 0 0 0
460 302 31 510 0 -8 0
460 294 34 513 8 -8 0
468 286 37 516 0 0 0
468 286 40 519 8 -8 0
476 278 43 522 0 -8 0
476 270 46 525 0 -8 0
476 262 49 528 8 8 0
484 270 52 531 0 8 0
484 278 55 534 0 -8 0
484 270 58 537 8 -8 0
492 262 61 540 0 0 0
492 262 64 543 8 0 0
500 262 67 546 0 -8 0
500 254 70 549 0 8 0
500 262 73 552 8 8 0
508 270 76 555 0 -8 0
508 262 79 558 0 -8 0
508 254 82 561 8 8 0
516 262 85 564 0 0 0
516 262 88 567 8 0 0
524 262 91 570 0 -8 0
524 254 94 573 0 8 0
524 262 97 576 8 8 0
532 270 100 579 0 8 0
532 278 103 582 0 -8 0
532 270 106 585 8 0 0
540 270 109 588 0 -8 0
540 262 112 591 8 -8 0
540 254 115 588 0 0 0
540 254 118 585 0 -8 0
540 246 121 582 0 0 0
540 246 124 579 0 -8 0
540 238 127 576 0 -8 0
540 230 130 573 0 -8 0
540 222 133 570 0 8 0
540 230 136 567 0 -8 0
540 222 139 564 0 8 0
540 230 142 561 0 8 0
540 238 145 558 0 0 0
540 238 148 555 0 8 0
540 246 151 552 0 8 0
540 254 154 549 0 -8 0
540 246 157 546 0 8 0
540 254 160 543 0 0 0
540 254 163 540 0 -8 0
540 246 166 537 0 -8 0
540 238 169 534 0 -8 0
540 230 172 531 0 0 0
540 230 175 528 0 0 0
540 230 178 525 0 8 0
540 238 181 522 0 8 0
540 246 184 519 0 -8 0
540 238 187 516 0 0 0
540 238 190 513 0 8 0
540 246 193 510 0 -8 0
540 238 196 507 0 8 0
540 246 199 504 0 -8 0
540 238 202 501 0 0 0
540 238 205 498 0 8 0
540 246 208 495 0 -8 0
540 238 211 492 0 -8 0
540 230 214 489 -8 0 0
532 230 217 486 0 -8 0
532 222 220 483 0 8 0
532 230 223 480 -8 0 0
524 230 226 477 0 8 0
524 238 229 474 0 8 0
524 246 232 471 -8 8 0
516 254 235 468 0 -8 0
516 246 238 465 -8 0 0
508 246 241 462 0 8 0
508 254 244 459 0 -8 0
508 246 247 456 -8 8 0
500 254 250 453 0 0 0
500 254 253 450 0 0 0
500 254 256 447 -8 0 0
492 254 259 444 0 0 0
492 254 262 441 -8 8 0
484 262 265 438 0 8 0
484 270 268 435 0 8 0
484 278 271 432 -8 -8 0
476 270 274 429 0 8 0
476 278 277 426 0 8 0
476 286 280 423 -8 8 0
468 294 283 420 0 0 0
468 294 286 417 -8 8 0
460 302 289 414 0 -8 0
460 294 292 411 0 -8 0
460 286 295 408 -8 -8 0
452 278 298 405 0 0 0
452 278 301 402 0 0 0
452 278 304 399 -8 8 0
444 286 307 396 0 0 0
444 286 310 393 -8 0 0
436 286 313 390 0 -8 0
436 278 316 387 0 8 0
436 286 319 384 -8 8 0
428 294 322 381 0 0 0
428 294 325 378 0 8 0
428 302 328 375 -8 8 0
420 310 331 372 0 0 0
420 310 334 369 -8 0 0
412 310 337 366 0 -8 0
412 302 340 363 0 8 0
412 310 343 360 -8 8 0
404 318 346 357 0 -8 0
404 310 349 354 0 -8 0
404 302 352 351 -8 8 0
396 310 355 348 0 0 0
396 310 358 345 -8 0 0
388 310 361 342 0 -8 0
388 302 364 339 0 8 0
388 310 367 336 -8 0 0
380 310 370 333 0 8 0
380 318 373 330 0 -8 0
380 310 376 327 -8 -8 0
372 302 379 324 0 0 0
372 302 382 321 -8 -8 0
364 294 385 318 0 8 0
364 302 388 315 0 0 0
364 302 391 312 -8 8 0
356 310 394 309 0 8 0
356 318 397 306 0 0 0
356 318 400 303 -8 -8 0
348 310 403 300 0 0 0
348 310 406 297 -8 8 0
340 318 409 294 0 0 0
340 318 412 291 0 8 0
340 326 415 288 -8 0 0
332 326 418 285 0 -8 0
332 318 421 282 0 8 0
332 326 424 279 -8 8 0
324 334 427 276 0 0 0
324 334 430 273 -8 0 0
316 334 433 270 0 0 0
316 334 436 267 0 0 0
316 334 439 264 -8 -8 0
308 326 442 261 0 8 0
308 334 445 258 0 -8 0
308 326 448 255 -8 -8 0
300 318 451 252 0 8 0
300 326 454 249 -8 8 0
292 334 457 246 0 8 0
292 342 460 243 0 8 0
292 350 463 240 -8 0 0
284 350 466 237 0 -8 0
284 342 469 234 0 0 0
284 342 472 231 -8 0 0
276 342 475 228 0 -8 0
276 334 478 225 -8 0 0
268 334 481 222 0 8 0
268 342 484 219 0 8 0
268 350 487 216 -8 8 0
260 358 490 213 0 8 0
260 366 493 210 0 -8 0
260 358 496 207 -8 8 0
252 366 499 204 0 0 0
252 366 502 201 -8 -8 0
244 358 505 198 0 -8 0
244 350 508 195 0 8 0
244 358 511 192 -8 8 0
236 366 514 189 0 -8 0
236 358 517 186 0 0 0
236 358 520 183 -8 -8 0
228 350 523 180 0 8 0
228 358 526 177 -8 0 0
220 358 529 174 0 0 0
220 358 532 171 0 0 0
220 358 535 168 -8 8 0
212 366 538 165 0 -8 0
212 358 541 162 0 -8 0
212 350 544 159 -8 -8 0
204 342 547 156 0 0 0
204 342 550 153 -8 8 0
196 350 553 150 0 -8 0
196 342 556 147 0 8 0
196 350 559 144 -8 0 0
188 350 562 141 0 0 0
188 350 565 138 0 -8 0
188 342 568 135 -8 8 0
180 350 571 132 0 0 0
180 350 574 129 -8 8 0
172 358 577 126 0 8 0
172 366 580 123 0 0 0
172 366 583 120 -8 -8 0
164 358 586 117 0 -8 0
164 350 589 114 0 0 0
164 350 592 111 -8 0 0
156 350 595 108 0 8 0
156 358 598 105 -8 -8 0
148 350 601 102 0 0 0
148 350 604 99 0 0 0
148 350 607 96 -8 -8 0
140 342 610 93 0 8 0
140 350 613 90 0 8 0
140 358 616 87 -8 -8 0
132 350 619 84 0 8 0
132 358 622 81 -8 8 0
124 366 625 78 0 -8 0
124 358 628 75 0 8 0
124 366 631 72 -8 0 0
116 366 634 69 0 0 0
116 366 637 66 0 -8 0
116 358 640 63 -8 8 0
108 366 643 60 0 8 0
108 374 646 57 -8 -8 0
100 366 649 54 0 0 0
100 366 652 51 0 0 0
100 366 655 48 -8 8 0
92 374 658 45 0 8 0
92 382 661 42 0 0 0
92 382 664 39 -8 -8 0
84 374 667 36 0 8 0
84 382 670 33 -8 0 0
76 382 673 30 0 0 0
76 382 676 27 0 8 0
76 390 679 24 -8 8 0
68 398 682 21 0 8 0
68 406 685 18 0 -8 0
68 398 688 15 -8 8 0
60 406 691 12 0 8 0
60 414 694 9 -8 8 0
60 422 697 12 0 0 0
60 422 700 15 0 8 0
60 430 703 18 0 8 0
60 438 706 21 0 8 0
60 446 709 24 0 0 0
60 446 712 27 0 8 0
60 454 715 30 0 0 0
60 454 718 33 0 0 0
60 454 721 36 0 0 0
60 454 724 39 0 8 0
60 462 727 42 0 8 0
60 470 730 45 0 -8 0
60 462 733 48 0 -8 0
60 454 736 51 0 -8 0
60 446 739 54 0 0 0
60 446 742 57 0 -8 0
60 438 745 60 0 8 0
60 446 748 63 0 8 0
60 454 751 66 0 -8 0
60 446 754 69 0 0 0
60 446 757 72 0 -8 0
60 438 760 75 0 -8 0
60 430 763 78 0 0 0
60 430 766 81 0 0 0
60 430 769 84 0 0 0
60 430 772 87 0 0 0
60 430 775 90 0 8 0
60 438 778 93 0 0 0
60 438 781 96 0 0 1
60 438 781 96 0 0 1
60 438 781 96 0 0 1
60 438 781 96 0 0 1
60 438 781 96 0 0 1
