144 510 454 360 0 0 0
144 510 457 357 8 -8 0
152 502 460 354 8 -8 0
160 494 463 351 8 0 0
168 494 466 348 8 -8 0
176 486 469 345 8 0 0
184 486 472 342 8 -8 0
192 478 475 339 8 8 0
200 486 478 336 8 0 0
208 486 481 333 8 -8 0
216 478 484 330 8 0 0
224 478 487 327 8 8 0
232 486 490 324 8 -8 0
240 478 493 321 8 -8 0
248 470 496 318 8 0 0
256 470 499 315 8 8 0
264 478 502 312 0 8 0
264 486 505 309 0 8 0
264 494 508 306 0 8 0
264 502 511 303 0 0 0
264 502 514 300 0 8 0
264 510 517 297 0 -8 0
264 502 520 294 0 8 0
264 510 523 291 0 0 0
264 510 526 288 0 8 0
264 518 529 285 0 -8 0
264 510 532 282 0 -8 0
264 502 535 279 0 -8 0
264 494 538 276 0 -8 0
264 486 541 273 0 -8 0
264 478 544 270 0 0 0
264 478 547 267 0 -8 0
264 470 550 264 0 0 0
264 470 553 261 0 0 0
264 470 556 258 0 0 0
264 470 559 255 0 0 0
264 470 562 252 0 -8 0
264 462 565 249 0 0 0
264 462 568 246 0 8 0
264 470 571 243 0 -8 0
264 462 574 240 0 -8 0
264 454 577 237 0 0 0
264 454 580 234 0 8 0
264 462 583 231 0 0 0
264 462 586 228 0 8 0
264 470 589 225 0 0 0
264 470 592 222 0 0 0
264 470 595 219 0 -8 0
264 462 598 216 0 0 0
264 462 601 213 -8 0 0
256 462 604 210 0 8 0
256 470 607 207 0 8 0
256 478 610 204 -8 8 0
248 486 613 201 0 -8 0
248 478 616 198 0 8 0
248 486 619 195 -8 -8 0
240 478 622 192 0 0 0
240 478 625 189 -8 0 0
232 478 628 186 0 8 0
232 486 631 183 0 8 0
232 494 634 180 -8 0 0
224 494 637 177 0 -8 0
224 486 640 174 0 0 0
224 486 643 171 -8 0 0
216 486 646 168 0 0 0
216 486 649 165 -8 0 0
208 486 652 162 0 0 0
208 486 655 159 0 0 0
208 486 658 156 -8 8 0
200 494 661 153 0 -8 0
200 486 664 150 0 -8 0
200 478 667 147 -8 -8 0
192 470 670 144 0 -8 0
192 462 673 141 -8 8 0
184 470 676 138 0 -8 0
184 462 679 135 0 8 0
184 470 682 132 -8 0 0
176 470 685 129 0 8 0
176 478 688 126 0 0 0
176 478 691 123 -8 -8 0
168 470 694 120 0 8 0
168 478 697 117 -8 -8 0
160 470 700 114 0 8 0
160 478 703 111 0 -8 0
160 470 706 108 -8 8 0
152 478 709 105 0 0 0
152 478 712 102 0 0 0
152 478 715 99 -8 8 0
144 486 718 96 0 -8 0
144 478 721 93 -8 0 0
136 478 724 90 0 8 0
136 486 727 87 0 8 0
136 494 730 84 -8 0 0
128 494 733 81 0 8 0
128 502 736 78 0 8 0
128 510 739 75 -8 8 0
120 518 742 72 0 -8 0
120 510 745 69 -8 -8 0
112 502 748 66 0 8 0
112 510 751 63 0 -8 0
112 502 754 60 -8 0 0
104 502 757 57 0 -8 0
104 494 760 54 0 0 0
104 494 763 51 -8 0 0
96 494 766 48 0 -8 0
96 486 769 45 -8 0 0
88 486 772 42 0 0 0
88 486 775 39 0 -8 0
88 478 778 36 -8 -8 0
80 470 781 33 0 0 1
80 470 781 33 0 0 1
80 470 781 33 0 0 1
80 470 781 33 0 0 1
80 470 781 33 0 0 1
