521 315 544 414 0 0 0
521 315 541 417 -8 8 0
513 323 538 420 -8 0 0
505 323 535 423 -8 0 0
497 323 532 426 -8 0 0
489 323 529 429 -8 0 0
481 323 526 432 0 0 0
481 323 523 435 0 8 0
481 331 520 438 0 -8 0
481 323 517 441 0 8 0
481 331 514 444 0 8 0
481 339 511 447 0 0 0
481 339 508 450 0 8 0
481 347 505 453 0 8 0
481 355 502 456 0 0 0
481 355 499 459 0 0 0
481 355 496 462 0 -8 0
481 347 493 465 0 8 0
481 355 490 468 0 -8 0
481 347 487 471 0 0 0
481 347 484 474 0 0 0
481 347 481 477 0 8 0
481 355 478 480 0 0 0
481 355 475 483 0 0 0
481 355 472 486 0 -8 0
481 347 469 489 0 0 0
481 347 466 492 0 0 0
481 347 463 495 0 8 0
481 355 460 498 0 -8 0
481 347 457 501 0 0 0
481 347 454 504 0 0 0
481 347 451 507 0 -8 0
481 339 448 510 0 0 0
481 339 445 513 0 -8 0
481 331 442 516 0 -8 0
481 323 439 519 0 0 0
481 323 436 522 0 8 0
481 331 433 525 0 -8 0
481 323 430 528 0 0 0
481 323 427 531 0 -8 0
481 315 424 534 8 0 0
489 315 421 537 0 8 0
489 323 418 540 8 -8 0
497 315 415 543 0 8 0
497 323 412 546 0 8 0
497 331 409 549 8 -8 0
505 323 406 552 0 8 0
505 331 403 555 0 0 0
505 331 400 558 8 8 0
513 339 397 561 0 0 0
513 339 394 564 8 8 0
521 347 391 567 0 0 0
521 347 388 570 0 -8 0
521 339 385 573 8 -8 0
529 331 382 576 0 8 0
529 339 379 579 0 0 0
529 339 376 582 8 0 0
537 339 373 585 0 0 0
537 339 370 588 8 8 0
540 347 367 591 8 -8 0
540 339 364 588 0 -8 0
540 331 361 585 0 -8 0
540 323 358 582 0 8 0
540 331 355 579 0 0 0
540 331 352 576 0 -8 0
540 323 349 573 0 8 0
540 331 346 570 0 8 0
540 339 343 567 0 8 0
540 347 340 564 0 -8 0
540 339 337 561 0 -8 0
540 331 334 558 0 -8 0
540 323 331 555 0 -8 0
540 315 328 552 0 0 0
540 315 325 549 0 8 0
540 323 322 546 0 8 0
540 331 319 543 0 -8 0
540 323 316 540 0 -8 0
540 315 313 537 0 -8 0
540 307 310 534 0 0 0
540 307 307 531 0 0 0
540 307 304 528 0 8 0
540 315 301 525 0 -8 0
540 307 298 522 0 8 0
540 315 295 519 0 -8 0
540 307 292 516 0 0 0
540 307 289 513 0 -8 0
540 299 286 510 0 0 0
540 299 283 507 0 0 0
540 299 280 504 0 8 0
540 307 277 501 0 0 0
540 307 274 498 0 0 0
540 307 271 495 0 -8 0
540 299 268 492 0 -8 0
540 291 265 489 -8 -8 0
532 283 262 486 0 0 0
532 283 259 483 0 8 0
532 291 256 480 -8 0 0
524 291 253 477 0 -8 0
524 283 250 474 0 -8 0
524 275 247 471 -8 -8 0
516 267 244 468 0 -8 0
516 259 241 465 -8 0 0
508 259 238 462 0 0 0
508 259 235 459 0 -8 0
508 251 232 456 -8 8 0
500 259 229 453 0 0 0
500 259 226 450 0 8 0
500 267 223 447 -8 8 0
492 275 220 444 0 -8 0
492 267 217 441 -8 8 0
484 275 214 438 0 8 0
484 283 211 435 0 -8 0
484 275 208 432 -8 8 0
476 283 205 429 0 0 0
476 283 202 426 0 -8 0
476 275 199 423 -8 8 0
468 283 196 420 0 0 0
468 283 193 417 -8 0 0
460 283 190 414 0 0 0
460 283 187 411 0 -8 0
460 275 184 408 -8 0 0
452 275 181 405 0 8 0
452 283 178 402 0 8 0
452 291 175 399 -8 0 0
444 291 172 396 0 -8 0
444 283 169 393 -8 0 0
436 283 166 390 0 -8 0
436 275 163 387 0 -8 0
436 267 160 384 -8 8 0
428 275 157 381 0 -8 0
428 267 154 378 0 0 0
428 267 151 375 -8 8 0
420 275 148 372 0 0 0
420 275 145 369 -8 8 0
412 283 142 366 0 -8 0
412 275 139 363 0 8 0
412 283 136 360 -8 8 0
404 291 133 357 0 -8 0
404 283 130 354 0 8 0
404 291 127 351 -8 0 0
396 291 124 348 0 -8 0
396 283 121 345 -8 -8 0
388 275 118 342 0 0 0
388 275 115 339 0 -8 0
388 267 112 336 -8 0 0
380 267 109 333 0 -8 0
380 259 106 330 0 8 0
380 267 103 327 -8 -8 0
372 259 100 324 0 -8 0
372 251 97 321 -8 8 0
364 259 94 318 0 -8 0
364 251 91 315 0 0 0
364 251 88 312 -8 -8 0
356 243 85 309 0 -8 0
356 235 82 306 0 8 0
356 243 79 303 -8 -8 0
348 235 76 300 0 0 0
348 235 73 297 -8 0 0
340 235 70 294 0 -8 0
340 227 67 291 0 0 0
340 227 64 288 -8 0 0
332 227 61 285 0 0 0
332 227 58 282 0 0 0
332 227 55 279 -8 8 0
324 235 52 276 0 8 0
324 243 49 273 -8 8 0
316 251 46 270 0 8 0
316 259 43 267 0 -8 0
316 251 40 264 -8 -8 0
308 243 37 261 0 0 0
308 243 34 258 0 -8 0
308 235 31 255 -8 0 0
300 235 28 252 0 -8 0
300 227 25 249 -8 0 0
292 227 22 246 0 -8 0
292 219 19 243 0 -8 0
292 211 22 240 -8 0 0
284 211 25 237 0 8 0
284 219 28 234 0 8 0
284 227 31 231 -8 -8 0
276 219 34 228 0 8 0
276 227 37 225 -8 -8 0
268 219 40 222 0 -8 0
268 211 43 219 0 0 0
268 211 46 216 -8 -8 0
260 203 49 213 0 8 0
260 211 52 210 0 8 0
260 219 55 207 -8 -8 0
252 211 58 204 0 8 0
252 219 61 201 -8 0 0
244 219 64 198 0 0 0
244 219 67 195 0 0 0
244 219 70 192 -8 8 0
236 227 73 189 0 8 0
236 235 76 186 0 0 0
236 235 79 183 -8 -8 0
228 227 82 180 0 0 0
228 227 85 177 -8 8 0
220 235 88 174 0 -8 0
220 227 91 171 0 -8 0
220 219 94 168 -8 8 0
212 227 97 165 0 0 0
212 227 100 162 0 0 0
212 227 103 159 -8 8 0
204 235 106 156 0 -8 0
204 227 109 153 -8 0 0
196 227 112 150 0 -8 0
196 219 115 147 0 -8 0
196 211 118 144 -8 8 0
188 219 121 141 0 0 0
188 219 124 138 0 0 0
188 219 127 135 -8 8 0
180 227 130 132 0 -8 0
180 219 133 129 -8 -8 0
172 211 136 126 0 8 0
172 219 139 123 0 0 0
172 219 142 120 -8 -8 0
164 211 145 117 0 -8 0
164 203 148 114 0 0 0
164 203 151 111 -8 -8 0
156 195 154 108 0 -8 0
156 187 157 105 -8 -8 0
148 179 160 102 0 8 0
148 187 163 99 0 -8 0
148 179 166 96 -8 0 0
140 179 169 93 0 -8 0
140 171 172 90 0 0 0
140 171 175 87 -8 8 0
132 179 178 84 0 -8 0
132 171 181 81 -8 0 0
124 171 184 78 0 8 0
124 179 187 75 0 0 0
124 179 190 72 -8 0 0
116 179 193 69 0 8 0
116 187 196 66 0 0 0
116 187 199 63 -8 8 0
108 195 202 60 0 8 0
108 203 205 57 -8 -8 0
100 195 208 54 0 -8 0
100 187 211 51 0 0 0
100 187 214 48 -8 8 0
92 195 217 45 0 0 0
92 195 220 42 0 0 0
92 195 223 39 -8 8 0
84 203 226 36 0 8 0
84 211 229 33 -8 8 0
76 219 232 30 0 -8 0
76 211 235 27 0 8 0
76 219 238 24 -8 0 0
68 219 241 21 0 0 0
68 219 244 18 0 8 0
68 227 247 15 -8 -8 0
60 219 250 12 0 -8 0
60 211 253 9 -8 -8 0
60 203 256 12 0 -8 0
60 195 259 15 0 0 0
60 195 262 18 0 8 0
60 203 265 21 0 0 0
60 203 268 24 0 8 0
60 211 271 27 0 8 0
60 219 274 30 0 -8 0
60 211 277 33 0 -8 0
60 203 280 36 0 0 0
60 203 283 39 0 0 0
60 203 286 42 0 0 0
60 203 289 45 0 8 0
60 211 292 48 0 -8 0
60 203 295 51 0 0 0
60 203 298 54 0 0 0
60 203 301 57 0 0 0
60 203 304 60 0 0 0
60 203 307 63 0 0 0
60 203 310 66 0 8 0
60 211 313 69 0 8 0
60 219 316 72 0 -8 0
60 211 319 75 0 0 0
60 211 322 78 0 8 0
60 219 325 81 0 0 0
60 219 328 84 0 -8 0
60 211 331 87 0 0 0
60 211 334 90 0 -8 0
60 203 337 93 0 0 0
60 203 340 96 0 0 0
60 203 343 99 0 8 0
60 211 346 102 0 -8 0
60 203 349 105 0 -8 0
60 195 352 108 0 0 0
60 195 355 111 8 -8 0
68 187 358 114 0 0 0
68 187 361 117 0 0 0
68 187 364 120 8 8 0
76 195 367 123 0 0 0
76 195 370 126 0 0 0
76 195 373 129 8 -8 0
84 187 376 132 0 8 0
84 195 379 135 8 8 0
92 203 382 138 0 8 0
92 211 385 141 0 8 0
92 219 388 144 8 8 0
100 227 391 147 0 8 0
100 235 394 150 0 8 0
100 243 397 153 8 -8 0
108 235 400 156 0 -8 0
108 227 403 159 8 -8 0
116 219 406 162 0 0 0
116 219 409 165 0 8 0
116 227 412 168 8 -8 0
124 219 415 171 0 0 0
124 219 418 174 0 -8 0
124 211 421 177 8 0 0
132 211 424 180 0 8 0
132 219 427 183 8 0 0
140 219 430 186 0 0 0
140 219 433 189 0 0 0
140 219 436 192 8 0 0
148 219 439 195 0 8 0
148 227 442 198 0 8 0
148 235 445 201 8 -8 0
156 227 448 204 0 8 0
156 235 451 207 8 -8 0
164 227 454 210 0 8 0
164 235 457 213 0 -8 0
164 227 460 216 8 -8 0
172 219 463 219 0 -8 0
172 211 466 222 0 -8 0
172 203 469 225 8 0 0
180 203 472 228 0 8 0
180 211 475 231 8 -8 0
188 203 478 234 0 0 0
188 203 481 237 0 8 0
188 211 484 240 8 0 0
196 211 487 243 0 8 0
196 219 490 246 0 8 0
196 227 493 249 8 -8 0
204 219 496 252 0 0 0
204 219 499 255 8 8 0
212 227 502 258 0 -8 0
212 219 505 261 0 -8 0
212 211 508 264 8 -8 0
220 203 511 267 0 8 0
220 211 514 270 0 8 0
220 219 517 273 8 8 0
228 227 520 276 0 -8 0
228 219 523 279 8 8 0
236 227 526 282 0 -8 0
236 219 529 285 0 -8 0
236 211 532 288 8 0 0
244 211 535 291 0 -8 0
244 203 538 294 0 8 0
244 211 541 297 8 -8 0
252 203 544 300 0 -8 0
252 195 547 303 8 0 0
260 195 550 306 0 0 0
260 195 553 309 0 0 0
260 195 556 312 8 8 0
268 203 559 315 0 0 0
268 203 562 318 0 0 0
268 203 565 321 8 -8 0
276 195 568 324 0 -8 0
276 187 571 327 8 8 0
284 195 574 330 0 0 0
284 195 577 333 0 0 0
284 195 580 336 8 -8 0
292 187 583 339 0 -8 0
292 179 586 342 0 -8 0
292 171 589 345 8 -8 0
300 163 592 348 0 -8 0
300 155 595 351 8 -8 0
308 147 598 354 0 -8 0
308 139 601 357 0 8 0
308 147 604 360 8 8 0
316 155 607 363 0 0 0
316 155 610 366 0 0 0
316 155 613 369 8 0 0
324 155 616 372 0 -8 0
324 147 619 375 8 8 0
332 155 622 378 0 -8 0
332 147 625 381 0 8 0
332 155 628 384 8 8 0
340 163 631 387 0 8 0
340 171 634 390 0 0 0
340 171 637 393 8 -8 0
348 163 640 396 0 -8 0
348 155 643 399 8 0 0
356 155 646 402 0 8 0
356 163 649 405 0 8 0
356 171 652 408 8 8 0
364 179 655 411 0 8 0
364 187 658 414 0 8 0
364 195 661 417 8 -8 0
372 187 664 420 0 8 0
372 195 667 423 8 8 0
380 203 670 426 0 -8 0
380 195 673 429 0 -8 0
380 187 676 432 8 8 0
388 195 679 435 0 -8 0
388 187 682 438 0 0 0
388 187 685 441 8 -8 0
396 179 688 444 0 0 0
396 179 691 447 8 0 0
404 179 694 450 0 8 0
404 187 697 453 0 8 0
404 195 700 456 8 0 0
412 195 703 459 0 -8 0
412 187 706 462 0 0 0
412 187 709 465 8 8 0
420 195 712 468 0 -8 0
420 187 715 471 8 8 0
428 195 718 474 0 -8 0
428 187 721 477 0 -8 0
428 179 724 480 8 -8 0
436 171 727 483 0 8 0
436 179 730 486 0 8 0
436 187 733 489 8 0 0
444 187 736 492 0 0 0
444 187 739 495 8 -8 0
452 179 742 498 0 8 0
452 187 745 501 0 8 0
452 195 748 504 8 -8 0
460 187 751 507 0 -8 0
460 179 754 510 0 8 0
460 187 757 513 8 8 0
468 195 760 516 0 -8 0
468 187 763 519 8 8 0
476 195 766 522 0 8 0
476 203 769 525 0 8 0
476 211 772 528 8 8 0
484 219 775 531 0 0 0
484 219 778 534 0 0 0
484 219 781 537 0 0 1
484 219 781 537 0 0 1
484 219 781 537 0 0 1
484 219 781 537 0 0 1
484 219 781 537 0 0 1
