217 270 280 432 0 0 0
217 270 277 429 8 8 0
225 278 274 426 8 0 0
233 278 271 423 8 -8 0
241 270 268 420 8 -8 0
249 262 265 417 8 8 0
257 270 262 414 8 8 0
265 278 259 411 8 8 0
273 286 256 408 8 -8 0
281 278 253 405 8 -8 0
289 270 250 402 8 0 0
297 270 247 399 8 -8 0
305 262 244 396 8 -8 0
313 254 241 393 8 0 0
321 254 238 390 8 8 0
329 262 235 387 8 -8 0
337 254 232 384 0 -8 0
337 246 229 381 0 -8 0
337 238 226 378 0 -8 0
337 230 223 375 0 8 0
337 238 220 372 0 0 0
337 238 217 369 0 8 0
337 246 214 366 0 8 0
337 254 211 363 0 8 0
337 262 208 360 0 0 0
337 262 205 357 0 -8 0
337 254 202 354 0 -8 0
337 246 199 351 0 8 0
337 254 196 348 0 0 0
337 254 193 345 0 0 0
337 254 190 342 0 -8 0
337 246 187 339 0 -8 0
337 238 184 336 0 8 0
337 246 181 333 0 -8 0
337 238 178 330 0 0 0
337 238 175 327 0 -8 0
337 230 172 324 0 0 0
337 230 169 321 0 0 0
337 230 166 318 0 8 0
337 238 163 315 0 -8 0
337 230 160 312 0 0 0
337 230 157 309 0 0 0
337 230 154 306 0 0 0
337 230 151 303 0 8 0
337 238 148 300 0 0 0
337 238 145 297 0 0 0
337 238 142 294 0 -8 0
337 230 139 291 0 8 0
337 238 136 288 0 8 0
337 246 133 285 -8 0 0
329 246 130 282 0 0 0
329 246 127 279 0 -8 0
329 238 124 276 -8 8 0
321 246 121 273 0 -8 0
321 238 118 270 -8 8 0
313 246 115 267 0 0 0
313 246 112 264 0 8 0
313 254 109 261 -8 -8 0
305 246 106 258 0 -8 0
305 238 103 255 0 -8 0
305 230 100 252 -8 -8 0
297 222 97 249 0 8 0
297 230 94 246 -8 8 0
289 238 91 243 0 0 0
289 238 88 240 0 8 0
289 246 85 237 -8 -8 0
281 238 82 234 0 -8 0
281 230 79 231 0 -8 0
281 222 76 228 -8 -8 0
273 214 73 225 0 -8 0
273 206 70 222 -8 0 0
265 206 67 219 0 -8 0
265 198 64 216 0 -8 0
265 190 61 213 -8 0 0
257 190 58 210 0 -8 0
257 182 55 207 0 8 0
257 190 52 204 -8 -8 0
249 182 49 201 0 8 0
249 190 46 198 -8 0 0
241 190 43 195 0 0 0
241 190 40 192 0 0 0
241 190 37 189 -8 -8 0
233 182 34 186 0 -8 0
233 174 31 183 0 0 0
233 174 28 180 -8 8 0
225 182 25 177 0 -8 0
225 174 22 174 -8 0 0
217 174 19 171 0 8 0
217 182 22 168 0 0 0
217 182 25 165 -8 0 0
209 182 28 162 0 -8 0
209 174 31 159 0 0 0
209 174 34 156 -8 0 0
201 174 37 153 0 0 0
201 174 40 150 -8 0 0
193 174 43 147 0 0 0
193 174 46 144 0 0 0
193 174 49 141 -8 0 0
185 174 52 138 0 8 0
185 182 55 135 0 -8 0
185 174 58 132 -8 8 0
177 182 61 129 0 0 0
177 182 64 126 -8 8 0
169 190 67 123 0 0 0
169 190 70 120 0 -8 0
169 182 73 117 -8 8 0
161 190 76 114 0 -8 0
161 182 79 111 0 0 0
161 182 82 108 -8 8 0
153 190 85 105 0 0 0
153 190 88 102 -8 0 0
145 190 91 99 0 8 0
145 198 94 96 0 -8 0
145 190 97 93 -8 -8 0
137 182 100 90 0 -8 0
137 174 103 87 0 8 0
137 182 106 84 -8 0 0
129 182 109 81 0 0 0
129 182 112 78 -8 8 0
121 190 115 75 0 0 0
121 190 118 72 0 -8 0
121 182 121 69 -8 8 0
113 190 124 66 0 0 0
113 190 127 63 0 8 0
113 198 130 60 -8 8 0
105 206 133 57 0 0 0
105 206 136 54 -8 -8 0
97 198 139 51 0 0 0
97 198 142 48 0 -8 0
97 190 145 45 -8 0 0
89 190 148 42 0 8 0
89 198 151 39 0 0 0
89 198 154 36 -8 -8 0
81 190 157 33 0 0 0
81 190 160 30 -8 -8 0
73 182 163 27 0 -8 0
73 174 166 24 0 -8 0
73 166 169 21 -8 -8 0
65 158 172 18 0 8 0
65 166 175 15 0 8 0
65 174 178 12 -8 0 0
60 174 181 9 -8 0 0
60 174 184 12 0 -8 0
60 166 187 15 0 0 0
60 166 190 18 0 0 0
60 166 193 21 0 8 0
60 174 196 24 0 8 0
60 182 199 27 0 -8 0
60 174 202 30 0 8 0
60 182 205 33 0 0 0
60 182 208 36 0 -8 0
60 174 211 39 0 8 0
60 182 214 42 0 8 0
60 190 217 45 0 0 0
60 190 220 48 0 0 0
60 190 223 51 0 0 0
60 190 226 54 0 8 0
60 198 229 57 0 8 0
60 206 232 60 0 0 0
60 206 235 63 0 -8 0
60 198 238 66 0 -8 0
60 190 241 69 0 0 0
60 190 244 72 0 -8 0
60 182 247 75 0 8 0
60 190 250 78 0 0 0
60 190 253 81 0 8 0
60 198 256 84 0 -8 0
60 190 259 87 0 -8 0
60 182 262 90 0 8 0
60 190 265 93 0 0 0
60 190 268 96 0 -8 0
60 182 271 99 0 -8 0
60 174 274 102 0 -8 0
60 166 277 105 0 0 0
60 166 280 108 0 8 0
60 174 283 111 8 0 0
68 174 286 114 0 8 0
68 182 289 117 0 8 0
68 190 292 120 8 0 0
76 190 295 123 0 -8 0
76 182 298 126 0 0 0
76 182 301 129 8 0 0
84 182 304 132 0 8 0
84 190 307 135 8 -8 0
92 182 310 138 0 8 0
92 190 313 141 0 -8 0
92 182 316 144 8 -8 0
100 174 319 147 0 -8 0
100 166 322 150 0 0 0
100 166 325 153 8 8 0
108 174 328 156 0 -8 0
108 166 331 159 8 0 0
116 166 334 162 0 0 0
116 166 337 165 0 8 0
116 174 340 168 8 8 0
124 182 343 171 0 0 0
124 182 346 174 0 8 0
124 190 349 177 8 -8 0
132 182 352 180 0 8 0
132 190 355 183 8 0 0
140 190 358 186 0 -8 0
140 182 361 189 0 -8 0
140 174 364 192 8 -8 0
148 166 367 195 0 8 0
148 174 370 198 0 -8 0
148 166 373 201 8 0 0
156 166 376 204 0 -8 0
156 158 379 207 8 8 0
164 166 382 210 0 8 0
164 174 385 213 0 0 0
164 174 388 216 8 8 0
172 182 391 219 0 8 0
172 190 394 222 0 -8 0
172 182 397 225 8 8 0
180 190 400 228 0 8 0
180 198 403 231 8 -8 0
188 190 406 234 0 0 0
188 190 409 237 0 -8 0
188 182 412 240 8 -8 0
196 174 415 243 0 8 0
196 182 418 246 0 -8 0
196 174 421 249 8 -8 0
204 166 424 252 0 8 0
204 174 427 255 8 -8 0
212 166 430 258 0 0 0
212 166 433 261 0 0 0
212 166 436 264 8 -8 0
220 158 439 267 0 0 0
220 158 442 270 0 -8 0
220 150 445 273 8 -8 0
228 142 448 276 0 -8 0
228 134 451 279 8 -8 0
236 126 454 282 0 8 0
236 134 457 285 0 -8 0
236 126 460 288 8 0 0
244 126 463 291 0 8 0
244 134 466 294 0 8 0
244 142 469 297 8 -8 0
252 134 472 300 0 8 0
252 142 475 303 8 -8 0
260 134 478 306 0 8 0
260 142 481 309 0 -8 0
260 134 484 312 8 8 0
268 142 487 315 0 -8 0
268 134 490 318 0 0 0
268 134 493 321 8 0 0
276 134 496 324 0 -8 0
276 126 499 327 8 -8 0
284 118 502 330 0 -8 0
284 110 505 333 0 0 0
284 110 508 336 8 0 0
292 110 511 339 0 0 0
292 110 514 342 0 0 0
292 110 517 345 8 -8 0
300 102 520 348 0 8 0
300 110 523 351 8 -8 0
308 102 526 354 0 -8 0
308 94 529 357 0 8 0
308 102 532 360 8 0 0
316 102 535 363 0 0 0
316 102 538 366 0 0 0
316 102 541 369 8 8 0
324 110 544 372 0 8 0
324 118 547 375 8 0 0
332 118 550 378 0 0 0
332 118 553 381 0 0 0
332 118 556 384 8 -8 0
340 110 559 387 0 -8 0
340 102 562 390 0 0 0
340 102 565 393 8 8 0
348 110 568 396 0 -8 0
348 102 571 399 8 0 0
356 102 574 402 0 -8 0
356 94 577 405 0 0 0
356 94 580 408 8 8 0
364 102 583 411 0 0 0
364 102 586 414 0 -8 0
364 94 589 417 8 0 0
372 94 592 420 0 -8 0
372 86 595 423 8 8 0
380 94 598 426 0 0 0
380 94 601 429 0 0 0
380 94 604 432 8 -8 0
388 86 607 435 0 -8 0
388 78 610 438 0 8 0
388 86 613 441 8 8 0
396 94 616 444 0 8 0
396 102 619 447 8 8 0
404 110 622 450 0 0 0
404 110 625 453 0 0 0
404 110 628 456 8 8 0
412 118 631 459 0 -8 0
412 110 634 462 0 0 0
412 110 637 465 8 0 0
420 110 640 468 0 0 0
420 110 643 471 8 -8 0
428 102 646 474 0 8 0
428 110 649 477 0 8 0
428 118 652 480 8 0 0
436 118 655 483 0 8 0
436 126 658 486 0 -8 0
436 118 661 489 8 8 0
444 126 664 492 0 -8 0
444 118 667 495 8 -8 0
452 110 670 498 0 -8 0
452 102 673 501 0 0 0
452 102 676 504 8 -8 0
460 94 679 507 0 0 0
460 94 682 510 0 0 0
460 94 685 513 8 8 0
468 102 688 516 0 0 0
468 102 691 519 8 0 0
476 102 694 522 0 -8 0
476 94 697 525 0 0 0
476 94 700 528 8 8 0
484 102 703 531 0 -8 0
484 94 706 534 0 0 0
484 94 709 537 8 0 0
492 94 712 540 0 8 0
492 102 715 543 8 8 0
500 110 718 546 0 -8 0
500 102 721 549 0 -8 0
500 94 724 552 8 -8 0
508 86 727 555 0 0 0
508 86 730 558 0 -8 0
508 78 733 561 8 0 0
516 78 736 564 0 0 0
516 78 739 567 8 8 0
524 86 742 570 0 0 0
524 86 745 573 0 8 0
524 94 748 576 8 -8 0
532 86 751 579 0 8 0
532 94 754 582 0 -8 0
532 86 757 585 8 -8 0
540 78 760 588 0 8 0
540 86 763 591 8 -8 0
540 78 766 588 0 8 0
540 86 769 585 0 0 0
540 86 772 582 0 0 0
540 86 775 579 0 8 0
540 94 778 576 0 0 0
540 94 781 573 0 0 1
540 94 781 573 0 0 1
540 94 781 573 0 0 1
540 94 781 573 0 0 1
540 94 781 573 0 0 1
