285 254 538 174 0 0 0
285 254 541 171 -8 8 0
277 262 544 168 -8 -8 0
269 254 547 165 -8 0 0
261 254 550 162 -8 0 0
253 254 553 159 -8 -8 0
245 246 556 156 -8 8 0
237 254 559 153 -8 0 0
229 254 562 150 -8 -8 0
221 246 565 147 -8 -8 0
213 238 568 144 -8 -8 0
205 230 571 141 -8 8 0
197 238 574 138 -8 8 0
189 246 577 135 -8 0 0
181 246 580 132 0 -8 0
181 238 583 129 -8 8 0
173 246 586 126 0 0 0
173 246 589 123 0 8 0
173 254 592 120 -8 8 0
165 262 595 117 0 0 0
165 262 598 114 -8 8 0
157 270 601 111 0 8 0
157 278 604 108 0 8 0
157 286 607 105 -8 -8 0
149 278 610 102 0 -8 0
149 270 613 99 0 0 0
149 270 616 96 -8 -8 0
141 262 619 93 0 0 0
141 262 622 90 -8 -8 0
133 254 625 87 0 -8 0
133 246 628 84 0 -8 0
133 238 631 81 -8 -8 0
125 230 634 78 0 8 0
125 238 637 75 0 8 0
125 246 640 72 -8 0 0
117 246 643 69 0 0 0
117 246 646 66 -8 8 0
109 254 649 63 0 0 0
109 254 652 60 0 0 0
109 254 655 57 -8 0 0
101 254 658 54 0 -8 0
101 246 661 51 0 -8 0
101 238 664 48 -8 8 0
93 246 667 45 0 0 0
93 246 670 42 -8 0 0
85 246 673 39 0 -8 0
85 238 676 36 0 8 0
85 246 679 33 -8 -8 0
77 238 682 30 0 8 0
77 246 685 27 0 8 0
77 254 688 24 -8 -8 0
69 246 691 21 0 0 0
69 246 694 18 -8 8 0
61 254 697 15 0 8 0
61 262 700 12 0 -8 0
61 254 703 9 -8 8 0
60 262 706 12 0 0 0
60 262 709 15 0 8 0
60 270 712 18 0 -8 0
60 262 715 21 0 8 0
60 270 718 24 0 0 0
60 270 721 27 0 0 0
60 270 724 30 0 -8 0
60 262 727 33 0 8 0
60 270 730 36 0 -8 0
60 262 733 39 0 0 0
60 262 736 42 0 8 0
60 270 739 45 0 0 0
60 270 742 48 0 8 0
60 278 745 51 0 0 0
60 278 748 54 0 8 0
60 286 751 57 0 -8 0
60 278 754 60 0 -8 0
60 270 757 63 0 -8 0
60 262 760 66 0 8 0
60 270 763 69 0 8 0
60 278 766 72 0 -8 0
60 270 769 75 0 -8 0
60 262 772 78 0 -8 0
60 254 775 81 0 0 0
60 254 778 84 0 8 0
60 262 781 87 0 0 1
60 262 781 87 0 0 1
60 262 781 87 0 0 1
60 262 781 87 0 0 1
60 262 781 87 0 0 1
