481 92 169 279 0 0 0
481 92 166 282 -8 8 0
473 100 163 285 -8 0 0
465 100 160 288 -8 0 0
457 100 157 291 -8 8 0
449 108 154 294 -8 -8 0
441 100 151 297 -8 -8 0
433 92 148 300 -8 0 0
425 92 145 303 -8 -8 0
417 84 142 306 -8 -8 0
409 76 139 309 -8 8 0
401 84 136 312 -8 -8 0
393 76 133 315 -8 -8 0
385 68 130 318 -8 -8 0
377 60 127 321 -8 8 0
369 68 124 324 0 0 0
369 68 121 327 0 -8 0
369 60 118 330 0 0 0
369 60 115 333 0 0 0
369 60 112 336 0 8 0
369 68 109 339 0 8 0
369 76 106 342 0 0 0
369 76 103 345 0 8 0
369 84 100 348 0 0 0
369 84 97 351 0 8 0
369 92 94 354 0 8 0
369 100 91 357 0 -8 0
369 92 88 360 0 8 0
369 100 85 363 0 -8 0
369 92 82 366 0 -8 0
369 84 79 369 0 8 0
369 92 76 372 0 -8 0
369 84 73 375 0 -8 0
369 76 70 378 0 0 0
369 76 67 381 0 8 0
369 84 64 384 0 -8 0
369 76 61 387 0 -8 0
369 68 58 390 0 0 0
369 68 55 393 0 0 0
369 68 52 396 0 8 0
369 76 49 399 0 -8 0
369 68 46 402 0 0 0
369 68 43 405 0 0 0
369 68 40 408 0 -8 0
369 60 37 411 0 0 0
369 60 34 414 0 -8 0
369 60 31 417 0 8 0
369 68 28 420 8 8 0
377 76 25 423 0 8 0
377 84 22 426 0 8 0
377 92 19 429 0 0 1
377 92 19 429 0 0 1
377 92 19 429 0 0 1
377 92 19 429 0 0 1
377 92 19 429 0 0 1
