334 485 586 162 0 0 0
334 485 583 159 -8 0 0
326 485 580 156 -8 8 0
318 493 577 153 -8 -8 0
310 485 574 150 -8 8 0
302 493 571 147 -8 8 0
294 501 568 144 -8 -8 0
286 493 565 141 -8 8 0
278 501 562 138 -8 -8 0
270 493 559 135 -8 8 0
262 501 556 132 -8 8 0
254 509 553 129 -8 -8 0
246 501 550 126 -8 0 0
238 501 547 123 -8 0 0
230 501 544 120 -8 0 0
222 501 541 117 -8 0 0
214 501 538 114 -8 -8 0
206 493 535 111 -8 -8 0
198 485 532 108 -8 8 0
190 493 529 105 -8 -8 0
182 485 526 102 -8 -8 0
174 477 523 99 -8 8 0
166 485 520 96 -8 8 0
158 493 517 93 -8 8 0
150 501 514 90 -8 -8 0
142 493 511 87 -8 8 0
134 501 508 84 0 8 0
134 509 505 81 -8 0 0
126 509 502 78 0 8 0
126 517 499 75 -8 0 0
118 517 496 72 0 -8 0
118 509 493 69 0 8 0
118 517 490 66 -8 8 0
110 525 487 63 0 8 0
110 533 484 60 0 -8 0
110 525 481 57 -8 -8 0
102 517 478 54 0 -8 0
102 509 475 51 -8 -8 0
94 501 472 48 0 8 0
94 509 469 45 0 8 0
94 517 466 42 -8 0 0
86 517 463 39 0 -8 0
86 509 460 36 0 8 0
86 517 457 33 -8 0 0
78 517 454 30 0 8 0
78 525 451 27 -8 8 0
70 533 448 24 0 -8 0
70 525 445 21 0 -8 0
70 517 442 18 -8 8 0
62 525 439 15 0 0 0
62 525 436 12 0 -8 0
62 517 433 9 -8 8 0
60 525 430 12 0 8 0
60 533 427 15 0 8 0
60 540 424 18 0 0 0
60 540 421 21 0 -8 0
60 532 418 24 0 0 0
60 532 415 27 0 8 0
60 540 412 30 0 8 0
60 540 409 33 0 8 0
60 540 406 36 0 0 0
60 540 403 39 0 8 0
60 540 400 42 0 -8 0
60 532 397 45 0 8 0
60 540 394 48 0 0 0
60 540 391 51 0 0 0
60 540 388 54 0 8 0
60 540 385 57 0 0 0
60 540 382 60 0 0 0
60 540 379 63 0 -8 0
60 532 376 66 0 0 0
60 532 373 69 0 8 0
60 540 370 72 0 0 0
60 540 367 75 0 8 0
60 540 364 78 0 0 0
60 540 361 81 0 0 0
60 540 358 84 0 0 0
60 540 355 87 0 8 0
60 540 352 90 0 0 0
60 540 349 93 0 -8 0
60 532 346 96 0 -8 0
60 524 343 99 0 -8 0
60 516 340 102 0 0 0
60 516 337 105 0 -8 0
60 508 334 108 0 8 0
60 516 331 111 8 0 0
68 516 328 114 0 0 0
68 516 325 117 0 0 0
68 516 322 120 8 8 0
76 524 319 123 0 -8 0
76 516 316 126 0 0 0
76 516 313 129 8 8 0
84 524 310 132 0 -8 0
84 516 307 135 8 0 0
92 516 304 138 0 -8 0
92 508 301 141 0 8 0
92 516 298 144 8 0 0
100 516 295 147 0 8 0
100 524 292 150 0 -8 0
100 516 289 153 8 -8 0
108 508 286 156 0 8 0
108 516 283 159 8 0 0
116 516 280 162 0 0 0
116 516 277 165 0 -8 0
116 508 274 168 8 -8 0
124 500 271 171 0 0 0
124 500 268 174 0 0 0
124 500 265 177 8 -8 0
132 492 262 180 0 0 0
132 492 259 183 8 0 0
140 492 256 186 0 -8 0
140 484 253 189 0 -8 0
140 476 250 192 8 0 0
148 476 247 195 0 -8 0
148 468 244 198 0 8 0
148 476 241 201 8 0 0
156 476 238 204 0 -8 0
156 468 235 207 8 -8 0
164 460 232 210 0 -8 0
164 452 229 213 0 -8 0
164 444 226 216 8 -8 0
172 436 223 219 0 -8 0
172 428 220 222 0 8 0
172 436 217 225 8 -8 0
180 428 214 228 0 -8 0
180 420 211 231 8 8 0
188 428 208 234 0 -8 0
188 420 205 237 0 -8 0
188 412 202 240 8 8 0
196 420 199 243 0 -8 0
196 412 196 246 0 8 0
196 420 193 249 8 0 0
204 420 190 252 0 -8 0
204 412 187 255 8 -8 0
212 404 184 258 0 8 0
212 412 181 261 0 8 0
212 420 178 264 8 -8 0
220 412 175 267 0 0 0
220 412 172 270 0 0 0
220 412 169 273 8 8 0
228 420 166 276 0 -8 0
228 412 163 279 8 -8 0
236 404 160 282 0 0 0
236 404 157 285 0 -8 0
236 396 154 288 8 -8 0
244 388 151 291 0 -8 0
244 380 148 294 0 -8 0
244 372 145 297 8 -8 0
252 364 142 300 0 8 0
252 372 139 303 8 -8 0
260 364 136 306 0 8 0
260 372 133 309 0 8 0
260 380 130 312 8 0 0
268 380 127 315 0 8 0
268 388 124 318 0 -8 0
268 380 121 321 8 0 0
276 380 118 324 0 0 0
276 380 115 327 8 -8 0
284 372 112 330 0 8 0
284 380 109 333 0 -8 0
284 372 106 336 8 8 0
292 380 103 339 0 0 0
292 380 100 342 0 0 0
292 380 97 345 8 8 0
300 388 94 348 0 8 0
300 396 91 351 8 -8 0
308 388 88 354 0 -8 0
308 380 85 357 0 0 0
308 380 82 360 8 0 0
316 380 79 363 0 0 0
316 380 76 366 0 0 0
316 380 73 369 8 -8 0
324 372 70 372 0 -8 0
324 364 67 375 8 0 0
332 364 64 378 0 8 0
332 372 61 381 0 8 0
332 380 58 384 8 0 0
340 380 55 387 0 8 0
340 388 52 390 0 -8 0
340 380 49 393 8 0 0
348 380 46 396 0 0 0
348 380 43 399 8 0 0
356 380 40 402 0 8 0
356 388 37 405 0 8 0
356 396 34 408 8 8 0
364 404 31 411 0 0 0
364 404 28 414 0 0 0
364 404 25 417 8 0 0
372 404 22 420 0 8 0
372 412 19 423 0 0 1
372 412 19 423 0 0 1
372 412 19 423 0 0 1
372 412 19 423 0 0 1
372 412 19 423 0 0 1
