62 359 634 381 0 0 0
62 359 637 384 8 0 0
70 359 640 387 8 -8 0
78 351 643 390 8 8 0
86 359 646 393 8 -8 0
94 351 649 396 8 -8 0
102 343 652 399 8 0 0
110 343 655 402 8 8 0
118 351 658 405 8 -8 0
126 343 661 408 8 8 0
134 351 664 411 8 8 0
142 359 667 414 8 0 0
150 359 670 417 8 -8 0
158 351 673 420 8 0 0
166 351 676 423 8 0 0
174 351 679 426 8 8 0
182 359 682 429 8 0 0
190 359 685 432 8 -8 0
198 351 688 435 8 -8 0
206 343 691 438 8 0 0
214 343 694 441 8 0 0
222 343 697 444 8 0 0
230 343 700 447 8 0 0
238 343 703 450 8 0 0
246 343 706 453 8 0 0
254 343 709 456 8 0 0
262 343 712 459 8 -8 0
270 335 715 462 8 8 0
278 343 718 465 8 8 0
286 351 721 468 8 0 0
294 351 724 471 8 0 0
302 351 727 474 8 -8 0
310 343 730 477 8 0 0
318 343 733 480 8 8 0
326 351 736 483 8 -8 0
334 343 739 486 8 -8 0
342 335 742 489 8 -8 0
350 327 745 492 8 -8 0
358 319 748 495 8 0 0
366 319 751 498 8 0 0
374 319 754 501 8 -8 0
382 311 757 504 8 0 0
390 311 760 507 8 0 0
398 311 763 510 8 0 0
406 311 766 513 8 0 0
414 311 769 516 8 0 0
422 311 772 519 8 0 0
430 311 775 522 8 0 0
438 311 778 525 8 0 0
446 311 781 528 0 0 1
446 311 781 528 0 0 1
446 311 781 528 0 0 1
446 311 781 528 0 0 1
446 311 781 528 0 0 1
