147 117 697 255 0 0 0
147 117 694 258 8 -8 0
155 109 691 261 8 -8 0
163 101 688 264 8 8 0
171 109 685 267 8 -8 0
179 101 682 270 8 0 0
187 101 679 273 8 0 0
195 101 676 276 8 -8 0
203 93 673 279 8 -8 0
211 85 670 282 8 0 0
219 85 667 285 8 -8 0
227 77 664 288 8 0 0
235 77 661 291 8 8 0
243 85 658 294 8 0 0
251 85 655 297 0 0 0
251 85 652 300 0 -8 0
251 77 649 303 8 0 0
259 77 646 306 0 0 0
259 77 643 309 0 -8 0
259 69 640 312 8 8 0
267 77 637 315 0 8 0
267 85 634 318 8 0 0
275 85 631 321 0 -8 0
275 77 628 324 0 8 0
275 85 625 327 8 0 0
283 85 622 330 0 0 0
283 85 619 333 0 0 0
283 85 616 336 8 8 0
291 93 613 339 0 8 0
291 101 610 342 8 0 0
299 101 607 345 0 0 0
299 101 604 348 0 0 0
299 101 601 351 8 8 0
307 109 598 354 0 8 0
307 117 595 357 0 0 0
307 117 592 360 8 -8 0
315 109 589 363 0 0 0
315 109 586 366 8 -8 0
323 101 583 369 0 8 0
323 109 580 372 0 -8 0
323 101 577 375 8 0 0
331 101 574 378 0 -8 0
331 93 571 381 0 8 0
331 101 568 384 8 0 0
339 101 565 387 0 -8 0
339 93 562 390 8 -8 0
347 85 559 393 0 8 0
347 93 556 396 0 0 0
347 93 553 399 8 0 0
355 93 550 402 0 0 0
355 93 547 405 0 0 0
355 93 544 408 8 0 0
363 93 541 411 0 0 0
363 93 538 414 8 0 0
371 93 535 417 0 0 0
371 93 532 420 0 8 0
371 101 529 423 8 0 0
379 101 526 426 0 0 0
379 101 523 429 0 0 0
379 101 520 432 8 8 0
387 109 517 435 0 -8 0
387 101 514 438 8 8 0
395 109 511 441 0 -8 0
395 101 508 444 0 0 0
395 101 505 447 8 8 0
403 109 502 450 0 -8 0
403 101 499 453 0 0 0
403 101 496 456 8 8 0
411 109 493 459 0 -8 0
411 101 490 462 8 8 0
419 109 487 465 0 -8 0
419 101 484 468 0 -8 0
419 93 481 471 8 0 0
427 93 478 474 0 -8 0
427 85 475 477 0 0 0
427 85 472 480 8 8 0
435 93 469 483 0 0 0
435 93 466 486 8 -8 0
443 85 463 489 0 -8 0
443 77 460 492 0 0 0
443 77 457 495 8 8 0
451 85 454 498 0 -8 0
451 77 451 501 0 8 0
451 85 448 504 8 0 0
459 85 445 507 0 8 0
459 93 442 510 8 0 0
467 93 439 513 0 0 0
467 93 436 516 0 0 0
467 93 433 519 8 8 0
475 101 430 522 0 8 0
475 109 427 525 0 -8 0
475 101 424 528 8 0 0
483 101 421 531 0 8 0
483 109 418 534 8 0 0
491 109 415 537 0 8 0
491 117 412 540 0 0 0
491 117 409 543 8 8 0
499 125 406 546 0 0 0
499 125 403 549 0 0 0
499 125 400 552 8 -8 0
507 117 397 555 0 -8 0
507 109 394 558 8 8 0
515 117 391 561 0 8 0
515 125 388 564 0 -8 0
515 117 385 567 8 0 0
523 117 382 570 0 -8 0
523 109 379 573 0 -8 0
523 101 376 576 8 0 0
531 101 373 579 0 8 0
531 109 370 582 8 8 0
539 117 367 585 0 8 0
539 125 364 588 0 8 0
539 133 361 591 8 -8 0
540 125 358 588 0 8 0
540 133 355 585 0 0 0
540 133 352 582 0 8 0
540 141 349 579 0 0 0
540 141 346 576 0 8 0
540 149 343 573 0 -8 0
540 141 340 570 0 0 0
540 141 337 567 0 8 0
540 149 334 564 0 8 0
540 157 331 561 0 -8 0
540 149 328 558 0 8 0
540 157 325 555 0 0 0
540 157 322 552 0 -8 0
540 149 319 549 0 0 0
540 149 316 546 0 0 0
540 149 313 543 0 0 0
540 149 310 540 0 -8 0
540 141 307 537 0 0 0
540 141 304 534 0 -8 0
540 133 301 531 0 8 0
540 141 298 528 0 8 0
540 149 295 525 0 -8 0
540 141 292 522 0 0 0
540 141 289 519 0 -8 0
540 133 286 516 0 8 0
540 141 283 513 0 8 0
540 149 280 510 0 -8 0
540 141 277 507 0 8 0
540 149 274 504 0 0 0
540 149 271 501 0 0 0
540 149 268 498 0 0 0
540 149 265 495 0 0 0
540 149 262 492 0 8 0
540 157 259 489 -8 -8 0
532 149 256 486 0 8 0
532 157 253 483 0 8 0
532 165 250 480 -8 0 0
524 165 247 477 0 0 0
524 165 244 474 0 -8 0
524 157 241 471 -8 8 0
516 165 238 468 0 -8 0
516 157 235 465 -8 8 0
508 165 232 462 0 8 0
508 173 229 459 0 -8 0
508 165 226 456 -8 -8 0
500 157 223 453 0 0 0
500 157 220 450 0 0 0
500 157 217 447 -8 0 0
492 157 214 444 0 8 0
492 165 211 441 -8 -8 0
484 157 208 438 0 0 0
484 157 205 435 0 -8 0
484 149 202 432 -8 0 0
476 149 199 429 0 8 0
476 157 196 426 0 -8 0
476 149 193 423 -8 -8 0
468 141 190 420 0 -8 0
468 133 187 417 -8 8 0
460 141 184 414 0 0 0
460 141 181 411 0 8 0
460 149 178 408 -8 8 0
452 157 175 405 0 8 0
452 165 172 402 0 -8 0
452 157 169 399 -8 0 0
444 157 166 396 0 0 0
444 157 163 393 -8 -8 0
436 149 160 390 0 0 0
436 149 157 387 0 -8 0
436 141 154 384 -8 8 0
428 149 151 381 0 -8 0
428 141 148 378 0 -8 0
428 133 145 375 -8 -8 0
420 125 142 372 0 -8 0
420 117 139 369 -8 -8 0
412 109 136 366 0 8 0
412 117 133 363 0 0 0
412 117 130 360 -8 8 0
404 125 127 357 0 0 0
404 125 124 354 0 0 0
404 125 121 351 -8 -8 0
396 117 118 348 0 -8 0
396 109 115 345 -8 -8 0
388 101 112 342 0 8 0
388 109 109 339 0 8 0
388 117 106 336 -8 8 0
380 125 103 333 0 8 0
380 133 100 330 0 8 0
380 141 97 327 -8 0 0
372 141 94 324 0 8 0
372 149 91 321 -8 0 0
364 149 88 318 0 8 0
364 157 85 315 0 8 0
364 165 82 312 -8 8 0
356 173 79 309 0 -8 0
356 165 76 306 0 8 0
356 173 73 303 -8 -8 0
348 165 70 300 0 -8 0
348 157 67 297 -8 0 0
340 157 64 294 0 0 0
340 157 61 291 0 0 0
340 157 58 288 -8 8 0
332 165 55 285 0 -8 0
332 157 52 282 0 -8 0
332 149 49 279 -8 8 0
324 157 46 276 0 -8 0
324 149 43 273 -8 -8 0
316 141 40 270 0 -8 0
316 133 37 267 0 0 0
316 133 34 264 -8 0 0
308 133 31 261 0 0 0
308 133 28 258 0 8 0
308 141 25 255 -8 -8 0
300 133 22 252 0 -8 0
300 125 19 249 0 0 1
300 125 19 249 0 0 1
300 125 19 249 0 0 1
300 125 19 249 0 0 1
300 125 19 249 0 0 1
