273 388 394 471 0 0 0
273 388 397 474 8 0 0
281 388 400 477 8 0 0
289 388 403 480 8 8 0
297 396 406 483 8 0 0
305 396 409 486 8 8 0
313 404 412 489 8 0 0
321 404 415 492 8 0 0
329 404 418 495 8 0 0
337 404 421 498 8 8 0
345 412 424 501 8 0 0
353 412 427 504 8 0 0
361 412 430 507 8 0 0
369 412 433 510 8 8 0
377 420 436 513 8 -8 0
385 412 439 516 8 8 0
393 420 442 519 8 0 0
401 420 445 522 8 -8 0
409 412 448 525 8 8 0
417 420 451 528 8 8 0
425 428 454 531 8 -8 0
433 420 457 534 8 8 0
441 428 460 537 8 8 0
449 436 463 540 8 -8 0
457 428 466 543 8 0 0
465 428 469 546 8 0 0
473 428 472 549 8 0 0
481 428 475 552 8 -8 0
489 420 478 555 8 8 0
497 428 481 558 8 0 0
505 428 484 561 8 -8 0
513 420 487 564 8 8 0
521 428 490 567 0 8 0
521 436 493 570 0 -8 0
521 428 496 573 8 8 0
529 436 499 576 0 0 0
529 436 502 579 0 0 0
529 436 505 582 8 -8 0
537 428 508 585 0 0 0
537 428 511 588 8 0 0
540 428 514 591 8 8 0
540 436 517 588 0 0 0
540 436 520 585 0 8 0
540 444 523 582 0 0 0
540 444 526 579 0 -8 0
540 436 529 576 0 8 0
540 444 532 573 0 0 0
540 444 535 570 0 8 0
540 452 538 567 0 0 0
540 452 541 564 0 0 0
540 452 544 561 0 -8 0
540 444 547 558 0 8 0
540 452 550 555 0 -8 0
540 444 553 552 0 -8 0
540 436 556 549 0 0 0
540 436 559 546 0 -8 0
540 428 562 543 0 0 0
540 428 565 540 0 -8 0
540 420 568 537 0 8 0
540 428 571 534 0 8 0
540 436 574 531 0 -8 0
540 428 577 528 0 0 0
540 428 580 525 0 0 0
540 428 583 522 0 0 0
540 428 586 519 0 -8 0
540 420 589 516 0 0 0
540 420 592 513 0 0 0
540 420 595 510 0 0 0
540 420 598 507 0 8 0
540 428 601 504 0 8 0
540 436 604 501 0 0 0
540 436 607 498 0 0 0
540 436 610 495 0 -8 0
540 428 613 492 0 -8 0
540 420 616 489 -8 8 0
532 428 619 486 0 0 0
532 428 622 483 0 8 0
532 436 625 480 -8 0 0
524 436 628 477 0 8 0
524 444 631 474 0 -8 0
524 436 634 471 -8 0 0
516 436 637 468 0 8 0
516 444 640 465 -8 8 0
508 452 643 462 0 -8 0
508 444 646 459 0 0 0
508 444 649 456 -8 0 0
500 444 652 453 0 8 0
500 452 655 450 0 -8 0
500 444 658 447 -8 -8 0
492 436 661 444 0 -8 0
492 428 664 441 -8 0 0
484 428 667 438 0 8 0
484 436 670 435 0 -8 0
484 428 673 432 -8 0 0
476 428 676 429 0 -8 0
476 420 679 426 0 -8 0
476 412 682 423 -8 -8 0
468 404 685 420 0 8 0
468 412 688 417 -8 8 0
460 420 691 414 0 -8 0
460 412 694 411 0 -8 0
460 404 697 408 -8 -8 0
452 396 700 405 0 8 0
452 404 703 402 0 0 0
452 404 706 399 -8 -8 0
444 396 709 396 0 -8 0
444 388 712 393 -8 -8 0
436 380 715 390 0 8 0
436 388 718 387 0 0 0
436 388 721 384 -8 -8 0
428 380 724 381 0 0 0
428 380 727 378 0 0 0
428 380 730 375 -8 -8 0
420 372 733 372 0 -8 0
420 364 736 369 -8 -8 0
412 356 739 366 0 -8 0
412 348 742 363 0 0 0
412 348 745 360 -8 -8 0
404 340 748 357 0 8 0
404 348 751 354 0 0 0
404 348 754 351 -8 -8 0
396 340 757 348 0 8 0
396 348 760 345 -8 0 0
388 348 763 342 0 -8 0
388 340 766 339 0 0 0
388 340 769 336 -8 -8 0
380 332 772 333 0 -8 0
380 324 775 330 0 -8 0
380 316 778 327 -8 8 0
372 324 781 324 0 -8 0
372 316 778 321 -8 0 0
364 316 775 318 0 8 0
364 324 772 315 0 0 0
364 324 769 312 -8 8 0
356 332 766 309 0 8 0
356 340 763 306 0 0 0
356 340 760 303 -8 -8 0
348 332 757 300 0 0 0
348 332 754 297 -8 0 0
340 332 751 294 0 -8 0
340 324 748 291 0 -8 0
340 316 745 288 -8 -8 0
332 308 742 285 0 0 0
332 308 739 282 0 0 0
332 308 736 279 -8 8 0
324 316 733 276 0 -8 0
324 308 730 273 -8 -8 0
316 300 727 270 0 0 0
316 300 724 267 0 0 0
316 300 721 264 -8 0 0
308 300 718 261 0 -8 0
308 292 715 258 0 -8 0
308 284 712 255 -8 8 0
300 292 709 252 0 0 0
300 292 706 249 -8 0 0
292 292 703 246 0 0 0
292 292 700 243 0 -8 0
292 284 697 240 -8 -8 0
284 276 694 237 0 0 0
284 276 691 234 0 8 0
284 284 688 231 -8 -8 0
276 276 685 228 0 0 0
276 276 682 225 -8 -8 0
268 268 679 222 0 -8 0
268 260 676 219 0 0 0
268 260 673 216 -8 0 0
260 260 670 213 0 8 0
260 268 667 210 0 0 0
260 268 664 207 -8 0 0
252 268 661 204 0 8 0
252 276 658 201 -8 0 0
244 276 655 198 0 8 0
244 284 652 195 0 0 0
244 284 649 192 -8 0 0
236 284 646 189 0 -8 0
236 276 643 186 0 -8 0
236 268 640 183 -8 8 0
228 276 637 180 0 -8 0
228 268 634 177 -8 -8 0
220 260 631 174 0 8 0
220 268 628 171 0 -8 0
220 260 625 168 -8 8 0
212 268 622 165 0 8 0
212 276 619 162 0 0 0
212 276 616 159 -8 8 0
204 284 613 156 0 -8 0
204 276 610 153 -8 8 0
196 284 607 150 0 -8 0
196 276 604 147 0 -8 0
196 268 601 144 -8 -8 0
188 260 598 141 0 0 0
188 260 595 138 0 8 0
188 268 592 135 -8 0 0
180 268 589 132 0 0 0
180 268 586 129 -8 8 0
172 276 583 126 0 8 0
172 284 580 123 0 0 0
172 284 577 120 -8 -8 0
164 276 574 117 0 0 0
164 276 571 114 0 0 0
164 276 568 111 -8 8 0
156 284 565 108 0 -8 0
156 276 562 105 -8 8 0
148 284 559 102 0 0 0
148 284 556 99 0 -8 0
148 276 553 96 -8 8 0
140 284 550 93 0 0 0
140 284 547 90 0 0 0
140 284 544 87 -8 0 0
132 284 541 84 0 8 0
132 292 538 81 -8 0 0
124 292 535 78 0 -8 0
124 284 532 75 0 -8 0
124 276 529 72 -8 0 0
116 276 526 69 0 -8 0
116 268 523 66 0 8 0
116 276 520 63 -8 8 0
108 284 517 60 0 -8 0
108 276 514 57 -8 8 0
100 284 511 54 0 -8 0
100 276 508 51 0 8 0
100 284 505 48 -8 -8 0
92 276 502 45 0 -8 0
92 268 499 42 0 -8 0
92 260 496 39 -8 0 0
84 260 493 36 0 -8 0
84 252 490 33 -8 0 0
76 252 487 30 0 8 0
76 260 484 27 0 -8 0
76 252 481 24 -8 8 0
68 260 478 21 0 8 0
68 268 475 18 0 0 0
68 268 472 15 -8 -8 0
60 260 469 12 0 -8 0
60 252 466 9 -8 0 0
60 252 463 12 0 0 0
60 252 460 15 0 -8 0
60 244 457 18 0 0 0
60 244 454 21 0 8 0
60 252 451 24 0 -8 0
60 244 448 27 0 -8 0
60 236 445 30 0 8 0
60 244 442 33 0 -8 0
60 236 439 36 0 0 0
60 236 436 39 0 8 0
60 244 433 42 0 -8 0
60 236 430 45 0 8 0
60 244 427 48 0 -8 0
60 236 424 51 0 -8 0
60 228 421 54 0 0 0
60 228 418 57 0 -8 0
60 220 415 60 0 0 0
60 220 412 63 0 -8 0
60 212 409 66 0 0 0
60 212 406 69 0 8 0
60 220 403 72 0 8 0
60 228 400 75 0 0 0
60 228 397 78 0 8 0
60 236 394 81 0 0 0
60 236 391 84 0 -8 0
60 228 388 87 0 0 0
60 228 385 90 0 0 0
60 228 382 93 0 8 0
60 236 379 96 0 8 0
60 244 376 99 0 8 0
60 252 373 102 0 0 0
60 252 370 105 0 -8 0
60 244 367 108 0 0 0
60 244 364 111 8 0 0
68 244 361 114 0 0 0
68 244 358 117 0 8 0
68 252 355 120 8 8 0
76 260 352 123 0 0 0
76 260 349 126 0 -8 0
76 252 346 129 8 0 0
84 252 343 132 0 8 0
84 260 340 135 8 0 0
92 260 337 138 0 8 0
92 268 334 141 0 8 0
92 276 331 144 8 0 0
100 276 328 147 0 8 0
100 284 325 150 0 8 0
100 292 322 153 8 0 0
108 292 319 156 0 -8 0
108 284 316 159 8 0 0
116 284 313 162 0 0 0
116 284 310 165 0 -8 0
116 276 307 168 8 0 0
124 276 304 171 0 -8 0
124 268 301 174 0 8 0
124 276 298 177 8 -8 0
132 268 295 180 0 0 0
132 268 292 183 8 0 0
140 268 289 186 0 0 0
140 268 286 189 0 -8 0
140 260 283 192 8 -8 0
148 252 280 195 0 8 0
148 260 277 198 0 0 0
148 260 274 201 8 0 0
156 260 271 204 0 -8 0
156 252 268 207 8 8 0
164 260 265 210 0 -8 0
164 252 262 213 0 8 0
164 260 259 216 8 8 0
172 268 256 219 0 -8 0
172 260 253 222 0 -8 0
172 252 250 225 8 8 0
180 260 247 228 0 8 0
180 268 244 231 8 8 0
188 276 241 234 0 0 0
188 276 238 237 0 0 0
188 276 235 240 8 8 0
196 284 232 243 0 0 0
196 284 229 246 0 0 0
196 284 226 249 8 -8 0
204 276 223 252 0 0 0
204 276 220 255 8 0 0
212 276 217 258 0 -8 0
212 268 214 261 0 -8 0
212 260 211 264 8 0 0
220 260 208 267 0 -8 0
220 252 205 270 0 8 0
220 260 202 273 8 8 0
228 268 199 276 0 0 0
228 268 196 279 8 0 0
236 268 193 282 0 0 0
236 268 190 285 0 0 0
236 268 187 288 8 -8 0
244 260 184 291 0 0 0
244 260 181 294 0 0 0
244 260 178 297 8 8 0
252 268 175 300 0 -8 0
252 260 172 303 8 8 0
260 268 169 306 0 0 0
260 268 166 309 0 -8 0
260 260 163 312 8 -8 0
268 252 160 315 0 0 0
268 252 157 318 0 8 0
268 260 154 321 8 0 0
276 260 151 324 0 8 0
276 268 148 327 8 0 0
284 268 145 330 0 -8 0
284 260 142 333 0 -8 0
284 252 139 336 8 -8 0
292 244 136 339 0 8 0
292 252 133 342 0 8 0
292 260 130 345 8 -8 0
300 252 127 348 0 -8 0
300 244 124 351 8 -8 0
308 236 121 354 0 0 0
308 236 118 357 0 0 0
308 236 115 360 8 -8 0
316 228 112 363 0 8 0
316 236 109 366 0 8 0
316 244 106 369 8 0 0
324 244 103 372 0 8 0
324 252 100 375 8 8 0
332 260 97 378 0 8 0
332 268 94 381 0 -8 0
332 260 91 384 8 8 0
340 268 88 387 0 -8 0
340 260 85 390 0 -8 0
340 252 82 393 8 8 0
348 260 79 396 0 -8 0
348 252 76 399 8 8 0
356 260 73 402 0 0 0
356 260 70 405 0 -8 0
356 252 67 408 8 -8 0
364 244 64 411 0 0 0
364 244 61 414 0 -8 0
364 236 58 417 8 -8 0
372 228 55 420 0 0 0
372 228 52 423 8 -8 0
380 220 49 426 0 0 0
380 220 46 429 0 -8 0
380 212 43 432 8 8 0
388 220 40 435 0 -8 0
388 212 37 438 0 0 0
388 212 34 441 8 -8 0
396 204 31 444 0 -8 0
396 196 28 447 8 0 0
404 196 25 450 0 8 0
404 204 22 453 0 0 0
404 204 19 456 0 0 1
404 204 19 456 0 0 1
404 204 19 456 0 0 1
404 204 19 456 0 0 1
404 204 19 456 0 0 1
