452 297 574 147 0 0 0
452 297 577 144 -8 -8 0
444 289 580 141 -8 0 0
436 289 583 138 -8 8 0
428 297 586 135 -8 -8 0
420 289 589 132 -8 0 0
412 289 592 129 -8 -8 0
404 281 595 126 -8 8 0
396 289 598 123 -8 8 0
388 297 601 120 -8 8 0
380 305 604 117 -8 0 0
372 305 607 114 -8 8 0
364 313 610 111 -8 0 0
356 313 613 108 -8 8 0
348 321 616 105 -8 -8 0
340 313 619 102 -8 8 0
332 321 622 99 -8 -8 0
324 313 625 96 -8 8 0
316 321 628 93 -8 0 0
308 321 631 90 -8 8 0
300 329 634 87 -8 0 0
292 329 637 84 -8 0 0
284 329 640 81 -8 8 0
276 337 643 78 -8 -8 0
268 329 646 75 -8 8 0
260 337 649 72 -8 0 0
252 337 652 69 -8 -8 0
244 329 655 66 -8 8 0
236 337 658 63 -8 8 0
228 345 661 60 -8 8 0
220 353 664 57 -8 -8 0
212 345 667 54 -8 -8 0
204 337 670 51 -8 -8 0
196 329 673 48 -8 8 0
188 337 676 45 -8 8 0
180 345 679 42 -8 8 0
172 353 682 39 -8 0 0
164 353 685 36 -8 0 0
156 353 688 33 -8 -8 0
148 345 691 30 -8 8 0
140 353 694 27 -8 -8 0
132 345 697 24 -8 8 0
124 353 700 21 -8 -8 0
116 345 703 18 -8 8 0
108 353 706 15 -8 8 0
100 361 709 12 -8 0 0
92 361 712 9 -8 -8 0
84 353 715 12 -8 8 0
76 361 718 15 -8 0 0
68 361 721 18 0 8 0
68 369 724 21 0 0 0
68 369 727 24 0 -8 0
68 361 730 27 0 8 0
68 369 733 30 0 -8 0
68 361 736 33 0 0 0
68 361 739 36 0 0 0
68 361 742 39 0 -8 0
68 353 745 42 0 0 0
68 353 748 45 0 8 0
68 361 751 48 0 -8 0
68 353 754 51 0 0 0
68 353 757 54 0 0 0
68 353 760 57 0 8 0
68 361 763 60 0 -8 0
68 353 766 63 0 0 0
68 353 769 66 0 0 0
68 353 772 69 0 8 0
68 361 775 72 0 0 0
68 361 778 75 0 8 0
68 369 781 78 0 0 1
68 369 781 78 0 0 1
68 369 781 78 0 0 1
68 369 781 78 0 0 1
68 369 781 78 0 0 1
