373 328 313 399 0 0 0
373 328 310 396 0 8 0
373 336 307 393 0 8 0
373 344 304 390 0 8 0
373 352 301 387 0 -8 0
373 344 298 384 0 8 0
373 352 295 381 0 8 0
373 360 292 378 0 0 0
373 360 289 375 0 8 0
373 368 286 372 0 8 0
373 376 283 369 0 0 0
373 376 280 366 0 0 0
373 376 277 363 0 0 0
373 376 274 360 0 0 0
373 376 271 357 0 0 0
373 376 268 354 0 8 0
373 384 265 351 0 -8 0
373 376 262 348 0 0 0
373 376 259 345 0 8 0
373 384 256 342 0 0 0
373 384 253 339 0 8 0
373 392 250 336 0 8 0
373 400 247 333 0 -8 0
373 392 244 330 0 -8 0
373 384 241 327 0 8 0
373 392 238 324 0 8 0
373 400 235 321 -8 -8 0
365 392 232 318 0 8 0
365 400 229 315 0 -8 0
365 392 226 312 -8 -8 0
357 384 223 309 0 8 0
357 392 220 306 -8 8 0
349 400 217 303 0 -8 0
349 392 214 300 0 0 0
349 392 211 297 -8 0 0
341 392 208 294 0 0 0
341 392 205 291 0 0 0
341 392 202 288 -8 -8 0
333 384 199 285 0 8 0
333 392 196 282 -8 -8 0
325 384 193 279 0 -8 0
325 376 190 276 0 0 0
325 376 187 273 -8 0 0
317 376 184 270 0 -8 0
317 368 181 267 0 -8 0
317 360 178 264 -8 -8 0
309 352 175 261 0 0 0
309 352 172 258 -8 0 0
301 352 169 255 0 -8 0
301 344 166 252 0 8 0
301 352 163 249 -8 8 0
293 360 160 246 0 0 0
293 360 157 243 0 0 0
293 360 154 240 -8 -8 0
285 352 151 237 0 0 0
285 352 148 234 -8 0 0
277 352 145 231 0 -8 0
277 344 142 228 0 8 0
277 352 139 225 -8 8 0
269 360 136 222 0 0 0
269 360 133 219 0 -8 0
269 352 130 216 -8 8 0
261 360 127 213 0 8 0
261 368 124 210 -8 -8 0
253 360 121 207 0 8 0
253 368 118 204 0 0 0
253 368 115 201 -8 8 0
245 376 112 198 0 0 0
245 376 109 195 0 -8 0
245 368 106 192 -8 -8 0
237 360 103 189 0 0 0
237 360 100 186 -8 8 0
229 368 97 183 0 -8 0
229 360 94 180 0 8 0
229 368 91 177 -8 0 0
221 368 88 174 0 8 0
221 376 85 171 0 -8 0
221 368 82 168 -8 8 0
213 376 79 165 0 -8 0
213 368 76 162 -8 -8 0
205 360 73 159 0 8 0
205 368 70 156 0 8 0
205 376 67 153 -8 0 0
197 376 64 150 0 0 0
197 376 61 147 0 -8 0
197 368 58 144 -8 8 0
189 376 55 141 0 -8 0
189 368 52 138 -8 0 0
181 368 49 135 0 8 0
181 376 46 132 0 -8 0
181 368 43 129 -8 0 0
173 368 40 126 0 8 0
173 376 37 123 0 -8 0
173 368 34 120 -8 -8 0
165 360 31 117 0 8 0
165 368 28 114 -8 8 0
157 376 25 111 0 -8 0
157 368 22 108 0 -8 0
157 360 19 105 0 0 1
157 360 19 105 0 0 1
157 360 19 105 0 0 1
157 360 19 105 0 0 1
157 360 19 105 0 0 1
