368 226 646 243 0 0 0
368 226 643 240 -8 0 0
360 226 640 237 -8 8 0
352 234 637 234 -8 8 0
344 242 634 231 -8 -8 0
336 234 631 228 -8 0 0
328 234 628 225 -8 8 0
320 242 625 222 -8 0 0
312 242 622 219 -8 0 0
304 242 619 216 -8 -8 0
296 234 616 213 -8 -8 0
288 226 613 210 -8 -8 0
280 218 610 207 -8 0 0
272 218 607 204 -8 -8 0
264 210 604 201 -8 0 0
256 210 601 198 -8 8 0
248 218 598 195 -8 -8 0
240 210 595 192 0 -8 0
240 202 592 189 -8 8 0
232 210 589 186 0 8 0
232 218 586 183 0 0 0
232 218 583 180 -8 -8 0
224 210 580 177 0 -8 0
224 202 577 174 0 0 0
224 202 574 171 -8 8 0
216 210 571 168 0 0 0
216 210 568 165 -8 0 0
208 210 565 162 0 -8 0
208 202 562 159 0 0 0
208 202 559 156 -8 -8 0
200 194 556 153 0 -8 0
200 186 553 150 0 8 0
200 194 550 147 -8 -8 0
192 186 547 144 0 8 0
192 194 544 141 -8 -8 0
184 186 541 138 0 0 0
184 186 538 135 0 -8 0
184 178 535 132 -8 8 0
176 186 532 129 0 8 0
176 194 529 126 0 8 0
176 202 526 123 -8 8 0
168 210 523 120 0 0 0
168 210 520 117 -8 8 0
160 218 517 114 0 8 0
160 226 514 111 0 8 0
160 234 511 108 -8 8 0
152 242 508 105 0 0 0
152 242 505 102 0 0 0
152 242 502 99 -8 0 0
144 242 499 96 0 -8 0
144 234 496 93 -8 8 0
136 242 493 90 0 8 0
136 250 490 87 0 0 0
136 250 487 84 -8 0 0
128 250 484 81 0 8 0
128 258 481 78 0 -8 0
128 250 478 75 -8 0 0
120 250 475 72 0 -8 0
120 242 472 69 -8 0 0
112 242 469 66 0 0 0
112 242 466 63 0 -8 0
112 234 463 60 -8 -8 0
104 226 460 57 0 -8 0
104 218 457 54 0 8 0
104 226 454 51 -8 8 0
96 234 451 48 0 0 0
96 234 448 45 -8 8 0
88 242 445 42 0 0 0
88 242 442 39 0 0 0
88 242 439 36 -8 -8 0
80 234 436 33 0 8 0
80 242 433 30 0 -8 0
80 234 430 27 -8 -8 0
72 226 427 24 0 0 0
72 226 424 21 -8 8 0
64 234 421 18 0 0 0
64 234 418 15 0 0 0
64 234 415 12 -8 -8 0
60 226 412 9 -8 0 0
60 226 409 12 0 -8 0
60 218 406 15 0 0 0
60 218 403 18 0 8 0
60 226 400 21 0 -8 0
60 218 397 24 0 -8 0
60 210 394 27 0 -8 0
60 202 391 30 0 -8 0
60 194 388 33 0 8 0
60 202 385 36 0 8 0
60 210 382 39 0 8 0
60 218 379 42 0 -8 0
60 210 376 45 0 8 0
60 218 373 48 0 8 0
60 226 370 51 0 8 0
60 234 367 54 0 0 0
60 234 364 57 0 0 0
60 234 361 60 0 0 0
60 234 358 63 0 0 0
60 234 355 66 0 0 0
60 234 352 69 0 0 0
60 234 349 72 0 0 0
60 234 346 75 0 8 0
60 242 343 78 0 8 0
60 250 340 81 0 8 0
60 258 337 84 0 8 0
60 266 334 87 0 -8 0
60 258 331 90 0 0 0
60 258 328 93 0 -8 0
60 250 325 96 0 0 0
60 250 322 99 0 0 0
60 250 319 102 0 0 0
60 250 316 105 0 0 0
60 250 313 108 0 -8 0
60 242 310 111 8 -8 0
68 234 307 114 0 0 0
68 234 304 117 0 0 0
68 234 301 120 8 8 0
76 242 298 123 0 -8 0
76 234 295 126 0 8 0
76 242 292 129 8 8 0
84 250 289 132 0 -8 0
84 242 286 135 8 8 0
92 250 283 138 0 0 0
92 250 280 141 0 0 0
92 250 277 144 8 0 0
100 250 274 147 0 8 0
100 258 271 150 0 -8 0
100 250 268 153 8 0 0
108 250 265 156 0 8 0
108 258 262 159 8 0 0
116 258 259 162 0 8 0
116 266 256 165 0 0 0
116 266 253 168 8 8 0
124 274 250 171 0 0 0
124 274 247 174 0 0 0
124 274 244 177 8 8 0
132 282 241 180 0 0 0
132 282 238 183 8 8 0
140 290 235 186 0 -8 0
140 282 232 189 0 -8 0
140 274 229 192 8 0 0
148 274 226 195 0 8 0
148 282 223 198 0 0 0
148 282 220 201 8 0 0
156 282 217 204 0 8 0
156 290 214 207 8 8 0
164 298 211 210 0 -8 0
164 290 208 213 0 0 0
164 290 205 216 8 -8 0
172 282 202 219 0 0 0
172 282 199 222 0 -8 0
172 274 196 225 8 8 0
180 282 193 228 0 0 0
180 282 190 231 8 8 0
188 290 187 234 0 -8 0
188 282 184 237 0 8 0
188 290 181 240 8 -8 0
196 282 178 243 0 8 0
196 290 175 246 0 0 0
196 290 172 249 8 8 0
204 298 169 252 0 8 0
204 306 166 255 8 0 0
212 306 163 258 0 0 0
212 306 160 261 0 0 0
212 306 157 264 8 8 0
220 314 154 267 0 -8 0
220 306 151 270 0 -8 0
220 298 148 273 8 -8 0
228 290 145 276 0 8 0
228 298 142 279 8 -8 0
236 290 139 282 0 0 0
236 290 136 285 0 0 0
236 290 133 288 8 0 0
244 290 130 291 0 -8 0
244 282 127 294 0 -8 0
244 274 124 297 8 -8 0
252 266 121 300 0 0 0
252 266 118 303 8 8 0
260 274 115 306 0 -8 0
260 266 112 309 0 0 0
260 266 109 312 8 0 0
268 266 106 315 0 -8 0
268 258 103 318 0 8 0
268 266 100 321 8 -8 0
276 258 97 324 0 -8 0
276 250 94 327 8 0 0
284 250 91 330 0 8 0
284 258 88 333 0 0 0
284 258 85 336 8 8 0
292 266 82 339 0 8 0
292 274 79 342 0 0 0
292 274 76 345 8 0 0
300 274 73 348 0 0 0
300 274 70 351 8 -8 0
308 266 67 354 0 0 0
308 266 64 357 0 -8 0
308 258 61 360 8 -8 0
316 250 58 363 0 0 0
316 250 55 366 0 -8 0
316 242 52 369 8 0 0
324 242 49 372 0 0 0
324 242 46 375 8 -8 0
332 234 43 378 0 0 0
332 234 40 381 0 8 0
332 242 37 384 8 0 0
340 242 34 387 0 0 0
340 242 31 390 0 8 0
340 250 28 393 8 0 0
348 250 25 396 0 0 0
348 250 22 399 8 -8 0
356 242 19 402 0 8 0
356 250 22 405 0 -8 0
356 242 25 408 8 8 0
364 250 28 411 0 0 0
364 250 31 414 0 0 0
364 250 34 417 8 8 0
372 258 37 420 0 0 0
372 258 40 423 8 8 0
380 266 43 426 0 0 0
380 266 46 429 0 -8 0
380 258 49 432 8 8 0
388 266 52 435 0 0 0
388 266 55 438 0 -8 0
388 258 58 441 8 8 0
396 266 61 444 0 0 0
396 266 64 447 8 -8 0
404 258 67 450 0 8 0
404 266 70 453 0 0 0
404 266 73 456 8 0 0
412 266 76 459 0 0 0
412 266 79 462 0 0 0
412 266 82 465 8 -8 0
420 258 85 468 0 0 0
420 258 88 471 8 0 0
428 258 91 474 0 0 0
428 258 94 477 0 8 0
428 266 97 480 8 8 0
436 274 100 483 0 -8 0
436 266 103 486 0 0 0
436 266 106 489 8 0 0
444 266 109 492 0 0 0
444 266 112 495 8 -8 0
452 258 115 498 0 8 0
452 266 118 501 0 0 0
452 266 121 504 8 -8 0
460 258 124 507 0 8 0
460 266 127 510 0 8 0
460 274 130 513 8 8 0
468 282 133 516 0 -8 0
468 274 136 519 8 8 0
476 282 139 522 0 -8 0
476 274 142 525 0 0 0
476 274 145 528 8 -8 0
484 266 148 531 0 8 0
484 274 151 534 0 -8 0
484 266 154 537 8 8 0
492 274 157 540 0 -8 0
492 266 160 543 8 8 0
500 274 163 546 0 0 0
500 274 166 549 0 -8 0
500 266 169 552 8 0 0
508 266 172 555 0 -8 0
508 258 175 558 0 -8 0
508 250 178 561 8 -8 0
516 242 181 564 0 8 0
516 250 184 567 8 0 0
524 250 187 570 0 8 0
524 258 190 573 0 8 0
524 266 193 576 8 0 0
532 266 196 579 0 -8 0
532 258 199 582 0 0 0
532 258 202 585 8 -8 0
540 250 205 588 0 -8 0
540 242 208 591 8 0 0
540 242 211 588 0 8 0
540 250 214 585 0 8 0
540 258 217 582 0 -8 0
540 250 220 579 0 8 0
540 258 223 576 0 0 0
540 258 226 573 0 8 0
540 266 229 570 0 0 0
540 266 232 567 0 8 0
540 274 235 564 0 8 0
540 282 238 561 0 0 0
540 282 241 558 0 8 0
540 290 244 555 0 -8 0
540 282 247 552 0 8 0
540 290 250 549 0 8 0
540 298 253 546 0 -8 0
540 290 256 543 0 8 0
540 298 259 540 0 0 0
540 298 262 537 0 0 0
540 298 265 534 0 8 0
540 306 268 531 0 -8 0
540 298 271 528 0 -8 0
540 290 274 525 0 -8 0
540 282 277 522 0 -8 0
540 274 280 519 0 0 0
540 274 283 516 0 0 0
540 274 286 513 0 0 0
540 274 289 510 0 8 0
540 282 292 507 0 8 0
540 290 295 504 0 -8 0
540 282 298 501 0 8 0
540 290 301 498 0 -8 0
540 282 304 495 0 -8 0
540 274 307 492 0 0 0
540 274 310 489 -8 0 0
532 274 313 486 0 -8 0
532 266 316 483 0 0 0
532 266 319 480 -8 0 0
524 266 322 477 0 8 0
524 274 325 474 0 0 0
524 274 328 471 -8 0 0
516 274 331 468 0 0 0
516 274 334 465 -8 -8 0
508 266 337 462 0 -8 0
508 258 340 459 0 0 0
508 258 343 456 -8 0 0
500 258 346 453 0 0 0
500 258 349 450 0 8 0
500 266 352 447 -8 0 0
492 266 355 444 0 8 0
492 274 358 441 -8 8 0
484 282 361 438 0 -8 0
484 274 364 435 0 -8 0
484 266 367 432 -8 0 0
476 266 370 429 0 8 0
476 274 373 426 0 0 0
476 274 376 423 -8 8 0
468 282 379 420 0 -8 0
468 274 382 417 -8 -8 0
460 266 385 414 0 0 0
460 266 388 411 0 0 0
460 266 391 408 -8 8 0
452 274 394 405 0 0 0
452 274 397 402 0 8 0
452 282 400 399 -8 -8 0
444 274 403 396 0 0 0
444 274 406 393 -8 -8 0
436 266 409 390 0 -8 0
436 258 412 387 0 0 0
436 258 415 384 -8 0 0
428 258 418 381 0 -8 0
428 250 421 378 0 0 0
428 250 424 375 -8 -8 0
420 242 427 372 0 -8 0
420 234 430 369 -8 -8 0
412 226 433 366 0 8 0
412 234 436 363 0 8 0
412 242 439 360 -8 -8 0
404 234 442 357 0 0 0
404 234 445 354 0 -8 0
404 226 448 351 -8 0 0
396 226 451 348 0 8 0
396 234 454 345 -8 8 0
388 242 457 342 0 0 0
388 242 460 339 0 8 0
388 250 463 336 -8 -8 0
380 242 466 333 0 0 0
380 242 469 330 0 0 0
380 242 472 327 -8 8 0
372 250 475 324 0 0 0
372 250 478 321 -8 0 0
364 250 481 318 0 8 0
364 258 484 315 0 8 0
364 266 487 312 -8 8 0
356 274 490 309 0 8 0
356 282 493 306 0 8 0
356 290 496 303 -8 -8 0
348 282 499 300 0 -8 0
348 274 502 297 -8 0 0
340 274 505 294 0 8 0
340 282 508 291 0 8 0
340 290 511 288 -8 0 0
332 290 514 285 0 0 0
332 290 517 282 0 0 0
332 290 520 279 -8 8 0
324 298 523 276 0 8 0
324 306 526 273 -8 8 0
316 314 529 270 0 0 0
316 314 532 267 0 8 0
316 322 535 264 -8 0 0
308 322 538 261 0 -8 0
308 314 541 258 0 -8 0
308 306 544 255 -8 8 0
300 314 547 252 0 0 0
300 314 550 249 -8 0 0
292 314 553 246 0 8 0
292 322 556 243 0 -8 0
292 314 559 240 -8 0 0
284 314 562 237 0 8 0
284 322 565 234 0 0 0
284 322 568 231 -8 0 0
276 322 571 228 0 -8 0
276 314 574 225 -8 0 0
268 314 577 222 0 0 0
268 314 580 219 0 -8 0
268 306 583 216 -8 -8 0
260 298 586 213 0 -8 0
260 290 589 210 0 -8 0
260 282 592 207 -8 -8 0
252 274 595 204 0 -8 0
252 266 598 201 -8 -8 0
244 258 601 198 0 0 0
244 258 604 195 0 0 0
244 258 607 192 -8 8 0
236 266 610 189 0 -8 0
236 258 613 186 0 8 0
236 266 616 183 -8 8 0
228 274 619 180 0 8 0
228 282 622 177 -8 0 0
220 282 625 174 0 0 0
220 282 628 171 0 -8 0
220 274 631 168 -8 0 0
212 274 634 165 0 8 0
212 282 637 162 0 8 0
212 290 640 159 -8 8 0
204 298 643 156 0 -8 0
204 290 646 153 -8 8 0
196 298 649 150 0 -8 0
196 290 652 147 0 8 0
196 298 655 144 -8 8 0
188 306 658 141 0 -8 0
188 298 661 138 0 8 0
188 306 664 135 -8 -8 0
180 298 667 132 0 -8 0
180 290 670 129 -8 0 0
172 290 673 126 0 8 0
172 298 676 123 0 0 0
172 298 679 120 -8 0 0
164 298 682 117 0 8 0
164 306 685 114 0 -8 0
164 298 688 111 -8 -8 0
156 290 691 108 0 0 0
156 290 694 105 -8 0 0
148 290 697 102 0 8 0
148 298 700 99 0 -8 0
148 290 703 96 -8 8 0
140 298 706 93 0 -8 0
140 290 709 90 0 0 0
140 290 712 87 -8 0 0
132 290 715 84 0 -8 0
132 282 718 81 -8 -8 0
124 274 721 78 0 8 0
124 282 724 75 0 8 0
124 290 727 72 -8 -8 0
116 282 730 69 0 -8 0
116 274 733 66 0 8 0
116 282 736 63 -8 0 0
108 282 739 60 0 0 0
108 282 742 57 -8 8 0
100 290 745 54 0 0 0
100 290 748 51 0 0 0
100 290 751 48 -8 8 0
92 298 754 45 0 -8 0
92 290 757 42 0 8 0
92 298 760 39 -8 8 0
84 306 763 36 0 0 0
84 306 766 33 -8 0 0
76 306 769 30 0 8 0
76 314 772 27 0 8 0
76 322 775 24 -8 0 0
68 322 778 21 0 -8 0
68 314 781 18 0 0 1
68 314 781 18 0 0 1
68 314 781 18 0 0 1
68 314 781 18 0 0 1
68 314 781 18 0 0 1
