105 364 262 111 0 0 0
105 364 259 108 0 8 0
105 372 256 105 0 -8 0
105 364 253 102 0 -8 0
105 356 250 99 0 -8 0
105 348 247 96 0 -8 0
105 340 244 93 0 8 0
105 348 241 90 0 0 0
105 348 238 87 0 -8 0
105 340 235 84 0 0 0
105 340 232 81 0 8 0
105 348 229 78 0 8 0
105 356 226 75 0 -8 0
105 348 223 72 0 8 0
105 356 220 69 0 0 0
105 356 217 66 0 -8 0
105 348 214 63 0 0 0
105 348 211 60 0 -8 0
105 340 208 57 0 0 0
105 340 205 54 -8 8 0
97 348 202 51 0 0 0
97 348 199 48 0 0 0
97 348 196 45 -8 8 0
89 356 193 42 0 -8 0
89 348 190 39 0 8 0
89 356 187 36 -8 8 0
81 364 184 33 0 8 0
81 372 181 30 -8 0 0
73 372 178 27 0 -8 0
73 364 175 24 0 -8 0
73 356 172 21 -8 0 0
65 356 169 18 0 0 0
65 356 166 15 0 0 0
65 356 163 12 -8 8 0
60 364 160 9 -8 8 0
60 372 157 12 0 0 0
60 372 154 15 0 0 0
60 372 151 18 0 0 0
60 372 148 21 0 8 0
60 380 145 24 0 0 0
60 380 142 27 0 8 0
60 388 139 30 0 8 0
60 396 136 33 0 8 0
60 404 133 36 0 -8 0
60 396 130 39 0 8 0
60 404 127 42 0 -8 0
60 396 124 45 0 0 0
60 396 121 48 0 0 0
60 396 118 51 0 0 0
60 396 115 54 0 0 0
60 396 112 57 0 0 0
60 396 109 60 0 0 0
60 396 106 63 0 8 0
60 404 103 66 0 8 0
60 412 100 69 0 8 0
60 420 97 72 0 -8 0
60 412 94 75 0 0 0
60 412 91 78 0 0 0
60 412 88 81 0 8 0
60 420 85 84 0 -8 0
60 412 82 87 0 8 0
60 420 79 90 0 0 0
60 420 76 93 0 -8 0
60 412 73 96 0 8 0
60 420 70 99 0 8 0
60 428 67 102 0 8 0
60 436 64 105 0 8 0
60 444 61 108 0 -8 0
60 436 58 111 8 -8 0
68 428 55 114 0 0 0
68 428 52 117 0 -8 0
68 420 49 120 8 0 0
76 420 46 123 0 0 0
76 420 43 126 0 0 0
76 420 40 129 8 -8 0
84 412 37 132 0 -8 0
84 404 34 135 8 0 0
92 404 31 138 0 0 0
92 404 28 141 0 8 0
92 412 25 144 8 8 0
100 420 22 147 0 0 0
100 420 19 150 0 0 0
100 420 22 153 8 -8 0
108 412 25 156 0 0 0
108 412 28 159 8 0 0
116 412 31 162 0 0 0
116 412 34 165 0 8 0
116 420 37 168 8 -8 0
124 412 40 171 0 8 0
124 420 43 174 0 8 0
124 428 46 177 8 -8 0
132 420 49 180 0 -8 0
132 412 52 183 8 8 0
140 420 55 186 0 8 0
140 428 58 189 0 0 0
140 428 61 192 8 8 0
148 436 64 195 0 8 0
148 444 67 198 0 0 0
148 444 70 201 8 0 0
156 444 73 204 0 -8 0
156 436 76 207 8 -8 0
164 428 79 210 0 0 0
164 428 82 213 0 -8 0
164 420 85 216 8 -8 0
172 412 88 219 0 8 0
172 420 91 222 0 0 0
172 420 94 225 8 0 0
180 420 97 228 0 0 0
180 420 100 231 8 8 0
188 428 103 234 0 0 0
188 428 106 237 0 -8 0
188 420 109 240 8 0 0
196 420 112 243 0 8 0
196 428 115 246 0 -8 0
196 420 118 249 8 0 0
204 420 121 252 0 8 0
204 428 124 255 8 0 0
212 428 127 258 0 8 0
212 436 130 261 0 -8 0
212 428 133 264 8 -8 0
220 420 136 267 0 8 0
220 428 139 270 0 8 0
220 436 142 273 8 8 0
228 444 145 276 0 0 0
228 444 148 279 8 0 0
236 444 151 282 0 -8 0
236 436 154 285 0 8 0
236 444 157 288 8 -8 0
244 436 160 291 0 -8 0
244 428 163 294 0 8 0
244 436 166 297 8 0 0
252 436 169 300 0 8 0
252 444 172 303 8 0 0
260 444 175 306 0 -8 0
260 436 178 309 0 0 0
260 436 181 312 8 8 0
268 444 184 315 0 -8 0
268 436 187 318 0 0 0
268 436 190 321 8 -8 0
276 428 193 324 0 -8 0
276 420 196 327 8 -8 0
284 412 199 330 0 0 0
284 412 202 333 0 0 0
284 412 205 336 8 -8 0
292 404 208 339 0 -8 0
292 396 211 342 0 0 0
292 396 214 345 8 -8 0
300 388 217 348 0 8 0
300 396 220 351 8 -8 0
308 388 223 354 0 -8 0
308 380 226 357 0 -8 0
308 372 229 360 8 -8 0
316 364 232 363 0 0 0
316 364 235 366 0 8 0
316 372 238 369 8 8 0
324 380 241 372 0 -8 0
324 372 244 375 8 -8 0
332 364 247 378 0 8 0
332 372 250 381 0 8 0
332 380 253 384 8 -8 0
340 372 256 387 0 0 0
340 372 259 390 0 8 0
340 380 262 393 8 0 0
348 380 265 396 0 -8 0
348 372 268 399 8 -8 0
356 364 271 402 0 -8 0
356 356 274 405 0 -8 0
356 348 277 408 8 8 0
364 356 280 411 0 -8 0
364 348 283 414 0 -8 0
364 340 286 417 8 -8 0
372 332 289 420 0 -8 0
372 324 292 423 8 8 0
380 332 295 426 0 8 0
380 340 298 429 0 8 0
380 348 301 432 8 0 0
388 348 304 435 0 8 0
388 356 307 438 0 -8 0
388 348 310 441 8 -8 0
396 340 313 444 0 0 0
396 340 316 447 8 -8 0
404 332 319 450 0 0 0
404 332 322 453 0 -8 0
404 324 325 456 8 0 0
412 324 328 459 0 -8 0
412 316 331 462 0 -8 0
412 308 334 465 8 8 0
420 316 337 468 0 8 0
420 324 340 471 8 8 0
428 332 343 474 0 -8 0
428 324 346 477 0 0 0
428 324 349 480 8 8 0
436 332 352 483 0 8 0
436 340 355 486 0 0 0
436 340 358 489 8 -8 0
444 332 361 492 0 0 0
444 332 364 495 8 8 0
452 340 367 498 0 8 0
452 348 370 501 0 8 0
452 356 373 504 8 0 0
460 356 376 507 0 -8 0
460 348 379 510 0 8 0
460 356 382 513 8 0 0
468 356 385 516 0 0 0
468 356 388 519 8 -8 0
476 348 391 522 0 -8 0
476 340 394 525 0 8 0
476 348 397 528 8 -8 0
484 340 400 531 0 0 0
484 340 403 534 0 8 0
484 348 406 537 8 0 0
492 348 409 540 0 0 0
492 348 412 543 8 8 0
500 356 415 546 0 0 0
500 356 418 549 0 0 0
500 356 421 552 8 -8 0
508 348 424 555 0 0 0
508 348 427 558 0 0 0
508 348 430 561 8 -8 0
516 340 433 564 0 8 0
516 348 436 567 8 0 0
524 348 439 570 0 0 0
524 348 442 573 0 0 0
524 348 445 576 8 8 0
532 356 448 579 0 8 0
532 364 451 582 0 8 0
532 372 454 585 8 8 0
540 380 457 588 0 8 0
540 388 460 591 8 0 0
540 388 463 588 0 0 0
540 388 466 585 0 0 0
540 388 469 582 0 8 0
540 396 472 579 0 0 0
540 396 475 576 0 -8 0
540 388 478 573 0 0 0
540 388 481 570 0 -8 0
540 380 484 567 0 0 0
540 380 487 564 0 -8 0
540 372 490 561 0 8 0
540 380 493 558 0 8 0
540 388 496 555 0 -8 0
540 380 499 552 0 0 0
540 380 502 549 0 0 0
540 380 505 546 0 8 0
540 388 508 543 0 -8 0
540 380 511 540 0 -8 0
540 372 514 537 0 0 0
540 372 517 534 0 -8 0
540 364 520 531 0 0 0
540 364 523 528 0 8 0
540 372 526 525 0 0 0
540 372 529 522 0 0 0
540 372 532 519 0 0 0
540 372 535 516 0 0 0
540 372 538 513 0 0 0
540 372 541 510 0 8 0
540 380 544 507 0 -8 0
540 372 547 504 0 8 0
540 380 550 501 0 -8 0
540 372 553 498 0 0 0
540 372 556 495 0 8 0
540 380 559 492 0 -8 0
540 372 562 489 -8 -8 0
532 364 565 486 0 8 0
532 372 568 483 0 -8 0
532 364 571 480 -8 -8 0
524 356 574 477 0 8 0
524 364 577 474 0 8 0
524 372 580 471 -8 8 0
516 380 583 468 0 8 0
516 388 586 465 -8 -8 0
508 380 589 462 0 8 0
508 388 592 459 0 8 0
508 396 595 456 -8 -8 0
500 388 598 453 0 8 0
500 396 601 450 0 0 0
500 396 604 447 -8 8 0
492 404 607 444 0 0 0
492 404 610 441 -8 -8 0
484 396 613 438 0 0 0
484 396 616 435 0 0 0
484 396 619 432 -8 -8 0
476 388 622 429 0 0 0
476 388 625 426 0 0 0
476 388 628 423 -8 8 0
468 396 631 420 0 8 0
468 404 634 417 -8 0 0
460 404 637 414 0 0 0
460 404 640 411 0 0 0
460 404 643 408 -8 8 0
452 412 646 405 0 -8 0
452 404 649 402 0 0 0
452 404 652 399 -8 0 0
444 404 655 396 0 -8 0
444 396 658 393 -8 8 0
436 404 661 390 0 0 0
436 404 664 387 0 0 0
436 404 667 384 -8 8 0
428 412 670 381 0 8 0
428 420 673 378 0 0 0
428 420 676 375 -8 8 0
420 428 679 372 0 0 0
420 428 682 369 -8 8 0
412 436 685 366 0 -8 0
412 428 688 363 0 -8 0
412 420 691 360 -8 0 0
404 420 694 357 0 -8 0
404 412 697 354 0 0 0
404 412 700 351 -8 8 0
396 420 703 348 0 -8 0
396 412 706 345 -8 -8 0
388 404 709 342 0 0 0
388 404 712 339 0 0 0
388 404 715 336 -8 -8 0
380 396 718 333 0 8 0
380 404 721 330 0 8 0
380 412 724 327 -8 0 0
372 412 727 324 0 8 0
372 420 730 321 -8 0 0
364 420 733 318 0 0 0
364 420 736 315 0 -8 0
364 412 739 312 -8 0 0
356 412 742 309 0 -8 0
356 404 745 306 0 8 0
356 412 748 303 -8 0 0
348 412 751 300 0 8 0
348 420 754 297 -8 -8 0
340 412 757 294 0 0 0
340 412 760 291 0 0 0
340 412 763 288 -8 0 0
332 412 766 285 0 8 0
332 420 769 282 0 8 0
332 428 772 279 -8 -8 0
324 420 775 276 0 0 0
324 420 778 273 -8 8 0
316 428 781 270 0 0 1
316 428 781 270 0 0 1
316 428 781 270 0 0 1
316 428 781 270 0 0 1
316 428 781 270 0 0 1
