371 417 103 183 0 0 0
371 417 100 186 -8 0 0
363 417 97 189 -8 -8 0
355 409 94 192 -8 -8 0
347 401 91 195 -8 -8 0
339 393 88 198 -8 -8 0
331 385 85 201 -8 -8 0
323 377 82 204 -8 -8 0
315 369 79 207 -8 8 0
307 377 76 210 -8 -8 0
299 369 73 213 -8 0 0
291 369 70 216 -8 0 0
283 369 67 219 -8 -8 0
275 361 64 222 -8 0 0
267 361 61 225 0 8 0
267 369 58 228 0 -8 0
267 361 55 231 0 8 0
267 369 52 234 0 0 0
267 369 49 237 0 8 0
267 377 46 240 0 8 0
267 385 43 243 0 8 0
267 393 40 246 0 -8 0
267 385 37 249 0 8 0
267 393 34 252 0 -8 0
267 385 31 255 0 -8 0
267 377 28 258 0 -8 0
267 369 25 261 0 8 0
267 377 22 264 0 -8 0
267 369 19 267 0 8 0
267 377 22 270 0 -8 0
267 369 25 273 0 8 0
267 377 28 276 0 8 0
267 385 31 279 0 -8 0
267 377 34 282 0 -8 0
267 369 37 285 0 -8 0
267 361 40 288 0 8 0
267 369 43 291 0 0 0
267 369 46 294 0 0 0
267 369 49 297 0 0 0
267 369 52 300 0 8 0
267 377 55 303 0 0 0
267 377 58 306 0 8 0
267 385 61 309 0 8 0
267 393 64 312 0 8 0
267 401 67 315 0 0 0
267 401 70 318 8 0 0
275 401 73 321 0 0 0
275 401 76 324 0 -8 0
275 393 79 327 8 0 0
283 393 82 330 0 -8 0
283 385 85 333 0 0 0
283 385 88 336 8 0 0
291 385 91 339 0 -8 0
291 377 94 342 8 0 0
299 377 97 345 0 0 0
299 377 100 348 0 0 0
299 377 103 351 8 -8 0
307 369 106 354 0 8 0
307 377 109 357 0 0 0
307 377 112 360 8 -8 0
315 369 115 363 0 8 0
315 377 118 366 8 8 0
323 385 121 369 0 -8 0
323 377 124 372 0 0 0
323 377 127 375 8 -8 0
331 369 130 378 0 0 0
331 369 133 381 0 0 0
331 369 136 384 8 8 0
339 377 139 387 0 -8 0
339 369 142 390 8 -8 0
347 361 145 393 0 8 0
347 369 148 396 0 0 0
347 369 151 399 8 0 0
355 369 154 402 0 8 0
355 377 157 405 0 8 0
355 385 160 408 8 8 0
363 393 163 411 0 0 0
363 393 166 414 8 0 0
371 393 169 417 0 0 0
371 393 172 420 0 8 0
371 401 175 423 8 0 0
379 401 178 426 0 0 0
379 401 181 429 0 -8 0
379 393 184 432 8 8 0
387 401 187 435 0 -8 0
387 393 190 438 8 8 0
395 401 193 441 0 -8 0
395 393 196 444 0 -8 0
395 385 199 447 8 -8 0
403 377 202 450 0 8 0
403 385 205 453 0 -8 0
403 377 208 456 8 -8 0
411 369 211 459 0 0 0
411 369 214 462 8 0 0
419 369 217 465 0 0 0
419 369 220 468 0 8 0
419 377 223 471 8 -8 0
427 369 226 474 0 8 0
427 377 229 477 0 8 0
427 385 232 480 8 8 0
435 393 235 483 0 8 0
435 401 238 486 8 0 0
443 401 241 489 0 0 0
443 401 244 492 0 0 0
443 401 247 495 8 -8 0
451 393 250 498 0 -8 0
451 385 253 501 0 8 0
451 393 256 504 8 0 0
459 393 259 507 0 8 0
459 401 262 510 8 8 0
467 409 265 513 0 8 0
467 417 268 516 0 -8 0
467 409 271 519 8 8 0
475 417 274 522 0 8 0
475 425 277 525 0 0 0
475 425 280 528 8 8 0
483 433 283 531 0 8 0
483 441 286 534 8 8 0
491 449 289 537 0 -8 0
491 441 292 540 0 8 0
491 449 295 543 8 0 0
499 449 298 546 0 -8 0
499 441 301 549 0 -8 0
499 433 304 552 8 8 0
507 441 307 555 0 8 0
507 449 310 558 8 8 0
515 457 313 561 0 0 0
515 457 316 564 0 0 0
515 457 319 567 8 -8 0
523 449 322 570 0 8 0
523 457 325 573 0 8 0
523 465 328 576 8 8 0
531 473 331 579 0 8 0
531 481 334 582 8 0 0
539 481 337 585 0 0 0
539 481 340 588 0 -8 0
539 473 343 591 8 -8 0
540 465 346 588 0 -8 0
540 457 349 585 0 8 0
540 465 352 582 0 0 0
540 465 355 579 0 -8 0
540 457 358 576 0 0 0
540 457 361 573 0 -8 0
540 449 364 570 0 0 0
540 449 367 567 0 -8 0
540 441 370 564 0 0 0
540 441 373 561 0 8 0
540 449 376 558 0 8 0
540 457 379 555 0 8 0
540 465 382 552 0 8 0
540 473 385 549 0 0 0
540 473 388 546 0 0 0
540 473 391 543 0 8 0
540 481 394 540 0 -8 0
540 473 397 537 0 -8 0
540 465 400 534 0 8 0
540 473 403 531 0 0 0
540 473 406 528 0 0 0
540 473 409 525 0 -8 0
540 465 412 522 0 8 0
540 473 415 519 0 8 0
540 481 418 516 0 8 0
540 489 421 513 0 0 0
540 489 424 510 0 0 0
540 489 427 507 0 0 0
540 489 430 504 0 -8 0
540 481 433 501 0 8 0
540 489 436 498 0 8 0
540 497 439 495 0 0 0
540 497 442 492 0 8 0
540 505 445 489 -8 8 0
532 513 448 486 0 0 0
532 513 451 483 0 -8 0
532 505 454 480 -8 0 0
524 505 457 477 0 8 0
524 513 460 474 0 8 0
524 521 463 471 -8 -8 0
516 513 466 468 0 8 0
516 521 469 465 -8 8 0
508 529 472 462 0 8 0
508 537 475 459 0 -8 0
508 529 478 456 -8 8 0
500 537 481 453 0 0 0
500 537 484 450 0 8 0
500 540 487 447 -8 8 0
492 540 490 444 0 8 0
492 540 493 441 -8 0 0
484 540 496 438 0 -8 0
484 532 499 435 0 -8 0
484 524 502 432 -8 8 0
476 532 505 429 0 0 0
476 532 508 426 0 0 0
476 532 511 423 -8 0 0
468 532 514 420 0 0 0
468 532 517 417 -8 -8 0
460 524 520 414 0 0 0
460 524 523 411 0 0 0
460 524 526 408 -8 -8 0
452 516 529 405 0 -8 0
452 508 532 402 0 0 0
452 508 535 399 -8 8 0
444 516 538 396 0 0 0
444 516 541 393 -8 0 0
436 516 544 390 0 -8 0
436 508 547 387 0 0 0
436 508 550 384 -8 8 0
428 516 553 381 0 8 0
428 524 556 378 0 0 0
428 524 559 375 -8 8 0
420 532 562 372 0 8 0
420 540 565 369 -8 -8 0
412 532 568 366 0 0 0
412 532 571 363 0 0 0
412 532 574 360 -8 0 0
404 532 577 357 0 -8 0
404 524 580 354 0 -8 0
404 516 583 351 -8 8 0
396 524 586 348 0 -8 0
396 516 589 345 -8 8 0
388 524 592 342 0 8 0
388 532 595 339 0 8 0
388 540 598 336 -8 8 0
380 540 601 333 0 8 0
380 540 604 330 0 -8 0
380 532 607 327 -8 8 0
372 540 610 324 0 -8 0
372 532 613 321 -8 -8 0
364 524 616 318 0 0 0
364 524 619 315 0 8 0
364 532 622 312 -8 8 0
356 540 625 309 0 8 0
356 540 628 306 0 0 0
356 540 631 303 -8 0 0
348 540 634 300 0 8 0
348 540 637 297 -8 0 0
340 540 640 294 0 8 0
340 540 643 291 0 8 0
340 540 646 288 -8 -8 0
332 532 649 285 0 -8 0
332 524 652 282 0 8 0
332 532 655 279 -8 0 0
324 532 658 276 0 8 0
324 540 661 273 -8 8 0
316 540 664 270 0 -8 0
316 532 667 267 0 -8 0
316 524 670 264 -8 -8 0
308 516 673 261 0 -8 0
308 508 676 258 0 0 0
308 508 679 255 -8 0 0
300 508 682 252 0 -8 0
300 500 685 249 -8 0 0
292 500 688 246 0 8 0
292 508 691 243 0 -8 0
292 500 694 240 -8 8 0
284 508 697 237 0 -8 0
284 500 700 234 0 8 0
284 508 703 231 -8 -8 0
276 500 706 228 0 0 0
276 500 709 225 -8 8 0
268 508 712 222 0 -8 0
268 500 715 219 0 -8 0
268 492 718 216 -8 -8 0
260 484 721 213 0 -8 0
260 476 724 210 0 -8 0
260 468 727 207 -8 8 0
252 476 730 204 0 8 0
252 484 733 201 -8 0 0
244 484 736 198 0 -8 0
244 476 739 195 0 0 0
244 476 742 192 -8 8 0
236 484 745 189 0 0 0
236 484 748 186 0 0 0
236 484 751 183 -8 8 0
228 492 754 180 0 8 0
228 500 757 177 -8 0 0
220 500 760 174 0 8 0
220 508 763 171 0 8 0
220 516 766 168 -8 8 0
212 524 769 165 0 -8 0
212 516 772 162 0 0 0
212 516 775 159 -8 0 0
204 516 778 156 0 8 0
204 524 781 153 0 0 1
204 524 781 153 0 0 1
204 524 781 153 0 0 1
204 524 781 153 0 0 1
204 524 781 153 0 0 1
