307 107 109 150 0 0 0
307 107 112 147 -8 8 0
299 115 115 144 -8 8 0
291 123 118 141 -8 -8 0
283 115 121 138 -8 -8 0
275 107 124 135 -8 8 0
267 115 127 132 -8 0 0
259 115 130 129 -8 0 0
251 115 133 126 -8 -8 0
243 107 136 123 -8 8 0
235 115 139 120 -8 -8 0
227 107 142 117 -8 0 0
219 107 145 114 -8 -8 0
211 99 148 111 -8 8 0
203 107 151 108 -8 -8 0
195 99 154 105 -8 8 0
187 107 157 102 -8 8 0
179 115 160 99 -8 -8 0
171 107 163 96 -8 -8 0
163 99 166 93 -8 0 0
155 99 169 90 -8 0 0
147 99 172 87 -8 8 0
139 107 175 84 -8 8 0
131 115 178 81 0 0 0
131 115 181 78 -8 0 0
123 115 184 75 0 -8 0
123 107 187 72 -8 0 0
115 107 190 69 0 0 0
115 107 193 66 0 0 0
115 107 196 63 -8 8 0
107 115 199 60 0 8 0
107 123 202 57 0 8 0
107 131 205 54 -8 -8 0
99 123 208 51 0 8 0
99 131 211 48 -8 -8 0
91 123 214 45 0 8 0
91 131 217 42 0 8 0
91 139 220 39 -8 -8 0
83 131 223 36 0 0 0
83 131 226 33 0 8 0
83 139 229 30 -8 -8 0
75 131 232 27 0 -8 0
75 123 235 24 -8 8 0
67 131 238 21 0 -8 0
67 123 241 18 0 0 0
67 123 244 15 -8 0 0
60 123 247 12 0 -8 0
60 115 250 9 -8 0 0
60 115 253 12 0 8 0
60 123 256 15 0 8 0
60 131 259 18 0 0 0
60 131 262 21 0 -8 0
60 123 265 24 0 8 0
60 131 268 27 0 8 0
60 139 271 30 0 0 0
60 139 274 33 0 0 0
60 139 277 36 0 -8 0
60 131 280 39 0 8 0
60 139 283 42 0 8 0
60 147 286 45 0 -8 0
60 139 289 48 0 0 0
60 139 292 51 0 8 0
60 147 295 54 0 -8 0
60 139 298 57 0 -8 0
60 131 301 60 0 0 0
60 131 304 63 0 8 0
60 139 307 66 0 8 0
60 147 310 69 0 8 0
60 155 313 72 0 0 0
60 155 316 75 0 -8 0
60 147 319 78 0 8 0
60 155 322 81 0 0 0
60 155 325 84 0 0 0
60 155 328 87 0 8 0
60 163 331 90 0 0 0
60 163 334 93 0 8 0
60 171 337 96 0 -8 0
60 163 340 99 0 8 0
60 171 343 102 0 8 0
60 179 346 105 0 8 0
60 187 349 108 0 -8 0
60 179 352 111 8 0 0
68 179 355 114 0 -8 0
68 171 358 117 0 0 0
68 171 361 120 8 -8 0
76 163 364 123 0 -8 0
76 155 367 126 0 8 0
76 163 370 129 8 0 0
84 163 373 132 0 8 0
84 171 376 135 8 8 0
92 179 379 138 0 0 0
92 179 382 141 0 0 0
92 179 385 144 8 0 0
100 179 388 147 0 -8 0
100 171 391 150 0 -8 0
100 163 394 153 8 0 0
108 163 397 156 0 -8 0
108 155 400 159 8 0 0
116 155 403 162 0 8 0
116 163 406 165 0 0 0
116 163 409 168 8 -8 0
124 155 412 171 0 8 0
124 163 415 174 0 8 0
124 171 418 177 8 0 0
132 171 421 180 0 0 0
132 171 424 183 8 -8 0
140 163 427 186 0 -8 0
140 155 430 189 0 -8 0
140 147 433 192 8 8 0
148 155 436 195 0 -8 0
148 147 439 198 0 8 0
148 155 442 201 8 -8 0
156 147 445 204 0 -8 0
156 139 448 207 8 8 0
164 147 451 210 0 -8 0
164 139 454 213 0 0 0
164 139 457 216 8 8 0
172 147 460 219 0 8 0
172 155 463 222 0 0 0
172 155 466 225 8 -8 0
180 147 469 228 0 0 0
180 147 472 231 8 -8 0
188 139 475 234 0 -8 0
188 131 478 237 0 0 0
188 131 481 240 8 8 0
196 139 484 243 0 -8 0
196 131 487 246 0 0 0
196 131 490 249 8 0 0
204 131 493 252 0 0 0
204 131 496 255 8 0 0
212 131 499 258 0 -8 0
212 123 502 261 0 8 0
212 131 505 264 8 -8 0
220 123 508 267 0 -8 0
220 115 511 270 0 8 0
220 123 514 273 8 -8 0
228 115 517 276 0 0 0
228 115 520 279 8 0 0
236 115 523 282 0 -8 0
236 107 526 285 0 -8 0
236 99 529 288 8 8 0
244 107 532 291 0 0 0
244 107 535 294 0 -8 0
244 99 538 297 8 0 0
252 99 541 300 0 0 0
252 99 544 303 8 8 0
260 107 547 306 0 -8 0
260 99 550 309 0 -8 0
260 91 553 312 8 -8 0
268 83 556 315 0 0 0
268 83 559 318 0 -8 0
268 75 562 321 8 -8 0
276 67 565 324 0 0 0
276 67 568 327 8 -8 0
284 60 571 330 0 -8 0
284 60 574 333 0 8 0
284 68 577 336 8 0 0
292 68 580 339 0 0 0
292 68 583 342 0 8 0
292 76 586 345 8 -8 0
300 68 589 348 0 0 0
300 68 592 351 8 8 0
308 76 595 354 0 8 0
308 84 598 357 0 8 0
308 92 601 360 8 -8 0
316 84 604 363 0 -8 0
316 76 607 366 0 -8 0
316 68 610 369 8 -8 0
324 60 613 372 0 -8 0
324 60 616 375 8 0 0
332 60 619 378 0 -8 0
332 60 622 381 0 8 0
332 68 625 384 8 8 0
340 76 628 387 0 0 0
340 76 631 390 0 8 0
340 84 634 393 8 0 0
348 84 637 396 0 -8 0
348 76 640 399 8 0 0
356 76 643 402 0 -8 0
356 68 646 405 0 8 0
356 76 649 408 8 0 0
364 76 652 411 0 -8 0
364 68 655 414 0 8 0
364 76 658 417 8 8 0
372 84 661 420 0 8 0
372 92 664 423 8 -8 0
380 84 667 426 0 -8 0
380 76 670 429 0 8 0
380 84 673 432 8 0 0
388 84 676 435 0 0 0
388 84 679 438 0 0 0
388 84 682 441 8 8 0
396 92 685 444 0 0 0
396 92 688 447 8 -8 0
404 84 691 450 0 0 0
404 84 694 453 0 0 0
404 84 697 456 8 -8 0
412 76 700 459 0 0 0
412 76 703 462 0 8 0
412 84 706 465 8 8 0
420 92 709 468 0 -8 0
420 84 712 471 8 -8 0
428 76 715 474 0 -8 0
428 68 718 477 0 -8 0
428 60 721 480 8 8 0
436 68 724 483 0 8 0
436 76 727 486 0 -8 0
436 68 730 489 8 0 0
444 68 733 492 0 0 0
444 68 736 495 8 -8 0
452 60 739 498 0 0 0
452 60 742 501 0 0 0
452 60 745 504 8 8 0
460 68 748 507 0 0 0
460 68 751 510 0 0 0
460 68 754 513 8 8 0
468 76 757 516 0 8 0
468 84 760 519 8 0 0
476 84 763 522 0 -8 0
476 76 766 525 0 0 0
476 76 769 528 8 8 0
484 84 772 531 0 8 0
484 92 775 534 0 0 0
484 92 778 537 8 -8 0
492 84 781 540 0 0 1
492 84 781 540 0 0 1
492 84 781 540 0 0 1
492 84 781 540 0 0 1
492 84 781 540 0 0 1
