504 101 310 177 0 0 0
504 101 307 180 -8 0 0
496 101 304 183 -8 -8 0
488 93 301 186 -8 8 0
480 101 298 189 -8 -8 0
472 93 295 192 -8 8 0
464 101 292 195 -8 8 0
456 109 289 198 -8 -8 0
448 101 286 201 -8 8 0
440 109 283 204 -8 -8 0
432 101 280 207 -8 0 0
424 101 277 210 -8 -8 0
416 93 274 213 -8 -8 0
408 85 271 216 -8 0 0
400 85 268 219 -8 8 0
392 93 265 222 -8 8 0
384 101 262 225 -8 -8 0
376 93 259 228 -8 0 0
368 93 256 231 -8 8 0
360 101 253 234 -8 -8 0
352 93 250 237 -8 -8 0
344 85 247 240 -8 0 0
336 85 244 243 -8 -8 0
328 77 241 246 -8 -8 0
320 69 238 249 -8 8 0
312 77 235 252 -8 8 0
304 85 232 255 0 8 0
304 93 229 258 0 8 0
304 101 226 261 0 0 0
304 101 223 264 0 -8 0
304 93 220 267 0 -8 0
304 85 217 270 0 8 0
304 93 214 273 0 0 0
304 93 211 276 0 -8 0
304 85 208 279 0 0 0
304 85 205 282 0 0 0
304 85 202 285 0 8 0
304 93 199 288 0 8 0
304 101 196 291 0 -8 0
304 93 193 294 0 -8 0
304 85 190 297 0 8 0
304 93 187 300 0 0 0
304 93 184 303 0 8 0
304 101 181 306 0 0 0
304 101 178 309 0 0 0
304 101 175 312 0 8 0
304 109 172 315 0 0 0
304 109 169 318 0 0 0
304 109 166 321 0 8 0
304 117 163 324 0 0 0
304 117 160 327 0 0 0
304 117 157 330 0 0 0
304 117 154 333 0 0 0
304 117 151 336 0 -8 0
304 109 148 339 0 8 0
304 117 145 342 0 0 0
304 117 142 345 0 8 0
304 125 139 348 0 8 0
304 133 136 351 0 0 0
304 133 133 354 0 8 0
304 141 130 357 8 -8 0
312 133 127 360 0 0 0
312 133 124 363 8 -8 0
320 125 121 366 0 0 0
320 125 118 369 0 8 0
320 133 115 372 8 8 0
328 141 112 375 0 -8 0
328 133 109 378 0 0 0
328 133 106 381 8 -8 0
336 125 103 384 0 8 0
336 133 100 387 8 0 0
344 133 97 390 0 8 0
344 141 94 393 0 8 0
344 149 91 396 8 -8 0
352 141 88 399 0 -8 0
352 133 85 402 0 8 0
352 141 82 405 8 0 0
360 141 79 408 0 -8 0
360 133 76 411 8 8 0
368 141 73 414 0 8 0
368 149 70 417 0 0 0
368 149 67 420 8 8 0
376 157 64 423 0 0 0
376 157 61 426 0 8 0
376 165 58 429 8 8 0
384 173 55 432 0 -8 0
384 165 52 435 8 0 0
392 165 49 438 0 0 0
392 165 46 441 0 8 0
392 173 43 444 8 -8 0
400 165 40 447 0 8 0
400 173 37 450 0 8 0
400 181 34 453 8 8 0
408 189 31 456 0 8 0
408 197 28 459 8 -8 0
416 189 25 462 0 8 0
416 197 22 465 0 -8 0
416 189 19 468 0 0 1
416 189 19 468 0 0 1
416 189 19 468 0 0 1
416 189 19 468 0 0 1
416 189 19 468 0 0 1
