75 319 529 468 0 0 0
75 319 526 465 8 -8 0
83 311 523 462 8 0 0
91 311 520 459 8 -8 0
99 303 517 456 8 8 0
107 311 514 453 8 -8 0
115 303 511 450 8 8 0
123 311 508 447 8 -8 0
131 303 505 444 8 -8 0
139 295 502 441 8 8 0
147 303 499 438 8 0 0
155 303 496 435 8 8 0
163 311 493 432 8 0 0
171 311 490 429 8 8 0
179 319 487 426 8 -8 0
187 311 484 423 8 -8 0
195 303 481 420 8 8 0
203 311 478 417 8 0 0
211 311 475 414 8 8 0
219 319 472 411 8 -8 0
227 311 469 408 8 0 0
235 311 466 405 8 8 0
243 319 463 402 8 -8 0
251 311 460 399 8 -8 0
259 303 457 396 8 8 0
267 311 454 393 8 0 0
275 311 451 390 8 -8 0
283 303 448 387 8 8 0
291 311 445 384 8 0 0
299 311 442 381 8 -8 0
307 303 439 378 8 8 0
315 311 436 375 8 8 0
323 319 433 372 0 0 0
323 319 430 369 0 0 0
323 319 427 366 0 8 0
323 327 424 363 0 -8 0
323 319 421 360 0 0 0
323 319 418 357 0 -8 0
323 311 415 354 0 8 0
323 319 412 351 0 8 0
323 327 409 348 0 0 0
323 327 406 345 0 -8 0
323 319 403 342 0 0 0
323 319 400 339 0 8 0
323 327 397 336 0 8 0
323 335 394 333 0 0 0
323 335 391 330 0 -8 0
323 327 388 327 0 8 0
323 335 385 324 0 0 0
323 335 382 321 0 8 0
323 343 379 318 0 -8 0
323 335 376 315 0 -8 0
323 327 373 312 0 0 0
323 327 370 309 0 8 0
323 335 367 306 0 0 0
323 335 364 303 0 8 0
323 343 361 300 0 -8 0
323 335 358 297 0 8 0
323 343 355 294 0 8 0
323 351 352 291 0 0 0
323 351 349 288 0 0 0
323 351 346 285 0 0 0
323 351 343 282 0 8 0
323 359 340 279 0 0 0
323 359 337 276 0 8 0
323 367 334 273 0 -8 0
323 359 331 270 -8 8 0
315 367 328 267 0 8 0
315 375 325 264 -8 8 0
307 383 322 261 0 8 0
307 391 319 258 0 -8 0
307 383 316 255 -8 0 0
299 383 313 252 0 -8 0
299 375 310 249 0 8 0
299 383 307 246 -8 8 0
291 391 304 243 0 -8 0
291 383 301 240 -8 8 0
283 391 298 237 0 -8 0
283 383 295 234 0 -8 0
283 375 292 231 -8 0 0
275 375 289 228 0 -8 0
275 367 286 225 0 0 0
275 367 283 222 -8 0 0
267 367 280 219 0 8 0
267 375 277 216 -8 0 0
259 375 274 213 0 8 0
259 383 271 210 0 8 0
259 391 268 207 -8 8 0
251 399 265 204 0 0 0
251 399 262 201 0 -8 0
251 391 259 198 -8 -8 0
243 383 256 195 0 0 0
243 383 253 192 -8 -8 0
235 375 250 189 0 8 0
235 383 247 186 0 -8 0
235 375 244 183 -8 8 0
227 383 241 180 0 0 0
227 383 238 177 0 8 0
227 391 235 174 -8 -8 0
219 383 232 171 0 0 0
219 383 229 168 -8 -8 0
211 375 226 165 0 8 0
211 383 223 162 0 -8 0
211 375 220 159 -8 0 0
203 375 217 156 0 8 0
203 383 214 153 0 0 0
203 383 211 150 -8 0 0
195 383 208 147 0 0 0
195 383 205 144 -8 0 0
187 383 202 141 0 0 0
187 383 199 138 0 -8 0
187 375 196 135 -8 8 0
179 383 193 132 0 -8 0
179 375 190 129 0 0 0
179 375 187 126 -8 8 0
171 383 184 123 0 8 0
171 391 181 120 -8 0 0
163 391 178 117 0 0 0
163 391 175 114 0 -8 0
163 383 172 111 -8 -8 0
155 375 169 108 0 8 0
155 383 166 105 0 -8 0
155 375 163 102 -8 -8 0
147 367 160 99 0 0 0
147 367 157 96 -8 -8 0
139 359 154 93 0 -8 0
139 351 151 90 0 0 0
139 351 148 87 -8 8 0
131 359 145 84 0 8 0
131 367 142 81 0 8 0
131 375 139 78 -8 8 0
123 383 136 75 0 -8 0
123 375 133 72 -8 8 0
115 383 130 69 0 8 0
115 391 127 66 0 -8 0
115 383 124 63 -8 -8 0
107 375 121 60 0 -8 0
107 367 118 57 0 -8 0
107 359 115 54 -8 8 0
99 367 112 51 0 -8 0
99 359 109 48 -8 8 0
91 367 106 45 0 -8 0
91 359 103 42 0 0 0
91 359 100 39 -8 0 0
83 359 97 36 0 8 0
83 367 94 33 0 -8 0
83 359 91 30 -8 8 0
75 367 88 27 0 -8 0
75 359 85 24 -8 -8 0
67 351 82 21 0 -8 0
67 343 79 18 0 0 0
67 343 76 15 -8 -8 0
60 335 73 12 0 0 0
60 335 70 9 -8 -8 0
60 327 67 12 0 0 0
60 327 64 15 0 0 0
60 327 61 18 0 8 0
60 335 58 21 0 -8 0
60 327 55 24 0 8 0
60 335 52 27 0 8 0
60 343 49 30 0 0 0
60 343 46 33 0 8 0
60 351 43 36 0 8 0
60 359 40 39 0 0 0
60 359 37 42 0 8 0
60 367 34 45 0 0 0
60 367 31 48 0 0 0
60 367 28 51 0 8 0
60 375 25 54 0 -8 0
60 367 22 57 0 8 0
60 375 19 60 0 -8 0
60 367 22 63 0 -8 0
60 359 25 66 0 0 0
60 359 28 69 0 -8 0
60 351 31 72 0 0 0
60 351 34 75 0 0 0
60 351 37 78 0 0 0
60 351 40 81 0 -8 0
60 343 43 84 0 -8 0
60 335 46 87 0 8 0
60 343 49 90 0 8 0
60 351 52 93 0 -8 0
60 343 55 96 0 0 0
60 343 58 99 0 -8 0
60 335 61 102 0 -8 0
60 327 64 105 0 -8 0
60 319 67 108 0 8 0
60 327 70 111 8 -8 0
68 319 73 114 0 8 0
68 327 76 117 0 -8 0
68 319 79 120 8 -8 0
76 311 82 123 0 8 0
76 319 85 126 0 0 0
76 319 88 129 8 -8 0
84 311 91 132 0 8 0
84 319 94 135 8 8 0
92 327 97 138 0 -8 0
92 319 100 141 0 0 0
92 319 103 144 8 0 0
100 319 106 147 0 -8 0
100 311 109 150 0 -8 0
100 303 112 153 8 0 0
108 303 115 156 0 -8 0
108 295 118 159 8 -8 0
116 287 121 162 0 -8 0
116 279 124 165 0 8 0
116 287 127 168 8 0 0
124 287 130 171 0 0 0
124 287 133 174 0 -8 0
124 279 136 177 8 -8 0
132 271 139 180 0 8 0
132 279 142 183 8 -8 0
140 271 145 186 0 8 0
140 279 148 189 0 -8 0
140 271 151 192 8 0 0
148 271 154 195 0 0 0
148 271 157 198 0 -8 0
148 263 160 201 8 8 0
156 271 163 204 0 8 0
156 279 166 207 8 0 0
164 279 169 210 0 -8 0
164 271 172 213 0 0 0
164 271 175 216 8 8 0
172 279 178 219 0 0 0
172 279 181 222 0 -8 0
172 271 184 225 8 0 0
180 271 187 228 0 8 0
180 279 190 231 8 -8 0
188 271 193 234 0 8 0
188 279 196 237 0 8 0
188 287 199 240 8 8 0
196 295 202 243 0 8 0
196 303 205 246 0 -8 0
196 295 208 249 8 -8 0
204 287 211 252 0 0 0
204 287 214 255 8 -8 0
212 279 217 258 0 -8 0
212 271 220 261 0 0 0
212 271 223 264 8 8 0
220 279 226 267 0 0 0
220 279 229 270 0 -8 0
220 271 232 273 8 8 0
228 279 235 276 0 8 0
228 287 238 279 8 8 0
236 295 241 282 0 8 0
236 303 244 285 0 0 0
236 303 247 288 8 0 0
244 303 250 291 0 0 0
244 303 253 294 0 8 0
244 311 256 297 8 0 0
252 311 259 300 0 0 0
252 311 262 303 8 -8 0
260 303 265 306 0 8 0
260 311 268 309 0 -8 0
260 303 271 312 8 8 0
268 311 274 315 0 0 0
268 311 277 318 0 -8 0
268 303 280 321 8 8 0
276 311 283 324 0 8 0
276 319 286 327 8 0 0
284 319 289 330 0 0 0
284 319 292 333 0 8 0
284 327 295 336 8 0 0
292 327 298 339 0 -8 0
292 319 301 342 0 -8 0
292 311 304 345 8 8 0
300 319 307 348 0 -8 0
300 311 310 351 8 -8 0
308 303 313 354 0 0 0
308 303 316 357 0 -8 0
308 295 319 360 8 0 0
316 295 322 363 0 8 0
316 303 325 366 0 8 0
316 311 328 369 8 8 0
324 319 331 372 0 8 0
324 327 334 375 8 -8 0
332 319 337 378 0 0 0
332 319 340 381 0 0 0
332 319 343 384 8 0 0
340 319 346 387 0 8 0
340 327 349 390 0 0 0
340 327 352 393 8 0 0
348 327 355 396 0 0 0
348 327 358 399 8 8 0
356 335 361 402 0 0 0
356 335 364 405 0 8 0
356 343 367 408 8 0 0
364 343 370 411 0 8 0
364 351 373 414 0 8 0
364 359 376 417 8 0 0
372 359 379 420 0 -8 0
372 351 382 423 8 -8 0
380 343 385 426 0 -8 0
380 335 388 429 0 8 0
380 343 391 432 8 0 0
388 343 394 435 0 0 0
388 343 397 438 0 -8 0
388 335 400 441 8 0 0
396 335 403 444 0 -8 0
396 327 406 447 8 -8 0
404 319 409 450 0 0 0
404 319 412 453 0 0 0
404 319 415 456 8 8 0
412 327 418 459 0 8 0
412 335 421 462 0 0 0
412 335 424 465 8 8 0
420 343 427 468 0 8 0
420 351 430 471 8 0 0
428 351 433 474 0 0 0
428 351 436 477 0 8 0
428 359 439 480 8 -8 0
436 351 442 483 0 8 0
436 359 445 486 0 0 0
436 359 448 489 8 8 0
444 367 451 492 0 -8 0
444 359 454 495 8 -8 0
452 351 457 498 0 8 0
452 359 460 501 0 8 0
452 367 463 504 8 0 0
460 367 466 507 0 0 0
460 367 469 510 0 8 0
460 375 472 513 8 0 0
468 375 475 516 0 -8 0
468 367 478 519 8 8 0
476 375 481 522 0 8 0
476 383 484 525 0 8 0
476 391 487 528 8 0 0
484 391 490 531 0 8 0
484 399 493 534 0 0 0
484 399 496 537 8 8 0
492 407 499 540 0 8 0
492 415 502 543 8 8 0
500 423 505 546 0 0 0
500 423 508 549 0 8 0
500 431 511 552 8 8 0
508 439 514 555 0 0 0
508 439 517 558 0 8 0
508 447 520 561 8 0 0
516 447 523 564 0 -8 0
516 439 526 567 8 0 0
524 439 529 570 0 0 0
524 439 532 573 0 0 0
524 439 535 576 8 -8 0
532 431 538 579 0 0 0
532 431 541 582 0 8 0
532 439 544 585 8 8 0
540 447 547 588 0 0 0
540 447 550 591 8 8 0
540 455 553 588 0 -8 0
540 447 556 585 0 0 0
540 447 559 582 0 0 0
540 447 562 579 0 8 0
540 455 565 576 0 8 0
540 463 568 573 0 8 0
540 471 571 570 0 0 0
540 471 574 567 0 -8 0
540 463 577 564 0 0 0
540 463 580 561 0 0 0
540 463 583 558 0 8 0
540 471 586 555 0 8 0
540 479 589 552 0 -8 0
540 471 592 549 0 0 0
540 471 595 546 0 8 0
540 479 598 543 0 0 0
540 479 601 540 0 0 0
540 479 604 537 0 -8 0
540 471 607 534 0 8 0
540 479 610 531 0 -8 0
540 471 613 528 0 0 0
540 471 616 525 0 8 0
540 479 619 522 0 8 0
540 487 622 519 0 -8 0
540 479 625 516 0 -8 0
540 471 628 513 0 -8 0
540 463 631 510 0 0 0
540 463 634 507 0 -8 0
540 455 637 504 0 0 0
540 455 640 501 0 8 0
540 463 643 498 0 0 0
540 463 646 495 0 -8 0
540 455 649 492 0 -8 0
540 447 652 489 -8 -8 0
532 439 655 486 0 0 0
532 439 658 483 0 0 0
532 439 661 480 -8 0 0
524 439 664 477 0 8 0
524 447 667 474 0 -8 0
524 439 670 471 -8 -8 0
516 431 673 468 0 8 0
516 439 676 465 -8 8 0
508 447 679 462 0 -8 0
508 439 682 459 0 -8 0
508 431 685 456 -8 0 0
500 431 688 453 0 8 0
500 439 691 450 0 -8 0
500 431 694 447 -8 8 0
492 439 697 444 0 8 0
492 447 700 441 -8 8 0
484 455 703 438 0 8 0
484 463 706 435 0 0 0
484 463 709 432 -8 8 0
476 471 712 429 0 8 0
476 479 715 426 0 -8 0
476 471 718 423 -8 0 0
468 471 721 420 0 -8 0
468 463 724 417 -8 0 0
460 463 727 414 0 8 0
460 471 730 411 0 0 0
460 471 733 408 -8 8 0
452 479 736 405 0 -8 0
452 471 739 402 0 -8 0
452 463 742 399 -8 8 0
444 471 745 396 0 8 0
444 479 748 393 -8 -8 0
436 471 751 390 0 -8 0
436 463 754 387 0 -8 0
436 455 757 384 -8 8 0
428 463 760 381 0 -8 0
428 455 763 378 0 -8 0
428 447 766 375 -8 -8 0
420 439 769 372 0 8 0
420 447 772 369 -8 -8 0
412 439 775 366 0 -8 0
412 431 778 363 0 0 0
412 431 781 360 0 0 1
412 431 781 360 0 0 1
412 431 781 360 0 0 1
412 431 781 360 0 0 1
412 431 781 360 0 0 1
