148 430 685 378 0 0 0
148 430 688 381 8 0 0
156 430 691 384 8 8 0
164 438 694 387 8 -8 0
172 430 697 390 8 8 0
180 438 700 393 8 -8 0
188 430 703 396 8 8 0
196 438 706 399 8 0 0
204 438 709 402 8 -8 0
212 430 712 405 8 -8 0
220 422 715 408 8 0 0
228 422 718 411 8 0 0
236 422 721 414 8 0 0
244 422 724 417 8 -8 0
252 414 727 420 8 -8 0
260 406 730 423 8 8 0
268 414 733 426 8 8 0
276 422 736 429 8 -8 0
284 414 739 432 8 0 0
292 414 742 435 8 -8 0
300 406 745 438 8 8 0
308 414 748 441 8 8 0
316 422 751 444 8 0 0
324 422 754 447 8 0 0
332 422 757 450 8 -8 0
340 414 760 453 8 0 0
348 414 763 456 8 0 0
356 414 766 459 8 -8 0
364 406 769 462 8 0 0
372 406 772 465 8 -8 0
380 398 775 468 8 8 0
388 406 778 471 8 -8 0
396 398 781 474 0 0 1
396 398 781 474 0 0 1
396 398 781 474 0 0 1
396 398 781 474 0 0 1
396 398 781 474 0 0 1
