399 517 667 399 0 0 0
399 517 670 402 0 -8 0
399 509 673 405 0 -8 0
399 501 676 408 0 -8 0
399 493 679 411 0 0 0
399 493 682 414 0 -8 0
399 485 685 417 0 -8 0
399 477 688 420 0 8 0
399 485 691 423 0 8 0
399 493 694 426 0 0 0
399 493 697 429 0 -8 0
399 485 700 432 0 -8 0
399 477 703 435 0 0 0
399 477 706 438 0 -8 0
399 469 709 441 0 0 0
399 469 712 444 0 8 0
399 477 715 447 0 8 0
399 485 718 450 8 0 0
407 485 721 453 0 -8 0
407 477 724 456 0 8 0
407 485 727 459 8 8 0
415 493 730 462 0 -8 0
415 485 733 465 0 0 0
415 485 736 468 8 0 0
423 485 739 471 0 0 0
423 485 742 474 8 -8 0
431 477 745 477 0 0 0
431 477 748 480 0 -8 0
431 469 751 483 8 -8 0
439 461 754 486 0 0 0
439 461 757 489 0 8 0
439 469 760 492 8 0 0
447 469 763 495 0 8 0
447 477 766 498 8 -8 0
455 469 769 501 0 -8 0
455 461 772 504 0 0 0
455 461 775 507 8 -8 0
463 453 778 510 0 0 0
463 453 781 513 0 0 1
463 453 781 513 0 0 1
463 453 781 513 0 0 1
463 453 781 513 0 0 1
463 453 781 513 0 0 1
