479 208 529 264 0 0 0
479 208 532 261 -8 8 0
471 216 535 258 -8 8 0
463 224 538 255 -8 0 0
455 224 541 252 -8 0 0
447 224 544 249 -8 8 0
439 232 547 246 -8 0 0
431 232 550 243 -8 -8 0
423 224 553 240 -8 0 0
415 224 556 237 -8 0 0
407 224 559 234 -8 0 0
399 224 562 231 -8 8 0
391 232 565 228 -8 8 0
383 240 568 225 -8 0 0
375 240 571 222 -8 0 0
367 240 574 219 -8 8 0
359 248 577 216 -8 0 0
351 248 580 213 -8 0 0
343 248 583 210 -8 0 0
335 248 586 207 -8 -8 0
327 240 589 204 -8 -8 0
319 232 592 201 -8 -8 0
311 224 595 198 -8 -8 0
303 216 598 195 -8 0 0
295 216 601 192 -8 -8 0
287 208 604 189 -8 8 0
279 216 607 186 -8 0 0
271 216 610 183 -8 8 0
263 224 613 180 -8 -8 0
255 216 616 177 -8 0 0
247 216 619 174 -8 8 0
239 224 622 171 -8 -8 0
231 216 625 168 -8 -8 0
223 208 628 165 -8 0 0
215 208 631 162 -8 -8 0
207 200 634 159 0 -8 0
207 192 637 156 -8 8 0
199 200 640 153 0 8 0
199 208 643 150 0 8 0
199 216 646 147 -8 0 0
191 216 649 144 0 0 0
191 216 652 141 0 8 0
191 224 655 138 -8 8 0
183 232 658 135 0 -8 0
183 224 661 132 -8 -8 0
175 216 664 129 0 8 0
175 224 667 126 0 8 0
175 232 670 123 -8 -8 0
167 224 673 120 0 -8 0
167 216 676 117 0 0 0
167 216 679 114 -8 0 0
159 216 682 111 0 8 0
159 224 685 108 -8 -8 0
151 216 688 105 0 0 0
151 216 691 102 0 8 0
151 224 694 99 -8 8 0
143 232 697 96 0 0 0
143 232 700 93 0 -8 0
143 224 703 90 -8 0 0
135 224 706 87 0 8 0
135 232 709 84 -8 8 0
127 240 712 81 0 0 0
127 240 715 78 0 0 0
127 240 718 75 -8 0 0
119 240 721 72 0 8 0
119 248 724 69 0 8 0
119 256 727 66 -8 8 0
111 264 730 63 0 8 0
111 272 733 60 -8 8 0
103 280 736 57 0 -8 0
103 272 739 54 0 0 0
103 272 742 51 -8 0 0
95 272 745 48 0 8 0
95 280 748 45 0 0 0
95 280 751 42 -8 -8 0
87 272 754 39 0 0 0
87 272 757 36 -8 0 0
79 272 760 33 0 8 0
79 280 763 30 0 -8 0
79 272 766 27 -8 -8 0
71 264 769 24 0 8 0
71 272 772 21 0 0 0
71 272 775 18 -8 8 0
63 280 778 15 0 -8 0
63 272 781 12 0 0 1
63 272 781 12 0 0 1
63 272 781 12 0 0 1
63 272 781 12 0 0 1
63 272 781 12 0 0 1
