520 445 637 189 0 0 0
520 445 634 186 -8 0 0
512 445 631 183 -8 -8 0
504 437 628 180 -8 8 0
496 445 625 177 -8 -8 0
488 437 622 174 -8 -8 0
480 429 619 171 -8 0 0
472 429 616 168 -8 8 0
464 437 613 165 -8 -8 0
456 429 610 162 -8 0 0
448 429 607 159 -8 0 0
440 429 604 156 -8 0 0
432 429 601 153 -8 -8 0
424 421 598 150 -8 0 0
416 421 595 147 -8 -8 0
408 413 592 144 -8 -8 0
400 405 589 141 -8 0 0
392 405 586 138 -8 8 0
384 413 583 135 -8 -8 0
376 405 580 132 -8 -8 0
368 397 577 129 -8 8 0
360 405 574 126 -8 8 0
352 413 571 123 -8 8 0
344 421 568 120 -8 8 0
336 429 565 117 -8 0 0
328 429 562 114 -8 0 0
320 429 559 111 -8 0 0
312 429 556 108 -8 0 0
304 429 553 105 -8 8 0
296 437 550 102 -8 -8 0
288 429 547 99 -8 -8 0
280 421 544 96 -8 0 0
272 421 541 93 -8 -8 0
264 413 538 90 -8 8 0
256 421 535 87 -8 0 0
248 421 532 84 -8 -8 0
240 413 529 81 -8 0 0
232 413 526 78 -8 0 0
224 413 523 75 -8 0 0
216 413 520 72 -8 8 0
208 421 517 69 -8 0 0
200 421 514 66 -8 -8 0
192 413 511 63 -8 0 0
184 413 508 60 -8 -8 0
176 405 505 57 -8 -8 0
168 397 502 54 -8 -8 0
160 389 499 51 -8 -8 0
152 381 496 48 -8 8 0
144 389 493 45 -8 8 0
136 397 490 42 -8 0 0
128 397 487 39 -8 8 0
120 405 484 36 -8 0 0
112 405 481 33 -8 0 0
104 405 478 30 -8 8 0
96 413 475 27 -8 8 0
88 421 472 24 -8 -8 0
80 413 469 21 -8 8 0
72 421 466 18 -8 -8 0
64 413 463 15 0 -8 0
64 405 460 12 -8 0 0
60 405 457 9 -8 -8 0
60 397 454 12 0 -8 0
60 389 451 15 0 0 0
60 389 448 18 0 -8 0
60 381 445 21 0 -8 0
60 373 442 24 0 0 0
60 373 439 27 0 8 0
60 381 436 30 0 8 0
60 389 433 33 0 -8 0
60 381 430 36 0 0 0
60 381 427 39 0 -8 0
60 373 424 42 0 8 0
60 381 421 45 0 -8 0
60 373 418 48 0 0 0
60 373 415 51 0 8 0
60 381 412 54 0 0 0
60 381 409 57 0 0 0
60 381 406 60 0 0 0
60 381 403 63 0 -8 0
60 373 400 66 0 -8 0
60 365 397 69 0 -8 0
60 357 394 72 0 -8 0
60 349 391 75 0 -8 0
60 341 388 78 0 -8 0
60 333 385 81 0 8 0
60 341 382 84 0 8 0
60 349 379 87 0 -8 0
60 341 376 90 0 -8 0
60 333 373 93 0 8 0
60 341 370 96 0 8 0
60 349 367 99 0 -8 0
60 341 364 102 0 8 0
60 349 361 105 0 0 0
60 349 358 108 0 8 0
60 357 355 111 8 0 0
68 357 352 114 0 0 0
68 357 349 117 0 8 0
68 365 346 120 8 -8 0
76 357 343 123 0 0 0
76 357 340 126 0 0 0
76 357 337 129 8 -8 0
84 349 334 132 0 8 0
84 357 331 135 8 -8 0
92 349 328 138 0 8 0
92 357 325 141 0 -8 0
92 349 322 144 8 0 0
100 349 319 147 0 8 0
100 357 316 150 0 8 0
100 365 313 153 8 -8 0
108 357 310 156 0 -8 0
108 349 307 159 8 -8 0
116 341 304 162 0 -8 0
116 333 301 165 0 0 0
116 333 298 168 8 8 0
124 341 295 171 0 8 0
124 349 292 174 0 -8 0
124 341 289 177 8 0 0
132 341 286 180 0 -8 0
132 333 283 183 8 8 0
140 341 280 186 0 0 0
140 341 277 189 0 -8 0
140 333 274 192 8 -8 0
148 325 271 195 0 8 0
148 333 268 198 0 -8 0
148 325 265 201 8 0 0
156 325 262 204 0 0 0
156 325 259 207 8 0 0
164 325 256 210 0 -8 0
164 317 253 213 0 -8 0
164 309 250 216 8 -8 0
172 301 247 219 0 0 0
172 301 244 222 0 0 0
172 301 241 225 8 8 0
180 309 238 228 0 0 0
180 309 235 231 8 -8 0
188 301 232 234 0 8 0
188 309 229 237 0 -8 0
188 301 226 240 8 -8 0
196 293 223 243 0 -8 0
196 285 220 246 0 -8 0
196 277 217 249 8 0 0
204 277 214 252 0 8 0
204 285 211 255 8 0 0
212 285 208 258 0 0 0
212 285 205 261 0 0 0
212 285 202 264 8 8 0
220 293 199 267 0 8 0
220 301 196 270 0 8 0
220 309 193 273 8 -8 0
228 301 190 276 0 -8 0
228 293 187 279 8 -8 0
236 285 184 282 0 0 0
236 285 181 285 0 -8 0
236 277 178 288 8 -8 0
244 269 175 291 0 -8 0
244 261 172 294 0 8 0
244 269 169 297 8 8 0
252 277 166 300 0 8 0
252 285 163 303 8 8 0
260 293 160 306 0 -8 0
260 285 157 309 0 8 0
260 293 154 312 8 0 0
268 293 151 315 0 -8 0
268 285 148 318 0 0 0
268 285 145 321 8 -8 0
276 277 142 324 0 -8 0
276 269 139 327 8 8 0
284 277 136 330 0 8 0
284 285 133 333 0 0 0
284 285 130 336 8 0 0
292 285 127 339 0 0 0
292 285 124 342 0 0 0
292 285 121 345 8 -8 0
300 277 118 348 0 -8 0
300 269 115 351 8 0 0
308 269 112 354 0 -8 0
308 261 109 357 0 0 0
308 261 106 360 8 0 0
316 261 103 363 0 0 0
316 261 100 366 0 -8 0
316 253 97 369 8 -8 0
324 245 94 372 0 8 0
324 253 91 375 8 8 0
332 261 88 378 0 8 0
332 269 85 381 0 -8 0
332 261 82 384 8 -8 0
340 253 79 387 0 -8 0
340 245 76 390 0 0 0
340 245 73 393 8 8 0
348 253 70 396 0 8 0
348 261 67 399 8 8 0
356 269 64 402 0 0 0
356 269 61 405 0 -8 0
356 261 58 408 8 0 0
364 261 55 411 0 -8 0
364 253 52 414 0 0 0
364 253 49 417 8 -8 0
372 245 46 420 0 0 0
372 245 43 423 8 0 0
380 245 40 426 0 -8 0
380 237 37 429 0 8 0
380 245 34 432 8 0 0
388 245 31 435 0 -8 0
388 237 28 438 0 8 0
388 245 25 441 8 8 0
396 253 22 444 0 -8 0
396 245 19 447 0 0 1
396 245 19 447 0 0 1
396 245 19 447 0 0 1
396 245 19 447 0 0 1
396 245 19 447 0 0 1
