274 349 691 342 0 0 0
274 349 688 345 8 -8 0
282 341 685 348 8 0 0
290 341 682 351 8 8 0
298 349 679 354 8 8 0
306 357 676 357 8 8 0
314 365 673 360 0 -8 0
314 357 670 363 0 -8 0
314 349 667 366 8 8 0
322 357 664 369 0 8 0
322 365 661 372 0 0 0
322 365 658 375 8 -8 0
330 357 655 378 0 0 0
330 357 652 381 8 8 0
338 365 649 384 0 0 0
338 365 646 387 0 8 0
338 373 643 390 8 -8 0
346 365 640 393 0 8 0
346 373 637 396 0 8 0
346 381 634 399 8 -8 0
354 373 631 402 0 0 0
354 373 628 405 8 8 0
362 381 625 408 0 8 0
362 389 622 411 0 0 0
362 389 619 414 8 -8 0
370 381 616 417 0 0 0
370 381 613 420 0 -8 0
370 373 610 423 8 0 0
378 373 607 426 0 -8 0
378 365 604 429 8 8 0
386 373 601 432 0 0 0
386 373 598 435 0 0 0
386 373 595 438 8 -8 0
394 365 592 441 0 0 0
394 365 589 444 0 -8 0
394 357 586 447 8 8 0
402 365 583 450 0 -8 0
402 357 580 453 8 8 0
410 365 577 456 0 -8 0
410 357 574 459 0 8 0
410 365 571 462 8 8 0
418 373 568 465 0 -8 0
418 365 565 468 0 -8 0
418 357 562 471 8 0 0
426 357 559 474 0 0 0
426 357 556 477 8 8 0
434 365 553 480 0 0 0
434 365 550 483 0 8 0
434 373 547 486 8 -8 0
442 365 544 489 0 8 0
442 373 541 492 0 0 0
442 373 538 495 8 -8 0
450 365 535 498 0 0 0
450 365 532 501 8 8 0
458 373 529 504 0 8 0
458 381 526 507 0 0 0
458 381 523 510 8 0 0
466 381 520 513 0 0 0
466 381 517 516 0 0 0
466 381 514 519 8 8 0
474 389 511 522 0 -8 0
474 381 508 525 8 0 0
482 381 505 528 0 -8 0
482 373 502 531 0 8 0
482 381 499 534 8 -8 0
490 373 496 537 0 8 0
490 381 493 540 0 0 0
490 381 490 543 8 0 0
498 381 487 546 0 -8 0
498 373 484 549 8 0 0
506 373 481 552 0 -8 0
506 365 478 555 0 8 0
506 373 475 558 8 0 0
514 373 472 561 0 -8 0
514 365 469 564 0 0 0
514 365 466 567 8 -8 0
522 357 463 570 0 8 0
522 365 460 573 8 0 0
530 365 457 576 0 0 0
530 365 454 579 0 0 0
530 365 451 582 8 0 0
538 365 448 585 0 0 0
538 365 445 588 0 0 0
538 365 442 591 8 0 0
540 365 439 588 0 8 0
540 373 436 585 0 -8 0
540 365 433 582 0 0 0
540 365 430 579 0 8 0
540 373 427 576 0 8 0
540 381 424 573 0 8 0
540 389 421 570 0 -8 0
540 381 418 567 0 -8 0
540 373 415 564 0 0 0
540 373 412 561 0 -8 0
540 365 409 558 0 0 0
540 365 406 555 0 0 0
540 365 403 552 0 -8 0
540 357 400 549 0 -8 0
540 349 397 546 0 0 0
540 349 394 543 0 8 0
540 357 391 540 0 0 0
540 357 388 537 0 -8 0
540 349 385 534 0 -8 0
540 341 382 531 0 0 0
540 341 379 528 0 8 0
540 349 376 525 0 0 0
540 349 373 522 0 8 0
540 357 370 519 0 -8 0
540 349 367 516 0 8 0
540 357 364 513 0 8 0
540 365 361 510 0 0 0
540 365 358 507 0 8 0
540 373 355 504 0 8 0
540 381 352 501 0 8 0
540 389 349 498 0 0 0
540 389 346 495 0 8 0
540 397 343 492 0 8 0
540 405 340 489 -8 0 0
532 405 337 486 0 0 0
532 405 334 483 0 -8 0
532 397 331 480 -8 8 0
524 405 328 477 0 0 0
524 405 325 474 0 -8 0
524 397 322 471 -8 -8 0
516 389 319 468 0 0 0
516 389 316 465 -8 8 0
508 397 313 462 0 0 0
508 397 310 459 0 8 0
508 405 307 456 -8 -8 0
500 397 304 453 0 -8 0
500 389 301 450 0 0 0
500 389 298 447 -8 8 0
492 397 295 444 0 0 0
492 397 292 441 -8 0 0
484 397 289 438 0 0 0
484 397 286 435 0 0 0
484 397 283 432 -8 -8 0
476 389 280 429 0 8 0
476 397 277 426 0 0 0
476 397 274 423 -8 8 0
468 405 271 420 0 8 0
468 413 268 417 -8 0 0
460 413 265 414 0 0 0
460 413 262 411 0 8 0
460 421 259 408 -8 8 0
452 429 256 405 0 -8 0
452 421 253 402 0 8 0
452 429 250 399 -8 8 0
444 437 247 396 0 8 0
444 445 244 393 -8 -8 0
436 437 241 390 0 8 0
436 445 238 387 0 8 0
436 453 235 384 -8 -8 0
428 445 232 381 0 -8 0
428 437 229 378 0 -8 0
428 429 226 375 -8 8 0
420 437 223 372 0 -8 0
420 429 220 369 -8 -8 0
412 421 217 366 0 8 0
412 429 214 363 0 -8 0
412 421 211 360 -8 -8 0
404 413 208 357 0 0 0
404 413 205 354 0 0 0
404 413 202 351 -8 -8 0
396 405 199 348 0 0 0
396 405 196 345 -8 8 0
388 413 193 342 0 0 0
388 413 190 339 0 -8 0
388 405 187 336 -8 0 0
380 405 184 333 0 8 0
380 413 181 330 0 -8 0
380 405 178 327 -8 0 0
372 405 175 324 0 -8 0
372 397 172 321 -8 0 0
364 397 169 318 0 0 0
364 397 166 315 0 -8 0
364 389 163 312 -8 0 0
356 389 160 309 0 8 0
356 397 157 306 0 -8 0
356 389 154 303 -8 0 0
348 389 151 300 0 0 0
348 389 148 297 -8 -8 0
340 381 145 294 0 8 0
340 389 142 291 0 -8 0
340 381 139 288 -8 -8 0
332 373 136 285 0 -8 0
332 365 133 282 0 8 0
332 373 130 279 -8 -8 0
324 365 127 276 0 -8 0
324 357 124 273 -8 0 0
316 357 121 270 0 8 0
316 365 118 267 0 8 0
316 373 115 264 -8 -8 0
308 365 112 261 0 8 0
308 373 109 258 0 -8 0
308 365 106 255 -8 -8 0
300 357 103 252 0 0 0
300 357 100 249 -8 -8 0
292 349 97 246 0 0 0
292 349 94 243 0 8 0
292 357 91 240 -8 8 0
284 365 88 237 0 8 0
284 373 85 234 0 0 0
284 373 82 231 -8 -8 0
276 365 79 228 0 8 0
276 373 76 225 -8 -8 0
268 365 73 222 0 -8 0
268 357 70 219 0 0 0
268 357 67 216 -8 8 0
260 365 64 213 0 8 0
260 373 61 210 0 -8 0
260 365 58 207 -8 -8 0
252 357 55 204 0 -8 0
252 349 52 201 -8 8 0
244 357 49 198 0 -8 0
244 349 46 195 0 0 0
244 349 43 192 -8 8 0
236 357 40 189 0 8 0
236 365 37 186 0 -8 0
236 357 34 183 -8 8 0
228 365 31 180 0 -8 0
228 357 28 177 -8 -8 0
220 349 25 174 0 -8 0
220 341 22 171 0 8 0
220 349 19 168 0 0 1
220 349 19 168 0 0 1
220 349 19 168 0 0 1
220 349 19 168 0 0 1
220 349 19 168 0 0 1
