359 312 166 222 0 0 0
359 312 169 225 -8 0 0
351 312 172 228 -8 8 0
343 320 175 231 -8 0 0
335 320 178 234 -8 8 0
327 328 181 237 -8 0 0
319 328 184 240 -8 0 0
311 328 187 243 -8 -8 0
303 320 190 246 -8 0 0
295 320 193 249 0 0 0
295 320 196 252 0 -8 0
295 312 199 255 0 -8 0
295 304 202 258 0 0 0
295 304 205 261 0 8 0
295 312 208 264 0 -8 0
295 304 211 267 0 0 0
295 304 214 270 0 8 0
295 312 217 273 0 8 0
295 320 220 276 0 -8 0
295 312 223 279 0 0 0
295 312 226 282 0 -8 0
295 304 229 285 0 8 0
295 312 232 288 0 8 0
295 320 235 291 0 0 0
295 320 238 294 0 0 0
295 320 241 297 0 -8 0
295 312 244 300 0 8 0
295 320 247 303 0 8 0
295 328 250 306 0 -8 0
295 320 253 309 0 0 0
295 320 256 312 0 -8 0
295 312 259 315 0 -8 0
295 304 262 318 0 8 0
295 312 265 321 0 8 0
295 320 268 324 0 0 0
295 320 271 327 0 0 0
295 320 274 330 0 -8 0
295 312 277 333 0 -8 0
295 304 280 336 0 0 0
295 304 283 339 0 8 0
295 312 286 342 0 -8 0
295 304 289 345 0 0 0
295 304 292 348 8 -8 0
303 296 295 351 0 -8 0
303 288 298 354 8 -8 0
311 280 301 357 0 0 0
311 280 304 360 0 -8 0
311 272 307 363 8 8 0
319 280 310 366 0 0 0
319 280 313 369 0 -8 0
319 272 316 372 8 0 0
327 272 319 375 0 8 0
327 280 322 378 8 -8 0
335 272 325 381 0 0 0
335 272 328 384 0 8 0
335 280 331 387 8 8 0
343 288 334 390 0 0 0
343 288 337 393 0 -8 0
343 280 340 396 8 -8 0
351 272 343 399 0 0 0
351 272 346 402 8 8 0
359 280 349 405 0 0 0
359 280 352 408 0 -8 0
359 272 355 411 8 8 0
367 280 358 414 0 -8 0
367 272 361 417 0 -8 0
367 264 364 420 8 0 0
375 264 367 423 0 0 0
375 264 370 426 8 0 0
383 264 373 429 0 -8 0
383 256 376 432 0 8 0
383 264 379 435 8 -8 0
391 256 382 438 0 -8 0
391 248 385 441 0 0 0
391 248 388 444 8 0 0
399 248 391 447 0 0 0
399 248 394 450 8 0 0
407 248 397 453 0 -8 0
407 240 400 456 0 -8 0
407 232 403 459 8 -8 0
415 224 406 462 0 8 0
415 232 409 465 0 -8 0
415 224 412 468 8 0 0
423 224 415 471 0 8 0
423 232 418 474 8 -8 0
431 224 421 477 0 0 0
431 224 424 480 0 -8 0
431 216 427 483 8 -8 0
439 208 430 486 0 8 0
439 216 433 489 0 8 0
439 224 436 492 8 -8 0
447 216 439 495 0 0 0
447 216 442 498 8 8 0
455 224 445 501 0 8 0
455 232 448 504 0 8 0
455 240 451 507 8 0 0
463 240 454 510 0 0 0
463 240 457 513 0 8 0
463 248 460 516 8 -8 0
471 240 463 519 0 -8 0
471 232 466 522 8 8 0
479 240 469 525 0 8 0
479 248 472 528 0 8 0
479 256 475 531 8 0 0
487 256 478 534 0 8 0
487 264 481 537 0 0 0
487 264 484 540 8 -8 0
495 256 487 543 0 0 0
495 256 490 546 8 -8 0
503 248 493 549 0 8 0
503 256 496 552 0 -8 0
503 248 499 555 8 0 0
511 248 502 558 0 -8 0
511 240 505 561 0 -8 0
511 232 508 564 8 -8 0
519 224 511 567 0 8 0
519 232 514 570 8 8 0
527 240 517 573 0 -8 0
527 232 520 576 0 0 0
527 232 523 579 8 0 0
535 232 526 582 0 -8 0
535 224 529 585 0 8 0
535 232 532 588 8 0 0
540 232 535 591 8 8 0
540 240 538 588 0 -8 0
540 232 541 585 0 8 0
540 240 544 582 0 -8 0
540 232 547 579 0 0 0
540 232 550 576 0 8 0
540 240 553 573 0 8 0
540 248 556 570 0 8 0
540 256 559 567 0 0 0
540 256 562 564 0 -8 0
540 248 565 561 0 8 0
540 256 568 558 0 0 0
540 256 571 555 0 8 0
540 264 574 552 0 -8 0
540 256 577 549 0 8 0
540 264 580 546 0 0 0
540 264 583 543 0 0 0
540 264 586 540 0 0 0
540 264 589 537 0 -8 0
540 256 592 534 0 -8 0
540 248 595 531 0 8 0
540 256 598 528 0 -8 0
540 248 601 525 0 0 0
540 248 604 522 0 -8 0
540 240 607 519 0 0 0
540 240 610 516 0 8 0
540 248 613 513 0 0 0
540 248 616 510 0 8 0
540 256 619 507 0 -8 0
540 248 622 504 0 0 0
540 248 625 501 0 0 0
540 248 628 498 0 8 0
540 256 631 495 0 -8 0
540 248 634 492 0 0 0
540 248 637 489 -8 -8 0
532 240 640 486 0 0 0
532 240 643 483 0 8 0
532 248 646 480 -8 -8 0
524 240 649 477 0 8 0
524 248 652 474 0 8 0
524 256 655 471 -8 -8 0
516 248 658 468 0 -8 0
516 240 661 465 -8 -8 0
508 232 664 462 0 0 0
508 232 667 459 0 0 0
508 232 670 456 -8 8 0
500 240 673 453 0 0 0
500 240 676 450 0 0 0
500 240 679 447 -8 -8 0
492 232 682 444 0 -8 0
492 224 685 441 -8 -8 0
484 216 688 438 0 0 0
484 216 691 435 0 8 0
484 224 694 432 -8 -8 0
476 216 697 429 0 8 0
476 224 700 426 0 -8 0
476 216 703 423 -8 0 0
468 216 706 420 0 -8 0
468 208 709 417 -8 -8 0
460 200 712 414 0 0 0
460 200 715 411 0 0 0
460 200 718 408 -8 8 0
452 208 721 405 0 8 0
452 216 724 402 0 -8 0
452 208 727 399 -8 -8 0
444 200 730 396 0 -8 0
444 192 733 393 -8 -8 0
436 184 736 390 0 -8 0
436 176 739 387 0 0 0
436 176 742 384 -8 8 0
428 184 745 381 0 8 0
428 192 748 378 0 -8 0
428 184 751 375 -8 -8 0
420 176 754 372 0 0 0
420 176 757 369 -8 8 0
412 184 760 366 0 0 0
412 184 763 363 0 -8 0
412 176 766 360 -8 0 0
404 176 769 357 0 8 0
404 184 772 354 0 -8 0
404 176 775 351 -8 8 0
396 184 778 348 0 8 0
396 192 781 345 0 0 1
396 192 781 345 0 0 1
396 192 781 345 0 0 1
396 192 781 345 0 0 1
396 192 781 345 0 0 1
