421 501 172 159 0 0 0
421 501 169 162 -8 -8 0
413 493 166 165 -8 8 0
405 501 163 168 -8 0 0
397 501 160 171 -8 -8 0
389 493 157 174 -8 8 0
381 501 154 177 -8 0 0
373 501 151 180 -8 -8 0
365 493 148 183 -8 0 0
357 493 145 186 -8 0 0
349 493 142 189 -8 0 0
341 493 139 192 -8 0 0
333 493 136 195 -8 -8 0
325 485 133 198 -8 8 0
317 493 130 201 -8 -8 0
309 485 127 204 -8 0 0
301 485 124 207 -8 0 0
293 485 121 210 -8 0 0
285 485 118 213 -8 0 0
277 485 115 216 -8 -8 0
269 477 112 219 0 0 0
269 477 109 222 0 8 0
269 485 106 225 0 0 0
269 485 103 228 0 -8 0
269 477 100 231 0 -8 0
269 469 97 234 0 8 0
269 477 94 237 0 -8 0
269 469 91 240 0 0 0
269 469 88 243 0 8 0
269 477 85 246 0 0 0
269 477 82 249 0 0 0
269 477 79 252 0 0 0
269 477 76 255 0 8 0
269 485 73 258 0 0 0
269 485 70 261 0 -8 0
269 477 67 264 0 8 0
269 485 64 267 0 -8 0
269 477 61 270 0 8 0
269 485 58 273 0 -8 0
269 477 55 276 0 0 0
269 477 52 279 0 0 0
269 477 49 282 0 8 0
269 485 46 285 0 0 0
269 485 43 288 0 -8 0
269 477 40 291 0 0 0
269 477 37 294 0 8 0
269 485 34 297 0 -8 0
269 477 31 300 0 8 0
269 485 28 303 0 -8 0
269 477 25 306 0 -8 0
269 469 22 309 0 0 0
269 469 19 312 0 8 0
269 477 22 315 0 8 0
269 485 25 318 0 8 0
269 493 28 321 8 -8 0
277 485 31 324 0 -8 0
277 477 34 327 0 8 0
277 485 37 330 8 8 0
285 493 40 333 0 8 0
285 501 43 336 8 -8 0
293 493 46 339 0 -8 0
293 485 49 342 0 0 0
293 485 52 345 8 -8 0
301 477 55 348 0 -8 0
301 469 58 351 0 8 0
301 477 61 354 8 8 0
309 485 64 357 0 8 0
309 493 67 360 8 -8 0
317 485 70 363 0 -8 0
317 477 73 366 0 0 0
317 477 76 369 8 -8 0
325 469 79 372 0 0 0
325 469 82 375 0 0 0
325 469 85 378 8 8 0
333 477 88 381 0 8 0
333 485 91 384 8 0 0
341 485 94 387 0 -8 0
341 477 97 390 0 8 0
341 485 100 393 8 -8 0
349 477 103 396 0 -8 0
349 469 106 399 0 0 0
349 469 109 402 8 8 0
357 477 112 405 0 8 0
357 485 115 408 8 0 0
365 485 118 411 0 8 0
365 493 121 414 0 -8 0
365 485 124 417 8 -8 0
373 477 127 420 0 -8 0
373 469 130 423 0 0 0
373 469 133 426 8 8 0
381 477 136 429 0 0 0
381 477 139 432 8 0 0
389 477 142 435 0 0 0
389 477 145 438 0 8 0
389 485 148 441 8 8 0
397 493 151 444 0 -8 0
397 485 154 447 0 0 0
397 485 157 450 8 8 0
405 493 160 453 0 -8 0
405 485 163 456 8 0 0
413 485 166 459 0 8 0
413 493 169 462 0 0 0
413 493 172 465 8 8 0
421 501 175 468 0 0 0
421 501 178 471 0 8 0
421 509 181 474 8 0 0
429 509 184 477 0 -8 0
429 501 187 480 8 -8 0
437 493 190 483 0 0 0
437 493 193 486 0 8 0
437 501 196 489 8 0 0
445 501 199 492 0 8 0
445 509 202 495 0 0 0
445 509 205 498 8 8 0
453 517 208 501 0 8 0
453 525 211 504 8 -8 0
461 517 214 507 0 8 0
461 525 217 510 0 -8 0
461 517 220 513 8 -8 0
469 509 223 516 0 0 0
469 509 226 519 0 0 0
469 509 229 522 8 0 0
477 509 232 525 0 8 0
477 517 235 528 8 -8 0
485 509 238 531 0 -8 0
485 501 241 534 0 -8 0
485 493 244 537 8 8 0
493 501 247 540 0 -8 0
493 493 250 543 0 0 0
493 493 253 546 8 -8 0
501 485 256 549 0 0 0
501 485 259 552 8 0 0
509 485 262 555 0 0 0
509 485 265 558 0 8 0
509 493 268 561 8 -8 0
517 485 271 564 0 8 0
517 493 274 567 0 8 0
517 501 277 570 8 0 0
525 501 280 573 0 -8 0
525 493 283 576 8 8 0
533 501 286 579 0 -8 0
533 493 289 582 0 8 0
533 501 292 585 8 8 0
540 509 295 588 0 -8 0
540 501 298 591 8 -8 0
540 493 301 588 0 0 0
540 493 304 585 0 -8 0
540 485 307 582 0 0 0
540 485 310 579 0 -8 0
540 477 313 576 0 -8 0
540 469 316 573 0 8 0
540 477 319 570 0 -8 0
540 469 322 567 0 8 0
540 477 325 564 0 0 0
540 477 328 561 0 -8 0
540 469 331 558 0 -8 0
540 461 334 555 0 -8 0
540 453 337 552 0 0 0
540 453 340 549 0 0 0
540 453 343 546 0 -8 0
540 445 346 543 0 -8 0
540 437 349 540 0 0 0
540 437 352 537 0 0 0
540 437 355 534 0 0 0
540 437 358 531 0 0 0
540 437 361 528 0 8 0
540 445 364 525 0 8 0
540 453 367 522 0 8 0
540 461 370 519 0 0 0
540 461 373 516 0 8 0
540 469 376 513 0 -8 0
540 461 379 510 0 0 0
540 461 382 507 0 8 0
540 469 385 504 0 8 0
540 477 388 501 0 -8 0
540 469 391 498 0 -8 0
540 461 394 495 0 0 0
540 461 397 492 0 0 0
540 461 400 489 -8 -8 0
532 453 403 486 0 8 0
532 461 406 483 0 8 0
532 469 409 480 -8 -8 0
524 461 412 477 0 8 0
524 469 415 474 0 0 0
524 469 418 471 -8 0 0
516 469 421 468 0 8 0
516 477 424 465 -8 0 0
508 477 427 462 0 -8 0
508 469 430 459 0 -8 0
508 461 433 456 -8 -8 0
500 453 436 453 0 -8 0
500 445 439 450 0 -8 0
500 437 442 447 -8 0 0
492 437 445 444 0 8 0
492 445 448 441 -8 -8 0
484 437 451 438 0 8 0
484 445 454 435 0 8 0
484 453 457 432 -8 -8 0
476 445 460 429 0 0 0
476 445 463 426 0 8 0
476 453 466 423 -8 -8 0
468 445 469 420 0 -8 0
468 437 472 417 -8 0 0
460 437 475 414 0 -8 0
460 429 478 411 0 0 0
460 429 481 408 -8 8 0
452 437 484 405 0 -8 0
452 429 487 402 0 0 0
452 429 490 399 -8 0 0
444 429 493 396 0 8 0
444 437 496 393 -8 8 0
436 445 499 390 0 0 0
436 445 502 387 0 -8 0
436 437 505 384 -8 0 0
428 437 508 381 0 0 0
428 437 511 378 0 8 0
428 445 514 375 -8 -8 0
420 437 517 372 0 0 0
420 437 520 369 -8 0 0
412 437 523 366 0 -8 0
412 429 526 363 0 8 0
412 437 529 360 -8 8 0
404 445 532 357 0 8 0
404 453 535 354 0 -8 0
404 445 538 351 -8 0 0
396 445 541 348 0 0 0
396 445 544 345 -8 -8 0
388 437 547 342 0 -8 0
388 429 550 339 0 8 0
388 437 553 336 -8 0 0
380 437 556 333 0 0 0
380 437 559 330 0 0 0
380 437 562 327 -8 -8 0
372 429 565 324 0 -8 0
372 421 568 321 -8 -8 0
364 413 571 318 0 -8 0
364 405 574 315 0 8 0
364 413 577 312 -8 8 0
356 421 580 309 0 8 0
356 429 583 306 0 -8 0
356 421 586 303 -8 0 0
348 421 589 300 0 -8 0
348 413 592 297 -8 -8 0
340 405 595 294 0 -8 0
340 397 598 291 0 8 0
340 405 601 288 -8 8 0
332 413 604 285 0 0 0
332 413 607 282 0 -8 0
332 405 610 279 -8 0 0
324 405 613 276 0 0 0
324 405 616 273 -8 0 0
316 405 619 270 0 8 0
316 413 622 267 0 8 0
316 421 625 264 -8 -8 0
308 413 628 261 0 -8 0
308 405 631 258 0 0 0
308 405 634 255 -8 8 0
300 413 637 252 0 -8 0
300 405 640 249 -8 8 0
292 413 643 246 0 0 0
292 413 646 243 0 -8 0
292 405 649 240 -8 -8 0
284 397 652 237 0 -8 0
284 389 655 234 0 8 0
284 397 658 231 -8 0 0
276 397 661 228 0 8 0
276 405 664 225 -8 0 0
268 405 667 222 0 8 0
268 413 670 219 0 -8 0
268 405 673 216 -8 0 0
260 405 676 213 0 -8 0
260 397 679 210 0 0 0
260 397 682 207 -8 8 0
252 405 685 204 0 0 0
252 405 688 201 -8 8 0
244 413 691 198 0 8 0
244 421 694 195 0 0 0
244 421 697 192 -8 -8 0
236 413 700 189 0 -8 0
236 405 703 186 0 0 0
236 405 706 183 -8 0 0
228 405 709 180 0 -8 0
228 397 712 177 -8 -8 0
220 389 715 174 0 8 0
220 397 718 171 0 -8 0
220 389 721 168 -8 8 0
212 397 724 165 0 0 0
212 397 727 162 0 8 0
212 405 730 159 -8 -8 0
204 397 733 156 0 0 0
204 397 736 153 -8 -8 0
196 389 739 150 0 8 0
196 397 742 147 0 -8 0
196 389 745 144 -8 0 0
188 389 748 141 0 0 0
188 389 751 138 0 8 0
188 397 754 135 -8 8 0
180 405 757 132 0 8 0
180 413 760 129 -8 8 0
172 421 763 126 0 8 0
172 429 766 123 0 0 0
172 429 769 120 -8 -8 0
164 421 772 117 0 -8 0
164 413 775 114 0 -8 0
164 405 778 111 -8 -8 0
156 397 781 108 0 0 1
156 397 781 108 0 0 1
156 397 781 108 0 0 1
156 397 781 108 0 0 1
156 397 781 108 0 0 1
