172 222 103 300 0 0 0
172 222 106 297 8 8 0
180 230 109 294 8 0 0
188 230 112 291 8 0 0
196 230 115 288 8 -8 0
204 222 118 285 8 0 0
212 222 121 282 8 8 0
220 230 124 279 8 -8 0
228 222 127 276 0 0 0
228 222 130 273 0 0 0
228 222 133 270 0 8 0
228 230 136 267 0 -8 0
228 222 139 264 0 8 0
228 230 142 261 0 0 0
228 230 145 258 0 8 0
228 238 148 255 0 8 0
228 246 151 252 0 8 0
228 254 154 249 0 8 0
228 262 157 246 0 8 0
228 270 160 243 0 -8 0
228 262 163 240 0 8 0
228 270 166 237 0 0 0
228 270 169 234 0 8 0
228 278 172 231 0 -8 0
228 270 175 228 0 0 0
228 270 178 225 0 -8 0
228 262 181 222 0 8 0
228 270 184 219 0 0 0
228 270 187 216 0 -8 0
228 262 190 213 0 8 0
228 270 193 210 0 0 0
228 270 196 207 0 0 0
228 270 199 204 0 -8 0
228 262 202 201 0 0 0
228 262 205 198 0 8 0
228 270 208 195 0 8 0
228 278 211 192 0 -8 0
228 270 214 189 0 0 0
228 270 217 186 0 -8 0
228 262 220 183 0 -8 0
228 254 223 180 0 0 0
228 254 226 177 -8 8 0
220 262 229 174 0 0 0
220 262 232 171 0 8 0
220 270 235 168 -8 -8 0
212 262 238 165 0 8 0
212 270 241 162 0 0 0
212 270 244 159 -8 8 0
204 278 247 156 0 0 0
204 278 250 153 -8 -8 0
196 270 253 150 0 0 0
196 270 256 147 0 -8 0
196 262 259 144 -8 -8 0
188 254 262 141 0 0 0
188 254 265 138 0 8 0
188 262 268 135 -8 -8 0
180 254 271 132 0 0 0
180 254 274 129 -8 -8 0
172 246 277 126 0 -8 0
172 238 280 123 0 8 0
172 246 283 120 -8 0 0
164 246 286 117 0 8 0
164 254 289 114 0 8 0
164 262 292 111 -8 8 0
156 270 295 108 0 8 0
156 278 298 105 -8 0 0
148 278 301 102 0 0 0
148 278 304 99 0 0 0
148 278 307 96 -8 8 0
140 286 310 93 0 8 0
140 294 313 90 0 8 0
140 302 316 87 -8 0 0
132 302 319 84 0 8 0
132 310 322 81 -8 -8 0
124 302 325 78 0 8 0
124 310 328 75 0 0 0
124 310 331 72 -8 8 0
116 318 334 69 0 8 0
116 326 337 66 0 -8 0
116 318 340 63 -8 0 0
108 318 343 60 0 -8 0
108 310 346 57 -8 -8 0
100 302 349 54 0 0 0
100 302 352 51 0 -8 0
100 294 355 48 -8 0 0
92 294 358 45 0 -8 0
92 286 361 42 0 -8 0
92 278 364 39 -8 -8 0
84 270 367 36 0 -8 0
84 262 370 33 -8 8 0
76 270 373 30 0 8 0
76 278 376 27 0 0 0
76 278 379 24 -8 -8 0
68 270 382 21 0 8 0
68 278 385 18 0 -8 0
68 270 388 15 -8 8 0
60 278 391 12 0 -8 0
60 270 394 9 -8 0 0
60 270 397 12 0 -8 0
60 262 400 15 0 0 0
60 262 403 18 0 0 0
60 262 406 21 0 0 0
60 262 409 24 0 -8 0
60 254 412 27 0 -8 0
60 246 415 30 0 0 0
60 246 418 33 0 -8 0
60 238 421 36 0 -8 0
60 230 424 39 0 -8 0
60 222 427 42 0 0 0
60 222 430 45 0 -8 0
60 214 433 48 0 -8 0
60 206 436 51 0 8 0
60 214 439 54 0 0 0
60 214 442 57 0 8 0
60 222 445 60 0 -8 0
60 214 448 63 0 0 0
60 214 451 66 0 -8 0
60 206 454 69 0 -8 0
60 198 457 72 0 0 0
60 198 460 75 0 8 0
60 206 463 78 0 8 0
60 214 466 81 0 -8 0
60 206 469 84 0 0 0
60 206 472 87 0 8 0
60 214 475 90 0 -8 0
60 206 478 93 0 8 0
60 214 481 96 0 8 0
60 222 484 99 0 -8 0
60 214 487 102 0 8 0
60 222 490 105 0 0 0
60 222 493 108 0 -8 0
60 214 496 111 8 8 0
68 222 499 114 0 -8 0
68 214 502 117 0 0 0
68 214 505 120 8 0 0
76 214 508 123 0 8 0
76 222 511 126 0 0 0
76 222 514 129 8 8 0
84 230 517 132 0 0 0
84 230 520 135 8 -8 0
92 222 523 138 0 8 0
92 230 526 141 0 8 0
92 238 529 144 8 0 0
100 238 532 147 0 0 0
100 238 535 150 0 0 0
100 238 538 153 8 -8 0
108 230 541 156 0 -8 0
108 222 544 159 8 -8 0
116 214 547 162 0 0 0
116 214 550 165 0 8 0
116 222 553 168 8 -8 0
124 214 556 171 0 8 0
124 222 559 174 0 0 0
124 222 562 177 8 0 0
132 222 565 180 0 -8 0
132 214 568 183 8 8 0
140 222 571 186 0 0 0
140 222 574 189 0 8 0
140 230 577 192 8 0 0
148 230 580 195 0 8 0
148 238 583 198 0 0 0
148 238 586 201 8 0 0
156 238 589 204 0 0 0
156 238 592 207 8 8 0
164 246 595 210 0 -8 0
164 238 598 213 0 -8 0
164 230 601 216 8 0 0
172 230 604 219 0 8 0
172 238 607 222 0 0 0
172 238 610 225 8 8 0
180 246 613 228 0 -8 0
180 238 616 231 8 8 0
188 246 619 234 0 -8 0
188 238 622 237 0 8 0
188 246 625 240 8 -8 0
196 238 628 243 0 8 0
196 246 631 246 0 8 0
196 254 634 249 8 8 0
204 262 637 252 0 0 0
204 262 640 255 8 -8 0
212 254 643 258 0 8 0
212 262 646 261 0 0 0
212 262 649 264 8 0 0
220 262 652 267 0 0 0
220 262 655 270 0 0 0
220 262 658 273 8 -8 0
228 254 661 276 0 8 0
228 262 664 279 8 8 0
236 270 667 282 0 -8 0
236 262 670 285 0 0 0
236 262 673 288 8 0 0
244 262 676 291 0 -8 0
244 254 679 294 0 0 0
244 254 682 297 8 8 0
252 262 685 300 0 -8 0
252 254 688 303 8 8 0
260 262 691 306 0 0 0
260 262 694 309 0 0 0
260 262 697 312 8 0 0
268 262 700 315 0 8 0
268 270 703 318 0 8 0
268 278 706 321 8 -8 0
276 270 709 324 0 -8 0
276 262 712 327 8 8 0
284 270 715 330 0 0 0
284 270 718 333 0 0 0
284 270 721 336 8 0 0
292 270 724 339 0 -8 0
292 262 727 342 0 -8 0
292 254 730 345 8 8 0
300 262 733 348 0 0 0
300 262 736 351 8 8 0
308 270 739 354 0 0 0
308 270 742 357 0 -8 0
308 262 745 360 8 -8 0
316 254 748 363 0 0 0
316 254 751 366 0 0 0
316 254 754 369 8 -8 0
324 246 757 372 0 8 0
324 254 760 375 8 8 0
332 262 763 378 0 0 0
332 262 766 381 0 8 0
332 270 769 384 8 8 0
340 278 772 387 0 -8 0
340 270 775 390 0 8 0
340 278 778 393 8 -8 0
348 270 781 396 0 0 1
348 270 781 396 0 0 1
348 270 781 396 0 0 1
348 270 781 396 0 0 1
348 270 781 396 0 0 1
