122 522 259 324 0 0 0
122 522 262 321 8 8 0
130 530 265 318 8 8 0
138 538 268 315 8 8 0
146 540 271 312 8 -8 0
154 532 274 309 8 -8 0
162 524 277 306 8 8 0
170 532 280 303 8 0 0
178 532 283 300 8 8 0
186 540 286 297 8 -8 0
194 532 289 294 8 -8 0
202 524 292 291 8 -8 0
210 516 295 288 8 -8 0
218 508 298 285 8 -8 0
226 500 301 282 8 -8 0
234 492 304 279 0 -8 0
234 484 307 276 0 0 0
234 484 310 273 0 8 0
234 492 313 270 0 -8 0
234 484 316 267 0 0 0
234 484 319 264 0 -8 0
234 476 322 261 0 0 0
234 476 325 258 0 0 0
234 476 328 255 0 8 0
234 484 331 252 0 0 0
234 484 334 249 0 8 0
234 492 337 246 0 -8 0
234 484 340 243 0 -8 0
234 476 343 240 0 -8 0
234 468 346 237 0 -8 0
234 460 349 234 0 -8 0
234 452 352 231 0 -8 0
234 444 355 228 0 0 0
234 444 358 225 0 8 0
234 452 361 222 0 -8 0
234 444 364 219 0 -8 0
234 436 367 216 0 -8 0
234 428 370 213 0 -8 0
234 420 373 210 0 -8 0
234 412 376 207 0 0 0
234 412 379 204 0 8 0
234 420 382 201 0 -8 0
234 412 385 198 0 8 0
234 420 388 195 0 0 0
234 420 391 192 0 8 0
234 428 394 189 0 0 0
234 428 397 186 0 0 0
234 428 400 183 -8 8 0
226 436 403 180 0 -8 0
226 428 406 177 0 -8 0
226 420 409 174 -8 0 0
218 420 412 171 0 -8 0
218 412 415 168 0 0 0
218 412 418 165 -8 8 0
210 420 421 162 0 8 0
210 428 424 159 -8 -8 0
202 420 427 156 0 0 0
202 420 430 153 0 0 0
202 420 433 150 -8 -8 0
194 412 436 147 0 8 0
194 420 439 144 0 0 0
194 420 442 141 -8 8 0
186 428 445 138 0 8 0
186 436 448 135 -8 -8 0
178 428 451 132 0 -8 0
178 420 454 129 0 8 0
178 428 457 126 -8 -8 0
170 420 460 123 0 0 0
170 420 463 120 0 -8 0
170 412 466 117 -8 0 0
162 412 469 114 0 8 0
162 420 472 111 -8 0 0
154 420 475 108 0 0 0
154 420 478 105 0 8 0
154 428 481 102 -8 -8 0
146 420 484 99 0 0 0
146 420 487 96 0 0 0
146 420 490 93 -8 -8 0
138 412 493 90 0 8 0
138 420 496 87 -8 0 0
130 420 499 84 0 0 0
130 420 502 81 0 0 0
130 420 505 78 -8 -8 0
122 412 508 75 0 8 0
122 420 511 72 0 -8 0
122 412 514 69 -8 0 0
114 412 517 66 0 8 0
114 420 520 63 -8 8 0
106 428 523 60 0 8 0
106 436 526 57 0 8 0
106 444 529 54 -8 8 0
98 452 532 51 0 8 0
98 460 535 48 0 0 0
98 460 538 45 -8 8 0
90 468 541 42 0 8 0
90 476 544 39 -8 8 0
82 484 547 36 0 -8 0
82 476 550 33 0 0 0
82 476 553 30 -8 8 0
74 484 556 27 0 -8 0
74 476 559 24 0 8 0
74 484 562 21 -8 8 0
66 492 565 18 0 0 0
66 492 568 15 -8 0 0
60 492 571 12 0 -8 0
60 484 574 9 -8 -8 0
60 476 577 12 0 8 0
60 484 580 15 0 -8 0
60 476 583 18 0 -8 0
60 468 586 21 0 0 0
60 468 589 24 0 -8 0
60 460 592 27 0 -8 0
60 452 595 30 0 -8 0
60 444 598 33 0 -8 0
60 436 601 36 0 0 0
60 436 604 39 0 -8 0
60 428 607 42 0 -8 0
60 420 610 45 0 0 0
60 420 613 48 0 -8 0
60 412 616 51 0 -8 0
60 404 619 54 0 8 0
60 412 622 57 0 -8 0
60 404 625 60 0 0 0
60 404 628 63 0 8 0
60 412 631 66 0 0 0
60 412 634 69 0 0 0
60 412 637 72 0 -8 0
60 404 640 75 0 0 0
60 404 643 78 0 -8 0
60 396 646 81 0 -8 0
60 388 649 84 0 8 0
60 396 652 87 0 -8 0
60 388 655 90 0 -8 0
60 380 658 93 0 8 0
60 388 661 96 0 0 0
60 388 664 99 0 -8 0
60 380 667 102 0 -8 0
60 372 670 105 0 8 0
60 380 673 108 0 8 0
60 388 676 111 8 0 0
68 388 679 114 0 -8 0
68 380 682 117 0 -8 0
68 372 685 120 8 -8 0
76 364 688 123 0 0 0
76 364 691 126 0 0 0
76 364 694 129 8 0 0
84 364 697 132 0 0 0
84 364 700 135 8 -8 0
92 356 703 138 0 -8 0
92 348 706 141 0 0 0
92 348 709 144 8 0 0
100 348 712 147 0 8 0
100 356 715 150 0 -8 0
100 348 718 153 8 8 0
108 356 721 156 0 8 0
108 364 724 159 8 -8 0
116 356 727 162 0 8 0
116 364 730 165 0 0 0
116 364 733 168 8 -8 0
124 356 736 171 0 0 0
124 356 739 174 0 -8 0
124 348 742 177 8 0 0
132 348 745 180 0 0 0
132 348 748 183 8 -8 0
140 340 751 186 0 -8 0
140 332 754 189 0 -8 0
140 324 757 192 8 8 0
148 332 760 195 0 8 0
148 340 763 198 0 0 0
148 340 766 201 8 0 0
156 340 769 204 0 -8 0
156 332 772 207 8 -8 0
164 324 775 210 0 -8 0
164 316 778 213 0 -8 0
164 308 781 216 0 0 1
164 308 781 216 0 0 1
164 308 781 216 0 0 1
164 308 781 216 0 0 1
164 308 781 216 0 0 1
