104 498 145 462 0 0 0
104 498 148 465 8 -8 0
112 490 151 468 8 -8 0
120 482 154 471 8 0 0
128 482 157 474 8 -8 0
136 474 160 477 8 8 0
144 482 163 480 8 8 0
152 490 166 483 8 -8 0
160 482 169 486 8 -8 0
168 474 172 489 8 8 0
176 482 175 492 8 -8 0
184 474 178 495 8 8 0
192 482 181 498 8 8 0
200 490 184 501 8 -8 0
208 482 187 504 8 8 0
216 490 190 507 8 -8 0
224 482 193 510 8 8 0
232 490 196 513 8 -8 0
240 482 199 516 8 -8 0
248 474 202 519 8 8 0
256 482 205 522 8 8 0
264 490 208 525 8 0 0
272 490 211 528 8 8 0
280 498 214 531 8 8 0
288 506 217 534 8 -8 0
296 498 220 537 8 0 0
304 498 223 540 8 0 0
312 498 226 543 8 -8 0
320 490 229 546 8 -8 0
328 482 232 549 8 -8 0
336 474 235 552 8 -8 0
344 466 238 555 8 -8 0
352 458 241 558 8 8 0
360 466 244 561 8 0 0
368 466 247 564 8 0 0
376 466 250 567 8 8 0
384 474 253 570 8 -8 0
392 466 256 573 8 -8 0
400 458 259 576 8 -8 0
408 450 262 579 8 -8 0
416 442 265 582 8 0 0
424 442 268 585 8 -8 0
432 434 271 588 8 -8 0
440 426 274 591 8 -8 0
448 418 277 588 8 -8 0
456 410 280 585 8 8 0
464 418 283 582 8 8 0
472 426 286 579 8 0 0
480 426 289 576 8 0 0
488 426 292 573 8 0 0
496 426 295 570 8 -8 0
504 418 298 567 8 -8 0
512 410 301 564 8 0 0
520 410 304 561 0 -8 0
520 402 307 558 0 8 0
520 410 310 555 0 8 0
520 418 313 552 0 0 0
520 418 316 549 0 -8 0
520 410 319 546 0 0 0
520 410 322 543 0 8 0
520 418 325 540 0 8 0
520 426 328 537 0 -8 0
520 418 331 534 0 0 0
520 418 334 531 0 0 0
520 418 337 528 0 0 0
520 418 340 525 0 0 0
520 418 343 522 0 -8 0
520 410 346 519 0 8 0
520 418 349 516 0 8 0
520 426 352 513 0 -8 0
520 418 355 510 0 -8 0
520 410 358 507 0 8 0
520 418 361 504 0 0 0
520 418 364 501 0 0 0
520 418 367 498 0 8 0
520 426 370 495 0 8 0
520 434 373 492 0 0 0
520 434 376 489 0 -8 0
520 426 379 486 0 0 0
520 426 382 483 0 -8 0
520 418 385 480 0 -8 0
520 410 388 477 0 0 0
520 410 391 474 0 -8 0
520 402 394 471 0 -8 0
520 394 397 468 -8 -8 0
512 386 400 465 0 0 0
512 386 403 462 0 -8 0
512 378 406 459 -8 0 0
504 378 409 456 0 8 0
504 386 412 453 -8 0 0
496 386 415 450 0 8 0
496 394 418 447 0 -8 0
496 386 421 444 -8 0 0
488 386 424 441 0 8 0
488 394 427 438 0 8 0
488 402 430 435 -8 -8 0
480 394 433 432 0 8 0
480 402 436 429 -8 8 0
472 410 439 426 0 8 0
472 418 442 423 0 -8 0
472 410 445 420 -8 0 0
464 410 448 417 0 8 0
464 418 451 414 0 0 0
464 418 454 411 -8 -8 0
456 410 457 408 0 8 0
456 418 460 405 -8 -8 0
448 410 463 402 0 8 0
448 418 466 399 0 8 0
448 426 469 396 -8 8 0
440 434 472 393 0 -8 0
440 426 475 390 0 0 0
440 426 478 387 -8 0 0
432 426 481 384 0 8 0
432 434 484 381 -8 -8 0
424 426 487 378 0 -8 0
424 418 490 375 0 8 0
424 426 493 372 -8 8 0
416 434 496 369 0 -8 0
416 426 499 366 0 0 0
416 426 502 363 -8 -8 0
408 418 505 360 0 8 0
408 426 508 357 -8 0 0
400 426 511 354 0 0 0
400 426 514 351 0 8 0
400 434 517 348 -8 0 0
392 434 520 345 0 0 0
392 434 523 342 0 8 0
392 442 526 339 -8 -8 0
384 434 529 336 0 -8 0
384 426 532 333 -8 8 0
376 434 535 330 0 0 0
376 434 538 327 0 0 0
376 434 541 324 -8 -8 0
368 426 544 321 0 8 0
368 434 547 318 0 -8 0
368 426 550 315 -8 8 0
360 434 553 312 0 8 0
360 442 556 309 -8 8 0
352 450 559 306 0 -8 0
352 442 562 303 0 0 0
352 442 565 300 -8 -8 0
344 434 568 297 0 0 0
344 434 571 294 0 8 0
344 442 574 291 -8 0 0
336 442 577 288 0 -8 0
336 434 580 285 -8 0 0
328 434 583 282 0 0 0
328 434 586 279 0 8 0
328 442 589 276 -8 0 0
320 442 592 273 0 -8 0
320 434 595 270 0 -8 0
320 426 598 267 -8 8 0
312 434 601 264 0 8 0
312 442 604 261 -8 8 0
304 450 607 258 0 8 0
304 458 610 255 0 0 0
304 458 613 252 -8 -8 0
296 450 616 249 0 8 0
296 458 619 246 0 0 0
296 458 622 243 -8 0 0
288 458 625 240 0 0 0
288 458 628 237 -8 0 0
280 458 631 234 0 0 0
280 458 634 231 0 8 0
280 466 637 228 -8 -8 0
272 458 640 225 0 0 0
272 458 643 222 0 0 0
272 458 646 219 -8 8 0
264 466 649 216 0 8 0
264 474 652 213 -8 8 0
256 482 655 210 0 8 0
256 490 658 207 0 -8 0
256 482 661 204 -8 8 0
248 490 664 201 0 0 0
248 490 667 198 0 8 0
248 498 670 195 -8 0 0
240 498 673 192 0 8 0
240 506 676 189 -8 0 0
232 506 679 186 0 8 0
232 514 682 183 0 -8 0
232 506 685 180 -8 8 0
224 514 688 177 0 0 0
224 514 691 174 0 0 0
224 514 694 171 -8 -8 0
216 506 697 168 0 -8 0
216 498 700 165 -8 0 0
208 498 703 162 0 8 0
208 506 706 159 0 0 0
208 506 709 156 -8 8 0
200 514 712 153 0 0 0
200 514 715 150 0 8 0
200 522 718 147 -8 0 0
192 522 721 144 0 0 0
192 522 724 141 -8 -8 0
184 514 727 138 0 8 0
184 522 730 135 0 -8 0
184 514 733 132 -8 -8 0
176 506 736 129 0 -8 0
176 498 739 126 0 -8 0
176 490 742 123 -8 0 0
168 490 745 120 0 8 0
168 498 748 117 -8 0 0
160 498 751 114 0 0 0
160 498 754 111 0 0 0
160 498 757 108 -8 0 0
152 498 760 105 0 0 0
152 498 763 102 0 -8 0
152 490 766 99 -8 -8 0
144 482 769 96 0 0 0
144 482 772 93 -8 0 0
136 482 775 90 0 8 0
136 490 778 87 0 8 0
136 498 781 84 0 0 1
136 498 781 84 0 0 1
136 498 781 84 0 0 1
136 498 781 84 0 0 1
136 498 781 84 0 0 1
