145 333 190 363 0 0 0
145 333 193 360 8 0 0
153 333 196 357 8 0 0
161 333 199 354 8 -8 0
169 325 202 351 8 -8 0
177 317 205 348 8 0 0
185 317 208 345 8 8 0
193 325 211 342 8 0 0
201 325 214 339 8 8 0
209 333 217 336 8 0 0
217 333 220 333 8 -8 0
225 325 223 330 8 0 0
233 325 226 327 8 8 0
241 333 229 324 8 -8 0
249 325 232 321 8 -8 0
257 317 235 318 8 -8 0
265 309 238 315 0 -8 0
265 301 241 312 0 8 0
265 309 244 309 0 -8 0
265 301 247 306 0 8 0
265 309 250 303 0 0 0
265 309 253 300 0 -8 0
265 301 256 297 0 8 0
265 309 259 294 0 0 0
265 309 262 291 0 -8 0
265 301 265 288 0 -8 0
265 293 268 285 0 0 0
265 293 271 282 0 8 0
265 301 274 279 0 0 0
265 301 277 276 0 8 0
265 309 280 273 0 -8 0
265 301 283 270 0 8 0
265 309 286 267 0 -8 0
265 301 289 264 0 8 0
265 309 292 261 0 0 0
265 309 295 258 0 -8 0
265 301 298 255 0 -8 0
265 293 301 252 0 8 0
265 301 304 249 0 -8 0
265 293 307 246 0 0 0
265 293 310 243 0 8 0
265 301 313 240 0 8 0
265 309 316 237 0 8 0
265 317 319 234 0 0 0
265 317 322 231 0 -8 0
265 309 325 228 0 -8 0
265 301 328 225 0 -8 0
265 293 331 222 0 0 0
265 293 334 219 0 0 0
265 293 337 216 0 -8 0
265 285 340 213 -8 8 0
257 293 343 210 0 0 0
257 293 346 207 0 0 0
257 293 349 204 -8 -8 0
249 285 352 201 0 0 0
249 285 355 198 -8 -8 0
241 277 358 195 0 -8 0
241 269 361 192 0 8 0
241 277 364 189 -8 -8 0
233 269 367 186 0 8 0
233 277 370 183 0 0 0
233 277 373 180 -8 8 0
225 285 376 177 0 8 0
225 293 379 174 -8 -8 0
217 285 382 171 0 8 0
217 293 385 168 0 8 0
217 301 388 165 -8 -8 0
209 293 391 162 0 0 0
209 293 394 159 0 -8 0
209 285 397 156 -8 8 0
201 293 400 153 0 -8 0
201 285 403 150 -8 0 0
193 285 406 147 0 8 0
193 293 409 144 0 -8 0
193 285 412 141 -8 8 0
185 293 415 138 0 8 0
185 301 418 135 0 0 0
185 301 421 132 -8 8 0
177 309 424 129 0 8 0
177 317 427 126 -8 0 0
169 317 430 123 0 8 0
169 325 433 120 0 8 0
169 333 436 117 -8 8 0
161 341 439 114 0 0 0
161 341 442 111 0 8 0
161 349 445 108 -8 8 0
153 357 448 105 0 -8 0
153 349 451 102 -8 0 0
145 349 454 99 0 -8 0
145 341 457 96 0 0 0
145 341 460 93 -8 -8 0
137 333 463 90 0 0 0
137 333 466 87 0 -8 0
137 325 469 84 -8 -8 0
129 317 472 81 0 -8 0
129 309 475 78 -8 8 0
121 317 478 75 0 -8 0
121 309 481 72 0 -8 0
121 301 484 69 -8 0 0
113 301 487 66 0 8 0
113 309 490 63 0 -8 0
113 301 493 60 -8 0 0
105 301 496 57 0 8 0
105 309 499 54 -8 0 0
97 309 502 51 0 8 0
97 317 505 48 0 -8 0
97 309 508 45 -8 0 0
89 309 511 42 0 8 0
89 317 514 39 0 -8 0
89 309 517 36 -8 -8 0
81 301 520 33 0 0 0
81 301 523 30 -8 -8 0
73 293 526 27 0 -8 0
73 285 529 24 0 8 0
73 293 532 21 -8 -8 0
65 285 535 18 0 -8 0
65 277 538 15 0 0 0
65 277 541 12 -8 0 0
60 277 544 9 -8 8 0
60 285 547 12 0 -8 0
60 277 550 15 0 0 0
60 277 553 18 0 8 0
60 285 556 21 0 -8 0
60 277 559 24 0 0 0
60 277 562 27 0 0 0
60 277 565 30 0 0 0
60 277 568 33 0 0 0
60 277 571 36 0 0 0
60 277 574 39 0 8 0
60 285 577 42 0 -8 0
60 277 580 45 0 8 0
60 285 583 48 0 8 0
60 293 586 51 0 -8 0
60 285 589 54 0 0 0
60 285 592 57 0 0 0
60 285 595 60 0 -8 0
60 277 598 63 0 0 0
60 277 601 66 0 -8 0
60 269 604 69 0 -8 0
60 261 607 72 0 -8 0
60 253 610 75 0 -8 0
60 245 613 78 0 8 0
60 253 616 81 0 0 0
60 253 619 84 0 0 0
60 253 622 87 0 0 0
60 253 625 90 0 0 0
60 253 628 93 0 -8 0
60 245 631 96 0 -8 0
60 237 634 99 0 0 0
60 237 637 102 0 8 0
60 245 640 105 0 -8 0
60 237 643 108 0 0 0
60 237 646 111 8 0 0
68 237 649 114 0 -8 0
68 229 652 117 0 8 0
68 237 655 120 8 0 0
76 237 658 123 0 0 0
76 237 661 126 0 0 0
76 237 664 129 8 0 0
84 237 667 132 0 0 0
84 237 670 135 8 0 0
92 237 673 138 0 0 0
92 237 676 141 0 -8 0
92 229 679 144 8 0 0
100 229 682 147 0 0 0
100 229 685 150 0 0 0
100 229 688 153 8 0 0
108 229 691 156 0 -8 0
108 221 694 159 8 8 0
116 229 697 162 0 0 0
116 229 700 165 0 0 0
116 229 703 168 8 0 0
124 229 706 171 0 0 0
124 229 709 174 0 -8 0
124 221 712 177 8 8 0
132 229 715 180 0 0 0
132 229 718 183 8 8 0
140 237 721 186 0 -8 0
140 229 724 189 0 0 0
140 229 727 192 8 8 0
148 237 730 195 0 8 0
148 245 733 198 0 8 0
148 253 736 201 8 0 0
156 253 739 204 0 0 0
156 253 742 207 8 8 0
164 261 745 210 0 0 0
164 261 748 213 0 -8 0
164 253 751 216 8 8 0
172 261 754 219 0 0 0
172 261 757 222 0 8 0
172 269 760 225 8 8 0
180 277 763 228 0 -8 0
180 269 766 231 8 8 0
188 277 769 234 0 8 0
188 285 772 237 0 8 0
188 293 775 240 8 8 0
196 301 778 243 0 0 0
196 301 781 246 0 0 1
196 301 781 246 0 0 1
196 301 781 246 0 0 1
196 301 781 246 0 0 1
196 301 781 246 0 0 1
