328 233 214 324 0 0 0
328 233 217 321 0 0 0
328 233 220 318 0 -8 0
328 225 223 315 0 8 0
328 233 226 312 0 8 0
328 241 229 309 0 8 0
328 249 232 306 0 8 0
328 257 235 303 0 0 0
328 257 238 300 0 -8 0
328 249 241 297 0 8 0
328 257 244 294 0 8 0
328 265 247 291 0 0 0
328 265 250 288 0 8 0
328 273 253 285 0 8 0
328 281 256 282 0 8 0
328 289 259 279 0 8 0
328 297 262 276 -8 8 0
320 305 265 273 0 -8 0
320 297 268 270 0 8 0
320 305 271 267 -8 -8 0
312 297 274 264 0 -8 0
312 289 277 261 -8 0 0
304 289 280 258 0 -8 0
304 281 283 255 0 0 0
304 281 286 252 -8 -8 0
296 273 289 249 0 -8 0
296 265 292 246 0 0 0
296 265 295 243 -8 0 0
288 265 298 240 0 -8 0
288 257 301 237 -8 0 0
280 257 304 234 0 8 0
280 265 307 231 0 -8 0
280 257 310 228 -8 8 0
272 265 313 225 0 -8 0
272 257 316 222 0 -8 0
272 249 319 219 -8 0 0
264 249 322 216 0 8 0
264 257 325 213 -8 0 0
256 257 328 210 0 8 0
256 265 331 207 0 0 0
256 265 334 204 -8 -8 0
248 257 337 201 0 8 0
248 265 340 198 0 -8 0
248 257 343 195 -8 8 0
240 265 346 192 0 0 0
240 265 349 189 -8 8 0
232 273 352 186 0 0 0
232 273 355 183 0 -8 0
232 265 358 180 -8 -8 0
224 257 361 177 0 8 0
224 265 364 174 0 8 0
224 273 367 171 -8 -8 0
216 265 370 168 0 -8 0
216 257 373 165 -8 8 0
208 265 376 162 0 -8 0
208 257 379 159 0 -8 0
208 249 382 156 -8 -8 0
200 241 385 153 0 0 0
200 241 388 150 0 0 0
200 241 391 147 -8 -8 0
192 233 394 144 0 8 0
192 241 397 141 -8 -8 0
184 233 400 138 0 0 0
184 233 403 135 0 8 0
184 241 406 132 -8 8 0
176 249 409 129 0 0 0
176 249 412 126 0 -8 0
176 241 415 123 -8 8 0
168 249 418 120 0 8 0
168 257 421 117 -8 0 0
160 257 424 114 0 -8 0
160 249 427 111 0 8 0
160 257 430 108 -8 8 0
152 265 433 105 0 -8 0
152 257 436 102 0 0 0
152 257 439 99 -8 -8 0
144 249 442 96 0 -8 0
144 241 445 93 -8 0 0
136 241 448 90 0 -8 0
136 233 451 87 0 8 0
136 241 454 84 -8 0 0
128 241 457 81 0 8 0
128 249 460 78 0 8 0
128 257 463 75 -8 8 0
120 265 466 72 0 8 0
120 273 469 69 -8 -8 0
112 265 472 66 0 8 0
112 273 475 63 0 8 0
112 281 478 60 -8 -8 0
104 273 481 57 0 -8 0
104 265 484 54 0 -8 0
104 257 487 51 -8 0 0
96 257 490 48 0 8 0
96 265 493 45 -8 -8 0
88 257 496 42 0 -8 0
88 249 499 39 0 -8 0
88 241 502 36 -8 8 0
80 249 505 33 0 8 0
80 257 508 30 0 8 0
80 265 511 27 -8 8 0
72 273 514 24 0 0 0
72 273 517 21 -8 -8 0
64 265 520 18 0 8 0
64 273 523 15 0 8 0
64 281 526 12 -8 -8 0
60 273 529 9 -8 -8 0
60 265 532 12 0 8 0
60 273 535 15 0 -8 0
60 265 538 18 0 0 0
60 265 541 21 0 0 0
60 265 544 24 0 -8 0
60 257 547 27 0 0 0
60 257 550 30 0 -8 0
60 249 553 33 0 0 0
60 249 556 36 0 -8 0
60 241 559 39 0 0 0
60 241 562 42 0 -8 0
60 233 565 45 0 -8 0
60 225 568 48 0 8 0
60 233 571 51 0 0 0
60 233 574 54 0 8 0
60 241 577 57 0 0 0
60 241 580 60 0 -8 0
60 233 583 63 0 0 0
60 233 586 66 0 8 0
60 241 589 69 0 0 0
60 241 592 72 0 8 0
60 249 595 75 0 0 0
60 249 598 78 0 8 0
60 257 601 81 0 8 0
60 265 604 84 0 8 0
60 273 607 87 0 8 0
60 281 610 90 0 0 0
60 281 613 93 0 -8 0
60 273 616 96 0 -8 0
60 265 619 99 0 8 0
60 273 622 102 0 0 0
60 273 625 105 0 0 0
60 273 628 108 0 -8 0
60 265 631 111 8 0 0
68 265 634 114 0 0 0
68 265 637 117 0 -8 0
68 257 640 120 8 8 0
76 265 643 123 0 -8 0
76 257 646 126 0 -8 0
76 249 649 129 8 8 0
84 257 652 132 0 0 0
84 257 655 135 8 8 0
92 265 658 138 0 0 0
92 265 661 141 0 8 0
92 273 664 144 8 -8 0
100 265 667 147 0 -8 0
100 257 670 150 0 8 0
100 265 673 153 8 -8 0
108 257 676 156 0 0 0
108 257 679 159 8 0 0
116 257 682 162 0 0 0
116 257 685 165 0 0 0
116 257 688 168 8 0 0
124 257 691 171 0 -8 0
124 249 694 174 0 8 0
124 257 697 177 8 8 0
132 265 700 180 0 -8 0
132 257 703 183 8 0 0
140 257 706 186 0 0 0
140 257 709 189 0 8 0
140 265 712 192 8 8 0
148 273 715 195 0 -8 0
148 265 718 198 0 0 0
148 265 721 201 8 8 0
156 273 724 204 0 -8 0
156 265 727 207 8 0 0
164 265 730 210 0 8 0
164 273 733 213 0 0 0
164 273 736 216 8 8 0
172 281 739 219 0 8 0
172 289 742 222 0 8 0
172 297 745 225 8 -8 0
180 289 748 228 0 0 0
180 289 751 231 8 0 0
188 289 754 234 0 0 0
188 289 757 237 0 0 0
188 289 760 240 8 0 0
196 289 763 243 0 -8 0
196 281 766 246 0 8 0
196 289 769 249 8 -8 0
204 281 772 252 0 8 0
204 289 775 255 8 0 0
212 289 778 258 0 -8 0
212 281 781 261 0 0 0
212 281 778 264 8 -8 0
220 273 775 267 0 8 0
220 281 772 270 0 8 0
220 289 769 273 8 0 0
228 289 766 276 0 8 0
228 297 763 279 8 8 0
236 305 760 282 0 -8 0
236 297 757 285 0 8 0
236 305 754 288 8 -8 0
244 297 751 291 0 0 0
244 297 748 294 0 0 0
244 297 745 297 8 0 0
252 297 742 300 0 0 0
252 297 739 303 8 8 0
260 305 736 306 0 -8 0
260 297 733 309 0 0 0
260 297 730 312 8 8 0
268 305 727 315 0 8 0
268 313 724 318 0 0 0
268 313 721 321 8 -8 0
276 305 718 324 0 8 0
276 313 715 327 8 -8 0
284 305 712 330 0 -8 0
284 297 709 333 0 0 0
284 297 706 336 8 -8 0
292 289 703 339 0 0 0
292 289 700 342 0 8 0
292 297 697 345 8 0 0
300 297 694 348 0 -8 0
300 289 691 351 8 -8 0
308 281 688 354 0 -8 0
308 273 685 357 0 0 0
308 273 682 360 8 0 0
316 273 679 363 0 0 0
316 273 676 366 0 8 0
316 281 673 369 8 8 0
324 289 670 372 0 0 0
324 289 667 375 8 8 0
332 297 664 378 0 0 0
332 297 661 381 0 -8 0
332 289 658 384 8 8 0
340 297 655 387 0 -8 0
340 289 652 390 0 -8 0
340 281 649 393 8 -8 0
348 273 646 396 0 0 0
348 273 643 399 8 8 0
356 281 640 402 0 8 0
356 289 637 405 0 0 0
356 289 634 408 8 8 0
364 297 631 411 0 0 0
364 297 628 414 0 -8 0
364 289 625 417 8 0 0
372 289 622 420 0 0 0
372 289 619 423 8 0 0
380 289 616 426 0 -8 0
380 281 613 429 0 -8 0
380 273 610 432 8 8 0
388 281 607 435 0 8 0
388 289 604 438 0 8 0
388 297 601 441 8 -8 0
396 289 598 444 0 0 0
396 289 595 447 8 -8 0
404 281 592 450 0 -8 0
404 273 589 453 0 -8 0
404 265 586 456 8 -8 0
412 257 583 459 0 -8 0
412 249 580 462 0 0 0
412 249 577 465 8 8 0
420 257 574 468 0 8 0
420 265 571 471 8 8 0
428 273 568 474 0 0 0
428 273 565 477 0 8 0
428 281 562 480 8 8 0
436 289 559 483 0 0 0
436 289 556 486 0 8 0
436 297 553 489 8 -8 0
444 289 550 492 0 -8 0
444 281 547 495 8 0 0
452 281 544 498 0 8 0
452 289 541 501 0 8 0
452 297 538 504 8 0 0
460 297 535 507 0 0 0
460 297 532 510 0 8 0
460 305 529 513 8 0 0
468 305 526 516 0 -8 0
468 297 523 519 8 8 0
476 305 520 522 0 -8 0
476 297 517 525 0 8 0
476 305 514 528 8 0 0
484 305 511 531 0 8 0
484 313 508 534 0 8 0
484 321 505 537 8 0 0
492 321 502 540 0 8 0
492 329 499 543 8 0 0
500 329 496 546 0 0 0
500 329 493 549 0 0 0
500 329 490 552 8 0 0
508 329 487 555 0 8 0
508 337 484 558 0 -8 0
508 329 481 561 8 0 0
516 329 478 564 0 -8 0
516 321 475 567 8 8 0
524 329 472 570 0 -8 0
524 321 469 573 0 0 0
524 321 466 576 8 -8 0
532 313 463 579 0 0 0
532 313 460 582 0 0 0
532 313 457 585 8 -8 0
540 305 454 588 0 0 0
540 305 451 591 8 8 0
540 313 448 588 0 0 0
540 313 445 585 0 8 0
540 321 442 582 0 8 0
540 329 439 579 0 8 0
540 337 436 576 0 8 0
540 345 433 573 0 8 0
540 353 430 570 0 8 0
540 361 427 567 0 -8 0
540 353 424 564 0 -8 0
540 345 421 561 0 8 0
540 353 418 558 0 8 0
540 361 415 555 0 0 0
540 361 412 552 0 0 0
540 361 409 549 0 0 0
540 361 406 546 0 0 0
540 361 403 543 0 -8 0
540 353 400 540 0 8 0
540 361 397 537 0 0 0
540 361 394 534 0 0 0
540 361 391 531 0 -8 0
540 353 388 528 0 8 0
540 361 385 525 0 -8 0
540 353 382 522 0 8 0
540 361 379 519 0 8 0
540 369 376 516 0 8 0
540 377 373 513 0 0 0
540 377 370 510 0 0 0
540 377 367 507 0 0 0
540 377 364 504 0 8 0
540 385 361 501 0 0 0
540 385 358 498 0 8 0
540 393 355 495 0 8 0
540 401 352 492 0 0 0
540 401 349 489 -8 -8 0
532 393 346 486 0 8 0
532 401 343 483 0 8 0
532 409 340 480 -8 0 0
524 409 337 477 0 -8 0
524 401 334 474 0 -8 0
524 393 331 471 -8 8 0
516 401 328 468 0 8 0
516 409 325 465 -8 0 0
508 409 322 462 0 0 0
508 409 319 459 0 8 0
508 417 316 456 -8 8 0
500 425 313 453 0 0 0
500 425 310 450 0 8 0
500 433 307 447 -8 8 0
492 441 304 444 0 -8 0
492 433 301 441 -8 0 0
484 433 298 438 0 8 0
484 441 295 435 0 8 0
484 449 292 432 -8 8 0
476 457 289 429 0 8 0
476 465 286 426 0 -8 0
476 457 283 423 -8 0 0
468 457 280 420 0 8 0
468 465 277 417 -8 8 0
460 473 274 414 0 8 0
460 481 271 411 0 -8 0
460 473 268 408 -8 0 0
452 473 265 405 0 0 0
452 473 262 402 0 8 0
452 481 259 399 -8 -8 0
444 473 256 396 0 8 0
444 481 253 393 -8 0 0
436 481 250 390 0 0 0
436 481 247 387 0 0 0
436 481 244 384 -8 -8 0
428 473 241 381 0 8 0
428 481 238 378 0 8 0
428 489 235 375 -8 0 0
420 489 232 372 0 -8 0
420 481 229 369 -8 0 0
412 481 226 366 0 -8 0
412 473 223 363 0 8 0
412 481 220 360 -8 -8 0
404 473 217 357 0 0 0
404 473 214 354 0 -8 0
404 465 211 351 -8 -8 0
396 457 208 348 0 0 0
396 457 205 345 -8 -8 0
388 449 202 342 0 8 0
388 457 199 339 0 -8 0
388 449 196 336 -8 -8 0
380 441 193 333 0 -8 0
380 433 190 330 0 -8 0
380 425 187 327 -8 0 0
372 425 184 324 0 8 0
372 433 181 321 -8 -8 0
364 425 178 318 0 0 0
364 425 175 315 0 8 0
364 433 172 312 -8 0 0
356 433 169 309 0 8 0
356 441 166 306 0 -8 0
356 433 163 303 -8 0 0
348 433 160 300 0 -8 0
348 425 157 297 -8 0 0
340 425 154 294 0 -8 0
340 417 151 291 0 0 0
340 417 148 288 -8 8 0
332 425 145 285 0 8 0
332 433 142 282 0 8 0
332 441 139 279 -8 8 0
324 449 136 276 0 0 0
324 449 133 273 -8 -8 0
316 441 130 270 0 0 0
316 441 127 267 0 0 0
316 441 124 264 -8 0 0
308 441 121 261 0 0 0
308 441 118 258 0 8 0
308 449 115 255 -8 8 0
300 457 112 252 0 -8 0
300 449 109 249 -8 8 0
292 457 106 246 0 -8 0
292 449 103 243 0 0 0
292 449 100 240 -8 0 0
284 449 97 237 0 8 0
284 457 94 234 0 8 0
284 465 91 231 -8 -8 0
276 457 88 228 0 0 0
276 457 85 225 -8 0 0
268 457 82 222 0 -8 0
268 449 79 219 0 8 0
268 457 76 216 -8 -8 0
260 449 73 213 0 -8 0
260 441 70 210 0 8 0
260 449 67 207 -8 -8 0
252 441 64 204 0 8 0
252 449 61 201 -8 8 0
244 457 58 198 0 -8 0
244 449 55 195 0 0 0
244 449 52 192 -8 0 0
236 449 49 189 0 0 0
236 449 46 186 0 0 0
236 449 43 183 -8 8 0
228 457 40 180 0 0 0
228 457 37 177 -8 8 0
220 465 34 174 0 -8 0
220 457 31 171 0 -8 0
220 449 28 168 -8 8 0
212 457 25 165 0 -8 0
212 449 22 162 0 -8 0
212 441 19 159 0 0 1
212 441 19 159 0 0 1
212 441 19 159 0 0 1
212 441 19 159 0 0 1
212 441 19 159 0 0 1
