315 349 688 441 0 0 0
315 349 691 444 8 -8 0
323 341 694 447 8 -8 0
331 333 697 450 8 8 0
339 341 700 453 8 -8 0
347 333 703 456 8 -8 0
355 325 706 459 8 0 0
363 325 709 462 8 -8 0
371 317 712 465 8 -8 0
379 309 715 468 8 0 0
387 309 718 471 8 8 0
395 317 721 474 8 8 0
403 325 724 477 8 -8 0
411 317 727 480 8 8 0
419 325 730 483 8 0 0
427 325 733 486 8 -8 0
435 317 736 489 8 8 0
443 325 739 492 0 -8 0
443 317 742 495 8 8 0
451 325 745 498 0 8 0
451 333 748 501 0 -8 0
451 325 751 504 8 8 0
459 333 754 507 0 -8 0
459 325 757 510 8 -8 0
467 317 760 513 0 -8 0
467 309 763 516 0 8 0
467 317 766 519 8 0 0
475 317 769 522 0 0 0
475 317 772 525 0 -8 0
475 309 775 528 8 -8 0
483 301 778 531 0 8 0
483 309 781 534 0 0 1
483 309 781 534 0 0 1
483 309 781 534 0 0 1
483 309 781 534 0 0 1
483 309 781 534 0 0 1
