308 156 487 105 0 0 0
308 156 484 102 -8 8 0
300 164 481 99 -8 0 0
292 164 478 96 -8 0 0
284 164 475 93 -8 0 0
276 164 472 90 -8 0 0
268 164 469 87 -8 0 0
260 164 466 84 -8 0 0
252 164 463 81 -8 -8 0
244 156 460 78 -8 8 0
236 164 457 75 -8 8 0
228 172 454 72 -8 0 0
220 172 451 69 -8 8 0
212 180 448 66 -8 -8 0
204 172 445 63 -8 -8 0
196 164 442 60 -8 0 0
188 164 439 57 -8 0 0
180 164 436 54 -8 8 0
172 172 433 51 -8 -8 0
164 164 430 48 -8 -8 0
156 156 427 45 -8 0 0
148 156 424 42 -8 -8 0
140 148 421 39 -8 -8 0
132 140 418 36 -8 0 0
124 140 415 33 -8 0 0
116 140 412 30 -8 -8 0
108 132 409 27 -8 -8 0
100 124 406 24 -8 -8 0
92 116 403 21 -8 8 0
84 124 400 18 -8 -8 0
76 116 397 15 -8 8 0
68 124 394 12 -8 0 0
60 124 391 9 -8 0 0
60 124 388 12 0 -8 0
60 116 385 15 0 -8 0
60 108 382 18 0 -8 0
60 100 379 21 0 0 0
60 100 376 24 0 -8 0
60 92 373 27 0 0 0
60 92 370 30 0 -8 0
60 84 367 33 0 8 0
60 92 364 36 0 0 0
60 92 361 39 0 8 0
60 100 358 42 0 0 0
60 100 355 45 0 -8 0
60 92 352 48 0 8 0
60 100 349 51 0 0 0
60 100 346 54 0 -8 0
60 92 343 57 0 0 0
60 92 340 60 0 -8 0
60 84 337 63 0 0 0
60 84 334 66 0 8 0
60 92 331 69 0 8 0
60 100 328 72 0 8 0
60 108 325 75 0 0 0
60 108 322 78 0 0 0
60 108 319 81 0 0 0
60 108 316 84 0 8 0
60 116 313 87 0 -8 0
60 108 310 90 0 8 0
60 116 307 93 0 -8 0
60 108 304 96 0 8 0
60 116 301 99 0 0 0
60 116 298 102 0 -8 0
60 108 295 105 0 0 0
60 108 292 108 0 -8 0
60 100 289 111 8 8 0
68 108 286 114 0 -8 0
68 100 283 117 0 0 0
68 100 280 120 8 8 0
76 108 277 123 0 -8 0
76 100 274 126 0 8 0
76 108 271 129 8 0 0
84 108 268 132 0 0 0
84 108 265 135 8 -8 0
92 100 262 138 0 -8 0
92 92 259 141 0 -8 0
92 84 256 144 8 -8 0
100 76 253 147 0 0 0
100 76 250 150 0 0 0
100 76 247 153 8 8 0
108 84 244 156 0 8 0
108 92 241 159 8 -8 0
116 84 238 162 0 0 0
116 84 235 165 0 0 0
116 84 232 168 8 8 0
124 92 229 171 0 -8 0
124 84 226 174 0 -8 0
124 76 223 177 8 -8 0
132 68 220 180 0 -8 0
132 60 217 183 8 -8 0
140 60 214 186 0 -8 0
140 60 211 189 0 0 0
140 60 208 192 8 0 0
148 60 205 195 0 0 0
148 60 202 198 0 8 0
148 68 199 201 8 0 0
156 68 196 204 0 8 0
156 76 193 207 8 0 0
164 76 190 210 0 -8 0
164 68 187 213 0 -8 0
164 60 184 216 8 0 0
172 60 181 219 0 0 0
172 60 178 222 0 0 0
172 60 175 225 8 -8 0
180 60 172 228 0 8 0
180 68 169 231 8 8 0
188 76 166 234 0 0 0
188 76 163 237 0 8 0
188 84 160 240 8 0 0
196 84 157 243 0 0 0
196 84 154 246 0 8 0
196 92 151 249 8 -8 0
204 84 148 252 0 -8 0
204 76 145 255 8 8 0
212 84 142 258 0 0 0
212 84 139 261 0 0 0
212 84 136 264 8 -8 0
220 76 133 267 0 0 0
220 76 130 270 0 -8 0
220 68 127 273 8 0 0
228 68 124 276 0 -8 0
228 60 121 279 8 -8 0
236 60 118 282 0 -8 0
236 60 115 285 0 0 0
236 60 112 288 8 8 0
244 68 109 291 0 8 0
244 76 106 294 0 8 0
244 84 103 297 8 0 0
252 84 100 300 0 0 0
252 84 97 303 8 -8 0
260 76 94 306 0 0 0
260 76 91 309 0 -8 0
260 68 88 312 8 8 0
268 76 85 315 0 0 0
268 76 82 318 0 -8 0
268 68 79 321 8 -8 0
276 60 76 324 0 0 0
276 60 73 327 8 -8 0
284 60 70 330 0 0 0
284 60 67 333 0 -8 0
284 60 64 336 8 -8 0
292 60 61 339 0 -8 0
292 60 58 342 0 -8 0
292 60 55 345 8 8 0
300 68 52 348 0 -8 0
300 60 49 351 8 -8 0
308 60 46 354 0 0 0
308 60 43 357 0 -8 0
308 60 40 360 8 8 0
316 68 37 363 0 8 0
316 76 34 366 0 8 0
316 84 31 369 8 8 0
324 92 28 372 0 -8 0
324 84 25 375 8 0 0
332 84 22 378 0 -8 0
332 76 19 381 0 0 0
332 76 22 384 8 8 0
340 84 25 387 0 -8 0
340 76 28 390 0 8 0
340 84 31 393 8 -8 0
348 76 34 396 0 0 0
348 76 37 399 8 0 0
356 76 40 402 0 8 0
356 84 43 405 0 0 0
356 84 46 408 8 8 0
364 92 49 411 0 8 0
364 100 52 414 0 8 0
364 108 55 417 8 0 0
372 108 58 420 0 0 0
372 108 61 423 8 8 0
380 116 64 426 0 0 0
380 116 67 429 0 0 0
380 116 70 432 8 -8 0
388 108 73 435 0 0 0
388 108 76 438 0 8 0
388 116 79 441 8 8 0
396 124 82 444 0 0 0
396 124 85 447 8 -8 0
404 116 88 450 0 -8 0
404 108 91 453 0 0 0
404 108 94 456 8 8 0
412 116 97 459 0 0 0
412 116 100 462 0 8 0
412 124 103 465 8 8 0
420 132 106 468 0 -8 0
420 124 109 471 8 0 0
428 124 112 474 0 -8 0
428 116 115 477 0 -8 0
428 108 118 480 8 -8 0
436 100 121 483 0 0 0
436 100 124 486 0 -8 0
436 92 127 489 8 -8 0
444 84 130 492 0 -8 0
444 76 133 495 8 8 0
452 84 136 498 0 -8 0
452 76 139 501 0 0 0
452 76 142 504 8 -8 0
460 68 145 507 0 8 0
460 76 148 510 0 8 0
460 84 151 513 8 -8 0
468 76 154 516 0 0 0
468 76 157 519 8 8 0
476 84 160 522 0 0 0
476 84 163 525 0 8 0
476 92 166 528 8 8 0
484 100 169 531 0 0 0
484 100 172 534 0 8 0
484 108 175 537 8 -8 0
492 100 178 540 0 0 0
492 100 181 543 8 0 0
500 100 184 546 0 -8 0
500 92 187 549 0 0 0
500 92 190 552 8 -8 0
508 84 193 555 0 8 0
508 92 196 558 0 8 0
508 100 199 561 8 8 0
516 108 202 564 0 8 0
516 116 205 567 8 0 0
524 116 208 570 0 8 0
524 124 211 573 0 -8 0
524 116 214 576 8 0 0
532 116 217 579 0 8 0
532 124 220 582 0 -8 0
532 116 223 585 8 8 0
540 124 226 588 0 0 0
540 124 229 591 8 8 0
540 132 232 588 0 0 0
540 132 235 585 0 8 0
540 140 238 582 0 0 0
540 140 241 579 0 0 0
540 140 244 576 0 -8 0
540 132 247 573 0 8 0
540 140 250 570 0 0 0
540 140 253 567 0 -8 0
540 132 256 564 0 -8 0
540 124 259 561 0 -8 0
540 116 262 558 0 8 0
540 124 265 555 0 0 0
540 124 268 552 0 8 0
540 132 271 549 0 -8 0
540 124 274 546 0 0 0
540 124 277 543 0 -8 0
540 116 280 540 0 8 0
540 124 283 537 0 8 0
540 132 286 534 0 8 0
540 140 289 531 0 8 0
540 148 292 528 0 8 0
540 156 295 525 0 -8 0
540 148 298 522 0 0 0
540 148 301 519 0 8 0
540 156 304 516 0 8 0
540 164 307 513 0 0 0
540 164 310 510 0 -8 0
540 156 313 507 0 8 0
540 164 316 504 0 8 0
540 172 319 501 0 -8 0
540 164 322 498 0 -8 0
540 156 325 495 0 -8 0
540 148 328 492 0 0 0
540 148 331 489 -8 0 0
532 148 334 486 0 0 0
532 148 337 483 0 0 0
532 148 340 480 -8 8 0
524 156 343 477 0 8 0
524 164 346 474 0 0 0
524 164 349 471 -8 -8 0
516 156 352 468 0 0 0
516 156 355 465 -8 8 0
508 164 358 462 0 0 0
508 164 361 459 0 -8 0
508 156 364 456 -8 -8 0
500 148 367 453 0 8 0
500 156 370 450 0 8 0
500 164 373 447 -8 8 0
492 172 376 444 0 0 0
492 172 379 441 -8 0 0
484 172 382 438 0 0 0
484 172 385 435 0 0 0
484 172 388 432 -8 -8 0
476 164 391 429 0 8 0
476 172 394 426 0 8 0
476 180 397 423 -8 8 0
468 188 400 420 0 8 0
468 196 403 417 -8 8 0
460 204 406 414 0 -8 0
460 196 409 411 0 0 0
460 196 412 408 -8 0 0
452 196 415 405 0 8 0
452 204 418 402 0 -8 0
452 196 421 399 -8 8 0
444 204 424 396 0 0 0
444 204 427 393 -8 0 0
436 204 430 390 0 0 0
436 204 433 387 0 8 0
436 212 436 384 -8 -8 0
428 204 439 381 0 0 0
428 204 442 378 0 8 0
428 212 445 375 -8 8 0
420 220 448 372 0 0 0
420 220 451 369 -8 0 0
412 220 454 366 0 8 0
412 228 457 363 0 -8 0
412 220 460 360 -8 8 0
404 228 463 357 0 0 0
404 228 466 354 0 -8 0
404 220 469 351 -8 8 0
396 228 472 348 0 8 0
396 236 475 345 -8 -8 0
388 228 478 342 0 0 0
388 228 481 339 0 0 0
388 228 484 336 -8 -8 0
380 220 487 333 0 0 0
380 220 490 330 0 -8 0
380 212 493 327 -8 0 0
372 212 496 324 0 0 0
372 212 499 321 -8 0 0
364 212 502 318 0 8 0
364 220 505 315 0 -8 0
364 212 508 312 -8 0 0
356 212 511 309 0 8 0
356 220 514 306 0 -8 0
356 212 517 303 -8 0 0
348 212 520 300 0 -8 0
348 204 523 297 -8 0 0
340 204 526 294 0 0 0
340 204 529 291 0 0 0
340 204 532 288 -8 8 0
332 212 535 285 0 -8 0
332 204 538 282 0 0 0
332 204 541 279 -8 -8 0
324 196 544 276 0 8 0
324 204 547 273 -8 -8 0
316 196 550 270 0 0 0
316 196 553 267 0 -8 0
316 188 556 264 -8 8 0
308 196 559 261 0 8 0
308 204 562 258 0 8 0
308 212 565 255 -8 8 0
300 220 568 252 0 8 0
300 228 571 249 -8 8 0
292 236 574 246 0 0 0
292 236 577 243 0 0 0
292 236 580 240 -8 0 0
284 236 583 237 0 8 0
284 244 586 234 0 0 0
284 244 589 231 -8 8 0
276 252 592 228 0 -8 0
276 244 595 225 -8 0 0
268 244 598 222 0 8 0
268 252 601 219 0 0 0
268 252 604 216 -8 0 0
260 252 607 213 0 0 0
260 252 610 210 0 0 0
260 252 613 207 -8 8 0
252 260 616 204 0 0 0
252 260 619 201 -8 8 0
244 268 622 198 0 -8 0
244 260 625 195 0 8 0
244 268 628 192 -8 -8 0
236 260 631 189 0 0 0
236 260 634 186 0 0 0
236 260 637 183 -8 -8 0
228 252 640 180 0 -8 0
228 244 643 177 -8 0 0
220 244 646 174 0 0 0
220 244 649 171 0 0 0
220 244 652 168 -8 0 0
212 244 655 165 0 8 0
212 252 658 162 0 8 0
212 260 661 159 -8 -8 0
204 252 664 156 0 8 0
204 260 667 153 -8 8 0
196 268 670 150 0 -8 0
196 260 673 147 0 8 0
196 268 676 144 -8 -8 0
188 260 679 141 0 8 0
188 268 682 138 0 0 0
188 268 685 135 -8 -8 0
180 260 688 132 0 0 0
180 260 691 129 -8 8 0
172 268 694 126 0 0 0
172 268 697 123 0 0 0
172 268 700 120 -8 0 0
164 268 703 117 0 0 0
164 268 706 114 0 -8 0
164 260 709 111 -8 0 0
156 260 712 108 0 -8 0
156 252 715 105 -8 -8 0
148 244 718 102 0 8 0
148 252 721 99 0 0 0
148 252 724 96 -8 -8 0
140 244 727 93 0 8 0
140 252 730 90 0 0 0
140 252 733 87 -8 0 0
132 252 736 84 0 -8 0
132 244 739 81 -8 -8 0
124 236 742 78 0 8 0
124 244 745 75 0 0 0
124 244 748 72 -8 -8 0
116 236 751 69 0 -8 0
116 228 754 66 0 8 0
116 236 757 63 -8 0 0
108 236 760 60 0 -8 0
108 228 763 57 -8 -8 0
100 220 766 54 0 8 0
100 228 769 51 0 -8 0
100 220 772 48 -8 8 0
92 228 775 45 0 -8 0
92 220 778 42 0 0 0
92 220 781 39 0 0 1
92 220 781 39 0 0 1
92 220 781 39 0 0 1
92 220 781 39 0 0 1
92 220 781 39 0 0 1
