433 422 256 432 0 0 0
433 422 253 435 0 0 0
433 422 250 438 0 0 0
433 422 247 441 0 8 0
433 430 244 444 0 -8 0
433 422 241 447 0 0 0
433 422 238 450 0 -8 0
433 414 235 453 0 -8 0
433 406 232 456 0 8 0
433 414 229 459 0 8 0
433 422 226 462 0 0 0
433 422 223 465 0 8 0
433 430 220 468 0 -8 0
433 422 217 471 0 8 0
433 430 214 474 0 0 0
433 430 211 477 0 8 0
433 438 208 480 0 0 0
433 438 205 483 0 0 0
433 438 202 486 8 -8 0
441 430 199 489 0 -8 0
441 422 196 492 8 -8 0
449 414 193 495 0 0 0
449 414 190 498 0 0 0
449 414 187 501 8 8 0
457 422 184 504 0 8 0
457 430 181 507 0 0 0
457 430 178 510 8 -8 0
465 422 175 513 0 8 0
465 430 172 516 8 8 0
473 438 169 519 0 0 0
473 438 166 522 0 0 0
473 438 163 525 8 -8 0
481 430 160 528 0 8 0
481 438 157 531 0 -8 0
481 430 154 534 8 0 0
489 430 151 537 0 0 0
489 430 148 540 8 -8 0
497 422 145 543 0 -8 0
497 414 142 546 0 8 0
497 422 139 549 8 -8 0
505 414 136 552 0 8 0
505 422 133 555 0 0 0
505 422 130 558 8 0 0
513 422 127 561 0 8 0
513 430 124 564 8 -8 0
521 422 121 567 0 0 0
521 422 118 570 0 8 0
521 430 115 573 8 0 0
529 430 112 576 0 0 0
529 430 109 579 0 -8 0
529 422 106 582 8 0 0
537 422 103 585 0 -8 0
537 414 100 588 8 0 0
540 414 97 591 8 -8 0
540 406 94 588 0 8 0
540 414 91 585 0 8 0
540 422 88 582 0 -8 0
540 414 85 579 0 0 0
540 414 82 576 0 -8 0
540 406 79 573 0 8 0
540 414 76 570 0 -8 0
540 406 73 567 0 8 0
540 414 70 564 0 8 0
540 422 67 561 0 0 0
540 422 64 558 0 0 0
540 422 61 555 0 -8 0
540 414 58 552 0 8 0
540 422 55 549 0 -8 0
540 414 52 546 0 0 0
540 414 49 543 0 8 0
540 422 46 540 0 -8 0
540 414 43 537 0 8 0
540 422 40 534 0 8 0
540 430 37 531 0 0 0
540 430 34 528 0 8 0
540 438 31 525 0 -8 0
540 430 28 522 0 0 0
540 430 25 519 0 8 0
540 438 22 516 0 8 0
540 446 19 513 0 0 0
540 446 22 510 0 -8 0
540 438 25 507 0 8 0
540 446 28 504 0 0 0
540 446 31 501 0 0 0
540 446 34 498 0 -8 0
540 438 37 495 0 0 0
540 438 40 492 0 8 0
540 446 43 489 -8 8 0
532 454 46 486 0 -8 0
532 446 49 483 0 8 0
532 454 52 480 -8 -8 0
524 446 55 477 0 8 0
524 454 58 474 0 0 0
524 454 61 471 -8 0 0
516 454 64 468 0 0 0
516 454 67 465 -8 -8 0
508 446 70 462 0 -8 0
508 438 73 459 0 -8 0
508 430 76 456 -8 0 0
500 430 79 453 0 8 0
500 438 82 450 0 8 0
500 446 85 447 -8 8 0
492 454 88 444 0 0 0
492 454 91 441 -8 8 0
484 462 94 438 0 -8 0
484 454 97 435 0 8 0
484 462 100 432 -8 8 0
476 470 103 429 0 0 0
476 470 106 426 0 8 0
476 478 109 423 -8 0 0
468 478 112 420 0 0 0
468 478 115 417 -8 8 0
460 486 118 414 0 0 0
460 486 121 411 0 8 0
460 494 124 408 -8 0 0
452 494 127 405 0 8 0
452 502 130 402 0 0 0
452 502 133 399 -8 0 0
444 502 136 396 0 -8 0
444 494 139 393 -8 0 0
436 494 142 390 0 8 0
436 502 145 387 0 8 0
436 510 148 384 -8 -8 0
428 502 151 381 0 0 0
428 502 154 378 0 -8 0
428 494 157 375 -8 0 0
420 494 160 372 0 0 0
420 494 163 369 -8 -8 0
412 486 166 366 0 -8 0
412 478 169 363 0 -8 0
412 470 172 360 -8 0 0
404 470 175 357 0 8 0
404 478 178 354 0 8 0
404 486 181 351 -8 0 0
396 486 184 348 0 -8 0
396 478 187 345 -8 0 0
388 478 190 342 0 8 0
388 486 193 339 0 8 0
388 494 196 336 -8 -8 0
380 486 199 333 0 8 0
380 494 202 330 0 8 0
380 502 205 327 -8 8 0
372 510 208 324 0 0 0
372 510 211 321 -8 0 0
364 510 214 318 0 -8 0
364 502 217 315 0 -8 0
364 494 220 312 -8 -8 0
356 486 223 309 0 -8 0
356 478 226 306 0 -8 0
356 470 229 303 -8 8 0
348 478 232 300 0 -8 0
348 470 235 297 -8 -8 0
340 462 238 294 0 8 0
340 470 241 291 0 8 0
340 478 244 288 -8 8 0
332 486 247 285 0 8 0
332 494 250 282 0 0 0
332 494 253 279 -8 0 0
324 494 256 276 0 -8 0
324 486 259 273 -8 8 0
316 494 262 270 0 -8 0
316 486 265 267 0 -8 0
316 478 268 264 -8 8 0
308 486 271 261 0 -8 0
308 478 274 258 0 -8 0
308 470 277 255 -8 0 0
300 470 280 252 0 -8 0
300 462 283 249 -8 0 0
292 462 286 246 0 -8 0
292 454 289 243 0 8 0
292 462 292 240 -8 8 0
284 470 295 237 0 0 0
284 470 298 234 0 0 0
284 470 301 231 -8 0 0
276 470 304 228 0 8 0
276 478 307 225 -8 0 0
268 478 310 222 0 -8 0
268 470 313 219 0 8 0
268 478 316 216 -8 0 0
260 478 319 213 0 -8 0
260 470 322 210 0 8 0
260 478 325 207 -8 8 0
252 486 328 204 0 8 0
252 494 331 201 -8 0 0
244 494 334 198 0 0 0
244 494 337 195 0 8 0
244 502 340 192 -8 0 0
236 502 343 189 0 -8 0
236 494 346 186 0 8 0
236 502 349 183 -8 0 0
228 502 352 180 0 0 0
228 502 355 177 -8 -8 0
220 494 358 174 0 0 0
220 494 361 171 0 8 0
220 502 364 168 -8 8 0
212 510 367 165 0 -8 0
212 502 370 162 0 8 0
212 510 373 159 -8 8 0
204 518 376 156 0 0 0
204 518 379 153 -8 -8 0
196 510 382 150 0 8 0
196 518 385 147 0 8 0
196 526 388 144 -8 8 0
188 534 391 141 0 -8 0
188 526 394 138 0 -8 0
188 518 397 135 -8 -8 0
180 510 400 132 0 8 0
180 518 403 129 -8 8 0
172 526 406 126 0 0 0
172 526 409 123 0 -8 0
172 518 412 120 -8 -8 0
164 510 415 117 0 0 0
164 510 418 114 0 -8 0
164 502 421 111 -8 0 0
156 502 424 108 0 -8 0
156 494 427 105 -8 8 0
148 502 430 102 0 0 0
148 502 433 99 0 0 0
148 502 436 96 -8 8 0
140 510 439 93 0 0 0
140 510 442 90 0 0 0
140 510 445 87 -8 8 0
132 518 448 84 0 8 0
132 526 451 81 -8 8 0
124 534 454 78 0 0 0
124 534 457 75 0 0 0
124 534 460 72 -8 0 0
116 534 463 69 0 8 0
116 540 466 66 0 8 0
116 540 469 63 -8 8 0
108 540 472 60 0 0 0
108 540 475 57 -8 8 0
100 540 478 54 0 0 0
100 540 481 51 0 0 0
100 540 484 48 -8 -8 0
92 532 487 45 0 0 0
92 532 490 42 0 -8 0
92 524 493 39 -8 0 0
84 524 496 36 0 -8 0
84 516 499 33 -8 -8 0
76 508 502 30 0 0 0
76 508 505 27 0 0 0
76 508 508 24 -8 8 0
68 516 511 21 0 -8 0
68 508 514 18 0 8 0
68 516 517 15 -8 -8 0
60 508 520 12 0 -8 0
60 500 523 9 -8 -8 0
60 492 526 12 0 -8 0
60 484 529 15 0 0 0
60 484 532 18 0 0 0
60 484 535 21 0 -8 0
60 476 538 24 0 8 0
60 484 541 27 0 -8 0
60 476 544 30 0 -8 0
60 468 547 33 0 -8 0
60 460 550 36 0 -8 0
60 452 553 39 0 -8 0
60 444 556 42 0 -8 0
60 436 559 45 0 0 0
60 436 562 48 0 -8 0
60 428 565 51 0 0 0
60 428 568 54 0 8 0
60 436 571 57 0 -8 0
60 428 574 60 0 0 0
60 428 577 63 0 8 0
60 436 580 66 0 0 0
60 436 583 69 0 -8 0
60 428 586 72 0 0 0
60 428 589 75 0 8 0
60 436 592 78 0 0 0
60 436 595 81 0 -8 0
60 428 598 84 0 -8 0
60 420 601 87 0 -8 0
60 412 604 90 0 8 0
60 420 607 93 0 0 0
60 420 610 96 0 -8 0
60 412 613 99 0 -8 0
60 404 616 102 0 0 0
60 404 619 105 0 0 0
60 404 622 108 0 -8 0
60 396 625 111 8 8 0
68 404 628 114 0 -8 0
68 396 631 117 0 0 0
68 396 634 120 8 8 0
76 404 637 123 0 0 0
76 404 640 126 0 8 0
76 412 643 129 8 0 0
84 412 646 132 0 -8 0
84 404 649 135 8 0 0
92 404 652 138 0 0 0
92 404 655 141 0 -8 0
92 396 658 144 8 -8 0
100 388 661 147 0 0 0
100 388 664 150 0 0 0
100 388 667 153 8 0 0
108 388 670 156 0 8 0
108 396 673 159 8 -8 0
116 388 676 162 0 0 0
116 388 679 165 0 0 0
116 388 682 168 8 8 0
124 396 685 171 0 -8 0
124 388 688 174 0 0 0
124 388 691 177 8 0 0
132 388 694 180 0 0 0
132 388 697 183 8 0 0
140 388 700 186 0 0 0
140 388 703 189 0 0 0
140 388 706 192 8 -8 0
148 380 709 195 0 8 0
148 388 712 198 0 -8 0
148 380 715 201 8 8 0
156 388 718 204 0 -8 0
156 380 721 207 8 0 0
164 380 724 210 0 8 0
164 388 727 213 0 -8 0
164 380 730 216 8 8 0
172 388 733 219 0 8 0
172 396 736 222 0 -8 0
172 388 739 225 8 8 0
180 396 742 228 0 -8 0
180 388 745 231 8 0 0
188 388 748 234 0 0 0
188 388 751 237 0 -8 0
188 380 754 240 8 -8 0
196 372 757 243 0 8 0
196 380 760 246 0 0 0
196 380 763 249 8 0 0
204 380 766 252 0 0 0
204 380 769 255 8 0 0
212 380 772 258 0 0 0
212 380 775 261 0 0 0
212 380 778 264 8 8 0
220 388 781 267 0 0 1
220 388 781 267 0 0 1
220 388 781 267 0 0 1
220 388 781 267 0 0 1
220 388 781 267 0 0 1
