525 477 109 168 0 0 0
525 477 106 165 -8 -8 0
517 469 103 162 -8 8 0
509 477 100 159 -8 8 0
501 485 97 156 -8 8 0
493 493 94 153 -8 8 0
485 501 91 150 -8 8 0
477 509 88 147 -8 0 0
469 509 85 144 -8 -8 0
461 501 82 141 -8 8 0
453 509 79 138 -8 0 0
445 509 76 135 -8 -8 0
437 501 73 132 -8 -8 0
429 493 70 129 -8 0 0
421 493 67 126 -8 8 0
413 501 64 123 -8 8 0
405 509 61 120 -8 -8 0
397 501 58 117 -8 -8 0
389 493 55 114 -8 0 0
381 493 52 111 -8 0 0
373 493 49 108 -8 -8 0
365 485 46 105 -8 0 0
357 485 43 102 -8 8 0
349 493 40 99 -8 0 0
341 493 37 96 -8 0 0
333 493 34 93 -8 8 0
325 501 31 90 -8 -8 0
317 493 28 87 -8 8 0
309 501 25 84 -8 -8 0
301 493 22 81 -8 8 0
293 501 19 78 0 0 1
293 501 19 78 0 0 1
293 501 19 78 0 0 1
293 501 19 78 0 0 1
293 501 19 78 0 0 1
