210 123 670 219 0 0 0
210 123 667 216 0 8 0
210 131 664 213 0 -8 0
210 123 661 210 0 0 0
210 123 658 207 0 8 0
210 131 655 204 0 8 0
210 139 652 201 0 8 0
210 147 649 198 0 -8 0
210 139 646 195 0 -8 0
210 131 643 192 0 0 0
210 131 640 189 0 8 0
210 139 637 186 0 -8 0
210 131 634 183 0 8 0
210 139 631 180 0 8 0
210 147 628 177 0 0 0
210 147 625 174 0 0 0
210 147 622 171 0 8 0
210 155 619 168 0 -8 0
210 147 616 165 0 0 0
210 147 613 162 0 -8 0
210 139 610 159 -8 8 0
202 147 607 156 0 0 0
202 147 604 153 0 0 0
202 147 601 150 -8 8 0
194 155 598 147 0 0 0
194 155 595 144 0 0 0
194 155 592 141 -8 -8 0
186 147 589 138 0 0 0
186 147 586 135 -8 -8 0
178 139 583 132 0 0 0
178 139 580 129 0 0 0
178 139 577 126 -8 -8 0
170 131 574 123 0 8 0
170 139 571 120 0 -8 0
170 131 568 117 -8 0 0
162 131 565 114 0 0 0
162 131 562 111 -8 8 0
154 139 559 108 0 0 0
154 139 556 105 0 -8 0
154 131 553 102 -8 8 0
146 139 550 99 0 8 0
146 147 547 96 0 -8 0
146 139 544 93 -8 8 0
138 147 541 90 0 0 0
138 147 538 87 -8 0 0
130 147 535 84 0 8 0
130 155 532 81 0 -8 0
130 147 529 78 -8 0 0
122 147 526 75 0 0 0
122 147 523 72 0 -8 0
122 139 520 69 -8 8 0
114 147 517 66 0 8 0
114 155 514 63 -8 -8 0
106 147 511 60 0 0 0
106 147 508 57 0 8 0
106 155 505 54 -8 0 0
98 155 502 51 0 -8 0
98 147 499 48 0 0 0
98 147 496 45 -8 -8 0
90 139 493 42 0 8 0
90 147 490 39 -8 -8 0
82 139 487 36 0 8 0
82 147 484 33 0 8 0
82 155 481 30 -8 0 0
74 155 478 27 0 0 0
74 155 475 24 0 -8 0
74 147 472 21 -8 -8 0
66 139 469 18 0 0 0
66 139 466 15 -8 8 0
60 147 463 12 0 -8 0
60 139 460 9 -8 -8 0
60 131 457 12 0 -8 0
60 123 454 15 0 -8 0
60 115 451 18 0 8 0
60 123 448 21 0 8 0
60 131 445 24 0 -8 0
60 123 442 27 0 8 0
60 131 439 30 0 8 0
60 139 436 33 0 0 0
60 139 433 36 0 0 0
60 139 430 39 0 -8 0
60 131 427 42 0 8 0
60 139 424 45 0 0 0
60 139 421 48 0 8 0
60 147 418 51 0 -8 0
60 139 415 54 0 8 0
60 147 412 57 0 -8 0
60 139 409 60 0 -8 0
60 131 406 63 0 8 0
60 139 403 66 0 8 0
60 147 400 69 0 8 0
60 155 397 72 0 0 0
60 155 394 75 0 -8 0
60 147 391 78 0 8 0
60 155 388 81 0 8 0
60 163 385 84 0 -8 0
60 155 382 87 0 -8 0
60 147 379 90 0 8 0
60 155 376 93 0 8 0
60 163 373 96 0 8 0
60 171 370 99 0 0 0
60 171 367 102 0 8 0
60 179 364 105 0 8 0
60 187 361 108 0 8 0
60 195 358 111 8 8 0
68 203 355 114 0 -8 0
68 195 352 117 0 0 0
68 195 349 120 8 0 0
76 195 346 123 0 8 0
76 203 343 126 0 8 0
76 211 340 129 8 0 0
84 211 337 132 0 0 0
84 211 334 135 8 8 0
92 219 331 138 0 8 0
92 227 328 141 0 -8 0
92 219 325 144 8 8 0
100 227 322 147 0 -8 0
100 219 319 150 0 8 0
100 227 316 153 8 0 0
108 227 313 156 0 0 0
108 227 310 159 8 8 0
116 235 307 162 0 8 0
116 243 304 165 0 0 0
116 243 301 168 8 -8 0
124 235 298 171 0 8 0
124 243 295 174 0 0 0
124 243 292 177 8 -8 0
132 235 289 180 0 -8 0
132 227 286 183 8 0 0
140 227 283 186 0 -8 0
140 219 280 189 0 0 0
140 219 277 192 8 8 0
148 227 274 195 0 -8 0
148 219 271 198 0 0 0
148 219 268 201 8 -8 0
156 211 265 204 0 8 0
156 219 262 207 8 8 0
164 227 259 210 0 0 0
164 227 256 213 0 0 0
164 227 253 216 8 0 0
172 227 250 219 0 -8 0
172 219 247 222 0 -8 0
172 211 244 225 8 -8 0
180 203 241 228 0 8 0
180 211 238 231 8 8 0
188 219 235 234 0 0 0
188 219 232 237 0 0 0
188 219 229 240 8 8 0
196 227 226 243 0 -8 0
196 219 223 246 0 8 0
196 227 220 249 8 0 0
204 227 217 252 0 8 0
204 235 214 255 8 -8 0
212 227 211 258 0 -8 0
212 219 208 261 0 -8 0
212 211 205 264 8 -8 0
220 203 202 267 0 0 0
220 203 199 270 0 8 0
220 211 196 273 8 -8 0
228 203 193 276 0 8 0
228 211 190 279 8 8 0
236 219 187 282 0 0 0
236 219 184 285 0 8 0
236 227 181 288 8 8 0
244 235 178 291 0 -8 0
244 227 175 294 0 0 0
244 227 172 297 8 -8 0
252 219 169 300 0 -8 0
252 211 166 303 8 8 0
260 219 163 306 0 8 0
260 227 160 309 0 -8 0
260 219 157 312 8 0 0
268 219 154 315 0 8 0
268 227 151 318 0 0 0
268 227 148 321 8 0 0
276 227 145 324 0 0 0
276 227 142 327 8 0 0
284 227 139 330 0 0 0
284 227 136 333 0 0 0
284 227 133 336 8 -8 0
292 219 130 339 0 -8 0
292 211 127 342 0 0 0
292 211 124 345 8 8 0
300 219 121 348 0 0 0
300 219 118 351 8 0 0
308 219 115 354 0 -8 0
308 211 112 357 0 0 0
308 211 109 360 8 -8 0
316 203 106 363 0 8 0
316 211 103 366 0 0 0
316 211 100 369 8 0 0
324 211 97 372 0 -8 0
324 203 94 375 8 8 0
332 211 91 378 0 8 0
332 219 88 381 0 0 0
332 219 85 384 8 -8 0
340 211 82 387 0 -8 0
340 203 79 390 0 0 0
340 203 76 393 8 0 0
348 203 73 396 0 -8 0
348 195 70 399 8 8 0
356 203 67 402 0 0 0
356 203 64 405 0 0 0
356 203 61 408 8 -8 0
364 195 58 411 0 0 0
364 195 55 414 0 -8 0
364 187 52 417 8 8 0
372 195 49 420 0 8 0
372 203 46 423 8 0 0
380 203 43 426 0 8 0
380 211 40 429 0 8 0
380 219 37 432 8 0 0
388 219 34 435 0 -8 0
388 211 31 438 0 -8 0
388 203 28 441 8 0 0
396 203 25 444 0 -8 0
396 195 22 447 8 -8 0
404 187 19 450 0 8 0
404 195 22 453 0 -8 0
404 187 25 456 8 -8 0
412 179 28 459 0 0 0
412 179 31 462 0 8 0
412 187 34 465 8 -8 0
420 179 37 468 0 0 0
420 179 40 471 8 0 0
428 179 43 474 0 8 0
428 187 46 477 0 0 0
428 187 49 480 8 0 0
436 187 52 483 0 0 0
436 187 55 486 0 0 0
436 187 58 489 8 0 0
444 187 61 492 0 8 0
444 195 64 495 8 -8 0
452 187 67 498 0 8 0
452 195 70 501 0 -8 0
452 187 73 504 8 0 0
460 187 76 507 0 0 0
460 187 79 510 0 -8 0
460 179 82 513 8 -8 0
468 171 85 516 0 -8 0
468 163 88 519 8 0 0
476 163 91 522 0 -8 0
476 155 94 525 0 8 0
476 163 97 528 8 -8 0
484 155 100 531 0 0 0
484 155 103 534 0 0 0
484 155 106 537 8 -8 0
492 147 109 540 0 8 0
492 155 112 543 8 0 0
500 155 115 546 0 0 0
500 155 118 549 0 8 0
500 163 121 552 8 -8 0
508 155 124 555 0 -8 0
508 147 127 558 0 -8 0
508 139 130 561 8 0 0
516 139 133 564 0 8 0
516 147 136 567 8 0 0
524 147 139 570 0 8 0
524 155 142 573 0 8 0
524 163 145 576 8 0 0
532 163 148 579 0 0 0
532 163 151 582 0 8 0
532 171 154 585 8 8 0
540 179 157 588 0 8 0
540 187 160 591 8 8 0
540 195 163 588 0 8 0
540 203 166 585 0 -8 0
540 195 169 582 0 0 0
540 195 172 579 0 8 0
540 203 175 576 0 -8 0
540 195 178 573 0 0 0
540 195 181 570 0 0 0
540 195 184 567 0 0 0
540 195 187 564 0 -8 0
540 187 190 561 0 0 0
540 187 193 558 0 -8 0
540 179 196 555 0 8 0
540 187 199 552 0 0 0
540 187 202 549 0 0 0
540 187 205 546 0 0 0
540 187 208 543 0 -8 0
540 179 211 540 0 8 0
540 187 214 537 0 8 0
540 195 217 534 0 0 0
540 195 220 531 0 8 0
540 203 223 528 0 8 0
540 211 226 525 0 8 0
540 219 229 522 0 8 0
540 227 232 519 0 8 0
540 235 235 516 0 0 0
540 235 238 513 0 8 0
540 243 241 510 0 0 0
540 243 244 507 0 0 0
540 243 247 504 0 0 0
540 243 250 501 0 0 0
540 243 253 498 0 0 0
540 243 256 495 0 0 0
540 243 259 492 0 0 0
540 243 262 489 -8 -8 0
532 235 265 486 0 8 0
532 243 268 483 0 8 0
532 251 271 480 -8 8 0
524 259 274 477 0 -8 0
524 251 277 474 0 8 0
524 259 280 471 -8 -8 0
516 251 283 468 0 0 0
516 251 286 465 -8 0 0
508 251 289 462 0 8 0
508 259 292 459 0 8 0
508 267 295 456 -8 0 0
500 267 298 453 0 0 0
500 267 301 450 0 8 0
500 275 304 447 -8 0 0
492 275 307 444 0 0 0
492 275 310 441 -8 8 0
484 283 313 438 0 8 0
484 291 316 435 0 0 0
484 291 319 432 -8 0 0
476 291 322 429 0 8 0
476 299 325 426 0 8 0
476 307 328 423 -8 8 0
468 315 331 420 0 8 0
468 323 334 417 -8 8 0
460 331 337 414 0 -8 0
460 323 340 411 0 0 0
460 323 343 408 -8 -8 0
452 315 346 405 0 0 0
452 315 349 402 0 -8 0
452 307 352 399 -8 -8 0
444 299 355 396 0 -8 0
444 291 358 393 -8 0 0
436 291 361 390 0 8 0
436 299 364 387 0 -8 0
436 291 367 384 -8 8 0
428 299 370 381 0 0 0
428 299 373 378 0 0 0
428 299 376 375 -8 0 0
420 299 379 372 0 8 0
420 307 382 369 -8 0 0
412 307 385 366 0 8 0
412 315 388 363 0 -8 0
412 307 391 360 -8 -8 0
404 299 394 357 0 -8 0
404 291 397 354 0 8 0
404 299 400 351 -8 -8 0
396 291 403 348 0 -8 0
396 283 406 345 -8 8 0
388 291 409 342 0 8 0
388 299 412 339 0 0 0
388 299 415 336 -8 8 0
380 307 418 333 0 0 0
380 307 421 330 0 0 0
380 307 424 327 -8 0 0
372 307 427 324 0 -8 0
372 299 430 321 -8 -8 0
364 291 433 318 0 0 0
364 291 436 315 0 0 0
364 291 439 312 -8 8 0
356 299 442 309 0 8 0
356 307 445 306 0 8 0
356 315 448 303 -8 0 0
348 315 451 300 0 8 0
348 323 454 297 -8 8 0
340 331 457 294 0 0 0
340 331 460 291 0 8 0
340 339 463 288 -8 8 0
332 347 466 285 0 0 0
332 347 469 282 0 0 0
332 347 472 279 -8 8 0
324 355 475 276 0 8 0
324 363 478 273 -8 0 0
316 363 481 270 0 8 0
316 371 484 267 0 8 0
316 379 487 264 -8 0 0
308 379 490 261 0 8 0
308 387 493 258 0 8 0
308 395 496 255 -8 0 0
300 395 499 252 0 -8 0
300 387 502 249 -8 0 0
292 387 505 246 0 -8 0
292 379 508 243 0 -8 0
292 371 511 240 -8 0 0
284 371 514 237 0 8 0
284 379 517 234 0 0 0
284 379 520 231 -8 8 0
276 387 523 228 0 -8 0
276 379 526 225 -8 8 0
268 387 529 222 0 -8 0
268 379 532 219 0 8 0
268 387 535 216 -8 0 0
260 387 538 213 0 -8 0
260 379 541 210 0 8 0
260 387 544 207 -8 0 0
252 387 547 204 0 8 0
252 395 550 201 -8 -8 0
244 387 553 198 0 8 0
244 395 556 195 0 8 0
244 403 559 192 -8 0 0
236 403 562 189 0 -8 0
236 395 565 186 0 -8 0
236 387 568 183 -8 8 0
228 395 571 180 0 8 0
228 403 574 177 -8 0 0
220 403 577 174 0 -8 0
220 395 580 171 0 8 0
220 403 583 168 -8 8 0
212 411 586 165 0 -8 0
212 403 589 162 0 0 0
212 403 592 159 -8 8 0
204 411 595 156 0 -8 0
204 403 598 153 -8 -8 0
196 395 601 150 0 0 0
196 395 604 147 0 8 0
196 403 607 144 -8 -8 0
188 395 610 141 0 -8 0
188 387 613 138 0 -8 0
188 379 616 135 -8 8 0
180 387 619 132 0 0 0
180 387 622 129 -8 8 0
172 395 625 126 0 -8 0
172 387 628 123 0 -8 0
172 379 631 120 -8 -8 0
164 371 634 117 0 0 0
164 371 637 114 0 -8 0
164 363 640 111 -8 -8 0
156 355 643 108 0 0 0
156 355 646 105 -8 -8 0
148 347 649 102 0 8 0
148 355 652 99 0 8 0
148 363 655 96 -8 -8 0
140 355 658 93 0 -8 0
140 347 661 90 0 0 0
140 347 664 87 -8 0 0
132 347 667 84 0 8 0
132 355 670 81 -8 -8 0
124 347 673 78 0 0 0
124 347 676 75 0 0 0
124 347 679 72 -8 8 0
116 355 682 69 0 8 0
116 363 685 66 0 0 0
116 363 688 63 -8 8 0
108 371 691 60 0 0 0
108 371 694 57 -8 -8 0
100 363 697 54 0 0 0
100 363 700 51 0 -8 0
100 355 703 48 -8 0 0
92 355 706 45 0 8 0
92 363 709 42 0 8 0
92 371 712 39 -8 0 0
84 371 715 36 0 8 0
84 379 718 33 -8 -8 0
76 371 721 30 0 0 0
76 371 724 27 0 0 0
76 371 727 24 -8 -8 0
68 363 730 21 0 0 0
68 363 733 18 0 0 0
68 363 736 15 -8 0 0
60 363 739 12 0 0 0
60 363 742 9 -8 -8 0
60 355 745 12 0 -8 0
60 347 748 15 0 -8 0
60 339 751 18 0 8 0
60 347 754 21 0 -8 0
60 339 757 24 0 8 0
60 347 760 27 0 -8 0
60 339 763 30 0 -8 0
60 331 766 33 0 0 0
60 331 769 36 0 0 0
60 331 772 39 0 8 0
60 339 775 42 0 0 0
60 339 778 45 0 8 0
60 347 781 48 0 0 1
60 347 781 48 0 0 1
60 347 781 48 0 0 1
60 347 781 48 0 0 1
60 347 781 48 0 0 1
