67 134 310 183 0 0 0
67 134 313 180 8 0 0
75 134 316 177 8 0 0
83 134 319 174 8 -8 0
91 126 322 171 8 8 0
99 134 325 168 8 -8 0
107 126 328 165 8 -8 0
115 118 331 162 0 -8 0
115 110 334 159 0 -8 0
115 102 337 156 0 8 0
115 110 340 153 0 0 0
115 110 343 150 0 8 0
115 118 346 147 0 8 0
115 126 349 144 0 0 0
115 126 352 141 0 8 0
115 134 355 138 0 -8 0
115 126 358 135 0 8 0
115 134 361 132 0 0 0
115 134 364 129 0 8 0
115 142 367 126 0 8 0
115 150 370 123 0 8 0
115 158 373 120 0 0 0
115 158 376 117 0 0 0
115 158 379 114 0 0 0
115 158 382 111 0 -8 0
115 150 385 108 0 8 0
115 158 388 105 0 -8 0
115 150 391 102 0 0 0
115 150 394 99 0 0 0
115 150 397 96 0 8 0
115 158 400 93 0 0 0
115 158 403 90 0 -8 0
115 150 406 87 0 8 0
115 158 409 84 0 8 0
115 166 412 81 0 8 0
115 174 415 78 0 8 0
115 182 418 75 0 8 0
115 190 421 72 0 0 0
115 190 424 69 0 0 0
115 190 427 66 0 8 0
115 198 430 63 -8 0 0
107 198 433 60 0 0 0
107 198 436 57 0 8 0
107 206 439 54 -8 8 0
99 214 442 51 0 8 0
99 222 445 48 -8 -8 0
91 214 448 45 0 -8 0
91 206 451 42 0 -8 0
91 198 454 39 -8 8 0
83 206 457 36 0 0 0
83 206 460 33 0 0 0
83 206 463 30 -8 0 0
75 206 466 27 0 -8 0
75 198 469 24 -8 8 0
67 206 472 21 0 -8 0
67 198 475 18 0 -8 0
67 190 478 15 -8 -8 0
60 182 481 12 0 0 0
60 182 484 9 -8 8 0
60 190 487 12 0 8 0
60 198 490 15 0 8 0
60 206 493 18 0 0 0
60 206 496 21 0 -8 0
60 198 499 24 0 -8 0
60 190 502 27 0 0 0
60 190 505 30 0 0 0
60 190 508 33 0 -8 0
60 182 511 36 0 0 0
60 182 514 39 0 0 0
60 182 517 42 0 8 0
60 190 520 45 0 0 0
60 190 523 48 0 0 0
60 190 526 51 0 8 0
60 198 529 54 0 -8 0
60 190 532 57 0 -8 0
60 182 535 60 0 -8 0
60 174 538 63 0 -8 0
60 166 541 66 0 0 0
60 166 544 69 0 8 0
60 174 547 72 0 8 0
60 182 550 75 0 8 0
60 190 553 78 0 0 0
60 190 556 81 0 -8 0
60 182 559 84 0 0 0
60 182 562 87 0 -8 0
60 174 565 90 0 -8 0
60 166 568 93 0 8 0
60 174 571 96 0 0 0
60 174 574 99 0 8 0
60 182 577 102 0 0 0
60 182 580 105 0 -8 0
60 174 583 108 0 -8 0
60 166 586 111 8 -8 0
68 158 589 114 0 0 0
68 158 592 117 0 0 0
68 158 595 120 8 -8 0
76 150 598 123 0 0 0
76 150 601 126 0 -8 0
76 142 604 129 8 -8 0
84 134 607 132 0 0 0
84 134 610 135 8 -8 0
92 126 613 138 0 -8 0
92 118 616 141 0 0 0
92 118 619 144 8 8 0
100 126 622 147 0 8 0
100 134 625 150 0 -8 0
100 126 628 153 8 -8 0
108 118 631 156 0 0 0
108 118 634 159 8 8 0
116 126 637 162 0 0 0
116 126 640 165 0 0 0
116 126 643 168 8 -8 0
124 118 646 171 0 8 0
124 126 649 174 0 0 0
124 126 652 177 8 -8 0
132 118 655 180 0 8 0
132 126 658 183 8 0 0
140 126 661 186 0 0 0
140 126 664 189 0 -8 0
140 118 667 192 8 -8 0
148 110 670 195 0 -8 0
148 102 673 198 0 -8 0
148 94 676 201 8 8 0
156 102 679 204 0 8 0
156 110 682 207 8 -8 0
164 102 685 210 0 0 0
164 102 688 213 0 -8 0
164 94 691 216 8 -8 0
172 86 694 219 0 0 0
172 86 697 222 0 8 0
172 94 700 225 8 8 0
180 102 703 228 0 8 0
180 110 706 231 8 0 0
188 110 709 234 0 0 0
188 110 712 237 0 0 0
188 110 715 240 8 0 0
196 110 718 243 0 -8 0
196 102 721 246 0 -8 0
196 94 724 249 8 0 0
204 94 727 252 0 -8 0
204 86 730 255 8 -8 0
212 78 733 258 0 0 0
212 78 736 261 0 0 0
212 78 739 264 8 -8 0
220 70 742 267 0 -8 0
220 62 745 270 0 0 0
220 62 748 273 8 0 0
228 62 751 276 0 8 0
228 70 754 279 8 -8 0
236 62 757 282 0 -8 0
236 60 760 285 0 8 0
236 68 763 288 8 8 0
244 76 766 291 0 -8 0
244 68 769 294 0 8 0
244 76 772 297 8 0 0
252 76 775 300 0 8 0
252 84 778 303 8 0 0
260 84 781 306 0 0 1
260 84 781 306 0 0 1
260 84 781 306 0 0 1
260 84 781 306 0 0 1
260 84 781 306 0 0 1
