492 503 517 165 0 0 0
492 503 520 162 -8 0 0
484 503 523 159 -8 8 0
476 511 526 156 -8 8 0
468 519 529 153 -8 -8 0
460 511 532 150 -8 8 0
452 519 535 147 -8 0 0
444 519 538 144 -8 8 0
436 527 541 141 -8 8 0
428 535 544 138 -8 8 0
420 540 547 135 -8 8 0
412 540 550 132 -8 0 0
404 540 553 129 -8 8 0
396 540 556 126 -8 0 0
388 540 559 123 -8 -8 0
380 532 562 120 -8 -8 0
372 524 565 117 -8 8 0
364 532 568 114 -8 8 0
356 540 571 111 -8 -8 0
348 532 574 108 -8 8 0
340 540 577 105 -8 8 0
332 540 580 102 -8 0 0
324 540 583 99 -8 -8 0
316 532 586 96 -8 -8 0
308 524 589 93 -8 8 0
300 532 592 90 -8 8 0
292 540 595 87 -8 0 0
284 540 598 84 -8 0 0
276 540 601 81 -8 8 0
268 540 604 78 -8 8 0
260 540 607 75 -8 0 0
252 540 610 72 -8 8 0
244 540 613 69 -8 8 0
236 540 616 66 -8 8 0
228 540 619 63 -8 0 0
220 540 622 60 -8 -8 0
212 532 625 57 -8 -8 0
204 524 628 54 -8 -8 0
196 516 631 51 -8 8 0
188 524 634 48 -8 -8 0
180 516 637 45 -8 8 0
172 524 640 42 -8 -8 0
164 516 643 39 -8 0 0
156 516 646 36 -8 8 0
148 524 649 33 -8 -8 0
140 516 652 30 -8 8 0
132 524 655 27 -8 8 0
124 532 658 24 -8 0 0
116 532 661 21 -8 0 0
108 532 664 18 -8 -8 0
100 524 667 15 -8 8 0
92 532 670 12 -8 0 0
84 532 673 9 -8 -8 0
76 524 676 12 -8 0 0
68 524 679 15 -8 8 0
60 532 682 18 0 -8 0
60 524 685 21 0 0 0
60 524 688 24 0 -8 0
60 516 691 27 0 8 0
60 524 694 30 0 8 0
60 532 697 33 0 0 0
60 532 700 36 0 8 0
60 540 703 39 0 8 0
60 540 706 42 0 0 0
60 540 709 45 0 -8 0
60 532 712 48 0 0 0
60 532 715 51 0 -8 0
60 524 718 54 0 -8 0
60 516 721 57 0 -8 0
60 508 724 60 0 0 0
60 508 727 63 0 -8 0
60 500 730 66 0 -8 0
60 492 733 69 0 0 0
60 492 736 72 0 -8 0
60 484 739 75 0 -8 0
60 476 742 78 0 8 0
60 484 745 81 0 8 0
60 492 748 84 0 0 0
60 492 751 87 0 0 0
60 492 754 90 0 0 0
60 492 757 93 0 -8 0
60 484 760 96 0 8 0
60 492 763 99 0 0 0
60 492 766 102 0 0 0
60 492 769 105 0 -8 0
60 484 772 108 0 0 0
60 484 775 111 8 0 0
68 484 778 114 0 0 0
68 484 781 117 0 0 1
68 484 781 117 0 0 1
68 484 781 117 0 0 1
68 484 781 117 0 0 1
68 484 781 117 0 0 1
