527 530 673 186 0 0 0
527 530 670 189 -8 8 0
519 538 667 192 -8 -8 0
511 530 664 195 -8 -8 0
503 522 661 198 -8 0 0
495 522 658 201 -8 -8 0
487 514 655 204 -8 -8 0
479 506 652 207 -8 0 0
471 506 649 210 -8 0 0
463 506 646 213 -8 8 0
455 514 643 216 -8 -8 0
447 506 640 219 -8 8 0
439 514 637 222 -8 -8 0
431 506 634 225 -8 0 0
423 506 631 228 -8 -8 0
415 498 628 231 -8 8 0
407 506 625 234 -8 8 0
399 514 622 237 -8 0 0
391 514 619 240 -8 -8 0
383 506 616 243 -8 -8 0
375 498 613 246 -8 0 0
367 498 610 249 -8 0 0
359 498 607 252 -8 -8 0
351 490 604 255 -8 0 0
343 490 601 258 -8 -8 0
335 482 598 261 -8 -8 0
327 474 595 264 -8 8 0
319 482 592 267 -8 -8 0
311 474 589 270 0 0 0
311 474 586 273 0 0 0
311 474 583 276 0 8 0
311 482 580 279 0 0 0
311 482 577 282 0 8 0
311 490 574 285 0 8 0
311 498 571 288 0 8 0
311 506 568 291 0 -8 0
311 498 565 294 0 8 0
311 506 562 297 0 0 0
311 506 559 300 0 8 0
311 514 556 303 0 8 0
311 522 553 306 0 0 0
311 522 550 309 0 0 0
311 522 547 312 0 0 0
311 522 544 315 0 -8 0
311 514 541 318 0 0 0
311 514 538 321 0 -8 0
311 506 535 324 0 -8 0
311 498 532 327 0 -8 0
311 490 529 330 0 -8 0
311 482 526 333 0 8 0
311 490 523 336 0 8 0
311 498 520 339 0 0 0
311 498 517 342 0 0 0
311 498 514 345 0 -8 0
311 490 511 348 0 8 0
311 498 508 351 0 -8 0
311 490 505 354 0 0 0
311 490 502 357 0 -8 0
311 482 499 360 0 0 0
311 482 496 363 8 0 0
319 482 493 366 0 0 0
319 482 490 369 0 8 0
319 490 487 372 8 -8 0
327 482 484 375 0 0 0
327 482 481 378 8 -8 0
335 474 478 381 0 8 0
335 482 475 384 0 0 0
335 482 472 387 8 0 0
343 482 469 390 0 0 0
343 482 466 393 0 0 0
343 482 463 396 8 -8 0
351 474 460 399 0 0 0
351 474 457 402 8 0 0
359 474 454 405 0 8 0
359 482 451 408 0 -8 0
359 474 448 411 8 -8 0
367 466 445 414 0 0 0
367 466 442 417 0 8 0
367 474 439 420 8 8 0
375 482 436 423 0 0 0
375 482 433 426 8 0 0
383 482 430 429 0 -8 0
383 474 427 432 0 -8 0
383 466 424 435 8 0 0
391 466 421 438 0 8 0
391 474 418 441 0 8 0
391 482 415 444 8 8 0
399 490 412 447 0 -8 0
399 482 409 450 8 -8 0
407 474 406 453 0 0 0
407 474 403 456 0 0 0
407 474 400 459 8 8 0
415 482 397 462 0 8 0
415 490 394 465 0 8 0
415 498 391 468 8 -8 0
423 490 388 471 0 -8 0
423 482 385 474 8 -8 0
431 474 382 477 0 0 0
431 474 379 480 0 0 0
431 474 376 483 8 8 0
439 482 373 486 0 8 0
439 490 370 489 0 -8 0
439 482 367 492 8 0 0
447 482 364 495 0 8 0
447 490 361 498 8 -8 0
455 482 358 501 0 0 0
455 482 355 504 0 8 0
455 490 352 507 8 8 0
463 498 349 510 0 8 0
463 506 346 513 0 8 0
463 514 343 516 8 -8 0
471 506 340 519 0 8 0
471 514 337 522 8 0 0
479 514 334 525 0 -8 0
479 506 331 528 0 0 0
479 506 328 531 8 0 0
487 506 325 534 0 -8 0
487 498 322 537 0 -8 0
487 490 319 540 8 0 0
495 490 316 543 0 0 0
495 490 313 546 8 -8 0
503 482 310 549 0 0 0
503 482 307 552 0 0 0
503 482 304 555 8 -8 0
511 474 301 558 0 8 0
511 482 298 561 0 -8 0
511 474 295 564 8 8 0
519 482 292 567 0 -8 0
519 474 289 570 8 0 0
527 474 286 573 0 -8 0
527 466 283 576 0 0 0
527 466 280 579 8 8 0
535 474 277 582 0 8 0
535 482 274 585 0 0 0
535 482 271 588 8 8 0
540 490 268 591 8 8 0
540 498 265 588 0 -8 0
540 490 262 585 0 -8 0
540 482 259 582 0 8 0
540 490 256 579 0 0 0
540 490 253 576 0 -8 0
540 482 250 573 0 0 0
540 482 247 570 0 0 0
540 482 244 567 0 8 0
540 490 241 564 0 0 0
540 490 238 561 0 8 0
540 498 235 558 0 -8 0
540 490 232 555 0 8 0
540 498 229 552 0 0 0
540 498 226 549 0 0 0
540 498 223 546 0 8 0
540 506 220 543 0 0 0
540 506 217 540 0 -8 0
540 498 214 537 0 8 0
540 506 211 534 0 8 0
540 514 208 531 0 -8 0
540 506 205 528 0 -8 0
540 498 202 525 0 8 0
540 506 199 522 0 -8 0
540 498 196 519 0 8 0
540 506 193 516 0 8 0
540 514 190 513 0 0 0
540 514 187 510 0 0 0
540 514 184 507 0 8 0
540 522 181 504 0 -8 0
540 514 178 501 0 8 0
540 522 175 498 0 0 0
540 522 172 495 0 -8 0
540 514 169 492 0 0 0
540 514 166 489 -8 -8 0
532 506 163 486 0 -8 0
532 498 160 483 0 8 0
532 506 157 480 -8 -8 0
524 498 154 477 0 0 0
524 498 151 474 0 -8 0
524 490 148 471 -8 0 0
516 490 145 468 0 8 0
516 498 142 465 -8 -8 0
508 490 139 462 0 8 0
508 498 136 459 0 0 0
508 498 133 456 -8 8 0
500 506 130 453 0 8 0
500 514 127 450 0 0 0
500 514 124 447 -8 8 0
492 522 121 444 0 -8 0
492 514 118 441 -8 -8 0
484 506 115 438 0 0 0
484 506 112 435 0 -8 0
484 498 109 432 -8 -8 0
476 490 106 429 0 8 0
476 498 103 426 0 0 0
476 498 100 423 -8 0 0
468 498 97 420 0 -8 0
468 490 94 417 -8 -8 0
460 482 91 414 0 0 0
460 482 88 411 0 8 0
460 490 85 408 -8 8 0
452 498 82 405 0 8 0
452 506 79 402 0 8 0
452 514 76 399 -8 -8 0
444 506 73 396 0 8 0
444 514 70 393 -8 8 0
436 522 67 390 0 8 0
436 530 64 387 0 -8 0
436 522 61 384 -8 8 0
428 530 58 381 0 0 0
428 530 55 378 0 -8 0
428 522 52 375 -8 0 0
420 522 49 372 0 8 0
420 530 46 369 -8 8 0
412 538 43 366 0 0 0
412 538 40 363 0 0 0
412 538 37 360 -8 0 0
404 538 34 357 0 0 0
404 538 31 354 0 0 0
404 538 28 351 -8 0 0
396 538 25 348 0 -8 0
396 530 22 345 -8 0 0
388 530 19 342 0 0 0
388 530 22 339 0 -8 0
388 522 25 336 -8 -8 0
380 514 28 333 0 8 0
380 522 31 330 0 -8 0
380 514 34 327 -8 -8 0
372 506 37 324 0 0 0
372 506 40 321 -8 0 0
364 506 43 318 0 -8 0
364 498 46 315 0 0 0
364 498 49 312 -8 -8 0
356 490 52 309 0 -8 0
356 482 55 306 0 8 0
356 490 58 303 -8 -8 0
348 482 61 300 0 0 0
348 482 64 297 -8 8 0
340 490 67 294 0 8 0
340 498 70 291 0 8 0
340 506 73 288 -8 8 0
332 514 76 285 0 -8 0
332 506 79 282 0 -8 0
332 498 82 279 -8 -8 0
324 490 85 276 0 -8 0
324 482 88 273 -8 -8 0
316 474 91 270 0 8 0
316 482 94 267 0 -8 0
316 474 97 264 -8 8 0
308 482 100 261 0 0 0
308 482 103 258 0 0 0
308 482 106 255 -8 8 0
300 490 109 252 0 8 0
300 498 112 249 -8 -8 0
292 490 115 246 0 0 0
292 490 118 243 0 0 0
292 490 121 240 -8 0 0
284 490 124 237 0 0 0
284 490 127 234 0 8 0
284 498 130 231 -8 0 0
276 498 133 228 0 0 0
276 498 136 225 -8 -8 0
268 490 139 222 0 8 0
268 498 142 219 0 0 0
268 498 145 216 -8 -8 0
260 490 148 213 0 -8 0
260 482 151 210 0 -8 0
260 474 154 207 -8 0 0
252 474 157 204 0 8 0
252 482 160 201 -8 0 0
244 482 163 198 0 0 0
244 482 166 195 0 -8 0
244 474 169 192 -8 0 0
236 474 172 189 0 -8 0
236 466 175 186 0 -8 0
236 458 178 183 -8 8 0
228 466 181 180 0 -8 0
228 458 184 177 -8 -8 0
220 450 187 174 0 -8 0
220 442 190 171 0 -8 0
220 434 193 168 -8 -8 0
212 426 196 165 0 8 0
212 434 199 162 0 -8 0
212 426 202 159 -8 0 0
204 426 205 156 0 0 0
204 426 208 153 -8 8 0
196 434 211 150 0 8 0
196 442 214 147 0 -8 0
196 434 217 144 -8 8 0
188 442 220 141 0 8 0
188 450 223 138 0 8 0
188 458 226 135 -8 -8 0
180 450 229 132 0 -8 0
180 442 232 129 -8 -8 0
172 434 235 126 0 8 0
172 442 238 123 0 8 0
172 450 241 120 -8 8 0
164 458 244 117 0 -8 0
164 450 247 114 0 0 0
164 450 250 111 -8 0 0
156 450 253 108 0 -8 0
156 442 256 105 -8 0 0
148 442 259 102 0 8 0
148 450 262 99 0 8 0
148 458 265 96 -8 0 0
140 458 268 93 0 0 0
140 458 271 90 0 0 0
140 458 274 87 -8 8 0
132 466 277 84 0 8 0
132 474 280 81 -8 8 0
124 482 283 78 0 8 0
124 490 286 75 0 -8 0
124 482 289 72 -8 8 0
116 490 292 69 0 0 0
116 490 295 66 0 -8 0
116 482 298 63 -8 -8 0
108 474 301 60 0 0 0
108 474 304 57 -8 0 0
100 474 307 54 0 8 0
100 482 310 51 0 -8 0
100 474 313 48 -8 0 0
92 474 316 45 0 0 0
92 474 319 42 0 -8 0
92 466 322 39 -8 8 0
84 474 325 36 0 8 0
84 482 328 33 -8 0 0
76 482 331 30 0 8 0
76 490 334 27 0 -8 0
76 482 337 24 -8 0 0
68 482 340 21 0 8 0
68 490 343 18 0 8 0
68 498 346 15 -8 0 0
60 498 349 12 0 -8 0
60 490 352 9 -8 -8 0
60 482 355 12 0 0 0
60 482 358 15 0 8 0
60 490 361 18 0 -8 0
60 482 364 21 0 -8 0
60 474 367 24 0 -8 0
60 466 370 27 0 0 0
60 466 373 30 0 -8 0
60 458 376 33 0 0 0
60 458 379 36 0 8 0
60 466 382 39 0 0 0
60 466 385 42 0 0 0
60 466 388 45 0 -8 0
60 458 391 48 0 8 0
60 466 394 51 0 -8 0
60 458 397 54 0 0 0
60 458 400 57 0 0 0
60 458 403 60 0 -8 0
60 450 406 63 0 0 0
60 450 409 66 0 -8 0
60 442 412 69 0 0 0
60 442 415 72 0 0 0
60 442 418 75 0 -8 0
60 434 421 78 0 8 0
60 442 424 81 0 -8 0
60 434 427 84 0 8 0
60 442 430 87 0 0 0
60 442 433 90 0 8 0
60 450 436 93 0 -8 0
60 442 439 96 0 8 0
60 450 442 99 0 -8 0
60 442 445 102 0 8 0
60 450 448 105 0 8 0
60 458 451 108 0 -8 0
60 450 454 111 8 8 0
68 458 457 114 0 -8 0
68 450 460 117 0 8 0
68 458 463 120 8 0 0
76 458 466 123 0 0 0
76 458 469 126 0 0 0
76 458 472 129 8 -8 0
84 450 475 132 0 8 0
84 458 478 135 8 8 0
92 466 481 138 0 0 0
92 466 484 141 0 0 0
92 466 487 144 8 -8 0
100 458 490 147 0 -8 0
100 450 493 150 0 0 0
100 450 496 153 8 0 0
108 450 499 156 0 -8 0
108 442 502 159 8 0 0
116 442 505 162 0 8 0
116 450 508 165 0 8 0
116 458 511 168 8 0 0
124 458 514 171 0 0 0
124 458 517 174 0 0 0
124 458 520 177 8 0 0
132 458 523 180 0 8 0
132 466 526 183 8 0 0
140 466 529 186 0 8 0
140 474 532 189 0 0 0
140 474 535 192 8 -8 0
148 466 538 195 0 8 0
148 474 541 198 0 0 0
148 474 544 201 8 8 0
156 482 547 204 0 0 0
156 482 550 207 8 -8 0
164 474 553 210 0 0 0
164 474 556 213 0 8 0
164 482 559 216 8 0 0
172 482 562 219 0 -8 0
172 474 565 222 0 -8 0
172 466 568 225 8 8 0
180 474 571 228 0 -8 0
180 466 574 231 8 -8 0
188 458 577 234 0 8 0
188 466 580 237 0 8 0
188 474 583 240 8 0 0
196 474 586 243 0 -8 0
196 466 589 246 0 -8 0
196 458 592 249 8 -8 0
204 450 595 252 0 8 0
204 458 598 255 8 -8 0
212 450 601 258 0 0 0
212 450 604 261 0 0 0
212 450 607 264 8 8 0
220 458 610 267 0 0 0
220 458 613 270 0 8 0
220 466 616 273 8 8 0
228 474 619 276 0 8 0
228 482 622 279 8 -8 0
236 474 625 282 0 -8 0
236 466 628 285 0 0 0
236 466 631 288 8 0 0
244 466 634 291 0 0 0
244 466 637 294 0 -8 0
244 458 640 297 8 0 0
252 458 643 300 0 8 0
252 466 646 303 8 -8 0
260 458 649 306 0 8 0
260 466 652 309 0 -8 0
260 458 655 312 8 -8 0
268 450 658 315 0 -8 0
268 442 661 318 0 8 0
268 450 664 321 8 0 0
276 450 667 324 0 8 0
276 458 670 327 8 -8 0
284 450 673 330 0 0 0
284 450 676 333 0 -8 0
284 442 679 336 8 -8 0
292 434 682 339 0 0 0
292 434 685 342 0 0 0
292 434 688 345 8 8 0
300 442 691 348 0 8 0
300 450 694 351 8 8 0
308 458 697 354 0 0 0
308 458 700 357 0 -8 0
308 450 703 360 8 8 0
316 458 706 363 0 0 0
316 458 709 366 0 -8 0
316 450 712 369 8 8 0
324 458 715 372 0 8 0
324 466 718 375 8 0 0
332 466 721 378 0 0 0
332 466 724 381 0 8 0
332 474 727 384 8 -8 0
340 466 730 387 0 8 0
340 474 733 390 0 0 0
340 474 736 393 8 0 0
348 474 739 396 0 8 0
348 482 742 399 8 8 0
356 490 745 402 0 -8 0
356 482 748 405 0 0 0
356 482 751 408 8 8 0
364 490 754 411 0 8 0
364 498 757 414 0 -8 0
364 490 760 417 8 0 0
372 490 763 420 0 8 0
372 498 766 423 8 8 0
380 506 769 426 0 8 0
380 514 772 429 0 0 0
380 514 775 432 8 8 0
388 522 778 435 0 -8 0
388 514 781 438 0 0 1
388 514 781 438 0 0 1
388 514 781 438 0 0 1
388 514 781 438 0 0 1
388 514 781 438 0 0 1
