72 434 178 471 0 0 0
72 434 175 474 8 8 0
80 442 172 477 8 8 0
88 450 169 480 8 0 0
96 450 166 483 8 8 0
104 458 163 486 8 8 0
112 466 160 489 8 -8 0
120 458 157 492 8 -8 0
128 450 154 495 8 8 0
136 458 151 498 8 0 0
144 458 148 501 8 -8 0
152 450 145 504 8 8 0
160 458 142 507 8 8 0
168 466 139 510 8 8 0
176 474 136 513 8 -8 0
184 466 133 516 8 0 0
192 466 130 519 8 -8 0
200 458 127 522 8 8 0
208 466 124 525 8 0 0
216 466 121 528 8 8 0
224 474 118 531 8 0 0
232 474 115 534 8 8 0
240 482 112 537 8 8 0
248 490 109 540 8 0 0
256 490 106 543 8 0 0
264 490 103 546 8 0 0
272 490 100 549 8 8 0
280 498 97 552 8 8 0
288 506 94 555 8 8 0
296 514 91 558 8 0 0
304 514 88 561 8 8 0
312 522 85 564 8 8 0
320 530 82 567 8 8 0
328 538 79 570 8 0 0
336 538 76 573 8 0 0
344 538 73 576 8 -8 0
352 530 70 579 8 -8 0
360 522 67 582 8 0 0
368 522 64 585 8 8 0
376 530 61 588 8 0 0
384 530 58 591 8 8 0
392 538 55 588 8 8 0
400 540 52 585 8 8 0
408 540 49 582 8 0 0
416 540 46 579 8 8 0
424 540 43 576 8 8 0
432 540 40 573 8 -8 0
440 532 37 570 8 8 0
448 540 34 567 8 0 0
456 540 31 564 8 -8 0
464 532 28 561 8 -8 0
472 524 25 558 8 8 0
480 532 22 555 8 8 0
488 540 19 552 0 0 1
488 540 19 552 0 0 1
488 540 19 552 0 0 1
488 540 19 552 0 0 1
488 540 19 552 0 0 1
