234 243 556 405 0 0 0
234 243 559 408 8 8 0
242 251 562 411 8 -8 0
250 243 565 414 8 8 0
258 251 568 417 8 0 0
266 251 571 420 8 -8 0
274 243 574 423 8 -8 0
282 235 577 426 8 8 0
290 243 580 429 8 8 0
298 251 583 432 8 0 0
306 251 586 435 8 -8 0
314 243 589 438 8 0 0
322 243 592 441 8 0 0
330 243 595 444 8 -8 0
338 235 598 447 8 8 0
346 243 601 450 8 8 0
354 251 604 453 8 8 0
362 259 607 456 8 8 0
370 267 610 459 8 -8 0
378 259 613 462 8 0 0
386 259 616 465 8 -8 0
394 251 619 468 8 0 0
402 251 622 471 8 -8 0
410 243 625 474 8 0 0
418 243 628 477 8 -8 0
426 235 631 480 8 -8 0
434 227 634 483 0 0 0
434 227 637 486 8 0 0
442 227 640 489 0 8 0
442 235 643 492 0 -8 0
442 227 646 495 8 0 0
450 227 649 498 0 0 0
450 227 652 501 8 -8 0
458 219 655 504 0 0 0
458 219 658 507 0 8 0
458 227 661 510 8 -8 0
466 219 664 513 0 0 0
466 219 667 516 0 -8 0
466 211 670 519 8 8 0
474 219 673 522 0 0 0
474 219 676 525 8 8 0
482 227 679 528 0 0 0
482 227 682 531 0 8 0
482 235 685 534 8 0 0
490 235 688 537 0 8 0
490 243 691 540 0 8 0
490 251 694 543 8 0 0
498 251 697 546 0 -8 0
498 243 700 549 8 8 0
506 251 703 552 0 8 0
506 259 706 555 0 -8 0
506 251 709 558 8 0 0
514 251 712 561 0 0 0
514 251 715 564 0 0 0
514 251 718 567 8 8 0
522 259 721 570 0 -8 0
522 251 724 573 8 8 0
530 259 727 576 0 8 0
530 267 730 579 0 0 0
530 267 733 582 8 -8 0
538 259 736 585 0 8 0
538 267 739 588 0 0 0
538 267 742 591 8 0 0
540 267 745 588 0 8 0
540 275 748 585 0 -8 0
540 267 751 582 0 8 0
540 275 754 579 0 -8 0
540 267 757 576 0 8 0
540 275 760 573 0 -8 0
540 267 763 570 0 0 0
540 267 766 567 0 -8 0
540 259 769 564 0 0 0
540 259 772 561 0 -8 0
540 251 775 558 0 0 0
540 251 778 555 0 8 0
540 259 781 552 0 0 1
540 259 781 552 0 0 1
540 259 781 552 0 0 1
540 259 781 552 0 0 1
540 259 781 552 0 0 1
