265 495 400 363 0 0 0
265 495 397 360 8 0 0
273 495 394 357 8 -8 0
281 487 391 354 8 8 0
289 495 388 351 8 -8 0
297 487 385 348 8 -8 0
305 479 382 345 0 -8 0
305 471 379 342 0 8 0
305 479 376 339 0 0 0
305 479 373 336 0 0 0
305 479 370 333 0 8 0
305 487 367 330 0 -8 0
305 479 364 327 0 -8 0
305 471 361 324 0 -8 0
305 463 358 321 0 -8 0
305 455 355 318 0 -8 0
305 447 352 315 0 0 0
305 447 349 312 0 8 0
305 455 346 309 0 8 0
305 463 343 306 0 8 0
305 471 340 303 0 8 0
305 479 337 300 0 -8 0
305 471 334 297 0 -8 0
305 463 331 294 0 -8 0
305 455 328 291 0 -8 0
305 447 325 288 0 -8 0
305 439 322 285 0 -8 0
305 431 319 282 0 0 0
305 431 316 279 0 -8 0
305 423 313 276 0 8 0
305 431 310 273 0 -8 0
305 423 307 270 0 0 0
305 423 304 267 0 8 0
305 431 301 264 0 -8 0
305 423 298 261 0 -8 0
305 415 295 258 0 -8 0
305 407 292 255 0 -8 0
305 399 289 252 -8 -8 0
297 391 286 249 0 8 0
297 399 283 246 -8 -8 0
289 391 280 243 0 -8 0
289 383 277 240 0 -8 0
289 375 274 237 -8 8 0
281 383 271 234 0 -8 0
281 375 268 231 0 -8 0
281 367 265 228 -8 0 0
273 367 262 225 0 0 0
273 367 259 222 -8 0 0
265 367 256 219 0 8 0
265 375 253 216 0 8 0
265 383 250 213 -8 -8 0
257 375 247 210 0 -8 0
257 367 244 207 0 0 0
257 367 241 204 -8 8 0
249 375 238 201 0 -8 0
249 367 235 198 -8 0 0
241 367 232 195 0 -8 0
241 359 229 192 0 8 0
241 367 226 189 -8 8 0
233 375 223 186 0 -8 0
233 367 220 183 0 -8 0
233 359 217 180 -8 0 0
225 359 214 177 0 0 0
225 359 211 174 -8 0 0
217 359 208 171 0 -8 0
217 351 205 168 0 8 0
217 359 202 165 -8 8 0
209 367 199 162 0 -8 0
209 359 196 159 0 8 0
209 367 193 156 -8 -8 0
201 359 190 153 0 0 0
201 359 187 150 -8 8 0
193 367 184 147 0 0 0
193 367 181 144 0 0 0
193 367 178 141 -8 -8 0
185 359 175 138 0 8 0
185 367 172 135 0 -8 0
185 359 169 132 -8 0 0
177 359 166 129 0 0 0
177 359 163 126 -8 -8 0
169 351 160 123 0 8 0
169 359 157 120 0 8 0
169 367 154 117 -8 8 0
161 375 151 114 0 8 0
161 383 148 111 0 8 0
161 391 145 108 -8 8 0
153 399 142 105 0 -8 0
153 391 139 102 -8 0 0
145 391 136 99 0 8 0
145 399 133 96 0 0 0
145 399 130 93 -8 0 0
137 399 127 90 0 -8 0
137 391 124 87 0 8 0
137 399 121 84 -8 0 0
129 399 118 81 0 0 0
129 399 115 78 -8 -8 0
121 391 112 75 0 0 0
121 391 109 72 0 -8 0
121 383 106 69 -8 8 0
113 391 103 66 0 8 0
113 399 100 63 0 -8 0
113 391 97 60 -8 8 0
105 399 94 57 0 0 0
105 399 91 54 -8 -8 0
97 391 88 51 0 8 0
97 399 85 48 0 0 0
97 399 82 45 -8 0 0
89 399 79 42 0 8 0
89 407 76 39 0 8 0
89 415 73 36 -8 -8 0
81 407 70 33 0 -8 0
81 399 67 30 -8 0 0
73 399 64 27 0 0 0
73 399 61 24 0 -8 0
73 391 58 21 -8 -8 0
65 383 55 18 0 -8 0
65 375 52 15 0 0 0
65 375 49 12 -8 8 0
60 383 46 9 -8 8 0
60 391 43 12 0 0 0
60 391 40 15 0 8 0
60 399 37 18 0 -8 0
60 391 34 21 0 0 0
60 391 31 24 0 8 0
60 399 28 27 0 8 0
60 407 25 30 0 8 0
60 415 22 33 0 0 0
60 415 19 36 0 0 0
60 415 22 39 0 -8 0
60 407 25 42 0 0 0
60 407 28 45 0 -8 0
60 399 31 48 0 8 0
60 407 34 51 0 -8 0
60 399 37 54 0 8 0
60 407 40 57 0 -8 0
60 399 43 60 0 8 0
60 407 46 63 0 -8 0
60 399 49 66 0 -8 0
60 391 52 69 0 -8 0
60 383 55 72 0 0 0
60 383 58 75 0 8 0
60 391 61 78 0 8 0
60 399 64 81 0 8 0
60 407 67 84 0 0 0
60 407 70 87 0 0 0
60 407 73 90 0 0 0
60 407 76 93 0 8 0
60 415 79 96 0 8 0
60 423 82 99 0 8 0
60 431 85 102 0 -8 0
60 423 88 105 0 8 0
60 431 91 108 0 8 0
60 439 94 111 8 -8 0
68 431 97 114 0 -8 0
68 423 100 117 0 0 0
68 423 103 120 8 0 0
76 423 106 123 0 0 0
76 423 109 126 0 8 0
76 431 112 129 8 0 0
84 431 115 132 0 8 0
84 439 118 135 8 -8 0
92 431 121 138 0 8 0
92 439 124 141 0 0 0
92 439 127 144 8 0 0
100 439 130 147 0 -8 0
100 431 133 150 0 0 0
100 431 136 153 8 0 0
108 431 139 156 0 -8 0
108 423 142 159 8 -8 0
116 415 145 162 0 0 0
116 415 148 165 0 -8 0
116 407 151 168 8 -8 0
124 399 154 171 0 -8 0
124 391 157 174 0 0 0
124 391 160 177 8 -8 0
132 383 163 180 0 0 0
132 383 166 183 8 -8 0
140 375 169 186 0 0 0
140 375 172 189 0 0 0
140 375 175 192 8 0 0
148 375 178 195 0 -8 0
148 367 181 198 0 -8 0
148 359 184 201 8 0 0
156 359 187 204 0 8 0
156 367 190 207 8 -8 0
164 359 193 210 0 0 0
164 359 196 213 0 0 0
164 359 199 216 8 8 0
172 367 202 219 0 0 0
172 367 205 222 0 0 0
172 367 208 225 8 -8 0
180 359 211 228 0 -8 0
180 351 214 231 8 8 0
188 359 217 234 0 -8 0
188 351 220 237 0 -8 0
188 343 223 240 8 8 0
196 351 226 243 0 0 0
196 351 229 246 0 -8 0
196 343 232 249 8 8 0
204 351 235 252 0 0 0
204 351 238 255 8 -8 0
212 343 241 258 0 8 0
212 351 244 261 0 0 0
212 351 247 264 8 -8 0
220 343 250 267 0 0 0
220 343 253 270 0 -8 0
220 335 256 273 8 8 0
228 343 259 276 0 0 0
228 343 262 279 8 -8 0
236 335 265 282 0 8 0
236 343 268 285 0 -8 0
236 335 271 288 8 8 0
244 343 274 291 0 -8 0
244 335 277 294 0 -8 0
244 327 280 297 8 -8 0
252 319 283 300 0 8 0
252 327 286 303 8 8 0
260 335 289 306 0 0 0
260 335 292 309 0 -8 0
260 327 295 312 8 -8 0
268 319 298 315 0 0 0
268 319 301 318 0 8 0
268 327 304 321 8 -8 0
276 319 307 324 0 0 0
276 319 310 327 8 -8 0
284 311 313 330 0 -8 0
284 303 316 333 0 8 0
284 311 319 336 8 -8 0
292 303 322 339 0 -8 0
292 295 325 342 0 8 0
292 303 328 345 8 -8 0
300 295 331 348 0 0 0
300 295 334 351 8 8 0
308 303 337 354 0 8 0
308 311 340 357 0 -8 0
308 303 343 360 8 8 0
316 311 346 363 0 -8 0
316 303 349 366 0 0 0
316 303 352 369 8 8 0
324 311 355 372 0 -8 0
324 303 358 375 8 0 0
332 303 361 378 0 0 0
332 303 364 381 0 8 0
332 311 367 384 8 -8 0
340 303 370 387 0 0 0
340 303 373 390 0 -8 0
340 295 376 393 8 8 0
348 303 379 396 0 8 0
348 311 382 399 8 0 0
356 311 385 402 0 8 0
356 319 388 405 0 -8 0
356 311 391 408 8 0 0
364 311 394 411 0 -8 0
364 303 397 414 0 0 0
364 303 400 417 8 -8 0
372 295 403 420 0 8 0
372 303 406 423 8 -8 0
380 295 409 426 0 -8 0
380 287 412 429 0 8 0
380 295 415 432 8 8 0
388 303 418 435 0 8 0
388 311 421 438 0 8 0
388 319 424 441 8 -8 0
396 311 427 444 0 0 0
396 311 430 447 8 0 0
404 311 433 450 0 0 0
404 311 436 453 0 -8 0
404 303 439 456 8 8 0
412 311 442 459 0 0 0
412 311 445 462 0 -8 0
412 303 448 465 8 0 0
420 303 451 468 0 8 0
420 311 454 471 8 0 0
428 311 457 474 0 8 0
428 319 460 477 0 -8 0
428 311 463 480 8 0 0
436 311 466 483 0 8 0
436 319 469 486 0 -8 0
436 311 472 489 8 -8 0
444 303 475 492 0 -8 0
444 295 478 495 8 8 0
452 303 481 498 0 8 0
452 311 484 501 0 -8 0
452 303 487 504 8 -8 0
460 295 490 507 0 0 0
460 295 493 510 0 8 0
460 303 496 513 8 0 0
468 303 499 516 0 8 0
468 311 502 519 8 0 0
476 311 505 522 0 8 0
476 319 508 525 0 8 0
476 327 511 528 8 0 0
484 327 514 531 0 -8 0
484 319 517 534 0 -8 0
484 311 520 537 8 0 0
492 311 523 540 0 -8 0
492 303 526 543 8 -8 0
500 295 529 546 0 0 0
500 295 532 549 0 -8 0
500 287 535 552 8 0 0
508 287 538 555 0 -8 0
508 279 541 558 0 8 0
508 287 544 561 8 -8 0
516 279 547 564 0 0 0
516 279 550 567 8 -8 0
524 271 553 570 0 -8 0
524 263 556 573 0 0 0
524 263 559 576 8 8 0
532 271 562 579 0 -8 0
532 263 565 582 0 0 0
532 263 568 585 8 8 0
540 271 571 588 0 8 0
540 279 574 591 8 8 0
540 287 577 588 0 8 0
540 295 580 585 0 0 0
540 295 583 582 0 -8 0
540 287 586 579 0 0 0
540 287 589 576 0 -8 0
540 279 592 573 0 -8 0
540 271 595 570 0 -8 0
540 263 598 567 0 -8 0
540 255 601 564 0 -8 0
540 247 604 561 0 -8 0
540 239 607 558 0 8 0
540 247 610 555 0 8 0
540 255 613 552 0 8 0
540 263 616 549 0 8 0
540 271 619 546 0 -8 0
540 263 622 543 0 -8 0
540 255 625 540 0 8 0
540 263 628 537 0 -8 0
540 255 631 534 0 8 0
540 263 634 531 0 0 0
540 263 637 528 0 8 0
540 271 640 525 0 -8 0
540 263 643 522 0 0 0
540 263 646 519 0 -8 0
540 255 649 516 0 -8 0
540 247 652 513 0 8 0
540 255 655 510 0 0 0
540 255 658 507 0 -8 0
540 247 661 504 0 8 0
540 255 664 501 0 0 0
540 255 667 498 0 -8 0
540 247 670 495 0 8 0
540 255 673 492 0 0 0
540 255 676 489 -8 -8 0
532 247 679 486 0 0 0
532 247 682 483 0 0 0
532 247 685 480 -8 8 0
524 255 688 477 0 -8 0
524 247 691 474 0 8 0
524 255 694 471 -8 8 0
516 263 697 468 0 8 0
516 271 700 465 -8 8 0
508 279 703 462 0 0 0
508 279 706 459 0 -8 0
508 271 709 456 -8 8 0
500 279 712 453 0 0 0
500 279 715 450 0 -8 0
500 271 718 447 -8 -8 0
492 263 721 444 0 8 0
492 271 724 441 -8 0 0
484 271 727 438 0 -8 0
484 263 730 435 0 8 0
484 271 733 432 -8 8 0
476 279 736 429 0 8 0
476 287 739 426 0 8 0
476 295 742 423 -8 0 0
468 295 745 420 0 0 0
468 295 748 417 -8 0 0
460 295 751 414 0 8 0
460 303 754 411 0 -8 0
460 295 757 408 -8 -8 0
452 287 760 405 0 -8 0
452 279 763 402 0 -8 0
452 271 766 399 -8 8 0
444 279 769 396 0 -8 0
444 271 772 393 -8 8 0
436 279 775 390 0 8 0
436 287 778 387 0 -8 0
436 279 781 384 0 0 1
436 279 781 384 0 0 1
436 279 781 384 0 0 1
436 279 781 384 0 0 1
436 279 781 384 0 0 1
