416 115 367 222 0 0 0
416 115 364 225 -8 8 0
408 123 361 228 -8 -8 0
400 115 358 231 -8 0 0
392 115 355 234 -8 8 0
384 123 352 237 -8 -8 0
376 115 349 240 -8 8 0
368 123 346 243 -8 0 0
360 123 343 246 -8 8 0
352 131 340 249 -8 -8 0
344 123 337 252 -8 -8 0
336 115 334 255 -8 8 0
328 123 331 258 -8 8 0
320 131 328 261 -8 0 0
312 131 325 264 0 -8 0
312 123 322 267 0 -8 0
312 115 319 270 0 8 0
312 123 316 273 0 8 0
312 131 313 276 0 0 0
312 131 310 279 0 0 0
312 131 307 282 0 0 0
312 131 304 285 0 0 0
312 131 301 288 0 -8 0
312 123 298 291 0 -8 0
312 115 295 294 0 0 0
312 115 292 297 0 8 0
312 123 289 300 0 8 0
312 131 286 303 0 0 0
312 131 283 306 0 8 0
312 139 280 309 0 8 0
312 147 277 312 0 8 0
312 155 274 315 0 0 0
312 155 271 318 0 0 0
312 155 268 321 0 0 0
312 155 265 324 0 8 0
312 163 262 327 0 8 0
312 171 259 330 0 -8 0
312 163 256 333 0 8 0
312 171 253 336 0 0 0
312 171 250 339 0 8 0
312 179 247 342 0 -8 0
312 171 244 345 0 -8 0
312 163 241 348 0 8 0
312 171 238 351 0 0 0
312 171 235 354 0 -8 0
312 163 232 357 0 -8 0
312 155 229 360 0 8 0
312 163 226 363 8 0 0
320 163 223 366 0 0 0
320 163 220 369 0 -8 0
320 155 217 372 8 -8 0
328 147 214 375 0 0 0
328 147 211 378 0 0 0
328 147 208 381 8 8 0
336 155 205 384 0 -8 0
336 147 202 387 8 -8 0
344 139 199 390 0 -8 0
344 131 196 393 0 0 0
344 131 193 396 8 8 0
352 139 190 399 0 0 0
352 139 187 402 0 0 0
352 139 184 405 8 0 0
360 139 181 408 0 0 0
360 139 178 411 8 0 0
368 139 175 414 0 0 0
368 139 172 417 0 0 0
368 139 169 420 8 0 0
376 139 166 423 0 0 0
376 139 163 426 0 8 0
376 147 160 429 8 0 0
384 147 157 432 0 -8 0
384 139 154 435 8 8 0
392 147 151 438 0 8 0
392 155 148 441 0 0 0
392 155 145 444 8 8 0
400 163 142 447 0 8 0
400 171 139 450 0 -8 0
400 163 136 453 8 0 0
408 163 133 456 0 0 0
408 163 130 459 8 -8 0
416 155 127 462 0 8 0
416 163 124 465 0 -8 0
416 155 121 468 8 8 0
424 163 118 471 0 -8 0
424 155 115 474 0 0 0
424 155 112 477 8 0 0
432 155 109 480 0 8 0
432 163 106 483 8 -8 0
440 155 103 486 0 0 0
440 155 100 489 0 0 0
440 155 97 492 8 0 0
448 155 94 495 0 -8 0
448 147 91 498 0 -8 0
448 139 88 501 8 8 0
456 147 85 504 0 8 0
456 155 82 507 8 -8 0
464 147 79 510 0 -8 0
464 139 76 513 0 0 0
464 139 73 516 8 0 0
472 139 70 519 0 -8 0
472 131 67 522 0 -8 0
472 123 64 525 8 0 0
480 123 61 528 0 -8 0
480 115 58 531 8 8 0
488 123 55 534 0 0 0
488 123 52 537 0 8 0
488 131 49 540 8 -8 0
496 123 46 543 0 -8 0
496 115 43 546 0 -8 0
496 107 40 549 8 0 0
504 107 37 552 0 -8 0
504 99 34 555 8 0 0
512 99 31 558 0 8 0
512 107 28 561 0 -8 0
512 99 25 564 8 -8 0
520 91 22 567 0 -8 0
520 83 19 570 0 8 0
520 91 22 573 8 8 0
528 99 25 576 0 8 0
528 107 28 579 8 -8 0
536 99 31 582 0 0 0
536 99 34 585 0 -8 0
536 91 37 588 8 -8 0
540 83 40 591 8 -8 0
540 75 43 588 0 8 0
540 83 46 585 0 -8 0
540 75 49 582 0 0 0
540 75 52 579 0 8 0
540 83 55 576 0 8 0
540 91 58 573 0 0 0
540 91 61 570 0 0 0
540 91 64 567 0 0 0
540 91 67 564 0 0 0
540 91 70 561 0 -8 0
540 83 73 558 0 8 0
540 91 76 555 0 -8 0
540 83 79 552 0 8 0
540 91 82 549 0 -8 0
540 83 85 546 0 8 0
540 91 88 543 0 8 0
540 99 91 540 0 8 0
540 107 94 537 0 8 0
540 115 97 534 0 -8 0
540 107 100 531 0 8 0
540 115 103 528 0 8 0
540 123 106 525 0 8 0
540 131 109 522 0 -8 0
540 123 112 519 0 0 0
540 123 115 516 0 0 0
540 123 118 513 0 -8 0
540 115 121 510 0 8 0
540 123 124 507 0 -8 0
540 115 127 504 0 -8 0
540 107 130 501 0 8 0
540 115 133 498 0 -8 0
540 107 136 495 0 -8 0
540 99 139 492 0 0 0
540 99 142 489 -8 -8 0
532 91 145 486 0 0 0
532 91 148 483 0 -8 0
532 83 151 480 -8 8 0
524 91 154 477 0 -8 0
524 83 157 474 0 -8 0
524 75 160 471 -8 -8 0
516 67 163 468 0 0 0
516 67 166 465 -8 8 0
508 75 169 462 0 8 0
508 83 172 459 0 0 0
508 83 175 456 -8 0 0
500 83 178 453 0 -8 0
500 75 181 450 0 0 0
500 75 184 447 -8 8 0
492 83 187 444 0 -8 0
492 75 190 441 -8 8 0
484 83 193 438 0 -8 0
484 75 196 435 0 0 0
484 75 199 432 -8 8 0
476 83 202 429 0 0 0
476 83 205 426 0 8 0
476 91 208 423 -8 0 0
468 91 211 420 0 8 0
468 99 214 417 -8 0 0
460 99 217 414 0 0 0
460 99 220 411 0 -8 0
460 91 223 408 -8 8 0
452 99 226 405 0 -8 0
452 91 229 402 0 -8 0
452 83 232 399 -8 0 0
444 83 235 396 0 8 0
444 91 238 393 -8 -8 0
436 83 241 390 0 -8 0
436 75 244 387 0 -8 0
436 67 247 384 -8 8 0
428 75 250 381 0 0 0
428 75 253 378 0 8 0
428 83 256 375 -8 0 0
420 83 259 372 0 -8 0
420 75 262 369 -8 0 0
412 75 265 366 0 8 0
412 83 268 363 0 -8 0
412 75 271 360 -8 0 0
404 75 274 357 0 8 0
404 83 277 354 0 0 0
404 83 280 351 -8 -8 0
396 75 283 348 0 0 0
396 75 286 345 -8 0 0
388 75 289 342 0 8 0
388 83 292 339 0 0 0
388 83 295 336 -8 0 0
380 83 298 333 0 8 0
380 91 301 330 0 8 0
380 99 304 327 -8 8 0
372 107 307 324 0 0 0
372 107 310 321 -8 -8 0
364 99 313 318 0 0 0
364 99 316 315 0 0 0
364 99 319 312 -8 8 0
356 107 322 309 0 0 0
356 107 325 306 0 0 0
356 107 328 303 -8 0 0
348 107 331 300 0 8 0
348 115 334 297 -8 8 0
340 123 337 294 0 0 0
340 123 340 291 0 8 0
340 131 343 288 -8 8 0
332 139 346 285 0 8 0
332 147 349 282 0 8 0
332 155 352 279 -8 0 0
324 155 355 276 0 -8 0
324 147 358 273 -8 -8 0
316 139 361 270 0 0 0
316 139 364 267 0 -8 0
316 131 367 264 -8 8 0
308 139 370 261 0 8 0
308 147 373 258 0 8 0
308 155 376 255 -8 0 0
300 155 379 252 0 -8 0
300 147 382 249 -8 0 0
292 147 385 246 0 -8 0
292 139 388 243 0 0 0
292 139 391 240 -8 -8 0
284 131 394 237 0 0 0
284 131 397 234 0 0 0
284 131 400 231 -8 8 0
276 139 403 228 0 8 0
276 147 406 225 -8 8 0
268 155 409 222 0 8 0
268 163 412 219 0 0 0
268 163 415 216 -8 -8 0
260 155 418 213 0 0 0
260 155 421 210 0 -8 0
260 147 424 207 -8 8 0
252 155 427 204 0 -8 0
252 147 430 201 -8 8 0
244 155 433 198 0 -8 0
244 147 436 195 0 0 0
244 147 439 192 -8 8 0
236 155 442 189 0 0 0
236 155 445 186 0 -8 0
236 147 448 183 -8 8 0
228 155 451 180 0 -8 0
228 147 454 177 -8 8 0
220 155 457 174 0 8 0
220 163 460 171 0 8 0
220 171 463 168 -8 0 0
212 171 466 165 0 0 0
212 171 469 162 0 8 0
212 179 472 159 -8 -8 0
204 171 475 156 0 8 0
204 179 478 153 -8 -8 0
196 171 481 150 0 0 0
196 171 484 147 0 0 0
196 171 487 144 -8 0 0
188 171 490 141 0 0 0
188 171 493 138 0 0 0
188 171 496 135 -8 0 0
180 171 499 132 0 8 0
180 179 502 129 -8 0 0
172 179 505 126 0 8 0
172 187 508 123 0 0 0
172 187 511 120 -8 -8 0
164 179 514 117 0 0 0
164 179 517 114 0 0 0
164 179 520 111 -8 0 0
156 179 523 108 0 8 0
156 187 526 105 -8 8 0
148 195 529 102 0 -8 0
148 187 532 99 0 8 0
148 195 535 96 -8 8 0
140 203 538 93 0 8 0
140 211 541 90 0 0 0
140 211 544 87 -8 -8 0
132 203 547 84 0 -8 0
132 195 550 81 -8 -8 0
124 187 553 78 0 -8 0
124 179 556 75 0 8 0
124 187 559 72 -8 0 0
116 187 562 69 0 -8 0
116 179 565 66 0 -8 0
116 171 568 63 -8 -8 0
108 163 571 60 0 8 0
108 171 574 57 -8 8 0
100 179 577 54 0 -8 0
100 171 580 51 0 8 0
100 179 583 48 -8 0 0
92 179 586 45 0 0 0
92 179 589 42 0 0 0
92 179 592 39 -8 8 0
84 187 595 36 0 -8 0
84 179 598 33 -8 0 0
76 179 601 30 0 -8 0
76 171 604 27 0 8 0
76 179 607 24 -8 -8 0
68 171 610 21 0 -8 0
68 163 613 18 0 8 0
68 171 616 15 -8 0 0
60 171 619 12 0 -8 0
60 163 622 9 -8 0 0
60 163 625 12 0 8 0
60 171 628 15 0 -8 0
60 163 631 18 0 -8 0
60 155 634 21 0 8 0
60 163 637 24 0 0 0
60 163 640 27 0 8 0
60 171 643 30 0 0 0
60 171 646 33 0 -8 0
60 163 649 36 0 0 0
60 163 652 39 0 -8 0
60 155 655 42 0 0 0
60 155 658 45 0 8 0
60 163 661 48 0 8 0
60 171 664 51 0 -8 0
60 163 667 54 0 8 0
60 171 670 57 0 -8 0
60 163 673 60 0 8 0
60 171 676 63 0 0 0
60 171 679 66 0 8 0
60 179 682 69 0 -8 0
60 171 685 72 0 0 0
60 171 688 75 0 -8 0
60 163 691 78 0 8 0
60 171 694 81 0 0 0
60 171 697 84 0 0 0
60 171 700 87 0 0 0
60 171 703 90 0 8 0
60 179 706 93 0 8 0
60 187 709 96 0 -8 0
60 179 712 99 0 0 0
60 179 715 102 0 8 0
60 187 718 105 0 0 0
60 187 721 108 0 -8 0
60 179 724 111 8 8 0
68 187 727 114 0 -8 0
68 179 730 117 0 0 0
68 179 733 120 8 0 0
76 179 736 123 0 0 0
76 179 739 126 0 -8 0
76 171 742 129 8 0 0
84 171 745 132 0 0 0
84 171 748 135 8 0 0
92 171 751 138 0 0 0
92 171 754 141 0 8 0
92 179 757 144 8 -8 0
100 171 760 147 0 0 0
100 171 763 150 0 -8 0
100 163 766 153 8 -8 0
108 155 769 156 0 8 0
108 163 772 159 8 8 0
116 171 775 162 0 -8 0
116 163 778 165 0 0 0
116 163 781 168 8 8 0
124 171 778 171 0 0 0
124 171 775 174 0 0 0
124 171 772 177 8 8 0
132 179 769 180 0 0 0
132 179 766 183 8 0 0
140 179 763 186 0 8 0
140 187 760 189 0 0 0
140 187 757 192 8 0 0
148 187 754 195 0 8 0
148 195 751 198 0 -8 0
148 187 748 201 8 0 0
156 187 745 204 0 0 0
156 187 742 207 8 0 0
164 187 739 210 0 0 0
164 187 736 213 0 8 0
164 195 733 216 8 8 0
172 203 730 219 0 -8 0
172 195 727 222 0 0 0
172 195 724 225 8 8 0
180 203 721 228 0 8 0
180 211 718 231 8 8 0
188 219 715 234 0 0 0
188 219 712 237 0 -8 0
188 211 709 240 8 8 0
196 219 706 243 0 0 0
196 219 703 246 0 0 0
196 219 700 249 8 8 0
204 227 697 252 0 0 0
204 227 694 255 8 0 0
212 227 691 258 0 0 0
212 227 688 261 0 0 0
212 227 685 264 8 -8 0
220 219 682 267 0 0 0
220 219 679 270 0 0 0
220 219 676 273 8 -8 0
228 211 673 276 0 0 0
228 211 670 279 8 -8 0
236 203 667 282 0 0 0
236 203 664 285 0 -8 0
236 195 661 288 8 8 0
244 203 658 291 0 -8 0
244 195 655 294 0 -8 0
244 187 652 297 8 0 0
252 187 649 300 0 8 0
252 195 646 303 8 0 0
260 195 643 306 0 -8 0
260 187 640 309 0 8 0
260 195 637 312 8 -8 0
268 187 634 315 0 -8 0
268 179 631 318 0 -8 0
268 171 628 321 8 -8 0
276 163 625 324 0 8 0
276 171 622 327 8 0 0
284 171 619 330 0 0 0
284 171 616 333 0 0 0
284 171 613 336 8 -8 0
292 163 610 339 0 -8 0
292 155 607 342 0 8 0
292 163 604 345 8 0 0
300 163 601 348 0 -8 0
300 155 598 351 8 -8 0
308 147 595 354 0 0 0
308 147 592 357 0 -8 0
308 139 589 360 8 0 0
316 139 586 363 0 -8 0
316 131 583 366 0 8 0
316 139 580 369 8 0 0
324 139 577 372 0 8 0
324 147 574 375 8 -8 0
332 139 571 378 0 8 0
332 147 568 381 0 -8 0
332 139 565 384 8 8 0
340 147 562 387 0 8 0
340 155 559 390 0 0 0
340 155 556 393 8 -8 0
348 147 553 396 0 8 0
348 155 550 399 8 0 0
356 155 547 402 0 8 0
356 163 544 405 0 0 0
356 163 541 408 8 8 0
364 171 538 411 0 0 0
364 171 535 414 0 0 0
364 171 532 417 8 -8 0
372 163 529 420 0 -8 0
372 155 526 423 8 -8 0
380 147 523 426 0 -8 0
380 139 520 429 0 8 0
380 147 517 432 8 -8 0
388 139 514 435 0 -8 0
388 131 511 438 0 0 0
388 131 508 441 8 8 0
396 139 505 444 0 -8 0
396 131 502 447 8 8 0
404 139 499 450 0 0 0
404 139 496 453 0 0 0
404 139 493 456 8 0 0
412 139 490 459 0 8 0
412 147 487 462 0 0 0
412 147 484 465 8 8 0
420 155 481 468 0 8 0
420 163 478 471 8 -8 0
428 155 475 474 0 -8 0
428 147 472 477 0 8 0
428 155 469 480 8 -8 0
436 147 466 483 0 8 0
436 155 463 486 0 8 0
436 163 460 489 8 8 0
444 171 457 492 0 8 0
444 179 454 495 8 8 0
452 187 451 498 0 8 0
452 195 448 501 0 -8 0
452 187 445 504 8 -8 0
460 179 442 507 0 8 0
460 187 439 510 0 0 0
460 187 436 513 8 8 0
468 195 433 516 0 8 0
468 203 430 519 8 0 0
476 203 427 522 0 8 0
476 211 424 525 0 0 0
476 211 421 528 8 -8 0
484 203 418 531 0 8 0
484 211 415 534 0 0 0
484 211 412 537 8 8 0
492 219 409 540 0 8 0
492 227 406 543 8 8 0
500 235 403 546 0 8 0
500 243 400 549 0 0 0
500 243 397 552 8 0 0
508 243 394 555 0 -8 0
508 235 391 558 0 8 0
508 243 388 561 8 8 0
516 251 385 564 0 8 0
516 259 382 567 8 8 0
524 267 379 570 0 0 0
524 267 376 573 0 0 0
524 267 373 576 8 -8 0
532 259 370 579 0 0 0
532 259 367 582 0 0 0
532 259 364 585 8 8 0
540 267 361 588 0 8 0
540 275 358 591 8 8 0
540 283 355 588 0 8 0
540 291 352 585 0 8 0
540 299 349 582 0 0 0
540 299 346 579 0 0 0
540 299 343 576 0 -8 0
540 291 340 573 0 0 0
540 291 337 570 0 8 0
540 299 334 567 0 8 0
540 307 331 564 0 -8 0
540 299 328 561 0 0 0
540 299 325 558 0 -8 0
540 291 322 555 0 8 0
540 299 319 552 0 0 0
540 299 316 549 0 8 0
540 307 313 546 0 -8 0
540 299 310 543 0 8 0
540 307 307 540 0 0 0
540 307 304 537 0 -8 0
540 299 301 534 0 -8 0
540 291 298 531 0 0 0
540 291 295 528 0 0 0
540 291 292 525 0 -8 0
540 283 289 522 0 0 0
540 283 286 519 0 0 0
540 283 283 516 0 0 0
540 283 280 513 0 8 0
540 291 277 510 0 8 0
540 299 274 507 0 0 0
540 299 271 504 0 0 0
540 299 268 501 0 8 0
540 307 265 498 0 -8 0
540 299 262 495 0 8 0
540 307 259 492 0 8 0
540 315 256 489 -8 8 0
532 323 253 486 0 -8 0
532 315 250 483 0 0 0
532 315 247 480 -8 -8 0
524 307 244 477 0 8 0
524 315 241 474 0 0 0
524 315 238 471 -8 0 0
516 315 235 468 0 0 0
516 315 232 465 -8 -8 0
508 307 229 462 0 -8 0
508 299 226 459 0 -8 0
508 291 223 456 -8 0 0
500 291 220 453 0 -8 0
500 283 217 450 0 0 0
500 283 214 447 -8 0 0
492 283 211 444 0 0 0
492 283 208 441 -8 -8 0
484 275 205 438 0 0 0
484 275 202 435 0 8 0
484 283 199 432 -8 8 0
476 291 196 429 0 8 0
476 299 193 426 0 0 0
476 299 190 423 -8 0 0
468 299 187 420 0 -8 0
468 291 184 417 -8 8 0
460 299 181 414 0 -8 0
460 291 178 411 0 8 0
460 299 175 408 -8 8 0
452 307 172 405 0 8 0
452 315 169 402 0 8 0
452 323 166 399 -8 -8 0
444 315 163 396 0 -8 0
444 307 160 393 -8 -8 0
436 299 157 390 0 0 0
436 299 154 387 0 -8 0
436 291 151 384 -8 -8 0
428 283 148 381 0 0 0
428 283 145 378 0 0 0
428 283 142 375 -8 0 0
420 283 139 372 0 -8 0
420 275 136 369 -8 0 0
412 275 133 366 0 0 0
412 275 130 363 0 -8 0
412 267 127 360 -8 0 0
404 267 124 357 0 0 0
404 267 121 354 0 8 0
404 275 118 351 -8 0 0
396 275 115 348 0 0 0
396 275 112 345 -8 -8 0
388 267 109 342 0 8 0
388 275 106 339 0 -8 0
388 267 103 336 -8 0 0
380 267 100 333 0 -8 0
380 259 97 330 0 -8 0
380 251 94 327 -8 -8 0
372 243 91 324 0 0 0
372 243 88 321 -8 -8 0
364 235 85 318 0 8 0
364 243 82 315 0 0 0
364 243 79 312 -8 8 0
356 251 76 309 0 0 0
356 251 73 306 0 0 0
356 251 70 303 -8 0 0
348 251 67 300 0 -8 0
348 243 64 297 -8 0 0
340 243 61 294 0 0 0
340 243 58 291 0 -8 0
340 235 55 288 -8 -8 0
332 227 52 285 0 0 0
332 227 49 282 0 -8 0
332 219 46 279 -8 0 0
324 219 43 276 0 -8 0
324 211 40 273 -8 -8 0
316 203 37 270 0 8 0
316 211 34 267 0 -8 0
316 203 31 264 -8 8 0
308 211 28 261 0 0 0
308 211 25 258 0 -8 0
308 203 22 255 -8 8 0
300 211 19 252 0 8 0
300 219 22 249 -8 -8 0
292 211 25 246 0 0 0
292 211 28 243 0 8 0
292 219 31 240 -8 8 0
284 227 34 237 0 -8 0
284 219 37 234 0 8 0
284 227 40 231 -8 -8 0
276 219 43 228 0 0 0
276 219 46 225 -8 -8 0
268 211 49 222 0 0 0
268 211 52 219 0 -8 0
268 203 55 216 -8 8 0
260 211 58 213 0 0 0
260 211 61 210 0 8 0
260 219 64 207 -8 -8 0
252 211 67 204 0 0 0
252 211 70 201 -8 0 0
244 211 73 198 0 8 0
244 219 76 195 0 8 0
244 227 79 192 -8 8 0
236 235 82 189 0 8 0
236 243 85 186 0 -8 0
236 235 88 183 -8 -8 0
228 227 91 180 0 8 0
228 235 94 177 -8 0 0
220 235 97 174 0 -8 0
220 227 100 171 0 0 0
220 227 103 168 -8 8 0
212 235 106 165 0 8 0
212 243 109 162 0 0 0
212 243 112 159 -8 -8 0
204 235 115 156 0 -8 0
204 227 118 153 -8 8 0
196 235 121 150 0 -8 0
196 227 124 147 0 8 0
196 235 127 144 -8 -8 0
188 227 130 141 0 -8 0
188 219 133 138 0 -8 0
188 211 136 135 -8 -8 0
180 203 139 132 0 -8 0
180 195 142 129 -8 -8 0
172 187 145 126 0 -8 0
172 179 148 123 0 -8 0
172 171 151 120 -8 0 0
164 171 154 117 0 8 0
164 179 157 114 0 8 0
164 187 160 111 -8 0 0
156 187 163 108 0 -8 0
156 179 166 105 -8 -8 0
148 171 169 102 0 8 0
148 179 172 99 0 -8 0
148 171 175 96 -8 0 0
140 171 178 93 0 0 0
140 171 181 90 0 0 0
140 171 184 87 -8 0 0
132 171 187 84 0 0 0
132 171 190 81 -8 0 0
124 171 193 78 0 0 0
124 171 196 75 0 0 0
124 171 199 72 -8 0 0
116 171 202 69 0 8 0
116 179 205 66 0 8 0
116 187 208 63 -8 8 0
108 195 211 60 0 8 0
108 203 214 57 -8 -8 0
100 195 217 54 0 -8 0
100 187 220 51 0 0 0
100 187 223 48 -8 0 0
92 187 226 45 0 8 0
92 195 229 42 0 0 0
92 195 232 39 -8 0 0
84 195 235 36 0 0 0
84 195 238 33 -8 0 0
76 195 241 30 0 -8 0
76 187 244 27 0 8 0
76 195 247 24 -8 8 0
68 203 250 21 0 0 0
68 203 253 18 0 8 0
68 211 256 15 -8 8 0
60 219 259 12 0 0 0
60 219 262 9 -8 8 0
60 227 265 12 0 0 0
60 227 268 15 0 0 0
60 227 271 18 0 -8 0
60 219 274 21 0 -8 0
60 211 277 24 0 8 0
60 219 280 27 0 -8 0
60 211 283 30 0 -8 0
60 203 286 33 0 8 0
60 211 289 36 0 8 0
60 219 292 39 0 -8 0
60 211 295 42 0 0 0
60 211 298 45 0 8 0
60 219 301 48 0 -8 0
60 211 304 51 0 8 0
60 219 307 54 0 0 0
60 219 310 57 0 -8 0
60 211 313 60 0 0 0
60 211 316 63 0 -8 0
60 203 319 66 0 0 0
60 203 322 69 0 0 0
60 203 325 72 0 0 0
60 203 328 75 0 0 0
60 203 331 78 0 8 0
60 211 334 81 0 -8 0
60 203 337 84 0 8 0
60 211 340 87 0 8 0
60 219 343 90 0 8 0
60 227 346 93 0 8 0
60 235 349 96 0 -8 0
60 227 352 99 0 8 0
60 235 355 102 0 0 0
60 235 358 105 0 -8 0
60 227 361 108 0 8 0
60 235 364 111 8 8 0
68 243 367 114 0 8 0
68 251 370 117 0 0 0
68 251 373 120 8 -8 0
76 243 376 123 0 0 0
76 243 379 126 0 -8 0
76 235 382 129 8 -8 0
84 227 385 132 0 -8 0
84 219 388 135 8 0 0
92 219 391 138 0 8 0
92 227 394 141 0 8 0
92 235 397 144 8 -8 0
100 227 400 147 0 -8 0
100 219 403 150 0 0 0
100 219 406 153 8 -8 0
108 211 409 156 0 -8 0
108 203 412 159 8 0 0
116 203 415 162 0 0 0
116 203 418 165 0 0 0
116 203 421 168 8 0 0
124 203 424 171 0 -8 0
124 195 427 174 0 -8 0
124 187 430 177 8 0 0
132 187 433 180 0 -8 0
132 179 436 183 8 -8 0
140 171 439 186 0 -8 0
140 163 442 189 0 8 0
140 171 445 192 8 0 0
148 171 448 195 0 -8 0
148 163 451 198 0 0 0
148 163 454 201 8 0 0
156 163 457 204 0 -8 0
156 155 460 207 8 8 0
164 163 463 210 0 -8 0
164 155 466 213 0 0 0
164 155 469 216 8 8 0
172 163 472 219 0 -8 0
172 155 475 222 0 8 0
172 163 478 225 8 -8 0
180 155 481 228 0 -8 0
180 147 484 231 8 8 0
188 155 487 234 0 0 0
188 155 490 237 0 8 0
188 163 493 240 8 0 0
196 163 496 243 0 8 0
196 171 499 246 0 -8 0
196 163 502 249 8 -8 0
204 155 505 252 0 -8 0
204 147 508 255 8 8 0
212 155 511 258 0 0 0
212 155 514 261 0 0 0
212 155 517 264 8 8 0
220 163 520 267 0 8 0
220 171 523 270 0 -8 0
220 163 526 273 8 -8 0
228 155 529 276 0 8 0
228 163 532 279 8 -8 0
236 155 535 282 0 -8 0
236 147 538 285 0 0 0
236 147 541 288 8 -8 0
244 139 544 291 0 8 0
244 147 547 294 0 -8 0
244 139 550 297 8 0 0
252 139 553 300 0 -8 0
252 131 556 303 8 8 0
260 139 559 306 0 0 0
260 139 562 309 0 8 0
260 147 565 312 8 0 0
268 147 568 315 0 -8 0
268 139 571 318 0 -8 0
268 131 574 321 8 8 0
276 139 577 324 0 8 0
276 147 580 327 8 0 0
284 147 583 330 0 8 0
284 155 586 333 0 0 0
284 155 589 336 8 8 0
292 163 592 339 0 -8 0
292 155 595 342 0 0 0
292 155 598 345 8 8 0
300 163 601 348 0 -8 0
300 155 604 351 8 0 0
308 155 607 354 0 -8 0
308 147 610 357 0 8 0
308 155 613 360 8 0 0
316 155 616 363 0 -8 0
316 147 619 366 0 0 0
316 147 622 369 8 0 0
324 147 625 372 0 8 0
324 155 628 375 8 8 0
332 163 631 378 0 -8 0
332 155 634 381 0 0 0
332 155 637 384 8 -8 0
340 147 640 387 0 -8 0
340 139 643 390 0 0 0
340 139 646 393 8 -8 0
348 131 649 396 0 8 0
348 139 652 399 8 0 0
356 139 655 402 0 0 0
356 139 658 405 0 0 0
356 139 661 408 8 -8 0
364 131 664 411 0 8 0
364 139 667 414 0 -8 0
364 131 670 417 8 0 0
372 131 673 420 0 -8 0
372 123 676 423 8 -8 0
380 115 679 426 0 -8 0
380 107 682 429 0 0 0
380 107 685 432 8 8 0
388 115 688 435 0 8 0
388 123 691 438 0 -8 0
388 115 694 441 8 -8 0
396 107 697 444 0 0 0
396 107 700 447 8 8 0
404 115 703 450 0 -8 0
404 107 706 453 0 8 0
404 115 709 456 8 -8 0
412 107 712 459 0 0 0
412 107 715 462 0 8 0
412 115 718 465 8 0 0
420 115 721 468 0 -8 0
420 107 724 471 8 8 0
428 115 727 474 0 -8 0
428 107 730 477 0 0 0
428 107 733 480 8 8 0
436 115 736 483 0 -8 0
436 107 739 486 0 8 0
436 115 742 489 8 -8 0
444 107 745 492 0 -8 0
444 99 748 495 8 0 0
452 99 751 498 0 -8 0
452 91 754 501 0 0 0
452 91 757 504 8 8 0
460 99 760 507 0 -8 0
460 91 763 510 0 0 0
460 91 766 513 8 8 0
468 99 769 516 0 0 0
468 99 772 519 8 8 0
476 107 775 522 0 0 0
476 107 778 525 0 0 0
476 107 781 528 0 0 1
476 107 781 528 0 0 1
476 107 781 528 0 0 1
476 107 781 528 0 0 1
476 107 781 528 0 0 1
