492 471 646 279 0 0 0
492 471 643 282 -8 -8 0
484 463 640 285 -8 8 0
476 471 637 288 -8 0 0
468 471 634 291 -8 -8 0
460 463 631 294 -8 -8 0
452 455 628 297 -8 0 0
444 455 625 300 -8 8 0
436 463 622 303 -8 8 0
428 471 619 306 -8 8 0
420 479 616 309 -8 8 0
412 487 613 312 -8 8 0
404 495 610 315 -8 8 0
396 503 607 318 -8 -8 0
388 495 604 321 -8 8 0
380 503 601 324 -8 0 0
372 503 598 327 0 8 0
372 511 595 330 0 -8 0
372 503 592 333 0 -8 0
372 495 589 336 0 0 0
372 495 586 339 0 8 0
372 503 583 342 0 0 0
372 503 580 345 0 8 0
372 511 577 348 0 8 0
372 519 574 351 0 0 0
372 519 571 354 0 -8 0
372 511 568 357 0 8 0
372 519 565 360 0 -8 0
372 511 562 363 0 -8 0
372 503 559 366 0 8 0
372 511 556 369 0 0 0
372 511 553 372 0 -8 0
372 503 550 375 0 8 0
372 511 547 378 0 -8 0
372 503 544 381 0 0 0
372 503 541 384 0 0 0
372 503 538 387 0 0 0
372 503 535 390 0 0 0
372 503 532 393 0 -8 0
372 495 529 396 0 -8 0
372 487 526 399 0 -8 0
372 479 523 402 0 8 0
372 487 520 405 0 0 0
372 487 517 408 0 -8 0
372 479 514 411 0 0 0
372 479 511 414 0 0 0
372 479 508 417 0 0 0
372 479 505 420 0 8 0
372 487 502 423 8 -8 0
380 479 499 426 0 8 0
380 487 496 429 0 0 0
380 487 493 432 8 -8 0
388 479 490 435 0 -8 0
388 471 487 438 0 0 0
388 471 484 441 8 0 0
396 471 481 444 0 8 0
396 479 478 447 8 0 0
404 479 475 450 0 -8 0
404 471 472 453 0 -8 0
404 463 469 456 8 -8 0
412 455 466 459 0 0 0
412 455 463 462 0 8 0
412 463 460 465 8 -8 0
420 455 457 468 0 8 0
420 463 454 471 8 8 0
428 471 451 474 0 -8 0
428 463 448 477 0 0 0
428 463 445 480 8 0 0
436 463 442 483 0 0 0
436 463 439 486 0 -8 0
436 455 436 489 8 -8 0
444 447 433 492 0 0 0
444 447 430 495 8 8 0
452 455 427 498 0 -8 0
452 447 424 501 0 0 0
452 447 421 504 8 -8 0
460 439 418 507 0 0 0
460 439 415 510 0 8 0
460 447 412 513 8 8 0
468 455 409 516 0 8 0
468 463 406 519 8 -8 0
476 455 403 522 0 -8 0
476 447 400 525 0 -8 0
476 439 397 528 8 -8 0
484 431 394 531 0 8 0
484 439 391 534 0 -8 0
484 431 388 537 8 -8 0
492 423 385 540 0 0 0
492 423 382 543 8 0 0
500 423 379 546 0 0 0
500 423 376 549 0 0 0
500 423 373 552 8 -8 0
508 415 370 555 0 8 0
508 423 367 558 0 0 0
508 423 364 561 8 0 0
516 423 361 564 0 8 0
516 431 358 567 8 -8 0
524 423 355 570 0 8 0
524 431 352 573 0 -8 0
524 423 349 576 8 -8 0
532 415 346 579 0 -8 0
532 407 343 582 0 8 0
532 415 340 585 8 8 0
540 423 337 588 0 0 0
540 423 334 591 8 8 0
540 431 331 588 0 0 0
540 431 328 585 0 0 0
540 431 325 582 0 0 0
540 431 322 579 0 -8 0
540 423 319 576 0 8 0
540 431 316 573 0 8 0
540 439 313 570 0 0 0
540 439 310 567 0 0 0
540 439 307 564 0 8 0
540 447 304 561 0 0 0
540 447 301 558 0 0 0
540 447 298 555 0 -8 0
540 439 295 552 0 8 0
540 447 292 549 0 0 0
540 447 289 546 0 8 0
540 455 286 543 0 0 0
540 455 283 540 0 8 0
540 463 280 537 0 8 0
540 471 277 534 0 -8 0
540 463 274 531 0 8 0
540 471 271 528 0 -8 0
540 463 268 525 0 8 0
540 471 265 522 0 8 0
540 479 262 519 0 -8 0
540 471 259 516 0 -8 0
540 463 256 513 0 8 0
540 471 253 510 0 8 0
540 479 250 507 0 -8 0
540 471 247 504 0 -8 0
540 463 244 501 0 0 0
540 463 241 498 0 0 0
540 463 238 495 0 0 0
540 463 235 492 0 -8 0
540 455 232 489 -8 8 0
532 463 229 486 0 -8 0
532 455 226 483 0 0 0
532 455 223 480 -8 0 0
524 455 220 477 0 8 0
524 463 217 474 0 -8 0
524 455 214 471 -8 -8 0
516 447 211 468 0 0 0
516 447 208 465 -8 -8 0
508 439 205 462 0 0 0
508 439 202 459 0 0 0
508 439 199 456 -8 -8 0
500 431 196 453 0 0 0
500 431 193 450 0 8 0
500 439 190 447 -8 -8 0
492 431 187 444 0 0 0
492 431 184 441 -8 0 0
484 431 181 438 0 -8 0
484 423 178 435 0 -8 0
484 415 175 432 -8 0 0
476 415 172 429 0 0 0
476 415 169 426 0 -8 0
476 407 166 423 -8 8 0
468 415 163 420 0 0 0
468 415 160 417 -8 8 0
460 423 157 414 0 8 0
460 431 154 411 0 -8 0
460 423 151 408 -8 0 0
452 423 148 405 0 -8 0
452 415 145 402 0 0 0
452 415 142 399 -8 0 0
444 415 139 396 0 8 0
444 423 136 393 -8 8 0
436 431 133 390 0 0 0
436 431 130 387 0 -8 0
436 423 127 384 -8 -8 0
428 415 124 381 0 8 0
428 423 121 378 0 0 0
428 423 118 375 -8 -8 0
420 415 115 372 0 -8 0
420 407 112 369 -8 0 0
412 407 109 366 0 8 0
412 415 106 363 0 8 0
412 423 103 360 -8 0 0
404 423 100 357 0 0 0
404 423 97 354 0 8 0
404 431 94 351 -8 -8 0
396 423 91 348 0 -8 0
396 415 88 345 -8 8 0
388 423 85 342 0 0 0
388 423 82 339 0 0 0
388 423 79 336 -8 0 0
380 423 76 333 0 0 0
380 423 73 330 0 0 0
380 423 70 327 -8 8 0
372 431 67 324 0 8 0
372 439 64 321 -8 8 0
364 447 61 318 0 -8 0
364 439 58 315 0 -8 0
364 431 55 312 -8 -8 0
356 423 52 309 0 0 0
356 423 49 306 0 -8 0
356 415 46 303 -8 8 0
348 423 43 300 0 0 0
348 423 40 297 -8 0 0
340 423 37 294 0 0 0
340 423 34 291 0 0 0
340 423 31 288 -8 -8 0
332 415 28 285 0 8 0
332 423 25 282 0 8 0
332 431 22 279 -8 0 0
324 431 19 276 0 -8 0
324 423 22 273 -8 -8 0
316 415 25 270 0 -8 0
316 407 28 267 0 8 0
316 415 31 264 -8 8 0
308 423 34 261 0 8 0
308 431 37 258 0 -8 0
308 423 40 255 -8 8 0
300 431 43 252 0 -8 0
300 423 46 249 -8 8 0
292 431 49 246 0 8 0
292 439 52 243 0 8 0
292 447 55 240 -8 8 0
284 455 58 237 0 -8 0
284 447 61 234 0 8 0
284 455 64 231 -8 0 0
276 455 67 228 0 0 0
276 455 70 225 -8 0 0
268 455 73 222 0 -8 0
268 447 76 219 0 8 0
268 455 79 216 -8 8 0
260 463 82 213 0 -8 0
260 455 85 210 0 8 0
260 463 88 207 -8 0 0
252 463 91 204 0 0 0
252 463 94 201 -8 0 0
244 463 97 198 0 8 0
244 471 100 195 0 0 0
244 471 103 192 -8 8 0
236 479 106 189 0 -8 0
236 471 109 186 0 0 0
236 471 112 183 -8 0 0
228 471 115 180 0 -8 0
228 463 118 177 -8 -8 0
220 455 121 174 0 -8 0
220 447 124 171 0 0 0
220 447 127 168 -8 0 0
212 447 130 165 0 8 0
212 455 133 162 0 0 0
212 455 136 159 -8 8 0
204 463 139 156 0 0 0
204 463 142 153 -8 -8 0
196 455 145 150 0 8 0
196 463 148 147 0 8 0
196 471 151 144 -8 -8 0
188 463 154 141 0 -8 0
188 455 157 138 0 -8 0
188 447 160 135 -8 -8 0
180 439 163 132 0 0 0
180 439 166 129 -8 8 0
172 447 169 126 0 0 0
172 447 172 123 0 8 0
172 455 175 120 -8 8 0
164 463 178 117 0 0 0
164 463 181 114 0 0 0
164 463 184 111 -8 8 0
156 471 187 108 0 0 0
156 471 190 105 -8 0 0
148 471 193 102 0 -8 0
148 463 196 99 0 8 0
148 471 199 96 -8 -8 0
140 463 202 93 0 8 0
140 471 205 90 0 0 0
140 471 208 87 -8 -8 0
132 463 211 84 0 0 0
132 463 214 81 -8 -8 0
124 455 217 78 0 -8 0
124 447 220 75 0 -8 0
124 439 223 72 -8 -8 0
116 431 226 69 0 8 0
116 439 229 66 0 -8 0
116 431 232 63 -8 8 0
108 439 235 60 0 -8 0
108 431 238 57 -8 -8 0
100 423 241 54 0 0 0
100 423 244 51 0 0 0
100 423 247 48 -8 8 0
92 431 250 45 0 -8 0
92 423 253 42 0 0 0
92 423 256 39 -8 -8 0
84 415 259 36 0 0 0
84 415 262 33 -8 8 0
76 423 265 30 0 -8 0
76 415 268 27 0 8 0
76 423 271 24 -8 -8 0
68 415 274 21 0 0 0
68 415 277 18 0 0 0
68 415 280 15 -8 0 0
60 415 283 12 0 -8 0
60 407 286 9 -8 0 0
60 407 289 12 0 -8 0
60 399 292 15 0 0 0
60 399 295 18 0 8 0
60 407 298 21 0 -8 0
60 399 301 24 0 0 0
60 399 304 27 0 -8 0
60 391 307 30 0 -8 0
60 383 310 33 0 0 0
60 383 313 36 0 8 0
60 391 316 39 0 0 0
60 391 319 42 0 0 0
60 391 322 45 0 8 0
60 399 325 48 0 -8 0
60 391 328 51 0 -8 0
60 383 331 54 0 -8 0
60 375 334 57 0 0 0
60 375 337 60 0 0 0
60 375 340 63 0 -8 0
60 367 343 66 0 -8 0
60 359 346 69 0 8 0
60 367 349 72 0 0 0
60 367 352 75 0 0 0
60 367 355 78 0 8 0
60 375 358 81 0 -8 0
60 367 361 84 0 -8 0
60 359 364 87 0 8 0
60 367 367 90 0 -8 0
60 359 370 93 0 0 0
60 359 373 96 0 -8 0
60 351 376 99 0 8 0
60 359 379 102 0 0 0
60 359 382 105 0 0 0
60 359 385 108 0 -8 0
60 351 388 111 8 0 0
68 351 391 114 0 8 0
68 359 394 117 0 0 0
68 359 397 120 8 8 0
76 367 400 123 0 -8 0
76 359 403 126 0 -8 0
76 351 406 129 8 8 0
84 359 409 132 0 -8 0
84 351 412 135 8 -8 0
92 343 415 138 0 -8 0
92 335 418 141 0 0 0
92 335 421 144 8 0 0
100 335 424 147 0 8 0
100 343 427 150 0 0 0
100 343 430 153 8 0 0
108 343 433 156 0 8 0
108 351 436 159 8 8 0
116 359 439 162 0 0 0
116 359 442 165 0 0 0
116 359 445 168 8 0 0
124 359 448 171 0 8 0
124 367 451 174 0 8 0
124 375 454 177 8 0 0
132 375 457 180 0 -8 0
132 367 460 183 8 -8 0
140 359 463 186 0 8 0
140 367 466 189 0 8 0
140 375 469 192 8 0 0
148 375 472 195 0 8 0
148 383 475 198 0 8 0
148 391 478 201 8 8 0
156 399 481 204 0 8 0
156 407 484 207 8 -8 0
164 399 487 210 0 0 0
164 399 490 213 0 8 0
164 407 493 216 8 8 0
172 415 496 219 0 8 0
172 423 499 222 0 -8 0
172 415 502 225 8 8 0
180 423 505 228 0 8 0
180 431 508 231 8 -8 0
188 423 511 234 0 -8 0
188 415 514 237 0 8 0
188 423 517 240 8 0 0
196 423 520 243 0 8 0
196 431 523 246 0 -8 0
196 423 526 249 8 0 0
204 423 529 252 0 -8 0
204 415 532 255 8 -8 0
212 407 535 258 0 0 0
212 407 538 261 0 8 0
212 415 541 264 8 -8 0
220 407 544 267 0 -8 0
220 399 547 270 0 8 0
220 407 550 273 8 8 0
228 415 553 276 0 0 0
228 415 556 279 8 -8 0
236 407 559 282 0 0 0
236 407 562 285 0 8 0
236 415 565 288 8 -8 0
244 407 568 291 0 -8 0
244 399 571 294 0 0 0
244 399 574 297 8 8 0
252 407 577 300 0 0 0
252 407 580 303 8 0 0
260 407 583 306 0 -8 0
260 399 586 309 0 -8 0
260 391 589 312 8 8 0
268 399 592 315 0 8 0
268 407 595 318 0 -8 0
268 399 598 321 8 0 0
276 399 601 324 0 -8 0
276 391 604 327 8 0 0
284 391 607 330 0 8 0
284 399 610 333 0 8 0
284 407 613 336 8 8 0
292 415 616 339 0 8 0
292 423 619 342 0 0 0
292 423 622 345 8 -8 0
300 415 625 348 0 8 0
300 423 628 351 8 0 0
308 423 631 354 0 -8 0
308 415 634 357 0 -8 0
308 407 637 360 8 8 0
316 415 640 363 0 -8 0
316 407 643 366 0 -8 0
316 399 646 369 8 0 0
324 399 649 372 0 0 0
324 399 652 375 8 0 0
332 399 655 378 0 -8 0
332 391 658 381 0 8 0
332 399 661 384 8 8 0
340 407 664 387 0 8 0
340 415 667 390 0 0 0
340 415 670 393 8 -8 0
348 407 673 396 0 0 0
348 407 676 399 8 8 0
356 415 679 402 0 8 0
356 423 682 405 0 -8 0
356 415 685 408 8 0 0
364 415 688 411 0 0 0
364 415 691 414 0 0 0
364 415 694 417 8 -8 0
372 407 697 420 0 -8 0
372 399 700 423 8 -8 0
380 391 703 426 0 0 0
380 391 706 429 0 -8 0
380 383 709 432 8 -8 0
388 375 712 435 0 -8 0
388 367 715 438 0 -8 0
388 359 718 441 8 0 0
396 359 721 444 0 0 0
396 359 724 447 8 0 0
404 359 727 450 0 0 0
404 359 730 453 0 8 0
404 367 733 456 8 0 0
412 367 736 459 0 -8 0
412 359 739 462 0 0 0
412 359 742 465 8 0 0
420 359 745 468 0 -8 0
420 351 748 471 8 -8 0
428 343 751 474 0 -8 0
428 335 754 477 0 -8 0
428 327 757 480 8 8 0
436 335 760 483 0 0 0
436 335 763 486 0 8 0
436 343 766 489 8 0 0
444 343 769 492 0 8 0
444 351 772 495 8 0 0
452 351 775 498 0 -8 0
452 343 778 501 0 0 0
452 343 781 504 0 0 1
452 343 781 504 0 0 1
452 343 781 504 0 0 1
452 343 781 504 0 0 1
452 343 781 504 0 0 1
