81 394 154 105 0 0 0
81 394 151 102 0 0 0
81 394 148 99 0 -8 0
81 386 145 96 0 -8 0
81 378 142 93 0 -8 0
81 370 139 90 0 0 0
81 370 136 87 0 0 0
81 370 133 84 0 8 0
81 378 130 81 0 8 0
81 386 127 78 0 -8 0
81 378 124 75 0 8 0
81 386 121 72 0 0 0
81 386 118 69 0 8 0
81 394 115 66 0 0 0
81 394 112 63 0 8 0
81 402 109 60 0 8 0
81 410 106 57 0 8 0
81 418 103 54 0 -8 0
81 410 100 51 0 0 0
81 410 97 48 0 8 0
81 418 94 45 0 0 0
81 418 91 42 0 8 0
81 426 88 39 0 -8 0
81 418 85 36 0 8 0
81 426 82 33 0 0 0
81 426 79 30 -8 8 0
73 434 76 27 0 8 0
73 442 73 24 0 0 0
73 442 70 21 -8 8 0
65 450 67 18 0 0 0
65 450 64 15 0 -8 0
65 442 61 12 -8 8 0
60 450 58 9 -8 0 0
60 450 55 12 0 0 0
60 450 52 15 0 0 0
60 450 49 18 0 0 0
60 450 46 21 0 -8 0
60 442 43 24 0 8 0
60 450 40 27 0 0 0
60 450 37 30 0 0 0
60 450 34 33 0 -8 0
60 442 31 36 0 0 0
60 442 28 39 0 0 0
60 442 25 42 0 -8 0
60 434 22 45 0 -8 0
60 426 19 48 0 -8 0
60 418 22 51 0 8 0
60 426 25 54 0 -8 0
60 418 28 57 0 -8 0
60 410 31 60 0 8 0
60 418 34 63 0 -8 0
60 410 37 66 0 -8 0
60 402 40 69 0 -8 0
60 394 43 72 0 8 0
60 402 46 75 0 8 0
60 410 49 78 0 0 0
60 410 52 81 0 8 0
60 418 55 84 0 -8 0
60 410 58 87 0 0 0
60 410 61 90 0 -8 0
60 402 64 93 0 8 0
60 410 67 96 0 8 0
60 418 70 99 0 -8 0
60 410 73 102 0 0 0
60 410 76 105 0 8 0
60 418 79 108 0 8 0
60 426 82 111 8 0 0
68 426 85 114 0 -8 0
68 418 88 117 0 -8 0
68 410 91 120 8 8 0
76 418 94 123 0 0 0
76 418 97 126 0 0 0
76 418 100 129 8 -8 0
84 410 103 132 0 8 0
84 418 106 135 8 0 0
92 418 109 138 0 8 0
92 426 112 141 0 0 0
92 426 115 144 8 -8 0
100 418 118 147 0 8 0
100 426 121 150 0 8 0
100 434 124 153 8 8 0
108 442 127 156 0 0 0
108 442 130 159 8 8 0
116 450 133 162 0 8 0
116 458 136 165 0 -8 0
116 450 139 168 8 0 0
124 450 142 171 0 -8 0
124 442 145 174 0 8 0
124 450 148 177 8 8 0
132 458 151 180 0 -8 0
132 450 154 183 8 0 0
140 450 157 186 0 8 0
140 458 160 189 0 -8 0
140 450 163 192 8 8 0
148 458 166 195 0 0 0
148 458 169 198 0 8 0
148 466 172 201 8 8 0
156 474 175 204 0 0 0
156 474 178 207 8 0 0
164 474 181 210 0 8 0
164 482 184 213 0 -8 0
164 474 187 216 8 8 0
172 482 190 219 0 8 0
172 490 193 222 0 0 0
172 490 196 225 8 -8 0
180 482 199 228 0 0 0
180 482 202 231 8 8 0
188 490 205 234 0 0 0
188 490 208 237 0 -8 0
188 482 211 240 8 -8 0
196 474 214 243 0 8 0
196 482 217 246 0 0 0
196 482 220 249 8 8 0
204 490 223 252 0 -8 0
204 482 226 255 8 8 0
212 490 229 258 0 -8 0
212 482 232 261 0 -8 0
212 474 235 264 8 -8 0
220 466 238 267 0 -8 0
220 458 241 270 0 -8 0
220 450 244 273 8 -8 0
228 442 247 276 0 -8 0
228 434 250 279 8 0 0
236 434 253 282 0 -8 0
236 426 256 285 0 8 0
236 434 259 288 8 -8 0
244 426 262 291 0 0 0
244 426 265 294 0 -8 0
244 418 268 297 8 0 0
252 418 271 300 0 0 0
252 418 274 303 8 -8 0
260 410 277 306 0 8 0
260 418 280 309 0 -8 0
260 410 283 312 8 8 0
268 418 286 315 0 0 0
268 418 289 318 0 0 0
268 418 292 321 8 -8 0
276 410 295 324 0 -8 0
276 402 298 327 8 -8 0
284 394 301 330 0 -8 0
284 386 304 333 0 -8 0
284 378 307 336 8 8 0
292 386 310 339 0 -8 0
292 378 313 342 0 -8 0
292 370 316 345 8 -8 0
300 362 319 348 0 -8 0
300 354 322 351 8 8 0
308 362 325 354 0 0 0
308 362 328 357 0 8 0
308 370 331 360 8 0 0
316 370 334 363 0 8 0
316 378 337 366 0 -8 0
316 370 340 369 8 0 0
324 370 343 372 0 8 0
324 378 346 375 8 8 0
332 386 349 378 0 0 0
332 386 352 381 0 -8 0
332 378 355 384 8 8 0
340 386 358 387 0 0 0
340 386 361 390 0 -8 0
340 378 364 393 8 0 0
348 378 367 396 0 0 0
348 378 370 399 8 0 0
356 378 373 402 0 -8 0
356 370 376 405 0 8 0
356 378 379 408 8 0 0
364 378 382 411 0 -8 0
364 370 385 414 0 0 0
364 370 388 417 8 8 0
372 378 391 420 0 -8 0
372 370 394 423 8 8 0
380 378 397 426 0 8 0
380 386 400 429 0 0 0
380 386 403 432 8 0 0
388 386 406 435 0 -8 0
388 378 409 438 0 0 0
388 378 412 441 8 0 0
396 378 415 444 0 0 0
396 378 418 447 8 0 0
404 378 421 450 0 0 0
404 378 424 453 0 0 0
404 378 427 456 8 0 0
412 378 430 459 0 -8 0
412 370 433 462 0 8 0
412 378 436 465 8 8 0
420 386 439 468 0 8 0
420 394 442 471 8 0 0
428 394 445 474 0 8 0
428 402 448 477 0 8 0
428 410 451 480 8 8 0
436 418 454 483 0 8 0
436 426 457 486 0 0 0
436 426 460 489 8 0 0
444 426 463 492 0 8 0
444 434 466 495 8 0 0
452 434 469 498 0 8 0
452 442 472 501 0 8 0
452 450 475 504 8 0 0
460 450 478 507 0 -8 0
460 442 481 510 0 8 0
460 450 484 513 8 0 0
468 450 487 516 0 8 0
468 458 490 519 8 0 0
476 458 493 522 0 0 0
476 458 496 525 0 0 0
476 458 499 528 8 8 0
484 466 502 531 0 8 0
484 474 505 534 0 0 0
484 474 508 537 8 0 0
492 474 511 540 0 8 0
492 482 514 543 8 0 0
500 482 517 546 0 -8 0
500 474 520 549 0 -8 0
500 466 523 552 8 0 0
508 466 526 555 0 0 0
508 466 529 558 0 0 0
508 466 532 561 8 0 0
516 466 535 564 0 8 0
516 474 538 567 8 -8 0
524 466 541 570 0 8 0
524 474 544 573 0 8 0
524 482 547 576 8 0 0
532 482 550 579 0 -8 0
532 474 553 582 0 -8 0
532 466 556 585 8 8 0
540 474 559 588 0 8 0
540 482 562 591 8 -8 0
540 474 565 588 0 0 0
540 474 568 585 0 -8 0
540 466 571 582 0 -8 0
540 458 574 579 0 0 0
540 458 577 576 0 -8 0
540 450 580 573 0 8 0
540 458 583 570 0 0 0
540 458 586 567 0 0 0
540 458 589 564 0 8 0
540 466 592 561 0 0 0
540 466 595 558 0 0 0
540 466 598 555 0 0 0
540 466 601 552 0 8 0
540 474 604 549 0 0 0
540 474 607 546 0 -8 0
540 466 610 543 0 -8 0
540 458 613 540 0 8 0
540 466 616 537 0 -8 0
540 458 619 534 0 -8 0
540 450 622 531 0 8 0
540 458 625 528 0 8 0
540 466 628 525 0 8 0
540 474 631 522 0 8 0
540 482 634 519 0 0 0
540 482 637 516 0 8 0
540 490 640 513 0 0 0
540 490 643 510 0 8 0
540 498 646 507 0 0 0
540 498 649 504 0 -8 0
540 490 652 501 0 8 0
540 498 655 498 0 0 0
540 498 658 495 0 -8 0
540 490 661 492 0 0 0
540 490 664 489 -8 8 0
532 498 667 486 0 8 0
532 506 670 483 0 8 0
532 514 673 480 -8 8 0
524 522 676 477 0 -8 0
524 514 679 474 0 8 0
524 522 682 471 -8 -8 0
516 514 685 468 0 8 0
516 522 688 465 -8 0 0
508 522 691 462 0 8 0
508 530 694 459 0 0 0
508 530 697 456 -8 8 0
500 538 700 453 0 -8 0
500 530 703 450 0 -8 0
500 522 706 447 -8 8 0
492 530 709 444 0 -8 0
492 522 712 441 -8 0 0
484 522 715 438 0 -8 0
484 514 718 435 0 -8 0
484 506 721 432 -8 8 0
476 514 724 429 0 8 0
476 522 727 426 0 -8 0
476 514 730 423 -8 -8 0
468 506 733 420 0 0 0
468 506 736 417 -8 -8 0
460 498 739 414 0 -8 0
460 490 742 411 0 8 0
460 498 745 408 -8 -8 0
452 490 748 405 0 0 0
452 490 751 402 0 -8 0
452 482 754 399 -8 0 0
444 482 757 396 0 8 0
444 490 760 393 -8 -8 0
436 482 763 390 0 -8 0
436 474 766 387 0 0 0
436 474 769 384 -8 8 0
428 482 772 381 0 0 0
428 482 775 378 0 8 0
428 490 778 375 -8 0 0
420 490 781 372 0 0 1
420 490 781 372 0 0 1
420 490 781 372 0 0 1
420 490 781 372 0 0 1
420 490 781 372 0 0 1
