482 389 403 150 0 0 0
482 389 406 153 -8 -8 0
474 381 409 156 -8 -8 0
466 373 412 159 -8 8 0
458 381 415 162 -8 8 0
450 389 418 165 -8 8 0
442 397 421 168 -8 8 0
434 405 424 171 -8 -8 0
426 397 427 174 -8 8 0
418 405 430 177 -8 0 0
410 405 433 180 -8 8 0
402 413 436 183 -8 8 0
394 421 439 186 -8 8 0
386 429 442 189 -8 -8 0
378 421 445 192 -8 8 0
370 429 448 195 -8 8 0
362 437 451 198 -8 8 0
354 445 454 201 -8 -8 0
346 437 457 204 -8 8 0
338 445 460 207 -8 -8 0
330 437 463 210 -8 8 0
322 445 466 213 -8 8 0
314 453 469 216 -8 -8 0
306 445 472 219 -8 8 0
298 453 475 222 -8 8 0
290 461 478 225 -8 0 0
282 461 481 228 -8 8 0
274 469 484 231 0 -8 0
274 461 487 234 0 8 0
274 469 490 237 0 8 0
274 477 493 240 0 8 0
274 485 496 243 0 8 0
274 493 499 246 0 0 0
274 493 502 249 0 -8 0
274 485 505 252 0 -8 0
274 477 508 255 0 -8 0
274 469 511 258 0 -8 0
274 461 514 261 0 -8 0
274 453 517 264 0 0 0
274 453 520 267 0 -8 0
274 445 523 270 0 8 0
274 453 526 273 0 8 0
274 461 529 276 0 -8 0
274 453 532 279 0 -8 0
274 445 535 282 0 0 0
274 445 538 285 0 -8 0
274 437 541 288 0 0 0
274 437 544 291 0 8 0
274 445 547 294 0 8 0
274 453 550 297 0 -8 0
274 445 553 300 0 -8 0
274 437 556 303 0 0 0
274 437 559 306 0 -8 0
274 429 562 309 0 0 0
274 429 565 312 0 8 0
274 437 568 315 0 0 0
274 437 571 318 0 8 0
274 445 574 321 0 0 0
274 445 577 324 0 8 0
274 453 580 327 8 -8 0
282 445 583 330 0 8 0
282 453 586 333 8 -8 0
290 445 589 336 0 8 0
290 453 592 339 0 0 0
290 453 595 342 8 -8 0
298 445 598 345 0 0 0
298 445 601 348 0 0 0
298 445 604 351 8 -8 0
306 437 607 354 0 0 0
306 437 610 357 8 0 0
314 437 613 360 0 8 0
314 445 616 363 0 8 0
314 453 619 366 8 0 0
322 453 622 369 0 0 0
322 453 625 372 0 8 0
322 461 628 375 8 8 0
330 469 631 378 0 0 0
330 469 634 381 8 8 0
338 477 637 384 0 8 0
338 485 640 387 0 -8 0
338 477 643 390 8 -8 0
346 469 646 393 0 0 0
346 469 649 396 0 0 0
346 469 652 399 8 8 0
354 477 655 402 0 8 0
354 485 658 405 8 8 0
362 493 661 408 0 0 0
362 493 664 411 0 -8 0
362 485 667 414 8 8 0
370 493 670 417 0 8 0
370 501 673 420 0 -8 0
370 493 676 423 8 0 0
378 493 679 426 0 -8 0
378 485 682 429 8 -8 0
386 477 685 432 0 -8 0
386 469 688 435 0 8 0
386 477 691 438 8 0 0
394 477 694 441 0 -8 0
394 469 697 444 0 -8 0
394 461 700 447 8 0 0
402 461 703 450 0 -8 0
402 453 706 453 8 8 0
410 461 709 456 0 8 0
410 469 712 459 0 0 0
410 469 715 462 8 -8 0
418 461 718 465 0 0 0
418 461 721 468 0 8 0
418 469 724 471 8 8 0
426 477 727 474 0 8 0
426 485 730 477 8 0 0
434 485 733 480 0 0 0
434 485 736 483 0 -8 0
434 477 739 486 8 -8 0
442 469 742 489 0 0 0
442 469 745 492 0 -8 0
442 461 748 495 8 8 0
450 469 751 498 0 8 0
450 477 754 501 8 8 0
458 485 757 504 0 -8 0
458 477 760 507 0 -8 0
458 469 763 510 8 8 0
466 477 766 513 0 0 0
466 477 769 516 0 0 0
466 477 772 519 8 8 0
474 485 775 522 0 -8 0
474 477 778 525 8 0 0
482 477 781 528 0 0 1
482 477 781 528 0 0 1
482 477 781 528 0 0 1
482 477 781 528 0 0 1
482 477 781 528 0 0 1
