505 69 136 228 0 0 0
505 69 133 231 -8 0 0
497 69 130 234 -8 0 0
489 69 127 237 -8 -8 0
481 61 124 240 -8 -8 0
473 60 121 243 -8 0 0
465 60 118 246 -8 8 0
457 68 115 249 -8 0 0
449 68 112 252 -8 -8 0
441 60 109 255 -8 8 0
433 68 106 258 -8 8 0
425 76 103 261 -8 8 0
417 84 100 264 -8 8 0
409 92 97 267 -8 -8 0
401 84 94 270 -8 8 0
393 92 91 273 -8 -8 0
385 84 88 276 -8 8 0
377 92 85 279 -8 -8 0
369 84 82 282 -8 8 0
361 92 79 285 -8 8 0
353 100 76 288 -8 8 0
345 108 73 291 -8 8 0
337 116 70 294 0 8 0
337 124 67 297 0 8 0
337 132 64 300 0 0 0
337 132 61 303 0 0 0
337 132 58 306 0 8 0
337 140 55 309 0 8 0
337 148 52 312 0 0 0
337 148 49 315 0 8 0
337 156 46 318 0 8 0
337 164 43 321 0 0 0
337 164 40 324 0 8 0
337 172 37 327 0 0 0
337 172 34 330 0 8 0
337 180 31 333 0 0 0
337 180 28 336 0 -8 0
337 172 25 339 0 -8 0
337 164 22 342 0 -8 0
337 156 19 345 0 8 0
337 164 22 348 0 8 0
337 172 25 351 0 0 0
337 172 28 354 0 8 0
337 180 31 357 0 -8 0
337 172 34 360 0 -8 0
337 164 37 363 0 0 0
337 164 40 366 0 -8 0
337 156 43 369 0 0 0
337 156 46 372 0 8 0
337 164 49 375 0 8 0
337 172 52 378 0 -8 0
337 164 55 381 0 0 0
337 164 58 384 0 0 0
337 164 61 387 0 -8 0
337 156 64 390 8 8 0
345 164 67 393 0 8 0
345 172 70 396 8 0 0
353 172 73 399 0 -8 0
353 164 76 402 0 -8 0
353 156 79 405 8 0 0
361 156 82 408 0 0 0
361 156 85 411 0 0 0
361 156 88 414 8 8 0
369 164 91 417 0 -8 0
369 156 94 420 8 -8 0
377 148 97 423 0 0 0
377 148 100 426 0 -8 0
377 140 103 429 8 0 0
385 140 106 432 0 0 0
385 140 109 435 0 8 0
385 148 112 438 8 0 0
393 148 115 441 0 -8 0
393 140 118 444 8 8 0
401 148 121 447 0 8 0
401 156 124 450 0 0 0
401 156 127 453 8 0 0
409 156 130 456 0 -8 0
409 148 133 459 0 8 0
409 156 136 462 8 -8 0
417 148 139 465 0 0 0
417 148 142 468 8 8 0
425 156 145 471 0 8 0
425 164 148 474 0 -8 0
425 156 151 477 8 8 0
433 164 154 480 0 8 0
433 172 157 483 0 8 0
433 180 160 486 8 8 0
441 188 163 489 0 -8 0
441 180 166 492 8 0 0
449 180 169 495 0 -8 0
449 172 172 498 0 8 0
449 180 175 501 8 -8 0
457 172 178 504 0 0 0
457 172 181 507 0 0 0
457 172 184 510 8 -8 0
465 164 187 513 0 8 0
465 172 190 516 8 0 0
473 172 193 519 0 0 0
473 172 196 522 0 8 0
473 180 199 525 8 0 0
481 180 202 528 0 0 0
481 180 205 531 0 8 0
481 188 208 534 8 8 0
489 196 211 537 0 0 0
489 196 214 540 8 -8 0
497 188 217 543 0 0 0
497 188 220 546 0 8 0
497 196 223 549 8 -8 0
505 188 226 552 0 8 0
505 196 229 555 0 8 0
505 204 232 558 8 0 0
513 204 235 561 0 0 0
513 204 238 564 8 0 0
521 204 241 567 0 0 0
521 204 244 570 0 0 0
521 204 247 573 8 -8 0
529 196 250 576 0 -8 0
529 188 253 579 0 -8 0
529 180 256 582 8 8 0
537 188 259 585 0 -8 0
537 180 262 588 8 -8 0
540 172 265 591 8 0 0
540 172 268 588 0 -8 0
540 164 271 585 0 0 0
540 164 274 582 0 -8 0
540 156 277 579 0 8 0
540 164 280 576 0 8 0
540 172 283 573 0 8 0
540 180 286 570 0 0 0
540 180 289 567 0 0 0
540 180 292 564 0 -8 0
540 172 295 561 0 0 0
540 172 298 558 0 0 0
540 172 301 555 0 -8 0
540 164 304 552 0 0 0
540 164 307 549 0 8 0
540 172 310 546 0 -8 0
540 164 313 543 0 0 0
540 164 316 540 0 8 0
540 172 319 537 0 0 0
540 172 322 534 0 0 0
540 172 325 531 0 0 0
540 172 328 528 0 -8 0
540 164 331 525 0 0 0
540 164 334 522 0 -8 0
540 156 337 519 0 0 0
540 156 340 516 0 0 0
540 156 343 513 0 8 0
540 164 346 510 0 8 0
540 172 349 507 0 8 0
540 180 352 504 0 8 0
540 188 355 501 0 0 0
540 188 358 498 0 0 0
540 188 361 495 0 -8 0
540 180 364 492 0 0 0
540 180 367 489 -8 8 0
532 188 370 486 0 -8 0
532 180 373 483 0 0 0
532 180 376 480 -8 8 0
524 188 379 477 0 0 0
524 188 382 474 0 8 0
524 196 385 471 -8 0 0
516 196 388 468 0 -8 0
516 188 391 465 -8 -8 0
508 180 394 462 0 8 0
508 188 397 459 0 -8 0
508 180 400 456 -8 0 0
500 180 403 453 0 -8 0
500 172 406 450 0 -8 0
500 164 409 447 -8 8 0
492 172 412 444 0 8 0
492 180 415 441 -8 0 0
484 180 418 438 0 -8 0
484 172 421 435 0 0 0
484 172 424 432 -8 -8 0
476 164 427 429 0 0 0
476 164 430 426 0 8 0
476 172 433 423 -8 -8 0
468 164 436 420 0 8 0
468 172 439 417 -8 -8 0
460 164 442 414 0 8 0
460 172 445 411 0 -8 0
460 164 448 408 -8 8 0
452 172 451 405 0 -8 0
452 164 454 402 0 0 0
452 164 457 399 -8 0 0
444 164 460 396 0 8 0
444 172 463 393 -8 0 0
436 172 466 390 0 0 0
436 172 469 387 0 0 0
436 172 472 384 -8 -8 0
428 164 475 381 0 0 0
428 164 478 378 0 -8 0
428 156 481 375 -8 0 0
420 156 484 372 0 8 0
420 164 487 369 -8 0 0
412 164 490 366 0 0 0
412 164 493 363 0 0 0
412 164 496 360 -8 -8 0
404 156 499 357 0 -8 0
404 148 502 354 0 -8 0
404 140 505 351 -8 8 0
396 148 508 348 0 -8 0
396 140 511 345 -8 8 0
388 148 514 342 0 8 0
388 156 517 339 0 8 0
388 164 520 336 -8 -8 0
380 156 523 333 0 8 0
380 164 526 330 0 0 0
380 164 529 327 -8 -8 0
372 156 532 324 0 0 0
372 156 535 321 -8 0 0
364 156 538 318 0 0 0
364 156 541 315 0 0 0
364 156 544 312 -8 -8 0
356 148 547 309 0 8 0
356 156 550 306 0 -8 0
356 148 553 303 -8 0 0
348 148 556 300 0 -8 0
348 140 559 297 -8 8 0
340 148 562 294 0 -8 0
340 140 565 291 0 8 0
340 148 568 288 -8 0 0
332 148 571 285 0 8 0
332 156 574 282 0 0 0
332 156 577 279 -8 0 0
324 156 580 276 0 8 0
324 164 583 273 -8 -8 0
316 156 586 270 0 8 0
316 164 589 267 0 0 0
316 164 592 264 -8 8 0
308 172 595 261 0 -8 0
308 164 598 258 0 8 0
308 172 601 255 -8 8 0
300 180 604 252 0 0 0
300 180 607 249 -8 -8 0
292 172 610 246 0 8 0
292 180 613 243 0 0 0
292 180 616 240 -8 0 0
284 180 619 237 0 8 0
284 188 622 234 0 0 0
284 188 625 231 -8 8 0
276 196 628 228 0 8 0
276 204 631 225 -8 8 0
268 212 634 222 0 0 0
268 212 637 219 0 0 0
268 212 640 216 -8 -8 0
260 204 643 213 0 8 0
260 212 646 210 0 -8 0
260 204 649 207 -8 8 0
252 212 652 204 0 -8 0
252 204 655 201 -8 0 0
244 204 658 198 0 8 0
244 212 661 195 0 8 0
244 220 664 192 -8 8 0
236 228 667 189 0 0 0
236 228 670 186 0 0 0
236 228 673 183 -8 0 0
228 228 676 180 0 8 0
228 236 679 177 -8 8 0
220 244 682 174 0 8 0
220 252 685 171 0 0 0
220 252 688 168 -8 -8 0
212 244 691 165 0 -8 0
212 236 694 162 0 8 0
212 244 697 159 -8 8 0
204 252 700 156 0 8 0
204 260 703 153 -8 -8 0
196 252 706 150 0 8 0
196 260 709 147 0 8 0
196 268 712 144 -8 8 0
188 276 715 141 0 0 0
188 276 718 138 0 0 0
188 276 721 135 -8 -8 0
180 268 724 132 0 0 0
180 268 727 129 -8 0 0
172 268 730 126 0 8 0
172 276 733 123 0 8 0
172 284 736 120 -8 0 0
164 284 739 117 0 -8 0
164 276 742 114 0 8 0
164 284 745 111 -8 -8 0
156 276 748 108 0 8 0
156 284 751 105 -8 -8 0
148 276 754 102 0 8 0
148 284 757 99 0 -8 0
148 276 760 96 -8 0 0
140 276 763 93 0 0 0
140 276 766 90 0 8 0
140 284 769 87 -8 -8 0
132 276 772 84 0 -8 0
132 268 775 81 -8 0 0
124 268 778 78 0 0 0
124 268 781 75 0 0 1
124 268 781 75 0 0 1
124 268 781 75 0 0 1
124 268 781 75 0 0 1
124 268 781 75 0 0 1
