81 482 472 123 0 0 0
81 482 469 126 0 -8 0
81 474 466 129 0 8 0
81 482 463 132 8 -8 0
89 474 460 135 0 -8 0
89 466 457 138 0 0 0
89 466 454 141 8 8 0
97 474 451 144 0 -8 0
97 466 448 147 0 0 0
97 466 445 150 8 0 0
105 466 442 153 0 0 0
105 466 439 156 8 -8 0
113 458 436 159 0 -8 0
113 450 433 162 0 8 0
113 458 430 165 8 -8 0
121 450 427 168 0 0 0
121 450 424 171 0 8 0
121 458 421 174 8 0 0
129 458 418 177 0 8 0
129 466 415 180 8 0 0
137 466 412 183 0 -8 0
137 458 409 186 0 8 0
137 466 406 189 8 -8 0
145 458 403 192 0 8 0
145 466 400 195 0 -8 0
145 458 397 198 8 0 0
153 458 394 201 0 0 0
153 458 391 204 8 8 0
161 466 388 207 0 0 0
161 466 385 210 0 0 0
161 466 382 213 8 0 0
169 466 379 216 0 -8 0
169 458 376 219 0 -8 0
169 450 373 222 8 8 0
177 458 370 225 0 8 0
177 466 367 228 8 8 0
185 474 364 231 0 0 0
185 474 361 234 0 -8 0
185 466 358 237 8 0 0
193 466 355 240 0 0 0
193 466 352 243 0 0 0
193 466 349 246 8 -8 0
201 458 346 249 0 0 0
201 458 343 252 8 0 0
209 458 340 255 0 8 0
209 466 337 258 0 -8 0
209 458 334 261 8 8 0
217 466 331 264 0 0 0
217 466 328 267 0 8 0
217 474 325 270 8 -8 0
225 466 322 273 0 -8 0
225 458 319 276 8 0 0
233 458 316 279 0 0 0
233 458 313 282 0 0 0
233 458 310 285 8 8 0
241 466 307 288 0 8 0
241 474 304 291 0 0 0
241 474 301 294 8 -8 0
249 466 298 297 0 -8 0
249 458 295 300 8 -8 0
257 450 292 303 0 8 0
257 458 289 306 0 -8 0
257 450 286 309 8 -8 0
265 442 283 312 0 0 0
265 442 280 315 0 -8 0
265 434 277 318 8 8 0
273 442 274 321 0 8 0
273 450 271 324 8 -8 0
281 442 268 327 0 -8 0
281 434 265 330 0 8 0
281 442 262 333 8 0 0
289 442 259 336 0 -8 0
289 434 256 339 0 0 0
289 434 253 342 8 8 0
297 442 250 345 0 0 0
297 442 247 348 8 -8 0
305 434 244 351 0 -8 0
305 426 241 354 0 0 0
305 426 238 357 8 -8 0
313 418 235 360 0 0 0
313 418 232 363 0 0 0
313 418 229 366 8 -8 0
321 410 226 369 0 8 0
321 418 223 372 8 0 0
329 418 220 375 0 -8 0
329 410 217 378 0 0 0
329 410 214 381 8 8 0
337 418 211 384 0 0 0
337 418 208 387 0 8 0
337 426 205 390 8 0 0
345 426 202 393 0 8 0
345 434 199 396 8 -8 0
353 426 196 399 0 8 0
353 434 193 402 0 0 0
353 434 190 405 8 8 0
361 442 187 408 0 -8 0
361 434 184 411 0 0 0
361 434 181 414 8 8 0
369 442 178 417 0 8 0
369 450 175 420 8 0 0
377 450 172 423 0 0 0
377 450 169 426 0 -8 0
377 442 166 429 8 -8 0
385 434 163 432 0 8 0
385 442 160 435 0 -8 0
385 434 157 438 8 -8 0
393 426 154 441 0 0 0
393 426 151 444 8 -8 0
401 418 148 447 0 8 0
401 426 145 450 0 0 0
401 426 142 453 8 0 0
409 426 139 456 0 0 0
409 426 136 459 0 -8 0
409 418 133 462 8 0 0
417 418 130 465 0 8 0
417 426 127 468 8 8 0
425 434 124 471 0 -8 0
425 426 121 474 0 0 0
425 426 118 477 8 0 0
433 426 115 480 0 8 0
433 434 112 483 0 0 0
433 434 109 486 8 -8 0
441 426 106 489 0 -8 0
441 418 103 492 8 -8 0
449 410 100 495 0 0 0
449 410 97 498 0 8 0
449 418 94 501 8 8 0
457 426 91 504 0 0 0
457 426 88 507 0 8 0
457 434 85 510 8 8 0
465 442 82 513 0 -8 0
465 434 79 516 8 8 0
473 442 76 519 0 0 0
473 442 73 522 0 0 0
473 442 70 525 8 0 0
481 442 67 528 0 -8 0
481 434 64 531 0 8 0
481 442 61 534 8 8 0
489 450 58 537 0 -8 0
489 442 55 540 8 -8 0
497 434 52 543 0 -8 0
497 426 49 546 0 8 0
497 434 46 549 8 0 0
505 434 43 552 0 -8 0
505 426 40 555 0 0 0
505 426 37 558 8 -8 0
513 418 34 561 0 -8 0
513 410 31 564 8 0 0
521 410 28 567 0 0 0
521 410 25 570 0 0 0
521 410 22 573 8 8 0
529 418 19 576 0 8 0
529 426 22 579 0 8 0
529 434 25 582 8 -8 0
537 426 28 585 0 0 0
537 426 31 588 8 8 0
540 434 34 591 8 0 0
540 434 37 588 0 8 0
540 442 40 585 0 8 0
540 450 43 582 0 0 0
540 450 46 579 0 -8 0
540 442 49 576 0 -8 0
540 434 52 573 0 0 0
540 434 55 570 0 -8 0
540 426 58 567 0 0 0
540 426 61 564 0 8 0
540 434 64 561 0 0 0
540 434 67 558 0 0 0
540 434 70 555 0 0 0
540 434 73 552 0 -8 0
540 426 76 549 0 -8 0
540 418 79 546 0 0 0
540 418 82 543 0 0 0
540 418 85 540 0 8 0
540 426 88 537 0 0 0
540 426 91 534 0 8 0
540 434 94 531 0 0 0
540 434 97 528 0 0 0
540 434 100 525 0 -8 0
540 426 103 522 0 -8 0
540 418 106 519 0 8 0
540 426 109 516 0 0 0
540 426 112 513 0 -8 0
540 418 115 510 0 0 0
540 418 118 507 0 0 0
540 418 121 504 0 8 0
540 426 124 501 0 -8 0
540 418 127 498 0 8 0
540 426 130 495 0 -8 0
540 418 133 492 0 0 0
540 418 136 489 -8 8 0
532 426 139 486 0 0 0
532 426 142 483 0 0 0
532 426 145 480 -8 8 0
524 434 148 477 0 8 0
524 442 151 474 0 0 0
524 442 154 471 -8 8 0
516 450 157 468 0 0 0
516 450 160 465 -8 -8 0
508 442 163 462 0 -8 0
508 434 166 459 0 8 0
508 442 169 456 -8 0 0
500 442 172 453 0 0 0
500 442 175 450 0 -8 0
500 434 178 447 -8 -8 0
492 426 181 444 0 8 0
492 434 184 441 -8 8 0
484 442 187 438 0 -8 0
484 434 190 435 0 0 0
484 434 193 432 -8 8 0
476 442 196 429 0 0 0
476 442 199 426 0 0 0
476 442 202 423 -8 -8 0
468 434 205 420 0 -8 0
468 426 208 417 -8 8 0
460 434 211 414 0 0 0
460 434 214 411 0 8 0
460 442 217 408 -8 8 0
452 450 220 405 0 8 0
452 458 223 402 0 8 0
452 466 226 399 -8 0 0
444 466 229 396 0 8 0
444 474 232 393 -8 0 0
436 474 235 390 0 -8 0
436 466 238 387 0 0 0
436 466 241 384 -8 0 0
428 466 244 381 0 -8 0
428 458 247 378 0 0 0
428 458 250 375 -8 -8 0
420 450 253 372 0 8 0
420 458 256 369 -8 8 0
412 466 259 366 0 0 0
412 466 262 363 0 0 0
412 466 265 360 -8 8 0
404 474 268 357 0 0 0
404 474 271 354 0 -8 0
404 466 274 351 -8 -8 0
396 458 277 348 0 8 0
396 466 280 345 -8 8 0
388 474 283 342 0 8 0
388 482 286 339 0 0 0
388 482 289 336 -8 0 0
380 482 292 333 0 8 0
380 490 295 330 0 8 0
380 498 298 327 -8 0 0
372 498 301 324 0 8 0
372 506 304 321 -8 -8 0
364 498 307 318 0 0 0
364 498 310 315 0 0 0
364 498 313 312 -8 0 0
356 498 316 309 0 8 0
356 506 319 306 0 0 0
356 506 322 303 -8 8 0
348 514 325 300 0 0 0
348 514 328 297 -8 0 0
340 514 331 294 0 8 0
340 522 334 291 0 0 0
340 522 337 288 -8 -8 0
332 514 340 285 0 8 0
332 522 343 282 0 0 0
332 522 346 279 -8 0 0
324 522 349 276 0 0 0
324 522 352 273 -8 0 0
316 522 355 270 0 -8 0
316 514 358 267 0 -8 0
316 506 361 264 -8 0 0
308 506 364 261 0 8 0
308 514 367 258 0 8 0
308 522 370 255 -8 8 0
300 530 373 252 0 -8 0
300 522 376 249 -8 -8 0
292 514 379 246 0 8 0
292 522 382 243 0 8 0
292 530 385 240 -8 0 0
284 530 388 237 0 8 0
284 538 391 234 0 0 0
284 538 394 231 -8 8 0
276 540 397 228 0 8 0
276 540 400 225 -8 0 0
268 540 403 222 0 -8 0
268 532 406 219 0 -8 0
268 524 409 216 -8 -8 0
260 516 412 213 0 -8 0
260 508 415 210 0 0 0
260 508 418 207 -8 -8 0
252 500 421 204 0 0 0
252 500 424 201 -8 -8 0
244 492 427 198 0 0 0
244 492 430 195 0 -8 0
244 484 433 192 -8 -8 0
236 476 436 189 0 -8 0
236 468 439 186 0 0 0
236 468 442 183 -8 0 0
228 468 445 180 0 8 0
228 476 448 177 -8 -8 0
220 468 451 174 0 -8 0
220 460 454 171 0 -8 0
220 452 457 168 -8 -8 0
212 444 460 165 0 -8 0
212 436 463 162 0 -8 0
212 428 466 159 -8 8 0
204 436 469 156 0 0 0
204 436 472 153 -8 0 0
196 436 475 150 0 -8 0
196 428 478 147 0 0 0
196 428 481 144 -8 0 0
188 428 484 141 0 -8 0
188 420 487 138 0 8 0
188 428 490 135 -8 -8 0
180 420 493 132 0 0 0
180 420 496 129 -8 0 0
172 420 499 126 0 -8 0
172 412 502 123 0 -8 0
172 404 505 120 -8 0 0
164 404 508 117 0 0 0
164 404 511 114 0 0 0
164 404 514 111 -8 0 0
156 404 517 108 0 8 0
156 412 520 105 -8 0 0
148 412 523 102 0 -8 0
148 404 526 99 0 -8 0
148 396 529 96 -8 -8 0
140 388 532 93 0 0 0
140 388 535 90 0 -8 0
140 380 538 87 -8 -8 0
132 372 541 84 0 -8 0
132 364 544 81 -8 -8 0
124 356 547 78 0 8 0
124 364 550 75 0 -8 0
124 356 553 72 -8 -8 0
116 348 556 69 0 0 0
116 348 559 66 0 -8 0
116 340 562 63 -8 -8 0
108 332 565 60 0 0 0
108 332 568 57 -8 0 0
100 332 571 54 0 -8 0
100 324 574 51 0 0 0
100 324 577 48 -8 0 0
92 324 580 45 0 0 0
92 324 583 42 0 -8 0
92 316 586 39 -8 -8 0
84 308 589 36 0 -8 0
84 300 592 33 -8 -8 0
76 292 595 30 0 -8 0
76 284 598 27 0 8 0
76 292 601 24 -8 0 0
68 292 604 21 0 -8 0
68 284 607 18 0 -8 0
68 276 610 15 -8 8 0
60 284 613 12 0 8 0
60 292 616 9 -8 0 0
60 292 619 12 0 -8 0
60 284 622 15 0 8 0
60 292 625 18 0 -8 0
60 284 628 21 0 0 0
60 284 631 24 0 0 0
60 284 634 27 0 0 0
60 284 637 30 0 0 0
60 284 640 33 0 -8 0
60 276 643 36 0 8 0
60 284 646 39 0 8 0
60 292 649 42 0 -8 0
60 284 652 45 0 0 0
60 284 655 48 0 -8 0
60 276 658 51 0 0 0
60 276 661 54 0 8 0
60 284 664 57 0 -8 0
60 276 667 60 0 -8 0
60 268 670 63 0 8 0
60 276 673 66 0 8 0
60 284 676 69 0 8 0
60 292 679 72 0 0 0
60 292 682 75 0 8 0
60 300 685 78 0 0 0
60 300 688 81 0 -8 0
60 292 691 84 0 8 0
60 300 694 87 0 8 0
60 308 697 90 0 8 0
60 316 700 93 0 0 0
60 316 703 96 0 8 0
60 324 706 99 0 -8 0
60 316 709 102 0 8 0
60 324 712 105 0 -8 0
60 316 715 108 0 8 0
60 324 718 111 8 0 0
68 324 721 114 0 -8 0
68 316 724 117 0 8 0
68 324 727 120 8 8 0
76 332 730 123 0 0 0
76 332 733 126 0 8 0
76 340 736 129 8 8 0
84 348 739 132 0 0 0
84 348 742 135 8 -8 0
92 340 745 138 0 -8 0
92 332 748 141 0 0 0
92 332 751 144 8 8 0
100 340 754 147 0 8 0
100 348 757 150 0 0 0
100 348 760 153 8 -8 0
108 340 763 156 0 0 0
108 340 766 159 8 0 0
116 340 769 162 0 -8 0
116 332 772 165 0 0 0
116 332 775 168 8 0 0
124 332 778 171 0 0 0
124 332 781 174 0 0 1
124 332 781 174 0 0 1
124 332 781 174 0 0 1
124 332 781 174 0 0 1
124 332 781 174 0 0 1
