235 158 436 330 0 0 0
235 158 433 327 8 8 0
243 166 430 324 8 8 0
251 174 427 321 8 -8 0
259 166 424 318 8 8 0
267 174 421 315 0 -8 0
267 166 418 312 0 0 0
267 166 415 309 0 -8 0
267 158 412 306 0 0 0
267 158 409 303 0 8 0
267 166 406 300 0 8 0
267 174 403 297 0 -8 0
267 166 400 294 0 0 0
267 166 397 291 0 0 0
267 166 394 288 0 8 0
267 174 391 285 0 0 0
267 174 388 282 0 8 0
267 182 385 279 0 0 0
267 182 382 276 0 0 0
267 182 379 273 0 8 0
267 190 376 270 0 8 0
267 198 373 267 0 -8 0
267 190 370 264 0 0 0
267 190 367 261 0 0 0
267 190 364 258 0 -8 0
267 182 361 255 0 8 0
267 190 358 252 0 8 0
267 198 355 249 0 8 0
267 206 352 246 0 8 0
267 214 349 243 0 8 0
267 222 346 240 0 -8 0
267 214 343 237 0 -8 0
267 206 340 234 0 0 0
267 206 337 231 0 8 0
267 214 334 228 0 8 0
267 222 331 225 0 8 0
267 230 328 222 0 8 0
267 238 325 219 0 0 0
267 238 322 216 -8 8 0
259 246 319 213 0 8 0
259 254 316 210 0 0 0
259 254 313 207 -8 -8 0
251 246 310 204 0 8 0
251 254 307 201 0 8 0
251 262 304 198 -8 8 0
243 270 301 195 0 0 0
243 270 298 192 -8 0 0
235 270 295 189 0 -8 0
235 262 292 186 0 -8 0
235 254 289 183 -8 8 0
227 262 286 180 0 8 0
227 270 283 177 0 8 0
227 278 280 174 -8 8 0
219 286 277 171 0 -8 0
219 278 274 168 -8 -8 0
211 270 271 165 0 8 0
211 278 268 162 0 8 0
211 286 265 159 -8 8 0
203 294 262 156 0 0 0
203 294 259 153 0 0 0
203 294 256 150 -8 8 0
195 302 253 147 0 -8 0
195 294 250 144 -8 -8 0
187 286 247 141 0 -8 0
187 278 244 138 0 8 0
187 286 241 135 -8 0 0
179 286 238 132 0 8 0
179 294 235 129 0 0 0
179 294 232 126 -8 -8 0
171 286 229 123 0 0 0
171 286 226 120 -8 8 0
163 294 223 117 0 0 0
163 294 220 114 0 0 0
163 294 217 111 -8 -8 0
155 286 214 108 0 -8 0
155 278 211 105 0 8 0
155 286 208 102 -8 -8 0
147 278 205 99 0 8 0
147 286 202 96 -8 0 0
139 286 199 93 0 0 0
139 286 196 90 0 -8 0
139 278 193 87 -8 8 0
131 286 190 84 0 -8 0
131 278 187 81 0 8 0
131 286 184 78 -8 8 0
123 294 181 75 0 -8 0
123 286 178 72 -8 8 0
115 294 175 69 0 -8 0
115 286 172 66 0 -8 0
115 278 169 63 -8 -8 0
107 270 166 60 0 8 0
107 278 163 57 0 8 0
107 286 160 54 -8 8 0
99 294 157 51 0 -8 0
99 286 154 48 -8 -8 0
91 278 151 45 0 -8 0
91 270 148 42 0 0 0
91 270 145 39 -8 8 0
83 278 142 36 0 -8 0
83 270 139 33 0 0 0
83 270 136 30 -8 -8 0
75 262 133 27 0 8 0
75 270 130 24 -8 8 0
67 278 127 21 0 8 0
67 286 124 18 0 0 0
67 286 121 15 -8 0 0
60 286 118 12 0 0 0
60 286 115 9 -8 8 0
60 294 112 12 0 0 0
60 294 109 15 0 -8 0
60 286 106 18 0 8 0
60 294 103 21 0 0 0
60 294 100 24 0 0 0
60 294 97 27 0 -8 0
60 286 94 30 0 8 0
60 294 91 33 0 0 0
60 294 88 36 0 8 0
60 302 85 39 0 -8 0
60 294 82 42 0 -8 0
60 286 79 45 0 -8 0
60 278 76 48 0 0 0
60 278 73 51 0 0 0
60 278 70 54 0 -8 0
60 270 67 57 0 -8 0
60 262 64 60 0 -8 0
60 254 61 63 0 0 0
60 254 58 66 0 -8 0
60 246 55 69 0 0 0
60 246 52 72 0 -8 0
60 238 49 75 0 0 0
60 238 46 78 0 0 0
60 238 43 81 0 8 0
60 246 40 84 0 8 0
60 254 37 87 0 0 0
60 254 34 90 0 -8 0
60 246 31 93 0 0 0
60 246 28 96 0 8 0
60 254 25 99 0 0 0
60 254 22 102 0 0 0
60 254 19 105 0 0 0
60 254 22 108 0 8 0
60 262 25 111 8 0 0
68 262 28 114 0 -8 0
68 254 31 117 0 0 0
68 254 34 120 8 8 0
76 262 37 123 0 -8 0
76 254 40 126 0 0 0
76 254 43 129 8 -8 0
84 246 46 132 0 0 0
84 246 49 135 8 0 0
92 246 52 138 0 8 0
92 254 55 141 0 0 0
92 254 58 144 8 8 0
100 262 61 147 0 -8 0
100 254 64 150 0 8 0
100 262 67 153 8 0 0
108 262 70 156 0 -8 0
108 254 73 159 8 0 0
116 254 76 162 0 0 0
116 254 79 165 0 0 0
116 254 82 168 8 0 0
124 254 85 171 0 -8 0
124 246 88 174 0 8 0
124 254 91 177 8 8 0
132 262 94 180 0 -8 0
132 254 97 183 8 8 0
140 262 100 186 0 0 0
140 262 103 189 0 0 0
140 262 106 192 8 -8 0
148 254 109 195 0 8 0
148 262 112 198 0 8 0
148 270 115 201 8 8 0
156 278 118 204 0 -8 0
156 270 121 207 8 0 0
164 270 124 210 0 -8 0
164 262 127 213 0 -8 0
164 254 130 216 8 8 0
172 262 133 219 0 0 0
172 262 136 222 0 8 0
172 270 139 225 8 8 0
180 278 142 228 0 8 0
180 286 145 231 8 8 0
188 294 148 234 0 8 0
188 302 151 237 0 8 0
188 310 154 240 8 8 0
196 318 157 243 0 -8 0
196 310 160 246 0 -8 0
196 302 163 249 8 8 0
204 310 166 252 0 8 0
204 318 169 255 8 8 0
212 326 172 258 0 0 0
212 326 175 261 0 0 0
212 326 178 264 8 8 0
220 334 181 267 0 -8 0
220 326 184 270 0 8 0
220 334 187 273 8 8 0
228 342 190 276 0 -8 0
228 334 193 279 8 0 0
236 334 196 282 0 8 0
236 342 199 285 0 -8 0
236 334 202 288 8 0 0
244 334 205 291 0 8 0
244 342 208 294 0 8 0
244 350 211 297 8 0 0
252 350 214 300 0 -8 0
252 342 217 303 8 -8 0
260 334 220 306 0 -8 0
260 326 223 309 0 0 0
260 326 226 312 8 8 0
268 334 229 315 0 8 0
268 342 232 318 0 0 0
268 342 235 321 8 8 0
276 350 238 324 0 0 0
276 350 241 327 8 0 0
284 350 244 330 0 0 0
284 350 247 333 0 -8 0
284 342 250 336 8 0 0
292 342 253 339 0 -8 0
292 334 256 342 0 0 0
292 334 259 345 8 -8 0
300 326 262 348 0 -8 0
300 318 265 351 8 -8 0
308 310 268 354 0 0 0
308 310 271 357 0 0 0
308 310 274 360 8 8 0
316 318 277 363 0 -8 0
316 310 280 366 0 8 0
316 318 283 369 8 -8 0
324 310 286 372 0 8 0
324 318 289 375 8 0 0
332 318 292 378 0 -8 0
332 310 295 381 0 8 0
332 318 298 384 8 0 0
340 318 301 387 0 -8 0
340 310 304 390 0 -8 0
340 302 307 393 8 8 0
348 310 310 396 0 0 0
348 310 313 399 8 0 0
356 310 316 402 0 0 0
356 310 319 405 0 -8 0
356 302 322 408 8 8 0
364 310 325 411 0 0 0
364 310 328 414 0 8 0
364 318 331 417 8 -8 0
372 310 334 420 0 -8 0
372 302 337 423 8 0 0
380 302 340 426 0 8 0
380 310 343 429 0 8 0
380 318 346 432 8 8 0
388 326 349 435 0 0 0
388 326 352 438 0 -8 0
388 318 355 441 8 0 0
396 318 358 444 0 -8 0
396 310 361 447 8 0 0
404 310 364 450 0 8 0
404 318 367 453 0 0 0
404 318 370 456 8 -8 0
412 310 373 459 0 8 0
412 318 376 462 0 -8 0
412 310 379 465 8 0 0
420 310 382 468 0 -8 0
420 302 385 471 8 -8 0
428 294 388 474 0 8 0
428 302 391 477 0 -8 0
428 294 394 480 8 0 0
436 294 397 483 0 0 0
436 294 400 486 0 8 0
436 302 403 489 8 8 0
444 310 406 492 0 8 0
444 318 409 495 8 0 0
452 318 412 498 0 8 0
452 326 415 501 0 0 0
452 326 418 504 8 8 0
460 334 421 507 0 8 0
460 342 424 510 0 8 0
460 350 427 513 8 -8 0
468 342 430 516 0 -8 0
468 334 433 519 8 0 0
476 334 436 522 0 -8 0
476 326 439 525 0 0 0
476 326 442 528 8 0 0
484 326 445 531 0 8 0
484 334 448 534 0 -8 0
484 326 451 537 8 8 0
492 334 454 540 0 0 0
492 334 457 543 8 8 0
500 342 460 546 0 0 0
500 342 463 549 0 -8 0
500 334 466 552 8 8 0
508 342 469 555 0 0 0
508 342 472 558 0 -8 0
508 334 475 561 8 -8 0
516 326 478 564 0 -8 0
516 318 481 567 8 0 0
524 318 484 570 0 -8 0
524 310 487 573 0 8 0
524 318 490 576 8 -8 0
532 310 493 579 0 -8 0
532 302 496 582 0 8 0
532 310 499 585 8 -8 0
540 302 502 588 0 8 0
540 310 505 591 8 0 0
540 310 508 588 0 -8 0
540 302 511 585 0 -8 0
540 294 514 582 0 -8 0
540 286 517 579 0 8 0
540 294 520 576 0 0 0
540 294 523 573 0 -8 0
540 286 526 570 0 0 0
540 286 529 567 0 0 0
540 286 532 564 0 8 0
540 294 535 561 0 0 0
540 294 538 558 0 -8 0
540 286 541 555 0 8 0
540 294 544 552 0 8 0
540 302 547 549 0 0 0
540 302 550 546 0 8 0
540 310 553 543 0 0 0
540 310 556 540 0 -8 0
540 302 559 537 0 -8 0
540 294 562 534 0 -8 0
540 286 565 531 0 8 0
540 294 568 528 0 8 0
540 302 571 525 0 -8 0
540 294 574 522 0 -8 0
540 286 577 519 0 8 0
540 294 580 516 0 -8 0
540 286 583 513 0 0 0
540 286 586 510 0 8 0
540 294 589 507 0 -8 0
540 286 592 504 0 8 0
540 294 595 501 0 8 0
540 302 598 498 0 8 0
540 310 601 495 0 -8 0
540 302 604 492 0 -8 0
540 294 607 489 -8 -8 0
532 286 610 486 0 0 0
532 286 613 483 0 -8 0
532 278 616 480 -8 -8 0
524 270 619 477 0 0 0
524 270 622 474 0 0 0
524 270 625 471 -8 0 0
516 270 628 468 0 8 0
516 278 631 465 -8 -8 0
508 270 634 462 0 0 0
508 270 637 459 0 8 0
508 278 640 456 -8 -8 0
500 270 643 453 0 8 0
500 278 646 450 0 0 0
500 278 649 447 -8 0 0
492 278 652 444 0 -8 0
492 270 655 441 -8 0 0
484 270 658 438 0 0 0
484 270 661 435 0 0 0
484 270 664 432 -8 0 0
476 270 667 429 0 -8 0
476 262 670 426 0 -8 0
476 254 673 423 -8 0 0
468 254 676 420 0 -8 0
468 246 679 417 -8 0 0
460 246 682 414 0 8 0
460 254 685 411 0 -8 0
460 246 688 408 -8 -8 0
452 238 691 405 0 8 0
452 246 694 402 0 -8 0
452 238 697 399 -8 0 0
444 238 700 396 0 8 0
444 246 703 393 -8 8 0
436 254 706 390 0 -8 0
436 246 709 387 0 0 0
436 246 712 384 -8 8 0
428 254 715 381 0 8 0
428 262 718 378 0 -8 0
428 254 721 375 -8 -8 0
420 246 724 372 0 -8 0
420 238 727 369 -8 -8 0
412 230 730 366 0 0 0
412 230 733 363 0 -8 0
412 222 736 360 -8 0 0
404 222 739 357 0 8 0
404 230 742 354 0 8 0
404 238 745 351 -8 8 0
396 246 748 348 0 -8 0
396 238 751 345 -8 -8 0
388 230 754 342 0 -8 0
388 222 757 339 0 8 0
388 230 760 336 -8 0 0
380 230 763 333 0 -8 0
380 222 766 330 0 0 0
380 222 769 327 -8 0 0
372 222 772 324 0 -8 0
372 214 775 321 -8 0 0
364 214 778 318 0 8 0
364 222 781 315 0 0 1
364 222 781 315 0 0 1
364 222 781 315 0 0 1
364 222 781 315 0 0 1
364 222 781 315 0 0 1
