209 518 532 381 0 0 0
209 518 529 384 8 -8 0
217 510 526 387 8 -8 0
225 502 523 390 8 8 0
233 510 520 393 8 -8 0
241 502 517 396 8 0 0
249 502 514 399 8 0 0
257 502 511 402 8 8 0
265 510 508 405 8 0 0
273 510 505 408 8 -8 0
281 502 502 411 8 -8 0
289 494 499 414 8 8 0
297 502 496 417 8 8 0
305 510 493 420 8 0 0
313 510 490 423 8 0 0
321 510 487 426 8 8 0
329 518 484 429 8 8 0
337 526 481 432 8 0 0
345 526 478 435 8 -8 0
353 518 475 438 8 -8 0
361 510 472 441 8 -8 0
369 502 469 444 8 0 0
377 502 466 447 8 8 0
385 510 463 450 8 8 0
393 518 460 453 8 0 0
401 518 457 456 8 0 0
409 518 454 459 0 8 0
409 526 451 462 8 -8 0
417 518 448 465 0 0 0
417 518 445 468 8 8 0
425 526 442 471 0 0 0
425 526 439 474 0 0 0
425 526 436 477 8 8 0
433 534 433 480 0 8 0
433 540 430 483 0 8 0
433 540 427 486 8 -8 0
441 532 424 489 0 0 0
441 532 421 492 8 0 0
449 532 418 495 0 0 0
449 532 415 498 0 -8 0
449 524 412 501 8 8 0
457 532 409 504 0 8 0
457 540 406 507 0 0 0
457 540 403 510 8 8 0
465 540 400 513 0 8 0
465 540 397 516 8 8 0
473 540 394 519 0 0 0
473 540 391 522 0 -8 0
473 532 388 525 8 8 0
481 540 385 528 0 8 0
481 540 382 531 0 -8 0
481 532 379 534 8 -8 0
489 524 376 537 0 8 0
489 532 373 540 8 8 0
497 540 370 543 0 0 0
497 540 367 546 0 -8 0
497 532 364 549 8 0 0
505 532 361 552 0 -8 0
505 524 358 555 0 0 0
505 524 355 558 8 -8 0
513 516 352 561 0 -8 0
513 508 349 564 8 -8 0
521 500 346 567 0 0 0
521 500 343 570 0 0 0
521 500 340 573 8 -8 0
529 492 337 576 0 8 0
529 500 334 579 0 -8 0
529 492 331 582 8 0 0
537 492 328 585 0 8 0
537 500 325 588 8 -8 0
540 492 322 591 8 0 0
540 492 319 588 0 -8 0
540 484 316 585 0 0 0
540 484 313 582 0 8 0
540 492 310 579 0 0 0
540 492 307 576 0 0 0
540 492 304 573 0 0 0
540 492 301 570 0 -8 0
540 484 298 567 0 8 0
540 492 295 564 0 8 0
540 500 292 561 0 -8 0
540 492 289 558 0 8 0
540 500 286 555 0 -8 0
540 492 283 552 0 8 0
540 500 280 549 0 8 0
540 508 277 546 0 0 0
540 508 274 543 0 0 0
540 508 271 540 0 8 0
540 516 268 537 0 0 0
540 516 265 534 0 0 0
540 516 262 531 0 8 0
540 524 259 528 0 -8 0
540 516 256 525 0 -8 0
540 508 253 522 0 -8 0
540 500 250 519 0 -8 0
540 492 247 516 0 -8 0
540 484 244 513 0 8 0
540 492 241 510 0 0 0
540 492 238 507 0 0 0
540 492 235 504 0 -8 0
540 484 232 501 0 0 0
540 484 229 498 0 0 0
540 484 226 495 0 0 0
540 484 223 492 0 0 0
540 484 220 489 -8 0 0
532 484 217 486 0 8 0
532 492 214 483 0 8 0
532 500 211 480 -8 -8 0
524 492 208 477 0 8 0
524 500 205 474 0 8 0
524 508 202 471 -8 8 0
516 516 199 468 0 -8 0
516 508 196 465 -8 0 0
508 508 193 462 0 0 0
508 508 190 459 0 0 0
508 508 187 456 -8 8 0
500 516 184 453 0 8 0
500 524 181 450 0 -8 0
500 516 178 447 -8 0 0
492 516 175 444 0 8 0
492 524 172 441 -8 -8 0
484 516 169 438 0 8 0
484 524 166 435 0 -8 0
484 516 163 432 -8 0 0
476 516 160 429 0 8 0
476 524 157 426 0 8 0
476 532 154 423 -8 -8 0
468 524 151 420 0 8 0
468 532 148 417 -8 -8 0
460 524 145 414 0 -8 0
460 516 142 411 0 0 0
460 516 139 408 -8 -8 0
452 508 136 405 0 8 0
452 516 133 402 0 -8 0
452 508 130 399 -8 8 0
444 516 127 396 0 0 0
444 516 124 393 -8 -8 0
436 508 121 390 0 0 0
436 508 118 387 0 8 0
436 516 115 384 -8 -8 0
428 508 112 381 0 0 0
428 508 109 378 0 0 0
428 508 106 375 -8 8 0
420 516 103 372 0 -8 0
420 508 100 369 -8 -8 0
412 500 97 366 0 -8 0
412 492 94 363 0 0 0
412 492 91 360 -8 -8 0
404 484 88 357 0 0 0
404 484 85 354 0 8 0
404 492 82 351 -8 -8 0
396 484 79 348 0 -8 0
396 476 76 345 -8 -8 0
388 468 73 342 0 8 0
388 476 70 339 0 0 0
388 476 67 336 -8 0 0
380 476 64 333 0 0 0
380 476 61 330 0 8 0
380 484 58 327 -8 8 0
372 492 55 324 0 8 0
372 500 52 321 -8 0 0
364 500 49 318 0 8 0
364 508 46 315 0 8 0
364 516 43 312 -8 8 0
356 524 40 309 0 8 0
356 532 37 306 0 -8 0
356 524 34 303 -8 8 0
348 532 31 300 0 -8 0
348 524 28 297 -8 8 0
340 532 25 294 0 0 0
340 532 22 291 0 -8 0
340 524 19 288 0 0 1
340 524 19 288 0 0 1
340 524 19 288 0 0 1
340 524 19 288 0 0 1
340 524 19 288 0 0 1
