88 61 310 480 0 0 0
88 61 307 483 8 8 0
96 69 304 486 8 0 0
104 69 301 489 8 -8 0
112 61 298 492 8 0 0
120 61 295 495 8 8 0
128 69 292 498 8 -8 0
136 61 289 501 8 0 0
144 61 286 504 8 8 0
152 69 283 507 8 8 0
160 77 280 510 8 8 0
168 85 277 513 8 8 0
176 93 274 516 8 0 0
184 93 271 519 8 -8 0
192 85 268 522 8 -8 0
200 77 265 525 8 8 0
208 85 262 528 8 0 0
216 85 259 531 8 0 0
224 85 256 534 8 0 0
232 85 253 537 8 0 0
240 85 250 540 8 0 0
248 85 247 543 8 0 0
256 85 244 546 8 -8 0
264 77 241 549 8 8 0
272 85 238 552 8 0 0
280 85 235 555 8 -8 0
288 77 232 558 8 0 0
296 77 229 561 8 -8 0
304 69 226 564 8 8 0
312 77 223 567 8 8 0
320 85 220 570 8 0 0
328 85 217 573 8 0 0
336 85 214 576 8 -8 0
344 77 211 579 8 -8 0
352 69 208 582 8 0 0
360 69 205 585 8 8 0
368 77 202 588 8 -8 0
376 69 199 591 8 -8 0
384 61 196 588 8 0 0
392 61 193 585 8 -8 0
400 60 190 582 8 -8 0
408 60 187 579 8 -8 0
416 60 184 576 8 0 0
424 60 181 573 8 -8 0
432 60 178 570 8 -8 0
440 60 175 567 8 8 0
448 68 172 564 8 -8 0
456 60 169 561 8 -8 0
464 60 166 558 8 0 0
472 60 163 555 8 8 0
480 68 160 552 8 8 0
488 76 157 549 8 -8 0
496 68 154 546 0 8 0
496 76 151 543 0 0 0
496 76 148 540 0 8 0
496 84 145 537 0 8 0
496 92 142 534 0 -8 0
496 84 139 531 0 8 0
496 92 136 528 0 8 0
496 100 133 525 0 0 0
496 100 130 522 0 0 0
496 100 127 519 0 0 0
496 100 124 516 0 0 0
496 100 121 513 0 0 0
496 100 118 510 0 8 0
496 108 115 507 0 0 0
496 108 112 504 0 0 0
496 108 109 501 0 0 0
496 108 106 498 0 8 0
496 116 103 495 0 8 0
496 124 100 492 0 0 0
496 124 97 489 0 0 0
496 124 94 486 0 0 0
496 124 91 483 0 8 0
496 132 88 480 0 0 0
496 132 85 477 0 -8 0
496 124 82 474 0 0 0
496 124 79 471 0 8 0
496 132 76 468 0 8 0
496 140 73 465 0 8 0
496 148 70 462 0 8 0
496 156 67 459 0 -8 0
496 148 64 456 0 0 0
496 148 61 453 0 0 0
496 148 58 450 0 8 0
496 156 55 447 0 8 0
496 164 52 444 -8 0 0
488 164 49 441 0 0 0
488 164 46 438 0 -8 0
488 156 43 435 -8 8 0
480 164 40 432 0 -8 0
480 156 37 429 -8 0 0
472 156 34 426 0 0 0
472 156 31 423 0 8 0
472 164 28 420 -8 0 0
464 164 25 417 0 -8 0
464 156 22 414 0 -8 0
464 148 19 411 0 0 1
464 148 19 411 0 0 1
464 148 19 411 0 0 1
464 148 19 411 0 0 1
464 148 19 411 0 0 1
