459 254 181 261 0 0 0
459 254 184 264 -8 0 0
451 254 187 267 -8 8 0
443 262 190 270 -8 -8 0
435 254 193 273 -8 0 0
427 254 196 276 -8 0 0
419 254 199 279 -8 0 0
411 254 202 282 -8 0 0
403 254 205 285 -8 0 0
395 254 208 288 -8 8 0
387 262 211 291 -8 -8 0
379 254 214 294 -8 -8 0
371 246 217 297 -8 0 0
363 246 220 300 -8 0 0
355 246 223 303 -8 -8 0
347 238 226 306 0 -8 0
347 230 229 309 0 8 0
347 238 232 312 0 0 0
347 238 235 315 0 0 0
347 238 238 318 0 0 0
347 238 241 321 0 8 0
347 246 244 324 0 0 0
347 246 247 327 0 8 0
347 254 250 330 0 0 0
347 254 253 333 0 -8 0
347 246 256 336 0 0 0
347 246 259 339 0 8 0
347 254 262 342 0 -8 0
347 246 265 345 0 -8 0
347 238 268 348 0 0 0
347 238 271 351 0 0 0
347 238 274 354 0 -8 0
347 230 277 357 0 -8 0
347 222 280 360 0 -8 0
347 214 283 363 0 0 0
347 214 286 366 0 -8 0
347 206 289 369 0 8 0
347 214 292 372 0 -8 0
347 206 295 375 0 8 0
347 214 298 378 0 8 0
347 222 301 381 0 8 0
347 230 304 384 0 -8 0
347 222 307 387 0 0 0
347 222 310 390 0 -8 0
347 214 313 393 0 0 0
347 214 316 396 0 0 0
347 214 319 399 8 -8 0
355 206 322 402 0 -8 0
355 198 325 405 0 8 0
355 206 328 408 8 0 0
363 206 331 411 0 0 0
363 206 334 414 8 -8 0
371 198 337 417 0 -8 0
371 190 340 420 0 0 0
371 190 343 423 8 0 0
379 190 346 426 0 0 0
379 190 349 429 0 8 0
379 198 352 432 8 8 0
387 206 355 435 0 8 0
387 214 358 438 8 -8 0
395 206 361 441 0 -8 0
395 198 364 444 0 0 0
395 198 367 447 8 8 0
403 206 370 450 0 0 0
403 206 373 453 0 8 0
403 214 376 456 8 8 0
411 222 379 459 0 0 0
411 222 382 462 8 0 0
419 222 385 465 0 8 0
419 230 388 468 0 8 0
419 238 391 471 8 -8 0
427 230 394 474 0 0 0
427 230 397 477 0 8 0
427 238 400 480 8 8 0
435 246 403 483 0 -8 0
435 238 406 486 8 0 0
443 238 409 489 0 0 0
443 238 412 492 0 -8 0
443 230 415 495 8 0 0
451 230 418 498 0 8 0
451 238 421 501 0 -8 0
451 230 424 504 8 8 0
459 238 427 507 0 8 0
459 246 430 510 8 -8 0
467 238 433 513 0 0 0
467 238 436 516 0 8 0
467 246 439 519 8 0 0
475 246 442 522 0 -8 0
475 238 445 525 0 0 0
475 238 448 528 8 0 0
483 238 451 531 0 0 0
483 238 454 534 8 0 0
491 238 457 537 0 0 0
491 238 460 540 0 8 0
491 246 463 543 8 8 0
499 254 466 546 0 0 0
499 254 469 549 0 8 0
499 262 472 552 8 8 0
507 270 475 555 0 -8 0
507 262 478 558 8 0 0
515 262 481 561 0 0 0
515 262 484 564 0 8 0
515 270 487 567 8 -8 0
523 262 490 570 0 8 0
523 270 493 573 0 8 0
523 278 496 576 8 8 0
531 286 499 579 0 8 0
531 294 502 582 8 -8 0
539 286 505 585 0 -8 0
539 278 508 588 0 0 0
539 278 511 591 8 0 0
540 278 514 588 0 0 0
540 278 517 585 0 -8 0
540 270 520 582 0 0 0
540 270 523 579 0 -8 0
540 262 526 576 0 8 0
540 270 529 573 0 0 0
540 270 532 570 0 0 0
540 270 535 567 0 -8 0
540 262 538 564 0 0 0
540 262 541 561 0 8 0
540 270 544 558 0 0 0
540 270 547 555 0 -8 0
540 262 550 552 0 8 0
540 270 553 549 0 8 0
540 278 556 546 0 8 0
540 286 559 543 0 8 0
540 294 562 540 0 -8 0
540 286 565 537 0 0 0
540 286 568 534 0 8 0
540 294 571 531 0 0 0
540 294 574 528 0 8 0
540 302 577 525 0 8 0
540 310 580 522 0 8 0
540 318 583 519 0 -8 0
540 310 586 516 0 8 0
540 318 589 513 0 8 0
540 326 592 510 0 8 0
540 334 595 507 0 0 0
540 334 598 504 0 -8 0
540 326 601 501 0 0 0
540 326 604 498 0 0 0
540 326 607 495 0 8 0
540 334 610 492 0 0 0
540 334 613 489 -8 0 0
532 334 616 486 0 -8 0
532 326 619 483 0 -8 0
532 318 622 480 -8 8 0
524 326 625 477 0 0 0
524 326 628 474 0 0 0
524 326 631 471 -8 -8 0
516 318 634 468 0 8 0
516 326 637 465 -8 0 0
508 326 640 462 0 -8 0
508 318 643 459 0 -8 0
508 310 646 456 -8 0 0
500 310 649 453 0 -8 0
500 302 652 450 0 0 0
500 302 655 447 -8 0 0
492 302 658 444 0 0 0
492 302 661 441 -8 -8 0
484 294 664 438 0 0 0
484 294 667 435 0 0 0
484 294 670 432 -8 -8 0
476 286 673 429 0 -8 0
476 278 676 426 0 0 0
476 278 679 423 -8 0 0
468 278 682 420 0 0 0
468 278 685 417 -8 0 0
460 278 688 414 0 8 0
460 286 691 411 0 8 0
460 294 694 408 -8 8 0
452 302 697 405 0 8 0
452 310 700 402 0 -8 0
452 302 703 399 -8 0 0
444 302 706 396 0 0 0
444 302 709 393 -8 0 0
436 302 712 390 0 0 0
436 302 715 387 0 -8 0
436 294 718 384 -8 -8 0
428 286 721 381 0 -8 0
428 278 724 378 0 0 0
428 278 727 375 -8 -8 0
420 270 730 372 0 -8 0
420 262 733 369 -8 8 0
412 270 736 366 0 8 0
412 278 739 363 0 8 0
412 286 742 360 -8 0 0
404 286 745 357 0 0 0
404 286 748 354 0 0 0
404 286 751 351 -8 -8 0
396 278 754 348 0 8 0
396 286 757 345 -8 0 0
388 286 760 342 0 8 0
388 294 763 339 0 8 0
388 302 766 336 -8 -8 0
380 294 769 333 0 0 0
380 294 772 330 0 -8 0
380 286 775 327 -8 0 0
372 286 778 324 0 0 0
372 286 781 321 -8 8 0
364 294 778 318 0 0 0
364 294 775 315 0 -8 0
364 286 772 312 -8 8 0
356 294 769 309 0 0 0
356 294 766 306 0 -8 0
356 286 763 303 -8 -8 0
348 278 760 300 0 0 0
348 278 757 297 -8 8 0
340 286 754 294 0 0 0
340 286 751 291 0 -8 0
340 278 748 288 -8 8 0
332 286 745 285 0 8 0
332 294 742 282 0 8 0
332 302 739 279 -8 8 0
324 310 736 276 0 0 0
324 310 733 273 -8 8 0
316 318 730 270 0 0 0
316 318 727 267 0 0 0
316 318 724 264 -8 -8 0
308 310 721 261 0 8 0
308 318 718 258 0 -8 0
308 310 715 255 -8 8 0
300 318 712 252 0 8 0
300 326 709 249 -8 0 0
292 326 706 246 0 -8 0
292 318 703 243 0 0 0
292 318 700 240 -8 0 0
284 318 697 237 0 8 0
284 326 694 234 0 8 0
284 334 691 231 -8 -8 0
276 326 688 228 0 8 0
276 334 685 225 -8 8 0
268 342 682 222 0 -8 0
268 334 679 219 0 0 0
268 334 676 216 -8 -8 0
260 326 673 213 0 0 0
260 326 670 210 0 0 0
260 326 667 207 -8 8 0
252 334 664 204 0 0 0
252 334 661 201 -8 0 0
244 334 658 198 0 0 0
244 334 655 195 0 -8 0
244 326 652 192 -8 8 0
236 334 649 189 0 -8 0
236 326 646 186 0 8 0
236 334 643 183 -8 -8 0
228 326 640 180 0 0 0
228 326 637 177 -8 8 0
220 334 634 174 0 0 0
220 334 631 171 0 -8 0
220 326 628 168 -8 8 0
212 334 625 165 0 -8 0
212 326 622 162 0 -8 0
212 318 619 159 -8 0 0
204 318 616 156 0 0 0
204 318 613 153 -8 -8 0
196 310 610 150 0 -8 0
196 302 607 147 0 8 0
196 310 604 144 -8 8 0
188 318 601 141 0 0 0
188 318 598 138 0 -8 0
188 310 595 135 -8 8 0
180 318 592 132 0 0 0
180 318 589 129 -8 0 0
172 318 586 126 0 0 0
172 318 583 123 0 0 0
172 318 580 120 -8 -8 0
164 310 577 117 0 -8 0
164 302 574 114 0 0 0
164 302 571 111 -8 -8 0
156 294 568 108 0 0 0
156 294 565 105 -8 -8 0
148 286 562 102 0 0 0
148 286 559 99 0 -8 0
148 278 556 96 -8 0 0
140 278 553 93 0 -8 0
140 270 550 90 0 0 0
140 270 547 87 -8 8 0
132 278 544 84 0 -8 0
132 270 541 81 -8 0 0
124 270 538 78 0 8 0
124 278 535 75 0 -8 0
124 270 532 72 -8 0 0
116 270 529 69 0 0 0
116 270 526 66 0 0 0
116 270 523 63 -8 -8 0
108 262 520 60 0 -8 0
108 254 517 57 -8 -8 0
100 246 514 54 0 8 0
100 254 511 51 0 8 0
100 262 508 48 -8 -8 0
92 254 505 45 0 8 0
92 262 502 42 0 0 0
92 262 499 39 -8 -8 0
84 254 496 36 0 -8 0
84 246 493 33 -8 8 0
76 254 490 30 0 0 0
76 254 487 27 0 8 0
76 262 484 24 -8 8 0
68 270 481 21 0 8 0
68 278 478 18 0 8 0
68 286 475 15 -8 -8 0
60 278 472 12 0 8 0
60 286 469 9 -8 -8 0
60 278 466 12 0 -8 0
60 270 463 15 0 8 0
60 278 460 18 0 -8 0
60 270 457 21 0 8 0
60 278 454 24 0 0 0
60 278 451 27 0 8 0
60 286 448 30 0 8 0
60 294 445 33 0 8 0
60 302 442 36 0 0 0
60 302 439 39 0 8 0
60 310 436 42 0 0 0
60 310 433 45 0 8 0
60 318 430 48 0 8 0
60 326 427 51 0 0 0
60 326 424 54 0 0 0
60 326 421 57 0 -8 0
60 318 418 60 0 8 0
60 326 415 63 0 8 0
60 334 412 66 0 0 0
60 334 409 69 0 0 0
60 334 406 72 0 8 0
60 342 403 75 0 -8 0
60 334 400 78 0 8 0
60 342 397 81 0 0 0
60 342 394 84 0 0 0
60 342 391 87 0 -8 0
60 334 388 90 0 0 0
60 334 385 93 0 -8 0
60 326 382 96 0 -8 0
60 318 379 99 0 0 0
60 318 376 102 0 0 0
60 318 373 105 0 -8 0
60 310 370 108 0 -8 0
60 302 367 111 8 0 0
68 302 364 114 0 0 0
68 302 361 117 0 0 0
68 302 358 120 8 -8 0
76 294 355 123 0 -8 0
76 286 352 126 0 8 0
76 294 349 129 8 8 0
84 302 346 132 0 8 0
84 310 343 135 8 -8 0
92 302 340 138 0 8 0
92 310 337 141 0 8 0
92 318 334 144 8 8 0
100 326 331 147 0 0 0
100 326 328 150 0 0 0
100 326 325 153 8 8 0
108 334 322 156 0 -8 0
108 326 319 159 8 8 0
116 334 316 162 0 -8 0
116 326 313 165 0 -8 0
116 318 310 168 8 8 0
124 326 307 171 0 -8 0
124 318 304 174 0 8 0
124 326 301 177 8 -8 0
132 318 298 180 0 0 0
132 318 295 183 8 0 0
140 318 292 186 0 8 0
140 326 289 189 0 0 0
140 326 286 192 8 0 0
148 326 283 195 0 -8 0
148 318 280 198 0 0 0
148 318 277 201 8 8 0
156 326 274 204 0 -8 0
156 318 271 207 8 -8 0
164 310 268 210 0 8 0
164 318 265 213 0 0 0
164 318 262 216 8 8 0
172 326 259 219 0 0 0
172 326 256 222 0 8 0
172 334 253 225 8 -8 0
180 326 250 228 0 8 0
180 334 247 231 8 -8 0
188 326 244 234 0 0 0
188 326 241 237 0 0 0
188 326 238 240 8 0 0
196 326 235 243 0 0 0
196 326 232 246 0 8 0
196 334 229 249 8 0 0
204 334 226 252 0 0 0
204 334 223 255 8 8 0
212 342 220 258 0 8 0
212 350 217 261 0 0 0
212 350 214 264 8 8 0
220 358 211 267 0 8 0
220 366 208 270 0 8 0
220 374 205 273 8 0 0
228 374 202 276 0 0 0
228 374 199 279 8 -8 0
236 366 196 282 0 8 0
236 374 193 285 0 -8 0
236 366 190 288 8 8 0
244 374 187 291 0 -8 0
244 366 184 294 0 8 0
244 374 181 297 8 8 0
252 382 178 300 0 8 0
252 390 175 303 8 -8 0
260 382 172 306 0 0 0
260 382 169 309 0 8 0
260 390 166 312 8 -8 0
268 382 163 315 0 8 0
268 390 160 318 0 8 0
268 398 157 321 8 8 0
276 406 154 324 0 8 0
276 414 151 327 8 -8 0
284 406 148 330 0 -8 0
284 398 145 333 0 -8 0
284 390 142 336 8 8 0
292 398 139 339 0 8 0
292 406 136 342 0 0 0
292 406 133 345 8 8 0
300 414 130 348 0 -8 0
300 406 127 351 8 8 0
308 414 124 354 0 -8 0
308 406 121 357 0 0 0
308 406 118 360 8 8 0
316 414 115 363 0 0 0
316 414 112 366 0 0 0
316 414 109 369 8 0 0
324 414 106 372 0 0 0
324 414 103 375 8 -8 0
332 406 100 378 0 0 0
332 406 97 381 0 -8 0
332 398 94 384 8 -8 0
340 390 91 387 0 -8 0
340 382 88 390 0 8 0
340 390 85 393 8 0 0
348 390 82 396 0 -8 0
348 382 79 399 8 8 0
356 390 76 402 0 -8 0
356 382 73 405 0 -8 0
356 374 70 408 8 -8 0
364 366 67 411 0 0 0
364 366 64 414 0 0 0
364 366 61 417 8 8 0
372 374 58 420 0 -8 0
372 366 55 423 8 8 0
380 374 52 426 0 8 0
380 382 49 429 0 -8 0
380 374 46 432 8 0 0
388 374 43 435 0 8 0
388 382 40 438 0 -8 0
388 374 37 441 8 -8 0
396 366 34 444 0 -8 0
396 358 31 447 8 -8 0
404 350 28 450 0 -8 0
404 342 25 453 0 0 0
404 342 22 456 8 0 0
412 342 19 459 0 0 0
412 342 22 462 0 8 0
412 350 25 465 8 8 0
420 358 28 468 0 -8 0
420 350 31 471 8 -8 0
428 342 34 474 0 0 0
428 342 37 477 0 -8 0
428 334 40 480 8 0 0
436 334 43 483 0 -8 0
436 326 46 486 0 -8 0
436 318 49 489 8 -8 0
444 310 52 492 0 0 0
444 310 55 495 8 -8 0
452 302 58 498 0 0 0
452 302 61 501 0 -8 0
452 294 64 504 8 0 0
460 294 67 507 0 -8 0
460 286 70 510 0 8 0
460 294 73 513 8 -8 0
468 286 76 516 0 -8 0
468 278 79 519 8 8 0
476 286 82 522 0 8 0
476 294 85 525 0 0 0
476 294 88 528 8 8 0
484 302 91 531 0 -8 0
484 294 94 534 0 0 0
484 294 97 537 8 0 0
492 294 100 540 0 8 0
492 302 103 543 8 -8 0
500 294 106 546 0 -8 0
500 286 109 549 0 0 0
500 286 112 552 8 8 0
508 294 115 555 0 -8 0
508 286 118 558 0 8 0
508 294 121 561 8 -8 0
516 286 124 564 0 0 0
516 286 127 567 8 8 0
524 294 130 570 0 8 0
524 302 133 573 0 8 0
524 310 136 576 8 -8 0
532 302 139 579 0 -8 0
532 294 142 582 0 0 0
532 294 145 585 8 -8 0
540 286 148 588 0 8 0
540 294 151 591 8 0 0
540 294 154 588 0 0 0
540 294 157 585 0 -8 0
540 286 160 582 0 8 0
540 294 163 579 0 0 0
540 294 166 576 0 -8 0
540 286 169 573 0 8 0
540 294 172 570 0 8 0
540 302 175 567 0 -8 0
540 294 178 564 0 0 0
540 294 181 561 0 0 0
540 294 184 558 0 -8 0
540 286 187 555 0 0 0
540 286 190 552 0 -8 0
540 278 193 549 0 -8 0
540 270 196 546 0 -8 0
540 262 199 543 0 -8 0
540 254 202 540 0 0 0
540 254 205 537 0 -8 0
540 246 208 534 0 -8 0
540 238 211 531 0 8 0
540 246 214 528 0 8 0
540 254 217 525 0 8 0
540 262 220 522 0 0 0
540 262 223 519 0 8 0
540 270 226 516 0 8 0
540 278 229 513 0 -8 0
540 270 232 510 0 -8 0
540 262 235 507 0 0 0
540 262 238 504 0 -8 0
540 254 241 501 0 0 0
540 254 244 498 0 -8 0
540 246 247 495 0 -8 0
540 238 250 492 0 8 0
540 246 253 489 -8 0 0
532 246 256 486 0 -8 0
532 238 259 483 0 0 0
532 238 262 480 -8 8 0
524 246 265 477 0 -8 0
524 238 268 474 0 0 0
524 238 271 471 -8 0 0
516 238 274 468 0 8 0
516 246 277 465 -8 8 0
508 254 280 462 0 -8 0
508 246 283 459 0 8 0
508 254 286 456 -8 -8 0
500 246 289 453 0 8 0
500 254 292 450 0 -8 0
500 246 295 447 -8 8 0
492 254 298 444 0 8 0
492 262 301 441 -8 8 0
484 270 304 438 0 -8 0
484 262 307 435 0 0 0
484 262 310 432 -8 -8 0
476 254 313 429 0 8 0
476 262 316 426 0 0 0
476 262 319 423 -8 0 0
468 262 322 420 0 -8 0
468 254 325 417 -8 -8 0
460 246 328 414 0 8 0
460 254 331 411 0 -8 0
460 246 334 408 -8 -8 0
452 238 337 405 0 -8 0
452 230 340 402 0 0 0
452 230 343 399 -8 8 0
444 238 346 396 0 8 0
444 246 349 393 -8 -8 0
436 238 352 390 0 0 0
436 238 355 387 0 -8 0
436 230 358 384 -8 0 0
428 230 361 381 0 0 0
428 230 364 378 0 8 0
428 238 367 375 -8 -8 0
420 230 370 372 0 8 0
420 238 373 369 -8 8 0
412 246 376 366 0 8 0
412 254 379 363 0 0 0
412 254 382 360 -8 -8 0
404 246 385 357 0 8 0
404 254 388 354 0 0 0
404 254 391 351 -8 8 0
396 262 394 348 0 8 0
396 270 397 345 -8 -8 0
388 262 400 342 0 8 0
388 270 403 339 0 0 0
388 270 406 336 -8 8 0
380 278 409 333 0 8 0
380 286 412 330 0 0 0
380 286 415 327 -8 0 0
372 286 418 324 0 -8 0
372 278 421 321 -8 0 0
364 278 424 318 0 -8 0
364 270 427 315 0 -8 0
364 262 430 312 -8 -8 0
356 254 433 309 0 -8 0
356 246 436 306 0 -8 0
356 238 439 303 -8 -8 0
348 230 442 300 0 8 0
348 238 445 297 -8 -8 0
340 230 448 294 0 0 0
340 230 451 291 0 0 0
340 230 454 288 -8 0 0
332 230 457 285 0 0 0
332 230 460 282 0 8 0
332 238 463 279 -8 -8 0
324 230 466 276 0 0 0
324 230 469 273 -8 8 0
316 238 472 270 0 0 0
316 238 475 267 0 -8 0
316 230 478 264 -8 0 0
308 230 481 261 0 0 0
308 230 484 258 0 8 0
308 238 487 255 -8 -8 0
300 230 490 252 0 8 0
300 238 493 249 -8 0 0
292 238 496 246 0 0 0
292 238 499 243 0 0 0
292 238 502 240 -8 -8 0
284 230 505 237 0 0 0
284 230 508 234 0 0 0
284 230 511 231 -8 -8 0
276 222 514 228 0 0 0
276 222 517 225 -8 -8 0
268 214 520 222 0 0 0
268 214 523 219 0 0 0
268 214 526 216 -8 -8 0
260 206 529 213 0 0 0
260 206 532 210 0 0 0
260 206 535 207 -8 0 0
252 206 538 204 0 8 0
252 214 541 201 -8 0 0
244 214 544 198 0 0 0
244 214 547 195 0 0 0
244 214 550 192 -8 -8 0
236 206 553 189 0 0 0
236 206 556 186 0 0 0
236 206 559 183 -8 -8 0
228 198 562 180 0 8 0
228 206 565 177 -8 8 0
220 214 568 174 0 8 0
220 222 571 171 0 8 0
220 230 574 168 -8 -8 0
212 222 577 165 0 8 0
212 230 580 162 0 8 0
212 238 583 159 -8 0 0
204 238 586 156 0 0 0
204 238 589 153 -8 8 0
196 246 592 150 0 0 0
196 246 595 147 0 0 0
196 246 598 144 -8 0 0
188 246 601 141 0 8 0
188 254 604 138 0 0 0
188 254 607 135 -8 8 0
180 262 610 132 0 8 0
180 270 613 129 -8 -8 0
172 262 616 126 0 -8 0
172 254 619 123 0 -8 0
172 246 622 120 -8 0 0
164 246 625 117 0 0 0
164 246 628 114 0 -8 0
164 238 631 111 -8 0 0
156 238 634 108 0 8 0
156 246 637 105 -8 8 0
148 254 640 102 0 8 0
148 262 643 99 0 0 0
148 262 646 96 -8 0 0
140 262 649 93 0 8 0
140 270 652 90 0 -8 0
140 262 655 87 -8 0 0
132 262 658 84 0 0 0
132 262 661 81 -8 -8 0
124 254 664 78 0 0 0
124 254 667 75 0 -8 0
124 246 670 72 -8 8 0
116 254 673 69 0 0 0
116 254 676 66 0 0 0
116 254 679 63 -8 -8 0
108 246 682 60 0 -8 0
108 238 685 57 -8 -8 0
100 230 688 54 0 0 0
100 230 691 51 0 -8 0
100 222 694 48 -8 -8 0
92 214 697 45 0 0 0
92 214 700 42 0 0 0
92 214 703 39 -8 -8 0
84 206 706 36 0 -8 0
84 198 709 33 -8 0 0
76 198 712 30 0 -8 0
76 190 715 27 0 -8 0
76 182 718 24 -8 -8 0
68 174 721 21 0 0 0
68 174 724 18 0 0 0
68 174 727 15 -8 0 0
60 174 730 12 0 0 0
60 174 733 9 -8 0 0
60 174 736 12 0 8 0
60 182 739 15 0 -8 0
60 174 742 18 0 0 0
60 174 745 21 0 0 0
60 174 748 24 0 8 0
60 182 751 27 0 0 0
60 182 754 30 0 -8 0
60 174 757 33 0 8 0
60 182 760 36 0 -8 0
60 174 763 39 0 0 0
60 174 766 42 0 8 0
60 182 769 45 0 8 0
60 190 772 48 0 8 0
60 198 775 51 0 8 0
60 206 778 54 0 0 0
60 206 781 57 0 0 1
60 206 781 57 0 0 1
60 206 781 57 0 0 1
60 206 781 57 0 0 1
60 206 781 57 0 0 1
