104 343 328 366 0 0 0
104 343 331 363 8 0 0
112 343 334 360 8 8 0
120 351 337 357 8 -8 0
128 343 340 354 8 8 0
136 351 343 351 8 -8 0
144 343 346 348 8 8 0
152 351 349 345 8 8 0
160 359 352 342 8 0 0
168 359 355 339 8 -8 0
176 351 358 336 8 0 0
184 351 361 333 8 8 0
192 359 364 330 8 8 0
200 367 367 327 8 0 0
208 367 370 324 8 -8 0
216 359 373 321 8 8 0
224 367 376 318 8 8 0
232 375 379 315 8 -8 0
240 367 382 312 8 8 0
248 375 385 309 8 -8 0
256 367 388 306 0 0 0
256 367 391 303 0 0 0
256 367 394 300 0 8 0
256 375 397 297 0 8 0
256 383 400 294 0 0 0
256 383 403 291 0 8 0
256 391 406 288 0 -8 0
256 383 409 285 0 0 0
256 383 412 282 0 0 0
256 383 415 279 0 -8 0
256 375 418 276 0 0 0
256 375 421 273 0 8 0
256 383 424 270 0 0 0
256 383 427 267 0 0 0
256 383 430 264 0 -8 0
256 375 433 261 0 0 0
256 375 436 258 0 0 0
256 375 439 255 0 -8 0
256 367 442 252 0 8 0
256 375 445 249 0 0 0
256 375 448 246 0 -8 0
256 367 451 243 0 8 0
256 375 454 240 0 0 0
256 375 457 237 0 -8 0
256 367 460 234 0 8 0
256 375 463 231 0 0 0
256 375 466 228 0 -8 0
256 367 469 225 0 0 0
256 367 472 222 0 -8 0
256 359 475 219 0 0 0
256 359 478 216 0 -8 0
256 351 481 213 0 0 0
256 351 484 210 0 0 0
256 351 487 207 0 -8 0
256 343 490 204 -8 8 0
248 351 493 201 0 -8 0
248 343 496 198 0 8 0
248 351 499 195 -8 -8 0
240 343 502 192 0 8 0
240 351 505 189 -8 8 0
232 359 508 186 0 -8 0
232 351 511 183 0 -8 0
232 343 514 180 -8 8 0
224 351 517 177 0 8 0
224 359 520 174 0 -8 0
224 351 523 171 -8 0 0
216 351 526 168 0 8 0
216 359 529 165 -8 8 0
208 367 532 162 0 8 0
208 375 535 159 0 -8 0
208 367 538 156 -8 -8 0
200 359 541 153 0 -8 0
200 351 544 150 0 -8 0
200 343 547 147 -8 0 0
192 343 550 144 0 8 0
192 351 553 141 -8 -8 0
184 343 556 138 0 -8 0
184 335 559 135 0 8 0
184 343 562 132 -8 0 0
176 343 565 129 0 8 0
176 351 568 126 0 8 0
176 359 571 123 -8 -8 0
168 351 574 120 0 0 0
168 351 577 117 -8 -8 0
160 343 580 114 0 -8 0
160 335 583 111 0 0 0
160 335 586 108 -8 8 0
152 343 589 105 0 -8 0
152 335 592 102 0 -8 0
152 327 595 99 -8 8 0
144 335 598 96 0 -8 0
144 327 601 93 -8 8 0
136 335 604 90 0 -8 0
136 327 607 87 0 0 0
136 327 610 84 -8 8 0
128 335 613 81 0 -8 0
128 327 616 78 0 0 0
128 327 619 75 -8 -8 0
120 319 622 72 0 8 0
120 327 625 69 -8 -8 0
112 319 628 66 0 8 0
112 327 631 63 0 0 0
112 327 634 60 -8 0 0
104 327 637 57 0 0 0
104 327 640 54 0 8 0
104 335 643 51 -8 0 0
96 335 646 48 0 -8 0
96 327 649 45 -8 8 0
88 335 652 42 0 8 0
88 343 655 39 0 0 0
88 343 658 36 -8 8 0
80 351 661 33 0 -8 0
80 343 664 30 0 0 0
80 343 667 27 -8 0 0
72 343 670 24 0 -8 0
72 335 673 21 -8 0 0
64 335 676 18 0 -8 0
64 327 679 15 0 -8 0
64 319 682 12 -8 -8 0
60 311 685 9 -8 -8 0
60 303 688 12 0 8 0
60 311 691 15 0 -8 0
60 303 694 18 0 8 0
60 311 697 21 0 0 0
60 311 700 24 0 -8 0
60 303 703 27 0 -8 0
60 295 706 30 0 0 0
60 295 709 33 0 8 0
60 303 712 36 0 8 0
60 311 715 39 0 -8 0
60 303 718 42 0 8 0
60 311 721 45 0 8 0
60 319 724 48 0 8 0
60 327 727 51 0 0 0
60 327 730 54 0 -8 0
60 319 733 57 0 -8 0
60 311 736 60 0 -8 0
60 303 739 63 0 -8 0
60 295 742 66 0 0 0
60 295 745 69 0 0 0
60 295 748 72 0 8 0
60 303 751 75 0 -8 0
60 295 754 78 0 8 0
60 303 757 81 0 8 0
60 311 760 84 0 0 0
60 311 763 87 0 0 0
60 311 766 90 0 -8 0
60 303 769 93 0 0 0
60 303 772 96 0 0 0
60 303 775 99 0 -8 0
60 295 778 102 0 8 0
60 303 781 105 0 0 1
60 303 781 105 0 0 1
60 303 781 105 0 0 1
60 303 781 105 0 0 1
60 303 781 105 0 0 1
