532 215 262 105 0 0 0
532 215 265 102 -8 8 0
524 223 268 99 -8 0 0
516 223 271 96 -8 0 0
508 223 274 93 -8 0 0
500 223 277 90 -8 0 0
492 223 280 87 -8 -8 0
484 215 283 84 -8 8 0
476 223 286 81 -8 0 0
468 223 289 78 -8 0 0
460 223 292 75 -8 -8 0
452 215 295 72 -8 0 0
444 215 298 69 -8 -8 0
436 207 301 66 -8 8 0
428 215 304 63 -8 0 0
420 215 307 60 -8 -8 0
412 207 310 57 -8 -8 0
404 199 313 54 -8 8 0
396 207 316 51 -8 -8 0
388 199 319 48 -8 0 0
380 199 322 45 -8 -8 0
372 191 325 42 -8 8 0
364 199 328 39 -8 -8 0
356 191 331 36 -8 -8 0
348 183 334 33 -8 8 0
340 191 337 30 -8 -8 0
332 183 340 27 -8 -8 0
324 175 343 24 -8 0 0
316 175 346 21 -8 8 0
308 183 349 18 -8 -8 0
300 175 352 15 -8 -8 0
292 167 355 12 -8 0 0
284 167 358 9 -8 8 0
276 175 361 12 -8 8 0
268 183 364 15 -8 -8 0
260 175 367 18 -8 -8 0
252 167 370 21 -8 8 0
244 175 373 24 -8 8 0
236 183 376 27 -8 -8 0
228 175 379 30 -8 8 0
220 183 382 33 -8 8 0
212 191 385 36 -8 8 0
204 199 388 39 -8 -8 0
196 191 391 42 -8 0 0
188 191 394 45 -8 8 0
180 199 397 48 -8 -8 0
172 191 400 51 -8 8 0
164 199 403 54 -8 8 0
156 207 406 57 -8 -8 0
148 199 409 60 -8 0 0
140 199 412 63 -8 8 0
132 207 415 66 -8 0 0
124 207 418 69 -8 -8 0
116 199 421 72 0 8 0
116 207 424 75 0 8 0
116 215 427 78 0 -8 0
116 207 430 81 0 0 0
116 207 433 84 0 8 0
116 215 436 87 0 8 0
116 223 439 90 0 0 0
116 223 442 93 0 -8 0
116 215 445 96 0 8 0
116 223 448 99 0 8 0
116 231 451 102 0 -8 0
116 223 454 105 0 0 0
116 223 457 108 0 -8 0
116 215 460 111 0 8 0
116 223 463 114 0 0 0
116 223 466 117 0 0 0
116 223 469 120 0 -8 0
116 215 472 123 0 -8 0
116 207 475 126 0 -8 0
116 199 478 129 0 8 0
116 207 481 132 0 8 0
116 215 484 135 0 0 0
116 215 487 138 0 -8 0
116 207 490 141 0 -8 0
116 199 493 144 0 8 0
116 207 496 147 0 -8 0
116 199 499 150 0 8 0
116 207 502 153 0 0 0
116 207 505 156 0 8 0
116 215 508 159 0 -8 0
116 207 511 162 0 -8 0
116 199 514 165 0 -8 0
116 191 517 168 8 -8 0
124 183 520 171 0 -8 0
124 175 523 174 0 0 0
124 175 526 177 8 0 0
132 175 529 180 0 -8 0
132 167 532 183 8 0 0
140 167 535 186 0 8 0
140 175 538 189 0 -8 0
140 167 541 192 8 8 0
148 175 544 195 0 8 0
148 183 547 198 0 8 0
148 191 550 201 8 -8 0
156 183 553 204 0 0 0
156 183 556 207 8 0 0
164 183 559 210 0 8 0
164 191 562 213 0 8 0
164 199 565 216 8 0 0
172 199 568 219 0 -8 0
172 191 571 222 0 8 0
172 199 574 225 8 -8 0
180 191 577 228 0 -8 0
180 183 580 231 8 8 0
188 191 583 234 0 0 0
188 191 586 237 0 8 0
188 199 589 240 8 -8 0
196 191 592 243 0 8 0
196 199 595 246 0 -8 0
196 191 598 249 8 -8 0
204 183 601 252 0 0 0
204 183 604 255 8 -8 0
212 175 607 258 0 -8 0
212 167 610 261 0 8 0
212 175 613 264 8 -8 0
220 167 616 267 0 8 0
220 175 619 270 0 0 0
220 175 622 273 8 0 0
228 175 625 276 0 8 0
228 183 628 279 8 0 0
236 183 631 282 0 8 0
236 191 634 285 0 0 0
236 191 637 288 8 0 0
244 191 640 291 0 8 0
244 199 643 294 0 8 0
244 207 646 297 8 0 0
252 207 649 300 0 8 0
252 215 652 303 8 8 0
260 223 655 306 0 0 0
260 223 658 309 0 -8 0
260 215 661 312 8 8 0
268 223 664 315 0 0 0
268 223 667 318 0 8 0
268 231 670 321 8 8 0
276 239 673 324 0 8 0
276 247 676 327 8 8 0
284 255 679 330 0 -8 0
284 247 682 333 0 0 0
284 247 685 336 8 8 0
292 255 688 339 0 0 0
292 255 691 342 0 0 0
292 255 694 345 8 8 0
300 263 697 348 0 0 0
300 263 700 351 8 0 0
308 263 703 354 0 -8 0
308 255 706 357 0 0 0
308 255 709 360 8 8 0
316 263 712 363 0 -8 0
316 255 715 366 0 8 0
316 263 718 369 8 0 0
324 263 721 372 0 0 0
324 263 724 375 8 -8 0
332 255 727 378 0 8 0
332 263 730 381 0 -8 0
332 255 733 384 8 -8 0
340 247 736 387 0 -8 0
340 239 739 390 0 -8 0
340 231 742 393 8 8 0
348 239 745 396 0 0 0
348 239 748 399 8 -8 0
356 231 751 402 0 0 0
356 231 754 405 0 -8 0
356 223 757 408 8 8 0
364 231 760 411 0 0 0
364 231 763 414 0 -8 0
364 223 766 417 8 8 0
372 231 769 420 0 8 0
372 239 772 423 8 0 0
380 239 775 426 0 0 0
380 239 778 429 0 -8 0
380 231 781 432 0 0 1
380 231 781 432 0 0 1
380 231 781 432 0 0 1
380 231 781 432 0 0 1
380 231 781 432 0 0 1
