475 422 556 378 0 0 0
475 422 559 381 -8 0 0
467 422 562 384 -8 0 0
459 422 565 387 -8 -8 0
451 414 568 390 -8 8 0
443 422 571 393 0 0 0
443 422 574 396 0 -8 0
443 414 577 399 0 -8 0
443 406 580 402 0 0 0
443 406 583 405 0 -8 0
443 398 586 408 0 8 0
443 406 589 411 0 0 0
443 406 592 414 0 8 0
443 414 595 417 0 8 0
443 422 598 420 0 8 0
443 430 601 423 0 8 0
443 438 604 426 0 8 0
443 446 607 429 0 8 0
443 454 610 432 0 0 0
443 454 613 435 0 0 0
443 454 616 438 0 8 0
443 462 619 441 0 -8 0
443 454 622 444 0 8 0
443 462 625 447 0 0 0
443 462 628 450 0 -8 0
443 454 631 453 0 0 0
443 454 634 456 0 0 0
443 454 637 459 0 -8 0
443 446 640 462 0 -8 0
443 438 643 465 0 8 0
443 446 646 468 0 8 0
443 454 649 471 0 0 0
443 454 652 474 0 8 0
443 462 655 477 0 -8 0
443 454 658 480 0 8 0
443 462 661 483 0 0 0
443 462 664 486 0 -8 0
443 454 667 489 0 -8 0
443 446 670 492 0 0 0
443 446 673 495 8 0 0
451 446 676 498 0 8 0
451 454 679 501 0 8 0
451 462 682 504 8 -8 0
459 454 685 507 0 0 0
459 454 688 510 8 8 0
467 462 691 513 0 8 0
467 470 694 516 0 0 0
467 470 697 519 8 8 0
475 478 700 522 0 0 0
475 478 703 525 0 8 0
475 486 706 528 8 -8 0
483 478 709 531 0 0 0
483 478 712 534 8 -8 0
491 470 715 537 0 -8 0
491 462 718 540 0 -8 0
491 454 721 543 8 -8 0
499 446 724 546 0 0 0
499 446 727 549 0 0 0
499 446 730 552 8 8 0
507 454 733 555 0 -8 0
507 446 736 558 8 -8 0
515 438 739 561 0 -8 0
515 430 742 564 0 0 0
515 430 745 567 8 0 0
523 430 748 570 0 -8 0
523 422 751 573 0 -8 0
523 414 754 576 8 8 0
531 422 757 579 0 0 0
531 422 760 582 8 -8 0
539 414 763 585 0 -8 0
539 406 766 588 0 -8 0
539 398 769 591 8 8 0
540 406 772 588 0 -8 0
540 398 775 585 0 8 0
540 406 778 582 0 0 0
540 406 781 579 0 0 1
540 406 781 579 0 0 1
540 406 781 579 0 0 1
540 406 781 579 0 0 1
540 406 781 579 0 0 1
