417 278 574 315 0 0 0
417 278 571 318 -8 0 0
409 278 568 321 -8 0 0
401 278 565 324 -8 -8 0
393 270 562 327 -8 8 0
385 278 559 330 -8 0 0
377 278 556 333 0 0 0
377 278 553 336 0 8 0
377 286 550 339 0 -8 0
377 278 547 342 0 8 0
377 286 544 345 0 -8 0
377 278 541 348 0 0 0
377 278 538 351 0 -8 0
377 270 535 354 0 -8 0
377 262 532 357 0 -8 0
377 254 529 360 0 -8 0
377 246 526 363 0 0 0
377 246 523 366 0 8 0
377 254 520 369 0 -8 0
377 246 517 372 0 -8 0
377 238 514 375 0 -8 0
377 230 511 378 0 0 0
377 230 508 381 0 0 0
377 230 505 384 0 8 0
377 238 502 387 0 0 0
377 238 499 390 0 -8 0
377 230 496 393 0 8 0
377 238 493 396 0 8 0
377 246 490 399 0 8 0
377 254 487 402 0 0 0
377 254 484 405 0 -8 0
377 246 481 408 0 0 0
377 246 478 411 0 -8 0
377 238 475 414 0 8 0
377 246 472 417 0 8 0
377 254 469 420 0 8 0
377 262 466 423 0 0 0
377 262 463 426 0 -8 0
377 254 460 429 8 0 0
385 254 457 432 0 0 0
385 254 454 435 0 -8 0
385 246 451 438 8 0 0
393 246 448 441 0 0 0
393 246 445 444 8 0 0
401 246 442 447 0 8 0
401 254 439 450 0 0 0
401 254 436 453 8 -8 0
409 246 433 456 0 8 0
409 254 430 459 0 8 0
409 262 427 462 8 8 0
417 270 424 465 0 8 0
417 278 421 468 8 -8 0
425 270 418 471 0 8 0
425 278 415 474 0 0 0
425 278 412 477 8 -8 0
433 270 409 480 0 8 0
433 278 406 483 0 -8 0
433 270 403 486 8 8 0
441 278 400 489 0 0 0
441 278 397 492 8 -8 0
449 270 394 495 0 -8 0
449 262 391 498 0 8 0
449 270 388 501 8 0 0
457 270 385 504 0 8 0
457 278 382 507 0 -8 0
457 270 379 510 8 0 0
465 270 376 513 0 0 0
465 270 373 516 8 8 0
473 278 370 519 0 0 0
473 278 367 522 0 8 0
473 286 364 525 8 8 0
481 294 361 528 0 0 0
481 294 358 531 0 -8 0
481 286 355 534 8 8 0
489 294 352 537 0 8 0
489 302 349 540 8 -8 0
497 294 346 543 0 0 0
497 294 343 546 0 0 0
497 294 340 549 8 -8 0
505 286 337 552 0 0 0
505 286 334 555 0 0 0
505 286 331 558 8 8 0
513 294 328 561 0 -8 0
513 286 325 564 8 -8 0
521 278 322 567 0 -8 0
521 270 319 570 0 8 0
521 278 316 573 8 0 0
529 278 313 576 0 -8 0
529 270 310 579 0 -8 0
529 262 307 582 8 0 0
537 262 304 585 0 -8 0
537 254 301 588 8 -8 0
540 246 298 591 8 8 0
540 254 295 588 0 -8 0
540 246 292 585 0 8 0
540 254 289 582 0 8 0
540 262 286 579 0 8 0
540 270 283 576 0 0 0
540 270 280 573 0 0 0
540 270 277 570 0 8 0
540 278 274 567 0 -8 0
540 270 271 564 0 0 0
540 270 268 561 0 -8 0
540 262 265 558 0 0 0
540 262 262 555 0 -8 0
540 254 259 552 0 8 0
540 262 256 549 0 -8 0
540 254 253 546 0 0 0
540 254 250 543 0 0 0
540 254 247 540 0 8 0
540 262 244 537 0 0 0
540 262 241 534 0 8 0
540 270 238 531 0 -8 0
540 262 235 528 0 8 0
540 270 232 525 0 0 0
540 270 229 522 0 -8 0
540 262 226 519 0 8 0
540 270 223 516 0 0 0
540 270 220 513 0 0 0
540 270 217 510 0 -8 0
540 262 214 507 0 8 0
540 270 211 504 0 0 0
540 270 208 501 0 0 0
540 270 205 498 0 -8 0
540 262 202 495 0 0 0
540 262 199 492 0 -8 0
540 254 196 489 -8 0 0
532 254 193 486 0 0 0
532 254 190 483 0 -8 0
532 246 187 480 -8 -8 0
524 238 184 477 0 0 0
524 238 181 474 0 8 0
524 246 178 471 -8 -8 0
516 238 175 468 0 -8 0
516 230 172 465 -8 8 0
508 238 169 462 0 0 0
508 238 166 459 0 -8 0
508 230 163 456 -8 -8 0
500 222 160 453 0 0 0
500 222 157 450 0 0 0
500 222 154 447 -8 -8 0
492 214 151 444 0 0 0
492 214 148 441 -8 0 0
484 214 145 438 0 0 0
484 214 142 435 0 0 0
484 214 139 432 -8 -8 0
476 206 136 429 0 -8 0
476 198 133 426 0 0 0
476 198 130 423 -8 -8 0
468 190 127 420 0 0 0
468 190 124 417 -8 0 0
460 190 121 414 0 -8 0
460 182 118 411 0 8 0
460 190 115 408 -8 8 0
452 198 112 405 0 8 0
452 206 109 402 0 8 0
452 214 106 399 -8 -8 0
444 206 103 396 0 0 0
444 206 100 393 -8 0 0
436 206 97 390 0 8 0
436 214 94 387 0 8 0
436 222 91 384 -8 0 0
428 222 88 381 0 8 0
428 230 85 378 0 -8 0
428 222 82 375 -8 8 0
420 230 79 372 0 0 0
420 230 76 369 -8 -8 0
412 222 73 366 0 0 0
412 222 70 363 0 -8 0
412 214 67 360 -8 8 0
404 222 64 357 0 0 0
404 222 61 354 0 -8 0
404 214 58 351 -8 -8 0
396 206 55 348 0 8 0
396 214 52 345 -8 -8 0
388 206 49 342 0 -8 0
388 198 46 339 0 8 0
388 206 43 336 -8 0 0
380 206 40 333 0 -8 0
380 198 37 330 0 -8 0
380 190 34 327 -8 0 0
372 190 31 324 0 0 0
372 190 28 321 -8 0 0
364 190 25 318 0 0 0
364 190 22 315 0 8 0
364 198 19 312 0 0 1
364 198 19 312 0 0 1
364 198 19 312 0 0 1
364 198 19 312 0 0 1
364 198 19 312 0 0 1
