386 407 385 258 0 0 0
386 407 382 261 -8 8 0
378 415 379 264 -8 0 0
370 415 376 267 -8 8 0
362 423 373 270 -8 8 0
354 431 370 273 -8 0 0
346 431 367 276 -8 -8 0
338 423 364 279 -8 -8 0
330 415 361 282 0 -8 0
330 407 358 285 0 8 0
330 415 355 288 0 0 0
330 415 352 291 0 -8 0
330 407 349 294 0 0 0
330 407 346 297 0 8 0
330 415 343 300 0 0 0
330 415 340 303 0 8 0
330 423 337 306 0 -8 0
330 415 334 309 0 -8 0
330 407 331 312 0 -8 0
330 399 328 315 0 0 0
330 399 325 318 0 0 0
330 399 322 321 0 -8 0
330 391 319 324 0 -8 0
330 383 316 327 0 0 0
330 383 313 330 0 -8 0
330 375 310 333 0 0 0
330 375 307 336 0 8 0
330 383 304 339 0 0 0
330 383 301 342 0 0 0
330 383 298 345 0 0 0
330 383 295 348 0 0 0
330 383 292 351 0 0 0
330 383 289 354 0 8 0
330 391 286 357 0 -8 0
330 383 283 360 0 8 0
330 391 280 363 0 -8 0
330 383 277 366 0 0 0
330 383 274 369 0 8 0
330 391 271 372 0 0 0
330 391 268 375 0 8 0
330 399 265 378 0 0 0
330 399 262 381 8 8 0
338 407 259 384 0 8 0
338 415 256 387 0 8 0
338 423 253 390 8 -8 0
346 415 250 393 0 8 0
346 423 247 396 0 0 0
346 423 244 399 8 8 0
354 431 241 402 0 8 0
354 439 238 405 8 -8 0
362 431 235 408 0 8 0
362 439 232 411 0 8 0
362 447 229 414 8 0 0
370 447 226 417 0 8 0
370 455 223 420 0 -8 0
370 447 220 423 8 -8 0
378 439 217 426 0 0 0
378 439 214 429 8 0 0
386 439 211 432 0 8 0
386 447 208 435 0 0 0
386 447 205 438 8 0 0
394 447 202 441 0 -8 0
394 439 199 444 0 -8 0
394 431 196 447 8 0 0
402 431 193 450 0 0 0
402 431 190 453 8 -8 0
410 423 187 456 0 8 0
410 431 184 459 0 0 0
410 431 181 462 8 -8 0
418 423 178 465 0 -8 0
418 415 175 468 0 0 0
418 415 172 471 8 -8 0
426 407 169 474 0 0 0
426 407 166 477 8 8 0
434 415 163 480 0 8 0
434 423 160 483 0 8 0
434 431 157 486 8 8 0
442 439 154 489 0 0 0
442 439 151 492 0 0 0
442 439 148 495 8 0 0
450 439 145 498 0 -8 0
450 431 142 501 8 0 0
458 431 139 504 0 -8 0
458 423 136 507 0 0 0
458 423 133 510 8 0 0
466 423 130 513 0 8 0
466 431 127 516 0 0 0
466 431 124 519 8 8 0
474 439 121 522 0 0 0
474 439 118 525 8 -8 0
482 431 115 528 0 -8 0
482 423 112 531 0 0 0
482 423 109 534 8 0 0
490 423 106 537 0 8 0
490 431 103 540 0 0 0
490 431 100 543 8 -8 0
498 423 97 546 0 8 0
498 431 94 549 8 -8 0
506 423 91 552 0 0 0
506 423 88 555 0 8 0
506 431 85 558 8 0 0
514 431 82 561 0 0 0
514 431 79 564 0 0 0
514 431 76 567 8 8 0
522 439 73 570 0 8 0
522 447 70 573 8 8 0
530 455 67 576 0 0 0
530 455 64 579 0 -8 0
530 447 61 582 8 8 0
538 455 58 585 0 0 0
538 455 55 588 0 0 0
538 455 52 591 8 8 0
540 463 49 588 0 0 0
540 463 46 585 0 8 0
540 471 43 582 0 8 0
540 479 40 579 0 -8 0
540 471 37 576 0 8 0
540 479 34 573 0 0 0
540 479 31 570 0 8 0
540 487 28 567 0 0 0
540 487 25 564 0 8 0
540 495 22 561 0 -8 0
540 487 19 558 0 0 0
540 487 22 555 0 -8 0
540 479 25 552 0 8 0
540 487 28 549 0 0 0
540 487 31 546 0 -8 0
540 479 34 543 0 8 0
540 487 37 540 0 -8 0
540 479 40 537 0 8 0
540 487 43 534 0 8 0
540 495 46 531 0 0 0
540 495 49 528 0 0 0
540 495 52 525 0 -8 0
540 487 55 522 0 8 0
540 495 58 519 0 8 0
540 503 61 516 0 -8 0
540 495 64 513 0 -8 0
540 487 67 510 0 8 0
540 495 70 507 0 0 0
540 495 73 504 0 -8 0
540 487 76 501 0 0 0
540 487 79 498 0 8 0
540 495 82 495 0 8 0
540 503 85 492 0 0 0
540 503 88 489 -8 0 0
532 503 91 486 0 0 0
532 503 94 483 0 0 0
532 503 97 480 -8 8 0
524 511 100 477 0 -8 0
524 503 103 474 0 0 0
524 503 106 471 -8 0 0
516 503 109 468 0 0 0
516 503 112 465 -8 8 0
508 511 115 462 0 0 0
508 511 118 459 0 8 0
508 519 121 456 -8 -8 0
500 511 124 453 0 -8 0
500 503 127 450 0 -8 0
500 495 130 447 -8 -8 0
492 487 133 444 0 -8 0
492 479 136 441 -8 -8 0
484 471 139 438 0 8 0
484 479 142 435 0 -8 0
484 471 145 432 -8 -8 0
476 463 148 429 0 -8 0
476 455 151 426 0 8 0
476 463 154 423 -8 0 0
468 463 157 420 0 8 0
468 471 160 417 -8 0 0
460 471 163 414 0 8 0
460 479 166 411 0 8 0
460 487 169 408 -8 0 0
452 487 172 405 0 -8 0
452 479 175 402 0 8 0
452 487 178 399 -8 0 0
444 487 181 396 0 8 0
444 495 184 393 -8 -8 0
436 487 187 390 0 -8 0
436 479 190 387 0 -8 0
436 471 193 384 -8 8 0
428 479 196 381 0 -8 0
428 471 199 378 0 -8 0
428 463 202 375 -8 8 0
420 471 205 372 0 0 0
420 471 208 369 -8 8 0
412 479 211 366 0 0 0
412 479 214 363 0 -8 0
412 471 217 360 -8 8 0
404 479 220 357 0 8 0
404 487 223 354 0 8 0
404 495 226 351 -8 0 0
396 495 229 348 0 -8 0
396 487 232 345 -8 -8 0
388 479 235 342 0 0 0
388 479 238 339 0 -8 0
388 471 241 336 -8 8 0
380 479 244 333 0 -8 0
380 471 247 330 0 -8 0
380 463 250 327 -8 -8 0
372 455 253 324 0 8 0
372 463 256 321 -8 8 0
364 471 259 318 0 8 0
364 479 262 315 0 8 0
364 487 265 312 -8 8 0
356 495 268 309 0 8 0
356 503 271 306 0 -8 0
356 495 274 303 -8 8 0
348 503 277 300 0 8 0
348 511 280 297 -8 -8 0
340 503 283 294 0 0 0
340 503 286 291 0 8 0
340 511 289 288 -8 0 0
332 511 292 285 0 8 0
332 519 295 282 0 -8 0
332 511 298 279 -8 8 0
324 519 301 276 0 -8 0
324 511 304 273 -8 8 0
316 519 307 270 0 -8 0
316 511 310 267 0 0 0
316 511 313 264 -8 0 0
308 511 316 261 0 -8 0
308 503 319 258 0 8 0
308 511 322 255 -8 -8 0
300 503 325 252 0 8 0
300 511 328 249 -8 8 0
292 519 331 246 0 -8 0
292 511 334 243 0 0 0
292 511 337 240 -8 8 0
284 519 340 237 0 -8 0
284 511 343 234 0 0 0
284 511 346 231 -8 8 0
276 519 349 228 0 8 0
276 527 352 225 -8 0 0
268 527 355 222 0 8 0
268 535 358 219 0 -8 0
268 527 361 216 -8 -8 0
260 519 364 213 0 8 0
260 527 367 210 0 8 0
260 535 370 207 -8 0 0
252 535 373 204 0 8 0
252 540 376 201 -8 0 0
244 540 379 198 0 0 0
244 540 382 195 0 8 0
244 540 385 192 -8 -8 0
236 532 388 189 0 -8 0
236 524 391 186 0 8 0
236 532 394 183 -8 8 0
228 540 397 180 0 0 0
228 540 400 177 -8 -8 0
220 532 403 174 0 8 0
220 540 406 171 0 8 0
220 540 409 168 -8 -8 0
212 532 412 165 0 8 0
212 540 415 162 0 8 0
212 540 418 159 -8 8 0
204 540 421 156 0 -8 0
204 532 424 153 -8 8 0
196 540 427 150 0 -8 0
196 532 430 147 0 0 0
196 532 433 144 -8 8 0
188 540 436 141 0 8 0
188 540 439 138 0 0 0
188 540 442 135 -8 -8 0
180 532 445 132 0 8 0
180 540 448 129 -8 -8 0
172 532 451 126 0 0 0
172 532 454 123 0 8 0
172 540 457 120 -8 0 0
164 540 460 117 0 8 0
164 540 463 114 0 8 0
164 540 466 111 -8 -8 0
156 532 469 108 0 -8 0
156 524 472 105 -8 8 0
148 532 475 102 0 8 0
148 540 478 99 0 8 0
148 540 481 96 -8 0 0
140 540 484 93 0 -8 0
140 532 487 90 0 8 0
140 540 490 87 -8 0 0
132 540 493 84 0 -8 0
132 532 496 81 -8 -8 0
124 524 499 78 0 0 0
124 524 502 75 0 8 0
124 532 505 72 -8 -8 0
116 524 508 69 0 0 0
116 524 511 66 0 0 0
116 524 514 63 -8 8 0
108 532 517 60 0 -8 0
108 524 520 57 -8 8 0
100 532 523 54 0 8 0
100 540 526 51 0 0 0
100 540 529 48 -8 -8 0
92 532 532 45 0 8 0
92 540 535 42 0 0 0
92 540 538 39 -8 8 0
84 540 541 36 0 0 0
84 540 544 33 -8 0 0
76 540 547 30 0 0 0
76 540 550 27 0 -8 0
76 532 553 24 -8 8 0
68 540 556 21 0 0 0
68 540 559 18 0 8 0
68 540 562 15 -8 -8 0
60 532 565 12 0 0 0
60 532 568 9 -8 -8 0
60 524 571 12 0 8 0
60 532 574 15 0 -8 0
60 524 577 18 0 0 0
60 524 580 21 0 0 0
60 524 583 24 0 8 0
60 532 586 27 0 -8 0
60 524 589 30 0 0 0
60 524 592 33 0 8 0
60 532 595 36 0 8 0
60 540 598 39 0 -8 0
60 532 601 42 0 8 0
60 540 604 45 0 -8 0
60 532 607 48 0 8 0
60 540 610 51 0 -8 0
60 532 613 54 0 -8 0
60 524 616 57 0 8 0
60 532 619 60 0 -8 0
60 524 622 63 0 0 0
60 524 625 66 0 8 0
60 532 628 69 0 0 0
60 532 631 72 0 0 0
60 532 634 75 0 0 0
60 532 637 78 0 8 0
60 540 640 81 0 -8 0
60 532 643 84 0 -8 0
60 524 646 87 0 8 0
60 532 649 90 0 0 0
60 532 652 93 0 -8 0
60 524 655 96 0 0 0
60 524 658 99 0 8 0
60 532 661 102 0 -8 0
60 524 664 105 0 -8 0
60 516 667 108 0 0 0
60 516 670 111 8 8 0
68 524 673 114 0 0 0
68 524 676 117 0 0 0
68 524 679 120 8 0 0
76 524 682 123 0 8 0
76 532 685 126 0 -8 0
76 524 688 129 8 0 0
84 524 691 132 0 8 0
84 532 694 135 8 0 0
92 532 697 138 0 0 0
92 532 700 141 0 8 0
92 540 703 144 8 8 0
100 540 706 147 0 8 0
100 540 709 150 0 -8 0
100 532 712 153 8 8 0
108 540 715 156 0 8 0
108 540 718 159 8 8 0
116 540 721 162 0 8 0
116 540 724 165 0 0 0
116 540 727 168 8 8 0
124 540 730 171 0 -8 0
124 532 733 174 0 0 0
124 532 736 177 8 0 0
132 532 739 180 0 -8 0
132 524 742 183 8 0 0
140 524 745 186 0 0 0
140 524 748 189 0 8 0
140 532 751 192 8 8 0
148 540 754 195 0 -8 0
148 532 757 198 0 -8 0
148 524 760 201 8 0 0
156 524 763 204 0 8 0
156 532 766 207 8 8 0
164 540 769 210 0 8 0
164 540 772 213 0 -8 0
164 532 775 216 8 -8 0
172 524 778 219 0 8 0
172 532 781 222 0 0 1
172 532 781 222 0 0 1
172 532 781 222 0 0 1
172 532 781 222 0 0 1
172 532 781 222 0 0 1
