287 334 292 141 0 0 0
287 334 289 138 -8 8 0
279 342 286 135 -8 8 0
271 350 283 132 -8 0 0
263 350 280 129 -8 -8 0
255 342 277 126 -8 0 0
247 342 274 123 -8 0 0
239 342 271 120 -8 -8 0
231 334 268 117 -8 -8 0
223 326 265 114 -8 8 0
215 334 262 111 -8 8 0
207 342 259 108 -8 -8 0
199 334 256 105 -8 -8 0
191 326 253 102 -8 -8 0
183 318 250 99 -8 8 0
175 326 247 96 -8 8 0
167 334 244 93 -8 8 0
159 342 241 90 -8 8 0
151 350 238 87 -8 8 0
143 358 235 84 -8 8 0
135 366 232 81 -8 -8 0
127 358 229 78 0 0 0
127 358 226 75 -8 -8 0
119 350 223 72 0 -8 0
119 342 220 69 0 0 0
119 342 217 66 -8 8 0
111 350 214 63 0 -8 0
111 342 211 60 -8 8 0
103 350 208 57 0 8 0
103 358 205 54 0 0 0
103 358 202 51 -8 0 0
95 358 199 48 0 -8 0
95 350 196 45 0 8 0
95 358 193 42 -8 8 0
87 366 190 39 0 0 0
87 366 187 36 -8 -8 0
79 358 184 33 0 -8 0
79 350 181 30 0 0 0
79 350 178 27 -8 8 0
71 358 175 24 0 8 0
71 366 172 21 0 -8 0
71 358 169 18 -8 0 0
63 358 166 15 0 0 0
63 358 163 12 -8 -8 0
60 350 160 9 -8 -8 0
60 342 157 12 0 -8 0
60 334 154 15 0 8 0
60 342 151 18 0 0 0
60 342 148 21 0 0 0
60 342 145 24 0 0 0
60 342 142 27 0 0 0
60 342 139 30 0 8 0
60 350 136 33 0 8 0
60 358 133 36 0 0 0
60 358 130 39 0 -8 0
60 350 127 42 0 8 0
60 358 124 45 0 0 0
60 358 121 48 0 8 0
60 366 118 51 0 0 0
60 366 115 54 0 8 0
60 374 112 57 0 0 0
60 374 109 60 0 0 0
60 374 106 63 0 0 0
60 374 103 66 0 0 0
60 374 100 69 0 -8 0
60 366 97 72 0 0 0
60 366 94 75 0 -8 0
60 358 91 78 0 0 0
60 358 88 81 0 8 0
60 366 85 84 0 0 0
60 366 82 87 0 0 0
60 366 79 90 0 0 0
60 366 76 93 0 8 0
60 374 73 96 0 8 0
60 382 70 99 0 0 0
60 382 67 102 0 -8 0
60 374 64 105 0 0 0
60 374 61 108 0 -8 0
60 366 58 111 8 0 0
68 366 55 114 0 -8 0
68 358 52 117 0 -8 0
68 350 49 120 8 8 0
76 358 46 123 0 8 0
76 366 43 126 0 8 0
76 374 40 129 8 0 0
84 374 37 132 0 8 0
84 382 34 135 8 -8 0
92 374 31 138 0 8 0
92 382 28 141 0 8 0
92 390 25 144 8 -8 0
100 382 22 147 0 0 0
100 382 19 150 0 -8 0
100 374 22 153 8 0 0
108 374 25 156 0 8 0
108 382 28 159 8 0 0
116 382 31 162 0 8 0
116 390 34 165 0 -8 0
116 382 37 168 8 -8 0
124 374 40 171 0 0 0
124 374 43 174 0 0 0
124 374 46 177 8 -8 0
132 366 49 180 0 8 0
132 374 52 183 8 -8 0
140 366 55 186 0 8 0
140 374 58 189 0 0 0
140 374 61 192 8 0 0
148 374 64 195 0 -8 0
148 366 67 198 0 8 0
148 374 70 201 8 8 0
156 382 73 204 0 8 0
156 390 76 207 8 0 0
164 390 79 210 0 -8 0
164 382 82 213 0 0 0
164 382 85 216 8 8 0
172 390 88 219 0 -8 0
172 382 91 222 0 -8 0
172 374 94 225 8 -8 0
180 366 97 228 0 0 0
180 366 100 231 8 -8 0
188 358 103 234 0 0 0
188 358 106 237 0 0 0
188 358 109 240 8 -8 0
196 350 112 243 0 0 0
196 350 115 246 0 -8 0
196 342 118 249 8 -8 0
204 334 121 252 0 0 0
204 334 124 255 8 -8 0
212 326 127 258 0 -8 0
212 318 130 261 0 8 0
212 326 133 264 8 -8 0
220 318 136 267 0 0 0
220 318 139 270 0 -8 0
220 310 142 273 8 -8 0
228 302 145 276 0 0 0
228 302 148 279 8 8 0
236 310 151 282 0 8 0
236 318 154 285 0 8 0
236 326 157 288 8 0 0
244 326 160 291 0 8 0
244 334 163 294 0 0 0
244 334 166 297 8 8 0
252 342 169 300 0 8 0
252 350 172 303 8 -8 0
260 342 175 306 0 0 0
260 342 178 309 0 -8 0
260 334 181 312 8 0 0
268 334 184 315 0 -8 0
268 326 187 318 0 0 0
268 326 190 321 8 8 0
276 334 193 324 0 0 0
276 334 196 327 8 8 0
284 342 199 330 0 -8 0
284 334 202 333 0 0 0
284 334 205 336 8 8 0
292 342 208 339 0 0 0
292 342 211 342 0 0 0
292 342 214 345 8 8 0
300 350 217 348 0 -8 0
300 342 220 351 8 -8 0
308 334 223 354 0 -8 0
308 326 226 357 0 -8 0
308 318 229 360 8 -8 0
316 310 232 363 0 -8 0
316 302 235 366 0 8 0
316 310 238 369 8 8 0
324 318 241 372 0 8 0
324 326 244 375 8 8 0
332 334 247 378 0 8 0
332 342 250 381 0 -8 0
332 334 253 384 8 0 0
340 334 256 387 0 -8 0
340 326 259 390 0 0 0
340 326 262 393 8 -8 0
348 318 265 396 0 8 0
348 326 268 399 8 8 0
356 334 271 402 0 0 0
356 334 274 405 0 0 0
356 334 277 408 8 0 0
364 334 280 411 0 -8 0
364 326 283 414 0 0 0
364 326 286 417 8 8 0
372 334 289 420 0 0 0
372 334 292 423 8 0 0
380 334 295 426 0 -8 0
380 326 298 429 0 0 0
380 326 301 432 8 8 0
388 334 304 435 0 8 0
388 342 307 438 0 0 0
388 342 310 441 8 8 0
396 350 313 444 0 -8 0
396 342 316 447 8 8 0
404 350 319 450 0 8 0
404 358 322 453 0 8 0
404 366 325 456 8 0 0
412 366 328 459 0 0 0
412 366 331 462 0 -8 0
412 358 334 465 8 0 0
420 358 337 468 0 0 0
420 358 340 471 8 -8 0
428 350 343 474 0 8 0
428 358 346 477 0 8 0
428 366 349 480 8 0 0
436 366 352 483 0 -8 0
436 358 355 486 0 8 0
436 366 358 489 8 -8 0
444 358 361 492 0 0 0
444 358 364 495 8 8 0
452 366 367 498 0 8 0
452 374 370 501 0 8 0
452 382 373 504 8 0 0
460 382 376 507 0 -8 0
460 374 379 510 0 8 0
460 382 382 513 8 0 0
468 382 385 516 0 8 0
468 390 388 519 8 -8 0
476 382 391 522 0 -8 0
476 374 394 525 0 -8 0
476 366 397 528 8 0 0
484 366 400 531 0 0 0
484 366 403 534 0 8 0
484 374 406 537 8 -8 0
492 366 409 540 0 -8 0
492 358 412 543 8 -8 0
500 350 415 546 0 0 0
500 350 418 549 0 -8 0
500 342 421 552 8 0 0
508 342 424 555 0 -8 0
508 334 427 558 0 -8 0
508 326 430 561 8 0 0
516 326 433 564 0 8 0
516 334 436 567 8 8 0
524 342 439 570 0 8 0
524 350 442 573 0 8 0
524 358 445 576 8 -8 0
532 350 448 579 0 8 0
532 358 451 582 0 8 0
532 366 454 585 8 0 0
540 366 457 588 0 0 0
540 366 460 591 8 0 0
540 366 463 588 0 0 0
540 366 466 585 0 8 0
540 374 469 582 0 -8 0
540 366 472 579 0 -8 0
540 358 475 576 0 0 0
540 358 478 573 0 0 0
540 358 481 570 0 0 0
540 358 484 567 0 8 0
540 366 487 564 0 8 0
540 374 490 561 0 8 0
540 382 493 558 0 0 0
540 382 496 555 0 -8 0
540 374 499 552 0 8 0
540 382 502 549 0 -8 0
540 374 505 546 0 -8 0
540 366 508 543 0 0 0
540 366 511 540 0 8 0
540 374 514 537 0 -8 0
540 366 517 534 0 0 0
540 366 520 531 0 -8 0
540 358 523 528 0 -8 0
540 350 526 525 0 8 0
540 358 529 522 0 -8 0
540 350 532 519 0 -8 0
540 342 535 516 0 -8 0
540 334 538 513 0 -8 0
540 326 541 510 0 8 0
540 334 544 507 0 -8 0
540 326 547 504 0 8 0
540 334 550 501 0 8 0
540 342 553 498 0 8 0
540 350 556 495 0 8 0
540 358 559 492 0 -8 0
540 350 562 489 -8 -8 0
532 342 565 486 0 0 0
532 342 568 483 0 0 0
532 342 571 480 -8 8 0
524 350 574 477 0 8 0
524 358 577 474 0 0 0
524 358 580 471 -8 8 0
516 366 583 468 0 8 0
516 374 586 465 -8 8 0
508 382 589 462 0 -8 0
508 374 592 459 0 0 0
508 374 595 456 -8 0 0
500 374 598 453 0 8 0
500 382 601 450 0 8 0
500 390 604 447 -8 -8 0
492 382 607 444 0 0 0
492 382 610 441 -8 8 0
484 390 613 438 0 -8 0
484 382 616 435 0 8 0
484 390 619 432 -8 8 0
476 398 622 429 0 0 0
476 398 625 426 0 -8 0
476 390 628 423 -8 0 0
468 390 631 420 0 0 0
468 390 634 417 -8 8 0
460 398 637 414 0 0 0
460 398 640 411 0 -8 0
460 390 643 408 -8 8 0
452 398 646 405 0 8 0
452 406 649 402 0 8 0
452 414 652 399 -8 8 0
444 422 655 396 0 -8 0
444 414 658 393 -8 8 0
436 422 661 390 0 8 0
436 430 664 387 0 0 0
436 430 667 384 -8 8 0
428 438 670 381 0 8 0
428 446 673 378 0 -8 0
428 438 676 375 -8 0 0
420 438 679 372 0 0 0
420 438 682 369 -8 0 0
412 438 685 366 0 -8 0
412 430 688 363 0 -8 0
412 422 691 360 -8 0 0
404 422 694 357 0 -8 0
404 414 697 354 0 -8 0
404 406 700 351 -8 8 0
396 414 703 348 0 0 0
396 414 706 345 -8 -8 0
388 406 709 342 0 0 0
388 406 712 339 0 0 0
388 406 715 336 -8 0 0
380 406 718 333 0 8 0
380 414 721 330 0 -8 0
380 406 724 327 -8 8 0
372 414 727 324 0 0 0
372 414 730 321 -8 -8 0
364 406 733 318 0 8 0
364 414 736 315 0 8 0
364 422 739 312 -8 0 0
356 422 742 309 0 8 0
356 430 745 306 0 -8 0
356 422 748 303 -8 0 0
348 422 751 300 0 0 0
348 422 754 297 -8 8 0
340 430 757 294 0 -8 0
340 422 760 291 0 8 0
340 430 763 288 -8 -8 0
332 422 766 285 0 0 0
332 422 769 282 0 -8 0
332 414 772 279 -8 -8 0
324 406 775 276 0 0 0
324 406 778 273 -8 -8 0
316 398 781 270 0 0 1
316 398 781 270 0 0 1
316 398 781 270 0 0 1
316 398 781 270 0 0 1
316 398 781 270 0 0 1
