357 520 289 186 0 0 0
357 520 292 183 -8 0 0
349 520 295 180 -8 -8 0
341 512 298 177 -8 0 0
333 512 301 174 -8 0 0
325 512 304 171 -8 8 0
317 520 307 168 -8 -8 0
309 512 310 165 -8 0 0
301 512 313 162 -8 8 0
293 520 316 159 -8 8 0
285 528 319 156 -8 0 0
277 528 322 153 -8 -8 0
269 520 325 150 -8 -8 0
261 512 328 147 -8 8 0
253 520 331 144 -8 8 0
245 528 334 141 -8 0 0
237 528 337 138 -8 8 0
229 536 340 135 -8 -8 0
221 528 343 132 -8 -8 0
213 520 346 129 -8 8 0
205 528 349 126 -8 8 0
197 536 352 123 -8 -8 0
189 528 355 120 -8 -8 0
181 520 358 117 -8 8 0
173 528 361 114 -8 -8 0
165 520 364 111 -8 0 0
157 520 367 108 0 -8 0
157 512 370 105 -8 0 0
149 512 373 102 0 0 0
149 512 376 99 0 -8 0
149 504 379 96 -8 -8 0
141 496 382 93 0 -8 0
141 488 385 90 -8 0 0
133 488 388 87 0 8 0
133 496 391 84 0 -8 0
133 488 394 81 -8 8 0
125 496 397 78 0 0 0
125 496 400 75 0 8 0
125 504 403 72 -8 0 0
117 504 406 69 0 0 0
117 504 409 66 -8 8 0
109 512 412 63 0 0 0
109 512 415 60 0 0 0
109 512 418 57 -8 -8 0
101 504 421 54 0 0 0
101 504 424 51 0 -8 0
101 496 427 48 -8 -8 0
93 488 430 45 0 0 0
93 488 433 42 -8 0 0
85 488 436 39 0 8 0
85 496 439 36 0 0 0
85 496 442 33 -8 0 0
77 496 445 30 0 -8 0
77 488 448 27 0 0 0
77 488 451 24 -8 -8 0
69 480 454 21 0 0 0
69 480 457 18 -8 -8 0
61 472 460 15 0 -8 0
61 464 463 12 0 8 0
61 472 466 9 -8 -8 0
60 464 469 12 0 8 0
60 472 472 15 0 8 0
60 480 475 18 0 8 0
60 488 478 21 0 0 0
60 488 481 24 0 0 0
60 488 484 27 0 0 0
60 488 487 30 0 8 0
60 496 490 33 0 -8 0
60 488 493 36 0 0 0
60 488 496 39 0 8 0
60 496 499 42 0 8 0
60 504 502 45 0 8 0
60 512 505 48 0 0 0
60 512 508 51 0 8 0
60 520 511 54 0 -8 0
60 512 514 57 0 -8 0
60 504 517 60 0 8 0
60 512 520 63 0 8 0
60 520 523 66 0 8 0
60 528 526 69 0 0 0
60 528 529 72 0 -8 0
60 520 532 75 0 8 0
60 528 535 78 0 -8 0
60 520 538 81 0 8 0
60 528 541 84 0 8 0
60 536 544 87 0 8 0
60 540 547 90 0 8 0
60 540 550 93 0 -8 0
60 532 553 96 0 8 0
60 540 556 99 0 -8 0
60 532 559 102 0 8 0
60 540 562 105 0 8 0
60 540 565 108 0 -8 0
60 532 568 111 8 8 0
68 540 571 114 0 -8 0
68 532 574 117 0 -8 0
68 524 577 120 8 0 0
76 524 580 123 0 8 0
76 532 583 126 0 8 0
76 540 586 129 8 8 0
84 540 589 132 0 0 0
84 540 592 135 8 0 0
92 540 595 138 0 -8 0
92 532 598 141 0 8 0
92 540 601 144 8 -8 0
100 532 604 147 0 0 0
100 532 607 150 0 -8 0
100 524 610 153 8 -8 0
108 516 613 156 0 0 0
108 516 616 159 8 0 0
116 516 619 162 0 -8 0
116 508 622 165 0 0 0
116 508 625 168 8 8 0
124 516 628 171 0 8 0
124 524 631 174 0 8 0
124 532 634 177 8 -8 0
132 524 637 180 0 -8 0
132 516 640 183 8 -8 0
140 508 643 186 0 8 0
140 516 646 189 0 0 0
140 516 649 192 8 -8 0
148 508 652 195 0 0 0
148 508 655 198 0 0 0
148 508 658 201 8 8 0
156 516 661 204 0 8 0
156 524 664 207 8 -8 0
164 516 667 210 0 -8 0
164 508 670 213 0 8 0
164 516 673 216 8 8 0
172 524 676 219 0 8 0
172 532 679 222 0 -8 0
172 524 682 225 8 -8 0
180 516 685 228 0 -8 0
180 508 688 231 8 -8 0
188 500 691 234 0 8 0
188 508 694 237 0 0 0
188 508 697 240 8 0 0
196 508 700 243 0 0 0
196 508 703 246 0 0 0
196 508 706 249 8 -8 0
204 500 709 252 0 8 0
204 508 712 255 8 0 0
212 508 715 258 0 -8 0
212 500 718 261 0 0 0
212 500 721 264 8 -8 0
220 492 724 267 0 8 0
220 500 727 270 0 0 0
220 500 730 273 8 8 0
228 508 733 276 0 8 0
228 516 736 279 8 0 0
236 516 739 282 0 0 0
236 516 742 285 0 8 0
236 524 745 288 8 0 0
244 524 748 291 0 -8 0
244 516 751 294 0 -8 0
244 508 754 297 8 8 0
252 516 757 300 0 0 0
252 516 760 303 8 -8 0
260 508 763 306 0 8 0
260 516 766 309 0 8 0
260 524 769 312 8 0 0
268 524 772 315 0 8 0
268 532 775 318 0 8 0
268 540 778 321 8 0 0
276 540 781 324 0 0 1
276 540 781 324 0 0 1
276 540 781 324 0 0 1
276 540 781 324 0 0 1
276 540 781 324 0 0 1
