93 530 250 141 0 0 0
93 530 253 138 0 0 0
93 530 256 135 0 -8 0
93 522 259 132 0 -8 0
93 514 262 129 0 0 0
93 514 265 126 0 0 0
93 514 268 123 0 0 0
93 514 271 120 0 -8 0
93 506 274 117 0 0 0
93 506 277 114 0 -8 0
93 498 280 111 0 8 0
93 506 283 108 0 -8 0
93 498 286 105 0 8 0
93 506 289 102 0 8 0
93 514 292 99 0 0 0
93 514 295 96 0 8 0
93 522 298 93 0 0 0
93 522 301 90 0 0 0
93 522 304 87 0 8 0
93 530 307 84 0 8 0
93 538 310 81 0 0 0
93 538 313 78 0 -8 0
93 530 316 75 0 8 0
93 538 319 72 0 0 0
93 538 322 69 0 0 0
93 538 325 66 0 0 0
93 538 328 63 0 -8 0
93 530 331 60 0 -8 0
93 522 334 57 0 0 0
93 522 337 54 0 -8 0
93 514 340 51 0 0 0
93 514 343 48 0 -8 0
93 506 346 45 0 0 0
93 506 349 42 -8 0 0
85 506 352 39 0 0 0
85 506 355 36 0 -8 0
85 498 358 33 -8 -8 0
77 490 361 30 0 8 0
77 498 364 27 0 8 0
77 506 367 24 -8 -8 0
69 498 370 21 0 -8 0
69 490 373 18 -8 8 0
61 498 376 15 0 0 0
61 498 379 12 0 0 0
61 498 382 9 -8 0 0
60 498 385 12 0 0 0
60 498 388 15 0 8 0
60 506 391 18 0 -8 0
60 498 394 21 0 0 0
60 498 397 24 0 0 0
60 498 400 27 0 8 0
60 506 403 30 0 0 0
60 506 406 33 0 -8 0
60 498 409 36 0 8 0
60 506 412 39 0 8 0
60 514 415 42 0 -8 0
60 506 418 45 0 0 0
60 506 421 48 0 8 0
60 514 424 51 0 -8 0
60 506 427 54 0 -8 0
60 498 430 57 0 -8 0
60 490 433 60 0 -8 0
60 482 436 63 0 8 0
60 490 439 66 0 -8 0
60 482 442 69 0 0 0
60 482 445 72 0 -8 0
60 474 448 75 0 8 0
60 482 451 78 0 8 0
60 490 454 81 0 8 0
60 498 457 84 0 -8 0
60 490 460 87 0 0 0
60 490 463 90 0 8 0
60 498 466 93 0 0 0
60 498 469 96 0 8 0
60 506 472 99 0 0 0
60 506 475 102 0 0 0
60 506 478 105 0 0 0
60 506 481 108 0 0 0
60 506 484 111 8 0 0
68 506 487 114 0 0 0
68 506 490 117 0 -8 0
68 498 493 120 8 0 0
76 498 496 123 0 -8 0
76 490 499 126 0 0 0
76 490 502 129 8 0 0
84 490 505 132 0 0 0
84 490 508 135 8 8 0
92 498 511 138 0 0 0
92 498 514 141 0 0 0
92 498 517 144 8 -8 0
100 490 520 147 0 -8 0
100 482 523 150 0 0 0
100 482 526 153 8 0 0
108 482 529 156 0 0 0
108 482 532 159 8 8 0
116 490 535 162 0 0 0
116 490 538 165 0 -8 0
116 482 541 168 8 0 0
124 482 544 171 0 -8 0
124 474 547 174 0 0 0
124 474 550 177 8 8 0
132 482 553 180 0 0 0
132 482 556 183 8 0 0
140 482 559 186 0 0 0
140 482 562 189 0 8 0
140 490 565 192 8 -8 0
148 482 568 195 0 -8 0
148 474 571 198 0 -8 0
148 466 574 201 8 -8 0
156 458 577 204 0 8 0
156 466 580 207 8 -8 0
164 458 583 210 0 0 0
164 458 586 213 0 -8 0
164 450 589 216 8 -8 0
172 442 592 219 0 0 0
172 442 595 222 0 -8 0
172 434 598 225 8 0 0
180 434 601 228 0 0 0
180 434 604 231 8 8 0
188 442 607 234 0 0 0
188 442 610 237 0 8 0
188 450 613 240 8 8 0
196 458 616 243 0 -8 0
196 450 619 246 0 -8 0
196 442 622 249 8 0 0
204 442 625 252 0 -8 0
204 434 628 255 8 0 0
212 434 631 258 0 -8 0
212 426 634 261 0 0 0
212 426 637 264 8 -8 0
220 418 640 267 0 -8 0
220 410 643 270 0 0 0
220 410 646 273 8 8 0
228 418 649 276 0 0 0
228 418 652 279 8 8 0
236 426 655 282 0 0 0
236 426 658 285 0 -8 0
236 418 661 288 8 -8 0
244 410 664 291 0 -8 0
244 402 667 294 0 8 0
244 410 670 297 8 8 0
252 418 673 300 0 0 0
252 418 676 303 8 0 0
260 418 679 306 0 8 0
260 426 682 309 0 0 0
260 426 685 312 8 8 0
268 434 688 315 0 8 0
268 442 691 318 0 8 0
268 450 694 321 8 8 0
276 458 697 324 0 0 0
276 458 700 327 8 8 0
284 466 703 330 0 -8 0
284 458 706 333 0 -8 0
284 450 709 336 8 8 0
292 458 712 339 0 0 0
292 458 715 342 0 8 0
292 466 718 345 8 -8 0
300 458 721 348 0 -8 0
300 450 724 351 8 8 0
308 458 727 354 0 -8 0
308 450 730 357 0 8 0
308 458 733 360 8 8 0
316 466 736 363 0 8 0
316 474 739 366 0 -8 0
316 466 742 369 8 8 0
324 474 745 372 0 -8 0
324 466 748 375 8 8 0
332 474 751 378 0 -8 0
332 466 754 381 0 -8 0
332 458 757 384 8 -8 0
340 450 760 387 0 8 0
340 458 763 390 0 -8 0
340 450 766 393 8 -8 0
348 442 769 396 0 0 0
348 442 772 399 8 8 0
356 450 775 402 0 8 0
356 458 778 405 0 -8 0
356 450 781 408 8 0 0
364 450 778 411 0 0 0
364 450 775 414 0 -8 0
364 442 772 417 8 -8 0
372 434 769 420 0 8 0
372 442 766 423 8 -8 0
380 434 763 426 0 -8 0
380 426 760 429 0 0 0
380 426 757 432 8 0 0
388 426 754 435 0 -8 0
388 418 751 438 0 -8 0
388 410 748 441 8 8 0
396 418 745 444 0 8 0
396 426 742 447 8 0 0
404 426 739 450 0 8 0
404 434 736 453 0 8 0
404 442 733 456 8 8 0
412 450 730 459 0 -8 0
412 442 727 462 0 -8 0
412 434 724 465 8 0 0
420 434 721 468 0 8 0
420 442 718 471 8 8 0
428 450 715 474 0 8 0
428 458 712 477 0 8 0
428 466 709 480 8 8 0
436 474 706 483 0 8 0
436 482 703 486 0 -8 0
436 474 700 489 8 0 0
444 474 697 492 0 8 0
444 482 694 495 8 0 0
452 482 691 498 0 8 0
452 490 688 501 0 8 0
452 498 685 504 8 0 0
460 498 682 507 0 8 0
460 506 679 510 0 -8 0
460 498 676 513 8 -8 0
468 490 673 516 0 0 0
468 490 670 519 8 0 0
476 490 667 522 0 -8 0
476 482 664 525 0 8 0
476 490 661 528 8 -8 0
484 482 658 531 0 8 0
484 490 655 534 0 0 0
484 490 652 537 8 -8 0
492 482 649 540 0 0 0
492 482 646 543 8 -8 0
500 474 643 546 0 -8 0
500 466 640 549 0 8 0
500 474 637 552 8 8 0
508 482 634 555 0 8 0
508 490 631 558 0 -8 0
508 482 628 561 8 0 0
516 482 625 564 0 -8 0
516 474 622 567 8 0 0
524 474 619 570 0 0 0
524 474 616 573 0 8 0
524 482 613 576 8 8 0
532 490 610 579 0 0 0
532 490 607 582 0 -8 0
532 482 604 585 8 0 0
540 482 601 588 0 -8 0
540 474 598 591 8 0 0
540 474 595 588 0 -8 0
540 466 592 585 0 -8 0
540 458 589 582 0 -8 0
540 450 586 579 0 0 0
540 450 583 576 0 0 0
540 450 580 573 0 -8 0
540 442 577 570 0 8 0
540 450 574 567 0 -8 0
540 442 571 564 0 0 0
540 442 568 561 0 8 0
540 450 565 558 0 0 0
540 450 562 555 0 -8 0
540 442 559 552 0 0 0
540 442 556 549 0 0 0
540 442 553 546 0 0 0
540 442 550 543 0 -8 0
540 434 547 540 0 8 0
540 442 544 537 0 8 0
540 450 541 534 0 8 0
540 458 538 531 0 8 0
540 466 535 528 0 8 0
540 474 532 525 0 -8 0
540 466 529 522 0 -8 0
540 458 526 519 0 -8 0
540 450 523 516 0 -8 0
540 442 520 513 0 8 0
540 450 517 510 0 8 0
540 458 514 507 0 -8 0
540 450 511 504 0 -8 0
540 442 508 501 0 8 0
540 450 505 498 0 8 0
540 458 502 495 0 8 0
540 466 499 492 0 8 0
540 474 496 489 -8 8 0
532 482 493 486 0 0 0
532 482 490 483 0 -8 0
532 474 487 480 -8 8 0
524 482 484 477 0 8 0
524 490 481 474 0 0 0
524 490 478 471 -8 0 0
516 490 475 468 0 -8 0
516 482 472 465 -8 0 0
508 482 469 462 0 0 0
508 482 466 459 0 -8 0
508 474 463 456 -8 8 0
500 482 460 453 0 0 0
500 482 457 450 0 8 0
500 490 454 447 -8 8 0
492 498 451 444 0 -8 0
492 490 448 441 -8 8 0
484 498 445 438 0 0 0
484 498 442 435 0 0 0
484 498 439 432 -8 8 0
476 506 436 429 0 8 0
476 514 433 426 0 8 0
476 522 430 423 -8 -8 0
468 514 427 420 0 0 0
468 514 424 417 -8 -8 0
460 506 421 414 0 8 0
460 514 418 411 0 -8 0
460 506 415 408 -8 -8 0
452 498 412 405 0 8 0
452 506 409 402 0 -8 0
452 498 406 399 -8 8 0
444 506 403 396 0 8 0
444 514 400 393 -8 8 0
436 522 397 390 0 -8 0
436 514 394 387 0 0 0
436 514 391 384 -8 -8 0
428 506 388 381 0 -8 0
428 498 385 378 0 -8 0
428 490 382 375 -8 8 0
420 498 379 372 0 -8 0
420 490 376 369 -8 -8 0
412 482 373 366 0 8 0
412 490 370 363 0 0 0
412 490 367 360 -8 8 0
404 498 364 357 0 -8 0
404 490 361 354 0 0 0
404 490 358 351 -8 8 0
396 498 355 348 0 8 0
396 506 352 345 -8 -8 0
388 498 349 342 0 8 0
388 506 346 339 0 0 0
388 506 343 336 -8 0 0
380 506 340 333 0 -8 0
380 498 337 330 0 8 0
380 506 334 327 -8 -8 0
372 498 331 324 0 8 0
372 506 328 321 -8 0 0
364 506 325 318 0 8 0
364 514 322 315 0 8 0
364 522 319 312 -8 0 0
356 522 316 309 0 0 0
356 522 313 306 0 0 0
356 522 310 303 -8 -8 0
348 514 307 300 0 0 0
348 514 304 297 -8 -8 0
340 506 301 294 0 -8 0
340 498 298 291 0 -8 0
340 490 295 288 -8 -8 0
332 482 292 285 0 0 0
332 482 289 282 0 8 0
332 490 286 279 -8 0 0
324 490 283 276 0 8 0
324 498 280 273 -8 0 0
316 498 277 270 0 -8 0
316 490 274 267 0 0 0
316 490 271 264 -8 0 0
308 490 268 261 0 8 0
308 498 265 258 0 0 0
308 498 262 255 -8 -8 0
300 490 259 252 0 0 0
300 490 256 249 -8 -8 0
292 482 253 246 0 0 0
292 482 250 243 0 8 0
292 490 247 240 -8 0 0
284 490 244 237 0 8 0
284 498 241 234 0 -8 0
284 490 238 231 -8 -8 0
276 482 235 228 0 8 0
276 490 232 225 -8 0 0
268 490 229 222 0 -8 0
268 482 226 219 0 -8 0
268 474 223 216 -8 8 0
260 482 220 213 0 0 0
260 482 217 210 0 8 0
260 490 214 207 -8 8 0
252 498 211 204 0 8 0
252 506 208 201 -8 0 0
244 506 205 198 0 0 0
244 506 202 195 0 0 0
244 506 199 192 -8 0 0
236 506 196 189 0 8 0
236 514 193 186 0 8 0
236 522 190 183 -8 8 0
228 530 187 180 0 -8 0
228 522 184 177 -8 0 0
220 522 181 174 0 0 0
220 522 178 171 0 8 0
220 530 175 168 -8 -8 0
212 522 172 165 0 -8 0
212 514 169 162 0 -8 0
212 506 166 159 -8 0 0
204 506 163 156 0 0 0
204 506 160 153 -8 0 0
196 506 157 150 0 8 0
196 514 154 147 0 8 0
196 522 151 144 -8 -8 0
188 514 148 141 0 8 0
188 522 145 138 0 0 0
188 522 142 135 -8 -8 0
180 514 139 132 0 0 0
180 514 136 129 -8 8 0
172 522 133 126 0 0 0
172 522 130 123 0 0 0
172 522 127 120 -8 -8 0
164 514 124 117 0 0 0
164 514 121 114 0 0 0
164 514 118 111 -8 0 0
156 514 115 108 0 8 0
156 522 112 105 -8 -8 0
148 514 109 102 0 -8 0
148 506 106 99 0 0 0
148 506 103 96 -8 -8 0
140 498 100 93 0 0 0
140 498 97 90 0 8 0
140 506 94 87 -8 0 0
132 506 91 84 0 -8 0
132 498 88 81 -8 -8 0
124 490 85 78 0 8 0
124 498 82 75 0 -8 0
124 490 79 72 -8 0 0
116 490 76 69 0 -8 0
116 482 73 66 0 0 0
116 482 70 63 -8 -8 0
108 474 67 60 0 8 0
108 482 64 57 -8 -8 0
100 474 61 54 0 0 0
100 474 58 51 0 -8 0
100 466 55 48 -8 0 0
92 466 52 45 0 0 0
92 466 49 42 0 8 0
92 474 46 39 -8 -8 0
84 466 43 36 0 -8 0
84 458 40 33 -8 -8 0
76 450 37 30 0 -8 0
76 442 34 27 0 0 0
76 442 31 24 -8 -8 0
68 434 28 21 0 0 0
68 434 25 18 0 -8 0
68 426 22 15 -8 8 0
60 434 19 12 0 0 0
60 434 22 9 -8 0 0
60 434 25 12 0 8 0
60 442 28 15 0 -8 0
60 434 31 18 0 8 0
60 442 34 21 0 -8 0
60 434 37 24 0 0 0
60 434 40 27 0 0 0
60 434 43 30 0 0 0
60 434 46 33 0 8 0
60 442 49 36 0 0 0
60 442 52 39 0 8 0
60 450 55 42 0 8 0
60 458 58 45 0 8 0
60 466 61 48 0 0 0
60 466 64 51 0 8 0
60 474 67 54 0 -8 0
60 466 70 57 0 -8 0
60 458 73 60 0 8 0
60 466 76 63 0 8 0
60 474 79 66 0 -8 0
60 466 82 69 0 0 0
60 466 85 72 0 8 0
60 474 88 75 0 0 0
60 474 91 78 0 8 0
60 482 94 81 0 -8 0
60 474 97 84 0 0 0
60 474 100 87 0 0 0
60 474 103 90 0 0 0
60 474 106 93 0 8 0
60 482 109 96 0 0 0
60 482 112 99 0 -8 0
60 474 115 102 0 0 0
60 474 118 105 0 0 0
60 474 121 108 0 0 0
60 474 124 111 8 0 0
68 474 127 114 0 0 0
68 474 130 117 0 0 0
68 474 133 120 8 8 0
76 482 136 123 0 0 0
76 482 139 126 0 0 0
76 482 142 129 8 8 0
84 490 145 132 0 0 0
84 490 148 135 8 -8 0
92 482 151 138 0 -8 0
92 474 154 141 0 -8 0
92 466 157 144 8 0 0
100 466 160 147 0 -8 0
100 458 163 150 0 -8 0
100 450 166 153 8 -8 0
108 442 169 156 0 -8 0
108 434 172 159 8 -8 0
116 426 175 162 0 -8 0
116 418 178 165 0 8 0
116 426 181 168 8 -8 0
124 418 184 171 0 -8 0
124 410 187 174 0 8 0
124 418 190 177 8 8 0
132 426 193 180 0 0 0
132 426 196 183 8 8 0
140 434 199 186 0 -8 0
140 426 202 189 0 0 0
140 426 205 192 8 -8 0
148 418 208 195 0 -8 0
148 410 211 198 0 0 0
148 410 214 201 8 -8 0
156 402 217 204 0 -8 0
156 394 220 207 8 0 0
164 394 223 210 0 -8 0
164 386 226 213 0 -8 0
164 378 229 216 8 8 0
172 386 232 219 0 0 0
172 386 235 222 0 -8 0
172 378 238 225 8 -8 0
180 370 241 228 0 8 0
180 378 244 231 8 -8 0
188 370 247 234 0 -8 0
188 362 250 237 0 -8 0
188 354 253 240 8 0 0
196 354 256 243 0 8 0
196 362 259 246 0 0 0
196 362 262 249 8 -8 0
204 354 265 252 0 -8 0
204 346 268 255 8 -8 0
212 338 271 258 0 -8 0
212 330 274 261 0 -8 0
212 322 277 264 8 -8 0
220 314 280 267 0 -8 0
220 306 283 270 0 -8 0
220 298 286 273 8 8 0
228 306 289 276 0 -8 0
228 298 292 279 8 8 0
236 306 295 282 0 0 0
236 306 298 285 0 0 0
236 306 301 288 8 -8 0
244 298 304 291 0 -8 0
244 290 307 294 0 8 0
244 298 310 297 8 -8 0
252 290 313 300 0 -8 0
252 282 316 303 8 0 0
260 282 319 306 0 -8 0
260 274 322 309 0 0 0
260 274 325 312 8 0 0
268 274 328 315 0 0 0
268 274 331 318 0 8 0
268 282 334 321 8 0 0
276 282 337 324 0 8 0
276 290 340 327 8 0 0
284 290 343 330 0 8 0
284 298 346 333 0 -8 0
284 290 349 336 8 0 0
292 290 352 339 0 -8 0
292 282 355 342 0 8 0
292 290 358 345 8 0 0
300 290 361 348 0 -8 0
300 282 364 351 8 0 0
308 282 367 354 0 0 0
308 282 370 357 0 0 0
308 282 373 360 8 -8 0
316 274 376 363 0 -8 0
316 266 379 366 0 0 0
316 266 382 369 8 -8 0
324 258 385 372 0 8 0
324 266 388 375 8 8 0
332 274 391 378 0 -8 0
332 266 394 381 0 0 0
332 266 397 384 8 8 0
340 274 400 387 0 -8 0
340 266 403 390 0 0 0
340 266 406 393 8 -8 0
348 258 409 396 0 -8 0
348 250 412 399 8 8 0
356 258 415 402 0 -8 0
356 250 418 405 0 8 0
356 258 421 408 8 -8 0
364 250 424 411 0 8 0
364 258 427 414 0 -8 0
364 250 430 417 8 0 0
372 250 433 420 0 0 0
372 250 436 423 8 -8 0
380 242 439 426 0 0 0
380 242 442 429 0 -8 0
380 234 445 432 8 8 0
388 242 448 435 0 -8 0
388 234 451 438 0 0 0
388 234 454 441 8 8 0
396 242 457 444 0 -8 0
396 234 460 447 8 8 0
404 242 463 450 0 8 0
404 250 466 453 0 0 0
404 250 469 456 8 8 0
412 258 472 459 0 0 0
412 258 475 462 0 8 0
412 266 478 465 8 -8 0
420 258 481 468 0 8 0
420 266 484 471 8 0 0
428 266 487 474 0 -8 0
428 258 490 477 0 -8 0
428 250 493 480 8 0 0
436 250 496 483 0 8 0
436 258 499 486 0 0 0
436 258 502 489 8 -8 0
444 250 505 492 0 -8 0
444 242 508 495 8 8 0
452 250 511 498 0 0 0
452 250 514 501 0 8 0
452 258 517 504 8 8 0
460 266 520 507 0 -8 0
460 258 523 510 0 0 0
460 258 526 513 8 0 0
468 258 529 516 0 -8 0
468 250 532 519 8 0 0
476 250 535 522 0 -8 0
476 242 538 525 0 0 0
476 242 541 528 8 -8 0
484 234 544 531 0 8 0
484 242 547 534 0 0 0
484 242 550 537 8 8 0
492 250 553 540 0 -8 0
492 242 556 543 8 0 0
500 242 559 546 0 -8 0
500 234 562 549 0 8 0
500 242 565 552 8 8 0
508 250 568 555 0 0 0
508 250 571 558 0 -8 0
508 242 574 561 8 0 0
516 242 577 564 0 0 0
516 242 580 567 8 8 0
524 250 583 570 0 -8 0
524 242 586 573 0 -8 0
524 234 589 576 8 -8 0
532 226 592 579 0 0 0
532 226 595 582 0 8 0
532 234 598 585 8 8 0
540 242 601 588 0 0 0
540 242 604 591 8 -8 0
540 234 607 588 0 -8 0
540 226 610 585 0 8 0
540 234 613 582 0 0 0
540 234 616 579 0 -8 0
540 226 619 576 0 -8 0
540 218 622 573 0 0 0
540 218 625 570 0 8 0
540 226 628 567 0 8 0
540 234 631 564 0 -8 0
540 226 634 561 0 8 0
540 234 637 558 0 0 0
540 234 640 555 0 8 0
540 242 643 552 0 -8 0
540 234 646 549 0 -8 0
540 226 649 546 0 -8 0
540 218 652 543 0 -8 0
540 210 655 540 0 -8 0
540 202 658 537 0 8 0
540 210 661 534 0 -8 0
540 202 664 531 0 0 0
540 202 667 528 0 8 0
540 210 670 525 0 -8 0
540 202 673 522 0 8 0
540 210 676 519 0 8 0
540 218 679 516 0 -8 0
540 210 682 513 0 8 0
540 218 685 510 0 -8 0
540 210 688 507 0 -8 0
540 202 691 504 0 0 0
540 202 694 501 0 -8 0
540 194 697 498 0 8 0
540 202 700 495 0 -8 0
540 194 703 492 0 -8 0
540 186 706 489 -8 8 0
532 194 709 486 0 8 0
532 202 712 483 0 -8 0
532 194 715 480 -8 8 0
524 202 718 477 0 8 0
524 210 721 474 0 -8 0
524 202 724 471 -8 0 0
516 202 727 468 0 0 0
516 202 730 465 -8 0 0
508 202 733 462 0 0 0
508 202 736 459 0 -8 0
508 194 739 456 -8 8 0
500 202 742 453 0 8 0
500 210 745 450 0 -8 0
500 202 748 447 -8 0 0
492 202 751 444 0 -8 0
492 194 754 441 -8 -8 0
484 186 757 438 0 8 0
484 194 760 435 0 8 0
484 202 763 432 -8 0 0
476 202 766 429 0 -8 0
476 194 769 426 0 8 0
476 202 772 423 -8 8 0
468 210 775 420 0 8 0
468 218 778 417 -8 0 0
460 218 781 414 0 0 1
460 218 781 414 0 0 1
460 218 781 414 0 0 1
460 218 781 414 0 0 1
460 218 781 414 0 0 1
