492 392 310 144 0 0 0
492 392 307 141 -8 8 0
484 400 304 138 -8 8 0
476 408 301 135 -8 0 0
468 408 298 132 -8 -8 0
460 400 295 129 -8 8 0
452 408 292 126 -8 -8 0
444 400 289 123 -8 -8 0
436 392 286 120 -8 0 0
428 392 283 117 -8 8 0
420 400 280 114 -8 0 0
412 400 277 111 -8 8 0
404 408 274 108 -8 8 0
396 416 271 105 -8 8 0
388 424 268 102 -8 -8 0
380 416 265 99 -8 0 0
372 416 262 96 -8 -8 0
364 408 259 93 -8 0 0
356 408 256 90 -8 -8 0
348 400 253 87 -8 0 0
340 400 250 84 -8 0 0
332 400 247 81 -8 8 0
324 408 244 78 -8 8 0
316 416 241 75 -8 -8 0
308 408 238 72 -8 -8 0
300 400 235 69 -8 8 0
292 408 232 66 -8 8 0
284 416 229 63 -8 8 0
276 424 226 60 -8 0 0
268 424 223 57 -8 -8 0
260 416 220 54 -8 -8 0
252 408 217 51 -8 8 0
244 416 214 48 -8 0 0
236 416 211 45 -8 -8 0
228 408 208 42 -8 8 0
220 416 205 39 -8 -8 0
212 408 202 36 -8 -8 0
204 400 199 33 -8 8 0
196 408 196 30 -8 8 0
188 416 193 27 -8 0 0
180 416 190 24 -8 -8 0
172 408 187 21 -8 -8 0
164 400 184 18 -8 -8 0
156 392 181 15 -8 0 0
148 392 178 12 -8 8 0
140 400 175 9 -8 8 0
132 408 172 12 -8 -8 0
124 400 169 15 -8 0 0
116 400 166 18 -8 -8 0
108 392 163 21 -8 -8 0
100 384 160 24 -8 0 0
92 384 157 27 -8 0 0
84 384 154 30 -8 0 0
76 384 151 33 0 0 0
76 384 148 36 0 8 0
76 392 145 39 0 0 0
76 392 142 42 0 -8 0
76 384 139 45 0 8 0
76 392 136 48 0 0 0
76 392 133 51 0 0 0
76 392 130 54 0 0 0
76 392 127 57 0 8 0
76 400 124 60 0 0 0
76 400 121 63 0 -8 0
76 392 118 66 0 8 0
76 400 115 69 0 8 0
76 408 112 72 0 -8 0
76 400 109 75 0 8 0
76 408 106 78 0 -8 0
76 400 103 81 0 -8 0
76 392 100 84 0 -8 0
76 384 97 87 0 0 0
76 384 94 90 0 0 0
76 384 91 93 0 0 0
76 384 88 96 0 8 0
76 392 85 99 0 0 0
76 392 82 102 0 -8 0
76 384 79 105 0 0 0
76 384 76 108 0 0 0
76 384 73 111 0 -8 0
76 376 70 114 0 8 0
76 384 67 117 0 0 0
76 384 64 120 0 8 0
76 392 61 123 0 8 0
76 400 58 126 0 8 0
76 408 55 129 8 8 0
84 416 52 132 0 -8 0
84 408 49 135 8 0 0
92 408 46 138 0 -8 0
92 400 43 141 0 8 0
92 408 40 144 8 8 0
100 416 37 147 0 -8 0
100 408 34 150 0 8 0
100 416 31 153 8 8 0
108 424 28 156 0 8 0
108 432 25 159 8 0 0
116 432 22 162 0 8 0
116 440 19 165 0 -8 0
116 432 22 168 8 -8 0
124 424 25 171 0 8 0
124 432 28 174 0 8 0
124 440 31 177 8 0 0
132 440 34 180 0 0 0
132 440 37 183 8 8 0
140 448 40 186 0 0 0
140 448 43 189 0 -8 0
140 440 46 192 8 8 0
148 448 49 195 0 -8 0
148 440 52 198 0 8 0
148 448 55 201 8 0 0
156 448 58 204 0 8 0
156 456 61 207 8 0 0
164 456 64 210 0 -8 0
164 448 67 213 0 8 0
164 456 70 216 8 -8 0
172 448 73 219 0 0 0
172 448 76 222 0 8 0
172 456 79 225 8 0 0
180 456 82 228 0 -8 0
180 448 85 231 8 -8 0
188 440 88 234 0 0 0
188 440 91 237 0 -8 0
188 432 94 240 8 0 0
196 432 97 243 0 8 0
196 440 100 246 0 -8 0
196 432 103 249 8 8 0
204 440 106 252 0 0 0
204 440 109 255 8 8 0
212 448 112 258 0 -8 0
212 440 115 261 0 8 0
212 448 118 264 8 -8 0
220 440 121 267 0 8 0
220 448 124 270 0 8 0
220 456 127 273 8 8 0
228 464 130 276 0 -8 0
228 456 133 279 8 0 0
236 456 136 282 0 8 0
236 464 139 285 0 0 0
236 464 142 288 8 0 0
244 464 145 291 0 -8 0
244 456 148 294 0 -8 0
244 448 151 297 8 8 0
252 456 154 300 0 0 0
252 456 157 303 8 0 0
260 456 160 306 0 8 0
260 464 163 309 0 -8 0
260 456 166 312 8 -8 0
268 448 169 315 0 0 0
268 448 172 318 0 0 0
268 448 175 321 8 -8 0
276 440 178 324 0 0 0
276 440 181 327 8 0 0
284 440 184 330 0 0 0
284 440 187 333 0 -8 0
284 432 190 336 8 -8 0
292 424 193 339 0 -8 0
292 416 196 342 0 -8 0
292 408 199 345 8 8 0
300 416 202 348 0 8 0
300 424 205 351 8 0 0
308 424 208 354 0 8 0
308 432 211 357 0 0 0
308 432 214 360 8 8 0
316 440 217 363 0 0 0
316 440 220 366 0 8 0
316 448 223 369 8 -8 0
324 440 226 372 0 8 0
324 448 229 375 8 -8 0
332 440 232 378 0 -8 0
332 432 235 381 0 -8 0
332 424 238 384 8 8 0
340 432 241 387 0 8 0
340 440 244 390 0 -8 0
340 432 247 393 8 8 0
348 440 250 396 0 8 0
348 448 253 399 8 0 0
356 448 256 402 0 0 0
356 448 259 405 0 0 0
356 448 262 408 8 -8 0
364 440 265 411 0 8 0
364 448 268 414 0 -8 0
364 440 271 417 8 0 0
372 440 274 420 0 0 0
372 440 277 423 8 8 0
380 448 280 426 0 8 0
380 456 283 429 0 8 0
380 464 286 432 8 -8 0
388 456 289 435 0 0 0
388 456 292 438 0 8 0
388 464 295 441 8 0 0
396 464 298 444 0 -8 0
396 456 301 447 8 8 0
404 464 304 450 0 -8 0
404 456 307 453 0 0 0
404 456 310 456 8 8 0
412 464 313 459 0 0 0
412 464 316 462 0 -8 0
412 456 319 465 8 8 0
420 464 322 468 0 0 0
420 464 325 471 8 -8 0
428 456 328 474 0 -8 0
428 448 331 477 0 8 0
428 456 334 480 8 8 0
436 464 337 483 0 8 0
436 472 340 486 0 0 0
436 472 343 489 8 8 0
444 480 346 492 0 0 0
444 480 349 495 8 0 0
452 480 352 498 0 -8 0
452 472 355 501 0 0 0
452 472 358 504 8 -8 0
460 464 361 507 0 -8 0
460 456 364 510 0 0 0
460 456 367 513 8 -8 0
468 448 370 516 0 0 0
468 448 373 519 8 0 0
476 448 376 522 0 -8 0
476 440 379 525 0 0 0
476 440 382 528 8 0 0
484 440 385 531 0 0 0
484 440 388 534 0 8 0
484 448 391 537 8 0 0
492 448 394 540 0 8 0
492 456 397 543 8 8 0
500 464 400 546 0 -8 0
500 456 403 549 0 0 0
500 456 406 552 8 8 0
508 464 409 555 0 0 0
508 464 412 558 0 0 0
508 464 415 561 8 -8 0
516 456 418 564 0 -8 0
516 448 421 567 8 8 0
524 456 424 570 0 8 0
524 464 427 573 0 -8 0
524 456 430 576 8 -8 0
532 448 433 579 0 -8 0
532 440 436 582 0 -8 0
532 432 439 585 8 8 0
540 440 442 588 0 8 0
540 448 445 591 8 -8 0
540 440 448 588 0 0 0
540 440 451 585 0 0 0
540 440 454 582 0 8 0
540 448 457 579 0 0 0
540 448 460 576 0 0 0
540 448 463 573 0 -8 0
540 440 466 570 0 8 0
540 448 469 567 0 -8 0
540 440 472 564 0 0 0
540 440 475 561 0 0 0
540 440 478 558 0 -8 0
540 432 481 555 0 0 0
540 432 484 552 0 0 0
540 432 487 549 0 0 0
540 432 490 546 0 8 0
540 440 493 543 0 8 0
540 448 496 540 0 -8 0
540 440 499 537 0 -8 0
540 432 502 534 0 8 0
540 440 505 531 0 -8 0
540 432 508 528 0 8 0
540 440 511 525 0 8 0
540 448 514 522 0 -8 0
540 440 517 519 0 8 0
540 448 520 516 0 -8 0
540 440 523 513 0 8 0
540 448 526 510 0 -8 0
540 440 529 507 0 0 0
540 440 532 504 0 0 0
540 440 535 501 0 -8 0
540 432 538 498 0 -8 0
540 424 541 495 0 8 0
540 432 544 492 0 8 0
540 440 547 489 -8 0 0
532 440 550 486 0 8 0
532 448 553 483 0 0 0
532 448 556 480 -8 8 0
524 456 559 477 0 8 0
524 464 562 474 0 8 0
524 472 565 471 -8 0 0
516 472 568 468 0 8 0
516 480 571 465 -8 8 0
508 488 574 462 0 8 0
508 496 577 459 0 -8 0
508 488 580 456 -8 8 0
500 496 583 453 0 -8 0
500 488 586 450 0 0 0
500 488 589 447 -8 8 0
492 496 592 444 0 8 0
492 504 595 441 -8 8 0
484 512 598 438 0 0 0
484 512 601 435 0 0 0
484 512 604 432 -8 8 0
476 520 607 429 0 -8 0
476 512 610 426 0 8 0
476 520 613 423 -8 -8 0
468 512 616 420 0 0 0
468 512 619 417 -8 8 0
460 520 622 414 0 -8 0
460 512 625 411 0 0 0
460 512 628 408 -8 -8 0
452 504 631 405 0 8 0
452 512 634 402 0 0 0
452 512 637 399 -8 0 0
444 512 640 396 0 -8 0
444 504 643 393 -8 8 0
436 512 646 390 0 8 0
436 520 649 387 0 8 0
436 528 652 384 -8 0 0
428 528 655 381 0 8 0
428 536 658 378 0 0 0
428 536 661 375 -8 -8 0
420 528 664 372 0 -8 0
420 520 667 369 -8 -8 0
412 512 670 366 0 8 0
412 520 673 363 0 0 0
412 520 676 360 -8 -8 0
404 512 679 357 0 0 0
404 512 682 354 0 8 0
404 520 685 351 -8 0 0
396 520 688 348 0 0 0
396 520 691 345 -8 8 0
388 528 694 342 0 -8 0
388 520 697 339 0 -8 0
388 512 700 336 -8 -8 0
380 504 703 333 0 8 0
380 512 706 330 0 -8 0
380 504 709 327 -8 8 0
372 512 712 324 0 -8 0
372 504 715 321 -8 0 0
364 504 718 318 0 8 0
364 512 721 315 0 0 0
364 512 724 312 -8 0 0
356 512 727 309 0 -8 0
356 504 730 306 0 8 0
356 512 733 303 -8 0 0
348 512 736 300 0 0 0
348 512 739 297 -8 8 0
340 520 742 294 0 0 0
340 520 745 291 0 -8 0
340 512 748 288 -8 -8 0
332 504 751 285 0 0 0
332 504 754 282 0 0 0
332 504 757 279 -8 0 0
324 504 760 276 0 0 0
324 504 763 273 -8 0 0
316 504 766 270 0 8 0
316 512 769 267 0 0 0
316 512 772 264 -8 -8 0
308 504 775 261 0 0 0
308 504 778 258 0 0 0
308 504 781 255 0 0 1
308 504 781 255 0 0 1
308 504 781 255 0 0 1
308 504 781 255 0 0 1
308 504 781 255 0 0 1
