482 120 262 252 0 0 0
482 120 259 249 -8 8 0
474 128 256 246 -8 -8 0
466 120 253 243 -8 8 0
458 128 250 240 -8 8 0
450 136 247 237 -8 -8 0
442 128 244 234 -8 -8 0
434 120 241 231 -8 8 0
426 128 238 228 -8 -8 0
418 120 235 225 -8 8 0
410 128 232 222 -8 0 0
402 128 229 219 -8 0 0
394 128 226 216 -8 0 0
386 128 223 213 -8 8 0
378 136 220 210 -8 -8 0
370 128 217 207 -8 8 0
362 136 214 204 -8 8 0
354 144 211 201 -8 -8 0
346 136 208 198 -8 8 0
338 144 205 195 -8 -8 0
330 136 202 192 -8 -8 0
322 128 199 189 -8 -8 0
314 120 196 186 -8 8 0
306 128 193 183 -8 -8 0
298 120 190 180 -8 8 0
290 128 187 177 -8 0 0
282 128 184 174 -8 8 0
274 136 181 171 -8 0 0
266 136 178 168 -8 0 0
258 136 175 165 -8 -8 0
250 128 172 162 -8 0 0
242 128 169 159 -8 -8 0
234 120 166 156 -8 0 0
226 120 163 153 -8 8 0
218 128 160 150 -8 -8 0
210 120 157 147 -8 0 0
202 120 154 144 -8 -8 0
194 112 151 141 -8 0 0
186 112 148 138 0 8 0
186 120 145 135 -8 8 0
178 128 142 132 0 8 0
178 136 139 129 0 0 0
178 136 136 126 -8 -8 0
170 128 133 123 0 -8 0
170 120 130 120 0 8 0
170 128 127 117 -8 0 0
162 128 124 114 0 8 0
162 136 121 111 -8 8 0
154 144 118 108 0 -8 0
154 136 115 105 0 0 0
154 136 112 102 -8 0 0
146 136 109 99 0 8 0
146 144 106 96 0 0 0
146 144 103 93 -8 0 0
138 144 100 90 0 8 0
138 152 97 87 -8 0 0
130 152 94 84 0 8 0
130 160 91 81 0 0 0
130 160 88 78 -8 -8 0
122 152 85 75 0 8 0
122 160 82 72 0 -8 0
122 152 79 69 -8 -8 0
114 144 76 66 0 -8 0
114 136 73 63 -8 8 0
106 144 70 60 0 -8 0
106 136 67 57 0 0 0
106 136 64 54 -8 8 0
98 144 61 51 0 8 0
98 152 58 48 0 -8 0
98 144 55 45 -8 -8 0
90 136 52 42 0 -8 0
90 128 49 39 -8 8 0
82 136 46 36 0 0 0
82 136 43 33 0 8 0
82 144 40 30 -8 8 0
74 152 37 27 0 0 0
74 152 34 24 0 0 0
74 152 31 21 -8 -8 0
66 144 28 18 0 -8 0
66 136 25 15 -8 -8 0
60 128 22 12 0 -8 0
60 120 19 9 0 0 1
60 120 19 9 0 0 1
60 120 19 9 0 0 1
60 120 19 9 0 0 1
60 120 19 9 0 0 1
