520 373 595 267 0 0 0
520 373 598 264 -8 0 0
512 373 601 261 -8 8 0
504 381 604 258 -8 -8 0
496 373 607 255 -8 8 0
488 381 610 252 -8 0 0
480 381 613 249 -8 8 0
472 389 616 246 -8 0 0
464 389 619 243 -8 -8 0
456 381 622 240 -8 8 0
448 389 625 237 -8 0 0
440 389 628 234 -8 -8 0
432 381 631 231 -8 8 0
424 389 634 228 -8 -8 0
416 381 637 225 -8 8 0
408 389 640 222 -8 -8 0
400 381 643 219 -8 0 0
392 381 646 216 -8 8 0
384 389 649 213 -8 0 0
376 389 652 210 -8 8 0
368 397 655 207 -8 0 0
360 397 658 204 -8 0 0
352 397 661 201 -8 -8 0
344 389 664 198 -8 -8 0
336 381 667 195 -8 -8 0
328 373 670 192 -8 8 0
320 381 673 189 -8 0 0
312 381 676 186 -8 8 0
304 389 679 183 -8 0 0
296 389 682 180 -8 8 0
288 397 685 177 -8 8 0
280 405 688 174 -8 8 0
272 413 691 171 -8 0 0
264 413 694 168 -8 8 0
256 421 697 165 -8 8 0
248 429 700 162 -8 -8 0
240 421 703 159 -8 8 0
232 429 706 156 -8 8 0
224 437 709 153 -8 -8 0
216 429 712 150 -8 -8 0
208 421 715 147 -8 8 0
200 429 718 144 -8 8 0
192 437 721 141 -8 0 0
184 437 724 138 0 -8 0
184 429 727 135 0 8 0
184 437 730 132 -8 8 0
176 445 733 129 0 0 0
176 445 736 126 0 0 0
176 445 739 123 -8 -8 0
168 437 742 120 0 8 0
168 445 745 117 -8 8 0
160 453 748 114 0 0 0
160 453 751 111 0 8 0
160 461 754 108 -8 8 0
152 469 757 105 0 0 0
152 469 760 102 0 8 0
152 477 763 99 -8 0 0
144 477 766 96 0 -8 0
144 469 769 93 -8 -8 0
136 461 772 90 0 0 0
136 461 775 87 0 0 0
136 461 778 84 -8 0 0
128 461 781 81 0 0 1
128 461 781 81 0 0 1
128 461 781 81 0 0 1
128 461 781 81 0 0 1
128 461 781 81 0 0 1
