254 168 547 174 0 0 0
254 168 544 177 -8 -8 0
246 160 541 180 -8 8 0
238 168 538 183 -8 -8 0
230 160 535 186 0 0 0
230 160 532 189 0 -8 0
230 152 529 192 0 0 0
230 152 526 195 0 -8 0
230 144 523 198 0 -8 0
230 136 520 201 0 0 0
230 136 517 204 0 8 0
230 144 514 207 0 0 0
230 144 511 210 0 8 0
230 152 508 213 0 -8 0
230 144 505 216 0 -8 0
230 136 502 219 0 -8 0
230 128 499 222 0 0 0
230 128 496 225 0 -8 0
230 120 493 228 0 8 0
230 128 490 231 0 0 0
230 128 487 234 0 0 0
230 128 484 237 0 8 0
230 136 481 240 0 8 0
230 144 478 243 0 -8 0
230 136 475 246 0 -8 0
230 128 472 249 0 8 0
230 136 469 252 0 0 0
230 136 466 255 0 -8 0
230 128 463 258 0 -8 0
230 120 460 261 0 -8 0
230 112 457 264 0 8 0
230 120 454 267 0 -8 0
230 112 451 270 0 0 0
230 112 448 273 0 -8 0
230 104 445 276 0 0 0
230 104 442 279 0 8 0
230 112 439 282 8 -8 0
238 104 436 285 0 0 0
238 104 433 288 0 8 0
238 112 430 291 8 -8 0
246 104 427 294 0 0 0
246 104 424 297 8 -8 0
254 96 421 300 0 0 0
254 96 418 303 0 0 0
254 96 415 306 8 0 0
262 96 412 309 0 0 0
262 96 409 312 0 8 0
262 104 406 315 8 8 0
270 112 403 318 0 -8 0
270 104 400 321 8 8 0
278 112 397 324 0 0 0
278 112 394 327 0 8 0
278 120 391 330 8 8 0
286 128 388 333 0 8 0
286 136 385 336 0 -8 0
286 128 382 339 8 0 0
294 128 379 342 0 0 0
294 128 376 345 8 8 0
302 136 373 348 0 0 0
302 136 370 351 0 0 0
302 136 367 354 8 -8 0
310 128 364 357 0 -8 0
310 120 361 360 0 -8 0
310 112 358 363 8 0 0
318 112 355 366 0 8 0
318 120 352 369 8 8 0
326 128 349 372 0 0 0
326 128 346 375 0 0 0
326 128 343 378 8 -8 0
334 120 340 381 0 0 0
334 120 337 384 0 -8 0
334 112 334 387 8 0 0
342 112 331 390 0 0 0
342 112 328 393 8 8 0
350 120 325 396 0 -8 0
350 112 322 399 0 -8 0
350 104 319 402 8 0 0
358 104 316 405 0 -8 0
358 96 313 408 0 0 0
358 96 310 411 8 -8 0
366 88 307 414 0 8 0
366 96 304 417 8 0 0
374 96 301 420 0 8 0
374 104 298 423 0 -8 0
374 96 295 426 8 8 0
382 104 292 429 0 -8 0
382 96 289 432 0 -8 0
382 88 286 435 8 -8 0
390 80 283 438 0 8 0
390 88 280 441 8 0 0
398 88 277 444 0 -8 0
398 80 274 447 0 -8 0
398 72 271 450 8 0 0
406 72 268 453 0 0 0
406 72 265 456 0 -8 0
406 64 262 459 8 -8 0
414 60 259 462 0 0 0
414 60 256 465 8 8 0
422 68 253 468 0 0 0
422 68 250 471 0 8 0
422 76 247 474 8 0 0
430 76 244 477 0 -8 0
430 68 241 480 0 -8 0
430 60 238 483 8 0 0
438 60 235 486 0 0 0
438 60 232 489 8 8 0
446 68 229 492 0 -8 0
446 60 226 495 0 0 0
446 60 223 498 8 -8 0
454 60 220 501 0 8 0
454 68 217 504 0 0 0
454 68 214 507 8 -8 0
462 60 211 510 0 -8 0
462 60 208 513 8 0 0
470 60 205 516 0 0 0
470 60 202 519 0 8 0
470 68 199 522 8 8 0
478 76 196 525 0 0 0
478 76 193 528 0 -8 0
478 68 190 531 8 0 0
486 68 187 534 0 0 0
486 68 184 537 8 -8 0
494 60 181 540 0 8 0
494 68 178 543 0 -8 0
494 60 175 546 8 8 0
502 68 172 549 0 -8 0
502 60 169 552 0 -8 0
502 60 166 555 8 0 0
510 60 163 558 0 -8 0
510 60 160 561 8 -8 0
518 60 157 564 0 -8 0
518 60 154 567 0 0 0
518 60 151 570 8 8 0
526 68 148 573 0 0 0
526 68 145 576 0 0 0
526 68 142 579 8 -8 0
534 60 139 582 0 8 0
534 68 136 585 8 0 0
540 68 133 588 0 0 0
540 68 130 591 8 8 0
540 76 127 588 0 -8 0
540 68 124 585 0 8 0
540 76 121 582 0 -8 0
540 68 118 579 0 8 0
540 76 115 576 0 0 0
540 76 112 573 0 0 0
540 76 109 570 0 -8 0
540 68 106 567 0 0 0
540 68 103 564 0 0 0
540 68 100 561 0 8 0
540 76 97 558 0 -8 0
540 68 94 555 0 8 0
540 76 91 552 0 8 0
540 84 88 549 0 -8 0
540 76 85 546 0 8 0
540 84 82 543 0 -8 0
540 76 79 540 0 -8 0
540 68 76 537 0 0 0
540 68 73 534 0 0 0
540 68 70 531 0 0 0
540 68 67 528 0 -8 0
540 60 64 525 0 0 0
540 60 61 522 0 8 0
540 68 58 519 0 0 0
540 68 55 516 0 0 0
540 68 52 513 0 -8 0
540 60 49 510 0 0 0
540 60 46 507 0 -8 0
540 60 43 504 0 8 0
540 68 40 501 0 8 0
540 76 37 498 0 -8 0
540 68 34 495 0 8 0
540 76 31 492 0 0 0
540 76 28 489 -8 -8 0
532 68 25 486 0 0 0
532 68 22 483 0 -8 0
532 60 19 480 0 0 1
532 60 19 480 0 0 1
532 60 19 480 0 0 1
532 60 19 480 0 0 1
532 60 19 480 0 0 1
