184 173 532 210 0 0 0
184 173 535 207 0 -8 0
184 165 538 204 0 -8 0
184 157 541 201 0 -8 0
184 149 544 198 0 8 0
184 157 547 195 0 0 0
184 157 550 192 0 -8 0
184 149 553 189 0 8 0
184 157 556 186 0 -8 0
184 149 559 183 0 0 0
184 149 562 180 0 -8 0
184 141 565 177 0 8 0
184 149 568 174 0 8 0
184 157 571 171 0 -8 0
184 149 574 168 0 0 0
184 149 577 165 0 8 0
184 157 580 162 0 0 0
184 157 583 159 0 0 0
184 157 586 156 0 8 0
184 165 589 153 0 0 0
184 165 592 150 0 0 0
184 165 595 147 0 -8 0
184 157 598 144 0 -8 0
184 149 601 141 0 0 0
184 149 604 138 0 8 0
184 157 607 135 0 8 0
184 165 610 132 -8 -8 0
176 157 613 129 0 8 0
176 165 616 126 0 8 0
176 173 619 123 -8 8 0
168 181 622 120 0 -8 0
168 173 625 117 -8 -8 0
160 165 628 114 0 0 0
160 165 631 111 0 -8 0
160 157 634 108 -8 8 0
152 165 637 105 0 -8 0
152 157 640 102 0 8 0
152 165 643 99 -8 8 0
144 173 646 96 0 -8 0
144 165 649 93 -8 8 0
136 173 652 90 0 0 0
136 173 655 87 0 -8 0
136 165 658 84 -8 8 0
128 173 661 81 0 -8 0
128 165 664 78 0 8 0
128 173 667 75 -8 -8 0
120 165 670 72 0 8 0
120 173 673 69 -8 -8 0
112 165 676 66 0 0 0
112 165 679 63 0 0 0
112 165 682 60 -8 -8 0
104 157 685 57 0 8 0
104 165 688 54 0 0 0
104 165 691 51 -8 -8 0
96 157 694 48 0 -8 0
96 149 697 45 -8 8 0
88 157 700 42 0 8 0
88 165 703 39 0 -8 0
88 157 706 36 -8 0 0
80 157 709 33 0 -8 0
80 149 712 30 0 -8 0
80 141 715 27 -8 8 0
72 149 718 24 0 0 0
72 149 721 21 -8 0 0
64 149 724 18 0 -8 0
64 141 727 15 0 -8 0
64 133 730 12 -8 0 0
60 133 733 9 -8 8 0
60 141 736 12 0 8 0
60 149 739 15 0 0 0
60 149 742 18 0 -8 0
60 141 745 21 0 0 0
60 141 748 24 0 8 0
60 149 751 27 0 8 0
60 157 754 30 0 8 0
60 165 757 33 0 0 0
60 165 760 36 0 -8 0
60 157 763 39 0 -8 0
60 149 766 42 0 0 0
60 149 769 45 0 0 0
60 149 772 48 0 8 0
60 157 775 51 0 -8 0
60 149 778 54 0 8 0
60 157 781 57 0 0 1
60 157 781 57 0 0 1
60 157 781 57 0 0 1
60 157 781 57 0 0 1
60 157 781 57 0 0 1
