523 357 667 258 0 0 0
523 357 664 261 -8 -8 0
515 349 661 264 -8 -8 0
507 341 658 267 -8 -8 0
499 333 655 270 -8 -8 0
491 325 652 273 -8 0 0
483 325 649 276 -8 8 0
475 333 646 279 -8 0 0
467 333 643 282 -8 -8 0
459 325 640 285 -8 8 0
451 333 637 288 -8 0 0
443 333 634 291 -8 8 0
435 341 631 294 -8 8 0
427 349 628 297 -8 -8 0
419 341 625 300 -8 -8 0
411 333 622 303 -8 -8 0
403 325 619 306 -8 8 0
395 333 616 309 -8 0 0
387 333 613 312 -8 -8 0
379 325 610 315 -8 8 0
371 333 607 318 -8 0 0
363 333 604 321 0 -8 0
363 325 601 324 0 0 0
363 325 598 327 0 0 0
363 325 595 330 0 8 0
363 333 592 333 0 8 0
363 341 589 336 0 8 0
363 349 586 339 0 -8 0
363 341 583 342 0 8 0
363 349 580 345 0 0 0
363 349 577 348 0 0 0
363 349 574 351 0 -8 0
363 341 571 354 0 8 0
363 349 568 357 0 -8 0
363 341 565 360 0 8 0
363 349 562 363 0 0 0
363 349 559 366 0 -8 0
363 341 556 369 0 0 0
363 341 553 372 0 8 0
363 349 550 375 0 -8 0
363 341 547 378 0 -8 0
363 333 544 381 0 8 0
363 341 541 384 0 8 0
363 349 538 387 0 -8 0
363 341 535 390 0 8 0
363 349 532 393 0 8 0
363 357 529 396 0 8 0
363 365 526 399 0 8 0
363 373 523 402 0 0 0
363 373 520 405 0 -8 0
363 365 517 408 0 0 0
363 365 514 411 0 0 0
363 365 511 414 8 8 0
371 373 508 417 0 -8 0
371 365 505 420 0 8 0
371 373 502 423 8 8 0
379 381 499 426 0 8 0
379 389 496 429 0 8 0
379 397 493 432 8 -8 0
387 389 490 435 0 -8 0
387 381 487 438 8 8 0
395 389 484 441 0 0 0
395 389 481 444 0 8 0
395 397 478 447 8 -8 0
403 389 475 450 0 8 0
403 397 472 453 0 8 0
403 405 469 456 8 0 0
411 405 466 459 0 8 0
411 413 463 462 8 0 0
419 413 460 465 0 0 0
419 413 457 468 0 -8 0
419 405 454 471 8 0 0
427 405 451 474 0 0 0
427 405 448 477 0 8 0
427 413 445 480 8 8 0
435 421 442 483 0 -8 0
435 413 439 486 8 8 0
443 421 436 489 0 0 0
443 421 433 492 0 8 0
443 429 430 495 8 -8 0
451 421 427 498 0 -8 0
451 413 424 501 0 0 0
451 413 421 504 8 -8 0
459 405 418 507 0 8 0
459 413 415 510 8 8 0
467 421 412 513 0 -8 0
467 413 409 516 0 0 0
467 413 406 519 8 0 0
475 413 403 522 0 0 0
475 413 400 525 0 0 0
475 413 397 528 8 0 0
483 413 394 531 0 8 0
483 421 391 534 8 -8 0
491 413 388 537 0 8 0
491 421 385 540 0 0 0
491 421 382 543 8 -8 0
499 413 379 546 0 0 0
499 413 376 549 0 0 0
499 413 373 552 8 0 0
507 413 370 555 0 -8 0
507 405 367 558 8 8 0
515 413 364 561 0 8 0
515 421 361 564 0 -8 0
515 413 358 567 8 8 0
523 421 355 570 0 8 0
523 429 352 573 0 -8 0
523 421 349 576 8 -8 0
531 413 346 579 0 8 0
531 421 343 582 8 -8 0
539 413 340 585 0 8 0
539 421 337 588 0 0 0
539 421 334 591 8 8 0
540 429 331 588 0 0 0
540 429 328 585 0 8 0
540 437 325 582 0 0 0
540 437 322 579 0 -8 0
540 429 319 576 0 0 0
540 429 316 573 0 -8 0
540 421 313 570 0 0 0
540 421 310 567 0 -8 0
540 413 307 564 0 0 0
540 413 304 561 0 -8 0
540 405 301 558 0 -8 0
540 397 298 555 0 0 0
540 397 295 552 0 -8 0
540 389 292 549 0 -8 0
540 381 289 546 0 -8 0
540 373 286 543 0 -8 0
540 365 283 540 0 8 0
540 373 280 537 0 8 0
540 381 277 534 0 0 0
540 381 274 531 0 0 0
540 381 271 528 0 8 0
540 389 268 525 0 8 0
540 397 265 522 0 -8 0
540 389 262 519 0 0 0
540 389 259 516 0 0 0
540 389 256 513 0 8 0
540 397 253 510 0 8 0
540 405 250 507 0 -8 0
540 397 247 504 0 8 0
540 405 244 501 0 -8 0
540 397 241 498 0 8 0
540 405 238 495 0 8 0
540 413 235 492 0 0 0
540 413 232 489 -8 0 0
532 413 229 486 0 8 0
532 421 226 483 0 8 0
532 429 223 480 -8 8 0
524 437 220 477 0 8 0
524 445 217 474 0 0 0
524 445 214 471 -8 -8 0
516 437 211 468 0 0 0
516 437 208 465 -8 0 0
508 437 205 462 0 -8 0
508 429 202 459 0 0 0
508 429 199 456 -8 0 0
500 429 196 453 0 -8 0
500 421 193 450 0 0 0
500 421 190 447 -8 8 0
492 429 187 444 0 8 0
492 437 184 441 -8 -8 0
484 429 181 438 0 0 0
484 429 178 435 0 0 0
484 429 175 432 -8 0 0
476 429 172 429 0 -8 0
476 421 169 426 0 8 0
476 429 166 423 -8 -8 0
468 421 163 420 0 8 0
468 429 160 417 -8 -8 0
460 421 157 414 0 8 0
460 429 154 411 0 0 0
460 429 151 408 -8 -8 0
452 421 148 405 0 -8 0
452 413 145 402 0 0 0
452 413 142 399 -8 -8 0
444 405 139 396 0 -8 0
444 397 136 393 -8 8 0
436 405 133 390 0 8 0
436 413 130 387 0 8 0
436 421 127 384 -8 8 0
428 429 124 381 0 8 0
428 437 121 378 0 0 0
428 437 118 375 -8 0 0
420 437 115 372 0 8 0
420 445 112 369 -8 8 0
412 453 109 366 0 8 0
412 461 106 363 0 0 0
412 461 103 360 -8 8 0
404 469 100 357 0 -8 0
404 461 97 354 0 0 0
404 461 94 351 -8 8 0
396 469 91 348 0 8 0
396 477 88 345 -8 -8 0
388 469 85 342 0 -8 0
388 461 82 339 0 8 0
388 469 79 336 -8 8 0
380 477 76 333 0 -8 0
380 469 73 330 0 8 0
380 477 70 327 -8 8 0
372 485 67 324 0 0 0
372 485 64 321 -8 0 0
364 485 61 318 0 -8 0
364 477 58 315 0 0 0
364 477 55 312 -8 0 0
356 477 52 309 0 8 0
356 485 49 306 0 8 0
356 493 46 303 -8 8 0
348 501 43 300 0 -8 0
348 493 40 297 -8 -8 0
340 485 37 294 0 0 0
340 485 34 291 0 0 0
340 485 31 288 -8 8 0
332 493 28 285 0 8 0
332 501 25 282 0 0 0
332 501 22 279 -8 -8 0
324 493 19 276 0 8 0
324 501 22 273 -8 8 0
316 509 25 270 0 -8 0
316 501 28 267 0 -8 0
316 493 31 264 -8 0 0
308 493 34 261 0 -8 0
308 485 37 258 0 0 0
308 485 40 255 -8 -8 0
300 477 43 252 0 -8 0
300 469 46 249 -8 8 0
292 477 49 246 0 8 0
292 485 52 243 0 -8 0
292 477 55 240 -8 0 0
284 477 58 237 0 -8 0
284 469 61 234 0 -8 0
284 461 64 231 -8 8 0
276 469 67 228 0 0 0
276 469 70 225 -8 0 0
268 469 73 222 0 -8 0
268 461 76 219 0 8 0
268 469 79 216 -8 -8 0
260 461 82 213 0 8 0
260 469 85 210 0 8 0
260 477 88 207 -8 -8 0
252 469 91 204 0 0 0
252 469 94 201 -8 0 0
244 469 97 198 0 8 0
244 477 100 195 0 8 0
244 485 103 192 -8 0 0
236 485 106 189 0 8 0
236 493 109 186 0 0 0
236 493 112 183 -8 0 0
228 493 115 180 0 -8 0
228 485 118 177 -8 8 0
220 493 121 174 0 8 0
220 501 124 171 0 0 0
220 501 127 168 -8 0 0
212 501 130 165 0 0 0
212 501 133 162 0 0 0
212 501 136 159 -8 8 0
204 509 139 156 0 -8 0
204 501 142 153 -8 8 0
196 509 145 150 0 8 0
196 517 148 147 0 0 0
196 517 151 144 -8 8 0
188 525 154 141 0 -8 0
188 517 157 138 0 -8 0
188 509 160 135 -8 0 0
180 509 163 132 0 -8 0
180 501 166 129 -8 0 0
172 501 169 126 0 8 0
172 509 172 123 0 0 0
172 509 175 120 -8 8 0
164 517 178 117 0 8 0
164 525 181 114 0 8 0
164 533 184 111 -8 -8 0
156 525 187 108 0 8 0
156 533 190 105 -8 8 0
148 540 193 102 0 -8 0
148 532 196 99 0 8 0
148 540 199 96 -8 0 0
140 540 202 93 0 -8 0
140 532 205 90 0 8 0
140 540 208 87 -8 -8 0
132 532 211 84 0 -8 0
132 524 214 81 -8 -8 0
124 516 217 78 0 0 0
124 516 220 75 0 0 0
124 516 223 72 -8 0 0
116 516 226 69 0 -8 0
116 508 229 66 0 8 0
116 516 232 63 -8 8 0
108 524 235 60 0 8 0
108 532 238 57 -8 0 0
100 532 241 54 0 -8 0
100 524 244 51 0 0 0
100 524 247 48 -8 8 0
92 532 250 45 0 8 0
92 540 253 42 0 0 0
92 540 256 39 -8 -8 0
84 532 259 36 0 8 0
84 540 262 33 -8 -8 0
76 532 265 30 0 0 0
76 532 268 27 0 8 0
76 540 271 24 -8 8 0
68 540 274 21 0 0 0
68 540 277 18 0 -8 0
68 532 280 15 -8 8 0
60 540 283 12 0 -8 0
60 532 286 9 -8 0 0
60 532 289 12 0 8 0
60 540 292 15 0 8 0
60 540 295 18 0 0 0
60 540 298 21 0 -8 0
60 532 301 24 0 -8 0
60 524 304 27 0 -8 0
60 516 307 30 0 8 0
60 524 310 33 0 0 0
60 524 313 36 0 8 0
60 532 316 39 0 -8 0
60 524 319 42 0 -8 0
60 516 322 45 0 0 0
60 516 325 48 0 8 0
60 524 328 51 0 8 0
60 532 331 54 0 0 0
60 532 334 57 0 0 0
60 532 337 60 0 0 0
60 532 340 63 0 0 0
60 532 343 66 0 -8 0
60 524 346 69 0 8 0
60 532 349 72 0 0 0
60 532 352 75 0 0 0
60 532 355 78 0 8 0
60 540 358 81 0 -8 0
60 532 361 84 0 0 0
60 532 364 87 0 8 0
60 540 367 90 0 8 0
60 540 370 93 0 0 0
60 540 373 96 0 0 0
60 540 376 99 0 8 0
60 540 379 102 0 0 0
60 540 382 105 0 8 0
60 540 385 108 0 0 0
60 540 388 111 8 8 0
68 540 391 114 0 8 0
68 540 394 117 0 8 0
68 540 397 120 8 -8 0
76 532 400 123 0 0 0
76 532 403 126 0 8 0
76 540 406 129 8 0 0
84 540 409 132 0 0 0
84 540 412 135 8 0 0
92 540 415 138 0 0 0
92 540 418 141 0 0 0
92 540 421 144 8 8 0
100 540 424 147 0 8 0
100 540 427 150 0 -8 0
100 532 430 153 8 0 0
108 532 433 156 0 -8 0
108 524 436 159 8 -8 0
116 516 439 162 0 -8 0
116 508 442 165 0 -8 0
116 500 445 168 8 8 0
124 508 448 171 0 -8 0
124 500 451 174 0 -8 0
124 492 454 177 8 0 0
132 492 457 180 0 -8 0
132 484 460 183 8 8 0
140 492 463 186 0 0 0
140 492 466 189 0 0 0
140 492 469 192 8 0 0
148 492 472 195 0 -8 0
148 484 475 198 0 0 0
148 484 478 201 8 8 0
156 492 481 204 0 -8 0
156 484 484 207 8 -8 0
164 476 487 210 0 8 0
164 484 490 213 0 -8 0
164 476 493 216 8 -8 0
172 468 496 219 0 8 0
172 476 499 222 0 8 0
172 484 502 225 8 0 0
180 484 505 228 0 0 0
180 484 508 231 8 8 0
188 492 511 234 0 0 0
188 492 514 237 0 8 0
188 500 517 240 8 8 0
196 508 520 243 0 -8 0
196 500 523 246 0 0 0
196 500 526 249 8 0 0
204 500 529 252 0 8 0
204 508 532 255 8 8 0
212 516 535 258 0 0 0
212 516 538 261 0 8 0
212 524 541 264 8 -8 0
220 516 544 267 0 8 0
220 524 547 270 0 0 0
220 524 550 273 8 0 0
228 524 553 276 0 -8 0
228 516 556 279 8 8 0
236 524 559 282 0 8 0
236 532 562 285 0 0 0
236 532 565 288 8 0 0
244 532 568 291 0 -8 0
244 524 571 294 0 -8 0
244 516 574 297 8 -8 0
252 508 577 300 0 8 0
252 516 580 303 8 8 0
260 524 583 306 0 8 0
260 532 586 309 0 -8 0
260 524 589 312 8 -8 0
268 516 592 315 0 8 0
268 524 595 318 0 0 0
268 524 598 321 8 -8 0
276 516 601 324 0 0 0
276 516 604 327 8 0 0
284 516 607 330 0 -8 0
284 508 610 333 0 0 0
284 508 613 336 8 0 0
292 508 616 339 0 -8 0
292 500 619 342 0 0 0
292 500 622 345 8 0 0
300 500 625 348 0 0 0
300 500 628 351 8 0 0
308 500 631 354 0 0 0
308 500 634 357 0 -8 0
308 492 637 360 8 8 0
316 500 640 363 0 8 0
316 508 643 366 0 8 0
316 516 646 369 8 8 0
324 524 649 372 0 8 0
324 532 652 375 8 -8 0
332 524 655 378 0 -8 0
332 516 658 381 0 0 0
332 516 661 384 8 0 0
340 516 664 387 0 8 0
340 524 667 390 0 0 0
340 524 670 393 8 -8 0
348 516 673 396 0 0 0
348 516 676 399 8 -8 0
356 508 679 402 0 -8 0
356 500 682 405 0 -8 0
356 492 685 408 8 8 0
364 500 688 411 0 -8 0
364 492 691 414 0 -8 0
364 484 694 417 8 8 0
372 492 697 420 0 -8 0
372 484 700 423 8 -8 0
380 476 703 426 0 -8 0
380 468 706 429 0 8 0
380 476 709 432 8 0 0
388 476 712 435 0 0 0
388 476 715 438 0 0 0
388 476 718 441 8 -8 0
396 468 721 444 0 0 0
396 468 724 447 8 -8 0
404 460 727 450 0 -8 0
404 452 730 453 0 -8 0
404 444 733 456 8 8 0
412 452 736 459 0 0 0
412 452 739 462 0 8 0
412 460 742 465 8 8 0
420 468 745 468 0 0 0
420 468 748 471 8 -8 0
428 460 751 474 0 -8 0
428 452 754 477 0 0 0
428 452 757 480 8 -8 0
436 444 760 483 0 8 0
436 452 763 486 0 0 0
436 452 766 489 8 8 0
444 460 769 492 0 0 0
444 460 772 495 8 -8 0
452 452 775 498 0 0 0
452 452 778 501 0 8 0
452 460 781 504 8 8 0
460 468 778 507 0 8 0
460 476 775 510 0 0 0
460 476 772 513 8 8 0
468 484 769 516 0 0 0
468 484 766 519 8 -8 0
476 476 763 522 0 -8 0
476 468 760 525 0 8 0
476 476 757 528 8 8 0
484 484 754 531 0 -8 0
484 476 751 534 0 -8 0
484 468 748 537 8 0 0
492 468 745 540 0 8 0
492 476 742 543 8 -8 0
500 468 739 546 0 0 0
500 468 736 549 0 8 0
500 476 733 552 8 8 0
508 484 730 555 0 0 0
508 484 727 558 0 8 0
508 492 724 561 8 8 0
516 500 721 564 0 0 0
516 500 718 567 8 0 0
524 500 715 570 0 0 0
524 500 712 573 0 8 0
524 508 709 576 8 0 0
532 508 706 579 0 0 0
532 508 703 582 0 -8 0
532 500 700 585 8 0 0
540 500 697 588 0 8 0
540 508 694 591 8 8 0
540 516 691 588 0 8 0
540 524 688 585 0 0 0
540 524 685 582 0 8 0
540 532 682 579 0 8 0
540 540 679 576 0 0 0
540 540 676 573 0 8 0
540 540 673 570 0 -8 0
540 532 670 567 0 8 0
540 540 667 564 0 0 0
540 540 664 561 0 0 0
540 540 661 558 0 0 0
540 540 658 555 0 -8 0
540 532 655 552 0 8 0
540 540 652 549 0 0 0
540 540 649 546 0 8 0
540 540 646 543 0 0 0
540 540 643 540 0 0 0
540 540 640 537 0 0 0
540 540 637 534 0 8 0
540 540 634 531 0 0 0
540 540 631 528 0 8 0
540 540 628 525 0 0 0
540 540 625 522 0 0 0
540 540 622 519 0 -8 0
540 532 619 516 0 8 0
540 540 616 513 0 0 0
540 540 613 510 0 -8 0
540 532 610 507 0 -8 0
540 524 607 504 0 -8 0
540 516 604 501 0 -8 0
540 508 601 498 0 0 0
540 508 598 495 0 8 0
540 516 595 492 0 0 0
540 516 592 489 -8 8 0
532 524 589 486 0 -8 0
532 516 586 483 0 8 0
532 524 583 480 -8 8 0
524 532 580 477 0 -8 0
524 524 577 474 0 8 0
524 532 574 471 -8 -8 0
516 524 571 468 0 0 0
516 524 568 465 -8 0 0
508 524 565 462 0 -8 0
508 516 562 459 0 8 0
508 524 559 456 -8 8 0
500 532 556 453 0 -8 0
500 524 553 450 0 8 0
500 532 550 447 -8 8 0
492 540 547 444 0 8 0
492 540 544 441 -8 -8 0
484 532 541 438 0 8 0
484 540 538 435 0 -8 0
484 532 535 432 -8 0 0
476 532 532 429 0 -8 0
476 524 529 426 0 0 0
476 524 526 423 -8 0 0
468 524 523 420 0 -8 0
468 516 520 417 -8 -8 0
460 508 517 414 0 8 0
460 516 514 411 0 -8 0
460 508 511 408 -8 8 0
452 516 508 405 0 -8 0
452 508 505 402 0 -8 0
452 500 502 399 -8 -8 0
444 492 499 396 0 -8 0
444 484 496 393 -8 8 0
436 492 493 390 0 8 0
436 500 490 387 0 8 0
436 508 487 384 -8 8 0
428 516 484 381 0 0 0
428 516 481 378 0 8 0
428 524 478 375 -8 0 0
420 524 475 372 0 -8 0
420 516 472 369 -8 8 0
412 524 469 366 0 8 0
412 532 466 363 0 8 0
412 540 463 360 -8 0 0
404 540 460 357 0 0 0
404 540 457 354 0 8 0
404 540 454 351 -8 8 0
396 540 451 348 0 -8 0
396 532 448 345 -8 8 0
388 540 445 342 0 -8 0
388 532 442 339 0 -8 0
388 524 439 336 -8 0 0
380 524 436 333 0 8 0
380 532 433 330 0 -8 0
380 524 430 327 -8 0 0
372 524 427 324 0 0 0
372 524 424 321 -8 -8 0
364 516 421 318 0 -8 0
364 508 418 315 0 0 0
364 508 415 312 -8 8 0
356 516 412 309 0 8 0
356 524 409 306 0 8 0
356 532 406 303 -8 8 0
348 540 403 300 0 8 0
348 540 400 297 -8 8 0
340 540 397 294 0 -8 0
340 532 394 291 0 0 0
340 532 391 288 -8 -8 0
332 524 388 285 0 -8 0
332 516 385 282 0 -8 0
332 508 382 279 -8 8 0
324 516 379 276 0 8 0
324 524 376 273 -8 -8 0
316 516 373 270 0 -8 0
316 508 370 267 0 -8 0
316 500 367 264 -8 8 0
308 508 364 261 0 -8 0
308 500 361 258 0 0 0
308 500 358 255 -8 8 0
300 508 355 252 0 8 0
300 516 352 249 -8 0 0
292 516 349 246 0 -8 0
292 508 346 243 0 0 0
292 508 343 240 -8 0 0
284 508 340 237 0 0 0
284 508 337 234 0 0 0
284 508 334 231 -8 0 0
276 508 331 228 0 8 0
276 516 328 225 -8 -8 0
268 508 325 222 0 -8 0
268 500 322 219 0 0 0
268 500 319 216 -8 8 0
260 508 316 213 0 0 0
260 508 313 210 0 -8 0
260 500 310 207 -8 8 0
252 508 307 204 0 -8 0
252 500 304 201 -8 8 0
244 508 301 198 0 -8 0
244 500 298 195 0 8 0
244 508 295 192 -8 8 0
236 516 292 189 0 -8 0
236 508 289 186 0 8 0
236 516 286 183 -8 -8 0
228 508 283 180 0 -8 0
228 500 280 177 -8 0 0
220 500 277 174 0 8 0
220 508 274 171 0 0 0
220 508 271 168 -8 8 0
212 516 268 165 0 8 0
212 524 265 162 0 8 0
212 532 262 159 -8 8 0
204 540 259 156 0 8 0
204 540 256 153 -8 0 0
196 540 253 150 0 0 0
196 540 250 147 0 8 0
196 540 247 144 -8 0 0
188 540 244 141 0 -8 0
188 532 241 138 0 0 0
188 532 238 135 -8 0 0
180 532 235 132 0 8 0
180 540 232 129 -8 0 0
172 540 229 126 0 0 0
172 540 226 123 0 -8 0
172 532 223 120 -8 0 0
164 532 220 117 0 8 0
164 540 217 114 0 -8 0
164 532 214 111 -8 -8 0
156 524 211 108 0 -8 0
156 516 208 105 -8 0 0
148 516 205 102 0 0 0
148 516 202 99 0 0 0
148 516 199 96 -8 0 0
140 516 196 93 0 -8 0
140 508 193 90 0 8 0
140 516 190 87 -8 0 0
132 516 187 84 0 0 0
132 516 184 81 -8 0 0
124 516 181 78 0 8 0
124 524 178 75 0 0 0
124 524 175 72 -8 0 0
116 524 172 69 0 -8 0
116 516 169 66 0 0 0
116 516 166 63 -8 -8 0
108 508 163 60 0 -8 0
108 500 160 57 -8 -8 0
100 492 157 54 0 0 0
100 492 154 51 0 0 0
100 492 151 48 -8 8 0
92 500 148 45 0 0 0
92 500 145 42 0 8 0
92 508 142 39 -8 0 0
84 508 139 36 0 0 0
84 508 136 33 -8 0 0
76 508 133 30 0 -8 0
76 500 130 27 0 8 0
76 508 127 24 -8 -8 0
68 500 124 21 0 0 0
68 500 121 18 0 0 0
68 500 118 15 -8 0 0
60 500 115 12 0 0 0
60 500 112 9 -8 0 0
60 500 109 12 0 -8 0
60 492 106 15 0 8 0
60 500 103 18 0 -8 0
60 492 100 21 0 -8 0
60 484 97 24 0 8 0
60 492 94 27 0 -8 0
60 484 91 30 0 -8 0
60 476 88 33 0 -8 0
60 468 85 36 0 0 0
60 468 82 39 0 0 0
60 468 79 42 0 8 0
60 476 76 45 0 8 0
60 484 73 48 0 0 0
60 484 70 51 0 -8 0
60 476 67 54 0 8 0
60 484 64 57 0 8 0
60 492 61 60 0 8 0
60 500 58 63 0 0 0
60 500 55 66 0 0 0
60 500 52 69 0 0 0
60 500 49 72 0 -8 0
60 492 46 75 0 -8 0
60 484 43 78 0 8 0
60 492 40 81 0 -8 0
60 484 37 84 0 -8 0
60 476 34 87 0 0 0
60 476 31 90 0 -8 0
60 468 28 93 0 0 0
60 468 25 96 0 0 0
60 468 22 99 0 -8 0
60 460 19 102 0 8 0
60 468 22 105 0 -8 0
60 460 25 108 0 8 0
60 468 28 111 8 8 0
68 476 31 114 0 -8 0
68 468 34 117 0 -8 0
68 460 37 120 8 8 0
76 468 40 123 0 8 0
76 476 43 126 0 -8 0
76 468 46 129 8 -8 0
84 460 49 132 0 8 0
84 468 52 135 8 8 0
92 476 55 138 0 -8 0
92 468 58 141 0 8 0
92 476 61 144 8 8 0
100 484 64 147 0 8 0
100 492 67 150 0 -8 0
100 484 70 153 8 0 0
108 484 73 156 0 0 0
108 484 76 159 8 8 0
116 492 79 162 0 0 0
116 492 82 165 0 0 0
116 492 85 168 8 -8 0
124 484 88 171 0 -8 0
124 476 91 174 0 8 0
124 484 94 177 8 8 0
132 492 97 180 0 0 0
132 492 100 183 8 8 0
140 500 103 186 0 -8 0
140 492 106 189 0 -8 0
140 484 109 192 8 -8 0
148 476 112 195 0 -8 0
148 468 115 198 0 -8 0
148 460 118 201 8 -8 0
156 452 121 204 0 8 0
156 460 124 207 8 -8 0
164 452 127 210 0 0 0
164 452 130 213 0 8 0
164 460 133 216 8 -8 0
172 452 136 219 0 -8 0
172 444 139 222 0 -8 0
172 436 142 225 8 -8 0
180 428 145 228 0 0 0
180 428 148 231 8 -8 0
188 420 151 234 0 8 0
188 428 154 237 0 0 0
188 428 157 240 8 0 0
196 428 160 243 0 8 0
196 436 163 246 0 0 0
196 436 166 249 8 8 0
204 444 169 252 0 -8 0
204 436 172 255 8 0 0
212 436 175 258 0 -8 0
212 428 178 261 0 0 0
212 428 181 264 8 8 0
220 436 184 267 0 -8 0
220 428 187 270 0 -8 0
220 420 190 273 8 0 0
228 420 193 276 0 8 0
228 428 196 279 8 0 0
236 428 199 282 0 8 0
236 436 202 285 0 0 0
236 436 205 288 8 8 0
244 444 208 291 0 0 0
244 444 211 294 0 0 0
244 444 214 297 8 0 0
252 444 217 300 0 -8 0
252 436 220 303 8 -8 0
260 428 223 306 0 -8 0
260 420 226 309 0 8 0
260 428 229 312 8 0 0
268 428 232 315 0 -8 0
268 420 235 318 0 8 0
268 428 238 321 8 -8 0
276 420 241 324 0 8 0
276 428 244 327 8 0 0
284 428 247 330 0 8 0
284 436 250 333 0 0 0
284 436 253 336 8 0 0
292 436 256 339 0 8 0
292 444 259 342 0 8 0
292 452 262 345 8 8 0
300 460 265 348 0 -8 0
300 452 268 351 8 -8 0
308 444 271 354 0 0 0
308 444 274 357 0 -8 0
308 436 277 360 8 0 0
316 436 280 363 0 8 0
316 444 283 366 0 0 0
316 444 286 369 8 0 0
324 444 289 372 0 8 0
324 452 292 375 8 0 0
332 452 295 378 0 0 0
332 452 298 381 0 -8 0
332 444 301 384 8 -8 0
340 436 304 387 0 0 0
340 436 307 390 0 -8 0
340 428 310 393 8 0 0
348 428 313 396 0 0 0
348 428 316 399 8 8 0
356 436 319 402 0 -8 0
356 428 322 405 0 8 0
356 436 325 408 8 0 0
364 436 328 411 0 0 0
364 436 331 414 0 8 0
364 444 334 417 8 -8 0
372 436 337 420 0 -8 0
372 428 340 423 8 -8 0
380 420 343 426 0 0 0
380 420 346 429 0 -8 0
380 412 349 432 8 0 0
388 412 352 435 0 8 0
388 420 355 438 0 -8 0
388 412 358 441 8 -8 0
396 404 361 444 0 -8 0
396 396 364 447 8 0 0
404 396 367 450 0 0 0
404 396 370 453 0 0 0
404 396 373 456 8 -8 0
412 388 376 459 0 -8 0
412 380 379 462 0 8 0
412 388 382 465 8 8 0
420 396 385 468 0 -8 0
420 388 388 471 8 8 0
428 396 391 474 0 0 0
428 396 394 477 0 -8 0
428 388 397 480 8 0 0
436 388 400 483 0 -8 0
436 380 403 486 0 0 0
436 380 406 489 8 0 0
444 380 409 492 0 -8 0
444 372 412 495 8 0 0
452 372 415 498 0 8 0
452 380 418 501 0 0 0
452 380 421 504 8 8 0
460 388 424 507 0 0 0
460 388 427 510 0 8 0
460 396 430 513 8 8 0
468 404 433 516 0 8 0
468 412 436 519 8 0 0
476 412 439 522 0 -8 0
476 404 442 525 0 -8 0
476 396 445 528 8 8 0
484 404 448 531 0 -8 0
484 396 451 534 0 -8 0
484 388 454 537 8 0 0
492 388 457 540 0 0 0
492 388 460 543 8 -8 0
500 380 463 546 0 -8 0
500 372 466 549 0 0 0
500 372 469 552 8 8 0
508 380 472 555 0 0 0
508 380 475 558 0 8 0
508 388 478 561 8 0 0
516 388 481 564 0 0 0
516 388 484 567 8 0 0
524 388 487 570 0 -8 0
524 380 490 573 0 -8 0
524 372 493 576 8 0 0
532 372 496 579 0 0 0
532 372 499 582 0 0 0
532 372 502 585 8 -8 0
540 364 505 588 0 8 0
540 372 508 591 8 0 0
540 372 511 588 0 0 0
540 372 514 585 0 0 0
540 372 517 582 0 -8 0
540 364 520 579 0 8 0
540 372 523 576 0 0 0
540 372 526 573 0 8 0
540 380 529 570 0 0 0
540 380 532 567 0 8 0
540 388 535 564 0 8 0
540 396 538 561 0 0 0
540 396 541 558 0 0 0
540 396 544 555 0 0 0
540 396 547 552 0 8 0
540 404 550 549 0 0 0
540 404 553 546 0 8 0
540 412 556 543 0 -8 0
540 404 559 540 0 8 0
540 412 562 537 0 -8 0
540 404 565 534 0 -8 0
540 396 568 531 0 0 0
540 396 571 528 0 -8 0
540 388 574 525 0 0 0
540 388 577 522 0 0 0
540 388 580 519 0 8 0
540 396 583 516 0 0 0
540 396 586 513 0 0 0
540 396 589 510 0 0 0
540 396 592 507 0 -8 0
540 388 595 504 0 -8 0
540 380 598 501 0 0 0
540 380 601 498 0 0 0
540 380 604 495 0 8 0
540 388 607 492 0 0 0
540 388 610 489 -8 8 0
532 396 613 486 0 -8 0
532 388 616 483 0 -8 0
532 380 619 480 -8 8 0
524 388 622 477 0 -8 0
524 380 625 474 0 0 0
524 380 628 471 -8 -8 0
516 372 631 468 0 0 0
516 372 634 465 -8 -8 0
508 364 637 462 0 8 0
508 372 640 459 0 0 0
508 372 643 456 -8 0 0
500 372 646 453 0 -8 0
500 364 649 450 0 8 0
500 372 652 447 -8 0 0
492 372 655 444 0 -8 0
492 364 658 441 -8 0 0
484 364 661 438 0 0 0
484 364 664 435 0 0 0
484 364 667 432 -8 -8 0
476 356 670 429 0 8 0
476 364 673 426 0 8 0
476 372 676 423 -8 8 0
468 380 679 420 0 -8 0
468 372 682 417 -8 0 0
460 372 685 414 0 8 0
460 380 688 411 0 -8 0
460 372 691 408 -8 -8 0
452 364 694 405 0 8 0
452 372 697 402 0 8 0
452 380 700 399 -8 8 0
444 388 703 396 0 0 0
444 388 706 393 -8 0 0
436 388 709 390 0 -8 0
436 380 712 387 0 -8 0
436 372 715 384 -8 8 0
428 380 718 381 0 0 0
428 380 721 378 0 0 0
428 380 724 375 -8 0 0
420 380 727 372 0 -8 0
420 372 730 369 -8 0 0
412 372 733 366 0 -8 0
412 364 736 363 0 8 0
412 372 739 360 -8 8 0
404 380 742 357 0 -8 0
404 372 745 354 0 0 0
404 372 748 351 -8 8 0
396 380 751 348 0 -8 0
396 372 754 345 -8 8 0
388 380 757 342 0 0 0
388 380 760 339 0 0 0
388 380 763 336 -8 0 0
380 380 766 333 0 -8 0
380 372 769 330 0 8 0
380 380 772 327 -8 0 0
372 380 775 324 0 0 0
372 380 778 321 -8 -8 0
364 372 781 318 0 0 1
364 372 781 318 0 0 1
364 372 781 318 0 0 1
364 372 781 318 0 0 1
364 372 781 318 0 0 1
