140 402 190 342 0 0 0
140 402 193 345 8 0 0
148 402 196 348 8 0 0
156 402 199 351 8 8 0
164 410 202 354 8 0 0
172 410 205 357 8 8 0
180 418 208 360 8 8 0
188 426 211 363 8 0 0
196 426 214 366 8 8 0
204 434 217 369 8 0 0
212 434 220 372 8 -8 0
220 426 223 375 8 0 0
228 426 226 378 8 0 0
236 426 229 381 8 8 0
244 434 232 384 8 0 0
252 434 235 387 8 8 0
260 442 238 390 8 -8 0
268 434 241 393 8 8 0
276 442 244 396 8 8 0
284 450 247 399 8 8 0
292 458 250 402 8 0 0
300 458 253 405 8 -8 0
308 450 256 408 8 -8 0
316 442 259 411 8 0 0
324 442 262 414 8 8 0
332 450 265 417 8 8 0
340 458 268 420 8 0 0
348 458 271 423 8 8 0
356 466 274 426 8 8 0
364 474 277 429 8 0 0
372 474 280 432 8 0 0
380 474 283 435 8 -8 0
388 466 286 438 0 -8 0
388 458 289 441 8 8 0
396 466 292 444 0 0 0
396 466 295 447 8 0 0
404 466 298 450 0 0 0
404 466 301 453 0 -8 0
404 458 304 456 8 8 0
412 466 307 459 0 -8 0
412 458 310 462 0 -8 0
412 450 313 465 8 -8 0
420 442 316 468 0 8 0
420 450 319 471 8 8 0
428 458 322 474 0 0 0
428 458 325 477 0 0 0
428 458 328 480 8 0 0
436 458 331 483 0 -8 0
436 450 334 486 0 0 0
436 450 337 489 8 -8 0
444 442 340 492 0 0 0
444 442 343 495 8 8 0
452 450 346 498 0 -8 0
452 442 349 501 0 -8 0
452 434 352 504 8 -8 0
460 426 355 507 0 8 0
460 434 358 510 0 0 0
460 434 361 513 8 8 0
468 442 364 516 0 8 0
468 450 367 519 8 0 0
476 450 370 522 0 -8 0
476 442 373 525 0 -8 0
476 434 376 528 8 0 0
484 434 379 531 0 8 0
484 442 382 534 0 8 0
484 450 385 537 8 8 0
492 458 388 540 0 8 0
492 466 391 543 8 8 0
500 474 394 546 0 8 0
500 482 397 549 0 -8 0
500 474 400 552 8 8 0
508 482 403 555 0 8 0
508 490 406 558 0 -8 0
508 482 409 561 8 -8 0
516 474 412 564 0 8 0
516 482 415 567 8 8 0
524 490 418 570 0 -8 0
524 482 421 573 0 0 0
524 482 424 576 8 0 0
532 482 427 579 0 8 0
532 490 430 582 0 0 0
532 490 433 585 8 0 0
540 490 436 588 0 8 0
540 498 439 591 8 -8 0
540 490 442 588 0 8 0
540 498 445 585 0 0 0
540 498 448 582 0 -8 0
540 490 451 579 0 8 0
540 498 454 576 0 8 0
540 506 457 573 0 8 0
540 514 460 570 0 -8 0
540 506 463 567 0 8 0
540 514 466 564 0 -8 0
540 506 469 561 0 -8 0
540 498 472 558 0 -8 0
540 490 475 555 0 0 0
540 490 478 552 0 0 0
540 490 481 549 0 -8 0
540 482 484 546 0 0 0
540 482 487 543 0 0 0
540 482 490 540 0 0 0
540 482 493 537 0 0 0
540 482 496 534 0 8 0
540 490 499 531 0 -8 0
540 482 502 528 0 0 0
540 482 505 525 0 0 0
540 482 508 522 0 0 0
540 482 511 519 0 0 0
540 482 514 516 0 8 0
540 490 517 513 0 -8 0
540 482 520 510 0 -8 0
540 474 523 507 0 0 0
540 474 526 504 0 8 0
540 482 529 501 0 0 0
540 482 532 498 0 -8 0
540 474 535 495 0 8 0
540 482 538 492 0 0 0
540 482 541 489 -8 -8 0
532 474 544 486 0 0 0
532 474 547 483 0 8 0
532 482 550 480 -8 0 0
524 482 553 477 0 0 0
524 482 556 474 0 -8 0
524 474 559 471 -8 -8 0
516 466 562 468 0 0 0
516 466 565 465 -8 8 0
508 474 568 462 0 -8 0
508 466 571 459 0 -8 0
508 458 574 456 -8 0 0
500 458 577 453 0 -8 0
500 450 580 450 0 -8 0
500 442 583 447 -8 8 0
492 450 586 444 0 0 0
492 450 589 441 -8 -8 0
484 442 592 438 0 8 0
484 450 595 435 0 -8 0
484 442 598 432 -8 -8 0
476 434 601 429 0 -8 0
476 426 604 426 0 -8 0
476 418 607 423 -8 -8 0
468 410 610 420 0 0 0
468 410 613 417 -8 0 0
460 410 616 414 0 -8 0
460 402 619 411 0 0 0
460 402 622 408 -8 0 0
452 402 625 405 0 8 0
452 410 628 402 0 0 0
452 410 631 399 -8 8 0
444 418 634 396 0 -8 0
444 410 637 393 -8 -8 0
436 402 640 390 0 -8 0
436 394 643 387 0 8 0
436 402 646 384 -8 8 0
428 410 649 381 0 0 0
428 410 652 378 0 -8 0
428 402 655 375 -8 -8 0
420 394 658 372 0 0 0
420 394 661 369 -8 8 0
412 402 664 366 0 -8 0
412 394 667 363 0 0 0
412 394 670 360 -8 0 0
404 394 673 357 0 8 0
404 402 676 354 0 0 0
404 402 679 351 -8 -8 0
396 394 682 348 0 -8 0
396 386 685 345 -8 -8 0
388 378 688 342 0 0 0
388 378 691 339 0 0 0
388 378 694 336 -8 0 0
380 378 697 333 0 -8 0
380 370 700 330 0 -8 0
380 362 703 327 -8 0 0
372 362 706 324 0 8 0
372 370 709 321 -8 8 0
364 378 712 318 0 8 0
364 386 715 315 0 -8 0
364 378 718 312 -8 0 0
356 378 721 309 0 0 0
356 378 724 306 0 0 0
356 378 727 303 -8 0 0
348 378 730 300 0 0 0
348 378 733 297 -8 8 0
340 386 736 294 0 0 0
340 386 739 291 0 -8 0
340 378 742 288 -8 0 0
332 378 745 285 0 8 0
332 386 748 282 0 8 0
332 394 751 279 -8 0 0
324 394 754 276 0 8 0
324 402 757 273 -8 8 0
316 410 760 270 0 0 0
316 410 763 267 0 0 0
316 410 766 264 -8 0 0
308 410 769 261 0 -8 0
308 402 772 258 0 8 0
308 410 775 255 -8 8 0
300 418 778 252 0 -8 0
300 410 781 249 0 0 1
300 410 781 249 0 0 1
300 410 781 249 0 0 1
300 410 781 249 0 0 1
300 410 781 249 0 0 1
