367 265 463 228 0 0 0
367 265 466 225 -8 0 0
359 265 469 222 -8 0 0
351 265 472 219 -8 0 0
343 265 475 216 -8 8 0
335 273 478 213 -8 8 0
327 281 481 210 -8 8 0
319 289 484 207 -8 8 0
311 297 487 204 -8 -8 0
303 289 490 201 -8 -8 0
295 281 493 198 -8 8 0
287 289 496 195 -8 0 0
279 289 499 192 -8 8 0
271 297 502 189 -8 0 0
263 297 505 186 -8 8 0
255 305 508 183 -8 -8 0
247 297 511 180 -8 -8 0
239 289 514 177 -8 -8 0
231 281 517 174 -8 8 0
223 289 520 171 -8 0 0
215 289 523 168 0 8 0
215 297 526 165 0 0 0
215 297 529 162 -8 -8 0
207 289 532 159 0 -8 0
207 281 535 156 -8 8 0
199 289 538 153 0 -8 0
199 281 541 150 0 8 0
199 289 544 147 -8 8 0
191 297 547 144 0 0 0
191 297 550 141 0 8 0
191 305 553 138 -8 -8 0
183 297 556 135 0 8 0
183 305 559 132 -8 8 0
175 313 562 129 0 8 0
175 321 565 126 0 0 0
175 321 568 123 -8 -8 0
167 313 571 120 0 0 0
167 313 574 117 0 -8 0
167 305 577 114 -8 8 0
159 313 580 111 0 0 0
159 313 583 108 -8 -8 0
151 305 586 105 0 -8 0
151 297 589 102 0 8 0
151 305 592 99 -8 0 0
143 305 595 96 0 -8 0
143 297 598 93 0 8 0
143 305 601 90 -8 0 0
135 305 604 87 0 0 0
135 305 607 84 -8 -8 0
127 297 610 81 0 -8 0
127 289 613 78 0 -8 0
127 281 616 75 -8 0 0
119 281 619 72 0 8 0
119 289 622 69 0 0 0
119 289 625 66 -8 -8 0
111 281 628 63 0 -8 0
111 273 631 60 -8 8 0
103 281 634 57 0 0 0
103 281 637 54 0 0 0
103 281 640 51 -8 8 0
95 289 643 48 0 -8 0
95 281 646 45 0 -8 0
95 273 649 42 -8 -8 0
87 265 652 39 0 8 0
87 273 655 36 -8 0 0
79 273 658 33 0 0 0
79 273 661 30 0 -8 0
79 265 664 27 -8 0 0
71 265 667 24 0 0 0
71 265 670 21 0 8 0
71 273 673 18 -8 8 0
63 281 676 15 0 -8 0
63 273 679 12 -8 8 0
60 281 682 9 -8 -8 0
60 273 685 12 0 0 0
60 273 688 15 0 -8 0
60 265 691 18 0 8 0
60 273 694 21 0 -8 0
60 265 697 24 0 8 0
60 273 700 27 0 0 0
60 273 703 30 0 8 0
60 281 706 33 0 -8 0
60 273 709 36 0 0 0
60 273 712 39 0 0 0
60 273 715 42 0 0 0
60 273 718 45 0 0 0
60 273 721 48 0 0 0
60 273 724 51 0 -8 0
60 265 727 54 0 8 0
60 273 730 57 0 8 0
60 281 733 60 0 0 0
60 281 736 63 0 8 0
60 289 739 66 0 8 0
60 297 742 69 0 8 0
60 305 745 72 0 -8 0
60 297 748 75 0 -8 0
60 289 751 78 0 8 0
60 297 754 81 0 0 0
60 297 757 84 0 8 0
60 305 760 87 0 -8 0
60 297 763 90 0 0 0
60 297 766 93 0 -8 0
60 289 769 96 0 8 0
60 297 772 99 0 -8 0
60 289 775 102 0 -8 0
60 281 778 105 0 0 0
60 281 781 108 0 0 1
60 281 781 108 0 0 1
60 281 781 108 0 0 1
60 281 781 108 0 0 1
60 281 781 108 0 0 1
