92 174 355 444 0 0 0
92 174 352 441 8 8 0
100 182 349 438 8 -8 0
108 174 346 435 8 8 0
116 182 343 432 8 0 0
124 182 340 429 8 -8 0
132 174 337 426 8 8 0
140 182 334 423 8 0 0
148 182 331 420 8 8 0
156 190 328 417 8 8 0
164 198 325 414 8 0 0
172 198 322 411 8 0 0
180 198 319 408 8 0 0
188 198 316 405 8 8 0
196 206 313 402 8 8 0
204 214 310 399 8 8 0
212 222 307 396 8 8 0
220 230 304 393 8 -8 0
228 222 301 390 8 0 0
236 222 298 387 8 8 0
244 230 295 384 8 -8 0
252 222 292 381 8 8 0
260 230 289 378 8 8 0
268 238 286 375 8 0 0
276 238 283 372 8 8 0
284 246 280 369 8 -8 0
292 238 277 366 8 -8 0
300 230 274 363 8 -8 0
308 222 271 360 8 8 0
316 230 268 357 0 -8 0
316 222 265 354 0 -8 0
316 214 262 351 0 0 0
316 214 259 348 0 0 0
316 214 256 345 0 -8 0
316 206 253 342 0 -8 0
316 198 250 339 0 0 0
316 198 247 336 0 0 0
316 198 244 333 0 0 0
316 198 241 330 0 -8 0
316 190 238 327 0 0 0
316 190 235 324 0 -8 0
316 182 232 321 0 0 0
316 182 229 318 0 -8 0
316 174 226 315 0 8 0
316 182 223 312 0 0 0
316 182 220 309 0 8 0
316 190 217 306 0 8 0
316 198 214 303 0 8 0
316 206 211 300 0 -8 0
316 198 208 297 0 0 0
316 198 205 294 0 -8 0
316 190 202 291 0 0 0
316 190 199 288 0 8 0
316 198 196 285 0 -8 0
316 190 193 282 0 8 0
316 198 190 279 0 -8 0
316 190 187 276 0 0 0
316 190 184 273 0 -8 0
316 182 181 270 0 0 0
316 182 178 267 0 -8 0
316 174 175 264 -8 -8 0
308 166 172 261 0 -8 0
308 158 169 258 0 0 0
308 158 166 255 -8 8 0
300 166 163 252 0 -8 0
300 158 160 249 -8 0 0
292 158 157 246 0 0 0
292 158 154 243 0 0 0
292 158 151 240 -8 0 0
284 158 148 237 0 8 0
284 166 145 234 0 -8 0
284 158 142 231 -8 8 0
276 166 139 228 0 0 0
276 166 136 225 -8 0 0
268 166 133 222 0 0 0
268 166 130 219 0 -8 0
268 158 127 216 -8 0 0
260 158 124 213 0 0 0
260 158 121 210 0 8 0
260 166 118 207 -8 0 0
252 166 115 204 0 0 0
252 166 112 201 -8 8 0
244 174 109 198 0 -8 0
244 166 106 195 0 -8 0
244 158 103 192 -8 -8 0
236 150 100 189 0 0 0
236 150 97 186 0 0 0
236 150 94 183 -8 0 0
228 150 91 180 0 0 0
228 150 88 177 -8 0 0
220 150 85 174 0 0 0
220 150 82 171 0 -8 0
220 142 79 168 -8 0 0
212 142 76 165 0 -8 0
212 134 73 162 0 -8 0
212 126 70 159 -8 -8 0
204 118 67 156 0 0 0
204 118 64 153 -8 8 0
196 126 61 150 0 0 0
196 126 58 147 0 -8 0
196 118 55 144 -8 -8 0
188 110 52 141 0 0 0
188 110 49 138 0 -8 0
188 102 46 135 -8 0 0
180 102 43 132 0 0 0
180 102 40 129 -8 0 0
172 102 37 126 0 -8 0
172 94 34 123 0 8 0
172 102 31 120 -8 0 0
164 102 28 117 0 -8 0
164 94 25 114 0 0 0
164 94 22 111 -8 8 0
156 102 19 108 0 0 0
156 102 22 105 -8 8 0
148 110 25 102 0 -8 0
148 102 28 99 0 -8 0
148 94 31 96 -8 -8 0
140 86 34 93 0 -8 0
140 78 37 90 0 -8 0
140 70 40 87 -8 8 0
132 78 43 84 0 0 0
132 78 46 81 -8 8 0
124 86 49 78 0 -8 0
124 78 52 75 0 0 0
124 78 55 72 -8 0 0
116 78 58 69 0 -8 0
116 70 61 66 0 -8 0
116 62 64 63 -8 8 0
108 70 67 60 0 0 0
108 70 70 57 -8 -8 0
100 62 73 54 0 0 0
100 62 76 51 0 8 0
100 70 79 48 -8 8 0
92 78 82 45 0 -8 0
92 70 85 42 0 0 0
92 70 88 39 -8 0 0
84 70 91 36 0 0 0
84 70 94 33 -8 8 0
76 78 97 30 0 0 0
76 78 100 27 0 -8 0
76 70 103 24 -8 0 0
68 70 106 21 0 0 0
68 70 109 18 0 8 0
68 78 112 15 -8 8 0
60 86 115 12 0 0 0
60 86 118 9 -8 0 0
60 86 121 12 0 8 0
60 94 124 15 0 8 0
60 102 127 18 0 8 0
60 110 130 21 0 0 0
60 110 133 24 0 0 0
60 110 136 27 0 8 0
60 118 139 30 0 -8 0
60 110 142 33 0 0 0
60 110 145 36 0 -8 0
60 102 148 39 0 -8 0
60 94 151 42 0 0 0
60 94 154 45 0 8 0
60 102 157 48 0 -8 0
60 94 160 51 0 8 0
60 102 163 54 0 -8 0
60 94 166 57 0 8 0
60 102 169 60 0 8 0
60 110 172 63 0 8 0
60 118 175 66 0 0 0
60 118 178 69 0 0 0
60 118 181 72 0 -8 0
60 110 184 75 0 0 0
60 110 187 78 0 -8 0
60 102 190 81 0 0 0
60 102 193 84 0 -8 0
60 94 196 87 0 0 0
60 94 199 90 0 -8 0
60 86 202 93 0 -8 0
60 78 205 96 0 -8 0
60 70 208 99 0 8 0
60 78 211 102 0 8 0
60 86 214 105 0 8 0
60 94 217 108 0 -8 0
60 86 220 111 8 -8 0
68 78 223 114 0 8 0
68 86 226 117 0 0 0
68 86 229 120 8 -8 0
76 78 232 123 0 8 0
76 86 235 126 0 0 0
76 86 238 129 8 -8 0
84 78 241 132 0 -8 0
84 70 244 135 8 -8 0
92 62 247 138 0 8 0
92 70 250 141 0 -8 0
92 62 253 144 8 0 0
100 62 256 147 0 8 0
100 70 259 150 0 8 0
100 78 262 153 8 8 0
108 86 265 156 0 -8 0
108 78 268 159 8 8 0
116 86 271 162 0 0 0
116 86 274 165 0 0 0
116 86 277 168 8 -8 0
124 78 280 171 0 8 0
124 86 283 174 0 0 0
124 86 286 177 8 8 0
132 94 289 180 0 0 0
132 94 292 183 8 8 0
140 102 295 186 0 8 0
140 110 298 189 0 -8 0
140 102 301 192 8 0 0
148 102 304 195 0 8 0
148 110 307 198 0 0 0
148 110 310 201 8 8 0
156 118 313 204 0 -8 0
156 110 316 207 8 8 0
164 118 319 210 0 0 0
164 118 322 213 0 8 0
164 126 325 216 8 -8 0
172 118 328 219 0 8 0
172 126 331 222 0 0 0
172 126 334 225 8 0 0
180 126 337 228 0 8 0
180 134 340 231 8 8 0
188 142 343 234 0 8 0
188 150 346 237 0 -8 0
188 142 349 240 8 0 0
196 142 352 243 0 -8 0
196 134 355 246 0 0 0
196 134 358 249 8 -8 0
204 126 361 252 0 0 0
204 126 364 255 8 0 0
212 126 367 258 0 -8 0
212 118 370 261 0 0 0
212 118 373 264 8 0 0
220 118 376 267 0 8 0
220 126 379 270 0 8 0
220 134 382 273 8 8 0
228 142 385 276 0 8 0
228 150 388 279 8 -8 0
236 142 391 282 0 -8 0
236 134 394 285 0 -8 0
236 126 397 288 8 -8 0
244 118 400 291 0 8 0
244 126 403 294 0 8 0
244 134 406 297 8 0 0
252 134 409 300 0 8 0
252 142 412 303 8 8 0
260 150 415 306 0 8 0
260 158 418 309 0 8 0
260 166 421 312 8 -8 0
268 158 424 315 0 0 0
268 158 427 318 0 8 0
268 166 430 321 8 -8 0
276 158 433 324 0 0 0
276 158 436 327 8 0 0
284 158 439 330 0 0 0
284 158 442 333 0 0 0
284 158 445 336 8 0 0
292 158 448 339 0 0 0
292 158 451 342 0 -8 0
292 150 454 345 8 0 0
300 150 457 348 0 -8 0
300 142 460 351 8 8 0
308 150 463 354 0 -8 0
308 142 466 357 0 8 0
308 150 469 360 8 0 0
316 150 472 363 0 -8 0
316 142 475 366 0 0 0
316 142 478 369 8 -8 0
324 134 481 372 0 0 0
324 134 484 375 8 0 0
332 134 487 378 0 0 0
332 134 490 381 0 -8 0
332 126 493 384 8 -8 0
340 118 496 387 0 0 0
340 118 499 390 0 0 0
340 118 502 393 8 8 0
348 126 505 396 0 -8 0
348 118 508 399 8 0 0
356 118 511 402 0 -8 0
356 110 514 405 0 8 0
356 118 517 408 8 -8 0
364 110 520 411 0 0 0
364 110 523 414 0 8 0
364 118 526 417 8 -8 0
372 110 529 420 0 8 0
372 118 532 423 8 -8 0
380 110 535 426 0 0 0
380 110 538 429 0 -8 0
380 102 541 432 8 -8 0
388 94 544 435 0 0 0
388 94 547 438 0 8 0
388 102 550 441 8 -8 0
396 94 553 444 0 8 0
396 102 556 447 8 -8 0
404 94 559 450 0 -8 0
404 86 562 453 0 8 0
404 94 565 456 8 -8 0
412 86 568 459 0 8 0
412 94 571 462 0 8 0
412 102 574 465 8 0 0
420 102 577 468 0 -8 0
420 94 580 471 8 -8 0
428 86 583 474 0 -8 0
428 78 586 477 0 -8 0
428 70 589 480 8 -8 0
436 62 592 483 0 8 0
436 70 595 486 0 -8 0
436 62 598 489 8 -8 0
444 60 601 492 0 0 0
444 60 604 495 8 8 0
452 68 607 498 0 -8 0
452 60 610 501 0 0 0
452 60 613 504 8 8 0
460 68 616 507 0 -8 0
460 60 619 510 0 -8 0
460 60 622 513 8 0 0
468 60 625 516 0 8 0
468 68 628 519 8 0 0
476 68 631 522 0 -8 0
476 60 634 525 0 0 0
476 60 637 528 8 -8 0
484 60 640 531 0 8 0
484 68 643 534 0 0 0
484 68 646 537 8 -8 0
492 60 649 540 0 0 0
492 60 652 543 8 -8 0
500 60 655 546 0 -8 0
500 60 658 549 0 8 0
500 68 661 552 8 0 0
508 68 664 555 0 -8 0
508 60 667 558 0 0 0
508 60 670 561 8 -8 0
516 60 673 564 0 8 0
516 68 676 567 8 -8 0
524 60 679 570 0 0 0
524 60 682 573 0 0 0
524 60 685 576 8 8 0
532 68 688 579 0 0 0
532 68 691 582 0 -8 0
532 60 694 585 8 8 0
540 68 697 588 0 8 0
540 76 700 591 8 0 0
540 76 703 588 0 8 0
540 84 706 585 0 8 0
540 92 709 582 0 0 0
540 92 712 579 0 8 0
540 100 715 576 0 8 0
540 108 718 573 0 0 0
540 108 721 570 0 8 0
540 116 724 567 0 0 0
540 116 727 564 0 8 0
540 124 730 561 0 0 0
540 124 733 558 0 8 0
540 132 736 555 0 8 0
540 140 739 552 0 8 0
540 148 742 549 0 0 0
540 148 745 546 0 0 0
540 148 748 543 0 0 0
540 148 751 540 0 0 0
540 148 754 537 0 -8 0
540 140 757 534 0 8 0
540 148 760 531 0 8 0
540 156 763 528 0 8 0
540 164 766 525 0 -8 0
540 156 769 522 0 0 0
540 156 772 519 0 8 0
540 164 775 516 0 -8 0
540 156 778 513 0 8 0
540 164 781 510 0 0 1
540 164 781 510 0 0 1
540 164 781 510 0 0 1
540 164 781 510 0 0 1
540 164 781 510 0 0 1
