304 60 475 120 0 0 0
304 60 472 123 -8 0 0
296 60 469 126 -8 -8 0
288 60 466 129 -8 -8 0
280 60 463 132 -8 0 0
272 60 460 135 -8 0 0
264 60 457 138 -8 0 0
256 60 454 141 -8 -8 0
248 60 451 144 -8 0 0
240 60 448 147 -8 -8 0
232 60 445 150 -8 0 0
224 60 442 153 -8 8 0
216 68 439 156 -8 8 0
208 76 436 159 0 0 0
208 76 433 162 0 -8 0
208 68 430 165 0 -8 0
208 60 427 168 0 0 0
208 60 424 171 0 8 0
208 68 421 174 0 0 0
208 68 418 177 0 -8 0
208 60 415 180 0 0 0
208 60 412 183 0 0 0
208 60 409 186 0 -8 0
208 60 406 189 0 0 0
208 60 403 192 0 -8 0
208 60 400 195 0 0 0
208 60 397 198 0 8 0
208 68 394 201 0 8 0
208 76 391 204 0 -8 0
208 68 388 207 0 8 0
208 76 385 210 0 0 0
208 76 382 213 0 -8 0
208 68 379 216 0 8 0
208 76 376 219 0 -8 0
208 68 373 222 0 8 0
208 76 370 225 0 -8 0
208 68 367 228 0 0 0
208 68 364 231 0 8 0
208 76 361 234 0 0 0
208 76 358 237 0 8 0
208 84 355 240 0 -8 0
208 76 352 243 0 8 0
208 84 349 246 0 8 0
208 92 346 249 0 8 0
208 100 343 252 0 0 0
208 100 340 255 0 8 0
208 108 337 258 0 -8 0
208 100 334 261 8 -8 0
216 92 331 264 0 0 0
216 92 328 267 8 0 0
224 92 325 270 0 0 0
224 92 322 273 0 0 0
224 92 319 276 8 0 0
232 92 316 279 0 0 0
232 92 313 282 0 -8 0
232 84 310 285 8 8 0
240 92 307 288 0 8 0
240 100 304 291 8 -8 0
248 92 301 294 0 -8 0
248 84 298 297 0 8 0
248 92 295 300 8 -8 0
256 84 292 303 0 8 0
256 92 289 306 0 -8 0
256 84 286 309 8 -8 0
264 76 283 312 0 0 0
264 76 280 315 8 -8 0
272 68 277 318 0 -8 0
272 60 274 321 0 -8 0
272 60 271 324 8 -8 0
280 60 268 327 0 -8 0
280 60 265 330 0 8 0
280 68 262 333 8 -8 0
288 60 259 336 0 8 0
288 68 256 339 8 8 0
296 76 253 342 0 8 0
296 84 250 345 0 -8 0
296 76 247 348 8 8 0
304 84 244 351 0 0 0
304 84 241 354 0 8 0
304 92 238 357 8 0 0
312 92 235 360 0 8 0
312 100 232 363 8 0 0
320 100 229 366 0 0 0
320 100 226 369 0 8 0
320 108 223 372 8 8 0
328 116 220 375 0 0 0
328 116 217 378 0 -8 0
328 108 214 381 8 8 0
336 116 211 384 0 0 0
336 116 208 387 8 8 0
344 124 205 390 0 0 0
344 124 202 393 0 8 0
344 132 199 396 8 -8 0
352 124 196 399 0 -8 0
352 116 193 402 0 0 0
352 116 190 405 8 -8 0
360 108 187 408 0 8 0
360 116 184 411 8 0 0
368 116 181 414 0 0 0
368 116 178 417 0 -8 0
368 108 175 420 8 8 0
376 116 172 423 0 -8 0
376 108 169 426 0 -8 0
376 100 166 429 8 0 0
384 100 163 432 0 0 0
384 100 160 435 8 -8 0
392 92 157 438 0 8 0
392 100 154 441 0 -8 0
392 92 151 444 8 -8 0
400 84 148 447 0 8 0
400 92 145 450 0 -8 0
400 84 142 453 8 0 0
408 84 139 456 0 8 0
408 92 136 459 8 -8 0
416 84 133 462 0 -8 0
416 76 130 465 0 8 0
416 84 127 468 8 -8 0
424 76 124 471 0 0 0
424 76 121 474 0 -8 0
424 68 118 477 8 8 0
432 76 115 480 0 0 0
432 76 112 483 8 8 0
440 84 109 486 0 8 0
440 92 106 489 0 0 0
440 92 103 492 8 0 0
448 92 100 495 0 -8 0
448 84 97 498 0 -8 0
448 76 94 501 8 0 0
456 76 91 504 0 -8 0
456 68 88 507 8 -8 0
464 60 85 510 0 -8 0
464 60 82 513 0 -8 0
464 60 79 516 8 8 0
472 68 76 519 0 -8 0
472 60 73 522 0 8 0
472 68 70 525 8 8 0
480 76 67 528 0 8 0
480 84 64 531 8 0 0
488 84 61 534 0 8 0
488 92 58 537 0 8 0
488 100 55 540 8 0 0
496 100 52 543 0 -8 0
496 92 49 546 0 0 0
496 92 46 549 8 0 0
504 92 43 552 0 -8 0
504 84 40 555 8 -8 0
512 76 37 558 0 -8 0
512 68 34 561 0 -8 0
512 60 31 564 8 -8 0
520 60 28 567 0 0 0
520 60 25 570 0 -8 0
520 60 22 573 8 -8 0
528 60 19 576 0 -8 0
528 60 22 579 8 8 0
536 68 25 582 0 -8 0
536 60 28 585 0 0 0
536 60 31 588 8 0 0
540 60 34 591 8 8 0
540 68 37 588 0 8 0
540 76 40 585 0 8 0
540 84 43 582 0 8 0
540 92 46 579 0 0 0
540 92 49 576 0 0 0
540 92 52 573 0 -8 0
540 84 55 570 0 0 0
540 84 58 567 0 8 0
540 92 61 564 0 8 0
540 100 64 561 0 0 0
540 100 67 558 0 -8 0
540 92 70 555 0 0 0
540 92 73 552 0 8 0
540 100 76 549 0 0 0
540 100 79 546 0 -8 0
540 92 82 543 0 0 0
540 92 85 540 0 0 0
540 92 88 537 0 8 0
540 100 91 534 0 0 0
540 100 94 531 0 -8 0
540 92 97 528 0 -8 0
540 84 100 525 0 8 0
540 92 103 522 0 8 0
540 100 106 519 0 -8 0
540 92 109 516 0 8 0
540 100 112 513 0 8 0
540 108 115 510 0 -8 0
540 100 118 507 0 8 0
540 108 121 504 0 -8 0
540 100 124 501 0 0 0
540 100 127 498 0 0 0
540 100 130 495 0 8 0
540 108 133 492 0 8 0
540 116 136 489 -8 -8 0
532 108 139 486 0 0 0
532 108 142 483 0 8 0
532 116 145 480 -8 -8 0
524 108 148 477 0 -8 0
524 100 151 474 0 0 0
524 100 154 471 -8 8 0
516 108 157 468 0 8 0
516 116 160 465 -8 0 0
508 116 163 462 0 8 0
508 124 166 459 0 8 0
508 132 169 456 -8 0 0
500 132 172 453 0 -8 0
500 124 175 450 0 -8 0
500 116 178 447 -8 -8 0
492 108 181 444 0 0 0
492 108 184 441 -8 8 0
484 116 187 438 0 -8 0
484 108 190 435 0 0 0
484 108 193 432 -8 0 0
476 108 196 429 0 0 0
476 108 199 426 0 0 0
476 108 202 423 -8 0 0
468 108 205 420 0 8 0
468 116 208 417 -8 -8 0
460 108 211 414 0 0 0
460 108 214 411 0 0 0
460 108 217 408 -8 8 0
452 116 220 405 0 -8 0
452 108 223 402 0 0 0
452 108 226 399 -8 0 0
444 108 229 396 0 8 0
444 116 232 393 -8 0 0
436 116 235 390 0 0 0
436 116 238 387 0 -8 0
436 108 241 384 -8 -8 0
428 100 244 381 0 0 0
428 100 247 378 0 -8 0
428 92 250 375 -8 8 0
420 100 253 372 0 8 0
420 108 256 369 -8 -8 0
412 100 259 366 0 -8 0
412 92 262 363 0 0 0
412 92 265 360 -8 0 0
404 92 268 357 0 8 0
404 100 271 354 0 8 0
404 108 274 351 -8 -8 0
396 100 277 348 0 8 0
396 108 280 345 -8 0 0
388 108 283 342 0 -8 0
388 100 286 339 0 8 0
388 108 289 336 -8 8 0
380 116 292 333 0 0 0
380 116 295 330 0 8 0
380 124 298 327 -8 -8 0
372 116 301 324 0 8 0
372 124 304 321 -8 0 0
364 124 307 318 0 0 0
364 124 310 315 0 8 0
364 132 313 312 -8 0 0
356 132 316 309 0 -8 0
356 124 319 306 0 8 0
356 132 322 303 -8 8 0
348 140 325 300 0 0 0
348 140 328 297 -8 -8 0
340 132 331 294 0 8 0
340 140 334 291 0 -8 0
340 132 337 288 -8 0 0
332 132 340 285 0 8 0
332 140 343 282 0 -8 0
332 132 346 279 -8 0 0
324 132 349 276 0 -8 0
324 124 352 273 -8 0 0
316 124 355 270 0 8 0
316 132 358 267 0 -8 0
316 124 361 264 -8 8 0
308 132 364 261 0 8 0
308 140 367 258 0 -8 0
308 132 370 255 -8 -8 0
300 124 373 252 0 0 0
300 124 376 249 -8 0 0
292 124 379 246 0 -8 0
292 116 382 243 0 -8 0
292 108 385 240 -8 -8 0
284 100 388 237 0 -8 0
284 92 391 234 0 -8 0
284 84 394 231 -8 -8 0
276 76 397 228 0 -8 0
276 68 400 225 -8 0 0
268 68 403 222 0 -8 0
268 60 406 219 0 0 0
268 60 409 216 -8 8 0
260 68 412 213 0 -8 0
260 60 415 210 0 8 0
260 68 418 207 -8 0 0
252 68 421 204 0 0 0
252 68 424 201 -8 0 0
244 68 427 198 0 0 0
244 68 430 195 0 0 0
244 68 433 192 -8 -8 0
236 60 436 189 0 -8 0
236 60 439 186 0 8 0
236 68 442 183 -8 0 0
228 68 445 180 0 8 0
228 76 448 177 -8 8 0
220 84 451 174 0 -8 0
220 76 454 171 0 -8 0
220 68 457 168 -8 -8 0
212 60 460 165 0 0 0
212 60 463 162 0 8 0
212 68 466 159 -8 -8 0
204 60 469 156 0 -8 0
204 60 472 153 -8 -8 0
196 60 475 150 0 8 0
196 68 478 147 0 8 0
196 76 481 144 -8 0 0
188 76 484 141 0 8 0
188 84 487 138 0 -8 0
188 76 490 135 -8 0 0
180 76 493 132 0 -8 0
180 68 496 129 -8 0 0
172 68 499 126 0 8 0
172 76 502 123 0 0 0
172 76 505 120 -8 0 0
164 76 508 117 0 -8 0
164 68 511 114 0 0 0
164 68 514 111 -8 8 0
156 76 517 108 0 0 0
156 76 520 105 -8 0 0
148 76 523 102 0 8 0
148 84 526 99 0 0 0
148 84 529 96 -8 8 0
140 92 532 93 0 8 0
140 100 535 90 0 8 0
140 108 538 87 -8 -8 0
132 100 541 84 0 8 0
132 108 544 81 -8 0 0
124 108 547 78 0 8 0
124 116 550 75 0 -8 0
124 108 553 72 -8 -8 0
116 100 556 69 0 8 0
116 108 559 66 0 0 0
116 108 562 63 -8 -8 0
108 100 565 60 0 8 0
108 108 568 57 -8 0 0
100 108 571 54 0 -8 0
100 100 574 51 0 0 0
100 100 577 48 -8 -8 0
92 92 580 45 0 8 0
92 100 583 42 0 8 0
92 108 586 39 -8 8 0
84 116 589 36 0 8 0
84 124 592 33 -8 8 0
76 132 595 30 0 -8 0
76 124 598 27 0 -8 0
76 116 601 24 -8 -8 0
68 108 604 21 0 0 0
68 108 607 18 0 -8 0
68 100 610 15 -8 8 0
60 108 613 12 0 -8 0
60 100 616 9 -8 8 0
60 108 619 12 0 8 0
60 116 622 15 0 8 0
60 124 625 18 0 8 0
60 132 628 21 0 -8 0
60 124 631 24 0 -8 0
60 116 634 27 0 8 0
60 124 637 30 0 8 0
60 132 640 33 0 -8 0
60 124 643 36 0 0 0
60 124 646 39 0 0 0
60 124 649 42 0 8 0
60 132 652 45 0 8 0
60 140 655 48 0 -8 0
60 132 658 51 0 -8 0
60 124 661 54 0 0 0
60 124 664 57 0 8 0
60 132 667 60 0 8 0
60 140 670 63 0 0 0
60 140 673 66 0 0 0
60 140 676 69 0 0 0
60 140 679 72 0 -8 0
60 132 682 75 0 0 0
60 132 685 78 0 0 0
60 132 688 81 0 8 0
60 140 691 84 0 0 0
60 140 694 87 0 -8 0
60 132 697 90 0 0 0
60 132 700 93 0 0 0
60 132 703 96 0 -8 0
60 124 706 99 0 0 0
60 124 709 102 0 8 0
60 132 712 105 0 0 0
60 132 715 108 0 0 0
60 132 718 111 8 0 0
68 132 721 114 0 -8 0
68 124 724 117 0 0 0
68 124 727 120 8 0 0
76 124 730 123 0 8 0
76 132 733 126 0 0 0
76 132 736 129 8 8 0
84 140 739 132 0 8 0
84 148 742 135 8 8 0
92 156 745 138 0 -8 0
92 148 748 141 0 8 0
92 156 751 144 8 -8 0
100 148 754 147 0 8 0
100 156 757 150 0 -8 0
100 148 760 153 8 0 0
108 148 763 156 0 -8 0
108 140 766 159 8 8 0
116 148 769 162 0 -8 0
116 140 772 165 0 0 0
116 140 775 168 8 -8 0
124 132 778 171 0 -8 0
124 124 781 174 0 -8 0
124 116 778 177 8 -8 0
132 108 775 180 0 -8 0
132 100 772 183 8 8 0
140 108 769 186 0 0 0
140 108 766 189 0 0 0
140 108 763 192 8 -8 0
148 100 760 195 0 8 0
148 108 757 198 0 0 0
148 108 754 201 8 8 0
156 116 751 204 0 -8 0
156 108 748 207 8 -8 0
164 100 745 210 0 -8 0
164 92 742 213 0 8 0
164 100 739 216 8 -8 0
172 92 736 219 0 8 0
172 100 733 222 0 -8 0
172 92 730 225 8 0 0
180 92 727 228 0 0 0
180 92 724 231 8 8 0
188 100 721 234 0 8 0
188 108 718 237 0 8 0
188 116 715 240 8 -8 0
196 108 712 243 0 8 0
196 116 709 246 0 0 0
196 116 706 249 8 -8 0
204 108 703 252 0 8 0
204 116 700 255 8 0 0
212 116 697 258 0 0 0
212 116 694 261 0 8 0
212 124 691 264 8 -8 0
220 116 688 267 0 -8 0
220 108 685 270 0 8 0
220 116 682 273 8 -8 0
228 108 679 276 0 0 0
228 108 676 279 8 -8 0
236 100 673 282 0 -8 0
236 92 670 285 0 -8 0
236 84 667 288 8 -8 0
244 76 664 291 0 0 0
244 76 661 294 0 0 0
244 76 658 297 8 -8 0
252 68 655 300 0 8 0
252 76 652 303 8 0 0
260 76 649 306 0 0 0
260 76 646 309 0 0 0
260 76 643 312 8 8 0
268 84 640 315 0 8 0
268 92 637 318 0 0 0
268 92 634 321 8 0 0
276 92 631 324 0 -8 0
276 84 628 327 8 0 0
284 84 625 330 0 0 0
284 84 622 333 0 8 0
284 92 619 336 8 8 0
292 100 616 339 0 8 0
292 108 613 342 0 8 0
292 116 610 345 8 8 0
300 124 607 348 0 0 0
300 124 604 351 8 0 0
308 124 601 354 0 -8 0
308 116 598 357 0 8 0
308 124 595 360 8 -8 0
316 116 592 363 0 8 0
316 124 589 366 0 8 0
316 132 586 369 8 0 0
324 132 583 372 0 8 0
324 140 580 375 8 -8 0
332 132 577 378 0 -8 0
332 124 574 381 0 -8 0
332 116 571 384 8 -8 0
340 108 568 387 0 -8 0
340 100 565 390 0 0 0
340 100 562 393 8 0 0
348 100 559 396 0 8 0
348 108 556 399 8 8 0
356 116 553 402 0 0 0
356 116 550 405 0 -8 0
356 108 547 408 8 0 0
364 108 544 411 0 -8 0
364 100 541 414 0 0 0
364 100 538 417 8 -8 0
372 92 535 420 0 8 0
372 100 532 423 8 -8 0
380 92 529 426 0 0 0
380 92 526 429 0 -8 0
380 84 523 432 8 8 0
388 92 520 435 0 8 0
388 100 517 438 0 -8 0
388 92 514 441 8 8 0
396 100 511 444 0 0 0
396 100 508 447 8 0 0
404 100 505 450 0 0 0
404 100 502 453 0 -8 0
404 92 499 456 8 -8 0
412 84 496 459 0 8 0
412 92 493 462 0 -8 0
412 84 490 465 8 -8 0
420 76 487 468 0 8 0
420 84 484 471 8 -8 0
428 76 481 474 0 8 0
428 84 478 477 0 -8 0
428 76 475 480 8 -8 0
436 68 472 483 0 0 0
436 68 469 486 0 -8 0
436 60 466 489 8 -8 0
444 60 463 492 0 -8 0
444 60 460 495 8 8 0
452 68 457 498 0 8 0
452 76 454 501 0 8 0
452 84 451 504 8 8 0
460 92 448 507 0 0 0
460 92 445 510 0 -8 0
460 84 442 513 8 8 0
468 92 439 516 0 8 0
468 100 436 519 8 8 0
476 108 433 522 0 -8 0
476 100 430 525 0 8 0
476 108 427 528 8 -8 0
484 100 424 531 0 8 0
484 108 421 534 0 0 0
484 108 418 537 8 8 0
492 116 415 540 0 8 0
492 124 412 543 8 0 0
500 124 409 546 0 0 0
500 124 406 549 0 0 0
500 124 403 552 8 -8 0
508 116 400 555 0 0 0
508 116 397 558 0 0 0
508 116 394 561 8 0 0
516 116 391 564 0 8 0
516 124 388 567 8 8 0
524 132 385 570 0 0 0
524 132 382 573 0 -8 0
524 124 379 576 8 8 0
532 132 376 579 0 0 0
532 132 373 582 0 0 0
532 132 370 585 8 0 0
540 132 367 588 0 8 0
540 140 364 591 8 -8 0
540 132 361 588 0 0 0
540 132 358 585 0 -8 0
540 124 355 582 0 -8 0
540 116 352 579 0 0 0
540 116 349 576 0 -8 0
540 108 346 573 0 8 0
540 116 343 570 0 -8 0
540 108 340 567 0 0 0
540 108 337 564 0 -8 0
540 100 334 561 0 0 0
540 100 331 558 0 0 0
540 100 328 555 0 8 0
540 108 325 552 0 0 0
540 108 322 549 0 8 0
540 116 319 546 0 -8 0
540 108 316 543 0 -8 0
540 100 313 540 0 8 0
540 108 310 537 0 -8 0
540 100 307 534 0 -8 0
540 92 304 531 0 8 0
540 100 301 528 0 0 0
540 100 298 525 0 8 0
540 108 295 522 0 0 0
540 108 292 519 0 -8 0
540 100 289 516 0 8 0
540 108 286 513 0 -8 0
540 100 283 510 0 0 0
540 100 280 507 0 0 0
540 100 277 504 0 0 0
540 100 274 501 0 0 0
540 100 271 498 0 -8 0
540 92 268 495 0 0 0
540 92 265 492 0 -8 0
540 84 262 489 -8 8 0
532 92 259 486 0 8 0
532 100 256 483 0 0 0
532 100 253 480 -8 -8 0
524 92 250 477 0 0 0
524 92 247 474 0 0 0
524 92 244 471 -8 -8 0
516 84 241 468 0 0 0
516 84 238 465 -8 -8 0
508 76 235 462 0 0 0
508 76 232 459 0 -8 0
508 68 229 456 -8 0 0
500 68 226 453 0 -8 0
500 60 223 450 0 0 0
500 60 220 447 -8 0 0
492 60 217 444 0 0 0
492 60 214 441 -8 8 0
484 68 211 438 0 8 0
484 76 208 435 0 -8 0
484 68 205 432 -8 8 0
476 76 202 429 0 0 0
476 76 199 426 0 8 0
476 84 196 423 -8 0 0
468 84 193 420 0 -8 0
468 76 190 417 -8 8 0
460 84 187 414 0 -8 0
460 76 184 411 0 -8 0
460 68 181 408 -8 -8 0
452 60 178 405 0 -8 0
452 60 175 402 0 0 0
452 60 172 399 -8 0 0
444 60 169 396 0 -8 0
444 60 166 393 -8 -8 0
436 60 163 390 0 0 0
436 60 160 387 0 0 0
436 60 157 384 -8 -8 0
428 60 154 381 0 8 0
428 68 151 378 0 -8 0
428 60 148 375 -8 0 0
420 60 145 372 0 -8 0
420 60 142 369 -8 8 0
412 68 139 366 0 8 0
412 76 136 363 0 0 0
412 76 133 360 -8 0 0
404 76 130 357 0 8 0
404 84 127 354 0 8 0
404 92 124 351 -8 8 0
396 100 121 348 0 -8 0
396 92 118 345 -8 8 0
388 100 115 342 0 -8 0
388 92 112 339 0 -8 0
388 84 109 336 -8 -8 0
380 76 106 333 0 -8 0
380 68 103 330 0 -8 0
380 60 100 327 -8 -8 0
372 60 97 324 0 8 0
372 68 94 321 -8 8 0
364 76 91 318 0 0 0
364 76 88 315 0 -8 0
364 68 85 312 -8 0 0
356 68 82 309 0 0 0
356 68 79 306 0 0 0
356 68 76 303 -8 8 0
348 76 73 300 0 0 0
348 76 70 297 -8 0 0
340 76 67 294 0 8 0
340 84 64 291 0 8 0
340 92 61 288 -8 -8 0
332 84 58 285 0 -8 0
332 76 55 282 0 8 0
332 84 52 279 -8 0 0
324 84 49 276 0 -8 0
324 76 46 273 -8 -8 0
316 68 43 270 0 8 0
316 76 40 267 0 8 0
316 84 37 264 -8 0 0
308 84 34 261 0 -8 0
308 76 31 258 0 0 0
308 76 28 255 -8 0 0
300 76 25 252 0 0 0
300 76 22 249 -8 8 0
292 84 19 246 0 -8 0
292 76 22 243 0 0 0
292 76 25 240 -8 8 0
284 84 28 237 0 8 0
284 92 31 234 0 0 0
284 92 34 231 -8 -8 0
276 84 37 228 0 8 0
276 92 40 225 -8 0 0
268 92 43 222 0 0 0
268 92 46 219 0 0 0
268 92 49 216 -8 0 0
260 92 52 213 0 -8 0
260 84 55 210 0 0 0
260 84 58 207 -8 0 0
252 84 61 204 0 -8 0
252 76 64 201 -8 8 0
244 84 67 198 0 8 0
244 92 70 195 0 -8 0
244 84 73 192 -8 0 0
236 84 76 189 0 -8 0
236 76 79 186 0 0 0
236 76 82 183 -8 -8 0
228 68 85 180 0 0 0
228 68 88 177 -8 -8 0
220 60 91 174 0 0 0
220 60 94 171 0 0 0
220 60 97 168 -8 8 0
212 68 100 165 0 -8 0
212 60 103 162 0 -8 0
212 60 106 159 -8 0 0
204 60 109 156 0 8 0
204 68 112 153 -8 0 0
196 68 115 150 0 8 0
196 76 118 147 0 8 0
196 84 121 144 -8 8 0
188 92 124 141 0 0 0
188 92 127 138 0 -8 0
188 84 130 135 -8 -8 0
180 76 133 132 0 8 0
180 84 136 129 -8 8 0
172 92 139 126 0 8 0
172 100 142 123 0 8 0
172 108 145 120 -8 -8 0
164 100 148 117 0 8 0
164 108 151 114 0 -8 0
164 100 154 111 -8 -8 0
156 92 157 108 0 0 0
156 92 160 105 -8 -8 0
148 84 163 102 0 8 0
148 92 166 99 0 8 0
148 100 169 96 -8 0 0
140 100 172 93 0 8 0
140 108 175 90 0 0 0
140 108 178 87 -8 -8 0
132 100 181 84 0 -8 0
132 92 184 81 -8 -8 0
124 84 187 78 0 8 0
124 92 190 75 0 0 0
124 92 193 72 -8 -8 0
116 84 196 69 0 -8 0
116 76 199 66 0 0 0
116 76 202 63 -8 -8 0
108 68 205 60 0 -8 0
108 60 208 57 -8 8 0
100 68 211 54 0 8 0
100 76 214 51 0 8 0
100 84 217 48 -8 8 0
92 92 220 45 0 0 0
92 92 223 42 0 0 0
92 92 226 39 -8 8 0
84 100 229 36 0 8 0
84 108 232 33 -8 0 0
76 108 235 30 0 -8 0
76 100 238 27 0 -8 0
76 92 241 24 -8 8 0
68 100 244 21 0 8 0
68 108 247 18 0 8 0
68 116 250 15 -8 -8 0
60 108 253 12 0 0 0
60 108 256 9 -8 8 0
60 116 259 12 0 -8 0
60 108 262 15 0 0 0
60 108 265 18 0 8 0
60 116 268 21 0 -8 0
60 108 271 24 0 8 0
60 116 274 27 0 -8 0
60 108 277 30 0 -8 0
60 100 280 33 0 8 0
60 108 283 36 0 8 0
60 116 286 39 0 0 0
60 116 289 42 0 -8 0
60 108 292 45 0 -8 0
60 100 295 48 0 0 0
60 100 298 51 0 0 0
60 100 301 54 0 8 0
60 108 304 57 0 -8 0
60 100 307 60 0 8 0
60 108 310 63 0 0 0
60 108 313 66 0 0 0
60 108 316 69 0 -8 0
60 100 319 72 0 -8 0
60 92 322 75 0 8 0
60 100 325 78 0 -8 0
60 92 328 81 0 8 0
60 100 331 84 0 -8 0
60 92 334 87 0 8 0
60 100 337 90 0 8 0
60 108 340 93 0 0 0
60 108 343 96 0 0 0
60 108 346 99 0 8 0
60 116 349 102 0 0 0
60 116 352 105 0 -8 0
60 108 355 108 0 0 0
60 108 358 111 8 0 0
68 108 361 114 0 -8 0
68 100 364 117 0 0 0
68 100 367 120 8 -8 0
76 92 370 123 0 -8 0
76 84 373 126 0 0 0
76 84 376 129 8 8 0
84 92 379 132 0 0 0
84 92 382 135 8 0 0
92 92 385 138 0 -8 0
92 84 388 141 0 8 0
92 92 391 144 8 -8 0
100 84 394 147 0 -8 0
100 76 397 150 0 0 0
100 76 400 153 8 -8 0
108 68 403 156 0 8 0
108 76 406 159 8 0 0
116 76 409 162 0 0 0
116 76 412 165 0 -8 0
116 68 415 168 8 0 0
124 68 418 171 0 -8 0
124 60 421 174 0 0 0
124 60 424 177 8 0 0
132 60 427 180 0 0 0
132 60 430 183 8 8 0
140 68 433 186 0 -8 0
140 60 436 189 0 0 0
140 60 439 192 8 0 0
148 60 442 195 0 0 0
148 60 445 198 0 0 0
148 60 448 201 8 0 0
156 60 451 204 0 -8 0
156 60 454 207 8 -8 0
164 60 457 210 0 8 0
164 68 460 213 0 8 0
164 76 463 216 8 8 0
172 84 466 219 0 -8 0
172 76 469 222 0 -8 0
172 68 472 225 8 0 0
180 68 475 228 0 0 0
180 68 478 231 8 8 0
188 76 481 234 0 -8 0
188 68 484 237 0 -8 0
188 60 487 240 8 8 0
196 68 490 243 0 -8 0
196 60 493 246 0 -8 0
196 60 496 249 8 0 0
204 60 499 252 0 8 0
204 68 502 255 8 8 0
212 76 505 258 0 0 0
212 76 508 261 0 0 0
212 76 511 264 8 8 0
220 84 514 267 0 -8 0
220 76 517 270 0 0 0
220 76 520 273 8 8 0
228 84 523 276 0 8 0
228 92 526 279 8 8 0
236 100 529 282 0 -8 0
236 92 532 285 0 0 0
236 92 535 288 8 -8 0
244 84 538 291 0 8 0
244 92 541 294 0 -8 0
244 84 544 297 8 8 0
252 92 547 300 0 0 0
252 92 550 303 8 -8 0
260 84 553 306 0 -8 0
260 76 556 309 0 8 0
260 84 559 312 8 0 0
268 84 562 315 0 -8 0
268 76 565 318 0 -8 0
268 68 568 321 8 8 0
276 76 571 324 0 0 0
276 76 574 327 8 8 0
284 84 577 330 0 8 0
284 92 580 333 0 0 0
284 92 583 336 8 8 0
292 100 586 339 0 -8 0
292 92 589 342 0 0 0
292 92 592 345 8 -8 0
300 84 595 348 0 0 0
300 84 598 351 8 -8 0
308 76 601 354 0 8 0
308 84 604 357 0 0 0
308 84 607 360 8 -8 0
316 76 610 363 0 -8 0
316 68 613 366 0 -8 0
316 60 616 369 8 8 0
324 68 619 372 0 -8 0
324 60 622 375 8 -8 0
332 60 625 378 0 -8 0
332 60 628 381 0 0 0
332 60 631 384 8 -8 0
340 60 634 387 0 0 0
340 60 637 390 0 -8 0
340 60 640 393 8 8 0
348 68 643 396 0 0 0
348 68 646 399 8 8 0
356 76 649 402 0 0 0
356 76 652 405 0 -8 0
356 68 655 408 8 0 0
364 68 658 411 0 8 0
364 76 661 414 0 -8 0
364 68 664 417 8 -8 0
372 60 667 420 0 -8 0
372 60 670 423 8 -8 0
380 60 673 426 0 -8 0
380 60 676 429 0 -8 0
380 60 679 432 8 -8 0
388 60 682 435 0 -8 0
388 60 685 438 0 8 0
388 68 688 441 8 0 0
396 68 691 444 0 0 0
396 68 694 447 8 0 0
404 68 697 450 0 0 0
404 68 700 453 0 -8 0
404 60 703 456 8 8 0
412 68 706 459 0 -8 0
412 60 709 462 0 -8 0
412 60 712 465 8 -8 0
420 60 715 468 0 0 0
420 60 718 471 8 0 0
428 60 721 474 0 8 0
428 68 724 477 0 0 0
428 68 727 480 8 0 0
436 68 730 483 0 8 0
436 76 733 486 0 0 0
436 76 736 489 8 -8 0
444 68 739 492 0 8 0
444 76 742 495 8 8 0
452 84 745 498 0 8 0
452 92 748 501 0 8 0
452 100 751 504 8 8 0
460 108 754 507 0 8 0
460 116 757 510 0 0 0
460 116 760 513 8 -8 0
468 108 763 516 0 -8 0
468 100 766 519 8 0 0
476 100 769 522 0 0 0
476 100 772 525 0 8 0
476 108 775 528 8 0 0
484 108 778 531 0 0 0
484 108 781 534 0 0 1
484 108 781 534 0 0 1
484 108 781 534 0 0 1
484 108 781 534 0 0 1
484 108 781 534 0 0 1
