521 529 487 336 0 0 0
521 529 484 339 -8 0 0
513 529 481 342 -8 8 0
505 537 478 345 -8 0 0
497 537 475 348 -8 0 0
489 537 472 351 -8 8 0
481 540 469 354 -8 8 0
473 540 466 357 -8 -8 0
465 532 463 360 -8 0 0
457 532 460 363 -8 8 0
449 540 457 366 -8 -8 0
441 532 454 369 -8 8 0
433 540 451 372 -8 -8 0
425 532 448 375 0 -8 0
425 524 445 378 0 -8 0
425 516 442 381 0 8 0
425 524 439 384 0 0 0
425 524 436 387 0 -8 0
425 516 433 390 0 8 0
425 524 430 393 0 0 0
425 524 427 396 0 0 0
425 524 424 399 0 -8 0
425 516 421 402 0 8 0
425 524 418 405 0 8 0
425 532 415 408 0 0 0
425 532 412 411 0 -8 0
425 524 409 414 0 -8 0
425 516 406 417 0 8 0
425 524 403 420 0 8 0
425 532 400 423 0 0 0
425 532 397 426 0 -8 0
425 524 394 429 0 8 0
425 532 391 432 0 8 0
425 540 388 435 0 0 0
425 540 385 438 0 0 0
425 540 382 441 0 0 0
425 540 379 444 0 8 0
425 540 376 447 0 -8 0
425 532 373 450 0 8 0
425 540 370 453 0 0 0
425 540 367 456 0 -8 0
425 532 364 459 0 0 0
425 532 361 462 0 8 0
425 540 358 465 0 -8 0
425 532 355 468 0 8 0
425 540 352 471 0 8 0
425 540 349 474 0 -8 0
425 532 346 477 8 -8 0
433 524 343 480 0 -8 0
433 516 340 483 0 8 0
433 524 337 486 8 0 0
441 524 334 489 0 0 0
441 524 331 492 8 8 0
449 532 328 495 0 -8 0
449 524 325 498 0 8 0
449 532 322 501 8 0 0
457 532 319 504 0 -8 0
457 524 316 507 0 0 0
457 524 313 510 8 8 0
465 532 310 513 0 -8 0
465 524 307 516 8 0 0
473 524 304 519 0 8 0
473 532 301 522 0 8 0
473 540 298 525 8 -8 0
481 532 295 528 0 0 0
481 532 292 531 0 -8 0
481 524 289 534 8 0 0
489 524 286 537 0 -8 0
489 516 283 540 8 8 0
497 524 280 543 0 8 0
497 532 277 546 0 0 0
497 532 274 549 8 8 0
505 540 271 552 0 8 0
505 540 268 555 0 -8 0
505 532 265 558 8 -8 0
513 524 262 561 0 8 0
513 532 259 564 8 8 0
521 540 256 567 0 -8 0
521 532 253 570 0 0 0
521 532 250 573 8 8 0
529 540 247 576 0 0 0
529 540 244 579 0 0 0
529 540 241 582 8 0 0
537 540 238 585 0 0 0
537 540 235 588 8 -8 0
540 532 232 591 8 0 0
540 532 229 588 0 8 0
540 540 226 585 0 -8 0
540 532 223 582 0 -8 0
540 524 220 579 0 -8 0
540 516 217 576 0 8 0
540 524 214 573 0 0 0
540 524 211 570 0 0 0
540 524 208 567 0 -8 0
540 516 205 564 0 -8 0
540 508 202 561 0 -8 0
540 500 199 558 0 -8 0
540 492 196 555 0 -8 0
540 484 193 552 0 -8 0
540 476 190 549 0 0 0
540 476 187 546 0 0 0
540 476 184 543 0 8 0
540 484 181 540 0 0 0
540 484 178 537 0 -8 0
540 476 175 534 0 8 0
540 484 172 531 0 0 0
540 484 169 528 0 8 0
540 492 166 525 0 8 0
540 500 163 522 0 8 0
540 508 160 519 0 0 0
540 508 157 516 0 -8 0
540 500 154 513 0 -8 0
540 492 151 510 0 0 0
540 492 148 507 0 -8 0
540 484 145 504 0 -8 0
540 476 142 501 0 8 0
540 484 139 498 0 0 0
540 484 136 495 0 0 0
540 484 133 492 0 0 0
540 484 130 489 -8 0 0
532 484 127 486 0 8 0
532 492 124 483 0 -8 0
532 484 121 480 -8 -8 0
524 476 118 477 0 -8 0
524 468 115 474 0 8 0
524 476 112 471 -8 0 0
516 476 109 468 0 0 0
516 476 106 465 -8 0 0
508 476 103 462 0 -8 0
508 468 100 459 0 8 0
508 476 97 456 -8 0 0
500 476 94 453 0 8 0
500 484 91 450 0 8 0
500 492 88 447 -8 8 0
492 500 85 444 0 -8 0
492 492 82 441 -8 -8 0
484 484 79 438 0 0 0
484 484 76 435 0 8 0
484 492 73 432 -8 -8 0
476 484 70 429 0 0 0
476 484 67 426 0 -8 0
476 476 64 423 -8 -8 0
468 468 61 420 0 0 0
468 468 58 417 -8 8 0
460 476 55 414 0 0 0
460 476 52 411 0 0 0
460 476 49 408 -8 -8 0
452 468 46 405 0 0 0
452 468 43 402 0 0 0
452 468 40 399 -8 -8 0
444 460 37 396 0 -8 0
444 452 34 393 -8 0 0
436 452 31 390 0 8 0
436 460 28 387 0 -8 0
436 452 25 384 -8 0 0
428 452 22 381 0 8 0
428 460 19 378 0 8 0
428 468 22 375 -8 -8 0
420 460 25 372 0 -8 0
420 452 28 369 -8 8 0
412 460 31 366 0 8 0
412 468 34 363 0 8 0
412 476 37 360 -8 8 0
404 484 40 357 0 8 0
404 492 43 354 0 -8 0
404 484 46 351 -8 8 0
396 492 49 348 0 8 0
396 500 52 345 -8 -8 0
388 492 55 342 0 8 0
388 500 58 339 0 8 0
388 508 61 336 -8 0 0
380 508 64 333 0 -8 0
380 500 67 330 0 8 0
380 508 70 327 -8 8 0
372 516 73 324 0 0 0
372 516 76 321 -8 8 0
364 524 79 318 0 8 0
364 532 82 315 0 0 0
364 532 85 312 -8 8 0
356 540 88 309 0 -8 0
356 532 91 306 0 -8 0
356 524 94 303 -8 8 0
348 532 97 300 0 0 0
348 532 100 297 -8 0 0
340 532 103 294 0 0 0
340 532 106 291 0 0 0
340 532 109 288 -8 -8 0
332 524 112 285 0 0 0
332 524 115 282 0 0 0
332 524 118 279 -8 -8 0
324 516 121 276 0 -8 0
324 508 124 273 -8 0 0
316 508 127 270 0 -8 0
316 500 130 267 0 8 0
316 508 133 264 -8 -8 0
308 500 136 261 0 -8 0
308 492 139 258 0 8 0
308 500 142 255 -8 -8 0
300 492 145 252 0 8 0
300 500 148 249 -8 0 0
292 500 151 246 0 8 0
292 508 154 243 0 8 0
292 516 157 240 -8 -8 0
284 508 160 237 0 8 0
284 516 163 234 0 -8 0
284 508 166 231 -8 -8 0
276 500 169 228 0 8 0
276 508 172 225 -8 8 0
268 516 175 222 0 8 0
268 524 178 219 0 -8 0
268 516 181 216 -8 -8 0
260 508 184 213 0 8 0
260 516 187 210 0 8 0
260 524 190 207 -8 -8 0
252 516 193 204 0 -8 0
252 508 196 201 -8 -8 0
244 500 199 198 0 -8 0
244 492 202 195 0 0 0
244 492 205 192 -8 0 0
236 492 208 189 0 0 0
236 492 211 186 0 0 0
236 492 214 183 -8 -8 0
228 484 217 180 0 -8 0
228 476 220 177 -8 -8 0
220 468 223 174 0 -8 0
220 460 226 171 0 0 0
220 460 229 168 -8 0 0
212 460 232 165 0 0 0
212 460 235 162 0 -8 0
212 452 238 159 -8 8 0
204 460 241 156 0 8 0
204 468 244 153 -8 -8 0
196 460 247 150 0 -8 0
196 452 250 147 0 8 0
196 460 253 144 -8 -8 0
188 452 256 141 0 8 0
188 460 259 138 0 -8 0
188 452 262 135 -8 8 0
180 460 265 132 0 0 0
180 460 268 129 -8 -8 0
172 452 271 126 0 8 0
172 460 274 123 0 8 0
172 468 277 120 -8 8 0
164 476 280 117 0 8 0
164 484 283 114 0 0 0
164 484 286 111 -8 8 0
156 492 289 108 0 0 0
156 492 292 105 -8 8 0
148 500 295 102 0 8 0
148 508 298 99 0 0 0
148 508 301 96 -8 -8 0
140 500 304 93 0 0 0
140 500 307 90 0 -8 0
140 492 310 87 -8 -8 0
132 484 313 84 0 0 0
132 484 316 81 -8 8 0
124 492 319 78 0 -8 0
124 484 322 75 0 -8 0
124 476 325 72 -8 -8 0
116 468 328 69 0 0 0
116 468 331 66 0 -8 0
116 460 334 63 -8 -8 0
108 452 337 60 0 0 0
108 452 340 57 -8 8 0
100 460 343 54 0 0 0
100 460 346 51 0 -8 0
100 452 349 48 -8 8 0
92 460 352 45 0 8 0
92 468 355 42 0 0 0
92 468 358 39 -8 8 0
84 476 361 36 0 8 0
84 484 364 33 -8 0 0
76 484 367 30 0 -8 0
76 476 370 27 0 0 0
76 476 373 24 -8 0 0
68 476 376 21 0 0 0
68 476 379 18 0 8 0
68 484 382 15 -8 -8 0
60 476 385 12 0 0 0
60 476 388 9 -8 0 0
60 476 391 12 0 8 0
60 484 394 15 0 0 0
60 484 397 18 0 0 0
60 484 400 21 0 -8 0
60 476 403 24 0 0 0
60 476 406 27 0 8 0
60 484 409 30 0 0 0
60 484 412 33 0 -8 0
60 476 415 36 0 0 0
60 476 418 39 0 8 0
60 484 421 42 0 8 0
60 492 424 45 0 0 0
60 492 427 48 0 0 0
60 492 430 51 0 8 0
60 500 433 54 0 0 0
60 500 436 57 0 0 0
60 500 439 60 0 8 0
60 508 442 63 0 0 0
60 508 445 66 0 0 0
60 508 448 69 0 8 0
60 516 451 72 0 8 0
60 524 454 75 0 -8 0
60 516 457 78 0 0 0
60 516 460 81 0 8 0
60 524 463 84 0 -8 0
60 516 466 87 0 8 0
60 524 469 90 0 -8 0
60 516 472 93 0 0 0
60 516 475 96 0 0 0
60 516 478 99 0 -8 0
60 508 481 102 0 -8 0
60 500 484 105 0 -8 0
60 492 487 108 0 8 0
60 500 490 111 8 8 0
68 508 493 114 0 8 0
68 516 496 117 0 0 0
68 516 499 120 8 0 0
76 516 502 123 0 0 0
76 516 505 126 0 8 0
76 524 508 129 8 8 0
84 532 511 132 0 8 0
84 540 514 135 8 8 0
92 540 517 138 0 -8 0
92 532 520 141 0 8 0
92 540 523 144 8 8 0
100 540 526 147 0 -8 0
100 532 529 150 0 -8 0
100 524 532 153 8 0 0
108 524 535 156 0 0 0
108 524 538 159 8 8 0
116 532 541 162 0 0 0
116 532 544 165 0 -8 0
116 524 547 168 8 8 0
124 532 550 171 0 8 0
124 540 553 174 0 8 0
124 540 556 177 8 8 0
132 540 559 180 0 0 0
132 540 562 183 8 -8 0
140 532 565 186 0 0 0
140 532 568 189 0 8 0
140 540 571 192 8 8 0
148 540 574 195 0 -8 0
148 532 577 198 0 8 0
148 540 580 201 8 -8 0
156 532 583 204 0 -8 0
156 524 586 207 8 -8 0
164 516 589 210 0 0 0
164 516 592 213 0 0 0
164 516 595 216 8 -8 0
172 508 598 219 0 8 0
172 516 601 222 0 0 0
172 516 604 225 8 -8 0
180 508 607 228 0 0 0
180 508 610 231 8 8 0
188 516 613 234 0 -8 0
188 508 616 237 0 -8 0
188 500 619 240 8 -8 0
196 492 622 243 0 -8 0
196 484 625 246 0 0 0
196 484 628 249 8 0 0
204 484 631 252 0 -8 0
204 476 634 255 8 8 0
212 484 637 258 0 -8 0
212 476 640 261 0 0 0
212 476 643 264 8 -8 0
220 468 646 267 0 8 0
220 476 649 270 0 -8 0
220 468 652 273 8 0 0
228 468 655 276 0 0 0
228 468 658 279 8 -8 0
236 460 661 282 0 8 0
236 468 664 285 0 8 0
236 476 667 288 8 0 0
244 476 670 291 0 0 0
244 476 673 294 0 8 0
244 484 676 297 8 0 0
252 484 679 300 0 8 0
252 492 682 303 8 8 0
260 500 685 306 0 -8 0
260 492 688 309 0 -8 0
260 484 691 312 8 0 0
268 484 694 315 0 8 0
268 492 697 318 0 8 0
268 500 700 321 8 0 0
276 500 703 324 0 0 0
276 500 706 327 8 -8 0
284 492 709 330 0 -8 0
284 484 712 333 0 8 0
284 492 715 336 8 8 0
292 500 718 339 0 0 0
292 500 721 342 0 -8 0
292 492 724 345 8 -8 0
300 484 727 348 0 0 0
300 484 730 351 8 0 0
308 484 733 354 0 0 0
308 484 736 357 0 8 0
308 492 739 360 8 8 0
316 500 742 363 0 -8 0
316 492 745 366 0 0 0
316 492 748 369 8 8 0
324 500 751 372 0 8 0
324 508 754 375 8 -8 0
332 500 757 378 0 0 0
332 500 760 381 0 0 0
332 500 763 384 8 8 0
340 508 766 387 0 8 0
340 516 769 390 0 0 0
340 516 772 393 8 0 0
348 516 775 396 0 8 0
348 524 778 399 8 0 0
356 524 781 402 0 0 1
356 524 781 402 0 0 1
356 524 781 402 0 0 1
356 524 781 402 0 0 1
356 524 781 402 0 0 1
