90 146 127 204 0 0 0
90 146 124 207 8 0 0
98 146 121 210 8 0 0
106 146 118 213 8 0 0
114 146 115 216 8 8 0
122 154 112 219 8 -8 0
130 146 109 222 8 -8 0
138 138 106 225 8 8 0
146 146 103 228 8 8 0
154 154 100 231 8 8 0
162 162 97 234 8 0 0
170 162 94 237 8 8 0
178 170 91 240 8 8 0
186 178 88 243 8 -8 0
194 170 85 246 8 0 0
202 170 82 249 0 8 0
202 178 79 252 0 0 0
202 178 76 255 8 8 0
210 186 73 258 0 -8 0
210 178 70 261 8 8 0
218 186 67 264 0 -8 0
218 178 64 267 0 -8 0
218 170 61 270 8 0 0
226 170 58 273 0 -8 0
226 162 55 276 0 -8 0
226 154 52 279 8 0 0
234 154 49 282 0 8 0
234 162 46 285 8 8 0
242 170 43 288 0 -8 0
242 162 40 291 0 8 0
242 170 37 294 8 8 0
250 178 34 297 0 8 0
250 186 31 300 0 -8 0
250 178 28 303 8 -8 0
258 170 25 306 0 0 0
258 170 22 309 8 -8 0
266 162 19 312 0 0 0
266 162 22 315 0 -8 0
266 154 25 318 8 0 0
274 154 28 321 0 0 0
274 154 31 324 0 0 0
274 154 34 327 8 8 0
282 162 37 330 0 8 0
282 170 40 333 8 -8 0
290 162 43 336 0 -8 0
290 154 46 339 0 -8 0
290 146 49 342 8 8 0
298 154 52 345 0 -8 0
298 146 55 348 0 -8 0
298 138 58 351 8 8 0
306 146 61 354 0 -8 0
306 138 64 357 8 8 0
314 146 67 360 0 8 0
314 154 70 363 0 -8 0
314 146 73 366 8 0 0
322 146 76 369 0 -8 0
322 138 79 372 0 8 0
322 146 82 375 8 -8 0
330 138 85 378 0 8 0
330 146 88 381 8 -8 0
338 138 91 384 0 8 0
338 146 94 387 0 0 0
338 146 97 390 8 -8 0
346 138 100 393 0 -8 0
346 130 103 396 0 0 0
346 130 106 399 8 8 0
354 138 109 402 0 -8 0
354 130 112 405 8 0 0
362 130 115 408 0 8 0
362 138 118 411 0 8 0
362 146 121 414 8 0 0
370 146 124 417 0 0 0
370 146 127 420 0 8 0
370 154 130 423 8 8 0
378 162 133 426 0 0 0
378 162 136 429 8 8 0
386 170 139 432 0 0 0
386 170 142 435 0 0 0
386 170 145 438 8 -8 0
394 162 148 441 0 0 0
394 162 151 444 0 0 0
394 162 154 447 8 8 0
402 170 157 450 0 8 0
402 178 160 453 8 0 0
410 178 163 456 0 0 0
410 178 166 459 0 8 0
410 186 169 462 8 0 0
418 186 172 465 0 -8 0
418 178 175 468 0 -8 0
418 170 178 471 8 8 0
426 178 181 474 0 -8 0
426 170 184 477 8 8 0
434 178 187 480 0 0 0
434 178 190 483 0 0 0
434 178 193 486 8 8 0
442 186 196 489 0 -8 0
442 178 199 492 0 8 0
442 186 202 495 8 8 0
450 194 205 498 0 0 0
450 194 208 501 8 8 0
458 202 211 504 0 0 0
458 202 214 507 0 -8 0
458 194 217 510 8 -8 0
466 186 220 513 0 0 0
466 186 223 516 0 -8 0
466 178 226 519 8 8 0
474 186 229 522 0 8 0
474 194 232 525 8 -8 0
482 186 235 528 0 0 0
482 186 238 531 0 -8 0
482 178 241 534 8 8 0
490 186 244 537 0 -8 0
490 178 247 540 0 8 0
490 186 250 543 8 8 0
498 194 253 546 0 0 0
498 194 256 549 8 -8 0
506 186 259 552 0 8 0
506 194 262 555 0 -8 0
506 186 265 558 8 8 0
514 194 268 561 0 -8 0
514 186 271 564 0 -8 0
514 178 274 567 8 8 0
522 186 277 570 0 0 0
522 186 280 573 8 0 0
530 186 283 576 0 8 0
530 194 286 579 0 8 0
530 202 289 582 8 8 0
538 210 292 585 0 -8 0
538 202 295 588 0 -8 0
538 194 298 591 8 -8 0
540 186 301 588 0 0 0
540 186 304 585 0 8 0
540 194 307 582 0 8 0
540 202 310 579 0 0 0
540 202 313 576 0 0 0
540 202 316 573 0 0 0
540 202 319 570 0 -8 0
540 194 322 567 0 8 0
540 202 325 564 0 8 0
540 210 328 561 0 -8 0
540 202 331 558 0 0 0
540 202 334 555 0 -8 0
540 194 337 552 0 -8 0
540 186 340 549 0 8 0
540 194 343 546 0 -8 0
540 186 346 543 0 -8 0
540 178 349 540 0 8 0
540 186 352 537 0 -8 0
540 178 355 534 0 -8 0
540 170 358 531 0 -8 0
540 162 361 528 0 8 0
540 170 364 525 0 0 0
540 170 367 522 0 -8 0
540 162 370 519 0 0 0
540 162 373 516 0 8 0
540 170 376 513 0 -8 0
540 162 379 510 0 -8 0
540 154 382 507 0 0 0
540 154 385 504 0 8 0
540 162 388 501 0 -8 0
540 154 391 498 0 -8 0
540 146 394 495 0 8 0
540 154 397 492 0 -8 0
540 146 400 489 -8 0 0
532 146 403 486 0 -8 0
532 138 406 483 0 8 0
532 146 409 480 -8 -8 0
524 138 412 477 0 -8 0
524 130 415 474 0 -8 0
524 122 418 471 -8 8 0
516 130 421 468 0 0 0
516 130 424 465 -8 8 0
508 138 427 462 0 0 0
508 138 430 459 0 8 0
508 146 433 456 -8 0 0
500 146 436 453 0 8 0
500 154 439 450 0 -8 0
500 146 442 447 -8 0 0
492 146 445 444 0 -8 0
492 138 448 441 -8 0 0
484 138 451 438 0 0 0
484 138 454 435 0 0 0
484 138 457 432 -8 -8 0
476 130 460 429 0 8 0
476 138 463 426 0 0 0
476 138 466 423 -8 8 0
468 146 469 420 0 0 0
468 146 472 417 -8 8 0
460 154 475 414 0 8 0
460 162 478 411 0 0 0
460 162 481 408 -8 -8 0
452 154 484 405 0 -8 0
452 146 487 402 0 -8 0
452 138 490 399 -8 8 0
444 146 493 396 0 -8 0
444 138 496 393 -8 -8 0
436 130 499 390 0 0 0
436 130 502 387 0 8 0
436 138 505 384 -8 -8 0
428 130 508 381 0 8 0
428 138 511 378 0 0 0
428 138 514 375 -8 -8 0
420 130 517 372 0 -8 0
420 122 520 369 -8 -8 0
412 114 523 366 0 -8 0
412 106 526 363 0 -8 0
412 98 529 360 -8 -8 0
404 90 532 357 0 0 0
404 90 535 354 0 -8 0
404 82 538 351 -8 -8 0
396 74 541 348 0 8 0
396 82 544 345 -8 8 0
388 90 547 342 0 -8 0
388 82 550 339 0 0 0
388 82 553 336 -8 -8 0
380 74 556 333 0 -8 0
380 66 559 330 0 -8 0
380 60 562 327 -8 8 0
372 68 565 324 0 0 0
372 68 568 321 -8 -8 0
364 60 571 318 0 -8 0
364 60 574 315 0 8 0
364 68 577 312 -8 0 0
356 68 580 309 0 0 0
356 68 583 306 0 -8 0
356 60 586 303 -8 0 0
348 60 589 300 0 -8 0
348 60 592 297 -8 0 0
340 60 595 294 0 0 0
340 60 598 291 0 0 0
340 60 601 288 -8 0 0
332 60 604 285 0 -8 0
332 60 607 282 0 -8 0
332 60 610 279 -8 -8 0
324 60 613 276 0 0 0
324 60 616 273 -8 8 0
316 68 619 270 0 -8 0
316 60 622 267 0 -8 0
316 60 625 264 -8 -8 0
308 60 628 261 0 -8 0
308 60 631 258 0 0 0
308 60 634 255 -8 -8 0
300 60 637 252 0 8 0
300 68 640 249 -8 8 0
292 76 643 246 0 0 0
292 76 646 243 0 8 0
292 84 649 240 -8 0 0
284 84 652 237 0 0 0
284 84 655 234 0 8 0
284 92 658 231 -8 8 0
276 100 661 228 0 8 0
276 108 664 225 -8 0 0
268 108 667 222 0 8 0
268 116 670 219 0 -8 0
268 108 673 216 -8 0 0
260 108 676 213 0 -8 0
260 100 679 210 0 0 0
260 100 682 207 -8 -8 0
252 92 685 204 0 -8 0
252 84 688 201 -8 -8 0
244 76 691 198 0 0 0
244 76 694 195 0 8 0
244 84 697 192 -8 -8 0
236 76 700 189 0 -8 0
236 68 703 186 0 0 0
236 68 706 183 -8 -8 0
228 60 709 180 0 -8 0
228 60 712 177 -8 -8 0
220 60 715 174 0 0 0
220 60 718 171 0 0 0
220 60 721 168 -8 8 0
212 68 724 165 0 -8 0
212 60 727 162 0 -8 0
212 60 730 159 -8 0 0
204 60 733 156 0 8 0
204 68 736 153 -8 8 0
196 76 739 150 0 0 0
196 76 742 147 0 0 0
196 76 745 144 -8 -8 0
188 68 748 141 0 8 0
188 76 751 138 0 0 0
188 76 754 135 -8 -8 0
180 68 757 132 0 8 0
180 76 760 129 -8 0 0
172 76 763 126 0 -8 0
172 68 766 123 0 -8 0
172 60 769 120 -8 8 0
164 68 772 117 0 8 0
164 76 775 114 0 0 0
164 76 778 111 -8 -8 0
156 68 781 108 0 0 0
156 68 778 105 -8 0 0
148 68 775 102 0 -8 0
148 60 772 99 0 8 0
148 68 769 96 -8 -8 0
140 60 766 93 0 -8 0
140 60 763 90 0 8 0
140 68 760 87 -8 0 0
132 68 757 84 0 8 0
132 76 754 81 -8 -8 0
124 68 751 78 0 0 0
124 68 748 75 0 0 0
124 68 745 72 -8 0 0
116 68 742 69 0 -8 0
116 60 739 66 0 8 0
116 68 736 63 -8 -8 0
108 60 733 60 0 0 0
108 60 730 57 -8 0 0
100 60 727 54 0 -8 0
100 60 724 51 0 -8 0
100 60 721 48 -8 0 0
92 60 718 45 0 8 0
92 68 715 42 0 0 0
92 68 712 39 -8 -8 0
84 60 709 36 0 8 0
84 68 706 33 -8 8 0
76 76 703 30 0 0 0
76 76 700 27 0 8 0
76 84 697 24 -8 8 0
68 92 694 21 0 -8 0
68 84 691 18 0 0 0
68 84 688 15 -8 -8 0
60 76 685 12 0 8 0
60 84 682 9 -8 -8 0
60 76 679 12 0 8 0
60 84 676 15 0 0 0
60 84 673 18 0 0 0
60 84 670 21 0 0 0
60 84 667 24 0 0 0
60 84 664 27 0 -8 0
60 76 661 30 0 0 0
60 76 658 33 0 8 0
60 84 655 36 0 -8 0
60 76 652 39 0 8 0
60 84 649 42 0 0 0
60 84 646 45 0 -8 0
60 76 643 48 0 -8 0
60 68 640 51 0 8 0
60 76 637 54 0 0 0
60 76 634 57 0 -8 0
60 68 631 60 0 0 0
60 68 628 63 0 8 0
60 76 625 66 0 0 0
60 76 622 69 0 8 0
60 84 619 72 0 8 0
60 92 616 75 0 8 0
60 100 613 78 0 -8 0
60 92 610 81 0 0 0
60 92 607 84 0 0 0
60 92 604 87 0 -8 0
60 84 601 90 0 8 0
60 92 598 93 0 8 0
60 100 595 96 0 0 0
60 100 592 99 0 0 0
60 100 589 102 0 0 0
60 100 586 105 0 -8 0
60 92 583 108 0 -8 0
60 84 580 111 8 -8 0
68 76 577 114 0 0 0
68 76 574 117 0 8 0
68 84 571 120 8 0 0
76 84 568 123 0 0 0
76 84 565 126 0 0 0
76 84 562 129 8 8 0
84 92 559 132 0 0 0
84 92 556 135 8 0 0
92 92 553 138 0 8 0
92 100 550 141 0 -8 0
92 92 547 144 8 -8 0
100 84 544 147 0 8 0
100 92 541 150 0 8 0
100 100 538 153 8 8 0
108 108 535 156 0 8 0
108 116 532 159 8 -8 0
116 108 529 162 0 8 0
116 116 526 165 0 -8 0
116 108 523 168 8 8 0
124 116 520 171 0 8 0
124 124 517 174 0 8 0
124 132 514 177 8 0 0
132 132 511 180 0 -8 0
132 124 508 183 8 8 0
140 132 505 186 0 0 0
140 132 502 189 0 -8 0
140 124 499 192 8 -8 0
148 116 496 195 0 -8 0
148 108 493 198 0 -8 0
148 100 490 201 8 8 0
156 108 487 204 0 8 0
156 116 484 207 8 8 0
164 124 481 210 0 0 0
164 124 478 213 0 0 0
164 124 475 216 8 8 0
172 132 472 219 0 -8 0
172 124 469 222 0 8 0
172 132 466 225 8 -8 0
180 124 463 228 0 -8 0
180 116 460 231 8 0 0
188 116 457 234 0 0 0
188 116 454 237 0 -8 0
188 108 451 240 8 8 0
196 116 448 243 0 0 0
196 116 445 246 0 0 0
196 116 442 249 8 8 0
204 124 439 252 0 8 0
204 132 436 255 8 8 0
212 140 433 258 0 -8 0
212 132 430 261 0 8 0
212 140 427 264 8 -8 0
220 132 424 267 0 0 0
220 132 421 270 0 0 0
220 132 418 273 8 8 0
228 140 415 276 0 -8 0
228 132 412 279 8 8 0
236 140 409 282 0 -8 0
236 132 406 285 0 0 0
236 132 403 288 8 0 0
244 132 400 291 0 -8 0
244 124 397 294 0 8 0
244 132 394 297 8 -8 0
252 124 391 300 0 8 0
252 132 388 303 8 0 0
260 132 385 306 0 -8 0
260 124 382 309 0 8 0
260 132 379 312 8 0 0
268 132 376 315 0 0 0
268 132 373 318 0 8 0
268 140 370 321 8 0 0
276 140 367 324 0 8 0
276 148 364 327 8 -8 0
284 140 361 330 0 -8 0
284 132 358 333 0 0 0
284 132 355 336 8 0 0
292 132 352 339 0 -8 0
292 124 349 342 0 -8 0
292 116 346 345 8 8 0
300 124 343 348 0 -8 0
300 116 340 351 8 -8 0
308 108 337 354 0 0 0
308 108 334 357 0 -8 0
308 100 331 360 8 0 0
316 100 328 363 0 8 0
316 108 325 366 0 -8 0
316 100 322 369 8 8 0
324 108 319 372 0 0 0
324 108 316 375 8 -8 0
332 100 313 378 0 -8 0
332 92 310 381 0 8 0
332 100 307 384 8 0 0
340 100 304 387 0 0 0
340 100 301 390 0 8 0
340 108 298 393 8 -8 0
348 100 295 396 0 -8 0
348 92 292 399 8 8 0
356 100 289 402 0 -8 0
356 92 286 405 0 8 0
356 100 283 408 8 -8 0
364 92 280 411 0 8 0
364 100 277 414 0 -8 0
364 92 274 417 8 -8 0
372 84 271 420 0 -8 0
372 76 268 423 8 8 0
380 84 265 426 0 -8 0
380 76 262 429 0 8 0
380 84 259 432 8 0 0
388 84 256 435 0 0 0
388 84 253 438 0 -8 0
388 76 250 441 8 0 0
396 76 247 444 0 0 0
396 76 244 447 8 8 0
404 84 241 450 0 0 0
404 84 238 453 0 8 0
404 92 235 456 8 8 0
412 100 232 459 0 0 0
412 100 229 462 0 0 0
412 100 226 465 8 -8 0
420 92 223 468 0 -8 0
420 84 220 471 8 0 0
428 84 217 474 0 -8 0
428 76 214 477 0 8 0
428 84 211 480 8 -8 0
436 76 208 483 0 -8 0
436 68 205 486 0 -8 0
436 60 202 489 8 -8 0
444 60 199 492 0 -8 0
444 60 196 495 8 -8 0
452 60 193 498 0 0 0
452 60 190 501 0 8 0
452 68 187 504 8 8 0
460 76 184 507 0 -8 0
460 68 181 510 0 -8 0
460 60 178 513 8 -8 0
468 60 175 516 0 -8 0
468 60 172 519 8 0 0
476 60 169 522 0 -8 0
476 60 166 525 0 -8 0
476 60 163 528 8 0 0
484 60 160 531 0 8 0
484 68 157 534 0 -8 0
484 60 154 537 8 8 0
492 68 151 540 0 0 0
492 68 148 543 8 0 0
500 68 145 546 0 -8 0
500 60 142 549 0 -8 0
500 60 139 552 8 0 0
508 60 136 555 0 8 0
508 68 133 558 0 8 0
508 76 130 561 8 8 0
516 84 127 564 0 0 0
516 84 124 567 8 8 0
524 92 121 570 0 8 0
524 100 118 573 0 0 0
524 100 115 576 8 0 0
532 100 112 579 0 -8 0
532 92 109 582 0 0 0
532 92 106 585 8 -8 0
540 84 103 588 0 -8 0
540 76 100 591 8 -8 0
540 68 97 588 0 8 0
540 76 94 585 0 0 0
540 76 91 582 0 -8 0
540 68 88 579 0 -8 0
540 60 85 576 0 -8 0
540 60 82 573 0 -8 0
540 60 79 570 0 0 0
540 60 76 567 0 0 0
540 60 73 564 0 8 0
540 68 70 561 0 0 0
540 68 67 558 0 8 0
540 76 64 555 0 -8 0
540 68 61 552 0 8 0
540 76 58 549 0 -8 0
540 68 55 546 0 8 0
540 76 52 543 0 -8 0
540 68 49 540 0 -8 0
540 60 46 537 0 0 0
540 60 43 534 0 -8 0
540 60 40 531 0 0 0
540 60 37 528 0 0 0
540 60 34 525 0 0 0
540 60 31 522 0 8 0
540 68 28 519 0 8 0
540 76 25 516 0 8 0
540 84 22 513 0 -8 0
540 76 19 510 0 0 0
540 76 22 507 0 8 0
540 84 25 504 0 -8 0
540 76 28 501 0 -8 0
540 68 31 498 0 -8 0
540 60 34 495 0 0 0
540 60 37 492 0 0 0
540 60 40 489 -8 -8 0
532 60 43 486 0 -8 0
532 60 46 483 0 0 0
532 60 49 480 -8 8 0
524 68 52 477 0 0 0
524 68 55 474 0 8 0
524 76 58 471 -8 -8 0
516 68 61 468 0 8 0
516 76 64 465 -8 0 0
508 76 67 462 0 0 0
508 76 70 459 0 8 0
508 84 73 456 -8 -8 0
500 76 76 453 0 -8 0
500 68 79 450 0 8 0
500 76 82 447 -8 -8 0
492 68 85 444 0 -8 0
492 60 88 441 -8 0 0
484 60 91 438 0 -8 0
484 60 94 435 0 0 0
484 60 97 432 -8 8 0
476 68 100 429 0 -8 0
476 60 103 426 0 -8 0
476 60 106 423 -8 0 0
468 60 109 420 0 -8 0
468 60 112 417 -8 8 0
460 68 115 414 0 -8 0
460 60 118 411 0 -8 0
460 60 121 408 -8 0 0
452 60 124 405 0 -8 0
452 60 127 402 0 0 0
452 60 130 399 -8 8 0
444 68 133 396 0 8 0
444 76 136 393 -8 -8 0
436 68 139 390 0 0 0
436 68 142 387 0 0 0
436 68 145 384 -8 8 0
428 76 148 381 0 8 0
428 84 151 378 0 0 0
428 84 154 375 -8 -8 0
420 76 157 372 0 -8 0
420 68 160 369 -8 0 0
412 68 163 366 0 -8 0
412 60 166 363 0 -8 0
412 60 169 360 -8 8 0
404 68 172 357 0 -8 0
404 60 175 354 0 0 0
404 60 178 351 -8 8 0
396 68 181 348 0 -8 0
396 60 184 345 -8 0 0
388 60 187 342 0 -8 0
388 60 190 339 0 -8 0
388 60 193 336 -8 8 0
380 68 196 333 0 8 0
380 76 199 330 0 -8 0
380 68 202 327 -8 8 0
372 76 205 324 0 -8 0
372 68 208 321 -8 -8 0
364 60 211 318 0 8 0
364 68 214 315 0 0 0
364 68 217 312 -8 8 0
356 76 220 309 0 -8 0
356 68 223 306 0 0 0
356 68 226 303 -8 0 0
348 68 229 300 0 -8 0
348 60 232 297 -8 0 0
340 60 235 294 0 -8 0
340 60 238 291 0 -8 0
340 60 241 288 -8 0 0
332 60 244 285 0 8 0
332 68 247 282 0 8 0
332 76 250 279 -8 0 0
324 76 253 276 0 0 0
324 76 256 273 -8 -8 0
316 68 259 270 0 8 0
316 76 262 267 0 -8 0
316 68 265 264 -8 -8 0
308 60 268 261 0 -8 0
308 60 271 258 0 -8 0
308 60 274 255 -8 0 0
300 60 277 252 0 0 0
300 60 280 249 -8 0 0
292 60 283 246 0 0 0
292 60 286 243 0 8 0
292 68 289 240 -8 8 0
284 76 292 237 0 8 0
284 84 295 234 0 -8 0
284 76 298 231 -8 8 0
276 84 301 228 0 -8 0
276 76 304 225 -8 -8 0
268 68 307 222 0 8 0
268 76 310 219 0 0 0
268 76 313 216 -8 8 0
260 84 316 213 0 -8 0
260 76 319 210 0 -8 0
260 68 322 207 -8 -8 0
252 60 325 204 0 0 0
252 60 328 201 -8 8 0
244 68 331 198 0 0 0
244 68 334 195 0 -8 0
244 60 337 192 -8 0 0
236 60 340 189 0 8 0
236 68 343 186 0 -8 0
236 60 346 183 -8 8 0
228 68 349 180 0 8 0
228 76 352 177 -8 8 0
220 84 355 174 0 -8 0
220 76 358 171 0 8 0
220 84 361 168 -8 8 0
212 92 364 165 0 0 0
212 92 367 162 0 8 0
212 100 370 159 -8 -8 0
204 92 373 156 0 -8 0
204 84 376 153 -8 0 0
196 84 379 150 0 8 0
196 92 382 147 0 8 0
196 100 385 144 -8 -8 0
188 92 388 141 0 -8 0
188 84 391 138 0 8 0
188 92 394 135 -8 -8 0
180 84 397 132 0 0 0
180 84 400 129 -8 8 0
172 92 403 126 0 8 0
172 100 406 123 0 -8 0
172 92 409 120 -8 -8 0
164 84 412 117 0 0 0
164 84 415 114 0 0 0
164 84 418 111 -8 -8 0
156 76 421 108 0 8 0
156 84 424 105 -8 -8 0
148 76 427 102 0 -8 0
148 68 430 99 0 8 0
148 76 433 96 -8 0 0
140 76 436 93 0 -8 0
140 68 439 90 0 0 0
140 68 442 87 -8 0 0
132 68 445 84 0 0 0
132 68 448 81 -8 -8 0
124 60 451 78 0 -8 0
124 60 454 75 0 8 0
124 68 457 72 -8 8 0
116 76 460 69 0 0 0
116 76 463 66 0 -8 0
116 68 466 63 -8 0 0
108 68 469 60 0 -8 0
108 60 472 57 -8 -8 0
100 60 475 54 0 0 0
100 60 478 51 0 8 0
100 68 481 48 -8 8 0
92 76 484 45 0 8 0
92 84 487 42 0 0 0
92 84 490 39 -8 -8 0
84 76 493 36 0 0 0
84 76 496 33 -8 -8 0
76 68 499 30 0 -8 0
76 60 502 27 0 0 0
76 60 505 24 -8 8 0
68 68 508 21 0 8 0
68 76 511 18 0 0 0
68 76 514 15 -8 -8 0
60 68 517 12 0 0 0
60 68 520 9 -8 8 0
60 76 523 12 0 8 0
60 84 526 15 0 -8 0
60 76 529 18 0 0 0
60 76 532 21 0 0 0
60 76 535 24 0 0 0
60 76 538 27 0 -8 0
60 68 541 30 0 8 0
60 76 544 33 0 0 0
60 76 547 36 0 8 0
60 84 550 39 0 8 0
60 92 553 42 0 8 0
60 100 556 45 0 0 0
60 100 559 48 0 8 0
60 108 562 51 0 0 0
60 108 565 54 0 -8 0
60 100 568 57 0 8 0
60 108 571 60 0 8 0
60 116 574 63 0 0 0
60 116 577 66 0 8 0
60 124 580 69 0 8 0
60 132 583 72 0 8 0
60 140 586 75 0 8 0
60 148 589 78 0 -8 0
60 140 592 81 0 0 0
60 140 595 84 0 -8 0
60 132 598 87 0 -8 0
60 124 601 90 0 -8 0
60 116 604 93 0 0 0
60 116 607 96 0 -8 0
60 108 610 99 0 -8 0
60 100 613 102 0 8 0
60 108 616 105 0 0 0
60 108 619 108 0 0 0
60 108 622 111 8 0 0
68 108 625 114 0 0 0
68 108 628 117 0 0 0
68 108 631 120 8 8 0
76 116 634 123 0 8 0
76 124 637 126 0 0 0
76 124 640 129 8 -8 0
84 116 643 132 0 -8 0
84 108 646 135 8 -8 0
92 100 649 138 0 -8 0
92 92 652 141 0 0 0
92 92 655 144 8 -8 0
100 84 658 147 0 -8 0
100 76 661 150 0 0 0
100 76 664 153 8 8 0
108 84 667 156 0 0 0
108 84 670 159 8 8 0
116 92 673 162 0 -8 0
116 84 676 165 0 8 0
116 92 679 168 8 -8 0
124 84 682 171 0 -8 0
124 76 685 174 0 -8 0
124 68 688 177 8 0 0
132 68 691 180 0 8 0
132 76 694 183 8 -8 0
140 68 697 186 0 8 0
140 76 700 189 0 8 0
140 84 703 192 8 8 0
148 92 706 195 0 8 0
148 100 709 198 0 0 0
148 100 712 201 8 8 0
156 108 715 204 0 8 0
156 116 718 207 8 0 0
164 116 721 210 0 8 0
164 124 724 213 0 8 0
164 132 727 216 8 0 0
172 132 730 219 0 0 0
172 132 733 222 0 0 0
172 132 736 225 8 8 0
180 140 739 228 0 -8 0
180 132 742 231 8 0 0
188 132 745 234 0 8 0
188 140 748 237 0 0 0
188 140 751 240 8 0 0
196 140 754 243 0 -8 0
196 132 757 246 0 8 0
196 140 760 249 8 0 0
204 140 763 252 0 8 0
204 148 766 255 8 8 0
212 156 769 258 0 -8 0
212 148 772 261 0 -8 0
212 140 775 264 8 0 0
220 140 778 267 0 -8 0
220 132 781 270 0 0 1
220 132 781 270 0 0 1
220 132 781 270 0 0 1
220 132 781 270 0 0 1
220 132 781 270 0 0 1
