494 351 454 369 0 0 0
494 351 457 372 -8 8 0
486 359 460 375 -8 0 0
478 359 463 378 -8 0 0
470 359 466 381 -8 8 0
462 367 469 384 -8 0 0
454 367 472 387 -8 8 0
446 375 475 390 -8 0 0
438 375 478 393 0 8 0
438 383 481 396 0 -8 0
438 375 484 399 0 0 0
438 375 487 402 0 8 0
438 383 490 405 0 8 0
438 391 493 408 0 8 0
438 399 496 411 0 -8 0
438 391 499 414 0 8 0
438 399 502 417 0 -8 0
438 391 505 420 0 -8 0
438 383 508 423 0 0 0
438 383 511 426 0 -8 0
438 375 514 429 0 -8 0
438 367 517 432 0 0 0
438 367 520 435 0 8 0
438 375 523 438 0 -8 0
438 367 526 441 0 8 0
438 375 529 444 0 -8 0
438 367 532 447 0 0 0
438 367 535 450 0 0 0
438 367 538 453 0 -8 0
438 359 541 456 0 -8 0
438 351 544 459 0 8 0
438 359 547 462 0 0 0
438 359 550 465 0 -8 0
438 351 553 468 0 8 0
438 359 556 471 0 8 0
438 367 559 474 0 8 0
438 375 562 477 0 -8 0
438 367 565 480 0 0 0
438 367 568 483 0 8 0
438 375 571 486 0 0 0
438 375 574 489 8 -8 0
446 367 577 492 0 8 0
446 375 580 495 0 8 0
446 383 583 498 8 0 0
454 383 586 501 0 8 0
454 391 589 504 0 8 0
454 399 592 507 8 8 0
462 407 595 510 0 0 0
462 407 598 513 8 -8 0
470 399 601 516 0 8 0
470 407 604 519 0 8 0
470 415 607 522 8 0 0
478 415 610 525 0 -8 0
478 407 613 528 0 0 0
478 407 616 531 8 8 0
486 415 619 534 0 0 0
486 415 622 537 8 -8 0
494 407 625 540 0 8 0
494 415 628 543 0 8 0
494 423 631 546 8 8 0
502 431 634 549 0 0 0
502 431 637 552 0 8 0
502 439 640 555 8 8 0
510 447 643 558 0 -8 0
510 439 646 561 8 -8 0
518 431 649 564 0 8 0
518 439 652 567 0 0 0
518 439 655 570 8 -8 0
526 431 658 573 0 8 0
526 439 661 576 0 -8 0
526 431 664 579 8 -8 0
534 423 667 582 0 -8 0
534 415 670 585 8 8 0
540 423 673 588 0 8 0
540 431 676 591 8 -8 0
540 423 679 588 0 8 0
540 431 682 585 0 0 0
540 431 685 582 0 0 0
540 431 688 579 0 0 0
540 431 691 576 0 0 0
540 431 694 573 0 8 0
540 439 697 570 0 8 0
540 447 700 567 0 8 0
540 455 703 564 0 8 0
540 463 706 561 0 -8 0
540 455 709 558 0 -8 0
540 447 712 555 0 -8 0
540 439 715 552 0 8 0
540 447 718 549 0 -8 0
540 439 721 546 0 8 0
540 447 724 543 0 -8 0
540 439 727 540 0 8 0
540 447 730 537 0 -8 0
540 439 733 534 0 0 0
540 439 736 531 0 8 0
540 447 739 528 0 -8 0
540 439 742 525 0 -8 0
540 431 745 522 0 0 0
540 431 748 519 0 -8 0
540 423 751 516 0 0 0
540 423 754 513 0 0 0
540 423 757 510 0 -8 0
540 415 760 507 0 8 0
540 423 763 504 0 0 0
540 423 766 501 0 8 0
540 431 769 498 0 0 0
540 431 772 495 0 8 0
540 439 775 492 0 -8 0
540 431 778 489 -8 -8 0
532 423 781 486 0 0 1
532 423 781 486 0 0 1
532 423 781 486 0 0 1
532 423 781 486 0 0 1
532 423 781 486 0 0 1
