336 508 283 186 0 0 0
336 508 280 189 -8 8 0
328 516 277 192 -8 8 0
320 524 274 195 -8 0 0
312 524 271 198 -8 -8 0
304 516 268 201 -8 -8 0
296 508 265 204 -8 8 0
288 516 262 207 -8 -8 0
280 508 259 210 -8 0 0
272 508 256 213 -8 -8 0
264 500 253 216 0 8 0
264 508 250 219 0 0 0
264 508 247 222 0 -8 0
264 500 244 225 0 8 0
264 508 241 228 0 8 0
264 516 238 231 0 8 0
264 524 235 234 0 0 0
264 524 232 237 0 8 0
264 532 229 240 0 -8 0
264 524 226 243 0 -8 0
264 516 223 246 0 -8 0
264 508 220 249 0 8 0
264 516 217 252 0 0 0
264 516 214 255 0 -8 0
264 508 211 258 0 8 0
264 516 208 261 0 8 0
264 524 205 264 0 -8 0
264 516 202 267 0 8 0
264 524 199 270 0 8 0
264 532 196 273 0 -8 0
264 524 193 276 0 0 0
264 524 190 279 0 8 0
264 532 187 282 0 0 0
264 532 184 285 0 0 0
264 532 181 288 0 8 0
264 540 178 291 0 8 0
264 540 175 294 0 -8 0
264 532 172 297 0 -8 0
264 524 169 300 0 -8 0
264 516 166 303 0 0 0
264 516 163 306 0 0 0
264 516 160 309 0 8 0
264 524 157 312 0 8 0
264 532 154 315 8 8 0
272 540 151 318 0 8 0
272 540 148 321 0 -8 0
272 532 145 324 8 -8 0
280 524 142 327 0 0 0
280 524 139 330 0 8 0
280 532 136 333 8 0 0
288 532 133 336 0 0 0
288 532 130 339 8 8 0
296 540 127 342 0 8 0
296 540 124 345 0 8 0
296 540 121 348 8 8 0
304 540 118 351 0 8 0
304 540 115 354 0 8 0
304 540 112 357 8 -8 0
312 532 109 360 0 8 0
312 540 106 363 8 0 0
320 540 103 366 0 8 0
320 540 100 369 0 8 0
320 540 97 372 8 -8 0
328 532 94 375 0 -8 0
328 524 91 378 0 8 0
328 532 88 381 8 8 0
336 540 85 384 0 0 0
336 540 82 387 8 8 0
344 540 79 390 0 8 0
344 540 76 393 0 0 0
344 540 73 396 8 0 0
352 540 70 399 0 0 0
352 540 67 402 0 8 0
352 540 64 405 8 8 0
360 540 61 408 0 0 0
360 540 58 411 8 0 0
368 540 55 414 0 0 0
368 540 52 417 0 8 0
368 540 49 420 8 0 0
376 540 46 423 0 8 0
376 540 43 426 0 8 0
376 540 40 429 8 8 0
384 540 37 432 0 -8 0
384 532 34 435 8 0 0
392 532 31 438 0 0 0
392 532 28 441 0 0 0
392 532 25 444 8 -8 0
400 524 22 447 0 0 0
400 524 19 450 0 0 0
400 524 22 453 8 8 0
408 532 25 456 0 8 0
408 540 28 459 8 0 0
416 540 31 462 0 -8 0
416 532 34 465 0 0 0
416 532 37 468 8 0 0
424 532 40 471 0 8 0
424 540 43 474 0 8 0
424 540 46 477 8 -8 0
432 532 49 480 0 0 0
432 532 52 483 8 0 0
440 532 55 486 0 0 0
440 532 58 489 0 -8 0
440 524 61 492 8 8 0
448 532 64 495 0 -8 0
448 524 67 498 0 0 0
448 524 70 501 8 0 0
456 524 73 504 0 8 0
456 532 76 507 8 -8 0
464 524 79 510 0 8 0
464 532 82 513 0 0 0
464 532 85 516 8 8 0
472 540 88 519 0 0 0
472 540 91 522 0 0 0
472 540 94 525 8 8 0
480 540 97 528 0 8 0
480 540 100 531 8 8 0
488 540 103 534 0 8 0
488 540 106 537 0 0 0
488 540 109 540 8 8 0
496 540 112 543 0 0 0
496 540 115 546 0 0 0
496 540 118 549 8 8 0
504 540 121 552 0 0 0
504 540 124 555 8 0 0
512 540 127 558 0 0 0
512 540 130 561 0 8 0
512 540 133 564 8 -8 0
520 532 136 567 0 0 0
520 532 139 570 0 -8 0
520 524 142 573 8 0 0
528 524 145 576 0 -8 0
528 516 148 579 8 -8 0
536 508 151 582 0 0 0
536 508 154 585 0 -8 0
536 500 157 588 8 0 0
540 500 160 591 8 0 0
540 500 163 588 0 0 0
540 500 166 585 0 0 0
540 500 169 582 0 8 0
540 508 172 579 0 -8 0
540 500 175 576 0 8 0
540 508 178 573 0 -8 0
540 500 181 570 0 8 0
540 508 184 567 0 8 0
540 516 187 564 0 -8 0
540 508 190 561 0 0 0
540 508 193 558 0 8 0
540 516 196 555 0 -8 0
540 508 199 552 0 8 0
540 516 202 549 0 -8 0
540 508 205 546 0 0 0
540 508 208 543 0 -8 0
540 500 211 540 0 -8 0
540 492 214 537 0 0 0
540 492 217 534 0 0 0
540 492 220 531 0 -8 0
540 484 223 528 0 8 0
540 492 226 525 0 0 0
540 492 229 522 0 -8 0
540 484 232 519 0 -8 0
540 476 235 516 0 -8 0
540 468 238 513 0 0 0
540 468 241 510 0 8 0
540 476 244 507 0 8 0
540 484 247 504 0 0 0
540 484 250 501 0 8 0
540 492 253 498 0 -8 0
540 484 256 495 0 0 0
540 484 259 492 0 -8 0
540 476 262 489 -8 8 0
532 484 265 486 0 8 0
532 492 268 483 0 -8 0
532 484 271 480 -8 8 0
524 492 274 477 0 8 0
524 500 277 474 0 -8 0
524 492 280 471 -8 8 0
516 500 283 468 0 -8 0
516 492 286 465 -8 8 0
508 500 289 462 0 0 0
508 500 292 459 0 -8 0
508 492 295 456 -8 0 0
500 492 298 453 0 -8 0
500 484 301 450 0 8 0
500 492 304 447 -8 0 0
492 492 307 444 0 0 0
492 492 310 441 -8 -8 0
484 484 313 438 0 -8 0
484 476 316 435 0 -8 0
484 468 319 432 -8 8 0
476 476 322 429 0 8 0
476 484 325 426 0 -8 0
476 476 328 423 -8 8 0
468 484 331 420 0 -8 0
468 476 334 417 -8 -8 0
460 468 337 414 0 -8 0
460 460 340 411 0 -8 0
460 452 343 408 -8 -8 0
452 444 346 405 0 0 0
452 444 349 402 0 8 0
452 452 352 399 -8 0 0
444 452 355 396 0 0 0
444 452 358 393 -8 -8 0
436 444 361 390 0 -8 0
436 436 364 387 0 0 0
436 436 367 384 -8 -8 0
428 428 370 381 0 0 0
428 428 373 378 0 8 0
428 436 376 375 -8 0 0
420 436 379 372 0 8 0
420 444 382 369 -8 0 0
412 444 385 366 0 8 0
412 452 388 363 0 -8 0
412 444 391 360 -8 -8 0
404 436 394 357 0 0 0
404 436 397 354 0 8 0
404 444 400 351 -8 8 0
396 452 403 348 0 -8 0
396 444 406 345 -8 -8 0
388 436 409 342 0 0 0
388 436 412 339 0 0 0
388 436 415 336 -8 8 0
380 444 418 333 0 8 0
380 452 421 330 0 -8 0
380 444 424 327 -8 8 0
372 452 427 324 0 -8 0
372 444 430 321 -8 -8 0
364 436 433 318 0 -8 0
364 428 436 315 0 8 0
364 436 439 312 -8 8 0
356 444 442 309 0 -8 0
356 436 445 306 0 8 0
356 444 448 303 -8 -8 0
348 436 451 300 0 0 0
348 436 454 297 -8 0 0
340 436 457 294 0 -8 0
340 428 460 291 0 0 0
340 428 463 288 -8 -8 0
332 420 466 285 0 0 0
332 420 469 282 0 -8 0
332 412 472 279 -8 0 0
324 412 475 276 0 0 0
324 412 478 273 -8 -8 0
316 404 481 270 0 0 0
316 404 484 267 0 8 0
316 412 487 264 -8 0 0
308 412 490 261 0 0 0
308 412 493 258 0 0 0
308 412 496 255 -8 0 0
300 412 499 252 0 0 0
300 412 502 249 -8 8 0
292 420 505 246 0 0 0
292 420 508 243 0 -8 0
292 412 511 240 -8 8 0
284 420 514 237 0 0 0
284 420 517 234 0 8 0
284 428 520 231 -8 0 0
276 428 523 228 0 8 0
276 436 526 225 -8 -8 0
268 428 529 222 0 8 0
268 436 532 219 0 0 0
268 436 535 216 -8 0 0
260 436 538 213 0 0 0
260 436 541 210 0 8 0
260 444 544 207 -8 8 0
252 452 547 204 0 0 0
252 452 550 201 -8 0 0
244 452 553 198 0 8 0
244 460 556 195 0 -8 0
244 452 559 192 -8 -8 0
236 444 562 189 0 0 0
236 444 565 186 0 -8 0
236 436 568 183 -8 -8 0
228 428 571 180 0 8 0
228 436 574 177 -8 8 0
220 444 577 174 0 -8 0
220 436 580 171 0 0 0
220 436 583 168 -8 -8 0
212 428 586 165 0 -8 0
212 420 589 162 0 -8 0
212 412 592 159 -8 -8 0
204 404 595 156 0 8 0
204 412 598 153 -8 -8 0
196 404 601 150 0 8 0
196 412 604 147 0 0 0
196 412 607 144 -8 -8 0
188 404 610 141 0 0 0
188 404 613 138 0 0 0
188 404 616 135 -8 -8 0
180 396 619 132 0 0 0
180 396 622 129 -8 8 0
172 404 625 126 0 0 0
172 404 628 123 0 0 0
172 404 631 120 -8 8 0
164 412 634 117 0 -8 0
164 404 637 114 0 -8 0
164 396 640 111 -8 -8 0
156 388 643 108 0 0 0
156 388 646 105 -8 -8 0
148 380 649 102 0 0 0
148 380 652 99 0 -8 0
148 372 655 96 -8 0 0
140 372 658 93 0 -8 0
140 364 661 90 0 0 0
140 364 664 87 -8 -8 0
132 356 667 84 0 0 0
132 356 670 81 -8 8 0
124 364 673 78 0 0 0
124 364 676 75 0 0 0
124 364 679 72 -8 -8 0
116 356 682 69 0 0 0
116 356 685 66 0 8 0
116 364 688 63 -8 8 0
108 372 691 60 0 8 0
108 380 694 57 -8 -8 0
100 372 697 54 0 -8 0
100 364 700 51 0 -8 0
100 356 703 48 -8 8 0
92 364 706 45 0 0 0
92 364 709 42 0 -8 0
92 356 712 39 -8 8 0
84 364 715 36 0 -8 0
84 356 718 33 -8 0 0
76 356 721 30 0 0 0
76 356 724 27 0 -8 0
76 348 727 24 -8 0 0
68 348 730 21 0 0 0
68 348 733 18 0 8 0
68 356 736 15 -8 8 0
60 364 739 12 0 -8 0
60 356 742 9 -8 8 0
60 364 745 12 0 0 0
60 364 748 15 0 8 0
60 372 751 18 0 0 0
60 372 754 21 0 -8 0
60 364 757 24 0 8 0
60 372 760 27 0 8 0
60 380 763 30 0 -8 0
60 372 766 33 0 8 0
60 380 769 36 0 -8 0
60 372 772 39 0 0 0
60 372 775 42 0 0 0
60 372 778 45 0 -8 0
60 364 781 48 0 0 1
60 364 781 48 0 0 1
60 364 781 48 0 0 1
60 364 781 48 0 0 1
60 364 781 48 0 0 1
