65 234 214 336 0 0 0
65 234 211 339 8 -8 0
73 226 208 342 8 0 0
81 226 205 345 8 0 0
89 226 202 348 8 0 0
97 226 199 351 8 8 0
105 234 196 354 8 8 0
113 242 193 357 8 0 0
121 242 190 360 8 -8 0
129 234 187 363 8 8 0
137 242 184 366 8 8 0
145 250 181 369 8 -8 0
153 242 178 372 8 0 0
161 242 175 375 8 8 0
169 250 172 378 8 -8 0
177 242 169 381 8 -8 0
185 234 166 384 8 0 0
193 234 163 387 8 -8 0
201 226 160 390 8 0 0
209 226 157 393 8 8 0
217 234 154 396 8 8 0
225 242 151 399 8 0 0
233 242 148 402 8 -8 0
241 234 145 405 8 -8 0
249 226 142 408 8 8 0
257 234 139 411 8 8 0
265 242 136 414 8 8 0
273 250 133 417 8 8 0
281 258 130 420 8 8 0
289 266 127 423 8 -8 0
297 258 124 426 8 0 0
305 258 121 429 8 -8 0
313 250 118 432 8 -8 0
321 242 115 435 8 8 0
329 250 112 438 8 0 0
337 250 109 441 8 8 0
345 258 106 444 8 0 0
353 258 103 447 8 0 0
361 258 100 450 8 8 0
369 266 97 453 8 -8 0
377 258 94 456 8 -8 0
385 250 91 459 8 0 0
393 250 88 462 8 -8 0
401 242 85 465 8 0 0
409 242 82 468 8 0 0
417 242 79 471 8 8 0
425 250 76 474 0 -8 0
425 242 73 477 8 0 0
433 242 70 480 0 0 0
433 242 67 483 0 0 0
433 242 64 486 8 -8 0
441 234 61 489 0 0 0
441 234 58 492 8 -8 0
449 226 55 495 0 8 0
449 234 52 498 0 8 0
449 242 49 501 8 8 0
457 250 46 504 0 -8 0
457 242 43 507 0 -8 0
457 234 40 510 8 0 0
465 234 37 513 0 8 0
465 242 34 516 8 -8 0
473 234 31 519 0 0 0
473 234 28 522 0 -8 0
473 226 25 525 8 0 0
481 226 22 528 0 -8 0
481 218 19 531 0 8 0
481 226 22 534 8 8 0
489 234 25 537 0 8 0
489 242 28 540 8 -8 0
497 234 31 543 0 8 0
497 242 34 546 0 0 0
497 242 37 549 8 -8 0
505 234 40 552 0 8 0
505 242 43 555 0 8 0
505 250 46 558 8 8 0
513 258 49 561 0 -8 0
513 250 52 564 8 -8 0
521 242 55 567 0 -8 0
521 234 58 570 0 0 0
521 234 61 573 8 0 0
529 234 64 576 0 -8 0
529 226 67 579 0 8 0
529 234 70 582 8 8 0
537 242 73 585 0 8 0
537 250 76 588 8 -8 0
540 242 79 591 8 0 0
540 242 82 588 0 8 0
540 250 85 585 0 0 0
540 250 88 582 0 0 0
540 250 91 579 0 0 0
540 250 94 576 0 0 0
540 250 97 573 0 -8 0
540 242 100 570 0 -8 0
540 234 103 567 0 8 0
540 242 106 564 0 -8 0
540 234 109 561 0 8 0
540 242 112 558 0 -8 0
540 234 115 555 0 0 0
540 234 118 552 0 8 0
540 242 121 549 0 0 0
540 242 124 546 0 -8 0
540 234 127 543 0 0 0
540 234 130 540 0 -8 0
540 226 133 537 0 8 0
540 234 136 534 0 8 0
540 242 139 531 0 0 0
540 242 142 528 0 0 0
540 242 145 525 0 8 0
540 250 148 522 0 0 0
540 250 151 519 0 -8 0
540 242 154 516 0 -8 0
540 234 157 513 0 -8 0
540 226 160 510 0 -8 0
540 218 163 507 0 0 0
540 218 166 504 0 0 0
540 218 169 501 0 -8 0
540 210 172 498 0 -8 0
540 202 175 495 0 -8 0
540 194 178 492 0 8 0
540 202 181 489 -8 -8 0
532 194 184 486 0 -8 0
532 186 187 483 0 8 0
532 194 190 480 -8 8 0
524 202 193 477 0 8 0
524 210 196 474 0 0 0
524 210 199 471 -8 8 0
516 218 202 468 0 -8 0
516 210 205 465 -8 0 0
508 210 208 462 0 -8 0
508 202 211 459 0 0 0
508 202 214 456 -8 0 0
500 202 217 453 0 -8 0
500 194 220 450 0 8 0
500 202 223 447 -8 0 0
492 202 226 444 0 8 0
492 210 229 441 -8 8 0
484 218 232 438 0 -8 0
484 210 235 435 0 -8 0
484 202 238 432 -8 8 0
476 210 241 429 0 8 0
476 218 244 426 0 -8 0
476 210 247 423 -8 0 0
468 210 250 420 0 0 0
468 210 253 417 -8 8 0
460 218 256 414 0 8 0
460 226 259 411 0 8 0
460 234 262 408 -8 0 0
452 234 265 405 0 0 0
452 234 268 402 0 0 0
452 234 271 399 -8 8 0
444 242 274 396 0 8 0
444 250 277 393 -8 8 0
436 258 280 390 0 -8 0
436 250 283 387 0 8 0
436 258 286 384 -8 0 0
428 258 289 381 0 0 0
428 258 292 378 0 0 0
428 258 295 375 -8 0 0
420 258 298 372 0 0 0
420 258 301 369 -8 0 0
412 258 304 366 0 -8 0
412 250 307 363 0 0 0
412 250 310 360 -8 -8 0
404 242 313 357 0 0 0
404 242 316 354 0 0 0
404 242 319 351 -8 8 0
396 250 322 348 0 -8 0
396 242 325 345 -8 -8 0
388 234 328 342 0 0 0
388 234 331 339 0 -8 0
388 226 334 336 -8 -8 0
380 218 337 333 0 8 0
380 226 340 330 0 -8 0
380 218 343 327 -8 8 0
372 226 346 324 0 0 0
372 226 349 321 -8 0 0
364 226 352 318 0 -8 0
364 218 355 315 0 0 0
364 218 358 312 -8 0 0
356 218 361 309 0 0 0
356 218 364 306 0 8 0
356 226 367 303 -8 0 0
348 226 370 300 0 -8 0
348 218 373 297 -8 8 0
340 226 376 294 0 -8 0
340 218 379 291 0 0 0
340 218 382 288 -8 0 0
332 218 385 285 0 0 0
332 218 388 282 0 8 0
332 226 391 279 -8 0 0
324 226 394 276 0 -8 0
324 218 397 273 -8 8 0
316 226 400 270 0 -8 0
316 218 403 267 0 -8 0
316 210 406 264 -8 -8 0
308 202 409 261 0 8 0
308 210 412 258 0 0 0
308 210 415 255 -8 -8 0
300 202 418 252 0 8 0
300 210 421 249 -8 0 0
292 210 424 246 0 0 0
292 210 427 243 0 8 0
292 218 430 240 -8 0 0
284 218 433 237 0 -8 0
284 210 436 234 0 8 0
284 218 439 231 -8 0 0
276 218 442 228 0 0 0
276 218 445 225 -8 0 0
268 218 448 222 0 -8 0
268 210 451 219 0 8 0
268 218 454 216 -8 -8 0
260 210 457 213 0 8 0
260 218 460 210 0 8 0
260 226 463 207 -8 -8 0
252 218 466 204 0 -8 0
252 210 469 201 -8 8 0
244 218 472 198 0 8 0
244 226 475 195 0 -8 0
244 218 478 192 -8 8 0
236 226 481 189 0 -8 0
236 218 484 186 0 -8 0
236 210 487 183 -8 8 0
228 218 490 180 0 0 0
228 218 493 177 -8 0 0
220 218 496 174 0 8 0
220 226 499 171 0 -8 0
220 218 502 168 -8 0 0
212 218 505 165 0 8 0
212 226 508 162 0 8 0
212 234 511 159 -8 0 0
204 234 514 156 0 -8 0
204 226 517 153 -8 8 0
196 234 520 150 0 -8 0
196 226 523 147 0 8 0
196 234 526 144 -8 -8 0
188 226 529 141 0 0 0
188 226 532 138 0 8 0
188 234 535 135 -8 0 0
180 234 538 132 0 8 0
180 242 541 129 -8 0 0
172 242 544 126 0 -8 0
172 234 547 123 0 8 0
172 242 550 120 -8 0 0
164 242 553 117 0 -8 0
164 234 556 114 0 -8 0
164 226 559 111 -8 8 0
156 234 562 108 0 -8 0
156 226 565 105 -8 8 0
148 234 568 102 0 8 0
148 242 571 99 0 0 0
148 242 574 96 -8 0 0
140 242 577 93 0 -8 0
140 234 580 90 0 -8 0
140 226 583 87 -8 8 0
132 234 586 84 0 0 0
132 234 589 81 -8 8 0
124 242 592 78 0 0 0
124 242 595 75 0 8 0
124 250 598 72 -8 -8 0
116 242 601 69 0 0 0
116 242 604 66 0 8 0
116 250 607 63 -8 8 0
108 258 610 60 0 0 0
108 258 613 57 -8 -8 0
100 250 616 54 0 -8 0
100 242 619 51 0 8 0
100 250 622 48 -8 0 0
92 250 625 45 0 8 0
92 258 628 42 0 -8 0
92 250 631 39 -8 0 0
84 250 634 36 0 -8 0
84 242 637 33 -8 0 0
76 242 640 30 0 -8 0
76 234 643 27 0 8 0
76 242 646 24 -8 0 0
68 242 649 21 0 -8 0
68 234 652 18 0 8 0
68 242 655 15 -8 8 0
60 250 658 12 0 8 0
60 258 661 9 -8 0 0
60 258 664 12 0 8 0
60 266 667 15 0 -8 0
60 258 670 18 0 8 0
60 266 673 21 0 -8 0
60 258 676 24 0 -8 0
60 250 679 27 0 -8 0
60 242 682 30 0 8 0
60 250 685 33 0 0 0
60 250 688 36 0 8 0
60 258 691 39 0 8 0
60 266 694 42 0 0 0
60 266 697 45 0 0 0
60 266 700 48 0 -8 0
60 258 703 51 0 8 0
60 266 706 54 0 8 0
60 274 709 57 0 -8 0
60 266 712 60 0 0 0
60 266 715 63 0 8 0
60 274 718 66 0 8 0
60 282 721 69 0 0 0
60 282 724 72 0 0 0
60 282 727 75 0 8 0
60 290 730 78 0 0 0
60 290 733 81 0 -8 0
60 282 736 84 0 0 0
60 282 739 87 0 8 0
60 290 742 90 0 0 0
60 290 745 93 0 8 0
60 298 748 96 0 -8 0
60 290 751 99 0 0 0
60 290 754 102 0 0 0
60 290 757 105 0 0 0
60 290 760 108 0 -8 0
60 282 763 111 8 0 0
68 282 766 114 0 0 0
68 282 769 117 0 8 0
68 290 772 120 8 0 0
76 290 775 123 0 8 0
76 298 778 126 0 8 0
76 306 781 129 0 0 1
76 306 781 129 0 0 1
76 306 781 129 0 0 1
76 306 781 129 0 0 1
76 306 781 129 0 0 1
