119 153 493 465 0 0 0
119 153 496 462 8 -8 0
127 145 499 459 8 8 0
135 153 502 456 8 0 0
143 153 505 453 8 0 0
151 153 508 450 8 0 0
159 153 511 447 8 0 0
167 153 514 444 8 -8 0
175 145 517 441 8 -8 0
183 137 520 438 8 0 0
191 137 523 435 8 8 0
199 145 526 432 8 -8 0
207 137 529 429 8 0 0
215 137 532 426 8 -8 0
223 129 535 423 8 0 0
231 129 538 420 8 8 0
239 137 541 417 8 -8 0
247 129 544 414 8 0 0
255 129 547 411 8 -8 0
263 121 550 408 8 0 0
271 121 553 405 8 0 0
279 121 556 402 8 8 0
287 129 559 399 8 -8 0
295 121 562 396 8 -8 0
303 113 565 393 8 -8 0
311 105 568 390 8 -8 0
319 97 571 387 8 -8 0
327 89 574 384 8 8 0
335 97 577 381 0 8 0
335 105 580 378 0 8 0
335 113 583 375 0 8 0
335 121 586 372 0 8 0
335 129 589 369 0 -8 0
335 121 592 366 0 0 0
335 121 595 363 0 0 0
335 121 598 360 0 -8 0
335 113 601 357 0 -8 0
335 105 604 354 0 0 0
335 105 607 351 0 -8 0
335 97 610 348 0 0 0
335 97 613 345 0 8 0
335 105 616 342 0 -8 0
335 97 619 339 0 -8 0
335 89 622 336 0 8 0
335 97 625 333 0 -8 0
335 89 628 330 0 0 0
335 89 631 327 0 -8 0
335 81 634 324 0 -8 0
335 73 637 321 0 0 0
335 73 640 318 0 0 0
335 73 643 315 0 8 0
335 81 646 312 0 -8 0
335 73 649 309 0 -8 0
335 65 652 306 0 0 0
335 65 655 303 0 0 0
335 65 658 300 0 0 0
335 65 661 297 0 -8 0
335 60 664 294 0 8 0
335 68 667 291 0 8 0
335 76 670 288 0 -8 0
335 68 673 285 0 -8 0
335 60 676 282 -8 -8 0
327 60 679 279 0 0 0
327 60 682 276 -8 0 0
319 60 685 273 0 8 0
319 68 688 270 0 -8 0
319 60 691 267 -8 8 0
311 68 694 264 0 -8 0
311 60 697 261 0 -8 0
311 60 700 258 -8 0 0
303 60 703 255 0 0 0
303 60 706 252 -8 -8 0
295 60 709 249 0 8 0
295 68 712 246 0 8 0
295 76 715 243 -8 -8 0
287 68 718 240 0 0 0
287 68 721 237 0 -8 0
287 60 724 234 -8 8 0
279 68 727 231 0 8 0
279 76 730 228 -8 8 0
271 84 733 225 0 8 0
271 92 736 222 0 0 0
271 92 739 219 -8 -8 0
263 84 742 216 0 8 0
263 92 745 213 0 8 0
263 100 748 210 -8 0 0
255 100 751 207 0 -8 0
255 92 754 204 -8 8 0
247 100 757 201 0 -8 0
247 92 760 198 0 8 0
247 100 763 195 -8 8 0
239 108 766 192 0 -8 0
239 100 769 189 0 8 0
239 108 772 186 -8 -8 0
231 100 775 183 0 -8 0
231 92 778 180 -8 8 0
223 100 781 177 0 0 1
223 100 781 177 0 0 1
223 100 781 177 0 0 1
223 100 781 177 0 0 1
223 100 781 177 0 0 1
