152 336 169 462 0 0 0
152 336 166 459 8 0 0
160 336 163 456 8 -8 0
168 328 160 453 8 8 0
176 336 157 450 8 -8 0
184 328 154 447 8 8 0
192 336 151 444 8 0 0
200 336 148 441 8 8 0
208 344 145 438 8 8 0
216 352 142 435 8 -8 0
224 344 139 432 8 0 0
232 344 136 429 8 -8 0
240 336 133 426 8 0 0
248 336 130 423 8 0 0
256 336 127 420 8 -8 0
264 328 124 417 8 -8 0
272 320 121 414 8 8 0
280 328 118 411 8 8 0
288 336 115 408 8 -8 0
296 328 112 405 8 -8 0
304 320 109 402 8 -8 0
312 312 106 399 8 8 0
320 320 103 396 8 8 0
328 328 100 393 8 8 0
336 336 97 390 8 8 0
344 344 94 387 0 0 0
344 344 91 384 0 8 0
344 352 88 381 0 0 0
344 352 85 378 0 8 0
344 360 82 375 0 0 0
344 360 79 372 0 8 0
344 368 76 369 0 8 0
344 376 73 366 0 8 0
344 384 70 363 0 8 0
344 392 67 360 0 8 0
344 400 64 357 0 8 0
344 408 61 354 0 -8 0
344 400 58 351 0 8 0
344 408 55 348 0 -8 0
344 400 52 345 0 0 0
344 400 49 342 0 8 0
344 408 46 339 0 -8 0
344 400 43 336 0 -8 0
344 392 40 333 0 8 0
344 400 37 330 0 0 0
344 400 34 327 0 0 0
344 400 31 324 0 8 0
344 408 28 321 0 -8 0
344 400 25 318 0 0 0
344 400 22 315 0 0 0
344 400 19 312 0 -8 0
344 392 22 309 0 -8 0
344 384 25 306 0 -8 0
344 376 28 303 0 -8 0
344 368 31 300 0 -8 0
344 360 34 297 0 0 0
344 360 37 294 0 0 0
344 360 40 291 -8 -8 0
336 352 43 288 0 8 0
336 360 46 285 -8 0 0
328 360 49 282 0 0 0
328 360 52 279 0 -8 0
328 352 55 276 -8 0 0
320 352 58 273 0 0 0
320 352 61 270 0 8 0
320 360 64 267 -8 0 0
312 360 67 264 0 8 0
312 368 70 261 -8 -8 0
304 360 73 258 0 -8 0
304 352 76 255 0 8 0
304 360 79 252 -8 0 0
296 360 82 249 0 0 0
296 360 85 246 0 -8 0
296 352 88 243 -8 -8 0
288 344 91 240 0 0 0
288 344 94 237 -8 8 0
280 352 97 234 0 8 0
280 360 100 231 0 -8 0
280 352 103 228 -8 -8 0
272 344 106 225 0 0 0
272 344 109 222 0 8 0
272 352 112 219 -8 0 0
264 352 115 216 0 -8 0
264 344 118 213 -8 -8 0
256 336 121 210 0 -8 0
256 328 124 207 0 0 0
256 328 127 204 -8 0 0
248 328 130 201 0 8 0
248 336 133 198 0 0 0
248 336 136 195 -8 0 0
240 336 139 192 0 0 0
240 336 142 189 -8 -8 0
232 328 145 186 0 0 0
232 328 148 183 0 -8 0
232 320 151 180 -8 8 0
224 328 154 177 0 0 0
224 328 157 174 0 -8 0
224 320 160 171 -8 0 0
216 320 163 168 0 0 0
216 320 166 165 -8 0 0
208 320 169 162 0 -8 0
208 312 172 159 0 0 0
208 312 175 156 -8 8 0
200 320 178 153 0 0 0
200 320 181 150 0 0 0
200 320 184 147 -8 0 0
192 320 187 144 0 0 0
192 320 190 141 -8 -8 0
184 312 193 138 0 0 0
184 312 196 135 0 -8 0
184 304 199 132 -8 0 0
176 304 202 129 0 0 0
176 304 205 126 0 0 0
176 304 208 123 -8 8 0
168 312 211 120 0 0 0
168 312 214 117 -8 0 0
160 312 217 114 0 8 0
160 320 220 111 0 8 0
160 328 223 108 -8 8 0
152 336 226 105 0 0 0
152 336 229 102 0 8 0
152 344 232 99 -8 0 0
144 344 235 96 0 0 0
144 344 238 93 -8 -8 0
136 336 241 90 0 0 0
136 336 244 87 0 -8 0
136 328 247 84 -8 0 0
128 328 250 81 0 0 0
128 328 253 78 0 8 0
128 336 256 75 -8 -8 0
120 328 259 72 0 -8 0
120 320 262 69 -8 0 0
112 320 265 66 0 0 0
112 320 268 63 0 0 0
112 320 271 60 -8 0 0
104 320 274 57 0 -8 0
104 312 277 54 0 0 0
104 312 280 51 -8 0 0
96 312 283 48 0 8 0
96 320 286 45 -8 0 0
88 320 289 42 0 -8 0
88 312 292 39 0 0 0
88 312 295 36 -8 8 0
80 320 298 33 0 8 0
80 328 301 30 0 8 0
80 336 304 27 -8 -8 0
72 328 307 24 0 0 0
72 328 310 21 -8 -8 0
64 320 313 18 0 -8 0
64 312 316 15 0 -8 0
64 304 319 12 -8 0 0
60 304 322 9 -8 -8 0
60 296 325 12 0 0 0
60 296 328 15 0 -8 0
60 288 331 18 0 0 0
60 288 334 21 0 -8 0
60 280 337 24 0 -8 0
60 272 340 27 0 -8 0
60 264 343 30 0 -8 0
60 256 346 33 0 -8 0
60 248 349 36 0 0 0
60 248 352 39 0 8 0
60 256 355 42 0 8 0
60 264 358 45 0 0 0
60 264 361 48 0 -8 0
60 256 364 51 0 0 0
60 256 367 54 0 -8 0
60 248 370 57 0 8 0
60 256 373 60 0 -8 0
60 248 376 63 0 8 0
60 256 379 66 0 0 0
60 256 382 69 0 -8 0
60 248 385 72 0 0 0
60 248 388 75 0 -8 0
60 240 391 78 0 -8 0
60 232 394 81 0 -8 0
60 224 397 84 0 8 0
60 232 400 87 0 -8 0
60 224 403 90 0 0 0
60 224 406 93 0 8 0
60 232 409 96 0 0 0
60 232 412 99 0 8 0
60 240 415 102 0 8 0
60 248 418 105 0 0 0
60 248 421 108 0 8 0
60 256 424 111 8 -8 0
68 248 427 114 0 -8 0
68 240 430 117 0 -8 0
68 232 433 120 8 8 0
76 240 436 123 0 -8 0
76 232 439 126 0 8 0
76 240 442 129 8 8 0
84 248 445 132 0 -8 0
84 240 448 135 8 0 0
92 240 451 138 0 8 0
92 248 454 141 0 0 0
92 248 457 144 8 0 0
100 248 460 147 0 8 0
100 256 463 150 0 -8 0
100 248 466 153 8 0 0
108 248 469 156 0 8 0
108 256 472 159 8 8 0
116 264 475 162 0 0 0
116 264 478 165 0 -8 0
116 256 481 168 8 0 0
124 256 484 171 0 -8 0
124 248 487 174 0 8 0
124 256 490 177 8 8 0
132 264 493 180 0 8 0
132 272 496 183 8 0 0
140 272 499 186 0 -8 0
140 264 502 189 0 -8 0
140 256 505 192 8 0 0
148 256 508 195 0 8 0
148 264 511 198 0 8 0
148 272 514 201 8 8 0
156 280 517 204 0 0 0
156 280 520 207 8 -8 0
164 272 523 210 0 -8 0
164 264 526 213 0 0 0
164 264 529 216 8 -8 0
172 256 532 219 0 8 0
172 264 535 222 0 -8 0
172 256 538 225 8 -8 0
180 248 541 228 0 8 0
180 256 544 231 8 8 0
188 264 547 234 0 0 0
188 264 550 237 0 8 0
188 272 553 240 8 -8 0
196 264 556 243 0 8 0
196 272 559 246 0 0 0
196 272 562 249 8 8 0
204 280 565 252 0 -8 0
204 272 568 255 8 8 0
212 280 571 258 0 8 0
212 288 574 261 0 8 0
212 296 577 264 8 8 0
220 304 580 267 0 -8 0
220 296 583 270 0 -8 0
220 288 586 273 8 -8 0
228 280 589 276 0 -8 0
228 272 592 279 8 -8 0
236 264 595 282 0 -8 0
236 256 598 285 0 0 0
236 256 601 288 8 -8 0
244 248 604 291 0 8 0
244 256 607 294 0 8 0
244 264 610 297 8 -8 0
252 256 613 300 0 -8 0
252 248 616 303 8 -8 0
260 240 619 306 0 8 0
260 248 622 309 0 8 0
260 256 625 312 8 8 0
268 264 628 315 0 8 0
268 272 631 318 0 8 0
268 280 634 321 8 0 0
276 280 637 324 0 -8 0
276 272 640 327 8 -8 0
284 264 643 330 0 -8 0
284 256 646 333 0 8 0
284 264 649 336 8 -8 0
292 256 652 339 0 8 0
292 264 655 342 0 -8 0
292 256 658 345 8 8 0
300 264 661 348 0 0 0
300 264 664 351 8 -8 0
308 256 667 354 0 0 0
308 256 670 357 0 -8 0
308 248 673 360 8 8 0
316 256 676 363 0 8 0
316 264 679 366 0 -8 0
316 256 682 369 8 -8 0
324 248 685 372 0 0 0
324 248 688 375 8 8 0
332 256 691 378 0 0 0
332 256 694 381 0 -8 0
332 248 697 384 8 8 0
340 256 700 387 0 8 0
340 264 703 390 0 -8 0
340 256 706 393 8 0 0
348 256 709 396 0 -8 0
348 248 712 399 8 -8 0
356 240 715 402 0 -8 0
356 232 718 405 0 0 0
356 232 721 408 8 -8 0
364 224 724 411 0 0 0
364 224 727 414 0 0 0
364 224 730 417 8 0 0
372 224 733 420 0 0 0
372 224 736 423 8 -8 0
380 216 739 426 0 0 0
380 216 742 429 0 -8 0
380 208 745 432 8 8 0
388 216 748 435 0 8 0
388 224 751 438 0 8 0
388 232 754 441 8 -8 0
396 224 757 444 0 -8 0
396 216 760 447 8 8 0
404 224 763 450 0 -8 0
404 216 766 453 0 8 0
404 224 769 456 8 -8 0
412 216 772 459 0 0 0
412 216 775 462 0 -8 0
412 208 778 465 8 -8 0
420 200 781 468 0 0 1
420 200 781 468 0 0 1
420 200 781 468 0 0 1
420 200 781 468 0 0 1
420 200 781 468 0 0 1
