60 421 208 375 0 0 0
60 421 205 372 8 8 0
68 429 202 369 8 -8 0
76 421 199 366 8 -8 0
84 413 196 363 8 -8 0
92 405 193 360 8 0 0
100 405 190 357 8 8 0
108 413 187 354 8 0 0
116 413 184 351 8 0 0
124 413 181 348 8 0 0
132 413 178 345 8 -8 0
140 405 175 342 8 8 0
148 413 172 339 8 -8 0
156 405 169 336 8 0 0
164 405 166 333 8 -8 0
172 397 163 330 8 8 0
180 405 160 327 8 -8 0
188 397 157 324 8 -8 0
196 389 154 321 8 0 0
204 389 151 318 8 8 0
212 397 148 315 8 8 0
220 405 145 312 8 8 0
228 413 142 309 8 0 0
236 413 139 306 8 8 0
244 421 136 303 8 8 0
252 429 133 300 0 8 0
252 437 130 297 0 0 0
252 437 127 294 0 0 0
252 437 124 291 0 -8 0
252 429 121 288 0 8 0
252 437 118 285 0 8 0
252 445 115 282 0 8 0
252 453 112 279 0 0 0
252 453 109 276 0 -8 0
252 445 106 273 0 0 0
252 445 103 270 0 8 0
252 453 100 267 0 0 0
252 453 97 264 0 0 0
252 453 94 261 0 0 0
252 453 91 258 0 0 0
252 453 88 255 0 0 0
252 453 85 252 0 8 0
252 461 82 249 0 0 0
252 461 79 246 0 8 0
252 469 76 243 0 -8 0
252 461 73 240 0 -8 0
252 453 70 237 0 -8 0
252 445 67 234 0 0 0
252 445 64 231 0 0 0
252 445 61 228 0 -8 0
252 437 58 225 0 0 0
252 437 55 222 0 -8 0
252 429 52 219 0 0 0
252 429 49 216 0 -8 0
252 421 46 213 0 0 0
252 421 43 210 0 0 0
252 421 40 207 0 0 0
252 421 37 204 0 0 0
252 421 34 201 -8 8 0
244 429 31 198 0 0 0
244 429 28 195 0 0 0
244 429 25 192 -8 0 0
236 429 22 189 0 -8 0
236 421 19 186 0 8 0
236 429 22 183 -8 -8 0
228 421 25 180 0 -8 0
228 413 28 177 -8 -8 0
220 405 31 174 0 -8 0
220 397 34 171 0 -8 0
220 389 37 168 -8 8 0
212 397 40 165 0 0 0
212 397 43 162 0 -8 0
212 389 46 159 -8 0 0
204 389 49 156 0 -8 0
204 381 52 153 -8 0 0
196 381 55 150 0 8 0
196 389 58 147 0 -8 0
196 381 61 144 -8 8 0
188 389 64 141 0 0 0
188 389 67 138 0 8 0
188 397 70 135 -8 0 0
180 397 73 132 0 0 0
180 397 76 129 -8 8 0
172 405 79 126 0 -8 0
172 397 82 123 0 0 0
172 397 85 120 -8 8 0
164 405 88 117 0 0 0
164 405 91 114 0 8 0
164 413 94 111 -8 8 0
156 421 97 108 0 8 0
156 429 100 105 -8 0 0
148 429 103 102 0 0 0
148 429 106 99 0 8 0
148 437 109 96 -8 -8 0
140 429 112 93 0 8 0
140 437 115 90 0 0 0
140 437 118 87 -8 8 0
132 445 121 84 0 -8 0
132 437 124 81 -8 -8 0
124 429 127 78 0 0 0
124 429 130 75 0 0 0
124 429 133 72 -8 8 0
116 437 136 69 0 -8 0
116 429 139 66 0 8 0
116 437 142 63 -8 8 0
108 445 145 60 0 -8 0
108 437 148 57 -8 -8 0
100 429 151 54 0 0 0
100 429 154 51 0 -8 0
100 421 157 48 -8 0 0
92 421 160 45 0 0 0
92 421 163 42 0 0 0
92 421 166 39 -8 8 0
84 429 169 36 0 0 0
84 429 172 33 -8 0 0
76 429 175 30 0 -8 0
76 421 178 27 0 0 0
76 421 181 24 -8 -8 0
68 413 184 21 0 -8 0
68 405 187 18 0 0 0
68 405 190 15 -8 -8 0
60 397 193 12 0 -8 0
60 389 196 9 -8 0 0
60 389 199 12 0 8 0
60 397 202 15 0 8 0
60 405 205 18 0 0 0
60 405 208 21 0 -8 0
60 397 211 24 0 8 0
60 405 214 27 0 0 0
60 405 217 30 0 8 0
60 413 220 33 0 0 0
60 413 223 36 0 8 0
60 421 226 39 0 -8 0
60 413 229 42 0 -8 0
60 405 232 45 0 -8 0
60 397 235 48 0 8 0
60 405 238 51 0 -8 0
60 397 241 54 0 8 0
60 405 244 57 0 -8 0
60 397 247 60 0 -8 0
60 389 250 63 0 0 0
60 389 253 66 0 -8 0
60 381 256 69 0 8 0
60 389 259 72 0 -8 0
60 381 262 75 0 0 0
60 381 265 78 0 8 0
60 389 268 81 0 8 0
60 397 271 84 0 -8 0
60 389 274 87 0 0 0
60 389 277 90 0 0 0
60 389 280 93 0 -8 0
60 381 283 96 0 0 0
60 381 286 99 0 8 0
60 389 289 102 0 -8 0
60 381 292 105 0 8 0
60 389 295 108 0 -8 0
60 381 298 111 8 8 0
68 389 301 114 0 8 0
68 397 304 117 0 0 0
68 397 307 120 8 -8 0
76 389 310 123 0 -8 0
76 381 313 126 0 0 0
76 381 316 129 8 8 0
84 389 319 132 0 8 0
84 397 322 135 8 8 0
92 405 325 138 0 8 0
92 413 328 141 0 0 0
92 413 331 144 8 -8 0
100 405 334 147 0 -8 0
100 397 337 150 0 8 0
100 405 340 153 8 -8 0
108 397 343 156 0 8 0
108 405 346 159 8 0 0
116 405 349 162 0 -8 0
116 397 352 165 0 0 0
116 397 355 168 8 -8 0
124 389 358 171 0 8 0
124 397 361 174 0 0 0
124 397 364 177 8 0 0
132 397 367 180 0 8 0
132 405 370 183 8 8 0
140 413 373 186 0 -8 0
140 405 376 189 0 0 0
140 405 379 192 8 8 0
148 413 382 195 0 0 0
148 413 385 198 0 8 0
148 421 388 201 8 -8 0
156 413 391 204 0 8 0
156 421 394 207 8 -8 0
164 413 397 210 0 8 0
164 421 400 213 0 0 0
164 421 403 216 8 8 0
172 429 406 219 0 0 0
172 429 409 222 0 0 0
172 429 412 225 8 8 0
180 437 415 228 0 0 0
180 437 418 231 8 0 0
188 437 421 234 0 0 0
188 437 424 237 0 -8 0
188 429 427 240 8 8 0
196 437 430 243 0 -8 0
196 429 433 246 0 0 0
196 429 436 249 8 -8 0
204 421 439 252 0 8 0
204 429 442 255 8 -8 0
212 421 445 258 0 8 0
212 429 448 261 0 0 0
212 429 451 264 8 0 0
220 429 454 267 0 8 0
220 437 457 270 0 0 0
220 437 460 273 8 8 0
228 445 463 276 0 0 0
228 445 466 279 8 0 0
236 445 469 282 0 -8 0
236 437 472 285 0 -8 0
236 429 475 288 8 -8 0
244 421 478 291 0 0 0
244 421 481 294 0 0 0
244 421 484 297 8 -8 0
252 413 487 300 0 0 0
252 413 490 303 8 8 0
260 421 493 306 0 0 0
260 421 496 309 0 0 0
260 421 499 312 8 -8 0
268 413 502 315 0 0 0
268 413 505 318 0 8 0
268 421 508 321 8 -8 0
276 413 511 324 0 -8 0
276 405 514 327 8 8 0
284 413 517 330 0 8 0
284 421 520 333 0 0 0
284 421 523 336 8 -8 0
292 413 526 339 0 -8 0
292 405 529 342 0 -8 0
292 397 532 345 8 0 0
300 397 535 348 0 0 0
300 397 538 351 8 -8 0
308 389 541 354 0 -8 0
308 381 544 357 0 8 0
308 389 547 360 8 8 0
316 397 550 363 0 0 0
316 397 553 366 0 0 0
316 397 556 369 8 0 0
324 397 559 372 0 8 0
324 405 562 375 8 0 0
332 405 565 378 0 -8 0
332 397 568 381 0 -8 0
332 389 571 384 8 8 0
340 397 574 387 0 0 0
340 397 577 390 0 0 0
340 397 580 393 8 8 0
348 405 583 396 0 8 0
348 413 586 399 8 8 0
356 421 589 402 0 0 0
356 421 592 405 0 -8 0
356 413 595 408 8 0 0
364 413 598 411 0 0 0
364 413 601 414 0 8 0
364 421 604 417 8 -8 0
372 413 607 420 0 0 0
372 413 610 423 8 8 0
380 421 613 426 0 8 0
380 429 616 429 0 -8 0
380 421 619 432 8 0 0
388 421 622 435 0 0 0
388 421 625 438 0 8 0
388 429 628 441 8 -8 0
396 421 631 444 0 0 0
396 421 634 447 8 0 0
404 421 637 450 0 8 0
404 429 640 453 0 8 0
404 437 643 456 8 0 0
412 437 646 459 0 -8 0
412 429 649 462 0 8 0
412 437 652 465 8 8 0
420 445 655 468 0 -8 0
420 437 658 471 8 -8 0
428 429 661 474 0 -8 0
428 421 664 477 0 -8 0
428 413 667 480 8 8 0
436 421 670 483 0 -8 0
436 413 673 486 0 8 0
436 421 676 489 8 8 0
444 429 679 492 0 0 0
444 429 682 495 8 -8 0
452 421 685 498 0 0 0
452 421 688 501 0 -8 0
452 413 691 504 8 8 0
460 421 694 507 0 0 0
460 421 697 510 0 -8 0
460 413 700 513 8 -8 0
468 405 703 516 0 -8 0
468 397 706 519 8 0 0
476 397 709 522 0 8 0
476 405 712 525 0 -8 0
476 397 715 528 8 8 0
484 405 718 531 0 8 0
484 413 721 534 0 0 0
484 413 724 537 8 -8 0
492 405 727 540 0 -8 0
492 397 730 543 8 8 0
500 405 733 546 0 0 0
500 405 736 549 0 -8 0
500 397 739 552 8 -8 0
508 389 742 555 0 8 0
508 397 745 558 0 -8 0
508 389 748 561 8 -8 0
516 381 751 564 0 -8 0
516 373 754 567 8 -8 0
524 365 757 570 0 0 0
524 365 760 573 0 0 0
524 365 763 576 8 -8 0
532 357 766 579 0 0 0
532 357 769 582 0 0 0
532 357 772 585 8 0 0
540 357 775 588 0 8 0
540 365 778 591 8 -8 0
540 357 781 588 0 0 1
540 357 781 588 0 0 1
540 357 781 588 0 0 1
540 357 781 588 0 0 1
540 357 781 588 0 0 1
