228 502 175 231 0 0 0
228 502 178 228 0 -8 0
228 494 181 225 0 0 0
228 494 184 222 0 -8 0
228 486 187 219 0 0 0
228 486 190 216 0 0 0
228 486 193 213 0 8 0
228 494 196 210 0 0 0
228 494 199 207 0 8 0
228 502 202 204 0 0 0
228 502 205 201 0 8 0
228 510 208 198 0 8 0
228 518 211 195 0 -8 0
228 510 214 192 0 0 0
228 510 217 189 0 8 0
228 518 220 186 0 -8 0
228 510 223 183 0 0 0
228 510 226 180 0 8 0
228 518 229 177 -8 -8 0
220 510 232 174 0 -8 0
220 502 235 171 0 8 0
220 510 238 168 -8 0 0
212 510 241 165 0 8 0
212 518 244 162 0 0 0
212 518 247 159 -8 8 0
204 526 250 156 0 8 0
204 534 253 153 -8 8 0
196 540 256 150 0 8 0
196 540 259 147 0 8 0
196 540 262 144 -8 8 0
188 540 265 141 0 -8 0
188 532 268 138 0 8 0
188 540 271 135 -8 0 0
180 540 274 132 0 8 0
180 540 277 129 -8 8 0
172 540 280 126 0 0 0
172 540 283 123 0 8 0
172 540 286 120 -8 8 0
164 540 289 117 0 -8 0
164 532 292 114 0 0 0
164 532 295 111 -8 -8 0
156 524 298 108 0 -8 0
156 516 301 105 -8 0 0
148 516 304 102 0 8 0
148 524 307 99 0 -8 0
148 516 310 96 -8 0 0
140 516 313 93 0 8 0
140 524 316 90 0 0 0
140 524 319 87 -8 0 0
132 524 322 84 0 0 0
132 524 325 81 -8 0 0
124 524 328 78 0 8 0
124 532 331 75 0 0 0
124 532 334 72 -8 -8 0
116 524 337 69 0 8 0
116 532 340 66 0 -8 0
116 524 343 63 -8 0 0
108 524 346 60 0 0 0
108 524 349 57 -8 -8 0
100 516 352 54 0 0 0
100 516 355 51 0 8 0
100 524 358 48 -8 8 0
92 532 361 45 0 8 0
92 540 364 42 0 -8 0
92 532 367 39 -8 8 0
84 540 370 36 0 0 0
84 540 373 33 -8 0 0
76 540 376 30 0 -8 0
76 532 379 27 0 8 0
76 540 382 24 -8 8 0
68 540 385 21 0 0 0
68 540 388 18 0 0 0
68 540 391 15 -8 -8 0
60 532 394 12 0 -8 0
60 524 397 9 -8 8 0
60 532 400 12 0 8 0
60 540 403 15 0 0 0
60 540 406 18 0 0 0
60 540 409 21 0 -8 0
60 532 412 24 0 8 0
60 540 415 27 0 0 0
60 540 418 30 0 -8 0
60 532 421 33 0 0 0
60 532 424 36 0 0 0
60 532 427 39 0 -8 0
60 524 430 42 0 8 0
60 532 433 45 0 0 0
60 532 436 48 0 -8 0
60 524 439 51 0 8 0
60 532 442 54 0 8 0
60 540 445 57 0 -8 0
60 532 448 60 0 0 0
60 532 451 63 0 0 0
60 532 454 66 0 -8 0
60 524 457 69 0 0 0
60 524 460 72 0 8 0
60 532 463 75 0 -8 0
60 524 466 78 0 8 0
60 532 469 81 0 8 0
60 540 472 84 0 0 0
60 540 475 87 0 0 0
60 540 478 90 0 8 0
60 540 481 93 0 0 0
60 540 484 96 0 0 0
60 540 487 99 0 -8 0
60 532 490 102 0 -8 0
60 524 493 105 0 -8 0
60 516 496 108 0 -8 0
60 508 499 111 8 0 0
68 508 502 114 0 0 0
68 508 505 117 0 8 0
68 516 508 120 8 8 0
76 524 511 123 0 8 0
76 532 514 126 0 0 0
76 532 517 129 8 8 0
84 540 520 132 0 -8 0
84 532 523 135 8 0 0
92 532 526 138 0 8 0
92 540 529 141 0 -8 0
92 532 532 144 8 0 0
100 532 535 147 0 8 0
100 540 538 150 0 0 0
100 540 541 153 8 8 0
108 540 544 156 0 0 0
108 540 547 159 8 8 0
116 540 550 162 0 8 0
116 540 553 165 0 8 0
116 540 556 168 8 -8 0
124 532 559 171 0 0 0
124 532 562 174 0 8 0
124 540 565 177 8 0 0
132 540 568 180 0 -8 0
132 532 571 183 8 8 0
140 540 574 186 0 8 0
140 540 577 189 0 0 0
140 540 580 192 8 -8 0
148 532 583 195 0 0 0
148 532 586 198 0 0 0
148 532 589 201 8 0 0
156 532 592 204 0 0 0
156 532 595 207 8 0 0
164 532 598 210 0 0 0
164 532 601 213 0 -8 0
164 524 604 216 8 -8 0
172 516 607 219 0 8 0
172 524 610 222 0 -8 0
172 516 613 225 8 -8 0
180 508 616 228 0 0 0
180 508 619 231 8 -8 0
188 500 622 234 0 8 0
188 508 625 237 0 8 0
188 516 628 240 8 8 0
196 524 631 243 0 0 0
196 524 634 246 0 -8 0
196 516 637 249 8 8 0
204 524 640 252 0 0 0
204 524 643 255 8 0 0
212 524 646 258 0 8 0
212 532 649 261 0 0 0
212 532 652 264 8 0 0
220 532 655 267 0 0 0
220 532 658 270 0 8 0
220 540 661 273 8 0 0
228 540 664 276 0 -8 0
228 532 667 279 8 8 0
236 540 670 282 0 -8 0
236 532 673 285 0 0 0
236 532 676 288 8 0 0
244 532 679 291 0 8 0
244 540 682 294 0 0 0
244 540 685 297 8 8 0
252 540 688 300 0 -8 0
252 532 691 303 8 0 0
260 532 694 306 0 -8 0
260 524 697 309 0 -8 0
260 516 700 312 8 0 0
268 516 703 315 0 -8 0
268 508 706 318 0 0 0
268 508 709 321 8 0 0
276 508 712 324 0 0 0
276 508 715 327 8 0 0
284 508 718 330 0 -8 0
284 500 721 333 0 -8 0
284 492 724 336 8 8 0
292 500 727 339 0 0 0
292 500 730 342 0 -8 0
292 492 733 345 8 0 0
300 492 736 348 0 -8 0
300 484 739 351 8 8 0
308 492 742 354 0 -8 0
308 484 745 357 0 0 0
308 484 748 360 8 8 0
316 492 751 363 0 -8 0
316 484 754 366 0 0 0
316 484 757 369 8 -8 0
324 476 760 372 0 0 0
324 476 763 375 8 8 0
332 484 766 378 0 0 0
332 484 769 381 0 -8 0
332 476 772 384 8 -8 0
340 468 775 387 0 -8 0
340 460 778 390 0 -8 0
340 452 781 393 0 0 1
340 452 781 393 0 0 1
340 452 781 393 0 0 1
340 452 781 393 0 0 1
340 452 781 393 0 0 1
