408 467 226 438 0 0 0
408 467 229 441 0 0 0
408 467 232 444 0 -8 0
408 459 235 447 0 8 0
408 467 238 450 0 8 0
408 475 241 453 0 8 0
408 483 244 456 0 -8 0
408 475 247 459 8 0 0
416 475 250 462 0 -8 0
416 467 253 465 0 0 0
416 467 256 468 8 -8 0
424 459 259 471 0 0 0
424 459 262 474 0 -8 0
424 451 265 477 8 8 0
432 459 268 480 0 0 0
432 459 271 483 8 -8 0
440 451 274 486 0 -8 0
440 443 277 489 0 0 0
440 443 280 492 8 0 0
448 443 283 495 0 -8 0
448 435 286 498 0 0 0
448 435 289 501 8 -8 0
456 427 292 504 0 8 0
456 435 295 507 8 0 0
464 435 298 510 0 0 0
464 435 301 513 0 0 0
464 435 304 516 8 0 0
472 435 307 519 0 8 0
472 443 310 522 0 -8 0
472 435 313 525 8 0 0
480 435 316 528 0 0 0
480 435 319 531 8 8 0
488 443 322 534 0 -8 0
488 435 325 537 0 -8 0
488 427 328 540 8 8 0
496 435 331 543 0 -8 0
496 427 334 546 0 -8 0
496 419 337 549 8 0 0
504 419 340 552 0 8 0
504 427 343 555 8 0 0
512 427 346 558 0 0 0
512 427 349 561 0 -8 0
512 419 352 564 8 0 0
520 419 355 567 0 8 0
520 427 358 570 0 -8 0
520 419 361 573 8 8 0
528 427 364 576 0 0 0
528 427 367 579 8 0 0
536 427 370 582 0 -8 0
536 419 373 585 0 0 0
536 419 376 588 8 -8 0
540 411 379 591 8 8 0
540 419 382 588 0 8 0
540 427 385 585 0 0 0
540 427 388 582 0 8 0
540 435 391 579 0 -8 0
540 427 394 576 0 -8 0
540 419 397 573 0 -8 0
540 411 400 570 0 -8 0
540 403 403 567 0 0 0
540 403 406 564 0 8 0
540 411 409 561 0 8 0
540 419 412 558 0 8 0
540 427 415 555 0 8 0
540 435 418 552 0 0 0
540 435 421 549 0 8 0
540 443 424 546 0 0 0
540 443 427 543 0 0 0
540 443 430 540 0 0 0
540 443 433 537 0 -8 0
540 435 436 534 0 0 0
540 435 439 531 0 0 0
540 435 442 528 0 0 0
540 435 445 525 0 0 0
540 435 448 522 0 0 0
540 435 451 519 0 8 0
540 443 454 516 0 -8 0
540 435 457 513 0 -8 0
540 427 460 510 0 -8 0
540 419 463 507 0 8 0
540 427 466 504 0 0 0
540 427 469 501 0 -8 0
540 419 472 498 0 -8 0
540 411 475 495 0 -8 0
540 403 478 492 0 8 0
540 411 481 489 -8 -8 0
532 403 484 486 0 0 0
532 403 487 483 0 -8 0
532 395 490 480 -8 8 0
524 403 493 477 0 0 0
524 403 496 474 0 8 0
524 411 499 471 -8 0 0
516 411 502 468 0 8 0
516 419 505 465 -8 -8 0
508 411 508 462 0 8 0
508 419 511 459 0 8 0
508 427 514 456 -8 -8 0
500 419 517 453 0 8 0
500 427 520 450 0 8 0
500 435 523 447 -8 0 0
492 435 526 444 0 8 0
492 443 529 441 -8 8 0
484 451 532 438 0 8 0
484 459 535 435 0 -8 0
484 451 538 432 -8 0 0
476 451 541 429 0 0 0
476 451 544 426 0 8 0
476 459 547 423 -8 8 0
468 467 550 420 0 -8 0
468 459 553 417 -8 -8 0
460 451 556 414 0 0 0
460 451 559 411 0 8 0
460 459 562 408 -8 8 0
452 467 565 405 0 -8 0
452 459 568 402 0 0 0
452 459 571 399 -8 0 0
444 459 574 396 0 8 0
444 467 577 393 -8 -8 0
436 459 580 390 0 -8 0
436 451 583 387 0 -8 0
436 443 586 384 -8 0 0
428 443 589 381 0 -8 0
428 435 592 378 0 -8 0
428 427 595 375 -8 -8 0
420 419 598 372 0 -8 0
420 411 601 369 -8 8 0
412 419 604 366 0 8 0
412 427 607 363 0 8 0
412 435 610 360 -8 8 0
404 443 613 357 0 -8 0
404 435 616 354 0 -8 0
404 427 619 351 -8 8 0
396 435 622 348 0 8 0
396 443 625 345 -8 -8 0
388 435 628 342 0 -8 0
388 427 631 339 0 -8 0
388 419 634 336 -8 -8 0
380 411 637 333 0 8 0
380 419 640 330 0 0 0
380 419 643 327 -8 -8 0
372 411 646 324 0 0 0
372 411 649 321 -8 0 0
364 411 652 318 0 8 0
364 419 655 315 0 0 0
364 419 658 312 -8 -8 0
356 411 661 309 0 0 0
356 411 664 306 0 8 0
356 419 667 303 -8 8 0
348 427 670 300 0 8 0
348 435 673 297 -8 0 0
340 435 676 294 0 0 0
340 435 679 291 0 -8 0
340 427 682 288 -8 -8 0
332 419 685 285 0 -8 0
332 411 688 282 0 -8 0
332 403 691 279 -8 8 0
324 411 694 276 0 8 0
324 419 697 273 -8 8 0
316 427 700 270 0 -8 0
316 419 703 267 0 -8 0
316 411 706 264 -8 0 0
308 411 709 261 0 8 0
308 419 712 258 0 -8 0
308 411 715 255 -8 0 0
300 411 718 252 0 -8 0
300 403 721 249 -8 0 0
292 403 724 246 0 0 0
292 403 727 243 0 8 0
292 411 730 240 -8 0 0
284 411 733 237 0 8 0
284 419 736 234 0 8 0
284 427 739 231 -8 8 0
276 435 742 228 0 8 0
276 443 745 225 -8 -8 0
268 435 748 222 0 -8 0
268 427 751 219 0 0 0
268 427 754 216 -8 8 0
260 435 757 213 0 -8 0
260 427 760 210 0 8 0
260 435 763 207 -8 8 0
252 443 766 204 0 -8 0
252 435 769 201 -8 8 0
244 443 772 198 0 0 0
244 443 775 195 0 0 0
244 443 778 192 -8 -8 0
236 435 781 189 0 0 1
236 435 781 189 0 0 1
236 435 781 189 0 0 1
236 435 781 189 0 0 1
236 435 781 189 0 0 1
