344 201 472 168 0 0 0
344 201 469 171 -8 8 0
336 209 466 174 -8 0 0
328 209 463 177 -8 0 0
320 209 460 180 -8 8 0
312 217 457 183 -8 8 0
304 225 454 186 -8 8 0
296 233 451 189 -8 0 0
288 233 448 192 -8 8 0
280 241 445 195 -8 -8 0
272 233 442 198 -8 8 0
264 241 439 201 -8 -8 0
256 233 436 204 -8 0 0
248 233 433 207 0 -8 0
248 225 430 210 0 -8 0
248 217 427 213 0 8 0
248 225 424 216 0 8 0
248 233 421 219 0 8 0
248 241 418 222 0 0 0
248 241 415 225 0 -8 0
248 233 412 228 0 -8 0
248 225 409 231 0 -8 0
248 217 406 234 0 8 0
248 225 403 237 0 0 0
248 225 400 240 0 0 0
248 225 397 243 0 8 0
248 233 394 246 0 8 0
248 241 391 249 0 0 0
248 241 388 252 0 -8 0
248 233 385 255 0 8 0
248 241 382 258 0 0 0
248 241 379 261 0 -8 0
248 233 376 264 0 8 0
248 241 373 267 0 8 0
248 249 370 270 0 0 0
248 249 367 273 0 0 0
248 249 364 276 0 -8 0
248 241 361 279 0 0 0
248 241 358 282 0 -8 0
248 233 355 285 0 0 0
248 233 352 288 0 8 0
248 241 349 291 0 8 0
248 249 346 294 0 -8 0
248 241 343 297 0 8 0
248 249 340 300 8 -8 0
256 241 337 303 0 8 0
256 249 334 306 0 8 0
256 257 331 309 8 8 0
264 265 328 312 0 0 0
264 265 325 315 8 8 0
272 273 322 318 0 0 0
272 273 319 321 0 8 0
272 281 316 324 8 0 0
280 281 313 327 0 -8 0
280 273 310 330 0 -8 0
280 265 307 333 8 0 0
288 265 304 336 0 -8 0
288 257 301 339 8 0 0
296 257 298 342 0 -8 0
296 249 295 345 0 0 0
296 249 292 348 8 0 0
304 249 289 351 0 -8 0
304 241 286 354 0 -8 0
304 233 283 357 8 -8 0
312 225 280 360 0 -8 0
312 217 277 363 8 0 0
320 217 274 366 0 -8 0
320 209 271 369 0 -8 0
320 201 268 372 8 -8 0
328 193 265 375 0 0 0
328 193 262 378 0 -8 0
328 185 259 381 8 -8 0
336 177 256 384 0 8 0
336 185 253 387 8 8 0
344 193 250 390 0 0 0
344 193 247 393 0 0 0
344 193 244 396 8 -8 0
352 185 241 399 0 0 0
352 185 238 402 0 -8 0
352 177 235 405 8 -8 0
360 169 232 408 0 0 0
360 169 229 411 8 8 0
368 177 226 414 0 0 0
368 177 223 417 0 8 0
368 185 220 420 8 0 0
376 185 217 423 0 8 0
376 193 214 426 0 0 0
376 193 211 429 8 8 0
384 201 208 432 0 8 0
384 209 205 435 8 8 0
392 217 202 438 0 -8 0
392 209 199 441 0 0 0
392 209 196 444 8 0 0
400 209 193 447 0 -8 0
400 201 190 450 0 8 0
400 209 187 453 8 -8 0
408 201 184 456 0 -8 0
408 193 181 459 8 -8 0
416 185 178 462 0 -8 0
416 177 175 465 0 0 0
416 177 172 468 8 0 0
424 177 169 471 0 0 0
424 177 166 474 0 8 0
424 185 163 477 8 -8 0
432 177 160 480 0 0 0
432 177 157 483 8 8 0
440 185 154 486 0 8 0
440 193 151 489 0 8 0
440 201 148 492 8 0 0
448 201 145 495 0 -8 0
448 193 142 498 0 -8 0
448 185 139 501 8 8 0
456 193 136 504 0 -8 0
456 185 133 507 8 8 0
464 193 130 510 0 0 0
464 193 127 513 0 8 0
464 201 124 516 8 8 0
472 209 121 519 0 -8 0
472 201 118 522 0 8 0
472 209 115 525 8 -8 0
480 201 112 528 0 8 0
480 209 109 531 8 -8 0
488 201 106 534 0 0 0
488 201 103 537 0 0 0
488 201 100 540 8 0 0
496 201 97 543 0 -8 0
496 193 94 546 0 0 0
496 193 91 549 8 8 0
504 201 88 552 0 8 0
504 209 85 555 8 8 0
512 217 82 558 0 -8 0
512 209 79 561 0 8 0
512 217 76 564 8 8 0
520 225 73 567 0 -8 0
520 217 70 570 0 8 0
520 225 67 573 8 8 0
528 233 64 576 0 0 0
528 233 61 579 8 0 0
536 233 58 582 0 8 0
536 241 55 585 0 0 0
536 241 52 588 8 8 0
540 249 49 591 8 -8 0
540 241 46 588 0 8 0
540 249 43 585 0 -8 0
540 241 40 582 0 0 0
540 241 37 579 0 0 0
540 241 34 576 0 8 0
540 249 31 573 0 -8 0
540 241 28 570 0 8 0
540 249 25 567 0 8 0
540 257 22 564 0 0 0
540 257 19 561 0 -8 0
540 249 22 558 0 8 0
540 257 25 555 0 0 0
540 257 28 552 0 8 0
540 265 31 549 0 0 0
540 265 34 546 0 8 0
540 273 37 543 0 0 0
540 273 40 540 0 8 0
540 281 43 537 0 8 0
540 289 46 534 0 -8 0
540 281 49 531 0 0 0
540 281 52 528 0 -8 0
540 273 55 525 0 8 0
540 281 58 522 0 0 0
540 281 61 519 0 0 0
540 281 64 516 0 -8 0
540 273 67 513 0 0 0
540 273 70 510 0 -8 0
540 265 73 507 0 0 0
540 265 76 504 0 -8 0
540 257 79 501 0 -8 0
540 249 82 498 0 0 0
540 249 85 495 0 0 0
540 249 88 492 0 0 0
540 249 91 489 -8 -8 0
532 241 94 486 0 0 0
532 241 97 483 0 -8 0
532 233 100 480 -8 -8 0
524 225 103 477 0 0 0
524 225 106 474 0 8 0
524 233 109 471 -8 0 0
516 233 112 468 0 -8 0
516 225 115 465 -8 8 0
508 233 118 462 0 0 0
508 233 121 459 0 -8 0
508 225 124 456 -8 -8 0
500 217 127 453 0 -8 0
500 209 130 450 0 8 0
500 217 133 447 -8 -8 0
492 209 136 444 0 -8 0
492 201 139 441 -8 -8 0
484 193 142 438 0 8 0
484 201 145 435 0 -8 0
484 193 148 432 -8 8 0
476 201 151 429 0 8 0
476 209 154 426 0 0 0
476 209 157 423 -8 0 0
468 209 160 420 0 8 0
468 217 163 417 -8 0 0
460 217 166 414 0 0 0
460 217 169 411 0 -8 0
460 209 172 408 -8 8 0
452 217 175 405 0 -8 0
452 209 178 402 0 -8 0
452 201 181 399 -8 8 0
444 209 184 396 0 8 0
444 217 187 393 -8 8 0
436 225 190 390 0 0 0
436 225 193 387 0 -8 0
436 217 196 384 -8 -8 0
428 209 199 381 0 -8 0
428 201 202 378 0 8 0
428 209 205 375 -8 0 0
420 209 208 372 0 8 0
420 217 211 369 -8 0 0
412 217 214 366 0 0 0
412 217 217 363 0 8 0
412 225 220 360 -8 8 0
404 233 223 357 0 0 0
404 233 226 354 0 8 0
404 241 229 351 -8 -8 0
396 233 232 348 0 0 0
396 233 235 345 -8 -8 0
388 225 238 342 0 -8 0
388 217 241 339 0 -8 0
388 209 244 336 -8 0 0
380 209 247 333 0 0 0
380 209 250 330 0 -8 0
380 201 253 327 -8 8 0
372 209 256 324 0 -8 0
372 201 259 321 -8 8 0
364 209 262 318 0 8 0
364 217 265 315 0 -8 0
364 209 268 312 -8 8 0
356 217 271 309 0 8 0
356 225 274 306 0 -8 0
356 217 277 303 -8 0 0
348 217 280 300 0 -8 0
348 209 283 297 -8 -8 0
340 201 286 294 0 0 0
340 201 289 291 0 -8 0
340 193 292 288 -8 0 0
332 193 295 285 0 0 0
332 193 298 282 0 0 0
332 193 301 279 -8 0 0
324 193 304 276 0 8 0
324 201 307 273 -8 -8 0
316 193 310 270 0 -8 0
316 185 313 267 0 0 0
316 185 316 264 -8 8 0
308 193 319 261 0 8 0
308 201 322 258 0 8 0
308 209 325 255 -8 -8 0
300 201 328 252 0 8 0
300 209 331 249 -8 8 0
292 217 334 246 0 8 0
292 225 337 243 0 -8 0
292 217 340 240 -8 8 0
284 225 343 237 0 0 0
284 225 346 234 0 8 0
284 233 349 231 -8 -8 0
276 225 352 228 0 0 0
276 225 355 225 -8 0 0
268 225 358 222 0 0 0
268 225 361 219 0 8 0
268 233 364 216 -8 8 0
260 241 367 213 0 -8 0
260 233 370 210 0 0 0
260 233 373 207 -8 0 0
252 233 376 204 0 0 0
252 233 379 201 -8 0 0
244 233 382 198 0 -8 0
244 225 385 195 0 0 0
244 225 388 192 -8 -8 0
236 217 391 189 0 8 0
236 225 394 186 0 0 0
236 225 397 183 -8 8 0
228 233 400 180 0 -8 0
228 225 403 177 -8 0 0
220 225 406 174 0 0 0
220 225 409 171 0 8 0
220 233 412 168 -8 0 0
212 233 415 165 0 -8 0
212 225 418 162 0 -8 0
212 217 421 159 -8 0 0
204 217 424 156 0 8 0
204 225 427 153 -8 0 0
196 225 430 150 0 8 0
196 233 433 147 0 8 0
196 241 436 144 -8 8 0
188 249 439 141 0 -8 0
188 241 442 138 0 0 0
188 241 445 135 -8 8 0
180 249 448 132 0 0 0
180 249 451 129 -8 -8 0
172 241 454 126 0 -8 0
172 233 457 123 0 0 0
172 233 460 120 -8 -8 0
164 225 463 117 0 0 0
164 225 466 114 0 0 0
164 225 469 111 -8 8 0
156 233 472 108 0 -8 0
156 225 475 105 -8 8 0
148 233 478 102 0 -8 0
148 225 481 99 0 -8 0
148 217 484 96 -8 0 0
140 217 487 93 0 8 0
140 225 490 90 0 8 0
140 233 493 87 -8 0 0
132 233 496 84 0 8 0
132 241 499 81 -8 -8 0
124 233 502 78 0 -8 0
124 225 505 75 0 0 0
124 225 508 72 -8 8 0
116 233 511 69 0 8 0
116 241 514 66 0 -8 0
116 233 517 63 -8 8 0
108 241 520 60 0 -8 0
108 233 523 57 -8 8 0
100 241 526 54 0 0 0
100 241 529 51 0 8 0
100 249 532 48 -8 8 0
92 257 535 45 0 8 0
92 265 538 42 0 8 0
92 273 541 39 -8 0 0
84 273 544 36 0 0 0
84 273 547 33 -8 0 0
76 273 550 30 0 0 0
76 273 553 27 0 0 0
76 273 556 24 -8 0 0
68 273 559 21 0 0 0
68 273 562 18 0 0 0
68 273 565 15 -8 -8 0
60 265 568 12 0 8 0
60 273 571 9 -8 8 0
60 281 574 12 0 0 0
60 281 577 15 0 8 0
60 289 580 18 0 8 0
60 297 583 21 0 0 0
60 297 586 24 0 0 0
60 297 589 27 0 8 0
60 305 592 30 0 0 0
60 305 595 33 0 0 0
60 305 598 36 0 -8 0
60 297 601 39 0 0 0
60 297 604 42 0 0 0
60 297 607 45 0 0 0
60 297 610 48 0 0 0
60 297 613 51 0 -8 0
60 289 616 54 0 0 0
60 289 619 57 0 8 0
60 297 622 60 0 8 0
60 305 625 63 0 0 0
60 305 628 66 0 0 0
60 305 631 69 0 8 0
60 313 634 72 0 8 0
60 321 637 75 0 8 0
60 329 640 78 0 -8 0
60 321 643 81 0 8 0
60 329 646 84 0 0 0
60 329 649 87 0 -8 0
60 321 652 90 0 8 0
60 329 655 93 0 -8 0
60 321 658 96 0 0 0
60 321 661 99 0 0 0
60 321 664 102 0 0 0
60 321 667 105 0 -8 0
60 313 670 108 0 0 0
60 313 673 111 8 0 0
68 313 676 114 0 0 0
68 313 679 117 0 8 0
68 321 682 120 8 8 0
76 329 685 123 0 0 0
76 329 688 126 0 0 0
76 329 691 129 8 0 0
84 329 694 132 0 -8 0
84 321 697 135 8 0 0
92 321 700 138 0 8 0
92 329 703 141 0 8 0
92 337 706 144 8 -8 0
100 329 709 147 0 -8 0
100 321 712 150 0 8 0
100 329 715 153 8 -8 0
108 321 718 156 0 0 0
108 321 721 159 8 8 0
116 329 724 162 0 0 0
116 329 727 165 0 -8 0
116 321 730 168 8 0 0
124 321 733 171 0 0 0
124 321 736 174 0 -8 0
124 313 739 177 8 8 0
132 321 742 180 0 -8 0
132 313 745 183 8 -8 0
140 305 748 186 0 0 0
140 305 751 189 0 -8 0
140 297 754 192 8 -8 0
148 289 757 195 0 8 0
148 297 760 198 0 0 0
148 297 763 201 8 8 0
156 305 766 204 0 -8 0
156 297 769 207 8 8 0
164 305 772 210 0 -8 0
164 297 775 213 0 8 0
164 305 778 216 8 -8 0
172 297 781 219 0 0 1
172 297 781 219 0 0 1
172 297 781 219 0 0 1
172 297 781 219 0 0 1
172 297 781 219 0 0 1
