457 246 145 444 0 0 0
457 246 142 441 0 0 0
457 246 139 438 0 -8 0
457 238 136 435 0 -8 0
457 230 133 432 0 0 0
457 230 130 429 0 8 0
457 238 127 426 0 0 0
457 238 124 423 0 0 0
457 238 121 420 0 0 0
457 238 118 417 0 -8 0
457 230 115 414 0 0 0
457 230 112 411 0 8 0
457 238 109 408 0 8 0
457 246 106 405 -8 8 0
449 254 103 402 0 0 0
449 254 100 399 0 -8 0
449 246 97 396 -8 8 0
441 254 94 393 0 8 0
441 262 91 390 -8 8 0
433 270 88 387 0 8 0
433 278 85 384 0 8 0
433 286 82 381 -8 0 0
425 286 79 378 0 8 0
425 294 76 375 0 0 0
425 294 73 372 -8 0 0
417 294 70 369 0 -8 0
417 286 67 366 -8 8 0
409 294 64 363 0 0 0
409 294 61 360 0 8 0
409 302 58 357 -8 8 0
401 310 55 354 0 0 0
401 310 52 351 0 0 0
401 310 49 348 -8 0 0
393 310 46 345 0 -8 0
393 302 43 342 -8 8 0
385 310 40 339 0 8 0
385 318 37 336 0 -8 0
385 310 34 333 -8 0 0
377 310 31 330 0 8 0
377 318 28 327 0 -8 0
377 310 25 324 -8 8 0
369 318 22 321 0 8 0
369 326 19 318 0 0 1
369 326 19 318 0 0 1
369 326 19 318 0 0 1
369 326 19 318 0 0 1
369 326 19 318 0 0 1
