423 448 505 156 0 0 0
423 448 502 159 -8 0 0
415 448 499 162 -8 -8 0
407 440 496 165 -8 8 0
399 448 493 168 -8 0 0
391 448 490 171 -8 0 0
383 448 487 174 -8 0 0
375 448 484 177 -8 -8 0
367 440 481 180 -8 0 0
359 440 478 183 -8 -8 0
351 432 475 186 -8 8 0
343 440 472 189 -8 -8 0
335 432 469 192 -8 0 0
327 432 466 195 -8 -8 0
319 424 463 198 -8 8 0
311 432 460 201 -8 0 0
303 432 457 204 -8 -8 0
295 424 454 207 -8 8 0
287 432 451 210 -8 0 0
279 432 448 213 -8 -8 0
271 424 445 216 -8 -8 0
263 416 442 219 0 8 0
263 424 439 222 0 -8 0
263 416 436 225 0 -8 0
263 408 433 228 0 0 0
263 408 430 231 0 0 0
263 408 427 234 0 -8 0
263 400 424 237 0 8 0
263 408 421 240 0 -8 0
263 400 418 243 0 8 0
263 408 415 246 0 8 0
263 416 412 249 0 0 0
263 416 409 252 0 8 0
263 424 406 255 0 -8 0
263 416 403 258 0 0 0
263 416 400 261 0 0 0
263 416 397 264 0 0 0
263 416 394 267 0 -8 0
263 408 391 270 0 8 0
263 416 388 273 0 8 0
263 424 385 276 0 -8 0
263 416 382 279 0 8 0
263 424 379 282 0 8 0
263 432 376 285 0 0 0
263 432 373 288 0 8 0
263 440 370 291 0 8 0
263 448 367 294 0 8 0
263 456 364 297 0 0 0
263 456 361 300 0 8 0
263 464 358 303 0 8 0
263 472 355 306 0 8 0
263 480 352 309 0 0 0
263 480 349 312 0 -8 0
263 472 346 315 8 8 0
271 480 343 318 0 0 0
271 480 340 321 0 -8 0
271 472 337 324 8 -8 0
279 464 334 327 0 -8 0
279 456 331 330 8 -8 0
287 448 328 333 0 8 0
287 456 325 336 0 0 0
287 456 322 339 8 8 0
295 464 319 342 0 0 0
295 464 316 345 0 0 0
295 464 313 348 8 0 0
303 464 310 351 0 0 0
303 464 307 354 8 8 0
311 472 304 357 0 0 0
311 472 301 360 0 0 0
311 472 298 363 8 0 0
319 472 295 366 0 8 0
319 480 292 369 0 0 0
319 480 289 372 8 0 0
327 480 286 375 0 0 0
327 480 283 378 8 8 0
335 488 280 381 0 -8 0
335 480 277 384 0 0 0
335 480 274 387 8 0 0
343 480 271 390 0 -8 0
343 472 268 393 0 0 0
343 472 265 396 8 0 0
351 472 262 399 0 8 0
351 480 259 402 8 -8 0
359 472 256 405 0 8 0
359 480 253 408 0 0 0
359 480 250 411 8 8 0
367 488 247 414 0 -8 0
367 480 244 417 0 8 0
367 488 241 420 8 0 0
375 488 238 423 0 -8 0
375 480 235 426 8 -8 0
383 472 232 429 0 8 0
383 480 229 432 0 -8 0
383 472 226 435 8 0 0
391 472 223 438 0 8 0
391 480 220 441 0 -8 0
391 472 217 444 8 -8 0
399 464 214 447 0 -8 0
399 456 211 450 8 0 0
407 456 208 453 0 -8 0
407 448 205 456 0 0 0
407 448 202 459 8 0 0
415 448 199 462 0 -8 0
415 440 196 465 0 8 0
415 448 193 468 8 8 0
423 456 190 471 0 0 0
423 456 187 474 8 0 0
431 456 184 477 0 -8 0
431 448 181 480 0 0 0
431 448 178 483 8 8 0
439 456 175 486 0 0 0
439 456 172 489 0 -8 0
439 448 169 492 8 0 0
447 448 166 495 0 0 0
447 448 163 498 8 -8 0
455 440 160 501 0 0 0
455 440 157 504 0 -8 0
455 432 154 507 8 0 0
463 432 151 510 0 8 0
463 440 148 513 0 0 0
463 440 145 516 8 0 0
471 440 142 519 0 0 0
471 440 139 522 8 8 0
479 448 136 525 0 8 0
479 456 133 528 0 0 0
479 456 130 531 8 -8 0
487 448 127 534 0 0 0
487 448 124 537 0 0 0
487 448 121 540 8 8 0
495 456 118 543 0 8 0
495 464 115 546 8 -8 0
503 456 112 549 0 -8 0
503 448 109 552 0 -8 0
503 440 106 555 8 -8 0
511 432 103 558 0 -8 0
511 424 100 561 0 8 0
511 432 97 564 8 0 0
519 432 94 567 0 0 0
519 432 91 570 8 0 0
527 432 88 573 0 8 0
527 440 85 576 0 8 0
527 448 82 579 8 0 0
535 448 79 582 0 -8 0
535 440 76 585 0 8 0
535 448 73 588 8 -8 0
540 440 70 591 8 8 0
540 448 67 588 0 0 0
540 448 64 585 0 0 0
540 448 61 582 0 8 0
540 456 58 579 0 -8 0
540 448 55 576 0 8 0
540 456 52 573 0 0 0
540 456 49 570 0 0 0
540 456 46 567 0 -8 0
540 448 43 564 0 -8 0
540 440 40 561 0 0 0
540 440 37 558 0 -8 0
540 432 34 555 0 0 0
540 432 31 552 0 -8 0
540 424 28 549 0 -8 0
540 416 25 546 0 0 0
540 416 22 543 0 0 0
540 416 19 540 0 8 0
540 424 22 537 0 -8 0
540 416 25 534 0 -8 0
540 408 28 531 0 -8 0
540 400 31 528 0 8 0
540 408 34 525 0 0 0
540 408 37 522 0 0 0
540 408 40 519 0 0 0
540 408 43 516 0 8 0
540 416 46 513 0 0 0
540 416 49 510 0 8 0
540 424 52 507 0 -8 0
540 416 55 504 0 0 0
540 416 58 501 0 -8 0
540 408 61 498 0 8 0
540 416 64 495 0 0 0
540 416 67 492 0 8 0
540 424 70 489 -8 -8 0
532 416 73 486 0 -8 0
532 408 76 483 0 0 0
532 408 79 480 -8 8 0
524 416 82 477 0 0 0
524 416 85 474 0 -8 0
524 408 88 471 -8 -8 0
516 400 91 468 0 -8 0
516 392 94 465 -8 0 0
508 392 97 462 0 8 0
508 400 100 459 0 0 0
508 400 103 456 -8 -8 0
500 392 106 453 0 0 0
500 392 109 450 0 8 0
500 400 112 447 -8 8 0
492 408 115 444 0 -8 0
492 400 118 441 -8 -8 0
484 392 121 438 0 -8 0
484 384 124 435 0 8 0
484 392 127 432 -8 -8 0
476 384 130 429 0 -8 0
476 376 133 426 0 0 0
476 376 136 423 -8 -8 0
468 368 139 420 0 0 0
468 368 142 417 -8 -8 0
460 360 145 414 0 0 0
460 360 148 411 0 -8 0
460 352 151 408 -8 0 0
452 352 154 405 0 0 0
452 352 157 402 0 0 0
452 352 160 399 -8 -8 0
444 344 163 396 0 -8 0
444 336 166 393 -8 -8 0
436 328 169 390 0 0 0
436 328 172 387 0 -8 0
436 320 175 384 -8 0 0
428 320 178 381 0 -8 0
428 312 181 378 0 8 0
428 320 184 375 -8 8 0
420 328 187 372 0 -8 0
420 320 190 369 -8 0 0
412 320 193 366 0 0 0
412 320 196 363 0 0 0
412 320 199 360 -8 -8 0
404 312 202 357 0 8 0
404 320 205 354 0 0 0
404 320 208 351 -8 -8 0
396 312 211 348 0 -8 0
396 304 214 345 -8 -8 0
388 296 217 342 0 8 0
388 304 220 339 0 -8 0
388 296 223 336 -8 -8 0
380 288 226 333 0 -8 0
380 280 229 330 0 -8 0
380 272 232 327 -8 -8 0
372 264 235 324 0 0 0
372 264 238 321 -8 -8 0
364 256 241 318 0 -8 0
364 248 244 315 0 0 0
364 248 247 312 -8 0 0
356 248 250 309 0 8 0
356 256 253 306 0 0 0
356 256 256 303 -8 -8 0
348 248 259 300 0 -8 0
348 240 262 297 -8 0 0
340 240 265 294 0 0 0
340 240 268 291 0 8 0
340 248 271 288 -8 0 0
332 248 274 285 0 -8 0
332 240 277 282 0 8 0
332 248 280 279 -8 0 0
324 248 283 276 0 0 0
324 248 286 273 -8 -8 0
316 240 289 270 0 -8 0
316 232 292 267 0 8 0
316 240 295 264 -8 8 0
308 248 298 261 0 0 0
308 248 301 258 0 8 0
308 256 304 255 -8 -8 0
300 248 307 252 0 0 0
300 248 310 249 -8 8 0
292 256 313 246 0 0 0
292 256 316 243 0 -8 0
292 248 319 240 -8 8 0
284 256 322 237 0 -8 0
284 248 325 234 0 0 0
284 248 328 231 -8 8 0
276 256 331 228 0 8 0
276 264 334 225 -8 0 0
268 264 337 222 0 0 0
268 264 340 219 0 -8 0
268 256 343 216 -8 8 0
260 264 346 213 0 -8 0
260 256 349 210 0 0 0
260 256 352 207 -8 0 0
252 256 355 204 0 8 0
252 264 358 201 -8 0 0
244 264 361 198 0 0 0
244 264 364 195 0 8 0
244 272 367 192 -8 8 0
236 280 370 189 0 8 0
236 288 373 186 0 0 0
236 288 376 183 -8 0 0
228 288 379 180 0 8 0
228 296 382 177 -8 8 0
220 304 385 174 0 8 0
220 312 388 171 0 8 0
220 320 391 168 -8 8 0
212 328 394 165 0 0 0
212 328 397 162 0 8 0
212 336 400 159 -8 8 0
204 344 403 156 0 8 0
204 352 406 153 -8 0 0
196 352 409 150 0 8 0
196 360 412 147 0 8 0
196 368 415 144 -8 -8 0
188 360 418 141 0 0 0
188 360 421 138 0 0 0
188 360 424 135 -8 8 0
180 368 427 132 0 -8 0
180 360 430 129 -8 8 0
172 368 433 126 0 0 0
172 368 436 123 0 0 0
172 368 439 120 -8 0 0
164 368 442 117 0 -8 0
164 360 445 114 0 0 0
164 360 448 111 -8 -8 0
156 352 451 108 0 0 0
156 352 454 105 -8 8 0
148 360 457 102 0 0 0
148 360 460 99 0 -8 0
148 352 463 96 -8 -8 0
140 344 466 93 0 -8 0
140 336 469 90 0 8 0
140 344 472 87 -8 8 0
132 352 475 84 0 0 0
132 352 478 81 -8 0 0
124 352 481 78 0 -8 0
124 344 484 75 0 0 0
124 344 487 72 -8 0 0
116 344 490 69 0 0 0
116 344 493 66 0 0 0
116 344 496 63 -8 0 0
108 344 499 60 0 0 0
108 344 502 57 -8 -8 0
100 336 505 54 0 -8 0
100 328 508 51 0 -8 0
100 320 511 48 -8 -8 0
92 312 514 45 0 -8 0
92 304 517 42 0 -8 0
92 296 520 39 -8 8 0
84 304 523 36 0 -8 0
84 296 526 33 -8 0 0
76 296 529 30 0 8 0
76 304 532 27 0 0 0
76 304 535 24 -8 0 0
68 304 538 21 0 0 0
68 304 541 18 0 0 0
68 304 544 15 -8 0 0
60 304 547 12 0 8 0
60 312 550 9 -8 8 0
60 320 553 12 0 8 0
60 328 556 15 0 0 0
60 328 559 18 0 0 0
60 328 562 21 0 8 0
60 336 565 24 0 8 0
60 344 568 27 0 0 0
60 344 571 30 0 8 0
60 352 574 33 0 0 0
60 352 577 36 0 -8 0
60 344 580 39 0 0 0
60 344 583 42 0 8 0
60 352 586 45 0 -8 0
60 344 589 48 0 8 0
60 352 592 51 0 8 0
60 360 595 54 0 0 0
60 360 598 57 0 0 0
60 360 601 60 0 0 0
60 360 604 63 0 -8 0
60 352 607 66 0 8 0
60 360 610 69 0 -8 0
60 352 613 72 0 -8 0
60 344 616 75 0 -8 0
60 336 619 78 0 0 0
60 336 622 81 0 -8 0
60 328 625 84 0 -8 0
60 320 628 87 0 8 0
60 328 631 90 0 -8 0
60 320 634 93 0 8 0
60 328 637 96 0 0 0
60 328 640 99 0 0 0
60 328 643 102 0 0 0
60 328 646 105 0 8 0
60 336 649 108 0 0 0
60 336 652 111 8 8 0
68 344 655 114 0 0 0
68 344 658 117 0 -8 0
68 336 661 120 8 8 0
76 344 664 123 0 0 0
76 344 667 126 0 0 0
76 344 670 129 8 -8 0
84 336 673 132 0 0 0
84 336 676 135 8 8 0
92 344 679 138 0 8 0
92 352 682 141 0 8 0
92 360 685 144 8 8 0
100 368 688 147 0 0 0
100 368 691 150 0 -8 0
100 360 694 153 8 8 0
108 368 697 156 0 0 0
108 368 700 159 8 0 0
116 368 703 162 0 -8 0
116 360 706 165 0 0 0
116 360 709 168 8 0 0
124 360 712 171 0 8 0
124 368 715 174 0 0 0
124 368 718 177 8 0 0
132 368 721 180 0 8 0
132 376 724 183 8 0 0
140 376 727 186 0 -8 0
140 368 730 189 0 0 0
140 368 733 192 8 0 0
148 368 736 195 0 0 0
148 368 739 198 0 -8 0
148 360 742 201 8 8 0
156 368 745 204 0 8 0
156 376 748 207 8 -8 0
164 368 751 210 0 0 0
164 368 754 213 0 0 0
164 368 757 216 8 -8 0
172 360 760 219 0 0 0
172 360 763 222 0 0 0
172 360 766 225 8 8 0
180 368 769 228 0 0 0
180 368 772 231 8 0 0
188 368 775 234 0 8 0
188 376 778 237 0 -8 0
188 368 781 240 0 0 1
188 368 781 240 0 0 1
188 368 781 240 0 0 1
188 368 781 240 0 0 1
188 368 781 240 0 0 1
