360 277 439 180 0 0 0
360 277 442 183 -8 0 0
352 277 445 186 -8 8 0
344 285 448 189 -8 0 0
336 285 451 192 -8 -8 0
328 277 454 195 -8 -8 0
320 269 457 198 -8 0 0
312 269 460 201 -8 -8 0
304 261 463 204 -8 8 0
296 269 466 207 -8 8 0
288 277 469 210 -8 -8 0
280 269 472 213 -8 -8 0
272 261 475 216 -8 0 0
264 261 478 219 0 0 0
264 261 481 222 0 -8 0
264 253 484 225 0 8 0
264 261 487 228 0 8 0
264 269 490 231 0 8 0
264 277 493 234 0 8 0
264 285 496 237 0 0 0
264 285 499 240 0 0 0
264 285 502 243 0 -8 0
264 277 505 246 0 8 0
264 285 508 249 0 8 0
264 293 511 252 0 8 0
264 301 514 255 0 8 0
264 309 517 258 0 0 0
264 309 520 261 0 0 0
264 309 523 264 0 -8 0
264 301 526 267 0 -8 0
264 293 529 270 0 8 0
264 301 532 273 0 -8 0
264 293 535 276 0 8 0
264 301 538 279 0 -8 0
264 293 541 282 0 8 0
264 301 544 285 0 8 0
264 309 547 288 0 8 0
264 317 550 291 0 8 0
264 325 553 294 0 8 0
264 333 556 297 0 8 0
264 341 559 300 0 -8 0
264 333 562 303 0 -8 0
264 325 565 306 0 8 0
264 333 568 309 0 -8 0
264 325 571 312 0 8 0
264 333 574 315 8 -8 0
272 325 577 318 0 8 0
272 333 580 321 0 -8 0
272 325 583 324 8 8 0
280 333 586 327 0 0 0
280 333 589 330 0 8 0
280 341 592 333 8 8 0
288 349 595 336 0 -8 0
288 341 598 339 8 8 0
296 349 601 342 0 8 0
296 357 604 345 0 -8 0
296 349 607 348 8 8 0
304 357 610 351 0 -8 0
304 349 613 354 0 0 0
304 349 616 357 8 -8 0
312 341 619 360 0 0 0
312 341 622 363 8 -8 0
320 333 625 366 0 8 0
320 341 628 369 0 -8 0
320 333 631 372 8 -8 0
328 325 634 375 0 -8 0
328 317 637 378 0 0 0
328 317 640 381 8 0 0
336 317 643 384 0 8 0
336 325 646 387 8 -8 0
344 317 649 390 0 -8 0
344 309 652 393 0 0 0
344 309 655 396 8 8 0
352 317 658 399 0 8 0
352 325 661 402 0 -8 0
352 317 664 405 8 8 0
360 325 667 408 0 -8 0
360 317 670 411 8 0 0
368 317 673 414 0 0 0
368 317 676 417 0 0 0
368 317 679 420 8 0 0
376 317 682 423 0 -8 0
376 309 685 426 0 -8 0
376 301 688 429 8 0 0
384 301 691 432 0 8 0
384 309 694 435 8 0 0
392 309 697 438 0 -8 0
392 301 700 441 0 8 0
392 309 703 444 8 8 0
400 317 706 447 0 -8 0
400 309 709 450 0 0 0
400 309 712 453 8 -8 0
408 301 715 456 0 0 0
408 301 718 459 8 0 0
416 301 721 462 0 -8 0
416 293 724 465 0 0 0
416 293 727 468 8 0 0
424 293 730 471 0 0 0
424 293 733 474 0 8 0
424 301 736 477 8 -8 0
432 293 739 480 0 8 0
432 301 742 483 8 -8 0
440 293 745 486 0 0 0
440 293 748 489 0 -8 0
440 285 751 492 8 8 0
448 293 754 495 0 -8 0
448 285 757 498 0 0 0
448 285 760 501 8 -8 0
456 277 763 504 0 -8 0
456 269 766 507 8 0 0
464 269 769 510 0 -8 0
464 261 772 513 0 0 0
464 261 775 516 8 0 0
472 261 778 519 0 8 0
472 269 781 522 0 0 1
472 269 781 522 0 0 1
472 269 781 522 0 0 1
472 269 781 522 0 0 1
472 269 781 522 0 0 1
