148 348 433 174 0 0 0
148 348 430 177 0 -8 0
148 340 427 180 0 -8 0
148 332 424 183 0 8 0
148 340 421 186 0 0 0
148 340 418 189 0 -8 0
148 332 415 192 0 0 0
148 332 412 195 0 8 0
148 340 409 198 0 -8 0
148 332 406 201 8 -8 0
156 324 403 204 0 -8 0
156 316 400 207 8 -8 0
164 308 397 210 0 8 0
164 316 394 213 0 -8 0
164 308 391 216 8 0 0
172 308 388 219 0 0 0
172 308 385 222 0 8 0
172 316 382 225 8 -8 0
180 308 379 228 0 -8 0
180 300 376 231 8 8 0
188 308 373 234 0 8 0
188 316 370 237 0 8 0
188 324 367 240 8 -8 0
196 316 364 243 0 8 0
196 324 361 246 0 8 0
196 332 358 249 8 0 0
204 332 355 252 0 8 0
204 340 352 255 8 8 0
212 348 349 258 0 0 0
212 348 346 261 0 -8 0
212 340 343 264 8 -8 0
220 332 340 267 0 8 0
220 340 337 270 0 -8 0
220 332 334 273 8 0 0
228 332 331 276 0 0 0
228 332 328 279 8 8 0
236 340 325 282 0 -8 0
236 332 322 285 0 -8 0
236 324 319 288 8 8 0
244 332 316 291 0 -8 0
244 324 313 294 0 8 0
244 332 310 297 8 0 0
252 332 307 300 0 8 0
252 340 304 303 8 0 0
260 340 301 306 0 8 0
260 348 298 309 0 0 0
260 348 295 312 8 0 0
268 348 292 315 0 8 0
268 356 289 318 0 -8 0
268 348 286 321 8 -8 0
276 340 283 324 0 0 0
276 340 280 327 8 -8 0
284 332 277 330 0 -8 0
284 324 274 333 0 -8 0
284 316 271 336 8 8 0
292 324 268 339 0 -8 0
292 316 265 342 0 -8 0
292 308 262 345 8 -8 0
300 300 259 348 0 8 0
300 308 256 351 8 0 0
308 308 253 354 0 0 0
308 308 250 357 0 8 0
308 316 247 360 8 -8 0
316 308 244 363 0 0 0
316 308 241 366 0 -8 0
316 300 238 369 8 -8 0
324 292 235 372 0 8 0
324 300 232 375 8 8 0
332 308 229 378 0 8 0
332 316 226 381 0 0 0
332 316 223 384 8 -8 0
340 308 220 387 0 8 0
340 316 217 390 0 -8 0
340 308 214 393 8 -8 0
348 300 211 396 0 8 0
348 308 208 399 8 8 0
356 316 205 402 0 -8 0
356 308 202 405 0 8 0
356 316 199 408 8 8 0
364 324 196 411 0 -8 0
364 316 193 414 0 8 0
364 324 190 417 8 0 0
372 324 187 420 0 8 0
372 332 184 423 8 8 0
380 340 181 426 0 -8 0
380 332 178 429 0 0 0
380 332 175 432 8 8 0
388 340 172 435 0 8 0
388 348 169 438 0 -8 0
388 340 166 441 8 0 0
396 340 163 444 0 8 0
396 348 160 447 8 8 0
404 356 157 450 0 0 0
404 356 154 453 0 0 0
404 356 151 456 8 -8 0
412 348 148 459 0 -8 0
412 340 145 462 0 0 0
412 340 142 465 8 8 0
420 348 139 468 0 8 0
420 356 136 471 8 8 0
428 364 133 474 0 8 0
428 372 130 477 0 0 0
428 372 127 480 8 -8 0
436 364 124 483 0 0 0
436 364 121 486 0 -8 0
436 356 118 489 8 8 0
444 364 115 492 0 -8 0
444 356 112 495 8 0 0
452 356 109 498 0 0 0
452 356 106 501 0 8 0
452 364 103 504 8 -8 0
460 356 100 507 0 8 0
460 364 97 510 0 -8 0
460 356 94 513 8 0 0
468 356 91 516 0 0 0
468 356 88 519 8 8 0
476 364 85 522 0 0 0
476 364 82 525 0 0 0
476 364 79 528 8 -8 0
484 356 76 531 0 0 0
484 356 73 534 0 -8 0
484 348 70 537 8 -8 0
492 340 67 540 0 8 0
492 348 64 543 8 0 0
500 348 61 546 0 -8 0
500 340 58 549 0 8 0
500 348 55 552 8 8 0
508 356 52 555 0 -8 0
508 348 49 558 0 8 0
508 356 46 561 8 8 0
516 364 43 564 0 0 0
516 364 40 567 8 -8 0
524 356 37 570 0 0 0
524 356 34 573 0 0 0
524 356 31 576 8 8 0
532 364 28 579 0 -8 0
532 356 25 582 0 -8 0
532 348 22 585 8 -8 0
540 340 19 588 0 0 0
540 340 22 591 8 0 0
540 340 25 588 0 0 0
540 340 28 585 0 8 0
540 348 31 582 0 8 0
540 356 34 579 0 8 0
540 364 37 576 0 0 0
540 364 40 573 0 8 0
540 372 43 570 0 8 0
540 380 46 567 0 -8 0
540 372 49 564 0 0 0
540 372 52 561 0 0 0
540 372 55 558 0 8 0
540 380 58 555 0 -8 0
540 372 61 552 0 0 0
540 372 64 549 0 -8 0
540 364 67 546 0 0 0
540 364 70 543 0 0 0
540 364 73 540 0 8 0
540 372 76 537 0 0 0
540 372 79 534 0 -8 0
540 364 82 531 0 0 0
540 364 85 528 0 0 0
540 364 88 525 0 -8 0
540 356 91 522 0 8 0
540 364 94 519 0 8 0
540 372 97 516 0 0 0
540 372 100 513 0 -8 0
540 364 103 510 0 -8 0
540 356 106 507 0 0 0
540 356 109 504 0 0 0
540 356 112 501 0 8 0
540 364 115 498 0 8 0
540 372 118 495 0 -8 0
540 364 121 492 0 8 0
540 372 124 489 -8 -8 0
532 364 127 486 0 -8 0
532 356 130 483 0 -8 0
532 348 133 480 -8 -8 0
524 340 136 477 0 8 0
524 348 139 474 0 8 0
524 356 142 471 -8 0 0
516 356 145 468 0 8 0
516 364 148 465 -8 8 0
508 372 151 462 0 0 0
508 372 154 459 0 -8 0
508 364 157 456 -8 -8 0
500 356 160 453 0 8 0
500 364 163 450 0 -8 0
500 356 166 447 -8 -8 0
492 348 169 444 0 -8 0
492 340 172 441 -8 8 0
484 348 175 438 0 0 0
484 348 178 435 0 -8 0
484 340 181 432 -8 -8 0
476 332 184 429 0 8 0
476 340 187 426 0 8 0
476 348 190 423 -8 0 0
468 348 193 420 0 0 0
468 348 196 417 -8 -8 0
460 340 199 414 0 8 0
460 348 202 411 0 0 0
460 348 205 408 -8 0 0
452 348 208 405 0 -8 0
452 340 211 402 0 8 0
452 348 214 399 -8 0 0
444 348 217 396 0 8 0
444 356 220 393 -8 0 0
436 356 223 390 0 8 0
436 364 226 387 0 -8 0
436 356 229 384 -8 8 0
428 364 232 381 0 8 0
428 372 235 378 0 8 0
428 380 238 375 -8 -8 0
420 372 241 372 0 -8 0
420 364 244 369 -8 8 0
412 372 247 366 0 8 0
412 380 250 363 0 0 0
412 380 253 360 -8 -8 0
404 372 256 357 0 -8 0
404 364 259 354 0 8 0
404 372 262 351 -8 -8 0
396 364 265 348 0 0 0
396 364 268 345 -8 8 0
388 372 271 342 0 0 0
388 372 274 339 0 0 0
388 372 277 336 -8 -8 0
380 364 280 333 0 0 0
380 364 283 330 0 0 0
380 364 286 327 -8 0 0
372 364 289 324 0 -8 0
372 356 292 321 -8 8 0
364 364 295 318 0 8 0
364 372 298 315 0 0 0
364 372 301 312 -8 -8 0
356 364 304 309 0 -8 0
356 356 307 306 0 0 0
356 356 310 303 -8 -8 0
348 348 313 300 0 -8 0
348 340 316 297 -8 -8 0
340 332 319 294 0 8 0
340 340 322 291 0 0 0
340 340 325 288 -8 -8 0
332 332 328 285 0 0 0
332 332 331 282 0 -8 0
332 324 334 279 -8 8 0
324 332 337 276 0 0 0
324 332 340 273 -8 8 0
316 340 343 270 0 -8 0
316 332 346 267 0 0 0
316 332 349 264 -8 0 0
308 332 352 261 0 -8 0
308 324 355 258 0 8 0
308 332 358 255 -8 0 0
300 332 361 252 0 -8 0
300 324 364 249 -8 0 0
292 324 367 246 0 -8 0
292 316 370 243 0 8 0
292 324 373 240 -8 8 0
284 332 376 237 0 8 0
284 340 379 234 0 -8 0
284 332 382 231 -8 -8 0
276 324 385 228 0 0 0
276 324 388 225 -8 -8 0
268 316 391 222 0 -8 0
268 308 394 219 0 0 0
268 308 397 216 -8 8 0
260 316 400 213 0 -8 0
260 308 403 210 0 0 0
260 308 406 207 -8 -8 0
252 300 409 204 0 -8 0
252 292 412 201 -8 -8 0
244 284 415 198 0 -8 0
244 276 418 195 0 8 0
244 284 421 192 -8 -8 0
236 276 424 189 0 0 0
236 276 427 186 0 0 0
236 276 430 183 -8 -8 0
228 268 433 180 0 8 0
228 276 436 177 -8 8 0
220 284 439 174 0 -8 0
220 276 442 171 0 -8 0
220 268 445 168 -8 -8 0
212 260 448 165 0 8 0
212 268 451 162 0 8 0
212 276 454 159 -8 -8 0
204 268 457 156 0 -8 0
204 260 460 153 -8 8 0
196 268 463 150 0 0 0
196 268 466 147 0 8 0
196 276 469 144 -8 -8 0
188 268 472 141 0 8 0
188 276 475 138 0 0 0
188 276 478 135 -8 -8 0
180 268 481 132 0 -8 0
180 260 484 129 -8 -8 0
172 252 487 126 0 -8 0
172 244 490 123 0 -8 0
172 236 493 120 -8 0 0
164 236 496 117 0 8 0
164 244 499 114 0 8 0
164 252 502 111 -8 8 0
156 260 505 108 0 0 0
156 260 508 105 -8 8 0
148 268 511 102 0 -8 0
148 260 514 99 0 0 0
148 260 517 96 -8 0 0
140 260 520 93 0 8 0
140 268 523 90 0 -8 0
140 260 526 87 -8 0 0
132 260 529 84 0 -8 0
132 252 532 81 -8 -8 0
124 244 535 78 0 0 0
124 244 538 75 0 -8 0
124 236 541 72 -8 8 0
116 244 544 69 0 0 0
116 244 547 66 0 0 0
116 244 550 63 -8 -8 0
108 236 553 60 0 0 0
108 236 556 57 -8 -8 0
100 228 559 54 0 8 0
100 236 562 51 0 8 0
100 244 565 48 -8 0 0
92 244 568 45 0 -8 0
92 236 571 42 0 8 0
92 244 574 39 -8 8 0
84 252 577 36 0 0 0
84 252 580 33 -8 8 0
76 260 583 30 0 0 0
76 260 586 27 0 8 0
76 268 589 24 -8 -8 0
68 260 592 21 0 8 0
68 268 595 18 0 8 0
68 276 598 15 -8 -8 0
60 268 601 12 0 8 0
60 276 604 9 -8 8 0
60 284 607 12 0 -8 0
60 276 610 15 0 0 0
60 276 613 18 0 0 0
60 276 616 21 0 -8 0
60 268 619 24 0 0 0
60 268 622 27 0 -8 0
60 260 625 30 0 8 0
60 268 628 33 0 -8 0
60 260 631 36 0 0 0
60 260 634 39 0 8 0
60 268 637 42 0 8 0
60 276 640 45 0 8 0
60 284 643 48 0 -8 0
60 276 646 51 0 -8 0
60 268 649 54 0 0 0
60 268 652 57 0 8 0
60 276 655 60 0 8 0
60 284 658 63 0 8 0
60 292 661 66 0 -8 0
60 284 664 69 0 8 0
60 292 667 72 0 8 0
60 300 670 75 0 -8 0
60 292 673 78 0 8 0
60 300 676 81 0 -8 0
60 292 679 84 0 8 0
60 300 682 87 0 0 0
60 300 685 90 0 -8 0
60 292 688 93 0 -8 0
60 284 691 96 0 0 0
60 284 694 99 0 0 0
60 284 697 102 0 -8 0
60 276 700 105 0 -8 0
60 268 703 108 0 0 0
60 268 706 111 8 -8 0
68 260 709 114 0 -8 0
68 252 712 117 0 0 0
68 252 715 120 8 -8 0
76 244 718 123 0 -8 0
76 236 721 126 0 8 0
76 244 724 129 8 -8 0
84 236 727 132 0 8 0
84 244 730 135 8 0 0
92 244 733 138 0 0 0
92 244 736 141 0 -8 0
92 236 739 144 8 0 0
100 236 742 147 0 8 0
100 244 745 150 0 -8 0
100 236 748 153 8 8 0
108 244 751 156 0 -8 0
108 236 754 159 8 0 0
116 236 757 162 0 8 0
116 244 760 165 0 -8 0
116 236 763 168 8 8 0
124 244 766 171 0 8 0
124 252 769 174 0 8 0
124 260 772 177 8 0 0
132 260 775 180 0 8 0
132 268 778 183 8 8 0
140 276 781 186 0 0 1
140 276 781 186 0 0 1
140 276 781 186 0 0 1
140 276 781 186 0 0 1
140 276 781 186 0 0 1
