402 502 358 186 0 0 0
402 502 355 183 -8 0 0
394 502 352 180 -8 -8 0
386 494 349 177 -8 0 0
378 494 346 174 -8 0 0
370 494 343 171 -8 0 0
362 494 340 168 -8 -8 0
354 486 337 165 -8 -8 0
346 478 334 162 -8 8 0
338 486 331 159 -8 0 0
330 486 328 156 -8 -8 0
322 478 325 153 -8 0 0
314 478 322 150 -8 -8 0
306 470 319 147 -8 -8 0
298 462 316 144 -8 8 0
290 470 313 141 -8 0 0
282 470 310 138 -8 -8 0
274 462 307 135 -8 0 0
266 462 304 132 -8 -8 0
258 454 301 129 -8 8 0
250 462 298 126 -8 8 0
242 470 295 123 -8 0 0
234 470 292 120 -8 -8 0
226 462 289 117 -8 0 0
218 462 286 114 -8 -8 0
210 454 283 111 -8 0 0
202 454 280 108 -8 0 0
194 454 277 105 -8 0 0
186 454 274 102 -8 8 0
178 462 271 99 -8 -8 0
170 454 268 96 -8 8 0
162 462 265 93 -8 -8 0
154 454 262 90 -8 -8 0
146 446 259 87 -8 0 0
138 446 256 84 -8 0 0
130 446 253 81 0 -8 0
130 438 250 78 -8 -8 0
122 430 247 75 0 0 0
122 430 244 72 0 0 0
122 430 241 69 -8 8 0
114 438 238 66 0 -8 0
114 430 235 63 -8 8 0
106 438 232 60 0 8 0
106 446 229 57 0 8 0
106 454 226 54 -8 8 0
98 462 223 51 0 8 0
98 470 220 48 0 8 0
98 478 217 45 -8 0 0
90 478 214 42 0 0 0
90 478 211 39 -8 0 0
82 478 208 36 0 -8 0
82 470 205 33 0 0 0
82 470 202 30 -8 0 0
74 470 199 27 0 8 0
74 478 196 24 0 0 0
74 478 193 21 -8 8 0
66 486 190 18 0 8 0
66 494 187 15 -8 0 0
60 494 184 12 0 8 0
60 502 181 9 -8 -8 0
60 494 178 12 0 -8 0
60 486 175 15 0 8 0
60 494 172 18 0 -8 0
60 486 169 21 0 0 0
60 486 166 24 0 0 0
60 486 163 27 0 0 0
60 486 160 30 0 8 0
60 494 157 33 0 -8 0
60 486 154 36 0 0 0
60 486 151 39 0 -8 0
60 478 148 42 0 0 0
60 478 145 45 0 8 0
60 486 142 48 0 8 0
60 494 139 51 0 8 0
60 502 136 54 0 -8 0
60 494 133 57 0 8 0
60 502 130 60 0 -8 0
60 494 127 63 0 8 0
60 502 124 66 0 0 0
60 502 121 69 0 -8 0
60 494 118 72 0 8 0
60 502 115 75 0 8 0
60 510 112 78 0 8 0
60 518 109 81 0 8 0
60 526 106 84 0 8 0
60 534 103 87 0 8 0
60 540 100 90 0 -8 0
60 532 97 93 0 8 0
60 540 94 96 0 8 0
60 540 91 99 0 8 0
60 540 88 102 0 -8 0
60 532 85 105 0 8 0
60 540 82 108 0 0 0
60 540 79 111 8 -8 0
68 532 76 114 0 8 0
68 540 73 117 0 8 0
68 540 70 120 8 0 0
76 540 67 123 0 8 0
76 540 64 126 0 0 0
76 540 61 129 8 -8 0
84 532 58 132 0 8 0
84 540 55 135 8 8 0
92 540 52 138 0 0 0
92 540 49 141 0 8 0
92 540 46 144 8 0 0
100 540 43 147 0 -8 0
100 532 40 150 0 8 0
100 540 37 153 8 -8 0
108 532 34 156 0 0 0
108 532 31 159 8 -8 0
116 524 28 162 0 -8 0
116 516 25 165 0 -8 0
116 508 22 168 8 0 0
124 508 19 171 0 0 0
124 508 22 174 0 0 0
124 508 25 177 8 -8 0
132 500 28 180 0 -8 0
132 492 31 183 8 -8 0
140 484 34 186 0 -8 0
140 476 37 189 0 0 0
140 476 40 192 8 -8 0
148 468 43 195 0 0 0
148 468 46 198 0 0 0
148 468 49 201 8 -8 0
156 460 52 204 0 8 0
156 468 55 207 8 0 0
164 468 58 210 0 -8 0
164 460 61 213 0 8 0
164 468 64 216 8 0 0
172 468 67 219 0 0 0
172 468 70 222 0 -8 0
172 460 73 225 8 -8 0
180 452 76 228 0 8 0
180 460 79 231 8 8 0
188 468 82 234 0 8 0
188 476 85 237 0 -8 0
188 468 88 240 8 0 0
196 468 91 243 0 0 0
196 468 94 246 0 8 0
196 476 97 249 8 0 0
204 476 100 252 0 -8 0
204 468 103 255 8 -8 0
212 460 106 258 0 0 0
212 460 109 261 0 -8 0
212 452 112 264 8 0 0
220 452 115 267 0 0 0
220 452 118 270 0 0 0
220 452 121 273 8 8 0
228 460 124 276 0 0 0
228 460 127 279 8 0 0
236 460 130 282 0 8 0
236 468 133 285 0 -8 0
236 460 136 288 8 8 0
244 468 139 291 0 8 0
244 476 142 294 0 8 0
244 484 145 297 8 8 0
252 492 148 300 0 -8 0
252 484 151 303 8 0 0
260 484 154 306 0 0 0
260 484 157 309 0 -8 0
260 476 160 312 8 -8 0
268 468 163 315 0 0 0
268 468 166 318 0 -8 0
268 460 169 321 8 -8 0
276 452 172 324 0 0 0
276 452 175 327 8 -8 0
284 444 178 330 0 8 0
284 452 181 333 0 0 0
284 452 184 336 8 -8 0
292 444 187 339 0 8 0
292 452 190 342 0 -8 0
292 444 193 345 8 -8 0
300 436 196 348 0 8 0
300 444 199 351 8 0 0
308 444 202 354 0 0 0
308 444 205 357 0 0 0
308 444 208 360 8 -8 0
316 436 211 363 0 0 0
316 436 214 366 0 -8 0
316 428 217 369 8 -8 0
324 420 220 372 0 8 0
324 428 223 375 8 -8 0
332 420 226 378 0 8 0
332 428 229 381 0 0 0
332 428 232 384 8 -8 0
340 420 235 387 0 -8 0
340 412 238 390 0 0 0
340 412 241 393 8 -8 0
348 404 244 396 0 -8 0
348 396 247 399 8 8 0
356 404 250 402 0 8 0
356 412 253 405 0 -8 0
356 404 256 408 8 -8 0
364 396 259 411 0 0 0
364 396 262 414 0 0 0
364 396 265 417 8 -8 0
372 388 268 420 0 8 0
372 396 271 423 8 -8 0
380 388 274 426 0 -8 0
380 380 277 429 0 -8 0
380 372 280 432 8 8 0
388 380 283 435 0 8 0
388 388 286 438 0 0 0
388 388 289 441 8 -8 0
396 380 292 444 0 0 0
396 380 295 447 8 0 0
404 380 298 450 0 8 0
404 388 301 453 0 8 0
404 396 304 456 8 -8 0
412 388 307 459 0 -8 0
412 380 310 462 0 -8 0
412 372 313 465 8 0 0
420 372 316 468 0 -8 0
420 364 319 471 8 -8 0
428 356 322 474 0 8 0
428 364 325 477 0 -8 0
428 356 328 480 8 8 0
436 364 331 483 0 -8 0
436 356 334 486 0 -8 0
436 348 337 489 8 0 0
444 348 340 492 0 0 0
444 348 343 495 8 0 0
452 348 346 498 0 -8 0
452 340 349 501 0 8 0
452 348 352 504 8 8 0
460 356 355 507 0 -8 0
460 348 358 510 0 0 0
460 348 361 513 8 -8 0
468 340 364 516 0 -8 0
468 332 367 519 8 0 0
476 332 370 522 0 0 0
476 332 373 525 0 0 0
476 332 376 528 8 8 0
484 340 379 531 0 0 0
484 340 382 534 0 8 0
484 348 385 537 8 -8 0
492 340 388 540 0 0 0
492 340 391 543 8 -8 0
500 332 394 546 0 -8 0
500 324 397 549 0 8 0
500 332 400 552 8 0 0
508 332 403 555 0 -8 0
508 324 406 558 0 0 0
508 324 409 561 8 8 0
516 332 412 564 0 0 0
516 332 415 567 8 8 0
524 340 418 570 0 0 0
524 340 421 573 0 0 0
524 340 424 576 8 0 0
532 340 427 579 0 -8 0
532 332 430 582 0 0 0
532 332 433 585 8 8 0
540 340 436 588 0 0 0
540 340 439 591 8 0 0
540 340 442 588 0 0 0
540 340 445 585 0 8 0
540 348 448 582 0 -8 0
540 340 451 579 0 -8 0
540 332 454 576 0 0 0
540 332 457 573 0 -8 0
540 324 460 570 0 -8 0
540 316 463 567 0 0 0
540 316 466 564 0 8 0
540 324 469 561 0 -8 0
540 316 472 558 0 0 0
540 316 475 555 0 8 0
540 324 478 552 0 0 0
540 324 481 549 0 0 0
540 324 484 546 0 8 0
540 332 487 543 0 8 0
540 340 490 540 0 8 0
540 348 493 537 0 -8 0
540 340 496 534 0 -8 0
540 332 499 531 0 8 0
540 340 502 528 0 0 0
540 340 505 525 0 8 0
540 348 508 522 0 0 0
540 348 511 519 0 0 0
540 348 514 516 0 -8 0
540 340 517 513 0 8 0
540 348 520 510 0 0 0
540 348 523 507 0 8 0
540 356 526 504 0 0 0
540 356 529 501 0 0 0
540 356 532 498 0 0 0
540 356 535 495 0 8 0
540 364 538 492 0 0 0
540 364 541 489 -8 0 0
532 364 544 486 0 -8 0
532 356 547 483 0 8 0
532 364 550 480 -8 0 0
524 364 553 477 0 8 0
524 372 556 474 0 8 0
524 380 559 471 -8 -8 0
516 372 562 468 0 -8 0
516 364 565 465 -8 -8 0
508 356 568 462 0 0 0
508 356 571 459 0 0 0
508 356 574 456 -8 8 0
500 364 577 453 0 0 0
500 364 580 450 0 -8 0
500 356 583 447 -8 0 0
492 356 586 444 0 8 0
492 364 589 441 -8 0 0
484 364 592 438 0 -8 0
484 356 595 435 0 8 0
484 364 598 432 -8 -8 0
476 356 601 429 0 8 0
476 364 604 426 0 8 0
476 372 607 423 -8 8 0
468 380 610 420 0 -8 0
468 372 613 417 -8 8 0
460 380 616 414 0 0 0
460 380 619 411 0 -8 0
460 372 622 408 -8 0 0
452 372 625 405 0 8 0
452 380 628 402 0 8 0
452 388 631 399 -8 8 0
444 396 634 396 0 0 0
444 396 637 393 -8 8 0
436 404 640 390 0 8 0
436 412 643 387 0 0 0
436 412 646 384 -8 -8 0
428 404 649 381 0 0 0
428 404 652 378 0 0 0
428 404 655 375 -8 8 0
420 412 658 372 0 0 0
420 412 661 369 -8 0 0
412 412 664 366 0 -8 0
412 404 667 363 0 8 0
412 412 670 360 -8 -8 0
404 404 673 357 0 -8 0
404 396 676 354 0 8 0
404 404 679 351 -8 0 0
396 404 682 348 0 8 0
396 412 685 345 -8 -8 0
388 404 688 342 0 0 0
388 404 691 339 0 -8 0
388 396 694 336 -8 0 0
380 396 697 333 0 -8 0
380 388 700 330 0 -8 0
380 380 703 327 -8 -8 0
372 372 706 324 0 -8 0
372 364 709 321 -8 8 0
364 372 712 318 0 8 0
364 380 715 315 0 -8 0
364 372 718 312 -8 0 0
356 372 721 309 0 8 0
356 380 724 306 0 8 0
356 388 727 303 -8 0 0
348 388 730 300 0 8 0
348 396 733 297 -8 0 0
340 396 736 294 0 0 0
340 396 739 291 0 0 0
340 396 742 288 -8 0 0
332 396 745 285 0 8 0
332 404 748 282 0 -8 0
332 396 751 279 -8 0 0
324 396 754 276 0 -8 0
324 388 757 273 -8 8 0
316 396 760 270 0 0 0
316 396 763 267 0 -8 0
316 388 766 264 -8 0 0
308 388 769 261 0 -8 0
308 380 772 258 0 -8 0
308 372 775 255 -8 0 0
300 372 778 252 0 0 0
300 372 781 249 0 0 1
300 372 781 249 0 0 1
300 372 781 249 0 0 1
300 372 781 249 0 0 1
300 372 781 249 0 0 1
