366 489 595 192 0 0 0
366 489 592 195 -8 0 0
358 489 589 198 -8 0 0
350 489 586 201 -8 8 0
342 497 583 204 -8 8 0
334 505 580 207 -8 -8 0
326 497 577 210 -8 0 0
318 497 574 213 -8 0 0
310 497 571 216 -8 -8 0
302 489 568 219 -8 0 0
294 489 565 222 -8 0 0
286 489 562 225 -8 -8 0
278 481 559 228 0 8 0
278 489 556 231 0 0 0
278 489 553 234 0 8 0
278 497 550 237 0 -8 0
278 489 547 240 0 0 0
278 489 544 243 0 0 0
278 489 541 246 0 -8 0
278 481 538 249 0 0 0
278 481 535 252 0 -8 0
278 473 532 255 0 8 0
278 481 529 258 0 -8 0
278 473 526 261 0 8 0
278 481 523 264 0 8 0
278 489 520 267 0 -8 0
278 481 517 270 0 0 0
278 481 514 273 0 8 0
278 489 511 276 0 8 0
278 497 508 279 0 8 0
278 505 505 282 0 -8 0
278 497 502 285 0 0 0
278 497 499 288 0 -8 0
278 489 496 291 0 8 0
278 497 493 294 0 -8 0
278 489 490 297 0 -8 0
278 481 487 300 0 0 0
278 481 484 303 0 0 0
278 481 481 306 0 -8 0
278 473 478 309 0 0 0
278 473 475 312 0 0 0
278 473 472 315 0 -8 0
278 465 469 318 0 0 0
278 465 466 321 0 8 0
278 473 463 324 0 0 0
278 473 460 327 0 -8 0
278 465 457 330 8 0 0
286 465 454 333 0 0 0
286 465 451 336 0 -8 0
286 457 448 339 8 8 0
294 465 445 342 0 0 0
294 465 442 345 8 -8 0
302 457 439 348 0 0 0
302 457 436 351 0 0 0
302 457 433 354 8 -8 0
310 449 430 357 0 8 0
310 457 427 360 0 8 0
310 465 424 363 8 8 0
318 473 421 366 0 8 0
318 481 418 369 8 8 0
326 489 415 372 0 8 0
326 497 412 375 0 0 0
326 497 409 378 8 8 0
334 505 406 381 0 0 0
334 505 403 384 0 8 0
334 513 400 387 8 8 0
342 521 397 390 0 0 0
342 521 394 393 8 0 0
350 521 391 396 0 -8 0
350 513 388 399 0 8 0
350 521 385 402 8 8 0
358 529 382 405 0 8 0
358 537 379 408 0 -8 0
358 529 376 411 8 8 0
366 537 373 414 0 0 0
366 537 370 417 8 -8 0
374 529 367 420 0 8 0
374 537 364 423 0 0 0
374 537 361 426 8 0 0
382 537 358 429 0 8 0
382 540 355 432 0 8 0
382 540 352 435 8 -8 0
390 532 349 438 0 -8 0
390 524 346 441 8 -8 0
398 516 343 444 0 8 0
398 524 340 447 0 0 0
398 524 337 450 8 8 0
406 532 334 453 0 0 0
406 532 331 456 0 8 0
406 540 328 459 8 0 0
414 540 325 462 0 0 0
414 540 322 465 8 0 0
422 540 319 468 0 8 0
422 540 316 471 0 -8 0
422 532 313 474 8 -8 0
430 524 310 477 0 8 0
430 532 307 480 0 8 0
430 540 304 483 8 8 0
438 540 301 486 0 -8 0
438 532 298 489 8 8 0
446 540 295 492 0 -8 0
446 532 292 495 0 0 0
446 532 289 498 8 -8 0
454 524 286 501 0 -8 0
454 516 283 504 0 8 0
454 524 280 507 8 8 0
462 532 277 510 0 -8 0
462 524 274 513 8 8 0
470 532 271 516 0 8 0
470 540 268 519 0 -8 0
470 532 265 522 8 0 0
478 532 262 525 0 8 0
478 540 259 528 0 0 0
478 540 256 531 8 0 0
486 540 253 534 0 8 0
486 540 250 537 8 0 0
494 540 247 540 0 0 0
494 540 244 543 0 -8 0
494 532 241 546 8 -8 0
502 524 238 549 0 0 0
502 524 235 552 0 0 0
502 524 232 555 8 0 0
510 524 229 558 0 8 0
510 532 226 561 8 8 0
518 540 223 564 0 8 0
518 540 220 567 0 -8 0
518 532 217 570 8 8 0
526 540 214 573 0 8 0
526 540 211 576 0 0 0
526 540 208 579 8 0 0
534 540 205 582 0 -8 0
534 532 202 585 8 -8 0
540 524 199 588 0 8 0
540 532 196 591 8 -8 0
540 524 193 588 0 -8 0
540 516 190 585 0 0 0
540 516 187 582 0 -8 0
540 508 184 579 0 0 0
540 508 181 576 0 0 0
540 508 178 573 0 -8 0
540 500 175 570 0 -8 0
540 492 172 567 0 8 0
540 500 169 564 0 -8 0
540 492 166 561 0 0 0
540 492 163 558 0 8 0
540 500 160 555 0 0 0
540 500 157 552 0 0 0
540 500 154 549 0 8 0
540 508 151 546 0 -8 0
540 500 148 543 0 8 0
540 508 145 540 0 -8 0
540 500 142 537 0 -8 0
540 492 139 534 0 8 0
540 500 136 531 0 -8 0
540 492 133 528 0 0 0
540 492 130 525 0 -8 0
540 484 127 522 0 -8 0
540 476 124 519 0 0 0
540 476 121 516 0 0 0
540 476 118 513 0 0 0
540 476 115 510 0 0 0
540 476 112 507 0 -8 0
540 468 109 504 0 -8 0
540 460 106 501 0 8 0
540 468 103 498 0 8 0
540 476 100 495 0 0 0
540 476 97 492 0 8 0
540 484 94 489 -8 0 0
532 484 91 486 0 0 0
532 484 88 483 0 8 0
532 492 85 480 -8 -8 0
524 484 82 477 0 0 0
524 484 79 474 0 0 0
524 484 76 471 -8 8 0
516 492 73 468 0 0 0
516 492 70 465 -8 0 0
508 492 67 462 0 -8 0
508 484 64 459 0 0 0
508 484 61 456 -8 0 0
500 484 58 453 0 8 0
500 492 55 450 0 -8 0
500 484 52 447 -8 8 0
492 492 49 444 0 0 0
492 492 46 441 -8 0 0
484 492 43 438 0 -8 0
484 484 40 435 0 0 0
484 484 37 432 -8 8 0
476 492 34 429 0 -8 0
476 484 31 426 0 -8 0
476 476 28 423 -8 0 0
468 476 25 420 0 0 0
468 476 22 417 -8 8 0
460 484 19 414 0 0 0
460 484 22 411 0 8 0
460 492 25 408 -8 -8 0
452 484 28 405 0 -8 0
452 476 31 402 0 8 0
452 484 34 399 -8 8 0
444 492 37 396 0 -8 0
444 484 40 393 -8 8 0
436 492 43 390 0 8 0
436 500 46 387 0 -8 0
436 492 49 384 -8 8 0
428 500 52 381 0 -8 0
428 492 55 378 0 -8 0
428 484 58 375 -8 0 0
420 484 61 372 0 -8 0
420 476 64 369 -8 0 0
412 476 67 366 0 8 0
412 484 70 363 0 8 0
412 492 73 360 -8 0 0
404 492 76 357 0 -8 0
404 484 79 354 0 -8 0
404 476 82 351 -8 0 0
396 476 85 348 0 8 0
396 484 88 345 -8 -8 0
388 476 91 342 0 0 0
388 476 94 339 0 8 0
388 484 97 336 -8 8 0
380 492 100 333 0 0 0
380 492 103 330 0 0 0
380 492 106 327 -8 -8 0
372 484 109 324 0 -8 0
372 476 112 321 -8 -8 0
364 468 115 318 0 8 0
364 476 118 315 0 0 0
364 476 121 312 -8 -8 0
356 468 124 309 0 8 0
356 476 127 306 0 0 0
356 476 130 303 -8 -8 0
348 468 133 300 0 0 0
348 468 136 297 -8 -8 0
340 460 139 294 0 0 0
340 460 142 291 0 0 0
340 460 145 288 -8 -8 0
332 452 148 285 0 0 0
332 452 151 282 0 -8 0
332 444 154 279 -8 0 0
324 444 157 276 0 -8 0
324 436 160 273 -8 -8 0
316 428 163 270 0 -8 0
316 420 166 267 0 -8 0
316 412 169 264 -8 -8 0
308 404 172 261 0 8 0
308 412 175 258 0 0 0
308 412 178 255 -8 8 0
300 420 181 252 0 8 0
300 428 184 249 -8 8 0
292 436 187 246 0 -8 0
292 428 190 243 0 -8 0
292 420 193 240 -8 0 0
284 420 196 237 0 0 0
284 420 199 234 0 8 0
284 428 202 231 -8 8 0
276 436 205 228 0 8 0
276 444 208 225 -8 0 0
268 444 211 222 0 8 0
268 452 214 219 0 8 0
268 460 217 216 -8 8 0
260 468 220 213 0 0 0
260 468 223 210 0 8 0
260 476 226 207 -8 8 0
252 484 229 204 0 -8 0
252 476 232 201 -8 -8 0
244 468 235 198 0 8 0
244 476 238 195 0 0 0
244 476 241 192 -8 -8 0
236 468 244 189 0 8 0
236 476 247 186 0 -8 0
236 468 250 183 -8 0 0
228 468 253 180 0 8 0
228 476 256 177 -8 8 0
220 484 259 174 0 0 0
220 484 262 171 0 0 0
220 484 265 168 -8 8 0
212 492 268 165 0 -8 0
212 484 271 162 0 8 0
212 492 274 159 -8 8 0
204 500 277 156 0 8 0
204 508 280 153 -8 8 0
196 516 283 150 0 -8 0
196 508 286 147 0 8 0
196 516 289 144 -8 0 0
188 516 292 141 0 -8 0
188 508 295 138 0 0 0
188 508 298 135 -8 -8 0
180 500 301 132 0 0 0
180 500 304 129 -8 0 0
172 500 307 126 0 -8 0
172 492 310 123 0 8 0
172 500 313 120 -8 -8 0
164 492 316 117 0 8 0
164 500 319 114 0 8 0
164 508 322 111 -8 8 0
156 516 325 108 0 8 0
156 524 328 105 -8 0 0
148 524 331 102 0 -8 0
148 516 334 99 0 -8 0
148 508 337 96 -8 0 0
140 508 340 93 0 8 0
140 516 343 90 0 -8 0
140 508 346 87 -8 0 0
132 508 349 84 0 0 0
132 508 352 81 -8 0 0
124 508 355 78 0 8 0
124 516 358 75 0 0 0
124 516 361 72 -8 8 0
116 524 364 69 0 8 0
116 532 367 66 0 8 0
116 540 370 63 -8 0 0
108 540 373 60 0 8 0
108 540 376 57 -8 0 0
100 540 379 54 0 0 0
100 540 382 51 0 0 0
100 540 385 48 -8 0 0
92 540 388 45 0 8 0
92 540 391 42 0 -8 0
92 532 394 39 -8 -8 0
84 524 397 36 0 0 0
84 524 400 33 -8 -8 0
76 516 403 30 0 8 0
76 524 406 27 0 -8 0
76 516 409 24 -8 8 0
68 524 412 21 0 0 0
68 524 415 18 0 0 0
68 524 418 15 -8 -8 0
60 516 421 12 0 8 0
60 524 424 9 -8 8 0
60 532 427 12 0 8 0
60 540 430 15 0 -8 0
60 532 433 18 0 -8 0
60 524 436 21 0 -8 0
60 516 439 24 0 -8 0
60 508 442 27 0 0 0
60 508 445 30 0 8 0
60 516 448 33 0 -8 0
60 508 451 36 0 8 0
60 516 454 39 0 0 0
60 516 457 42 0 0 0
60 516 460 45 0 0 0
60 516 463 48 0 8 0
60 524 466 51 0 -8 0
60 516 469 54 0 8 0
60 524 472 57 0 8 0
60 532 475 60 0 8 0
60 540 478 63 0 0 0
60 540 481 66 0 8 0
60 540 484 69 0 8 0
60 540 487 72 0 8 0
60 540 490 75 0 0 0
60 540 493 78 0 8 0
60 540 496 81 0 -8 0
60 532 499 84 0 8 0
60 540 502 87 0 -8 0
60 532 505 90 0 -8 0
60 524 508 93 0 0 0
60 524 511 96 0 0 0
60 524 514 99 0 0 0
60 524 517 102 0 -8 0
60 516 520 105 0 0 0
60 516 523 108 0 8 0
60 524 526 111 8 8 0
68 532 529 114 0 0 0
68 532 532 117 0 0 0
68 532 535 120 8 8 0
76 540 538 123 0 -8 0
76 532 541 126 0 0 0
76 532 544 129 8 0 0
84 532 547 132 0 8 0
84 540 550 135 8 -8 0
92 532 553 138 0 0 0
92 532 556 141 0 0 0
92 532 559 144 8 -8 0
100 524 562 147 0 -8 0
100 516 565 150 0 0 0
100 516 568 153 8 8 0
108 524 571 156 0 -8 0
108 516 574 159 8 8 0
116 524 577 162 0 8 0
116 532 580 165 0 -8 0
116 524 583 168 8 -8 0
124 516 586 171 0 0 0
124 516 589 174 0 8 0
124 524 592 177 8 8 0
132 532 595 180 0 -8 0
132 524 598 183 8 8 0
140 532 601 186 0 8 0
140 540 604 189 0 8 0
140 540 607 192 8 -8 0
148 532 610 195 0 0 0
148 532 613 198 0 -8 0
148 524 616 201 8 0 0
156 524 619 204 0 -8 0
156 516 622 207 8 0 0
164 516 625 210 0 0 0
164 516 628 213 0 0 0
164 516 631 216 8 -8 0
172 508 634 219 0 8 0
172 516 637 222 0 -8 0
172 508 640 225 8 -8 0
180 500 643 228 0 0 0
180 500 646 231 8 -8 0
188 492 649 234 0 0 0
188 492 652 237 0 8 0
188 500 655 240 8 0 0
196 500 658 243 0 0 0
196 500 661 246 0 8 0
196 508 664 249 8 -8 0
204 500 667 252 0 0 0
204 500 670 255 8 8 0
212 508 673 258 0 0 0
212 508 676 261 0 -8 0
212 500 679 264 8 0 0
220 500 682 267 0 -8 0
220 492 685 270 0 0 0
220 492 688 273 8 8 0
228 500 691 276 0 8 0
228 508 694 279 8 -8 0
236 500 697 282 0 8 0
236 508 700 285 0 0 0
236 508 703 288 8 0 0
244 508 706 291 0 8 0
244 516 709 294 0 8 0
244 524 712 297 8 0 0
252 524 715 300 0 0 0
252 524 718 303 8 -8 0
260 516 721 306 0 -8 0
260 508 724 309 0 0 0
260 508 727 312 8 0 0
268 508 730 315 0 8 0
268 516 733 318 0 8 0
268 524 736 321 8 -8 0
276 516 739 324 0 -8 0
276 508 742 327 8 -8 0
284 500 745 330 0 -8 0
284 492 748 333 0 -8 0
284 484 751 336 8 8 0
292 492 754 339 0 0 0
292 492 757 342 0 -8 0
292 484 760 345 8 8 0
300 492 763 348 0 -8 0
300 484 766 351 8 -8 0
308 476 769 354 0 0 0
308 476 772 357 0 0 0
308 476 775 360 8 0 0
316 476 778 363 0 -8 0
316 468 781 366 0 0 1
316 468 781 366 0 0 1
316 468 781 366 0 0 1
316 468 781 366 0 0 1
316 468 781 366 0 0 1
