222 208 568 414 0 0 0
222 208 565 411 8 0 0
230 208 562 408 8 -8 0
238 200 559 405 8 0 0
246 200 556 402 8 -8 0
254 192 553 399 8 8 0
262 200 550 396 8 8 0
270 208 547 393 8 0 0
278 208 544 390 8 0 0
286 208 541 387 8 8 0
294 216 538 384 8 -8 0
302 208 535 381 8 -8 0
310 200 532 378 8 -8 0
318 192 529 375 8 8 0
326 200 526 372 0 -8 0
326 192 523 369 0 -8 0
326 184 520 366 0 -8 0
326 176 517 363 0 -8 0
326 168 514 360 0 0 0
326 168 511 357 0 8 0
326 176 508 354 0 -8 0
326 168 505 351 0 0 0
326 168 502 348 0 -8 0
326 160 499 345 0 0 0
326 160 496 342 0 -8 0
326 152 493 339 0 8 0
326 160 490 336 0 0 0
326 160 487 333 0 0 0
326 160 484 330 0 8 0
326 168 481 327 0 -8 0
326 160 478 324 0 0 0
326 160 475 321 0 -8 0
326 152 472 318 0 8 0
326 160 469 315 0 -8 0
326 152 466 312 0 0 0
326 152 463 309 0 0 0
326 152 460 306 0 0 0
326 152 457 303 0 8 0
326 160 454 300 0 -8 0
326 152 451 297 0 8 0
326 160 448 294 0 -8 0
326 152 445 291 0 0 0
326 152 442 288 0 8 0
326 160 439 285 0 8 0
326 168 436 282 0 0 0
326 168 433 279 0 -8 0
326 160 430 276 0 -8 0
326 152 427 273 -8 0 0
318 152 424 270 0 -8 0
318 144 421 267 -8 8 0
310 152 418 264 0 0 0
310 152 415 261 0 8 0
310 160 412 258 -8 0 0
302 160 409 255 0 0 0
302 160 406 252 0 8 0
302 168 403 249 -8 -8 0
294 160 400 246 0 -8 0
294 152 397 243 -8 0 0
286 152 394 240 0 0 0
286 152 391 237 0 0 0
286 152 388 234 -8 -8 0
278 144 385 231 0 0 0
278 144 382 228 0 -8 0
278 136 379 225 -8 8 0
270 144 376 222 0 8 0
270 152 373 219 -8 0 0
262 152 370 216 0 8 0
262 160 367 213 0 -8 0
262 152 364 210 -8 8 0
254 160 361 207 0 0 0
254 160 358 204 0 -8 0
254 152 355 201 -8 0 0
246 152 352 198 0 8 0
246 160 349 195 -8 -8 0
238 152 346 192 0 8 0
238 160 343 189 0 0 0
238 160 340 186 -8 8 0
230 168 337 183 0 8 0
230 176 334 180 0 8 0
230 184 331 177 -8 8 0
222 192 328 174 0 8 0
222 200 325 171 -8 8 0
214 208 322 168 0 8 0
214 216 319 165 0 8 0
214 224 316 162 -8 8 0
206 232 313 159 0 -8 0
206 224 310 156 0 -8 0
206 216 307 153 -8 0 0
198 216 304 150 0 -8 0
198 208 301 147 -8 -8 0
190 200 298 144 0 -8 0
190 192 295 141 0 -8 0
190 184 292 138 -8 0 0
182 184 289 135 0 0 0
182 184 286 132 0 8 0
182 192 283 129 -8 8 0
174 200 280 126 0 8 0
174 208 277 123 -8 -8 0
166 200 274 120 0 -8 0
166 192 271 117 0 0 0
166 192 268 114 -8 8 0
158 200 265 111 0 8 0
158 208 262 108 0 -8 0
158 200 259 105 -8 0 0
150 200 256 102 0 0 0
150 200 253 99 -8 8 0
142 208 250 96 0 0 0
142 208 247 93 0 -8 0
142 200 244 90 -8 0 0
134 200 241 87 0 -8 0
134 192 238 84 0 -8 0
134 184 235 81 -8 -8 0
126 176 232 78 0 8 0
126 184 229 75 -8 -8 0
118 176 226 72 0 8 0
118 184 223 69 0 -8 0
118 176 220 66 -8 0 0
110 176 217 63 0 8 0
110 184 214 60 0 8 0
110 192 211 57 -8 -8 0
102 184 208 54 0 -8 0
102 176 205 51 -8 -8 0
94 168 202 48 0 0 0
94 168 199 45 0 8 0
94 176 196 42 -8 0 0
86 176 193 39 0 0 0
86 176 190 36 0 -8 0
86 168 187 33 -8 -8 0
78 160 184 30 0 0 0
78 160 181 27 -8 0 0
70 160 178 24 0 8 0
70 168 175 21 0 0 0
70 168 172 18 -8 -8 0
62 160 169 15 0 -8 0
62 152 166 12 0 8 0
62 160 163 9 -8 8 0
60 168 160 12 0 -8 0
60 160 157 15 0 0 0
60 160 154 18 0 8 0
60 168 151 21 0 -8 0
60 160 148 24 0 -8 0
60 152 145 27 0 0 0
60 152 142 30 0 -8 0
60 144 139 33 0 -8 0
60 136 136 36 0 -8 0
60 128 133 39 0 8 0
60 136 130 42 0 8 0
60 144 127 45 0 8 0
60 152 124 48 0 -8 0
60 144 121 51 0 0 0
60 144 118 54 0 0 0
60 144 115 57 0 0 0
60 144 112 60 0 8 0
60 152 109 63 0 0 0
60 152 106 66 0 0 0
60 152 103 69 0 8 0
60 160 100 72 0 8 0
60 168 97 75 0 8 0
60 176 94 78 0 -8 0
60 168 91 81 0 0 0
60 168 88 84 0 0 0
60 168 85 87 0 8 0
60 176 82 90 0 8 0
60 184 79 93 0 -8 0
60 176 76 96 0 0 0
60 176 73 99 0 0 0
60 176 70 102 0 0 0
60 176 67 105 0 -8 0
60 168 64 108 0 -8 0
60 160 61 111 8 -8 0
68 152 58 114 0 0 0
68 152 55 117 0 8 0
68 160 52 120 8 -8 0
76 152 49 123 0 0 0
76 152 46 126 0 8 0
76 160 43 129 8 0 0
84 160 40 132 0 -8 0
84 152 37 135 8 -8 0
92 144 34 138 0 -8 0
92 136 31 141 0 8 0
92 144 28 144 8 -8 0
100 136 25 147 0 8 0
100 144 22 150 0 8 0
100 152 19 153 0 0 1
100 152 19 153 0 0 1
100 152 19 153 0 0 1
100 152 19 153 0 0 1
100 152 19 153 0 0 1
