486 464 127 117 0 0 0
486 464 124 114 -8 8 0
478 472 121 111 -8 8 0
470 480 118 108 -8 0 0
462 480 115 105 -8 0 0
454 480 112 102 -8 -8 0
446 472 109 99 -8 8 0
438 480 106 96 -8 -8 0
430 472 103 93 -8 0 0
422 472 100 90 -8 0 0
414 472 97 87 -8 0 0
406 472 94 84 -8 8 0
398 480 91 81 -8 8 0
390 488 88 78 -8 8 0
382 496 85 75 -8 -8 0
374 488 82 72 -8 8 0
366 496 79 69 -8 -8 0
358 488 76 66 -8 -8 0
350 480 73 63 -8 -8 0
342 472 70 60 -8 0 0
334 472 67 57 -8 -8 0
326 464 64 54 -8 8 0
318 472 61 51 -8 0 0
310 472 58 48 -8 -8 0
302 464 55 45 -8 -8 0
294 456 52 42 -8 8 0
286 464 49 39 -8 8 0
278 472 46 36 -8 -8 0
270 464 43 33 -8 -8 0
262 456 40 30 -8 0 0
254 456 37 27 -8 0 0
246 456 34 24 -8 8 0
238 464 31 21 -8 8 0
230 472 28 18 -8 0 0
222 472 25 15 -8 8 0
214 480 22 12 -8 0 0
206 480 19 9 0 0 1
206 480 19 9 0 0 1
206 480 19 9 0 0 1
206 480 19 9 0 0 1
206 480 19 9 0 0 1
