204 391 310 135 0 0 0
204 391 307 132 -8 8 0
196 399 304 129 -8 0 0
188 399 301 126 -8 0 0
180 399 298 123 -8 -8 0
172 391 295 120 -8 -8 0
164 383 292 117 0 -8 0
164 375 289 114 0 0 0
164 375 286 111 -8 0 0
156 375 283 108 0 -8 0
156 367 280 105 -8 0 0
148 367 277 102 0 -8 0
148 359 274 99 0 0 0
148 359 271 96 -8 -8 0
140 351 268 93 0 0 0
140 351 265 90 0 -8 0
140 343 262 87 -8 0 0
132 343 259 84 0 8 0
132 351 256 81 -8 0 0
124 351 253 78 0 8 0
124 359 250 75 0 -8 0
124 351 247 72 -8 8 0
116 359 244 69 0 8 0
116 367 241 66 0 -8 0
116 359 238 63 -8 0 0
108 359 235 60 0 0 0
108 359 232 57 -8 8 0
100 367 229 54 0 0 0
100 367 226 51 0 0 0
100 367 223 48 -8 -8 0
92 359 220 45 0 -8 0
92 351 217 42 0 0 0
92 351 214 39 -8 8 0
84 359 211 36 0 8 0
84 367 208 33 -8 8 0
76 375 205 30 0 0 0
76 375 202 27 0 8 0
76 383 199 24 -8 -8 0
68 375 196 21 0 0 0
68 375 193 18 0 -8 0
68 367 190 15 -8 -8 0
60 359 187 12 0 -8 0
60 351 184 9 -8 8 0
60 359 181 12 0 0 0
60 359 178 15 0 -8 0
60 351 175 18 0 0 0
60 351 172 21 0 0 0
60 351 169 24 0 0 0
60 351 166 27 0 -8 0
60 343 163 30 0 8 0
60 351 160 33 0 0 0
60 351 157 36 0 8 0
60 359 154 39 0 -8 0
60 351 151 42 0 8 0
60 359 148 45 0 8 0
60 367 145 48 0 -8 0
60 359 142 51 0 8 0
60 367 139 54 0 -8 0
60 359 136 57 0 -8 0
60 351 133 60 0 -8 0
60 343 130 63 0 8 0
60 351 127 66 0 0 0
60 351 124 69 0 8 0
60 359 121 72 0 8 0
60 367 118 75 0 8 0
60 375 115 78 0 -8 0
60 367 112 81 0 8 0
60 375 109 84 0 0 0
60 375 106 87 0 -8 0
60 367 103 90 0 -8 0
60 359 100 93 0 -8 0
60 351 97 96 0 0 0
60 351 94 99 0 8 0
60 359 91 102 0 -8 0
60 351 88 105 0 0 0
60 351 85 108 0 -8 0
60 343 82 111 8 0 0
68 343 79 114 0 -8 0
68 335 76 117 0 0 0
68 335 73 120 8 8 0
76 343 70 123 0 0 0
76 343 67 126 0 0 0
76 343 64 129 8 -8 0
84 335 61 132 0 0 0
84 335 58 135 8 8 0
92 343 55 138 0 8 0
92 351 52 141 0 -8 0
92 343 49 144 8 8 0
100 351 46 147 0 0 0
100 351 43 150 0 -8 0
100 343 40 153 8 8 0
108 351 37 156 0 -8 0
108 343 34 159 8 0 0
116 343 31 162 0 8 0
116 351 28 165 0 0 0
116 351 25 168 8 0 0
124 351 22 171 0 8 0
124 359 19 174 0 -8 0
124 351 22 177 8 -8 0
132 343 25 180 0 8 0
132 351 28 183 8 -8 0
140 343 31 186 0 8 0
140 351 34 189 0 -8 0
140 343 37 192 8 8 0
148 351 40 195 0 8 0
148 359 43 198 0 -8 0
148 351 46 201 8 8 0
156 359 49 204 0 8 0
156 367 52 207 8 0 0
164 367 55 210 0 8 0
164 375 58 213 0 -8 0
164 367 61 216 8 0 0
172 367 64 219 0 0 0
172 367 67 222 0 -8 0
172 359 70 225 8 -8 0
180 351 73 228 0 -8 0
180 343 76 231 8 0 0
188 343 79 234 0 0 0
188 343 82 237 0 8 0
188 351 85 240 8 0 0
196 351 88 243 0 0 0
196 351 91 246 0 0 0
196 351 94 249 8 -8 0
204 343 97 252 0 -8 0
204 335 100 255 8 -8 0
212 327 103 258 0 8 0
212 335 106 261 0 0 0
212 335 109 264 8 -8 0
220 327 112 267 0 8 0
220 335 115 270 0 0 0
220 335 118 273 8 8 0
228 343 121 276 0 8 0
228 351 124 279 8 0 0
236 351 127 282 0 0 0
236 351 130 285 0 -8 0
236 343 133 288 8 8 0
244 351 136 291 0 0 0
244 351 139 294 0 0 0
244 351 142 297 8 8 0
252 359 145 300 0 0 0
252 359 148 303 8 -8 0
260 351 151 306 0 8 0
260 359 154 309 0 0 0
260 359 157 312 8 0 0
268 359 160 315 0 8 0
268 367 163 318 0 -8 0
268 359 166 321 8 0 0
276 359 169 324 0 0 0
276 359 172 327 8 0 0
284 359 175 330 0 -8 0
284 351 178 333 0 -8 0
284 343 181 336 8 0 0
292 343 184 339 0 -8 0
292 335 187 342 0 0 0
292 335 190 345 8 0 0
300 335 193 348 0 -8 0
300 327 196 351 8 -8 0
308 319 199 354 0 -8 0
308 311 202 357 0 8 0
308 319 205 360 8 -8 0
316 311 208 363 0 -8 0
316 303 211 366 0 -8 0
316 295 214 369 8 -8 0
324 287 217 372 0 8 0
324 295 220 375 8 8 0
332 303 223 378 0 -8 0
332 295 226 381 0 8 0
332 303 229 384 8 -8 0
340 295 232 387 0 -8 0
340 287 235 390 0 8 0
340 295 238 393 8 0 0
348 295 241 396 0 0 0
348 295 244 399 8 8 0
356 303 247 402 0 -8 0
356 295 250 405 0 8 0
356 303 253 408 8 -8 0
364 295 256 411 0 -8 0
364 287 259 414 0 0 0
364 287 262 417 8 0 0
372 287 265 420 0 0 0
372 287 268 423 8 -8 0
380 279 271 426 0 -8 0
380 271 274 429 0 -8 0
380 263 277 432 8 -8 0
388 255 280 435 0 0 0
388 255 283 438 0 -8 0
388 247 286 441 8 8 0
396 255 289 444 0 0 0
396 255 292 447 8 8 0
404 263 295 450 0 0 0
404 263 298 453 0 -8 0
404 255 301 456 8 8 0
412 263 304 459 0 0 0
412 263 307 462 0 8 0
412 271 310 465 8 8 0
420 279 313 468 0 0 0
420 279 316 471 8 -8 0
428 271 319 474 0 -8 0
428 263 322 477 0 -8 0
428 255 325 480 8 -8 0
436 247 328 483 0 8 0
436 255 331 486 0 8 0
436 263 334 489 8 -8 0
444 255 337 492 0 -8 0
444 247 340 495 8 -8 0
452 239 343 498 0 8 0
452 247 346 501 0 -8 0
452 239 349 504 8 0 0
460 239 352 507 0 -8 0
460 231 355 510 0 -8 0
460 223 358 513 8 8 0
468 231 361 516 0 8 0
468 239 364 519 8 0 0
476 239 367 522 0 -8 0
476 231 370 525 0 8 0
476 239 373 528 8 0 0
484 239 376 531 0 8 0
484 247 379 534 0 -8 0
484 239 382 537 8 -8 0
492 231 385 540 0 -8 0
492 223 388 543 8 0 0
500 223 391 546 0 0 0
500 223 394 549 0 0 0
500 223 397 552 8 0 0
508 223 400 555 0 8 0
508 231 403 558 0 0 0
508 231 406 561 8 -8 0
516 223 409 564 0 8 0
516 231 412 567 8 -8 0
524 223 415 570 0 0 0
524 223 418 573 0 8 0
524 231 421 576 8 -8 0
532 223 424 579 0 -8 0
532 215 427 582 0 -8 0
532 207 430 585 8 -8 0
540 199 433 588 0 8 0
540 207 436 591 8 0 0
540 207 439 588 0 -8 0
540 199 442 585 0 0 0
540 199 445 582 0 0 0
540 199 448 579 0 -8 0
540 191 451 576 0 -8 0
540 183 454 573 0 -8 0
540 175 457 570 0 -8 0
540 167 460 567 0 8 0
540 175 463 564 0 -8 0
540 167 466 561 0 -8 0
540 159 469 558 0 8 0
540 167 472 555 0 8 0
540 175 475 552 0 0 0
540 175 478 549 0 0 0
540 175 481 546 0 0 0
540 175 484 543 0 8 0
540 183 487 540 0 -8 0
540 175 490 537 0 -8 0
540 167 493 534 0 -8 0
540 159 496 531 0 8 0
540 167 499 528 0 0 0
540 167 502 525 0 8 0
540 175 505 522 0 8 0
540 183 508 519 0 0 0
540 183 511 516 0 -8 0
540 175 514 513 0 -8 0
540 167 517 510 0 -8 0
540 159 520 507 0 8 0
540 167 523 504 0 0 0
540 167 526 501 0 0 0
540 167 529 498 0 0 0
540 167 532 495 0 0 0
540 167 535 492 0 8 0
540 175 538 489 -8 0 0
532 175 541 486 0 -8 0
532 167 544 483 0 -8 0
532 159 547 480 -8 -8 0
524 151 550 477 0 8 0
524 159 553 474 0 0 0
524 159 556 471 -8 -8 0
516 151 559 468 0 8 0
516 159 562 465 -8 -8 0
508 151 565 462 0 0 0
508 151 568 459 0 8 0
508 159 571 456 -8 8 0
500 167 574 453 0 8 0
500 175 577 450 0 0 0
500 175 580 447 -8 -8 0
492 167 583 444 0 8 0
492 175 586 441 -8 0 0
484 175 589 438 0 0 0
484 175 592 435 0 8 0
484 183 595 432 -8 0 0
476 183 598 429 0 8 0
476 191 601 426 0 -8 0
476 183 604 423 -8 0 0
468 183 607 420 0 0 0
468 183 610 417 -8 0 0
460 183 613 414 0 8 0
460 191 616 411 0 0 0
460 191 619 408 -8 8 0
452 199 622 405 0 8 0
452 207 625 402 0 0 0
452 207 628 399 -8 0 0
444 207 631 396 0 -8 0
444 199 634 393 -8 -8 0
436 191 637 390 0 8 0
436 199 640 387 0 0 0
436 199 643 384 -8 -8 0
428 191 646 381 0 0 0
428 191 649 378 0 8 0
428 199 652 375 -8 8 0
420 207 655 372 0 -8 0
420 199 658 369 -8 8 0
412 207 661 366 0 8 0
412 215 664 363 0 0 0
412 215 667 360 -8 -8 0
404 207 670 357 0 -8 0
404 199 673 354 0 -8 0
404 191 676 351 -8 8 0
396 199 679 348 0 0 0
396 199 682 345 -8 8 0
388 207 685 342 0 -8 0
388 199 688 339 0 8 0
388 207 691 336 -8 0 0
380 207 694 333 0 8 0
380 215 697 330 0 8 0
380 223 700 327 -8 -8 0
372 215 703 324 0 8 0
372 223 706 321 -8 0 0
364 223 709 318 0 0 0
364 223 712 315 0 0 0
364 223 715 312 -8 0 0
356 223 718 309 0 -8 0
356 215 721 306 0 8 0
356 223 724 303 -8 0 0
348 223 727 300 0 0 0
348 223 730 297 -8 8 0
340 231 733 294 0 -8 0
340 223 736 291 0 0 0
340 223 739 288 -8 -8 0
332 215 742 285 0 8 0
332 223 745 282 0 0 0
332 223 748 279 -8 -8 0
324 215 751 276 0 0 0
324 215 754 273 -8 -8 0
316 207 757 270 0 -8 0
316 199 760 267 0 0 0
316 199 763 264 -8 8 0
308 207 766 261 0 0 0
308 207 769 258 0 8 0
308 215 772 255 -8 8 0
300 223 775 252 0 8 0
300 231 778 249 -8 8 0
292 239 781 246 0 8 0
292 247 778 243 0 -8 0
292 239 775 240 -8 0 0
284 239 772 237 0 -8 0
284 231 769 234 0 0 0
284 231 766 231 -8 8 0
276 239 763 228 0 0 0
276 239 760 225 -8 8 0
268 247 757 222 0 0 0
268 247 754 219 0 8 0
268 255 751 216 -8 -8 0
260 247 748 213 0 0 0
260 247 745 210 0 0 0
260 247 742 207 -8 -8 0
252 239 739 204 0 0 0
252 239 736 201 -8 -8 0
244 231 733 198 0 8 0
244 239 730 195 0 0 0
244 239 727 192 -8 -8 0
236 231 724 189 0 0 0
236 231 721 186 0 0 0
236 231 718 183 -8 8 0
228 239 715 180 0 8 0
228 247 712 177 -8 8 0
220 255 709 174 0 8 0
220 263 706 171 0 -8 0
220 255 703 168 -8 -8 0
212 247 700 165 0 -8 0
212 239 697 162 0 -8 0
212 231 694 159 -8 8 0
204 239 691 156 0 -8 0
204 231 688 153 -8 -8 0
196 223 685 150 0 -8 0
196 215 682 147 0 0 0
196 215 679 144 -8 0 0
188 215 676 141 0 8 0
188 223 673 138 0 8 0
188 231 670 135 -8 8 0
180 239 667 132 0 8 0
180 247 664 129 -8 0 0
172 247 661 126 0 8 0
172 255 658 123 0 0 0
172 255 655 120 -8 0 0
164 255 652 117 0 -8 0
164 247 649 114 0 -8 0
164 239 646 111 -8 0 0
156 239 643 108 0 -8 0
156 231 640 105 -8 -8 0
148 223 637 102 0 0 0
148 223 634 99 0 8 0
148 231 631 96 -8 8 0
140 239 628 93 0 0 0
140 239 625 90 0 0 0
140 239 622 87 -8 -8 0
132 231 619 84 0 0 0
132 231 616 81 -8 -8 0
124 223 613 78 0 -8 0
124 215 610 75 0 8 0
124 223 607 72 -8 8 0
116 231 604 69 0 -8 0
116 223 601 66 0 8 0
116 231 598 63 -8 0 0
108 231 595 60 0 8 0
108 239 592 57 -8 0 0
100 239 589 54 0 -8 0
100 231 586 51 0 -8 0
100 223 583 48 -8 0 0
92 223 580 45 0 -8 0
92 215 577 42 0 -8 0
92 207 574 39 -8 8 0
84 215 571 36 0 0 0
84 215 568 33 -8 8 0
76 223 565 30 0 0 0
76 223 562 27 0 0 0
76 223 559 24 -8 -8 0
68 215 556 21 0 8 0
68 223 553 18 0 8 0
68 231 550 15 -8 -8 0
60 223 547 12 0 -8 0
60 215 544 9 -8 8 0
60 223 541 12 0 0 0
60 223 538 15 0 -8 0
60 215 535 18 0 8 0
60 223 532 21 0 -8 0
60 215 529 24 0 -8 0
60 207 526 27 0 -8 0
60 199 523 30 0 8 0
60 207 520 33 0 -8 0
60 199 517 36 0 0 0
60 199 514 39 0 -8 0
60 191 511 42 0 -8 0
60 183 508 45 0 -8 0
60 175 505 48 0 8 0
60 183 502 51 0 0 0
60 183 499 54 0 -8 0
60 175 496 57 0 -8 0
60 167 493 60 0 8 0
60 175 490 63 0 0 0
60 175 487 66 0 0 0
60 175 484 69 0 8 0
60 183 481 72 0 -8 0
60 175 478 75 0 8 0
60 183 475 78 0 8 0
60 191 472 81 0 8 0
60 199 469 84 0 -8 0
60 191 466 87 0 8 0
60 199 463 90 0 8 0
60 207 460 93 0 0 0
60 207 457 96 0 0 0
60 207 454 99 0 0 0
60 207 451 102 0 8 0
60 215 448 105 0 -8 0
60 207 445 108 0 -8 0
60 199 442 111 8 8 0
68 207 439 114 0 0 0
68 207 436 117 0 0 0
68 207 433 120 8 8 0
76 215 430 123 0 0 0
76 215 427 126 0 0 0
76 215 424 129 8 -8 0
84 207 421 132 0 8 0
84 215 418 135 8 8 0
92 223 415 138 0 -8 0
92 215 412 141 0 8 0
92 223 409 144 8 8 0
100 231 406 147 0 -8 0
100 223 403 150 0 8 0
100 231 400 153 8 0 0
108 231 397 156 0 8 0
108 239 394 159 8 8 0
116 247 391 162 0 8 0
116 255 388 165 0 8 0
116 263 385 168 8 8 0
124 271 382 171 0 -8 0
124 263 379 174 0 0 0
124 263 376 177 8 8 0
132 271 373 180 0 0 0
132 271 370 183 8 8 0
140 279 367 186 0 8 0
140 287 364 189 0 0 0
140 287 361 192 8 8 0
148 295 358 195 0 0 0
148 295 355 198 0 -8 0
148 287 352 201 8 0 0
156 287 349 204 0 -8 0
156 279 346 207 8 8 0
164 287 343 210 0 8 0
164 295 340 213 0 -8 0
164 287 337 216 8 -8 0
172 279 334 219 0 -8 0
172 271 331 222 0 0 0
172 271 328 225 8 8 0
180 279 325 228 0 8 0
180 287 322 231 8 -8 0
188 279 319 234 0 0 0
188 279 316 237 0 8 0
188 287 313 240 8 -8 0
196 279 310 243 0 -8 0
196 271 307 246 0 0 0
196 271 304 249 8 8 0
204 279 301 252 0 8 0
204 287 298 255 8 8 0
212 295 295 258 0 -8 0
212 287 292 261 0 -8 0
212 279 289 264 8 -8 0
220 271 286 267 0 -8 0
220 263 283 270 0 -8 0
220 255 280 273 8 -8 0
228 247 277 276 0 0 0
228 247 274 279 8 8 0
236 255 271 282 0 8 0
236 263 268 285 0 0 0
236 263 265 288 8 8 0
244 271 262 291 0 8 0
244 279 259 294 0 8 0
244 287 256 297 8 -8 0
252 279 253 300 0 0 0
252 279 250 303 8 -8 0
260 271 247 306 0 -8 0
260 263 244 309 0 0 0
260 263 241 312 8 8 0
268 271 238 315 0 8 0
268 279 235 318 0 0 0
268 279 232 321 8 8 0
276 287 229 324 0 0 0
276 287 226 327 8 0 0
284 287 223 330 0 -8 0
284 279 220 333 0 0 0
284 279 217 336 8 8 0
292 287 214 339 0 -8 0
292 279 211 342 0 0 0
292 279 208 345 8 8 0
300 287 205 348 0 -8 0
300 279 202 351 8 8 0
308 287 199 354 0 -8 0
308 279 196 357 0 0 0
308 279 193 360 8 0 0
316 279 190 363 0 -8 0
316 271 187 366 0 8 0
316 279 184 369 8 0 0
324 279 181 372 0 0 0
324 279 178 375 8 0 0
332 279 175 378 0 8 0
332 287 172 381 0 8 0
332 295 169 384 8 0 0
340 295 166 387 0 0 0
340 295 163 390 0 -8 0
340 287 160 393 8 8 0
348 295 157 396 0 8 0
348 303 154 399 8 0 0
356 303 151 402 0 8 0
356 311 148 405 0 -8 0
356 303 145 408 8 0 0
364 303 142 411 0 8 0
364 311 139 414 0 -8 0
364 303 136 417 8 8 0
372 311 133 420 0 -8 0
372 303 130 423 8 8 0
380 311 127 426 0 8 0
380 319 124 429 0 -8 0
380 311 121 432 8 0 0
388 311 118 435 0 8 0
388 319 115 438 0 8 0
388 327 112 441 8 0 0
396 327 109 444 0 -8 0
396 319 106 447 8 8 0
404 327 103 450 0 0 0
404 327 100 453 0 8 0
404 335 97 456 8 8 0
412 343 94 459 0 -8 0
412 335 91 462 0 -8 0
412 327 88 465 8 -8 0
420 319 85 468 0 -8 0
420 311 82 471 8 0 0
428 311 79 474 0 8 0
428 319 76 477 0 0 0
428 319 73 480 8 0 0
436 319 70 483 0 -8 0
436 311 67 486 0 0 0
436 311 64 489 8 -8 0
444 303 61 492 0 0 0
444 303 58 495 8 -8 0
452 295 55 498 0 0 0
452 295 52 501 0 8 0
452 303 49 504 8 0 0
460 303 46 507 0 -8 0
460 295 43 510 0 8 0
460 303 40 513 8 0 0
468 303 37 516 0 8 0
468 311 34 519 8 -8 0
476 303 31 522 0 0 0
476 303 28 525 0 8 0
476 311 25 528 8 -8 0
484 303 22 531 0 0 0
484 303 19 534 0 0 0
484 303 22 537 8 8 0
492 311 25 540 0 8 0
492 319 28 543 8 8 0
500 327 31 546 0 8 0
500 335 34 549 0 8 0
500 343 37 552 8 8 0
508 351 40 555 0 -8 0
508 343 43 558 0 -8 0
508 335 46 561 8 0 0
516 335 49 564 0 0 0
516 335 52 567 8 0 0
524 335 55 570 0 0 0
524 335 58 573 0 0 0
524 335 61 576 8 0 0
532 335 64 579 0 -8 0
532 327 67 582 0 -8 0
532 319 70 585 8 0 0
540 319 73 588 0 0 0
540 319 76 591 8 -8 0
540 311 79 588 0 8 0
540 319 82 585 0 -8 0
540 311 85 582 0 0 0
540 311 88 579 0 -8 0
540 303 91 576 0 0 0
540 303 94 573 0 8 0
540 311 97 570 0 0 0
540 311 100 567 0 -8 0
540 303 103 564 0 0 0
540 303 106 561 0 8 0
540 311 109 558 0 -8 0
540 303 112 555 0 0 0
540 303 115 552 0 8 0
540 311 118 549 0 8 0
540 319 121 546 0 -8 0
540 311 124 543 0 -8 0
540 303 127 540 0 8 0
540 311 130 537 0 0 0
540 311 133 534 0 0 0
540 311 136 531 0 -8 0
540 303 139 528 0 0 0
540 303 142 525 0 8 0
540 311 145 522 0 -8 0
540 303 148 519 0 -8 0
540 295 151 516 0 8 0
540 303 154 513 0 0 0
540 303 157 510 0 0 0
540 303 160 507 0 -8 0
540 295 163 504 0 0 0
540 295 166 501 0 -8 0
540 287 169 498 0 8 0
540 295 172 495 0 -8 0
540 287 175 492 0 -8 0
540 279 178 489 -8 8 0
532 287 181 486 0 8 0
532 295 184 483 0 0 0
532 295 187 480 -8 8 0
524 303 190 477 0 0 0
524 303 193 474 0 -8 0
524 295 196 471 -8 0 0
516 295 199 468 0 8 0
516 303 202 465 -8 8 0
508 311 205 462 0 8 0
508 319 208 459 0 0 0
508 319 211 456 -8 0 0
500 319 214 453 0 0 0
500 319 217 450 0 8 0
500 327 220 447 -8 -8 0
492 319 223 444 0 -8 0
492 311 226 441 -8 8 0
484 319 229 438 0 8 0
484 327 232 435 0 8 0
484 335 235 432 -8 -8 0
476 327 238 429 0 8 0
476 335 241 426 0 0 0
476 335 244 423 -8 0 0
468 335 247 420 0 0 0
468 335 250 417 -8 8 0
460 343 253 414 0 0 0
460 343 256 411 0 -8 0
460 335 259 408 -8 -8 0
452 327 262 405 0 -8 0
452 319 265 402 0 8 0
452 327 268 399 -8 8 0
444 335 271 396 0 -8 0
444 327 274 393 -8 0 0
436 327 277 390 0 8 0
436 335 280 387 0 0 0
436 335 283 384 -8 -8 0
428 327 286 381 0 8 0
428 335 289 378 0 0 0
428 335 292 375 -8 -8 0
420 327 295 372 0 8 0
420 335 298 369 -8 8 0
412 343 301 366 0 -8 0
412 335 304 363 0 0 0
412 335 307 360 -8 0 0
404 335 310 357 0 8 0
404 343 313 354 0 0 0
404 343 316 351 -8 0 0
396 343 319 348 0 -8 0
396 335 322 345 -8 8 0
388 343 325 342 0 8 0
388 351 328 339 0 0 0
388 351 331 336 -8 0 0
380 351 334 333 0 0 0
380 351 337 330 0 -8 0
380 343 340 327 -8 0 0
372 343 343 324 0 0 0
372 343 346 321 -8 8 0
364 351 349 318 0 -8 0
364 343 352 315 0 8 0
364 351 355 312 -8 0 0
356 351 358 309 0 -8 0
356 343 361 306 0 0 0
356 343 364 303 -8 8 0
348 351 367 300 0 8 0
348 359 370 297 -8 8 0
340 367 373 294 0 -8 0
340 359 376 291 0 -8 0
340 351 379 288 -8 0 0
332 351 382 285 0 -8 0
332 343 385 282 0 0 0
332 343 388 279 -8 0 0
324 343 391 276 0 0 0
324 343 394 273 -8 8 0
316 351 397 270 0 0 0
316 351 400 267 0 0 0
316 351 403 264 -8 8 0
308 359 406 261 0 0 0
308 359 409 258 0 0 0
308 359 412 255 -8 -8 0
300 351 415 252 0 8 0
300 359 418 249 -8 0 0
292 359 421 246 0 -8 0
292 351 424 243 0 0 0
292 351 427 240 -8 0 0
284 351 430 237 0 0 0
284 351 433 234 0 0 0
284 351 436 231 -8 -8 0
276 343 439 228 0 8 0
276 351 442 225 -8 0 0
268 351 445 222 0 -8 0
268 343 448 219 0 -8 0
268 335 451 216 -8 8 0
260 343 454 213 0 0 0
260 343 457 210 0 8 0
260 351 460 207 -8 8 0
252 359 463 204 0 0 0
252 359 466 201 -8 -8 0
244 351 469 198 0 0 0
244 351 472 195 0 8 0
244 359 475 192 -8 8 0
236 367 478 189 0 0 0
236 367 481 186 0 0 0
236 367 484 183 -8 -8 0
228 359 487 180 0 0 0
228 359 490 177 -8 -8 0
220 351 493 174 0 0 0
220 351 496 171 0 8 0
220 359 499 168 -8 8 0
212 367 502 165 0 0 0
212 367 505 162 0 0 0
212 367 508 159 -8 -8 0
204 359 511 156 0 8 0
204 367 514 153 -8 8 0
196 375 517 150 0 -8 0
196 367 520 147 0 -8 0
196 359 523 144 -8 0 0
188 359 526 141 0 -8 0
188 351 529 138 0 8 0
188 359 532 135 -8 -8 0
180 351 535 132 0 0 0
180 351 538 129 -8 8 0
172 359 541 126 0 -8 0
172 351 544 123 0 -8 0
172 343 547 120 -8 8 0
164 351 550 117 0 0 0
164 351 553 114 0 0 0
164 351 556 111 -8 0 0
156 351 559 108 0 0 0
156 351 562 105 -8 0 0
148 351 565 102 0 0 0
148 351 568 99 0 0 0
148 351 571 96 -8 8 0
140 359 574 93 0 8 0
140 367 577 90 0 8 0
140 375 580 87 -8 0 0
132 375 583 84 0 -8 0
132 367 586 81 -8 -8 0
124 359 589 78 0 8 0
124 367 592 75 0 8 0
124 375 595 72 -8 8 0
116 383 598 69 0 0 0
116 383 601 66 0 8 0
116 391 604 63 -8 -8 0
108 383 607 60 0 -8 0
108 375 610 57 -8 -8 0
100 367 613 54 0 -8 0
100 359 616 51 0 -8 0
100 351 619 48 -8 -8 0
92 343 622 45 0 -8 0
92 335 625 42 0 0 0
92 335 628 39 -8 0 0
84 335 631 36 0 0 0
84 335 634 33 -8 -8 0
76 327 637 30 0 0 0
76 327 640 27 0 8 0
76 335 643 24 -8 0 0
68 335 646 21 0 0 0
68 335 649 18 0 0 0
68 335 652 15 -8 -8 0
60 327 655 12 0 8 0
60 335 658 9 -8 0 0
60 335 661 12 0 8 0
60 343 664 15 0 -8 0
60 335 667 18 0 0 0
60 335 670 21 0 0 0
60 335 673 24 0 -8 0
60 327 676 27 0 -8 0
60 319 679 30 0 -8 0
60 311 682 33 0 8 0
60 319 685 36 0 -8 0
60 311 688 39 0 -8 0
60 303 691 42 0 8 0
60 311 694 45 0 0 0
60 311 697 48 0 8 0
60 319 700 51 0 8 0
60 327 703 54 0 8 0
60 335 706 57 0 0 0
60 335 709 60 0 8 0
60 343 712 63 0 0 0
60 343 715 66 0 0 0
60 343 718 69 0 8 0
60 351 721 72 0 0 0
60 351 724 75 0 -8 0
60 343 727 78 0 8 0
60 351 730 81 0 0 0
60 351 733 84 0 0 0
60 351 736 87 0 -8 0
60 343 739 90 0 8 0
60 351 742 93 0 -8 0
60 343 745 96 0 8 0
60 351 748 99 0 0 0
60 351 751 102 0 -8 0
60 343 754 105 0 0 0
60 343 757 108 0 8 0
60 351 760 111 8 0 0
68 351 763 114 0 -8 0
68 343 766 117 0 -8 0
68 335 769 120 8 -8 0
76 327 772 123 0 8 0
76 335 775 126 0 0 0
76 335 778 129 8 -8 0
84 327 781 132 0 0 1
84 327 781 132 0 0 1
84 327 781 132 0 0 1
84 327 781 132 0 0 1
84 327 781 132 0 0 1
