241 238 196 237 0 0 0
241 238 193 234 0 -8 0
241 230 190 231 0 -8 0
241 222 187 228 0 -8 0
241 214 184 225 0 -8 0
241 206 181 222 0 0 0
241 206 178 219 0 -8 0
241 198 175 216 0 0 0
241 198 172 213 0 8 0
241 206 169 210 0 -8 0
241 198 166 207 0 0 0
241 198 163 204 0 8 0
241 206 160 201 0 8 0
241 214 157 198 0 8 0
241 222 154 195 0 -8 0
241 214 151 192 0 0 0
241 214 148 189 -8 8 0
233 222 145 186 0 -8 0
233 214 142 183 0 0 0
233 214 139 180 -8 0 0
225 214 136 177 0 0 0
225 214 133 174 -8 8 0
217 222 130 171 0 -8 0
217 214 127 168 0 8 0
217 222 124 165 -8 8 0
209 230 121 162 0 0 0
209 230 118 159 0 8 0
209 238 115 156 -8 0 0
201 238 112 153 0 8 0
201 246 109 150 -8 -8 0
193 238 106 147 0 0 0
193 238 103 144 0 -8 0
193 230 100 141 -8 0 0
185 230 97 138 0 -8 0
185 222 94 135 0 -8 0
185 214 91 132 -8 0 0
177 214 88 129 0 0 0
177 214 85 126 -8 -8 0
169 206 82 123 0 0 0
169 206 79 120 0 -8 0
169 198 76 117 -8 -8 0
161 190 73 114 0 -8 0
161 182 70 111 0 0 0
161 182 67 108 -8 0 0
153 182 64 105 0 -8 0
153 174 61 102 -8 8 0
145 182 58 99 0 -8 0
145 174 55 96 0 -8 0
145 166 52 93 -8 8 0
137 174 49 90 0 0 0
137 174 46 87 0 0 0
137 174 43 84 -8 -8 0
129 166 40 81 0 0 0
129 166 37 78 -8 8 0
121 174 34 75 0 -8 0
121 166 31 72 0 8 0
121 174 28 69 -8 8 0
113 182 25 66 0 -8 0
113 174 22 63 0 8 0
113 182 19 60 0 0 1
113 182 19 60 0 0 1
113 182 19 60 0 0 1
113 182 19 60 0 0 1
113 182 19 60 0 0 1
