120 188 166 480 0 0 0
120 188 163 483 8 0 0
128 188 160 486 8 0 0
136 188 157 489 8 8 0
144 196 154 492 8 8 0
152 204 151 495 8 0 0
160 204 148 498 8 8 0
168 212 145 501 8 0 0
176 212 142 504 8 0 0
184 212 139 507 8 8 0
192 220 136 510 8 -8 0
200 212 133 513 8 -8 0
208 204 130 516 8 8 0
216 212 127 519 8 8 0
224 220 124 522 8 8 0
232 228 121 525 8 0 0
240 228 118 528 8 8 0
248 236 115 531 8 -8 0
256 228 112 534 8 0 0
264 228 109 537 8 -8 0
272 220 106 540 8 0 0
280 220 103 543 8 -8 0
288 212 100 546 8 0 0
296 212 97 549 8 8 0
304 220 94 552 8 0 0
312 220 91 555 8 8 0
320 228 88 558 8 0 0
328 228 85 561 8 -8 0
336 220 82 564 8 -8 0
344 212 79 567 8 0 0
352 212 76 570 8 0 0
360 212 73 573 8 -8 0
368 204 70 576 8 -8 0
376 196 67 579 8 -8 0
384 188 64 582 8 0 0
392 188 61 585 8 0 0
400 188 58 588 8 0 0
408 188 55 591 8 0 0
416 188 52 588 8 8 0
424 196 49 585 8 8 0
432 204 46 582 8 0 0
440 204 43 579 8 8 0
448 212 40 576 8 -8 0
456 204 37 573 8 0 0
464 204 34 570 8 -8 0
472 196 31 567 8 0 0
480 196 28 564 8 -8 0
488 188 25 561 8 8 0
496 196 22 558 8 0 0
504 196 19 555 0 0 1
504 196 19 555 0 0 1
504 196 19 555 0 0 1
504 196 19 555 0 0 1
504 196 19 555 0 0 1
