118 291 286 420 0 0 0
118 291 289 423 8 8 0
126 299 292 426 8 8 0
134 307 295 429 8 8 0
142 315 298 432 8 0 0
150 315 301 435 8 -8 0
158 307 304 438 8 -8 0
166 299 307 441 8 -8 0
174 291 310 444 8 8 0
182 299 313 447 8 -8 0
190 291 316 450 8 8 0
198 299 319 453 8 0 0
206 299 322 456 8 -8 0
214 291 325 459 8 8 0
222 299 328 462 8 8 0
230 307 331 465 8 0 0
238 307 334 468 8 0 0
246 307 337 471 8 -8 0
254 299 340 474 8 0 0
262 299 343 477 8 -8 0
270 291 346 480 8 0 0
278 291 349 483 8 0 0
286 291 352 486 8 -8 0
294 283 355 489 8 0 0
302 283 358 492 8 -8 0
310 275 361 495 8 0 0
318 275 364 498 8 -8 0
326 267 367 501 8 -8 0
334 259 370 504 8 0 0
342 259 373 507 8 0 0
350 259 376 510 8 8 0
358 267 379 513 8 0 0
366 267 382 516 8 -8 0
374 259 385 519 8 0 0
382 259 388 522 8 -8 0
390 251 391 525 8 0 0
398 251 394 528 8 -8 0
406 243 397 531 8 8 0
414 251 400 534 8 -8 0
422 243 403 537 8 -8 0
430 235 406 540 8 -8 0
438 227 409 543 8 -8 0
446 219 412 546 8 0 0
454 219 415 549 8 -8 0
462 211 418 552 8 0 0
470 211 421 555 8 8 0
478 219 424 558 8 8 0
486 227 427 561 8 -8 0
494 219 430 564 8 8 0
502 227 433 567 8 0 0
510 227 436 570 8 0 0
518 227 439 573 8 -8 0
526 219 442 576 0 8 0
526 227 445 579 8 0 0
534 227 448 582 0 0 0
534 227 451 585 8 0 0
540 227 454 588 0 0 0
540 227 457 591 8 0 0
540 227 460 588 0 0 0
540 227 463 585 0 8 0
540 235 466 582 0 -8 0
540 227 469 579 0 0 0
540 227 472 576 0 -8 0
540 219 475 573 0 8 0
540 227 478 570 0 -8 0
540 219 481 567 0 -8 0
540 211 484 564 0 0 0
540 211 487 561 0 8 0
540 219 490 558 0 0 0
540 219 493 555 0 -8 0
540 211 496 552 0 -8 0
540 203 499 549 0 8 0
540 211 502 546 0 8 0
540 219 505 543 0 -8 0
540 211 508 540 0 8 0
540 219 511 537 0 -8 0
540 211 514 534 0 8 0
540 219 517 531 0 -8 0
540 211 520 528 0 8 0
540 219 523 525 0 -8 0
540 211 526 522 0 8 0
540 219 529 519 0 -8 0
540 211 532 516 0 0 0
540 211 535 513 0 -8 0
540 203 538 510 0 -8 0
540 195 541 507 0 -8 0
540 187 544 504 0 -8 0
540 179 547 501 0 0 0
540 179 550 498 0 0 0
540 179 553 495 0 0 0
540 179 556 492 0 -8 0
540 171 559 489 -8 -8 0
532 163 562 486 0 -8 0
532 155 565 483 0 8 0
532 163 568 480 -8 0 0
524 163 571 477 0 -8 0
524 155 574 474 0 8 0
524 163 577 471 -8 0 0
516 163 580 468 0 0 0
516 163 583 465 -8 8 0
508 171 586 462 0 0 0
508 171 589 459 0 8 0
508 179 592 456 -8 -8 0
500 171 595 453 0 0 0
500 171 598 450 0 -8 0
500 163 601 447 -8 8 0
492 171 604 444 0 0 0
492 171 607 441 -8 -8 0
484 163 610 438 0 8 0
484 171 613 435 0 8 0
484 179 616 432 -8 -8 0
476 171 619 429 0 0 0
476 171 622 426 0 -8 0
476 163 625 423 -8 8 0
468 171 628 420 0 8 0
468 179 631 417 -8 0 0
460 179 634 414 0 8 0
460 187 637 411 0 8 0
460 195 640 408 -8 -8 0
452 187 643 405 0 0 0
452 187 646 402 0 0 0
452 187 649 399 -8 -8 0
444 179 652 396 0 8 0
444 187 655 393 -8 -8 0
436 179 658 390 0 0 0
436 179 661 387 0 -8 0
436 171 664 384 -8 -8 0
428 163 667 381 0 -8 0
428 155 670 378 0 8 0
428 163 673 375 -8 8 0
420 171 676 372 0 8 0
420 179 679 369 -8 0 0
412 179 682 366 0 0 0
412 179 685 363 0 0 0
412 179 688 360 -8 0 0
404 179 691 357 0 0 0
404 179 694 354 0 0 0
404 179 697 351 -8 0 0
396 179 700 348 0 0 0
396 179 703 345 -8 -8 0
388 171 706 342 0 0 0
388 171 709 339 0 -8 0
388 163 712 336 -8 8 0
380 171 715 333 0 0 0
380 171 718 330 0 0 0
380 171 721 327 -8 8 0
372 179 724 324 0 8 0
372 187 727 321 -8 -8 0
364 179 730 318 0 8 0
364 187 733 315 0 0 0
364 187 736 312 -8 8 0
356 195 739 309 0 0 0
356 195 742 306 0 8 0
356 203 745 303 -8 0 0
348 203 748 300 0 8 0
348 211 751 297 -8 0 0
340 211 754 294 0 -8 0
340 203 757 291 0 -8 0
340 195 760 288 -8 0 0
332 195 763 285 0 0 0
332 195 766 282 0 0 0
332 195 769 279 -8 -8 0
324 187 772 276 0 -8 0
324 179 775 273 -8 -8 0
316 171 778 270 0 8 0
316 179 781 267 0 0 1
316 179 781 267 0 0 1
316 179 781 267 0 0 1
316 179 781 267 0 0 1
316 179 781 267 0 0 1
