496 442 334 156 0 0 0
496 442 331 159 -8 8 0
488 450 328 162 -8 0 0
480 450 325 165 -8 0 0
472 450 322 168 -8 -8 0
464 442 319 171 -8 -8 0
456 434 316 174 -8 0 0
448 434 313 177 -8 -8 0
440 426 310 180 -8 -8 0
432 418 307 183 -8 0 0
424 418 304 186 -8 8 0
416 426 301 189 -8 -8 0
408 418 298 192 -8 -8 0
400 410 295 195 -8 8 0
392 418 292 198 -8 -8 0
384 410 289 201 -8 -8 0
376 402 286 204 -8 -8 0
368 394 283 207 -8 0 0
360 394 280 210 -8 8 0
352 402 277 213 -8 0 0
344 402 274 216 -8 8 0
336 410 271 219 -8 -8 0
328 402 268 222 -8 0 0
320 402 265 225 -8 -8 0
312 394 262 228 -8 -8 0
304 386 259 231 -8 0 0
296 386 256 234 -8 0 0
288 386 253 237 -8 8 0
280 394 250 240 0 0 0
280 394 247 243 0 8 0
280 402 244 246 0 0 0
280 402 241 249 0 -8 0
280 394 238 252 0 8 0
280 402 235 255 0 8 0
280 410 232 258 0 8 0
280 418 229 261 0 0 0
280 418 226 264 0 -8 0
280 410 223 267 0 8 0
280 418 220 270 0 0 0
280 418 217 273 0 8 0
280 426 214 276 0 0 0
280 426 211 279 0 8 0
280 434 208 282 0 0 0
280 434 205 285 0 -8 0
280 426 202 288 0 8 0
280 434 199 291 0 -8 0
280 426 196 294 0 8 0
280 434 193 297 0 8 0
280 442 190 300 0 -8 0
280 434 187 303 0 -8 0
280 426 184 306 0 -8 0
280 418 181 309 0 0 0
280 418 178 312 0 0 0
280 418 175 315 0 0 0
280 418 172 318 0 -8 0
280 410 169 321 0 8 0
280 418 166 324 0 -8 0
280 410 163 327 0 0 0
280 410 160 330 0 8 0
280 418 157 333 8 0 0
288 418 154 336 0 8 0
288 426 151 339 8 -8 0
296 418 148 342 0 -8 0
296 410 145 345 0 0 0
296 410 142 348 8 8 0
304 418 139 351 0 8 0
304 426 136 354 0 8 0
304 434 133 357 8 8 0
312 442 130 360 0 -8 0
312 434 127 363 8 0 0
320 434 124 366 0 -8 0
320 426 121 369 0 0 0
320 426 118 372 8 0 0
328 426 115 375 0 -8 0
328 418 112 378 0 0 0
328 418 109 381 8 8 0
336 426 106 384 0 -8 0
336 418 103 387 8 0 0
344 418 100 390 0 0 0
344 418 97 393 0 -8 0
344 410 94 396 8 -8 0
352 402 91 399 0 -8 0
352 394 88 402 0 8 0
352 402 85 405 8 -8 0
360 394 82 408 0 0 0
360 394 79 411 8 0 0
368 394 76 414 0 -8 0
368 386 73 417 0 8 0
368 394 70 420 8 0 0
376 394 67 423 0 0 0
376 394 64 426 0 8 0
376 402 61 429 8 0 0
384 402 58 432 0 8 0
384 410 55 435 8 0 0
392 410 52 438 0 0 0
392 410 49 441 0 -8 0
392 402 46 444 8 -8 0
400 394 43 447 0 8 0
400 402 40 450 0 8 0
400 410 37 453 8 8 0
408 418 34 456 0 -8 0
408 410 31 459 8 -8 0
416 402 28 462 0 0 0
416 402 25 465 0 -8 0
416 394 22 468 8 8 0
424 402 19 471 0 8 0
424 410 22 474 0 8 0
424 418 25 477 8 -8 0
432 410 28 480 0 0 0
432 410 31 483 8 8 0
440 418 34 486 0 0 0
440 418 37 489 0 0 0
440 418 40 492 8 8 0
448 426 43 495 0 0 0
448 426 46 498 0 0 0
448 426 49 501 8 8 0
456 434 52 504 0 8 0
456 442 55 507 8 0 0
464 442 58 510 0 8 0
464 450 61 513 0 -8 0
464 442 64 516 8 0 0
472 442 67 519 0 0 0
472 442 70 522 0 0 0
472 442 73 525 8 8 0
480 450 76 528 0 8 0
480 458 79 531 8 0 0
488 458 82 534 0 -8 0
488 450 85 537 0 -8 0
488 442 88 540 8 8 0
496 450 91 543 0 8 0
496 458 94 546 0 0 0
496 458 97 549 8 -8 0
504 450 100 552 0 0 0
504 450 103 555 8 -8 0
512 442 106 558 0 0 0
512 442 109 561 0 0 0
512 442 112 564 8 8 0
520 450 115 567 0 -8 0
520 442 118 570 0 -8 0
520 434 121 573 8 -8 0
528 426 124 576 0 -8 0
528 418 127 579 8 0 0
536 418 130 582 0 -8 0
536 410 133 585 0 0 0
536 410 136 588 8 0 0
540 410 139 591 8 0 0
540 410 142 588 0 0 0
540 410 145 585 0 0 0
540 410 148 582 0 0 0
540 410 151 579 0 0 0
540 410 154 576 0 0 0
540 410 157 573 0 0 0
540 410 160 570 0 0 0
540 410 163 567 0 0 0
540 410 166 564 0 8 0
540 418 169 561 0 0 0
540 418 172 558 0 -8 0
540 410 175 555 0 -8 0
540 402 178 552 0 8 0
540 410 181 549 0 -8 0
540 402 184 546 0 -8 0
540 394 187 543 0 -8 0
540 386 190 540 0 -8 0
540 378 193 537 0 -8 0
540 370 196 534 0 8 0
540 378 199 531 0 8 0
540 386 202 528 0 8 0
540 394 205 525 0 8 0
540 402 208 522 0 8 0
540 410 211 519 0 0 0
540 410 214 516 0 8 0
540 418 217 513 0 0 0
540 418 220 510 0 0 0
540 418 223 507 0 0 0
540 418 226 504 0 0 0
540 418 229 501 0 8 0
540 426 232 498 0 -8 0
540 418 235 495 0 0 0
540 418 238 492 0 0 0
540 418 241 489 -8 0 0
532 418 244 486 0 8 0
532 426 247 483 0 8 0
532 434 250 480 -8 -8 0
524 426 253 477 0 -8 0
524 418 256 474 0 -8 0
524 410 259 471 -8 -8 0
516 402 262 468 0 8 0
516 410 265 465 -8 -8 0
508 402 268 462 0 8 0
508 410 271 459 0 0 0
508 410 274 456 -8 0 0
500 410 277 453 0 -8 0
500 402 280 450 0 8 0
500 410 283 447 -8 8 0
492 418 286 444 0 8 0
492 426 289 441 -8 0 0
484 426 292 438 0 0 0
484 426 295 435 0 8 0
484 434 298 432 -8 8 0
476 442 301 429 0 0 0
476 442 304 426 0 0 0
476 442 307 423 -8 0 0
468 442 310 420 0 0 0
468 442 313 417 -8 -8 0
460 434 316 414 0 -8 0
460 426 319 411 0 -8 0
460 418 322 408 -8 0 0
452 418 325 405 0 8 0
452 426 328 402 0 0 0
452 426 331 399 -8 8 0
444 434 334 396 0 0 0
444 434 337 393 -8 8 0
436 442 340 390 0 8 0
436 450 343 387 0 0 0
436 450 346 384 -8 8 0
428 458 349 381 0 0 0
428 458 352 378 0 8 0
428 466 355 375 -8 -8 0
420 458 358 372 0 0 0
420 458 361 369 -8 -8 0
412 450 364 366 0 0 0
412 450 367 363 0 -8 0
412 442 370 360 -8 -8 0
404 434 373 357 0 -8 0
404 426 376 354 0 -8 0
404 418 379 351 -8 0 0
396 418 382 348 0 -8 0
396 410 385 345 -8 -8 0
388 402 388 342 0 8 0
388 410 391 339 0 0 0
388 410 394 336 -8 0 0
380 410 397 333 0 -8 0
380 402 400 330 0 0 0
380 402 403 327 -8 -8 0
372 394 406 324 0 0 0
372 394 409 321 -8 0 0
364 394 412 318 0 0 0
364 394 415 315 0 8 0
364 402 418 312 -8 0 0
356 402 421 309 0 -8 0
356 394 424 306 0 0 0
356 394 427 303 -8 0 0
348 394 430 300 0 -8 0
348 386 433 297 -8 8 0
340 394 436 294 0 -8 0
340 386 439 291 0 0 0
340 386 442 288 -8 0 0
332 386 445 285 0 0 0
332 386 448 282 0 -8 0
332 378 451 279 -8 -8 0
324 370 454 276 0 8 0
324 378 457 273 -8 -8 0
316 370 460 270 0 -8 0
316 362 463 267 0 -8 0
316 354 466 264 -8 -8 0
308 346 469 261 0 -8 0
308 338 472 258 0 0 0
308 338 475 255 -8 0 0
300 338 478 252 0 -8 0
300 330 481 249 -8 0 0
292 330 484 246 0 -8 0
292 322 487 243 0 -8 0
292 314 490 240 -8 8 0
284 322 493 237 0 8 0
284 330 496 234 0 8 0
284 338 499 231 -8 8 0
276 346 502 228 0 8 0
276 354 505 225 -8 0 0
268 354 508 222 0 -8 0
268 346 511 219 0 8 0
268 354 514 216 -8 8 0
260 362 517 213 0 0 0
260 362 520 210 0 0 0
260 362 523 207 -8 8 0
252 370 526 204 0 8 0
252 378 529 201 -8 8 0
244 386 532 198 0 0 0
244 386 535 195 0 8 0
244 394 538 192 -8 -8 0
236 386 541 189 0 8 0
236 394 544 186 0 8 0
236 402 547 183 -8 0 0
228 402 550 180 0 0 0
228 402 553 177 -8 8 0
220 410 556 174 0 0 0
220 410 559 171 0 0 0
220 410 562 168 -8 0 0
212 410 565 165 0 -8 0
212 402 568 162 0 0 0
212 402 571 159 -8 8 0
204 410 574 156 0 8 0
204 418 577 153 -8 -8 0
196 410 580 150 0 -8 0
196 402 583 147 0 0 0
196 402 586 144 -8 -8 0
188 394 589 141 0 0 0
188 394 592 138 0 0 0
188 394 595 135 -8 8 0
180 402 598 132 0 8 0
180 410 601 129 -8 0 0
172 410 604 126 0 0 0
172 410 607 123 0 8 0
172 418 610 120 -8 -8 0
164 410 613 117 0 8 0
164 418 616 114 0 0 0
164 418 619 111 -8 -8 0
156 410 622 108 0 8 0
156 418 625 105 -8 8 0
148 426 628 102 0 -8 0
148 418 631 99 0 -8 0
148 410 634 96 -8 -8 0
140 402 637 93 0 8 0
140 410 640 90 0 -8 0
140 402 643 87 -8 8 0
132 410 646 84 0 8 0
132 418 649 81 -8 -8 0
124 410 652 78 0 0 0
124 410 655 75 0 0 0
124 410 658 72 -8 0 0
116 410 661 69 0 0 0
116 410 664 66 0 8 0
116 418 667 63 -8 8 0
108 426 670 60 0 8 0
108 434 673 57 -8 0 0
100 434 676 54 0 0 0
100 434 679 51 0 -8 0
100 426 682 48 -8 -8 0
92 418 685 45 0 8 0
92 426 688 42 0 -8 0
92 418 691 39 -8 0 0
84 418 694 36 0 0 0
84 418 697 33 -8 8 0
76 426 700 30 0 -8 0
76 418 703 27 0 0 0
76 418 706 24 -8 0 0
68 418 709 21 0 -8 0
68 410 712 18 0 -8 0
68 402 715 15 -8 0 0
60 402 718 12 0 0 0
60 402 721 9 -8 -8 0
60 394 724 12 0 -8 0
60 386 727 15 0 0 0
60 386 730 18 0 8 0
60 394 733 21 0 -8 0
60 386 736 24 0 8 0
60 394 739 27 0 -8 0
60 386 742 30 0 0 0
60 386 745 33 0 -8 0
60 378 748 36 0 -8 0
60 370 751 39 0 8 0
60 378 754 42 0 8 0
60 386 757 45 0 -8 0
60 378 760 48 0 0 0
60 378 763 51 0 8 0
60 386 766 54 0 -8 0
60 378 769 57 0 0 0
60 378 772 60 0 -8 0
60 370 775 63 0 8 0
60 378 778 66 0 -8 0
60 370 781 69 0 0 1
60 370 781 69 0 0 1
60 370 781 69 0 0 1
60 370 781 69 0 0 1
60 370 781 69 0 0 1
