78 299 676 279 0 0 0
78 299 673 276 8 8 0
86 307 670 273 8 -8 0
94 299 667 270 8 8 0
102 307 664 267 8 -8 0
110 299 661 264 8 -8 0
118 291 658 261 8 -8 0
126 283 655 258 8 8 0
134 291 652 255 8 0 0
142 291 649 252 8 8 0
150 299 646 249 8 -8 0
158 291 643 246 8 -8 0
166 283 640 243 8 8 0
174 291 637 240 8 0 0
182 291 634 237 8 8 0
190 299 631 234 0 0 0
190 299 628 231 0 0 0
190 299 625 228 0 0 0
190 299 622 225 0 0 0
190 299 619 222 0 -8 0
190 291 616 219 0 0 0
190 291 613 216 0 -8 0
190 283 610 213 0 -8 0
190 275 607 210 0 0 0
190 275 604 207 0 0 0
190 275 601 204 0 -8 0
190 267 598 201 0 0 0
190 267 595 198 0 -8 0
190 259 592 195 0 -8 0
190 251 589 192 0 8 0
190 259 586 189 0 0 0
190 259 583 186 0 8 0
190 267 580 183 0 8 0
190 275 577 180 0 -8 0
190 267 574 177 0 8 0
190 275 571 174 0 -8 0
190 267 568 171 0 8 0
190 275 565 168 0 8 0
190 283 562 165 0 8 0
190 291 559 162 0 8 0
190 299 556 159 0 8 0
190 307 553 156 0 8 0
190 315 550 153 0 8 0
190 323 547 150 0 0 0
190 323 544 147 0 8 0
190 331 541 144 0 -8 0
190 323 538 141 0 -8 0
190 315 535 138 -8 0 0
182 315 532 135 0 8 0
182 323 529 132 0 8 0
182 331 526 129 -8 0 0
174 331 523 126 0 -8 0
174 323 520 123 -8 8 0
166 331 517 120 0 8 0
166 339 514 117 0 -8 0
166 331 511 114 -8 0 0
158 331 508 111 0 0 0
158 331 505 108 0 -8 0
158 323 502 105 -8 0 0
150 323 499 102 0 -8 0
150 315 496 99 -8 0 0
142 315 493 96 0 8 0
142 323 490 93 0 0 0
142 323 487 90 -8 0 0
134 323 484 87 0 0 0
134 323 481 84 0 0 0
134 323 478 81 -8 8 0
126 331 475 78 0 0 0
126 331 472 75 -8 -8 0
118 323 469 72 0 -8 0
118 315 466 69 0 -8 0
118 307 463 66 -8 8 0
110 315 460 63 0 8 0
110 323 457 60 0 0 0
110 323 454 57 -8 0 0
102 323 451 54 0 8 0
102 331 448 51 -8 -8 0
94 323 445 48 0 -8 0
94 315 442 45 0 8 0
94 323 439 42 -8 0 0
86 323 436 39 0 0 0
86 323 433 36 0 0 0
86 323 430 33 -8 0 0
78 323 427 30 0 8 0
78 331 424 27 -8 8 0
70 339 421 24 0 -8 0
70 331 418 21 0 0 0
70 331 415 18 -8 0 0
62 331 412 15 0 8 0
62 339 409 12 0 8 0
62 347 406 9 -8 0 0
60 347 403 12 0 0 0
60 347 400 15 0 0 0
60 347 397 18 0 -8 0
60 339 394 21 0 -8 0
60 331 391 24 0 -8 0
60 323 388 27 0 8 0
60 331 385 30 0 8 0
60 339 382 33 0 -8 0
60 331 379 36 0 -8 0
60 323 376 39 0 -8 0
60 315 373 42 0 0 0
60 315 370 45 0 8 0
60 323 367 48 0 8 0
60 331 364 51 0 -8 0
60 323 361 54 0 0 0
60 323 358 57 0 -8 0
60 315 355 60 0 8 0
60 323 352 63 0 0 0
60 323 349 66 0 0 0
60 323 346 69 0 -8 0
60 315 343 72 0 0 0
60 315 340 75 0 8 0
60 323 337 78 0 0 0
60 323 334 81 0 -8 0
60 315 331 84 0 0 0
60 315 328 87 0 0 0
60 315 325 90 0 8 0
60 323 322 93 0 0 0
60 323 319 96 0 0 0
60 323 316 99 0 8 0
60 331 313 102 0 0 0
60 331 310 105 0 -8 0
60 323 307 108 0 0 0
60 323 304 111 8 8 0
68 331 301 114 0 8 0
68 339 298 117 0 -8 0
68 331 295 120 8 8 0
76 339 292 123 0 -8 0
76 331 289 126 0 -8 0
76 323 286 129 8 -8 0
84 315 283 132 0 -8 0
84 307 280 135 8 0 0
92 307 277 138 0 -8 0
92 299 274 141 0 0 0
92 299 271 144 8 -8 0
100 291 268 147 0 -8 0
100 283 265 150 0 -8 0
100 275 262 153 8 8 0
108 283 259 156 0 -8 0
108 275 256 159 8 0 0
116 275 253 162 0 -8 0
116 267 250 165 0 8 0
116 275 247 168 8 8 0
124 283 244 171 0 8 0
124 291 241 174 0 -8 0
124 283 238 177 8 0 0
132 283 235 180 0 0 0
132 283 232 183 8 8 0
140 291 229 186 0 0 0
140 291 226 189 0 0 0
140 291 223 192 8 8 0
148 299 220 195 0 -8 0
148 291 217 198 0 -8 0
148 283 214 201 8 0 0
156 283 211 204 0 8 0
156 291 208 207 8 8 0
164 299 205 210 0 -8 0
164 291 202 213 0 8 0
164 299 199 216 8 -8 0
172 291 196 219 0 8 0
172 299 193 222 0 0 0
172 299 190 225 8 0 0
180 299 187 228 0 -8 0
180 291 184 231 8 -8 0
188 283 181 234 0 8 0
188 291 178 237 0 8 0
188 299 175 240 8 0 0
196 299 172 243 0 0 0
196 299 169 246 0 8 0
196 307 166 249 8 -8 0
204 299 163 252 0 0 0
204 299 160 255 8 8 0
212 307 157 258 0 0 0
212 307 154 261 0 0 0
212 307 151 264 8 -8 0
220 299 148 267 0 0 0
220 299 145 270 0 -8 0
220 291 142 273 8 -8 0
228 283 139 276 0 8 0
228 291 136 279 8 0 0
236 291 133 282 0 0 0
236 291 130 285 0 0 0
236 291 127 288 8 0 0
244 291 124 291 0 8 0
244 299 121 294 0 0 0
244 299 118 297 8 0 0
252 299 115 300 0 8 0
252 307 112 303 8 0 0
260 307 109 306 0 -8 0
260 299 106 309 0 -8 0
260 291 103 312 8 -8 0
268 283 100 315 0 0 0
268 283 97 318 0 -8 0
268 275 94 321 8 8 0
276 283 91 324 0 -8 0
276 275 88 327 8 -8 0
284 267 85 330 0 8 0
284 275 82 333 0 -8 0
284 267 79 336 8 -8 0
292 259 76 339 0 -8 0
292 251 73 342 0 -8 0
292 243 70 345 8 0 0
300 243 67 348 0 -8 0
300 235 64 351 8 -8 0
308 227 61 354 0 -8 0
308 219 58 357 0 -8 0
308 211 55 360 8 0 0
316 211 52 363 0 -8 0
316 203 49 366 0 -8 0
316 195 46 369 8 0 0
324 195 43 372 0 8 0
324 203 40 375 8 0 0
332 203 37 378 0 0 0
332 203 34 381 0 0 0
332 203 31 384 8 -8 0
340 195 28 387 0 8 0
340 203 25 390 0 8 0
340 211 22 393 8 -8 0
348 203 19 396 0 0 0
348 203 22 399 8 8 0
356 211 25 402 0 -8 0
356 203 28 405 0 -8 0
356 195 31 408 8 -8 0
364 187 34 411 0 8 0
364 195 37 414 0 0 0
364 195 40 417 8 8 0
372 203 43 420 0 -8 0
372 195 46 423 8 0 0
380 195 49 426 0 -8 0
380 187 52 429 0 0 0
380 187 55 432 8 0 0
388 187 58 435 0 0 0
388 187 61 438 0 0 0
388 187 64 441 8 -8 0
396 179 67 444 0 0 0
396 179 70 447 8 8 0
404 187 73 450 0 -8 0
404 179 76 453 0 0 0
404 179 79 456 8 0 0
412 179 82 459 0 0 0
412 179 85 462 0 8 0
412 187 88 465 8 8 0
420 195 91 468 0 -8 0
420 187 94 471 8 8 0
428 195 97 474 0 0 0
428 195 100 477 0 -8 0
428 187 103 480 8 8 0
436 195 106 483 0 0 0
436 195 109 486 0 0 0
436 195 112 489 8 -8 0
444 187 115 492 0 0 0
444 187 118 495 8 0 0
452 187 121 498 0 8 0
452 195 124 501 0 8 0
452 203 127 504 8 0 0
460 203 130 507 0 8 0
460 211 133 510 0 -8 0
460 203 136 513 8 0 0
468 203 139 516 0 8 0
468 211 142 519 8 8 0
476 219 145 522 0 -8 0
476 211 148 525 0 8 0
476 219 151 528 8 -8 0
484 211 154 531 0 8 0
484 219 157 534 0 8 0
484 227 160 537 8 8 0
492 235 163 540 0 8 0
492 243 166 543 8 -8 0
500 235 169 546 0 -8 0
500 227 172 549 0 0 0
500 227 175 552 8 -8 0
508 219 178 555 0 -8 0
508 211 181 558 0 -8 0
508 203 184 561 8 -8 0
516 195 187 564 0 -8 0
516 187 190 567 8 0 0
524 187 193 570 0 -8 0
524 179 196 573 0 -8 0
524 171 199 576 8 -8 0
532 163 202 579 0 0 0
532 163 205 582 0 0 0
532 163 208 585 8 0 0
540 163 211 588 0 -8 0
540 155 214 591 8 -8 0
540 147 217 588 0 -8 0
540 139 220 585 0 -8 0
540 131 223 582 0 -8 0
540 123 226 579 0 0 0
540 123 229 576 0 -8 0
540 115 232 573 0 0 0
540 115 235 570 0 8 0
540 123 238 567 0 0 0
540 123 241 564 0 -8 0
540 115 244 561 0 -8 0
540 107 247 558 0 8 0
540 115 250 555 0 -8 0
540 107 253 552 0 0 0
540 107 256 549 0 -8 0
540 99 259 546 0 -8 0
540 91 262 543 0 8 0
540 99 265 540 0 0 0
540 99 268 537 0 0 0
540 99 271 534 0 0 0
540 99 274 531 0 8 0
540 107 277 528 0 0 0
540 107 280 525 0 8 0
540 115 283 522 0 8 0
540 123 286 519 0 8 0
540 131 289 516 0 -8 0
540 123 292 513 0 8 0
540 131 295 510 0 8 0
540 139 298 507 0 -8 0
540 131 301 504 0 0 0
540 131 304 501 0 8 0
540 139 307 498 0 8 0
540 147 310 495 0 0 0
540 147 313 492 0 -8 0
540 139 316 489 -8 0 0
532 139 319 486 0 0 0
532 139 322 483 0 0 0
532 139 325 480 -8 8 0
524 147 328 477 0 0 0
524 147 331 474 0 0 0
524 147 334 471 -8 -8 0
516 139 337 468 0 0 0
516 139 340 465 -8 8 0
508 147 343 462 0 8 0
508 155 346 459 0 0 0
508 155 349 456 -8 0 0
500 155 352 453 0 0 0
500 155 355 450 0 -8 0
500 147 358 447 -8 0 0
492 147 361 444 0 0 0
492 147 364 441 -8 -8 0
484 139 367 438 0 8 0
484 147 370 435 0 8 0
484 155 373 432 -8 0 0
476 155 376 429 0 -8 0
476 147 379 426 0 8 0
476 155 382 423 -8 -8 0
468 147 385 420 0 -8 0
468 139 388 417 -8 -8 0
460 131 391 414 0 -8 0
460 123 394 411 0 0 0
460 123 397 408 -8 -8 0
452 115 400 405 0 8 0
452 123 403 402 0 0 0
452 123 406 399 -8 8 0
444 131 409 396 0 0 0
444 131 412 393 -8 8 0
436 139 415 390 0 0 0
436 139 418 387 0 8 0
436 147 421 384 -8 0 0
428 147 424 381 0 -8 0
428 139 427 378 0 8 0
428 147 430 375 -8 -8 0
420 139 433 372 0 -8 0
420 131 436 369 -8 -8 0
412 123 439 366 0 -8 0
412 115 442 363 0 0 0
412 115 445 360 -8 8 0
404 123 448 357 0 0 0
404 123 451 354 0 -8 0
404 115 454 351 -8 0 0
396 115 457 348 0 0 0
396 115 460 345 -8 8 0
388 123 463 342 0 8 0
388 131 466 339 0 -8 0
388 123 469 336 -8 8 0
380 131 472 333 0 -8 0
380 123 475 330 0 8 0
380 131 478 327 -8 0 0
372 131 481 324 0 -8 0
372 123 484 321 -8 -8 0
364 115 487 318 0 -8 0
364 107 490 315 0 8 0
364 115 493 312 -8 0 0
356 115 496 309 0 8 0
356 123 499 306 0 0 0
356 123 502 303 -8 0 0
348 123 505 300 0 0 0
348 123 508 297 -8 0 0
340 123 511 294 0 0 0
340 123 514 291 0 -8 0
340 115 517 288 -8 -8 0
332 107 520 285 0 0 0
332 107 523 282 0 -8 0
332 99 526 279 -8 8 0
324 107 529 276 0 -8 0
324 99 532 273 -8 0 0
316 99 535 270 0 8 0
316 107 538 267 0 -8 0
316 99 541 264 -8 -8 0
308 91 544 261 0 8 0
308 99 547 258 0 8 0
308 107 550 255 -8 0 0
300 107 553 252 0 0 0
300 107 556 249 -8 8 0
292 115 559 246 0 0 0
292 115 562 243 0 0 0
292 115 565 240 -8 8 0
284 123 568 237 0 0 0
284 123 571 234 0 -8 0
284 115 574 231 -8 8 0
276 123 577 228 0 8 0
276 131 580 225 -8 -8 0
268 123 583 222 0 0 0
268 123 586 219 0 0 0
268 123 589 216 -8 8 0
260 131 592 213 0 8 0
260 139 595 210 0 8 0
260 147 598 207 -8 -8 0
252 139 601 204 0 -8 0
252 131 604 201 -8 0 0
244 131 607 198 0 8 0
244 139 610 195 0 0 0
244 139 613 192 -8 0 0
236 139 616 189 0 0 0
236 139 619 186 0 8 0
236 147 622 183 -8 -8 0
228 139 625 180 0 8 0
228 147 628 177 -8 8 0
220 155 631 174 0 0 0
220 155 634 171 0 8 0
220 163 637 168 -8 0 0
212 163 640 165 0 -8 0
212 155 643 162 0 0 0
212 155 646 159 -8 -8 0
204 147 649 156 0 0 0
204 147 652 153 -8 -8 0
196 139 655 150 0 0 0
196 139 658 147 0 -8 0
196 131 661 144 -8 8 0
188 139 664 141 0 0 0
188 139 667 138 0 8 0
188 147 670 135 -8 8 0
180 155 673 132 0 0 0
180 155 676 129 -8 -8 0
172 147 679 126 0 8 0
172 155 682 123 0 8 0
172 163 685 120 -8 -8 0
164 155 688 117 0 0 0
164 155 691 114 0 8 0
164 163 694 111 -8 8 0
156 171 697 108 0 0 0
156 171 700 105 -8 -8 0
148 163 703 102 0 8 0
148 171 706 99 0 8 0
148 179 709 96 -8 0 0
140 179 712 93 0 0 0
140 179 715 90 0 8 0
140 187 718 87 -8 8 0
132 195 721 84 0 -8 0
132 187 724 81 -8 0 0
124 187 727 78 0 -8 0
124 179 730 75 0 8 0
124 187 733 72 -8 0 0
116 187 736 69 0 8 0
116 195 739 66 0 8 0
116 203 742 63 -8 -8 0
108 195 745 60 0 0 0
108 195 748 57 -8 -8 0
100 187 751 54 0 8 0
100 195 754 51 0 -8 0
100 187 757 48 -8 0 0
92 187 760 45 0 0 0
92 187 763 42 0 -8 0
92 179 766 39 -8 8 0
84 187 769 36 0 0 0
84 187 772 33 -8 8 0
76 195 775 30 0 -8 0
76 187 778 27 0 8 0
76 195 781 24 0 0 1
76 195 781 24 0 0 1
76 195 781 24 0 0 1
76 195 781 24 0 0 1
76 195 781 24 0 0 1
