441 65 274 168 0 0 0
441 65 277 165 -8 8 0
433 73 280 162 -8 8 0
425 81 283 159 -8 8 0
417 89 286 156 -8 0 0
409 89 289 153 -8 8 0
401 97 292 150 -8 -8 0
393 89 295 147 -8 0 0
385 89 298 144 -8 -8 0
377 81 301 141 -8 8 0
369 89 304 138 -8 -8 0
361 81 307 135 -8 0 0
353 81 310 132 -8 0 0
345 81 313 129 -8 8 0
337 89 316 126 -8 0 0
329 89 319 123 -8 0 0
321 89 322 120 -8 -8 0
313 81 325 117 -8 -8 0
305 73 328 114 -8 0 0
297 73 331 111 -8 0 0
289 73 334 108 -8 8 0
281 81 337 105 -8 -8 0
273 73 340 102 -8 8 0
265 81 343 99 -8 0 0
257 81 346 96 -8 8 0
249 89 349 93 -8 8 0
241 97 352 90 -8 0 0
233 97 355 87 -8 -8 0
225 89 358 84 -8 -8 0
217 81 361 81 -8 -8 0
209 73 364 78 -8 -8 0
201 65 367 75 -8 -8 0
193 60 370 72 -8 0 0
185 60 373 69 -8 0 0
177 60 376 66 -8 -8 0
169 60 379 63 -8 0 0
161 60 382 60 -8 -8 0
153 60 385 57 -8 8 0
145 68 388 54 -8 0 0
137 68 391 51 -8 0 0
129 68 394 48 -8 -8 0
121 60 397 45 -8 0 0
113 60 400 42 -8 -8 0
105 60 403 39 -8 8 0
97 68 406 36 -8 -8 0
89 60 409 33 -8 8 0
81 68 412 30 -8 8 0
73 76 415 27 0 0 0
73 76 418 24 0 -8 0
73 68 421 21 -8 8 0
65 76 424 18 0 8 0
65 84 427 15 0 8 0
65 92 430 12 -8 0 0
60 92 433 9 -8 -8 0
60 84 436 12 0 8 0
60 92 439 15 0 0 0
60 92 442 18 0 8 0
60 100 445 21 0 -8 0
60 92 448 24 0 8 0
60 100 451 27 0 -8 0
60 92 454 30 0 -8 0
60 84 457 33 0 0 0
60 84 460 36 0 8 0
60 92 463 39 0 8 0
60 100 466 42 0 -8 0
60 92 469 45 0 0 0
60 92 472 48 0 8 0
60 100 475 51 0 0 0
60 100 478 54 0 -8 0
60 92 481 57 0 -8 0
60 84 484 60 0 8 0
60 92 487 63 0 0 0
60 92 490 66 0 -8 0
60 84 493 69 0 -8 0
60 76 496 72 0 0 0
60 76 499 75 0 -8 0
60 68 502 78 0 8 0
60 76 505 81 0 0 0
60 76 508 84 0 -8 0
60 68 511 87 0 0 0
60 68 514 90 0 8 0
60 76 517 93 0 8 0
60 84 520 96 0 0 0
60 84 523 99 0 0 0
60 84 526 102 0 0 0
60 84 529 105 0 0 0
60 84 532 108 0 -8 0
60 76 535 111 8 0 0
68 76 538 114 0 0 0
68 76 541 117 0 8 0
68 84 544 120 8 0 0
76 84 547 123 0 0 0
76 84 550 126 0 0 0
76 84 553 129 8 8 0
84 92 556 132 0 0 0
84 92 559 135 8 8 0
92 100 562 138 0 -8 0
92 92 565 141 0 -8 0
92 84 568 144 8 0 0
100 84 571 147 0 0 0
100 84 574 150 0 8 0
100 92 577 153 8 0 0
108 92 580 156 0 8 0
108 100 583 159 8 0 0
116 100 586 162 0 8 0
116 108 589 165 0 8 0
116 116 592 168 8 8 0
124 124 595 171 0 0 0
124 124 598 174 0 8 0
124 132 601 177 8 0 0
132 132 604 180 0 -8 0
132 124 607 183 8 0 0
140 124 610 186 0 8 0
140 132 613 189 0 8 0
140 140 616 192 8 0 0
148 140 619 195 0 8 0
148 148 622 198 0 0 0
148 148 625 201 8 0 0
156 148 628 204 0 8 0
156 156 631 207 8 0 0
164 156 634 210 0 -8 0
164 148 637 213 0 8 0
164 156 640 216 8 -8 0
172 148 643 219 0 -8 0
172 140 646 222 0 -8 0
172 132 649 225 8 8 0
180 140 652 228 0 -8 0
180 132 655 231 8 8 0
188 140 658 234 0 -8 0
188 132 661 237 0 8 0
188 140 664 240 8 0 0
196 140 667 243 0 -8 0
196 132 670 246 0 0 0
196 132 673 249 8 8 0
204 140 676 252 0 8 0
204 148 679 255 8 8 0
212 156 682 258 0 0 0
212 156 685 261 0 0 0
212 156 688 264 8 8 0
220 164 691 267 0 8 0
220 172 694 270 0 -8 0
220 164 697 273 8 8 0
228 172 700 276 0 -8 0
228 164 703 279 8 8 0
236 172 706 282 0 -8 0
236 164 709 285 0 -8 0
236 156 712 288 8 0 0
244 156 715 291 0 -8 0
244 148 718 294 0 0 0
244 148 721 297 8 8 0
252 156 724 300 0 8 0
252 164 727 303 8 0 0
260 164 730 306 0 0 0
260 164 733 309 0 8 0
260 172 736 312 8 0 0
268 172 739 315 0 8 0
268 180 742 318 0 0 0
268 180 745 321 8 0 0
276 180 748 324 0 0 0
276 180 751 327 8 0 0
284 180 754 330 0 -8 0
284 172 757 333 0 8 0
284 180 760 336 8 -8 0
292 172 763 339 0 0 0
292 172 766 342 0 -8 0
292 164 769 345 8 0 0
300 164 772 348 0 -8 0
300 156 775 351 8 8 0
308 164 778 354 0 -8 0
308 156 781 357 0 0 1
308 156 781 357 0 0 1
308 156 781 357 0 0 1
308 156 781 357 0 0 1
308 156 781 357 0 0 1
