508 96 124 423 0 0 0
508 96 121 420 -8 -8 0
500 88 118 417 -8 0 0
492 88 115 414 -8 0 0
484 88 112 411 -8 -8 0
476 80 109 408 -8 8 0
468 88 106 405 -8 -8 0
460 80 103 402 -8 0 0
452 80 100 399 -8 -8 0
444 72 97 396 0 0 0
444 72 94 393 -8 0 0
436 72 91 390 0 8 0
436 80 88 387 0 -8 0
436 72 85 384 -8 0 0
428 72 82 381 0 0 0
428 72 79 378 0 0 0
428 72 76 375 -8 8 0
420 80 73 372 0 8 0
420 88 70 369 -8 -8 0
412 80 67 366 0 8 0
412 88 64 363 0 8 0
412 96 61 360 -8 8 0
404 104 58 357 0 0 0
404 104 55 354 0 -8 0
404 96 52 351 -8 8 0
396 104 49 348 0 0 0
396 104 46 345 -8 -8 0
388 96 43 342 0 -8 0
388 88 40 339 0 -8 0
388 80 37 336 -8 8 0
380 88 34 333 0 -8 0
380 80 31 330 0 0 0
380 80 28 327 -8 8 0
372 88 25 324 0 0 0
372 88 22 321 -8 -8 0
364 80 19 318 0 8 0
364 88 22 315 0 8 0
364 96 25 312 -8 0 0
356 96 28 309 0 8 0
356 104 31 306 0 8 0
356 112 34 303 -8 8 0
348 120 37 300 0 -8 0
348 112 40 297 -8 0 0
340 112 43 294 0 8 0
340 120 46 291 0 -8 0
340 112 49 288 -8 -8 0
332 104 52 285 0 8 0
332 112 55 282 0 -8 0
332 104 58 279 -8 0 0
324 104 61 276 0 -8 0
324 96 64 273 -8 -8 0
316 88 67 270 0 -8 0
316 80 70 267 0 -8 0
316 72 73 264 -8 -8 0
308 64 76 261 0 8 0
308 72 79 258 0 -8 0
308 64 82 255 -8 -8 0
300 60 85 252 0 0 0
300 60 88 249 -8 -8 0
292 60 91 246 0 8 0
292 68 94 243 0 0 0
292 68 97 240 -8 -8 0
284 60 100 237 0 8 0
284 68 103 234 0 8 0
284 76 106 231 -8 8 0
276 84 109 228 0 0 0
276 84 112 225 -8 8 0
268 92 115 222 0 8 0
268 100 118 219 0 -8 0
268 92 121 216 -8 0 0
260 92 124 213 0 -8 0
260 84 127 210 0 -8 0
260 76 130 207 -8 0 0
252 76 133 204 0 -8 0
252 68 136 201 -8 -8 0
244 60 139 198 0 0 0
244 60 142 195 0 -8 0
244 60 145 192 -8 8 0
236 68 148 189 0 8 0
236 76 151 186 0 -8 0
236 68 154 183 -8 8 0
228 76 157 180 0 0 0
228 76 160 177 -8 0 0
220 76 163 174 0 0 0
220 76 166 171 0 8 0
220 84 169 168 -8 0 0
212 84 172 165 0 -8 0
212 76 175 162 0 8 0
212 84 178 159 -8 8 0
204 92 181 156 0 0 0
204 92 184 153 -8 0 0
196 92 187 150 0 0 0
196 92 190 147 0 8 0
196 100 193 144 -8 0 0
188 100 196 141 0 -8 0
188 92 199 138 0 0 0
188 92 202 135 -8 0 0
180 92 205 132 0 -8 0
180 84 208 129 -8 8 0
172 92 211 126 0 0 0
172 92 214 123 0 -8 0
172 84 217 120 -8 8 0
164 92 220 117 0 -8 0
164 84 223 114 0 8 0
164 92 226 111 -8 0 0
156 92 229 108 0 0 0
156 92 232 105 -8 -8 0
148 84 235 102 0 -8 0
148 76 238 99 0 0 0
148 76 241 96 -8 -8 0
140 68 244 93 0 -8 0
140 60 247 90 0 0 0
140 60 250 87 -8 0 0
132 60 253 84 0 -8 0
132 60 256 81 -8 0 0
124 60 259 78 0 0 0
124 60 262 75 0 -8 0
124 60 265 72 -8 8 0
116 68 268 69 0 0 0
116 68 271 66 0 8 0
116 76 274 63 -8 8 0
108 84 277 60 0 8 0
108 92 280 57 -8 -8 0
100 84 283 54 0 0 0
100 84 286 51 0 -8 0
100 76 289 48 -8 -8 0
92 68 292 45 0 -8 0
92 60 295 42 0 -8 0
92 60 298 39 -8 8 0
84 68 301 36 0 8 0
84 76 304 33 -8 0 0
76 76 307 30 0 -8 0
76 68 310 27 0 8 0
76 76 313 24 -8 8 0
68 84 316 21 0 8 0
68 92 319 18 0 8 0
68 100 322 15 -8 8 0
60 108 325 12 0 0 0
60 108 328 9 -8 8 0
60 116 331 12 0 8 0
60 124 334 15 0 8 0
60 132 337 18 0 8 0
60 140 340 21 0 0 0
60 140 343 24 0 -8 0
60 132 346 27 0 8 0
60 140 349 30 0 0 0
60 140 352 33 0 0 0
60 140 355 36 0 0 0
60 140 358 39 0 -8 0
60 132 361 42 0 -8 0
60 124 364 45 0 -8 0
60 116 367 48 0 -8 0
60 108 370 51 0 -8 0
60 100 373 54 0 -8 0
60 92 376 57 0 8 0
60 100 379 60 0 0 0
60 100 382 63 0 8 0
60 108 385 66 0 0 0
60 108 388 69 0 8 0
60 116 391 72 0 -8 0
60 108 394 75 0 0 0
60 108 397 78 0 8 0
60 116 400 81 0 0 0
60 116 403 84 0 8 0
60 124 406 87 0 -8 0
60 116 409 90 0 -8 0
60 108 412 93 0 -8 0
60 100 415 96 0 0 0
60 100 418 99 0 0 0
60 100 421 102 0 0 0
60 100 424 105 0 0 0
60 100 427 108 0 -8 0
60 92 430 111 8 -8 0
68 84 433 114 0 8 0
68 92 436 117 0 0 0
68 92 439 120 8 0 0
76 92 442 123 0 8 0
76 100 445 126 0 0 0
76 100 448 129 8 0 0
84 100 451 132 0 0 0
84 100 454 135 8 0 0
92 100 457 138 0 0 0
92 100 460 141 0 -8 0
92 92 463 144 8 -8 0
100 84 466 147 0 8 0
100 92 469 150 0 0 0
100 92 472 153 8 0 0
108 92 475 156 0 0 0
108 92 478 159 8 -8 0
116 84 481 162 0 8 0
116 92 484 165 0 8 0
116 100 487 168 8 8 0
124 108 490 171 0 8 0
124 116 493 174 0 -8 0
124 108 496 177 8 -8 0
132 100 499 180 0 -8 0
132 92 502 183 8 8 0
140 100 505 186 0 -8 0
140 92 508 189 0 0 0
140 92 511 192 8 8 0
148 100 514 195 0 8 0
148 108 517 198 0 -8 0
148 100 520 201 8 8 0
156 108 523 204 0 -8 0
156 100 526 207 8 8 0
164 108 529 210 0 -8 0
164 100 532 213 0 -8 0
164 92 535 216 8 8 0
172 100 538 219 0 8 0
172 108 541 222 0 0 0
172 108 544 225 8 -8 0
180 100 547 228 0 8 0
180 108 550 231 8 8 0
188 116 553 234 0 -8 0
188 108 556 237 0 8 0
188 116 559 240 8 8 0
196 124 562 243 0 -8 0
196 116 565 246 0 8 0
196 124 568 249 8 8 0
204 132 571 252 0 0 0
204 132 574 255 8 -8 0
212 124 577 258 0 0 0
212 124 580 261 0 8 0
212 132 583 264 8 -8 0
220 124 586 267 0 -8 0
220 116 589 270 0 -8 0
220 108 592 273 8 -8 0
228 100 595 276 0 -8 0
228 92 598 279 8 0 0
236 92 601 282 0 0 0
236 92 604 285 0 8 0
236 100 607 288 8 0 0
244 100 610 291 0 -8 0
244 92 613 294 0 8 0
244 100 616 297 8 8 0
252 108 619 300 0 8 0
252 116 622 303 8 -8 0
260 108 625 306 0 -8 0
260 100 628 309 0 0 0
260 100 631 312 8 8 0
268 108 634 315 0 0 0
268 108 637 318 0 8 0
268 116 640 321 8 8 0
276 124 643 324 0 0 0
276 124 646 327 8 -8 0
284 116 649 330 0 0 0
284 116 652 333 0 -8 0
284 108 655 336 8 0 0
292 108 658 339 0 8 0
292 116 661 342 0 -8 0
292 108 664 345 8 8 0
300 116 667 348 0 -8 0
300 108 670 351 8 -8 0
308 100 673 354 0 8 0
308 108 676 357 0 8 0
308 116 679 360 8 0 0
316 116 682 363 0 0 0
316 116 685 366 0 -8 0
316 108 688 369 8 -8 0
324 100 691 372 0 8 0
324 108 694 375 8 0 0
332 108 697 378 0 8 0
332 116 700 381 0 0 0
332 116 703 384 8 8 0
340 124 706 387 0 -8 0
340 116 709 390 0 8 0
340 124 712 393 8 0 0
348 124 715 396 0 0 0
348 124 718 399 8 -8 0
356 116 721 402 0 0 0
356 116 724 405 0 0 0
356 116 727 408 8 8 0
364 124 730 411 0 -8 0
364 116 733 414 0 -8 0
364 108 736 417 8 8 0
372 116 739 420 0 -8 0
372 108 742 423 8 8 0
380 116 745 426 0 0 0
380 116 748 429 0 -8 0
380 108 751 432 8 8 0
388 116 754 435 0 -8 0
388 108 757 438 0 -8 0
388 100 760 441 8 -8 0
396 92 763 444 0 -8 0
396 84 766 447 8 8 0
404 92 769 450 0 -8 0
404 84 772 453 0 8 0
404 92 775 456 8 -8 0
412 84 778 459 0 -8 0
412 76 781 462 0 0 1
412 76 781 462 0 0 1
412 76 781 462 0 0 1
412 76 781 462 0 0 1
412 76 781 462 0 0 1
