200 144 514 279 0 0 0
200 144 517 282 8 8 0
208 152 520 285 8 0 0
216 152 523 288 8 0 0
224 152 526 291 8 -8 0
232 144 529 294 8 0 0
240 144 532 297 8 0 0
248 144 535 300 8 8 0
256 152 538 303 0 8 0
256 160 541 306 0 8 0
256 168 544 309 8 0 0
264 168 547 312 0 -8 0
264 160 550 315 8 8 0
272 168 553 318 0 0 0
272 168 556 321 0 8 0
272 176 559 324 8 -8 0
280 168 562 327 0 -8 0
280 160 565 330 0 8 0
280 168 568 333 8 -8 0
288 160 571 336 0 0 0
288 160 574 339 8 0 0
296 160 577 342 0 8 0
296 168 580 345 0 -8 0
296 160 583 348 8 8 0
304 168 586 351 0 8 0
304 176 589 354 0 -8 0
304 168 592 357 8 -8 0
312 160 595 360 0 0 0
312 160 598 363 8 8 0
320 168 601 366 0 -8 0
320 160 604 369 0 0 0
320 160 607 372 8 0 0
328 160 610 375 0 0 0
328 160 613 378 0 0 0
328 160 616 381 8 -8 0
336 152 619 384 0 8 0
336 160 622 387 8 8 0
344 168 625 390 0 8 0
344 176 628 393 0 0 0
344 176 631 396 8 8 0
352 184 634 399 0 -8 0
352 176 637 402 0 8 0
352 184 640 405 8 8 0
360 192 643 408 0 8 0
360 200 646 411 8 8 0
368 208 649 414 0 -8 0
368 200 652 417 0 0 0
368 200 655 420 8 -8 0
376 192 658 423 0 8 0
376 200 661 426 0 -8 0
376 192 664 429 8 8 0
384 200 667 432 0 -8 0
384 192 670 435 8 -8 0
392 184 673 438 0 0 0
392 184 676 441 0 0 0
392 184 679 444 8 8 0
400 192 682 447 0 8 0
400 200 685 450 0 -8 0
400 192 688 453 8 8 0
408 200 691 456 0 0 0
408 200 694 459 8 -8 0
416 192 697 462 0 0 0
416 192 700 465 0 0 0
416 192 703 468 8 -8 0
424 184 706 471 0 -8 0
424 176 709 474 0 0 0
424 176 712 477 8 8 0
432 184 715 480 0 8 0
432 192 718 483 8 0 0
440 192 721 486 0 8 0
440 200 724 489 0 -8 0
440 192 727 492 8 -8 0
448 184 730 495 0 8 0
448 192 733 498 0 -8 0
448 184 736 501 8 8 0
456 192 739 504 0 0 0
456 192 742 507 8 0 0
464 192 745 510 0 0 0
464 192 748 513 0 8 0
464 200 751 516 8 8 0
472 208 754 519 0 -8 0
472 200 757 522 0 0 0
472 200 760 525 8 8 0
480 208 763 528 0 0 0
480 208 766 531 8 -8 0
488 200 769 534 0 -8 0
488 192 772 537 0 -8 0
488 184 775 540 8 8 0
496 192 778 543 0 -8 0
496 184 781 546 0 0 1
496 184 781 546 0 0 1
496 184 781 546 0 0 1
496 184 781 546 0 0 1
496 184 781 546 0 0 1
