360 111 574 225 0 0 0
360 111 577 228 -8 -8 0
352 103 580 231 -8 -8 0
344 95 583 234 -8 0 0
336 95 586 237 -8 8 0
328 103 589 240 -8 -8 0
320 95 592 243 -8 8 0
312 103 595 246 -8 0 0
304 103 598 249 -8 8 0
296 111 601 252 0 -8 0
296 103 604 255 0 -8 0
296 95 607 258 0 -8 0
296 87 610 261 0 8 0
296 95 613 264 0 8 0
296 103 616 267 0 -8 0
296 95 619 270 0 0 0
296 95 622 273 0 0 0
296 95 625 276 0 0 0
296 95 628 279 0 0 0
296 95 631 282 0 0 0
296 95 634 285 0 8 0
296 103 637 288 0 -8 0
296 95 640 291 0 8 0
296 103 643 294 0 8 0
296 111 646 297 0 8 0
296 119 649 300 0 -8 0
296 111 652 303 0 -8 0
296 103 655 306 0 -8 0
296 95 658 309 0 8 0
296 103 661 312 0 0 0
296 103 664 315 0 0 0
296 103 667 318 0 0 0
296 103 670 321 0 0 0
296 103 673 324 0 -8 0
296 95 676 327 0 -8 0
296 87 679 330 0 -8 0
296 79 682 333 0 8 0
296 87 685 336 0 8 0
296 95 688 339 0 -8 0
296 87 691 342 0 -8 0
296 79 694 345 0 -8 0
296 71 697 348 8 -8 0
304 63 700 351 0 -8 0
304 60 703 354 0 -8 0
304 60 706 357 8 8 0
312 68 709 360 0 -8 0
312 60 712 363 8 8 0
320 68 715 366 0 -8 0
320 60 718 369 0 -8 0
320 60 721 372 8 8 0
328 68 724 375 0 0 0
328 68 727 378 0 0 0
328 68 730 381 8 8 0
336 76 733 384 0 8 0
336 84 736 387 8 8 0
344 92 739 390 0 0 0
344 92 742 393 0 8 0
344 100 745 396 8 -8 0
352 92 748 399 0 8 0
352 100 751 402 0 -8 0
352 92 754 405 8 8 0
360 100 757 408 0 8 0
360 108 760 411 8 8 0
368 116 763 414 0 0 0
368 116 766 417 0 -8 0
368 108 769 420 8 -8 0
376 100 772 423 0 0 0
376 100 775 426 0 8 0
376 108 778 429 8 8 0
384 116 781 432 0 0 1
384 116 781 432 0 0 1
384 116 781 432 0 0 1
384 116 781 432 0 0 1
384 116 781 432 0 0 1
