285 135 544 423 0 0 0
285 135 547 420 8 8 0
293 143 550 417 8 8 0
301 151 553 414 8 0 0
309 151 556 411 8 0 0
317 151 559 408 8 8 0
325 159 562 405 8 -8 0
333 151 565 402 8 8 0
341 159 568 399 8 8 0
349 167 571 396 0 0 0
349 167 574 393 0 -8 0
349 159 577 390 0 8 0
349 167 580 387 0 -8 0
349 159 583 384 0 -8 0
349 151 586 381 0 0 0
349 151 589 378 0 0 0
349 151 592 375 0 -8 0
349 143 595 372 0 -8 0
349 135 598 369 0 8 0
349 143 601 366 0 -8 0
349 135 604 363 0 -8 0
349 127 607 360 0 8 0
349 135 610 357 0 -8 0
349 127 613 354 0 0 0
349 127 616 351 0 -8 0
349 119 619 348 0 -8 0
349 111 622 345 0 8 0
349 119 625 342 0 -8 0
349 111 628 339 0 -8 0
349 103 631 336 0 -8 0
349 95 634 333 0 8 0
349 103 637 330 0 8 0
349 111 640 327 0 0 0
349 111 643 324 0 -8 0
349 103 646 321 0 0 0
349 103 649 318 0 0 0
349 103 652 315 0 0 0
349 103 655 312 0 0 0
349 103 658 309 0 0 0
349 103 661 306 0 -8 0
349 95 664 303 0 0 0
349 95 667 300 0 -8 0
349 87 670 297 -8 0 0
341 87 673 294 0 -8 0
341 79 676 291 0 -8 0
341 71 679 288 -8 -8 0
333 63 682 285 0 8 0
333 71 685 282 -8 -8 0
325 63 688 279 0 0 0
325 63 691 276 0 8 0
325 71 694 273 -8 -8 0
317 63 697 270 0 0 0
317 63 700 267 0 -8 0
317 60 703 264 -8 0 0
309 60 706 261 0 -8 0
309 60 709 258 -8 -8 0
301 60 712 255 0 8 0
301 68 715 252 0 -8 0
301 60 718 249 -8 -8 0
293 60 721 246 0 0 0
293 60 724 243 0 -8 0
293 60 727 240 -8 0 0
285 60 730 237 0 8 0
285 68 733 234 -8 0 0
277 68 736 231 0 -8 0
277 60 739 228 0 -8 0
277 60 742 225 -8 8 0
269 68 745 222 0 -8 0
269 60 748 219 0 8 0
269 68 751 216 -8 -8 0
261 60 754 213 0 8 0
261 68 757 210 -8 -8 0
253 60 760 207 0 -8 0
253 60 763 204 0 0 0
253 60 766 201 -8 0 0
245 60 769 198 0 0 0
245 60 772 195 0 -8 0
245 60 775 192 -8 8 0
237 68 778 189 0 -8 0
237 60 781 186 0 0 1
237 60 781 186 0 0 1
237 60 781 186 0 0 1
237 60 781 186 0 0 1
237 60 781 186 0 0 1
