229 362 427 348 0 0 0
229 362 424 345 8 8 0
237 370 421 342 8 0 0
245 370 418 339 8 0 0
253 370 415 336 8 8 0
261 378 412 333 8 8 0
269 386 409 330 8 -8 0
277 378 406 327 0 -8 0
277 370 403 324 0 8 0
277 378 400 321 0 0 0
277 378 397 318 0 -8 0
277 370 394 315 0 0 0
277 370 391 312 0 -8 0
277 362 388 309 0 -8 0
277 354 385 306 0 0 0
277 354 382 303 0 -8 0
277 346 379 300 0 -8 0
277 338 376 297 0 0 0
277 338 373 294 0 0 0
277 338 370 291 0 -8 0
277 330 367 288 0 -8 0
277 322 364 285 0 8 0
277 330 361 282 0 0 0
277 330 358 279 0 8 0
277 338 355 276 0 8 0
277 346 352 273 0 8 0
277 354 349 270 0 8 0
277 362 346 267 0 -8 0
277 354 343 264 0 0 0
277 354 340 261 0 -8 0
277 346 337 258 0 8 0
277 354 334 255 0 0 0
277 354 331 252 0 8 0
277 362 328 249 0 -8 0
277 354 325 246 0 0 0
277 354 322 243 0 0 0
277 354 319 240 0 0 0
277 354 316 237 0 8 0
277 362 313 234 0 -8 0
277 354 310 231 0 -8 0
277 346 307 228 0 8 0
277 354 304 225 -8 0 0
269 354 301 222 0 -8 0
269 346 298 219 0 -8 0
269 338 295 216 -8 0 0
261 338 292 213 0 0 0
261 338 289 210 -8 8 0
253 346 286 207 0 -8 0
253 338 283 204 0 -8 0
253 330 280 201 -8 -8 0
245 322 277 198 0 8 0
245 330 274 195 0 0 0
245 330 271 192 -8 0 0
237 330 268 189 0 8 0
237 338 265 186 -8 0 0
229 338 262 183 0 8 0
229 346 259 180 0 8 0
229 354 256 177 -8 -8 0
221 346 253 174 0 0 0
221 346 250 171 0 0 0
221 346 247 168 -8 8 0
213 354 244 165 0 -8 0
213 346 241 162 -8 0 0
205 346 238 159 0 0 0
205 346 235 156 0 -8 0
205 338 232 153 -8 -8 0
197 330 229 150 0 8 0
197 338 226 147 0 0 0
197 338 223 144 -8 8 0
189 346 220 141 0 8 0
189 354 217 138 -8 8 0
181 362 214 135 0 8 0
181 370 211 132 0 8 0
181 378 208 129 -8 -8 0
173 370 205 126 0 0 0
173 370 202 123 0 -8 0
173 362 199 120 -8 8 0
165 370 196 117 0 8 0
165 378 193 114 -8 0 0
157 378 190 111 0 0 0
157 378 187 108 0 -8 0
157 370 184 105 -8 0 0
149 370 181 102 0 0 0
149 370 178 99 0 8 0
149 378 175 96 -8 -8 0
141 370 172 93 0 0 0
141 370 169 90 -8 -8 0
133 362 166 87 0 -8 0
133 354 163 84 0 -8 0
133 346 160 81 -8 -8 0
125 338 157 78 0 0 0
125 338 154 75 0 8 0
125 346 151 72 -8 0 0
117 346 148 69 0 0 0
117 346 145 66 -8 8 0
109 354 142 63 0 0 0
109 354 139 60 0 0 0
109 354 136 57 -8 0 0
101 354 133 54 0 0 0
101 354 130 51 0 -8 0
101 346 127 48 -8 8 0
93 354 124 45 0 0 0
93 354 121 42 -8 8 0
85 362 118 39 0 -8 0
85 354 115 36 0 0 0
85 354 112 33 -8 -8 0
77 346 109 30 0 -8 0
77 338 106 27 0 0 0
77 338 103 24 -8 8 0
69 346 100 21 0 -8 0
69 338 97 18 -8 8 0
61 346 94 15 0 0 0
61 346 91 12 0 0 0
61 346 88 9 -8 8 0
60 354 85 12 0 0 0
60 354 82 15 0 8 0
60 362 79 18 0 0 0
60 362 76 21 0 0 0
60 362 73 24 0 -8 0
60 354 70 27 0 -8 0
60 346 67 30 0 -8 0
60 338 64 33 0 0 0
60 338 61 36 0 -8 0
60 330 58 39 0 -8 0
60 322 55 42 0 -8 0
60 314 52 45 0 8 0
60 322 49 48 0 8 0
60 330 46 51 0 8 0
60 338 43 54 0 -8 0
60 330 40 57 0 0 0
60 330 37 60 0 0 0
60 330 34 63 0 -8 0
60 322 31 66 0 0 0
60 322 28 69 0 -8 0
60 314 25 72 0 -8 0
60 306 22 75 0 8 0
60 314 19 78 0 -8 0
60 306 22 81 0 8 0
60 314 25 84 0 8 0
60 322 28 87 0 -8 0
60 314 31 90 0 0 0
60 314 34 93 0 0 0
60 314 37 96 0 0 0
60 314 40 99 0 8 0
60 322 43 102 0 8 0
60 330 46 105 0 0 0
60 330 49 108 0 -8 0
60 322 52 111 8 -8 0
68 314 55 114 0 8 0
68 322 58 117 0 8 0
68 330 61 120 8 -8 0
76 322 64 123 0 0 0
76 322 67 126 0 0 0
76 322 70 129 8 8 0
84 330 73 132 0 8 0
84 338 76 135 8 0 0
92 338 79 138 0 -8 0
92 330 82 141 0 8 0
92 338 85 144 8 8 0
100 346 88 147 0 0 0
100 346 91 150 0 0 0
100 346 94 153 8 -8 0
108 338 97 156 0 -8 0
108 330 100 159 8 8 0
116 338 103 162 0 8 0
116 346 106 165 0 -8 0
116 338 109 168 8 -8 0
124 330 112 171 0 8 0
124 338 115 174 0 0 0
124 338 118 177 8 -8 0
132 330 121 180 0 8 0
132 338 124 183 8 0 0
140 338 127 186 0 0 0
140 338 130 189 0 8 0
140 346 133 192 8 8 0
148 354 136 195 0 -8 0
148 346 139 198 0 8 0
148 354 142 201 8 -8 0
156 346 145 204 0 -8 0
156 338 148 207 8 8 0
164 346 151 210 0 8 0
164 354 154 213 0 -8 0
164 346 157 216 8 8 0
172 354 160 219 0 -8 0
172 346 163 222 0 8 0
172 354 166 225 8 -8 0
180 346 169 228 0 8 0
180 354 172 231 8 -8 0
188 346 175 234 0 0 0
188 346 178 237 0 8 0
188 354 181 240 8 0 0
196 354 184 243 0 0 0
196 354 187 246 0 8 0
196 362 190 249 8 -8 0
204 354 193 252 0 0 0
204 354 196 255 8 -8 0
212 346 199 258 0 0 0
212 346 202 261 0 8 0
212 354 205 264 8 8 0
220 362 208 267 0 -8 0
220 354 211 270 0 0 0
220 354 214 273 8 0 0
228 354 217 276 0 8 0
228 362 220 279 8 -8 0
236 354 223 282 0 0 0
236 354 226 285 0 -8 0
236 346 229 288 8 8 0
244 354 232 291 0 -8 0
244 346 235 294 0 -8 0
244 338 238 297 8 0 0
252 338 241 300 0 0 0
252 338 244 303 8 -8 0
260 330 247 306 0 -8 0
260 322 250 309 0 -8 0
260 314 253 312 8 0 0
268 314 256 315 0 -8 0
268 306 259 318 0 -8 0
268 298 262 321 8 0 0
276 298 265 324 0 0 0
276 298 268 327 8 0 0
284 298 271 330 0 0 0
284 298 274 333 0 0 0
284 298 277 336 8 8 0
292 306 280 339 0 -8 0
292 298 283 342 0 8 0
292 306 286 345 8 -8 0
300 298 289 348 0 -8 0
300 290 292 351 8 0 0
308 290 295 354 0 0 0
308 290 298 357 0 -8 0
308 282 301 360 8 -8 0
316 274 304 363 0 8 0
316 282 307 366 0 -8 0
316 274 310 369 8 0 0
324 274 313 372 0 -8 0
324 266 316 375 8 8 0
332 274 319 378 0 -8 0
332 266 322 381 0 -8 0
332 258 325 384 8 0 0
340 258 328 387 0 -8 0
340 250 331 390 0 0 0
340 250 334 393 8 -8 0
348 242 337 396 0 8 0
348 250 340 399 8 8 0
356 258 343 402 0 -8 0
356 250 346 405 0 8 0
356 258 349 408 8 0 0
364 258 352 411 0 -8 0
364 250 355 414 0 -8 0
364 242 358 417 8 8 0
372 250 361 420 0 0 0
372 250 364 423 8 8 0
380 258 367 426 0 8 0
380 266 370 429 0 8 0
380 274 373 432 8 0 0
388 274 376 435 0 8 0
388 282 379 438 0 -8 0
388 274 382 441 8 -8 0
396 266 385 444 0 0 0
396 266 388 447 8 8 0
404 274 391 450 0 -8 0
404 266 394 453 0 8 0
404 274 397 456 8 8 0
412 282 400 459 0 0 0
412 282 403 462 0 8 0
412 290 406 465 8 0 0
420 290 409 468 0 -8 0
420 282 412 471 8 -8 0
428 274 415 474 0 0 0
428 274 418 477 0 8 0
428 282 421 480 8 0 0
436 282 424 483 0 0 0
436 282 427 486 0 8 0
436 290 430 489 8 -8 0
444 282 433 492 0 -8 0
444 274 436 495 8 0 0
452 274 439 498 0 8 0
452 282 442 501 0 -8 0
452 274 445 504 8 -8 0
460 266 448 507 0 -8 0
460 258 451 510 0 0 0
460 258 454 513 8 -8 0
468 250 457 516 0 8 0
468 258 460 519 8 -8 0
476 250 463 522 0 8 0
476 258 466 525 0 0 0
476 258 469 528 8 8 0
484 266 472 531 0 0 0
484 266 475 534 0 0 0
484 266 478 537 8 -8 0
492 258 481 540 0 -8 0
492 250 484 543 8 -8 0
500 242 487 546 0 -8 0
500 234 490 549 0 -8 0
500 226 493 552 8 -8 0
508 218 496 555 0 8 0
508 226 499 558 0 0 0
508 226 502 561 8 -8 0
516 218 505 564 0 8 0
516 226 508 567 8 -8 0
524 218 511 570 0 8 0
524 226 514 573 0 0 0
524 226 517 576 8 -8 0
532 218 520 579 0 0 0
532 218 523 582 0 8 0
532 226 526 585 8 -8 0
540 218 529 588 0 -8 0
540 210 532 591 8 -8 0
540 202 535 588 0 0 0
540 202 538 585 0 -8 0
540 194 541 582 0 0 0
540 194 544 579 0 0 0
540 194 547 576 0 0 0
540 194 550 573 0 8 0
540 202 553 570 0 -8 0
540 194 556 567 0 8 0
540 202 559 564 0 -8 0
540 194 562 561 0 8 0
540 202 565 558 0 -8 0
540 194 568 555 0 0 0
540 194 571 552 0 0 0
540 194 574 549 0 8 0
540 202 577 546 0 0 0
540 202 580 543 0 8 0
540 210 583 540 0 -8 0
540 202 586 537 0 -8 0
540 194 589 534 0 -8 0
540 186 592 531 0 -8 0
540 178 595 528 0 0 0
540 178 598 525 0 8 0
540 186 601 522 0 8 0
540 194 604 519 0 -8 0
540 186 607 516 0 -8 0
540 178 610 513 0 -8 0
540 170 613 510 0 8 0
540 178 616 507 0 -8 0
540 170 619 504 0 0 0
540 170 622 501 0 0 0
540 170 625 498 0 0 0
540 170 628 495 0 8 0
540 178 631 492 0 -8 0
540 170 634 489 -8 0 0
532 170 637 486 0 0 0
532 170 640 483 0 -8 0
532 162 643 480 -8 -8 0
524 154 646 477 0 0 0
524 154 649 474 0 -8 0
524 146 652 471 -8 -8 0
516 138 655 468 0 0 0
516 138 658 465 -8 -8 0
508 130 661 462 0 8 0
508 138 664 459 0 0 0
508 138 667 456 -8 -8 0
500 130 670 453 0 -8 0
500 122 673 450 0 8 0
500 130 676 447 -8 -8 0
492 122 679 444 0 0 0
492 122 682 441 -8 0 0
484 122 685 438 0 -8 0
484 114 688 435 0 -8 0
484 106 691 432 -8 0 0
476 106 694 429 0 0 0
476 106 697 426 0 -8 0
476 98 700 423 -8 0 0
468 98 703 420 0 -8 0
468 90 706 417 -8 0 0
460 90 709 414 0 -8 0
460 82 712 411 0 0 0
460 82 715 408 -8 8 0
452 90 718 405 0 0 0
452 90 721 402 0 0 0
452 90 724 399 -8 -8 0
444 82 727 396 0 0 0
444 82 730 393 -8 8 0
436 90 733 390 0 -8 0
436 82 736 387 0 8 0
436 90 739 384 -8 -8 0
428 82 742 381 0 0 0
428 82 745 378 0 8 0
428 90 748 375 -8 -8 0
420 82 751 372 0 -8 0
420 74 754 369 -8 0 0
412 74 757 366 0 8 0
412 82 760 363 0 8 0
412 90 763 360 -8 -8 0
404 82 766 357 0 -8 0
404 74 769 354 0 -8 0
404 66 772 351 -8 8 0
396 74 775 348 0 -8 0
396 66 778 345 -8 0 0
388 66 781 342 0 0 1
388 66 781 342 0 0 1
388 66 781 342 0 0 1
388 66 781 342 0 0 1
388 66 781 342 0 0 1
