431 374 691 135 0 0 0
431 374 688 138 -8 0 0
423 374 685 141 -8 0 0
415 374 682 144 -8 0 0
407 374 679 147 -8 8 0
399 382 676 150 -8 -8 0
391 374 673 153 -8 0 0
383 374 670 156 -8 8 0
375 382 667 159 -8 -8 0
367 374 664 162 -8 0 0
359 374 661 165 -8 0 0
351 374 658 168 -8 -8 0
343 366 655 171 -8 -8 0
335 358 652 174 -8 -8 0
327 350 649 177 -8 -8 0
319 342 646 180 -8 -8 0
311 334 643 183 -8 -8 0
303 326 640 186 -8 8 0
295 334 637 189 -8 8 0
287 342 634 192 -8 8 0
279 350 631 195 -8 -8 0
271 342 628 198 -8 8 0
263 350 625 201 -8 0 0
255 350 622 204 -8 8 0
247 358 619 207 0 -8 0
247 350 616 210 0 8 0
247 358 613 213 0 0 0
247 358 610 216 0 8 0
247 366 607 219 0 0 0
247 366 604 222 0 8 0
247 374 601 225 0 -8 0
247 366 598 228 0 -8 0
247 358 595 231 0 0 0
247 358 592 234 0 8 0
247 366 589 237 0 8 0
247 374 586 240 0 0 0
247 374 583 243 0 -8 0
247 366 580 246 0 8 0
247 374 577 249 0 0 0
247 374 574 252 0 -8 0
247 366 571 255 0 8 0
247 374 568 258 0 0 0
247 374 565 261 0 -8 0
247 366 562 264 0 -8 0
247 358 559 267 0 -8 0
247 350 556 270 0 0 0
247 350 553 273 0 8 0
247 358 550 276 0 0 0
247 358 547 279 0 -8 0
247 350 544 282 0 -8 0
247 342 541 285 0 0 0
247 342 538 288 0 -8 0
247 334 535 291 0 -8 0
247 326 532 294 0 -8 0
247 318 529 297 0 8 0
247 326 526 300 8 0 0
255 326 523 303 0 -8 0
255 318 520 306 8 -8 0
263 310 517 309 0 8 0
263 318 514 312 0 8 0
263 326 511 315 8 -8 0
271 318 508 318 0 8 0
271 326 505 321 0 -8 0
271 318 502 324 8 0 0
279 318 499 327 0 0 0
279 318 496 330 8 0 0
287 318 493 333 0 -8 0
287 310 490 336 0 -8 0
287 302 487 339 8 0 0
295 302 484 342 0 8 0
295 310 481 345 0 8 0
295 318 478 348 8 0 0
303 318 475 351 0 0 0
303 318 472 354 8 8 0
311 326 469 357 0 0 0
311 326 466 360 0 0 0
311 326 463 363 8 0 0
319 326 460 366 0 8 0
319 334 457 369 0 0 0
319 334 454 372 8 8 0
327 342 451 375 0 0 0
327 342 448 378 8 0 0
335 342 445 381 0 -8 0
335 334 442 384 0 0 0
335 334 439 387 8 0 0
343 334 436 390 0 -8 0
343 326 433 393 0 -8 0
343 318 430 396 8 0 0
351 318 427 399 0 8 0
351 326 424 402 8 8 0
359 334 421 405 0 -8 0
359 326 418 408 0 0 0
359 326 415 411 8 -8 0
367 318 412 414 0 8 0
367 326 409 417 0 0 0
367 326 406 420 8 0 0
375 326 403 423 0 0 0
375 326 400 426 8 -8 0
383 318 397 429 0 0 0
383 318 394 432 0 8 0
383 326 391 435 8 -8 0
391 318 388 438 0 -8 0
391 310 385 441 0 -8 0
391 302 382 444 8 0 0
399 302 379 447 0 8 0
399 310 376 450 8 8 0
407 318 373 453 0 0 0
407 318 370 456 0 -8 0
407 310 367 459 8 0 0
415 310 364 462 0 8 0
415 318 361 465 0 0 0
415 318 358 468 8 -8 0
423 310 355 471 0 -8 0
423 302 352 474 8 8 0
431 310 349 477 0 8 0
431 318 346 480 0 0 0
431 318 343 483 8 0 0
439 318 340 486 0 -8 0
439 310 337 489 0 0 0
439 310 334 492 8 -8 0
447 302 331 495 0 -8 0
447 294 328 498 8 8 0
455 302 325 501 0 0 0
455 302 322 504 0 8 0
455 310 319 507 8 8 0
463 318 316 510 0 8 0
463 326 313 513 0 0 0
463 326 310 516 8 -8 0
471 318 307 519 0 -8 0
471 310 304 522 8 8 0
479 318 301 525 0 -8 0
479 310 298 528 0 0 0
479 310 295 531 8 8 0
487 318 292 534 0 8 0
487 326 289 537 0 -8 0
487 318 286 540 8 0 0
495 318 283 543 0 -8 0
495 310 280 546 8 -8 0
503 302 277 549 0 -8 0
503 294 274 552 0 0 0
503 294 271 555 8 8 0
511 302 268 558 0 -8 0
511 294 265 561 0 0 0
511 294 262 564 8 0 0
519 294 259 567 0 -8 0
519 286 256 570 8 -8 0
527 278 253 573 0 0 0
527 278 250 576 0 -8 0
527 270 247 579 8 -8 0
535 262 244 582 0 8 0
535 270 241 585 0 8 0
535 278 238 588 8 0 0
540 278 235 591 8 8 0
540 286 232 588 0 -8 0
540 278 229 585 0 -8 0
540 270 226 582 0 0 0
540 270 223 579 0 8 0
540 278 220 576 0 8 0
540 286 217 573 0 0 0
540 286 214 570 0 8 0
540 294 211 567 0 0 0
540 294 208 564 0 0 0
540 294 205 561 0 8 0
540 302 202 558 0 0 0
540 302 199 555 0 -8 0
540 294 196 552 0 0 0
540 294 193 549 0 0 0
540 294 190 546 0 -8 0
540 286 187 543 0 -8 0
540 278 184 540 0 8 0
540 286 181 537 0 -8 0
540 278 178 534 0 8 0
540 286 175 531 0 8 0
540 294 172 528 0 8 0
540 302 169 525 0 -8 0
540 294 166 522 0 0 0
540 294 163 519 0 -8 0
540 286 160 516 0 8 0
540 294 157 513 0 0 0
540 294 154 510 0 0 0
540 294 151 507 0 0 0
540 294 148 504 0 0 0
540 294 145 501 0 -8 0
540 286 142 498 0 0 0
540 286 139 495 0 -8 0
540 278 136 492 0 0 0
540 278 133 489 -8 0 0
532 278 130 486 0 -8 0
532 270 127 483 0 0 0
532 270 124 480 -8 0 0
524 270 121 477 0 0 0
524 270 118 474 0 0 0
524 270 115 471 -8 -8 0
516 262 112 468 0 0 0
516 262 109 465 -8 -8 0
508 254 106 462 0 0 0
508 254 103 459 0 8 0
508 262 100 456 -8 0 0
500 262 97 453 0 -8 0
500 254 94 450 0 8 0
500 262 91 447 -8 0 0
492 262 88 444 0 8 0
492 270 85 441 -8 0 0
484 270 82 438 0 -8 0
484 262 79 435 0 8 0
484 270 76 432 -8 8 0
476 278 73 429 0 -8 0
476 270 70 426 0 -8 0
476 262 67 423 -8 8 0
468 270 64 420 0 8 0
468 278 61 417 -8 0 0
460 278 58 414 0 -8 0
460 270 55 411 0 0 0
460 270 52 408 -8 0 0
452 270 49 405 0 0 0
452 270 46 402 0 0 0
452 270 43 399 -8 0 0
444 270 40 396 0 8 0
444 278 37 393 -8 0 0
436 278 34 390 0 8 0
436 286 31 387 0 -8 0
436 278 28 384 -8 8 0
428 286 25 381 0 -8 0
428 278 22 378 0 0 0
428 278 19 375 0 0 1
428 278 19 375 0 0 1
428 278 19 375 0 0 1
428 278 19 375 0 0 1
428 278 19 375 0 0 1
