397 239 427 378 0 0 0
397 239 430 375 0 0 0
397 239 433 372 0 0 0
397 239 436 369 0 -8 0
397 231 439 366 0 -8 0
397 223 442 363 0 0 0
397 223 445 360 0 -8 0
397 215 448 357 0 0 0
397 215 451 354 0 0 0
397 215 454 351 0 0 0
397 215 457 348 0 0 0
397 215 460 345 -8 -8 0
389 207 463 342 0 0 0
389 207 466 339 0 -8 0
389 199 469 336 -8 8 0
381 207 472 333 0 0 0
381 207 475 330 -8 0 0
373 207 478 327 0 0 0
373 207 481 324 0 -8 0
373 199 484 321 -8 -8 0
365 191 487 318 0 0 0
365 191 490 315 0 0 0
365 191 493 312 -8 8 0
357 199 496 309 0 0 0
357 199 499 306 -8 8 0
349 207 502 303 0 -8 0
349 199 505 300 0 -8 0
349 191 508 297 -8 -8 0
341 183 511 294 0 -8 0
341 175 514 291 0 8 0
341 183 517 288 -8 0 0
333 183 520 285 0 0 0
333 183 523 282 -8 -8 0
325 175 526 279 0 8 0
325 183 529 276 0 8 0
325 191 532 273 -8 8 0
317 199 535 270 0 -8 0
317 191 538 267 0 -8 0
317 183 541 264 -8 8 0
309 191 544 261 0 8 0
309 199 547 258 -8 8 0
301 207 550 255 0 8 0
301 215 553 252 0 8 0
301 223 556 249 -8 0 0
293 223 559 246 0 0 0
293 223 562 243 0 8 0
293 231 565 240 -8 0 0
285 231 568 237 0 -8 0
285 223 571 234 -8 -8 0
277 215 574 231 0 -8 0
277 207 577 228 0 0 0
277 207 580 225 -8 -8 0
269 199 583 222 0 8 0
269 207 586 219 0 8 0
269 215 589 216 -8 0 0
261 215 592 213 0 8 0
261 223 595 210 -8 0 0
253 223 598 207 0 0 0
253 223 601 204 0 -8 0
253 215 604 201 -8 0 0
245 215 607 198 0 8 0
245 223 610 195 0 0 0
245 223 613 192 -8 -8 0
237 215 616 189 0 8 0
237 223 619 186 -8 -8 0
229 215 622 183 0 -8 0
229 207 625 180 0 8 0
229 215 628 177 -8 0 0
221 215 631 174 0 8 0
221 223 634 171 0 -8 0
221 215 637 168 -8 8 0
213 223 640 165 0 0 0
213 223 643 162 -8 8 0
205 231 646 159 0 -8 0
205 223 649 156 0 0 0
205 223 652 153 -8 -8 0
197 215 655 150 0 -8 0
197 207 658 147 0 0 0
197 207 661 144 -8 -8 0
189 199 664 141 0 -8 0
189 191 667 138 -8 8 0
181 199 670 135 0 -8 0
181 191 673 132 0 0 0
181 191 676 129 -8 8 0
173 199 679 126 0 0 0
173 199 682 123 0 -8 0
173 191 685 120 -8 -8 0
165 183 688 117 0 0 0
165 183 691 114 -8 8 0
157 191 694 111 0 8 0
157 199 697 108 0 8 0
157 207 700 105 -8 -8 0
149 199 703 102 0 0 0
149 199 706 99 0 -8 0
149 191 709 96 -8 8 0
141 199 712 93 0 8 0
141 207 715 90 -8 0 0
133 207 718 87 0 8 0
133 215 721 84 0 -8 0
133 207 724 81 -8 -8 0
125 199 727 78 0 -8 0
125 191 730 75 0 0 0
125 191 733 72 -8 0 0
117 191 736 69 0 8 0
117 199 739 66 -8 8 0
109 207 742 63 0 -8 0
109 199 745 60 0 -8 0
109 191 748 57 -8 8 0
101 199 751 54 0 -8 0
101 191 754 51 0 -8 0
101 183 757 48 -8 8 0
93 191 760 45 0 -8 0
93 183 763 42 -8 0 0
85 183 766 39 0 -8 0
85 175 769 36 0 8 0
85 183 772 33 -8 0 0
77 183 775 30 0 8 0
77 191 778 27 0 0 0
77 191 781 24 0 0 1
77 191 781 24 0 0 1
77 191 781 24 0 0 1
77 191 781 24 0 0 1
77 191 781 24 0 0 1
