107 159 139 237 0 0 0
107 159 136 234 8 -8 0
115 151 133 231 8 8 0
123 159 130 228 8 0 0
131 159 127 225 8 -8 0
139 151 124 222 8 -8 0
147 143 121 219 8 -8 0
155 135 118 216 8 0 0
163 135 115 213 0 -8 0
163 127 112 210 0 8 0
163 135 109 207 0 0 0
163 135 106 204 0 8 0
163 143 103 201 0 0 0
163 143 100 198 0 0 0
163 143 97 195 0 -8 0
163 135 94 192 0 0 0
163 135 91 189 0 8 0
163 143 88 186 0 8 0
163 151 85 183 0 0 0
163 151 82 180 0 8 0
163 159 79 177 0 -8 0
163 151 76 174 0 0 0
163 151 73 171 0 -8 0
163 143 70 168 0 0 0
163 143 67 165 0 0 0
163 143 64 162 0 -8 0
163 135 61 159 0 8 0
163 143 58 156 0 0 0
163 143 55 153 0 0 0
163 143 52 150 0 8 0
163 151 49 147 0 -8 0
163 143 46 144 0 -8 0
163 135 43 141 0 0 0
163 135 40 138 0 8 0
163 143 37 135 0 8 0
163 151 34 132 0 -8 0
163 143 31 129 0 8 0
163 151 28 126 0 -8 0
163 143 25 123 0 0 0
163 143 22 120 0 8 0
163 151 19 117 0 8 0
163 159 22 114 0 0 0
163 159 25 111 -8 -8 0
155 151 28 108 0 8 0
155 159 31 105 0 8 0
155 167 34 102 -8 0 0
147 167 37 99 0 -8 0
147 159 40 96 -8 -8 0
139 151 43 93 0 0 0
139 151 46 90 0 -8 0
139 143 49 87 -8 0 0
131 143 52 84 0 0 0
131 143 55 81 0 0 0
131 143 58 78 -8 -8 0
123 135 61 75 0 0 0
123 135 64 72 -8 0 0
115 135 67 69 0 8 0
115 143 70 66 0 -8 0
115 135 73 63 -8 8 0
107 143 76 60 0 0 0
107 143 79 57 0 0 0
107 143 82 54 -8 -8 0
99 135 85 51 0 -8 0
99 127 88 48 -8 0 0
91 127 91 45 0 8 0
91 135 94 42 0 8 0
91 143 97 39 -8 0 0
83 143 100 36 0 8 0
83 151 103 33 0 8 0
83 159 106 30 -8 -8 0
75 151 109 27 0 0 0
75 151 112 24 -8 -8 0
67 143 115 21 0 -8 0
67 135 118 18 0 8 0
67 143 121 15 -8 0 0
60 143 124 12 0 0 0
60 143 127 9 -8 0 0
60 143 130 12 0 8 0
60 151 133 15 0 8 0
60 159 136 18 0 0 0
60 159 139 21 0 8 0
60 167 142 24 0 -8 0
60 159 145 27 0 8 0
60 167 148 30 0 8 0
60 175 151 33 0 0 0
60 175 154 36 0 0 0
60 175 157 39 0 -8 0
60 167 160 42 0 -8 0
60 159 163 45 0 0 0
60 159 166 48 0 8 0
60 167 169 51 0 0 0
60 167 172 54 0 0 0
60 167 175 57 0 8 0
60 175 178 60 0 8 0
60 183 181 63 0 8 0
60 191 184 66 0 0 0
60 191 187 69 0 -8 0
60 183 190 72 0 0 0
60 183 193 75 0 8 0
60 191 196 78 0 8 0
60 199 199 81 0 8 0
60 207 202 84 0 -8 0
60 199 205 87 0 0 0
60 199 208 90 0 -8 0
60 191 211 93 0 0 0
60 191 214 96 0 0 0
60 191 217 99 0 0 0
60 191 220 102 0 -8 0
60 183 223 105 0 0 0
60 183 226 108 0 8 0
60 191 229 111 8 8 0
68 199 232 114 0 8 0
68 207 235 117 0 0 0
68 207 238 120 8 0 0
76 207 241 123 0 0 0
76 207 244 126 0 8 0
76 215 247 129 8 8 0
84 223 250 132 0 0 0
84 223 253 135 8 0 0
92 223 256 138 0 0 0
92 223 259 141 0 -8 0
92 215 262 144 8 0 0
100 215 265 147 0 0 0
100 215 268 150 0 8 0
100 223 271 153 8 -8 0
108 215 274 156 0 -8 0
108 207 277 159 8 -8 0
116 199 280 162 0 0 0
116 199 283 165 0 0 0
116 199 286 168 8 8 0
124 207 289 171 0 0 0
124 207 292 174 0 -8 0
124 199 295 177 8 -8 0
132 191 298 180 0 -8 0
132 183 301 183 8 -8 0
140 175 304 186 0 0 0
140 175 307 189 0 0 0
140 175 310 192 8 8 0
148 183 313 195 0 0 0
148 183 316 198 0 -8 0
148 175 319 201 8 0 0
156 175 322 204 0 0 0
156 175 325 207 8 0 0
164 175 328 210 0 0 0
164 175 331 213 0 -8 0
164 167 334 216 8 -8 0
172 159 337 219 0 8 0
172 167 340 222 0 -8 0
172 159 343 225 8 0 0
180 159 346 228 0 8 0
180 167 349 231 8 8 0
188 175 352 234 0 -8 0
188 167 355 237 0 8 0
188 175 358 240 8 -8 0
196 167 361 243 0 0 0
196 167 364 246 0 0 0
196 167 367 249 8 8 0
204 175 370 252 0 8 0
204 183 373 255 8 -8 0
212 175 376 258 0 8 0
212 183 379 261 0 -8 0
212 175 382 264 8 0 0
220 175 385 267 0 0 0
220 175 388 270 0 8 0
220 183 391 273 8 8 0
228 191 394 276 0 0 0
228 191 397 279 8 -8 0
236 183 400 282 0 -8 0
236 175 403 285 0 0 0
236 175 406 288 8 0 0
244 175 409 291 0 8 0
244 183 412 294 0 0 0
244 183 415 297 8 -8 0
252 175 418 300 0 8 0
252 183 421 303 8 -8 0
260 175 424 306 0 0 0
260 175 427 309 0 0 0
260 175 430 312 8 8 0
268 183 433 315 0 0 0
268 183 436 318 0 -8 0
268 175 439 321 8 8 0
276 183 442 324 0 8 0
276 191 445 327 8 -8 0
284 183 448 330 0 8 0
284 191 451 333 0 -8 0
284 183 454 336 8 -8 0
292 175 457 339 0 0 0
292 175 460 342 0 -8 0
292 167 463 345 8 0 0
300 167 466 348 0 8 0
300 175 469 351 8 8 0
308 183 472 354 0 8 0
308 191 475 357 0 0 0
308 191 478 360 8 -8 0
316 183 481 363 0 -8 0
316 175 484 366 0 0 0
316 175 487 369 8 0 0
324 175 490 372 0 8 0
324 183 493 375 8 -8 0
332 175 496 378 0 0 0
332 175 499 381 0 -8 0
332 167 502 384 8 0 0
340 167 505 387 0 0 0
340 167 508 390 0 8 0
340 175 511 393 8 -8 0
348 167 514 396 0 0 0
348 167 517 399 8 0 0
356 167 520 402 0 8 0
356 175 523 405 0 8 0
356 183 526 408 8 -8 0
364 175 529 411 0 -8 0
364 167 532 414 0 -8 0
364 159 535 417 8 8 0
372 167 538 420 0 -8 0
372 159 541 423 8 -8 0
380 151 544 426 0 8 0
380 159 547 429 0 -8 0
380 151 550 432 8 8 0
388 159 553 435 0 0 0
388 159 556 438 0 0 0
388 159 559 441 8 8 0
396 167 562 444 0 -8 0
396 159 565 447 8 0 0
404 159 568 450 0 0 0
404 159 571 453 0 -8 0
404 151 574 456 8 0 0
412 151 577 459 0 0 0
412 151 580 462 0 8 0
412 159 583 465 8 -8 0
420 151 586 468 0 8 0
420 159 589 471 8 -8 0
428 151 592 474 0 8 0
428 159 595 477 0 -8 0
428 151 598 480 8 8 0
436 159 601 483 0 8 0
436 167 604 486 0 8 0
436 175 607 489 8 8 0
444 183 610 492 0 8 0
444 191 613 495 8 0 0
452 191 616 498 0 8 0
452 199 619 501 0 8 0
452 207 622 504 8 8 0
460 215 625 507 0 -8 0
460 207 628 510 0 -8 0
460 199 631 513 8 -8 0
468 191 634 516 0 8 0
468 199 637 519 8 0 0
476 199 640 522 0 0 0
476 199 643 525 0 -8 0
476 191 646 528 8 8 0
484 199 649 531 0 8 0
484 207 652 534 0 8 0
484 215 655 537 8 -8 0
492 207 658 540 0 8 0
492 215 661 543 8 0 0
500 215 664 546 0 8 0
500 223 667 549 0 0 0
500 223 670 552 8 -8 0
508 215 673 555 0 8 0
508 223 676 558 0 8 0
508 231 679 561 8 8 0
516 239 682 564 0 0 0
516 239 685 567 8 0 0
524 239 688 570 0 0 0
524 239 691 573 0 8 0
524 247 694 576 8 0 0
532 247 697 579 0 -8 0
532 239 700 582 0 8 0
532 247 703 585 8 0 0
540 247 706 588 0 0 0
540 247 709 591 8 -8 0
540 239 712 588 0 0 0
540 239 715 585 0 8 0
540 247 718 582 0 0 0
540 247 721 579 0 8 0
540 255 724 576 0 8 0
540 263 727 573 0 8 0
540 271 730 570 0 -8 0
540 263 733 567 0 8 0
540 271 736 564 0 0 0
540 271 739 561 0 -8 0
540 263 742 558 0 8 0
540 271 745 555 0 0 0
540 271 748 552 0 -8 0
540 263 751 549 0 -8 0
540 255 754 546 0 8 0
540 263 757 543 0 0 0
540 263 760 540 0 0 0
540 263 763 537 0 0 0
540 263 766 534 0 8 0
540 271 769 531 0 0 0
540 271 772 528 0 8 0
540 279 775 525 0 -8 0
540 271 778 522 0 0 0
540 271 781 519 0 0 1
540 271 781 519 0 0 1
540 271 781 519 0 0 1
540 271 781 519 0 0 1
540 271 781 519 0 0 1
