148 269 688 303 0 0 0
148 269 685 300 8 8 0
156 277 682 297 8 8 0
164 285 679 294 8 8 0
172 293 676 291 8 -8 0
180 285 673 288 8 -8 0
188 277 670 285 8 0 0
196 277 667 282 8 -8 0
204 269 664 279 8 -8 0
212 261 661 276 8 0 0
220 261 658 273 8 0 0
228 261 655 270 0 -8 0
228 253 652 267 0 0 0
228 253 649 264 0 0 0
228 253 646 261 0 -8 0
228 245 643 258 0 0 0
228 245 640 255 0 8 0
228 253 637 252 0 0 0
228 253 634 249 0 8 0
228 261 631 246 0 -8 0
228 253 628 243 0 8 0
228 261 625 240 0 0 0
228 261 622 237 0 0 0
228 261 619 234 0 8 0
228 269 616 231 0 8 0
228 277 613 228 0 8 0
228 285 610 225 0 0 0
228 285 607 222 0 -8 0
228 277 604 219 0 8 0
228 285 601 216 0 -8 0
228 277 598 213 0 -8 0
228 269 595 210 0 -8 0
228 261 592 207 0 8 0
228 269 589 204 0 -8 0
228 261 586 201 0 0 0
228 261 583 198 0 -8 0
228 253 580 195 0 8 0
228 261 577 192 0 8 0
228 269 574 189 0 0 0
228 269 571 186 0 0 0
228 269 568 183 0 8 0
228 277 565 180 0 -8 0
228 269 562 177 -8 -8 0
220 261 559 174 0 0 0
220 261 556 171 0 8 0
220 269 553 168 -8 0 0
212 269 550 165 0 0 0
212 269 547 162 0 8 0
212 277 544 159 -8 -8 0
204 269 541 156 0 0 0
204 269 538 153 -8 -8 0
196 261 535 150 0 -8 0
196 253 532 147 0 0 0
196 253 529 144 -8 -8 0
188 245 526 141 0 8 0
188 253 523 138 0 -8 0
188 245 520 135 -8 0 0
180 245 517 132 0 -8 0
180 237 514 129 -8 8 0
172 245 511 126 0 8 0
172 253 508 123 0 8 0
172 261 505 120 -8 8 0
164 269 502 117 0 0 0
164 269 499 114 0 0 0
164 269 496 111 -8 8 0
156 277 493 108 0 -8 0
156 269 490 105 -8 0 0
148 269 487 102 0 8 0
148 277 484 99 0 8 0
148 285 481 96 -8 0 0
140 285 478 93 0 8 0
140 293 475 90 0 -8 0
140 285 472 87 -8 -8 0
132 277 469 84 0 0 0
132 277 466 81 -8 8 0
124 285 463 78 0 8 0
124 293 460 75 0 0 0
124 293 457 72 -8 0 0
116 293 454 69 0 -8 0
116 285 451 66 0 0 0
116 285 448 63 -8 -8 0
108 277 445 60 0 8 0
108 285 442 57 -8 0 0
100 285 439 54 0 0 0
100 285 436 51 0 -8 0
100 277 433 48 -8 0 0
92 277 430 45 0 -8 0
92 269 427 42 0 0 0
92 269 424 39 -8 0 0
84 269 421 36 0 0 0
84 269 418 33 -8 0 0
76 269 415 30 0 8 0
76 277 412 27 0 0 0
76 277 409 24 -8 -8 0
68 269 406 21 0 8 0
68 277 403 18 0 8 0
68 285 400 15 -8 0 0
60 285 397 12 0 -8 0
60 277 394 9 -8 8 0
60 285 391 12 0 8 0
60 293 388 15 0 8 0
60 301 385 18 0 8 0
60 309 382 21 0 8 0
60 317 379 24 0 -8 0
60 309 376 27 0 8 0
60 317 373 30 0 0 0
60 317 370 33 0 0 0
60 317 367 36 0 0 0
60 317 364 39 0 -8 0
60 309 361 42 0 8 0
60 317 358 45 0 8 0
60 325 355 48 0 -8 0
60 317 352 51 0 0 0
60 317 349 54 0 0 0
60 317 346 57 0 -8 0
60 309 343 60 0 -8 0
60 301 340 63 0 -8 0
60 293 337 66 0 8 0
60 301 334 69 0 8 0
60 309 331 72 0 -8 0
60 301 328 75 0 0 0
60 301 325 78 0 0 0
60 301 322 81 0 8 0
60 309 319 84 0 8 0
60 317 316 87 0 -8 0
60 309 313 90 0 -8 0
60 301 310 93 0 -8 0
60 293 307 96 0 8 0
60 301 304 99 0 -8 0
60 293 301 102 0 -8 0
60 285 298 105 0 -8 0
60 277 295 108 0 8 0
60 285 292 111 8 -8 0
68 277 289 114 0 0 0
68 277 286 117 0 8 0
68 285 283 120 8 8 0
76 293 280 123 0 0 0
76 293 277 126 0 0 0
76 293 274 129 8 8 0
84 301 271 132 0 0 0
84 301 268 135 8 0 0
92 301 265 138 0 8 0
92 309 262 141 0 -8 0
92 301 259 144 8 0 0
100 301 256 147 0 -8 0
100 293 253 150 0 0 0
100 293 250 153 8 -8 0
108 285 247 156 0 0 0
108 285 244 159 8 -8 0
116 277 241 162 0 0 0
116 277 238 165 0 -8 0
116 269 235 168 8 8 0
124 277 232 171 0 -8 0
124 269 229 174 0 8 0
124 277 226 177 8 8 0
132 285 223 180 0 0 0
132 285 220 183 8 8 0
140 293 217 186 0 8 0
140 301 214 189 0 8 0
140 309 211 192 8 0 0
148 309 208 195 0 8 0
148 317 205 198 0 0 0
148 317 202 201 8 8 0
156 325 199 204 0 -8 0
156 317 196 207 8 8 0
164 325 193 210 0 0 0
164 325 190 213 0 -8 0
164 317 187 216 8 8 0
172 325 184 219 0 0 0
172 325 181 222 0 -8 0
172 317 178 225 8 8 0
180 325 175 228 0 -8 0
180 317 172 231 8 8 0
188 325 169 234 0 -8 0
188 317 166 237 0 0 0
188 317 163 240 8 -8 0
196 309 160 243 0 -8 0
196 301 157 246 0 8 0
196 309 154 249 8 8 0
204 317 151 252 0 -8 0
204 309 148 255 8 0 0
212 309 145 258 0 8 0
212 317 142 261 0 8 0
212 325 139 264 8 8 0
220 333 136 267 0 0 0
220 333 133 270 0 0 0
220 333 130 273 8 -8 0
228 325 127 276 0 8 0
228 333 124 279 8 0 0
236 333 121 282 0 -8 0
236 325 118 285 0 0 0
236 325 115 288 8 -8 0
244 317 112 291 0 8 0
244 325 109 294 0 8 0
244 333 106 297 8 8 0
252 341 103 300 0 -8 0
252 333 100 303 8 8 0
260 341 97 306 0 8 0
260 349 94 309 0 -8 0
260 341 91 312 8 8 0
268 349 88 315 0 8 0
268 357 85 318 0 -8 0
268 349 82 321 8 8 0
276 357 79 324 0 0 0
276 357 76 327 8 0 0
284 357 73 330 0 8 0
284 365 70 333 0 0 0
284 365 67 336 8 -8 0
292 357 64 339 0 -8 0
292 349 61 342 0 -8 0
292 341 58 345 8 0 0
300 341 55 348 0 0 0
300 341 52 351 8 -8 0
308 333 49 354 0 8 0
308 341 46 357 0 8 0
308 349 43 360 8 8 0
316 357 40 363 0 0 0
316 357 37 366 0 0 0
316 357 34 369 8 0 0
324 357 31 372 0 0 0
324 357 28 375 8 0 0
332 357 25 378 0 8 0
332 365 22 381 0 8 0
332 373 19 384 0 0 1
332 373 19 384 0 0 1
332 373 19 384 0 0 1
332 373 19 384 0 0 1
332 373 19 384 0 0 1
