316 69 526 183 0 0 0
316 69 523 186 -8 -8 0
308 61 520 189 -8 -8 0
300 60 517 192 -8 -8 0
292 60 514 195 -8 -8 0
284 60 511 198 -8 -8 0
276 60 508 201 -8 -8 0
268 60 505 204 -8 -8 0
260 60 502 207 -8 0 0
252 60 499 210 0 -8 0
252 60 496 213 0 0 0
252 60 493 216 0 0 0
252 60 490 219 0 0 0
252 60 487 222 0 0 0
252 60 484 225 0 -8 0
252 60 481 228 0 -8 0
252 60 478 231 0 0 0
252 60 475 234 0 8 0
252 68 472 237 0 8 0
252 76 469 240 0 -8 0
252 68 466 243 0 8 0
252 76 463 246 0 8 0
252 84 460 249 0 -8 0
252 76 457 252 0 8 0
252 84 454 255 0 8 0
252 92 451 258 0 8 0
252 100 448 261 0 8 0
252 108 445 264 0 -8 0
252 100 442 267 0 0 0
252 100 439 270 0 0 0
252 100 436 273 0 -8 0
252 92 433 276 0 8 0
252 100 430 279 0 -8 0
252 92 427 282 0 -8 0
252 84 424 285 0 -8 0
252 76 421 288 0 -8 0
252 68 418 291 0 0 0
252 68 415 294 0 0 0
252 68 412 297 0 -8 0
252 60 409 300 0 -8 0
252 60 406 303 8 -8 0
260 60 403 306 0 8 0
260 68 400 309 0 -8 0
260 60 397 312 8 -8 0
268 60 394 315 0 -8 0
268 60 391 318 0 0 0
268 60 388 321 8 -8 0
276 60 385 324 0 8 0
276 68 382 327 8 -8 0
284 60 379 330 0 -8 0
284 60 376 333 0 0 0
284 60 373 336 8 -8 0
292 60 370 339 0 -8 0
292 60 367 342 0 -8 0
292 60 364 345 8 8 0
300 68 361 348 0 8 0
300 76 358 351 8 8 0
308 84 355 354 0 0 0
308 84 352 357 0 -8 0
308 76 349 360 8 0 0
316 76 346 363 0 8 0
316 84 343 366 0 -8 0
316 76 340 369 8 8 0
324 84 337 372 0 0 0
324 84 334 375 8 0 0
332 84 331 378 0 -8 0
332 76 328 381 0 0 0
332 76 325 384 8 8 0
340 84 322 387 0 8 0
340 92 319 390 0 8 0
340 100 316 393 8 8 0
348 108 313 396 0 8 0
348 116 310 399 8 0 0
356 116 307 402 0 8 0
356 124 304 405 0 -8 0
356 116 301 408 8 0 0
364 116 298 411 0 -8 0
364 108 295 414 0 -8 0
364 100 292 417 8 8 0
372 108 289 420 0 0 0
372 108 286 423 8 0 0
380 108 283 426 0 0 0
380 108 280 429 0 0 0
380 108 277 432 8 -8 0
388 100 274 435 0 8 0
388 108 271 438 0 -8 0
388 100 268 441 8 -8 0
396 92 265 444 0 8 0
396 100 262 447 8 8 0
404 108 259 450 0 -8 0
404 100 256 453 0 0 0
404 100 253 456 8 8 0
412 108 250 459 0 0 0
412 108 247 462 0 8 0
412 116 244 465 8 8 0
420 124 241 468 0 -8 0
420 116 238 471 8 -8 0
428 108 235 474 0 0 0
428 108 232 477 0 8 0
428 116 229 480 8 0 0
436 116 226 483 0 0 0
436 116 223 486 0 0 0
436 116 220 489 8 -8 0
444 108 217 492 0 -8 0
444 100 214 495 8 0 0
452 100 211 498 0 -8 0
452 92 208 501 0 8 0
452 100 205 504 8 8 0
460 108 202 507 0 -8 0
460 100 199 510 0 -8 0
460 92 196 513 8 -8 0
468 84 193 516 0 8 0
468 92 190 519 8 0 0
476 92 187 522 0 0 0
476 92 184 525 0 -8 0
476 84 181 528 8 0 0
484 84 178 531 0 0 0
484 84 175 534 0 -8 0
484 76 172 537 8 8 0
492 84 169 540 0 0 0
492 84 166 543 8 8 0
500 92 163 546 0 8 0
500 100 160 549 0 8 0
500 108 157 552 8 0 0
508 108 154 555 0 0 0
508 108 151 558 0 8 0
508 116 148 561 8 0 0
516 116 145 564 0 8 0
516 124 142 567 8 -8 0
524 116 139 570 0 0 0
524 116 136 573 0 0 0
524 116 133 576 8 -8 0
532 108 130 579 0 8 0
532 116 127 582 0 -8 0
532 108 124 585 8 8 0
540 116 121 588 0 0 0
540 116 118 591 8 0 0
540 116 115 588 0 0 0
540 116 112 585 0 8 0
540 124 109 582 0 8 0
540 132 106 579 0 -8 0
540 124 103 576 0 8 0
540 132 100 573 0 8 0
540 140 97 570 0 -8 0
540 132 94 567 0 8 0
540 140 91 564 0 8 0
540 148 88 561 0 0 0
540 148 85 558 0 0 0
540 148 82 555 0 -8 0
540 140 79 552 0 0 0
540 140 76 549 0 -8 0
540 132 73 546 0 8 0
540 140 70 543 0 -8 0
540 132 67 540 0 -8 0
540 124 64 537 0 -8 0
540 116 61 534 0 0 0
540 116 58 531 0 -8 0
540 108 55 528 0 0 0
540 108 52 525 0 0 0
540 108 49 522 0 0 0
540 108 46 519 0 -8 0
540 100 43 516 0 -8 0
540 92 40 513 0 -8 0
540 84 37 510 0 0 0
540 84 34 507 0 0 0
540 84 31 504 0 -8 0
540 76 28 501 0 0 0
540 76 25 498 0 8 0
540 84 22 495 0 -8 0
540 76 19 492 0 8 0
540 84 22 489 -8 8 0
532 92 25 486 0 -8 0
532 84 28 483 0 -8 0
532 76 31 480 -8 0 0
524 76 34 477 0 8 0
524 84 37 474 0 -8 0
524 76 40 471 -8 0 0
516 76 43 468 0 -8 0
516 68 46 465 -8 -8 0
508 60 49 462 0 0 0
508 60 52 459 0 -8 0
508 60 55 456 -8 -8 0
500 60 58 453 0 -8 0
500 60 61 450 0 0 0
500 60 64 447 -8 8 0
492 68 67 444 0 8 0
492 76 70 441 -8 8 0
484 84 73 438 0 -8 0
484 76 76 435 0 -8 0
484 68 79 432 -8 8 0
476 76 82 429 0 -8 0
476 68 85 426 0 8 0
476 76 88 423 -8 8 0
468 84 91 420 0 8 0
468 92 94 417 -8 0 0
460 92 97 414 0 -8 0
460 84 100 411 0 -8 0
460 76 103 408 -8 8 0
452 84 106 405 0 8 0
452 92 109 402 0 0 0
452 92 112 399 -8 8 0
444 100 115 396 0 -8 0
444 92 118 393 -8 0 0
436 92 121 390 0 0 0
436 92 124 387 0 0 0
436 92 127 384 -8 0 0
428 92 130 381 0 0 0
428 92 133 378 0 -8 0
428 84 136 375 -8 8 0
420 92 139 372 0 -8 0
420 84 142 369 -8 8 0
412 92 145 366 0 -8 0
412 84 148 363 0 0 0
412 84 151 360 -8 0 0
404 84 154 357 0 -8 0
404 76 157 354 0 0 0
404 76 160 351 -8 0 0
396 76 163 348 0 8 0
396 84 166 345 -8 0 0
388 84 169 342 0 8 0
388 92 172 339 0 0 0
388 92 175 336 -8 -8 0
380 84 178 333 0 -8 0
380 76 181 330 0 8 0
380 84 184 327 -8 0 0
372 84 187 324 0 8 0
372 92 190 321 -8 0 0
364 92 193 318 0 -8 0
364 84 196 315 0 0 0
364 84 199 312 -8 -8 0
356 76 202 309 0 0 0
356 76 205 306 0 8 0
356 84 208 303 -8 8 0
348 92 211 300 0 0 0
348 92 214 297 -8 -8 0
340 84 217 294 0 -8 0
340 76 220 291 0 -8 0
340 68 223 288 -8 0 0
332 68 226 285 0 0 0
332 68 229 282 0 -8 0
332 60 232 279 -8 0 0
324 60 235 276 0 -8 0
324 60 238 273 -8 8 0
316 68 241 270 0 -8 0
316 60 244 267 0 0 0
316 60 247 264 -8 8 0
308 68 250 261 0 8 0
308 76 253 258 0 8 0
308 84 256 255 -8 0 0
300 84 259 252 0 -8 0
300 76 262 249 -8 8 0
292 84 265 246 0 -8 0
292 76 268 243 0 0 0
292 76 271 240 -8 0 0
284 76 274 237 0 8 0
284 84 277 234 0 8 0
284 92 280 231 -8 8 0
276 100 283 228 0 0 0
276 100 286 225 -8 8 0
268 108 289 222 0 0 0
268 108 292 219 0 -8 0
268 100 295 216 -8 8 0
260 108 298 213 0 0 0
260 108 301 210 0 0 0
260 108 304 207 -8 0 0
252 108 307 204 0 -8 0
252 100 310 201 -8 -8 0
244 92 313 198 0 8 0
244 100 316 195 0 0 0
244 100 319 192 -8 0 0
236 100 322 189 0 8 0
236 108 325 186 0 -8 0
236 100 328 183 -8 8 0
228 108 331 180 0 0 0
228 108 334 177 -8 8 0
220 116 337 174 0 -8 0
220 108 340 171 0 0 0
220 108 343 168 -8 8 0
212 116 346 165 0 8 0
212 124 349 162 0 -8 0
212 116 352 159 -8 -8 0
204 108 355 156 0 0 0
204 108 358 153 -8 8 0
196 116 361 150 0 0 0
196 116 364 147 0 -8 0
196 108 367 144 -8 -8 0
188 100 370 141 0 8 0
188 108 373 138 0 8 0
188 116 376 135 -8 0 0
180 116 379 132 0 8 0
180 124 382 129 -8 8 0
172 132 385 126 0 0 0
172 132 388 123 0 -8 0
172 124 391 120 -8 8 0
164 132 394 117 0 -8 0
164 124 397 114 0 8 0
164 132 400 111 -8 8 0
156 140 403 108 0 0 0
156 140 406 105 -8 0 0
148 140 409 102 0 -8 0
148 132 412 99 0 -8 0
148 124 415 96 -8 8 0
140 132 418 93 0 0 0
140 132 421 90 0 8 0
140 140 424 87 -8 8 0
132 148 427 84 0 0 0
132 148 430 81 -8 -8 0
124 140 433 78 0 -8 0
124 132 436 75 0 0 0
124 132 439 72 -8 0 0
116 132 442 69 0 0 0
116 132 445 66 0 -8 0
116 124 448 63 -8 0 0
108 124 451 60 0 8 0
108 132 454 57 -8 -8 0
100 124 457 54 0 8 0
100 132 460 51 0 0 0
100 132 463 48 -8 8 0
92 140 466 45 0 0 0
92 140 469 42 0 8 0
92 148 472 39 -8 0 0
84 148 475 36 0 8 0
84 156 478 33 -8 -8 0
76 148 481 30 0 -8 0
76 140 484 27 0 -8 0
76 132 487 24 -8 8 0
68 140 490 21 0 -8 0
68 132 493 18 0 0 0
68 132 496 15 -8 -8 0
60 124 499 12 0 -8 0
60 116 502 9 -8 -8 0
60 108 505 12 0 0 0
60 108 508 15 0 -8 0
60 100 511 18 0 0 0
60 100 514 21 0 -8 0
60 92 517 24 0 8 0
60 100 520 27 0 0 0
60 100 523 30 0 8 0
60 108 526 33 0 0 0
60 108 529 36 0 -8 0
60 100 532 39 0 -8 0
60 92 535 42 0 -8 0
60 84 538 45 0 0 0
60 84 541 48 0 0 0
60 84 544 51 0 -8 0
60 76 547 54 0 8 0
60 84 550 57 0 -8 0
60 76 553 60 0 0 0
60 76 556 63 0 -8 0
60 68 559 66 0 8 0
60 76 562 69 0 8 0
60 84 565 72 0 8 0
60 92 568 75 0 8 0
60 100 571 78 0 8 0
60 108 574 81 0 -8 0
60 100 577 84 0 -8 0
60 92 580 87 0 -8 0
60 84 583 90 0 8 0
60 92 586 93 0 8 0
60 100 589 96 0 8 0
60 108 592 99 0 0 0
60 108 595 102 0 0 0
60 108 598 105 0 0 0
60 108 601 108 0 0 0
60 108 604 111 8 -8 0
68 100 607 114 0 -8 0
68 92 610 117 0 0 0
68 92 613 120 8 0 0
76 92 616 123 0 8 0
76 100 619 126 0 -8 0
76 92 622 129 8 0 0
84 92 625 132 0 8 0
84 100 628 135 8 -8 0
92 92 631 138 0 0 0
92 92 634 141 0 8 0
92 100 637 144 8 -8 0
100 92 640 147 0 -8 0
100 84 643 150 0 0 0
100 84 646 153 8 8 0
108 92 649 156 0 0 0
108 92 652 159 8 8 0
116 100 655 162 0 -8 0
116 92 658 165 0 8 0
116 100 661 168 8 -8 0
124 92 664 171 0 0 0
124 92 667 174 0 8 0
124 100 670 177 8 -8 0
132 92 673 180 0 -8 0
132 84 676 183 8 0 0
140 84 679 186 0 0 0
140 84 682 189 0 0 0
140 84 685 192 8 0 0
148 84 688 195 0 -8 0
148 76 691 198 0 0 0
148 76 694 201 8 -8 0
156 68 697 204 0 -8 0
156 60 700 207 8 -8 0
164 60 703 210 0 0 0
164 60 706 213 0 8 0
164 68 709 216 8 8 0
172 76 712 219 0 -8 0
172 68 715 222 0 8 0
172 76 718 225 8 0 0
180 76 721 228 0 0 0
180 76 724 231 8 8 0
188 84 727 234 0 -8 0
188 76 730 237 0 8 0
188 84 733 240 8 0 0
196 84 736 243 0 -8 0
196 76 739 246 0 0 0
196 76 742 249 8 -8 0
204 68 745 252 0 0 0
204 68 748 255 8 0 0
212 68 751 258 0 0 0
212 68 754 261 0 -8 0
212 60 757 264 8 -8 0
220 60 760 267 0 0 0
220 60 763 270 0 -8 0
220 60 766 273 8 0 0
228 60 769 276 0 8 0
228 68 772 279 8 8 0
236 76 775 282 0 0 0
236 76 778 285 0 0 0
236 76 781 288 0 0 1
236 76 781 288 0 0 1
236 76 781 288 0 0 1
236 76 781 288 0 0 1
236 76 781 288 0 0 1
