442 520 427 264 0 0 0
442 520 424 267 -8 -8 0
434 512 421 270 -8 0 0
426 512 418 273 -8 0 0
418 512 415 276 -8 0 0
410 512 412 279 -8 -8 0
402 504 409 282 -8 0 0
394 504 406 285 -8 0 0
386 504 403 288 -8 0 0
378 504 400 291 -8 -8 0
370 496 397 294 -8 0 0
362 496 394 297 -8 0 0
354 496 391 300 -8 -8 0
346 488 388 303 0 -8 0
346 480 385 306 0 -8 0
346 472 382 309 0 -8 0
346 464 379 312 0 -8 0
346 456 376 315 0 8 0
346 464 373 318 0 0 0
346 464 370 321 0 0 0
346 464 367 324 0 -8 0
346 456 364 327 0 8 0
346 464 361 330 0 0 0
346 464 358 333 0 -8 0
346 456 355 336 0 8 0
346 464 352 339 0 8 0
346 472 349 342 0 8 0
346 480 346 345 0 -8 0
346 472 343 348 0 -8 0
346 464 340 351 0 -8 0
346 456 337 354 0 8 0
346 464 334 357 0 0 0
346 464 331 360 0 0 0
346 464 328 363 0 -8 0
346 456 325 366 0 0 0
346 456 322 369 0 -8 0
346 448 319 372 0 -8 0
346 440 316 375 0 8 0
346 448 313 378 0 0 0
346 448 310 381 0 0 0
346 448 307 384 0 8 0
346 456 304 387 0 -8 0
346 448 301 390 0 -8 0
346 440 298 393 0 0 0
346 440 295 396 0 -8 0
346 432 292 399 8 0 0
354 432 289 402 0 0 0
354 432 286 405 8 0 0
362 432 283 408 0 -8 0
362 424 280 411 0 8 0
362 432 277 414 8 8 0
370 440 274 417 0 -8 0
370 432 271 420 0 8 0
370 440 268 423 8 8 0
378 448 265 426 0 -8 0
378 440 262 429 8 8 0
386 448 259 432 0 8 0
386 456 256 435 0 8 0
386 464 253 438 8 0 0
394 464 250 441 0 -8 0
394 456 247 444 0 8 0
394 464 244 447 8 8 0
402 472 241 450 0 8 0
402 480 238 453 8 -8 0
410 472 235 456 0 -8 0
410 464 232 459 0 0 0
410 464 229 462 8 -8 0
418 456 226 465 0 8 0
418 464 223 468 0 0 0
418 464 220 471 8 -8 0
426 456 217 474 0 8 0
426 464 214 477 8 8 0
434 472 211 480 0 -8 0
434 464 208 483 0 8 0
434 472 205 486 8 0 0
442 472 202 489 0 8 0
442 480 199 492 0 8 0
442 488 196 495 8 8 0
450 496 193 498 0 -8 0
450 488 190 501 8 -8 0
458 480 187 504 0 0 0
458 480 184 507 0 0 0
458 480 181 510 8 0 0
466 480 178 513 0 8 0
466 488 175 516 0 -8 0
466 480 172 519 8 -8 0
474 472 169 522 0 0 0
474 472 166 525 8 -8 0
482 464 163 528 0 -8 0
482 456 160 531 0 0 0
482 456 157 534 8 0 0
490 456 154 537 0 -8 0
490 448 151 540 0 0 0
490 448 148 543 8 -8 0
498 440 145 546 0 0 0
498 440 142 549 8 0 0
506 440 139 552 0 -8 0
506 432 136 555 0 0 0
506 432 133 558 8 -8 0
514 424 130 561 0 8 0
514 432 127 564 0 8 0
514 440 124 567 8 8 0
522 448 121 570 0 -8 0
522 440 118 573 8 0 0
530 440 115 576 0 -8 0
530 432 112 579 0 -8 0
530 424 109 582 8 0 0
538 424 106 585 0 0 0
538 424 103 588 0 -8 0
538 416 100 591 8 -8 0
540 408 97 588 0 0 0
540 408 94 585 0 -8 0
540 400 91 582 0 8 0
540 408 88 579 0 -8 0
540 400 85 576 0 8 0
540 408 82 573 0 -8 0
540 400 79 570 0 8 0
540 408 76 567 0 -8 0
540 400 73 564 0 0 0
540 400 70 561 0 0 0
540 400 67 558 0 -8 0
540 392 64 555 0 0 0
540 392 61 552 0 8 0
540 400 58 549 0 -8 0
540 392 55 546 0 8 0
540 400 52 543 0 -8 0
540 392 49 540 0 8 0
540 400 46 537 0 0 0
540 400 43 534 0 0 0
540 400 40 531 0 0 0
540 400 37 528 0 8 0
540 408 34 525 0 8 0
540 416 31 522 0 8 0
540 424 28 519 0 0 0
540 424 25 516 0 0 0
540 424 22 513 0 -8 0
540 416 19 510 0 -8 0
540 408 22 507 0 8 0
540 416 25 504 0 -8 0
540 408 28 501 0 8 0
540 416 31 498 0 8 0
540 424 34 495 0 8 0
540 432 37 492 0 0 0
540 432 40 489 -8 0 0
532 432 43 486 0 8 0
532 440 46 483 0 -8 0
532 432 49 480 -8 -8 0
524 424 52 477 0 -8 0
524 416 55 474 0 0 0
524 416 58 471 -8 8 0
516 424 61 468 0 0 0
516 424 64 465 -8 -8 0
508 416 67 462 0 8 0
508 424 70 459 0 8 0
508 432 73 456 -8 8 0
500 440 76 453 0 0 0
500 440 79 450 0 8 0
500 448 82 447 -8 8 0
492 456 85 444 0 -8 0
492 448 88 441 -8 -8 0
484 440 91 438 0 0 0
484 440 94 435 0 -8 0
484 432 97 432 -8 8 0
476 440 100 429 0 0 0
476 440 103 426 0 -8 0
476 432 106 423 -8 0 0
468 432 109 420 0 -8 0
468 424 112 417 -8 8 0
460 432 115 414 0 -8 0
460 424 118 411 0 8 0
460 432 121 408 -8 -8 0
452 424 124 405 0 0 0
452 424 127 402 0 0 0
452 424 130 399 -8 -8 0
444 416 133 396 0 -8 0
444 408 136 393 -8 0 0
436 408 139 390 0 -8 0
436 400 142 387 0 0 0
436 400 145 384 -8 8 0
428 408 148 381 0 8 0
428 416 151 378 0 0 0
428 416 154 375 -8 -8 0
420 408 157 372 0 -8 0
420 400 160 369 -8 8 0
412 408 163 366 0 0 0
412 408 166 363 0 -8 0
412 400 169 360 -8 8 0
404 408 172 357 0 -8 0
404 400 175 354 0 8 0
404 408 178 351 -8 -8 0
396 400 181 348 0 0 0
396 400 184 345 -8 -8 0
388 392 187 342 0 -8 0
388 384 190 339 0 0 0
388 384 193 336 -8 8 0
380 392 196 333 0 8 0
380 400 199 330 0 0 0
380 400 202 327 -8 0 0
372 400 205 324 0 -8 0
372 392 208 321 -8 -8 0
364 384 211 318 0 0 0
364 384 214 315 0 0 0
364 384 217 312 -8 -8 0
356 376 220 309 0 -8 0
356 368 223 306 0 8 0
356 376 226 303 -8 0 0
348 376 229 300 0 8 0
348 384 232 297 -8 0 0
340 384 235 294 0 -8 0
340 376 238 291 0 -8 0
340 368 241 288 -8 -8 0
332 360 244 285 0 0 0
332 360 247 282 0 -8 0
332 352 250 279 -8 8 0
324 360 253 276 0 0 0
324 360 256 273 -8 0 0
316 360 259 270 0 -8 0
316 352 262 267 0 0 0
316 352 265 264 -8 8 0
308 360 268 261 0 8 0
308 368 271 258 0 0 0
308 368 274 255 -8 -8 0
300 360 277 252 0 0 0
300 360 280 249 -8 -8 0
292 352 283 246 0 8 0
292 360 286 243 0 8 0
292 368 289 240 -8 -8 0
284 360 292 237 0 -8 0
284 352 295 234 0 8 0
284 360 298 231 -8 -8 0
276 352 301 228 0 8 0
276 360 304 225 -8 -8 0
268 352 307 222 0 -8 0
268 344 310 219 0 8 0
268 352 313 216 -8 -8 0
260 344 316 213 0 -8 0
260 336 319 210 0 8 0
260 344 322 207 -8 0 0
252 344 325 204 0 8 0
252 352 328 201 -8 -8 0
244 344 331 198 0 8 0
244 352 334 195 0 0 0
244 352 337 192 -8 -8 0
236 344 340 189 0 0 0
236 344 343 186 0 0 0
236 344 346 183 -8 8 0
228 352 349 180 0 0 0
228 352 352 177 -8 -8 0
220 344 355 174 0 8 0
220 352 358 171 0 8 0
220 360 361 168 -8 8 0
212 368 364 165 0 -8 0
212 360 367 162 0 8 0
212 368 370 159 -8 -8 0
204 360 373 156 0 0 0
204 360 376 153 -8 -8 0
196 352 379 150 0 8 0
196 360 382 147 0 -8 0
196 352 385 144 -8 -8 0
188 344 388 141 0 0 0
188 344 391 138 0 0 0
188 344 394 135 -8 0 0
180 344 397 132 0 -8 0
180 336 400 129 -8 -8 0
172 328 403 126 0 0 0
172 328 406 123 0 8 0
172 336 409 120 -8 -8 0
164 328 412 117 0 8 0
164 336 415 114 0 0 0
164 336 418 111 -8 -8 0
156 328 421 108 0 -8 0
156 320 424 105 -8 0 0
148 320 427 102 0 0 0
148 320 430 99 0 8 0
148 328 433 96 -8 8 0
140 336 436 93 0 8 0
140 344 439 90 0 0 0
140 344 442 87 -8 8 0
132 352 445 84 0 0 0
132 352 448 81 -8 -8 0
124 344 451 78 0 -8 0
124 336 454 75 0 8 0
124 344 457 72 -8 0 0
116 344 460 69 0 0 0
116 344 463 66 0 0 0
116 344 466 63 -8 -8 0
108 336 469 60 0 8 0
108 344 472 57 -8 8 0
100 352 475 54 0 -8 0
100 344 478 51 0 0 0
100 344 481 48 -8 0 0
92 344 484 45 0 0 0
92 344 487 42 0 8 0
92 352 490 39 -8 8 0
84 360 493 36 0 8 0
84 368 496 33 -8 0 0
76 368 499 30 0 -8 0
76 360 502 27 0 8 0
76 368 505 24 -8 0 0
68 368 508 21 0 -8 0
68 360 511 18 0 -8 0
68 352 514 15 -8 8 0
60 360 517 12 0 -8 0
60 352 520 9 -8 8 0
60 360 523 12 0 8 0
60 368 526 15 0 -8 0
60 360 529 18 0 -8 0
60 352 532 21 0 0 0
60 352 535 24 0 8 0
60 360 538 27 0 0 0
60 360 541 30 0 8 0
60 368 544 33 0 0 0
60 368 547 36 0 -8 0
60 360 550 39 0 8 0
60 368 553 42 0 0 0
60 368 556 45 0 0 0
60 368 559 48 0 -8 0
60 360 562 51 0 -8 0
60 352 565 54 0 0 0
60 352 568 57 0 -8 0
60 344 571 60 0 0 0
60 344 574 63 0 -8 0
60 336 577 66 0 -8 0
60 328 580 69 0 8 0
60 336 583 72 0 -8 0
60 328 586 75 0 0 0
60 328 589 78 0 0 0
60 328 592 81 0 8 0
60 336 595 84 0 -8 0
60 328 598 87 0 8 0
60 336 601 90 0 -8 0
60 328 604 93 0 -8 0
60 320 607 96 0 -8 0
60 312 610 99 0 -8 0
60 304 613 102 0 8 0
60 312 616 105 0 0 0
60 312 619 108 0 8 0
60 320 622 111 8 8 0
68 328 625 114 0 0 0
68 328 628 117 0 0 0
68 328 631 120 8 -8 0
76 320 634 123 0 -8 0
76 312 637 126 0 8 0
76 320 640 129 8 0 0
84 320 643 132 0 0 0
84 320 646 135 8 -8 0
92 312 649 138 0 8 0
92 320 652 141 0 0 0
92 320 655 144 8 8 0
100 328 658 147 0 0 0
100 328 661 150 0 8 0
100 336 664 153 8 8 0
108 344 667 156 0 0 0
108 344 670 159 8 0 0
116 344 673 162 0 0 0
116 344 676 165 0 8 0
116 352 679 168 8 8 0
124 360 682 171 0 0 0
124 360 685 174 0 -8 0
124 352 688 177 8 8 0
132 360 691 180 0 -8 0
132 352 694 183 8 8 0
140 360 697 186 0 -8 0
140 352 700 189 0 -8 0
140 344 703 192 8 -8 0
148 336 706 195 0 0 0
148 336 709 198 0 -8 0
148 328 712 201 8 8 0
156 336 715 204 0 0 0
156 336 718 207 8 0 0
164 336 721 210 0 -8 0
164 328 724 213 0 8 0
164 336 727 216 8 0 0
172 336 730 219 0 8 0
172 344 733 222 0 -8 0
172 336 736 225 8 8 0
180 344 739 228 0 0 0
180 344 742 231 8 0 0
188 344 745 234 0 0 0
188 344 748 237 0 0 0
188 344 751 240 8 0 0
196 344 754 243 0 8 0
196 352 757 246 0 -8 0
196 344 760 249 8 -8 0
204 336 763 252 0 0 0
204 336 766 255 8 8 0
212 344 769 258 0 0 0
212 344 772 261 0 8 0
212 352 775 264 8 0 0
220 352 778 267 0 -8 0
220 344 781 270 0 0 1
220 344 781 270 0 0 1
220 344 781 270 0 0 1
220 344 781 270 0 0 1
220 344 781 270 0 0 1
