272 459 115 447 0 0 0
272 459 118 450 8 0 0
280 459 121 453 8 -8 0
288 451 124 456 8 -8 0
296 443 127 459 8 0 0
304 443 130 462 8 0 0
312 443 133 465 8 0 0
320 443 136 468 8 0 0
328 443 139 471 8 -8 0
336 435 142 474 8 0 0
344 435 145 477 8 0 0
352 435 148 480 8 8 0
360 443 151 483 8 -8 0
368 435 154 486 8 -8 0
376 427 157 489 8 -8 0
384 419 160 492 8 8 0
392 427 163 495 8 -8 0
400 419 166 498 8 8 0
408 427 169 501 8 8 0
416 435 172 504 8 -8 0
424 427 175 507 8 0 0
432 427 178 510 8 -8 0
440 419 181 513 8 0 0
448 419 184 516 8 -8 0
456 411 187 519 8 -8 0
464 403 190 522 8 -8 0
472 395 193 525 8 -8 0
480 387 196 528 0 8 0
480 395 199 531 8 0 0
488 395 202 534 0 8 0
488 403 205 537 0 0 0
488 403 208 540 8 0 0
496 403 211 543 0 8 0
496 411 214 546 0 0 0
496 411 217 549 8 0 0
504 411 220 552 0 0 0
504 411 223 555 8 0 0
512 411 226 558 0 8 0
512 419 229 561 0 0 0
512 419 232 564 8 0 0
520 419 235 567 0 8 0
520 427 238 570 0 0 0
520 427 241 573 8 0 0
528 427 244 576 0 -8 0
528 419 247 579 8 8 0
536 427 250 582 0 -8 0
536 419 253 585 0 0 0
536 419 256 588 8 8 0
540 427 259 591 8 0 0
540 427 262 588 0 -8 0
540 419 265 585 0 -8 0
540 411 268 582 0 -8 0
540 403 271 579 0 0 0
540 403 274 576 0 -8 0
540 395 277 573 0 -8 0
540 387 280 570 0 -8 0
540 379 283 567 0 8 0
540 387 286 564 0 8 0
540 395 289 561 0 0 0
540 395 292 558 0 -8 0
540 387 295 555 0 8 0
540 395 298 552 0 0 0
540 395 301 549 0 0 0
540 395 304 546 0 8 0
540 403 307 543 0 -8 0
540 395 310 540 0 0 0
540 395 313 537 0 8 0
540 403 316 534 0 0 0
540 403 319 531 0 8 0
540 411 322 528 0 -8 0
540 403 325 525 0 8 0
540 411 328 522 0 0 0
540 411 331 519 0 8 0
540 419 334 516 0 -8 0
540 411 337 513 0 -8 0
540 403 340 510 0 -8 0
540 395 343 507 0 -8 0
540 387 346 504 0 8 0
540 395 349 501 0 -8 0
540 387 352 498 0 -8 0
540 379 355 495 0 0 0
540 379 358 492 0 0 0
540 379 361 489 -8 8 0
532 387 364 486 0 8 0
532 395 367 483 0 -8 0
532 387 370 480 -8 8 0
524 395 373 477 0 0 0
524 395 376 474 0 8 0
524 403 379 471 -8 0 0
516 403 382 468 0 0 0
516 403 385 465 -8 -8 0
508 395 388 462 0 -8 0
508 387 391 459 0 0 0
508 387 394 456 -8 8 0
500 395 397 453 0 -8 0
500 387 400 450 0 8 0
500 395 403 447 -8 0 0
492 395 406 444 0 0 0
492 395 409 441 -8 -8 0
484 387 412 438 0 8 0
484 395 415 435 0 8 0
484 403 418 432 -8 8 0
476 411 421 429 0 8 0
476 419 424 426 0 8 0
476 427 427 423 -8 -8 0
468 419 430 420 0 -8 0
468 411 433 417 -8 -8 0
460 403 436 414 0 8 0
460 411 439 411 0 0 0
460 411 442 408 -8 8 0
452 419 445 405 0 0 0
452 419 448 402 0 0 0
452 419 451 399 -8 8 0
444 427 454 396 0 8 0
444 435 457 393 -8 -8 0
436 427 460 390 0 -8 0
436 419 463 387 0 0 0
436 419 466 384 -8 -8 0
428 411 469 381 0 0 0
428 411 472 378 0 -8 0
428 403 475 375 -8 0 0
420 403 478 372 0 -8 0
420 395 481 369 -8 8 0
412 403 484 366 0 -8 0
412 395 487 363 0 0 0
412 395 490 360 -8 -8 0
404 387 493 357 0 8 0
404 395 496 354 0 0 0
404 395 499 351 -8 8 0
396 403 502 348 0 8 0
396 411 505 345 -8 8 0
388 419 508 342 0 0 0
388 419 511 339 0 -8 0
388 411 514 336 -8 0 0
380 411 517 333 0 0 0
380 411 520 330 0 0 0
380 411 523 327 -8 8 0
372 419 526 324 0 -8 0
372 411 529 321 -8 8 0
364 419 532 318 0 8 0
364 427 535 315 0 8 0
364 435 538 312 -8 0 0
356 435 541 309 0 0 0
356 435 544 306 0 0 0
356 435 547 303 -8 0 0
348 435 550 300 0 0 0
348 435 553 297 -8 8 0
340 443 556 294 0 -8 0
340 435 559 291 0 8 0
340 443 562 288 -8 8 0
332 451 565 285 0 -8 0
332 443 568 282 0 8 0
332 451 571 279 -8 0 0
324 451 574 276 0 0 0
324 451 577 273 -8 8 0
316 459 580 270 0 0 0
316 459 583 267 0 -8 0
316 451 586 264 -8 -8 0
308 443 589 261 0 8 0
308 451 592 258 0 -8 0
308 443 595 255 -8 8 0
300 451 598 252 0 8 0
300 459 601 249 -8 0 0
292 459 604 246 0 8 0
292 467 607 243 0 -8 0
292 459 610 240 -8 -8 0
284 451 613 237 0 8 0
284 459 616 234 0 8 0
284 467 619 231 -8 0 0
276 467 622 228 0 8 0
276 475 625 225 -8 8 0
268 483 628 222 0 -8 0
268 475 631 219 0 8 0
268 483 634 216 -8 8 0
260 491 637 213 0 8 0
260 499 640 210 0 0 0
260 499 643 207 -8 8 0
252 507 646 204 0 0 0
252 507 649 201 -8 -8 0
244 499 652 198 0 -8 0
244 491 655 195 0 -8 0
244 483 658 192 -8 8 0
236 491 661 189 0 8 0
236 499 664 186 0 0 0
236 499 667 183 -8 -8 0
228 491 670 180 0 -8 0
228 483 673 177 -8 0 0
220 483 676 174 0 -8 0
220 475 679 171 0 -8 0
220 467 682 168 -8 0 0
212 467 685 165 0 -8 0
212 459 688 162 0 8 0
212 467 691 159 -8 0 0
204 467 694 156 0 8 0
204 475 697 153 -8 0 0
196 475 700 150 0 0 0
196 475 703 147 0 -8 0
196 467 706 144 -8 0 0
188 467 709 141 0 0 0
188 467 712 138 0 0 0
188 467 715 135 -8 8 0
180 475 718 132 0 0 0
180 475 721 129 -8 0 0
172 475 724 126 0 8 0
172 483 727 123 0 -8 0
172 475 730 120 -8 8 0
164 483 733 117 0 -8 0
164 475 736 114 0 8 0
164 483 739 111 -8 0 0
156 483 742 108 0 0 0
156 483 745 105 -8 -8 0
148 475 748 102 0 -8 0
148 467 751 99 0 8 0
148 475 754 96 -8 0 0
140 475 757 93 0 -8 0
140 467 760 90 0 0 0
140 467 763 87 -8 -8 0
132 459 766 84 0 0 0
132 459 769 81 -8 8 0
124 467 772 78 0 0 0
124 467 775 75 0 8 0
124 475 778 72 -8 0 0
116 475 781 69 0 0 1
116 475 781 69 0 0 1
116 475 781 69 0 0 1
116 475 781 69 0 0 1
116 475 781 69 0 0 1
