182 322 469 339 0 0 0
182 322 472 336 8 -8 0
190 314 475 333 8 -8 0
198 306 478 330 8 0 0
206 306 481 327 8 8 0
214 314 484 324 8 8 0
222 322 487 321 8 8 0
230 330 490 318 8 0 0
238 330 493 315 8 8 0
246 338 496 312 8 0 0
254 338 499 309 8 8 0
262 346 502 306 0 8 0
262 354 505 303 0 -8 0
262 346 508 300 0 -8 0
262 338 511 297 0 0 0
262 338 514 294 0 8 0
262 346 517 291 0 8 0
262 354 520 288 0 0 0
262 354 523 285 0 0 0
262 354 526 282 0 8 0
262 362 529 279 0 8 0
262 370 532 276 0 8 0
262 378 535 273 0 8 0
262 386 538 270 0 0 0
262 386 541 267 0 -8 0
262 378 544 264 0 0 0
262 378 547 261 0 8 0
262 386 550 258 0 0 0
262 386 553 255 0 8 0
262 394 556 252 0 0 0
262 394 559 249 0 -8 0
262 386 562 246 0 -8 0
262 378 565 243 0 0 0
262 378 568 240 0 -8 0
262 370 571 237 0 8 0
262 378 574 234 0 0 0
262 378 577 231 0 -8 0
262 370 580 228 0 -8 0
262 362 583 225 0 -8 0
262 354 586 222 0 -8 0
262 346 589 219 0 0 0
262 346 592 216 0 0 0
262 346 595 213 0 8 0
262 354 598 210 -8 0 0
254 354 601 207 0 -8 0
254 346 604 204 0 -8 0
254 338 607 201 -8 0 0
246 338 610 198 0 8 0
246 346 613 195 -8 8 0
238 354 616 192 0 0 0
238 354 619 189 0 8 0
238 362 622 186 -8 -8 0
230 354 625 183 0 0 0
230 354 628 180 0 0 0
230 354 631 177 -8 8 0
222 362 634 174 0 0 0
222 362 637 171 -8 8 0
214 370 640 168 0 0 0
214 370 643 165 0 0 0
214 370 646 162 -8 0 0
206 370 649 159 0 -8 0
206 362 652 156 0 8 0
206 370 655 153 -8 0 0
198 370 658 150 0 0 0
198 370 661 147 -8 0 0
190 370 664 144 0 8 0
190 378 667 141 0 -8 0
190 370 670 138 -8 -8 0
182 362 673 135 0 0 0
182 362 676 132 0 0 0
182 362 679 129 -8 8 0
174 370 682 126 0 8 0
174 378 685 123 -8 0 0
166 378 688 120 0 8 0
166 386 691 117 0 0 0
166 386 694 114 -8 -8 0
158 378 697 111 0 8 0
158 386 700 108 0 8 0
158 394 703 105 -8 0 0
150 394 706 102 0 -8 0
150 386 709 99 -8 8 0
142 394 712 96 0 8 0
142 402 715 93 0 -8 0
142 394 718 90 -8 -8 0
134 386 721 87 0 0 0
134 386 724 84 0 0 0
134 386 727 81 -8 -8 0
126 378 730 78 0 0 0
126 378 733 75 -8 8 0
118 386 736 72 0 0 0
118 386 739 69 0 -8 0
118 378 742 66 -8 8 0
110 386 745 63 0 8 0
110 394 748 60 0 -8 0
110 386 751 57 -8 0 0
102 386 754 54 0 8 0
102 394 757 51 -8 -8 0
94 386 760 48 0 0 0
94 386 763 45 0 8 0
94 394 766 42 -8 8 0
86 402 769 39 0 8 0
86 410 772 36 0 0 0
86 410 775 33 -8 -8 0
78 402 778 30 0 -8 0
78 394 781 27 0 0 1
78 394 781 27 0 0 1
78 394 781 27 0 0 1
78 394 781 27 0 0 1
78 394 781 27 0 0 1
