136 112 106 150 0 0 0
136 112 103 147 0 0 0
136 112 100 144 0 -8 0
136 104 97 141 0 -8 0
136 96 94 138 0 8 0
136 104 91 135 0 0 0
136 104 88 132 0 -8 0
136 96 85 129 0 -8 0
136 88 82 126 0 -8 0
136 80 79 123 0 -8 0
136 72 76 120 0 -8 0
136 64 73 117 0 0 0
136 64 70 114 0 -8 0
136 60 67 111 0 0 0
136 60 64 108 0 0 0
136 60 61 105 0 8 0
136 68 58 102 0 -8 0
136 60 55 99 0 8 0
136 68 52 96 0 -8 0
136 60 49 93 0 8 0
136 68 46 90 0 -8 0
136 60 43 87 0 8 0
136 68 40 84 -8 -8 0
128 60 37 81 0 -8 0
128 60 34 78 0 0 0
128 60 31 75 -8 -8 0
120 60 28 72 0 8 0
120 68 25 69 -8 8 0
112 76 22 66 0 -8 0
112 68 19 63 0 8 0
112 76 22 60 -8 -8 0
104 68 25 57 0 8 0
104 76 28 54 0 8 0
104 84 31 51 -8 0 0
96 84 34 48 0 8 0
96 92 37 45 -8 0 0
88 92 40 42 0 8 0
88 100 43 39 0 0 0
88 100 46 36 -8 -8 0
80 92 49 33 0 8 0
80 100 52 30 0 0 0
80 100 55 27 -8 8 0
72 108 58 24 0 0 0
72 108 61 21 -8 0 0
64 108 64 18 0 8 0
64 116 67 15 0 0 0
64 116 70 12 -8 -8 0
60 108 73 9 -8 -8 0
60 100 76 12 0 -8 0
60 92 79 15 0 -8 0
60 84 82 18 0 -8 0
60 76 85 21 0 0 0
60 76 88 24 0 8 0
60 84 91 27 0 0 0
60 84 94 30 0 -8 0
60 76 97 33 0 -8 0
60 68 100 36 0 0 0
60 68 103 39 0 -8 0
60 60 106 42 0 0 0
60 60 109 45 0 8 0
60 68 112 48 0 0 0
60 68 115 51 0 8 0
60 76 118 54 0 0 0
60 76 121 57 0 8 0
60 84 124 60 0 0 0
60 84 127 63 0 0 0
60 84 130 66 0 -8 0
60 76 133 69 0 8 0
60 84 136 72 0 8 0
60 92 139 75 0 -8 0
60 84 142 78 0 8 0
60 92 145 81 0 -8 0
60 84 148 84 0 -8 0
60 76 151 87 0 -8 0
60 68 154 90 0 -8 0
60 60 157 93 0 0 0
60 60 160 96 0 0 0
60 60 163 99 0 -8 0
60 60 166 102 0 8 0
60 68 169 105 0 0 0
60 68 172 108 0 0 0
60 68 175 111 8 0 0
68 68 178 114 0 8 0
68 76 181 117 0 8 0
68 84 184 120 8 0 0
76 84 187 123 0 8 0
76 92 190 126 0 8 0
76 100 193 129 8 0 0
84 100 196 132 0 -8 0
84 92 199 135 8 0 0
92 92 202 138 0 -8 0
92 84 205 141 0 -8 0
92 76 208 144 8 -8 0
100 68 211 147 0 0 0
100 68 214 150 0 8 0
100 76 217 153 8 -8 0
108 68 220 156 0 -8 0
108 60 223 159 8 0 0
116 60 226 162 0 8 0
116 68 229 165 0 0 0
116 68 232 168 8 0 0
124 68 235 171 0 -8 0
124 60 238 174 0 0 0
124 60 241 177 8 0 0
132 60 244 180 0 -8 0
132 60 247 183 8 -8 0
140 60 250 186 0 8 0
140 68 253 189 0 8 0
140 76 256 192 8 8 0
148 84 259 195 0 -8 0
148 76 262 198 0 8 0
148 84 265 201 8 8 0
156 92 268 204 0 -8 0
156 84 271 207 8 8 0
164 92 274 210 0 0 0
164 92 277 213 0 8 0
164 100 280 216 8 -8 0
172 92 283 219 0 0 0
172 92 286 222 0 -8 0
172 84 289 225 8 8 0
180 92 292 228 0 0 0
180 92 295 231 8 0 0
188 92 298 234 0 0 0
188 92 301 237 0 8 0
188 100 304 240 8 -8 0
196 92 307 243 0 8 0
196 100 310 246 0 0 0
196 100 313 249 8 -8 0
204 92 316 252 0 8 0
204 100 319 255 8 8 0
212 108 322 258 0 8 0
212 116 325 261 0 -8 0
212 108 328 264 8 8 0
220 116 331 267 0 8 0
220 124 334 270 0 -8 0
220 116 337 273 8 -8 0
228 108 340 276 0 -8 0
228 100 343 279 8 0 0
236 100 346 282 0 0 0
236 100 349 285 0 0 0
236 100 352 288 8 -8 0
244 92 355 291 0 8 0
244 100 358 294 0 0 0
244 100 361 297 8 0 0
252 100 364 300 0 0 0
252 100 367 303 8 0 0
260 100 370 306 0 8 0
260 108 373 309 0 -8 0
260 100 376 312 8 8 0
268 108 379 315 0 0 0
268 108 382 318 0 8 0
268 116 385 321 8 8 0
276 124 388 324 0 -8 0
276 116 391 327 8 8 0
284 124 394 330 0 -8 0
284 116 397 333 0 -8 0
284 108 400 336 8 0 0
292 108 403 339 0 -8 0
292 100 406 342 0 0 0
292 100 409 345 8 8 0
300 108 412 348 0 8 0
300 116 415 351 8 0 0
308 116 418 354 0 -8 0
308 108 421 357 0 0 0
308 108 424 360 8 8 0
316 116 427 363 0 -8 0
316 108 430 366 0 8 0
316 116 433 369 8 8 0
324 124 436 372 0 8 0
324 132 439 375 8 0 0
332 132 442 378 0 -8 0
332 124 445 381 0 0 0
332 124 448 384 8 8 0
340 132 451 387 0 8 0
340 140 454 390 0 0 0
340 140 457 393 8 -8 0
348 132 460 396 0 -8 0
348 124 463 399 8 8 0
356 132 466 402 0 -8 0
356 124 469 405 0 -8 0
356 116 472 408 8 0 0
364 116 475 411 0 8 0
364 124 478 414 0 -8 0
364 116 481 417 8 0 0
372 116 484 420 0 -8 0
372 108 487 423 8 0 0
380 108 490 426 0 0 0
380 108 493 429 0 8 0
380 116 496 432 8 8 0
388 124 499 435 0 8 0
388 132 502 438 0 8 0
388 140 505 441 8 -8 0
396 132 508 444 0 0 0
396 132 511 447 8 8 0
404 140 514 450 0 0 0
404 140 517 453 0 8 0
404 148 520 456 8 -8 0
412 140 523 459 0 0 0
412 140 526 462 0 8 0
412 148 529 465 8 -8 0
420 140 532 468 0 -8 0
420 132 535 471 8 0 0
428 132 538 474 0 0 0
428 132 541 477 0 0 0
428 132 544 480 8 -8 0
436 124 547 483 0 0 0
436 124 550 486 0 8 0
436 132 553 489 8 0 0
444 132 556 492 0 0 0
444 132 559 495 8 -8 0
452 124 562 498 0 0 0
452 124 565 501 0 0 0
452 124 568 504 8 -8 0
460 116 571 507 0 8 0
460 124 574 510 0 8 0
460 132 577 513 8 0 0
468 132 580 516 0 8 0
468 140 583 519 8 8 0
476 148 586 522 0 -8 0
476 140 589 525 0 0 0
476 140 592 528 8 -8 0
484 132 595 531 0 0 0
484 132 598 534 0 0 0
484 132 601 537 8 0 0
492 132 604 540 0 8 0
492 140 607 543 8 0 0
500 140 610 546 0 0 0
500 140 613 549 0 -8 0
500 132 616 552 8 8 0
508 140 619 555 0 0 0
508 140 622 558 0 8 0
508 148 625 561 8 8 0
516 156 628 564 0 0 0
516 156 631 567 8 -8 0
524 148 634 570 0 -8 0
524 140 637 573 0 8 0
524 148 640 576 8 0 0
532 148 643 579 0 -8 0
532 140 646 582 0 0 0
532 140 649 585 8 8 0
540 148 652 588 0 -8 0
540 140 655 591 8 0 0
540 140 658 588 0 -8 0
540 132 661 585 0 8 0
540 140 664 582 0 0 0
540 140 667 579 0 -8 0
540 132 670 576 0 8 0
540 140 673 573 0 8 0
540 148 676 570 0 -8 0
540 140 679 567 0 8 0
540 148 682 564 0 -8 0
540 140 685 561 0 -8 0
540 132 688 558 0 0 0
540 132 691 555 0 -8 0
540 124 694 552 0 0 0
540 124 697 549 0 0 0
540 124 700 546 0 8 0
540 132 703 543 0 0 0
540 132 706 540 0 0 0
540 132 709 537 0 -8 0
540 124 712 534 0 0 0
540 124 715 531 0 -8 0
540 116 718 528 0 -8 0
540 108 721 525 0 -8 0
540 100 724 522 0 -8 0
540 92 727 519 0 8 0
540 100 730 516 0 -8 0
540 92 733 513 0 8 0
540 100 736 510 0 -8 0
540 92 739 507 0 0 0
540 92 742 504 0 0 0
540 92 745 501 0 0 0
540 92 748 498 0 0 0
540 92 751 495 0 8 0
540 100 754 492 0 -8 0
540 92 757 489 -8 0 0
532 92 760 486 0 0 0
532 92 763 483 0 -8 0
532 84 766 480 -8 0 0
524 84 769 477 0 0 0
524 84 772 474 0 8 0
524 92 775 471 -8 -8 0
516 84 778 468 0 8 0
516 92 781 465 0 0 1
516 92 781 465 0 0 1
516 92 781 465 0 0 1
516 92 781 465 0 0 1
516 92 781 465 0 0 1
