372 313 418 417 0 0 0
372 313 415 420 0 0 0
372 313 412 423 8 0 0
380 313 409 426 0 0 0
380 313 406 429 0 -8 0
380 305 403 432 8 8 0
388 313 400 435 0 0 0
388 313 397 438 0 8 0
388 321 394 441 8 -8 0
396 313 391 444 0 8 0
396 321 388 447 8 -8 0
404 313 385 450 0 8 0
404 321 382 453 0 8 0
404 329 379 456 8 8 0
412 337 376 459 0 8 0
412 345 373 462 0 -8 0
412 337 370 465 8 8 0
420 345 367 468 0 8 0
420 353 364 471 8 8 0
428 361 361 474 0 8 0
428 369 358 477 0 0 0
428 369 355 480 8 -8 0
436 361 352 483 0 0 0
436 361 349 486 0 8 0
436 369 346 489 8 0 0
444 369 343 492 0 8 0
444 377 340 495 8 -8 0
452 369 337 498 0 -8 0
452 361 334 501 0 -8 0
452 353 331 504 8 -8 0
460 345 328 507 0 0 0
460 345 325 510 0 -8 0
460 337 322 513 8 0 0
468 337 319 516 0 8 0
468 345 316 519 8 0 0
476 345 313 522 0 0 0
476 345 310 525 0 0 0
476 345 307 528 8 8 0
484 353 304 531 0 -8 0
484 345 301 534 0 -8 0
484 337 298 537 8 0 0
492 337 295 540 0 8 0
492 345 292 543 8 -8 0
500 337 289 546 0 0 0
500 337 286 549 0 -8 0
500 329 283 552 8 0 0
508 329 280 555 0 -8 0
508 321 277 558 0 8 0
508 329 274 561 8 0 0
516 329 271 564 0 8 0
516 337 268 567 8 8 0
524 345 265 570 0 -8 0
524 337 262 573 0 -8 0
524 329 259 576 8 0 0
532 329 256 579 0 -8 0
532 321 253 582 0 8 0
532 329 250 585 8 8 0
540 337 247 588 0 8 0
540 345 244 591 8 -8 0
540 337 241 588 0 8 0
540 345 238 585 0 8 0
540 353 235 582 0 0 0
540 353 232 579 0 -8 0
540 345 229 576 0 -8 0
540 337 226 573 0 8 0
540 345 223 570 0 0 0
540 345 220 567 0 -8 0
540 337 217 564 0 8 0
540 345 214 561 0 0 0
540 345 211 558 0 0 0
540 345 208 555 0 0 0
540 345 205 552 0 8 0
540 353 202 549 0 8 0
540 361 199 546 0 8 0
540 369 196 543 0 0 0
540 369 193 540 0 0 0
540 369 190 537 0 8 0
540 377 187 534 0 0 0
540 377 184 531 0 8 0
540 385 181 528 0 0 0
540 385 178 525 0 0 0
540 385 175 522 0 8 0
540 393 172 519 0 0 0
540 393 169 516 0 8 0
540 401 166 513 0 0 0
540 401 163 510 0 8 0
540 409 160 507 0 0 0
540 409 157 504 0 -8 0
540 401 154 501 0 -8 0
540 393 151 498 0 0 0
540 393 148 495 0 8 0
540 401 145 492 0 0 0
540 401 142 489 -8 8 0
532 409 139 486 0 8 0
532 417 136 483 0 -8 0
532 409 133 480 -8 8 0
524 417 130 477 0 0 0
524 417 127 474 0 8 0
524 425 124 471 -8 0 0
516 425 121 468 0 0 0
516 425 118 465 -8 0 0
508 425 115 462 0 -8 0
508 417 112 459 0 0 0
508 417 109 456 -8 8 0
500 425 106 453 0 0 0
500 425 103 450 0 8 0
500 433 100 447 -8 -8 0
492 425 97 444 0 -8 0
492 417 94 441 -8 0 0
484 417 91 438 0 8 0
484 425 88 435 0 0 0
484 425 85 432 -8 0 0
476 425 82 429 0 8 0
476 433 79 426 0 8 0
476 441 76 423 -8 0 0
468 441 73 420 0 8 0
468 449 70 417 -8 -8 0
460 441 67 414 0 8 0
460 449 64 411 0 -8 0
460 441 61 408 -8 0 0
452 441 58 405 0 0 0
452 441 55 402 0 -8 0
452 433 52 399 -8 0 0
444 433 49 396 0 -8 0
444 425 46 393 -8 8 0
436 433 43 390 0 -8 0
436 425 40 387 0 -8 0
436 417 37 384 -8 0 0
428 417 34 381 0 -8 0
428 409 31 378 0 8 0
428 417 28 375 -8 0 0
420 417 25 372 0 0 0
420 417 22 369 -8 8 0
412 425 19 366 0 -8 0
412 417 22 363 0 -8 0
412 409 25 360 -8 8 0
404 417 28 357 0 0 0
404 417 31 354 0 8 0
404 425 34 351 -8 8 0
396 433 37 348 0 -8 0
396 425 40 345 -8 -8 0
388 417 43 342 0 0 0
388 417 46 339 0 -8 0
388 409 49 336 -8 -8 0
380 401 52 333 0 8 0
380 409 55 330 0 -8 0
380 401 58 327 -8 -8 0
372 393 61 324 0 -8 0
372 385 64 321 -8 -8 0
364 377 67 318 0 -8 0
364 369 70 315 0 8 0
364 377 73 312 -8 -8 0
356 369 76 309 0 8 0
356 377 79 306 0 8 0
356 385 82 303 -8 8 0
348 393 85 300 0 8 0
348 401 88 297 -8 8 0
340 409 91 294 0 8 0
340 417 94 291 0 0 0
340 417 97 288 -8 8 0
332 425 100 285 0 8 0
332 433 103 282 0 -8 0
332 425 106 279 -8 8 0
324 433 109 276 0 8 0
324 441 112 273 -8 8 0
316 449 115 270 0 -8 0
316 441 118 267 0 0 0
316 441 121 264 -8 0 0
308 441 124 261 0 -8 0
308 433 127 258 0 0 0
308 433 130 255 -8 0 0
300 433 133 252 0 8 0
300 441 136 249 -8 8 0
292 449 139 246 0 0 0
292 449 142 243 0 0 0
292 449 145 240 -8 0 0
284 449 148 237 0 0 0
284 449 151 234 0 0 0
284 449 154 231 -8 0 0
276 449 157 228 0 0 0
276 449 160 225 -8 0 0
268 449 163 222 0 0 0
268 449 166 219 0 8 0
268 457 169 216 -8 8 0
260 465 172 213 0 0 0
260 465 175 210 0 -8 0
260 457 178 207 -8 8 0
252 465 181 204 0 8 0
252 473 184 201 -8 8 0
244 481 187 198 0 -8 0
244 473 190 195 0 0 0
244 473 193 192 -8 0 0
236 473 196 189 0 8 0
236 481 199 186 0 8 0
236 489 202 183 -8 0 0
228 489 205 180 0 -8 0
228 481 208 177 -8 -8 0
220 473 211 174 0 -8 0
220 465 214 171 0 0 0
220 465 217 168 -8 -8 0
212 457 220 165 0 -8 0
212 449 223 162 0 -8 0
212 441 226 159 -8 8 0
204 449 229 156 0 8 0
204 457 232 153 -8 8 0
196 465 235 150 0 -8 0
196 457 238 147 0 0 0
196 457 241 144 -8 0 0
188 457 244 141 0 8 0
188 465 247 138 0 0 0
188 465 250 135 -8 0 0
180 465 253 132 0 -8 0
180 457 256 129 -8 -8 0
172 449 259 126 0 0 0
172 449 262 123 0 -8 0
172 441 265 120 -8 -8 0
164 433 268 117 0 8 0
164 441 271 114 0 0 0
164 441 274 111 -8 8 0
156 449 277 108 0 8 0
156 457 280 105 -8 8 0
148 465 283 102 0 0 0
148 465 286 99 0 -8 0
148 457 289 96 -8 -8 0
140 449 292 93 0 0 0
140 449 295 90 0 -8 0
140 441 298 87 -8 -8 0
132 433 301 84 0 8 0
132 441 304 81 -8 -8 0
124 433 307 78 0 -8 0
124 425 310 75 0 -8 0
124 417 313 72 -8 -8 0
116 409 316 69 0 -8 0
116 401 319 66 0 8 0
116 409 322 63 -8 0 0
108 409 325 60 0 8 0
108 417 328 57 -8 0 0
100 417 331 54 0 0 0
100 417 334 51 0 0 0
100 417 337 48 -8 -8 0
92 409 340 45 0 -8 0
92 401 343 42 0 0 0
92 401 346 39 -8 -8 0
84 393 349 36 0 -8 0
84 385 352 33 -8 8 0
76 393 355 30 0 8 0
76 401 358 27 0 0 0
76 401 361 24 -8 0 0
68 401 364 21 0 8 0
68 409 367 18 0 0 0
68 409 370 15 -8 8 0
60 417 373 12 0 -8 0
60 409 376 9 -8 -8 0
60 401 379 12 0 0 0
60 401 382 15 0 0 0
60 401 385 18 0 0 0
60 401 388 21 0 8 0
60 409 391 24 0 -8 0
60 401 394 27 0 0 0
60 401 397 30 0 8 0
60 409 400 33 0 0 0
60 409 403 36 0 8 0
60 417 406 39 0 -8 0
60 409 409 42 0 8 0
60 417 412 45 0 0 0
60 417 415 48 0 0 0
60 417 418 51 0 -8 0
60 409 421 54 0 8 0
60 417 424 57 0 -8 0
60 409 427 60 0 0 0
60 409 430 63 0 -8 0
60 401 433 66 0 8 0
60 409 436 69 0 8 0
60 417 439 72 0 8 0
60 425 442 75 0 8 0
60 433 445 78 0 -8 0
60 425 448 81 0 0 0
60 425 451 84 0 8 0
60 433 454 87 0 8 0
60 441 457 90 0 -8 0
60 433 460 93 0 8 0
60 441 463 96 0 8 0
60 449 466 99 0 0 0
60 449 469 102 0 -8 0
60 441 472 105 0 -8 0
60 433 475 108 0 -8 0
60 425 478 111 8 0 0
68 425 481 114 0 -8 0
68 417 484 117 0 0 0
68 417 487 120 8 8 0
76 425 490 123 0 0 0
76 425 493 126 0 0 0
76 425 496 129 8 0 0
84 425 499 132 0 8 0
84 433 502 135 8 0 0
92 433 505 138 0 8 0
92 441 508 141 0 -8 0
92 433 511 144 8 -8 0
100 425 514 147 0 8 0
100 433 517 150 0 -8 0
100 425 520 153 8 0 0
108 425 523 156 0 -8 0
108 417 526 159 8 -8 0
116 409 529 162 0 -8 0
116 401 532 165 0 0 0
116 401 535 168 8 8 0
124 409 538 171 0 0 0
124 409 541 174 0 8 0
124 417 544 177 8 0 0
132 417 547 180 0 -8 0
132 409 550 183 8 0 0
140 409 553 186 0 8 0
140 417 556 189 0 0 0
140 417 559 192 8 -8 0
148 409 562 195 0 0 0
148 409 565 198 0 -8 0
148 401 568 201 8 8 0
156 409 571 204 0 -8 0
156 401 574 207 8 0 0
164 401 577 210 0 0 0
164 401 580 213 0 -8 0
164 393 583 216 8 8 0
172 401 586 219 0 8 0
172 409 589 222 0 8 0
172 417 592 225 8 0 0
180 417 595 228 0 8 0
180 425 598 231 8 -8 0
188 417 601 234 0 -8 0
188 409 604 237 0 -8 0
188 401 607 240 8 0 0
196 401 610 243 0 0 0
196 401 613 246 0 8 0
196 409 616 249 8 -8 0
204 401 619 252 0 8 0
204 409 622 255 8 8 0
212 417 625 258 0 8 0
212 425 628 261 0 8 0
212 433 631 264 8 -8 0
220 425 634 267 0 0 0
220 425 637 270 0 8 0
220 433 640 273 8 0 0
228 433 643 276 0 -8 0
228 425 646 279 8 -8 0
236 417 649 282 0 0 0
236 417 652 285 0 -8 0
236 409 655 288 8 0 0
244 409 658 291 0 8 0
244 417 661 294 0 -8 0
244 409 664 297 8 -8 0
252 401 667 300 0 -8 0
252 393 670 303 8 8 0
260 401 673 306 0 8 0
260 409 676 309 0 0 0
260 409 679 312 8 -8 0
268 401 682 315 0 8 0
268 409 685 318 0 8 0
268 417 688 321 8 -8 0
276 409 691 324 0 8 0
276 417 694 327 8 0 0
284 417 697 330 0 8 0
284 425 700 333 0 0 0
284 425 703 336 8 8 0
292 433 706 339 0 0 0
292 433 709 342 0 8 0
292 441 712 345 8 8 0
300 449 715 348 0 0 0
300 449 718 351 8 0 0
308 449 721 354 0 0 0
308 449 724 357 0 8 0
308 457 727 360 8 8 0
316 465 730 363 0 -8 0
316 457 733 366 0 8 0
316 465 736 369 8 0 0
324 465 739 372 0 -8 0
324 457 742 375 8 0 0
332 457 745 378 0 0 0
332 457 748 381 0 -8 0
332 449 751 384 8 0 0
340 449 754 387 0 8 0
340 457 757 390 0 8 0
340 465 760 393 8 0 0
348 465 763 396 0 0 0
348 465 766 399 8 -8 0
356 457 769 402 0 8 0
356 465 772 405 0 8 0
356 473 775 408 8 -8 0
364 465 778 411 0 8 0
364 473 781 414 0 0 1
364 473 781 414 0 0 1
364 473 781 414 0 0 1
364 473 781 414 0 0 1
364 473 781 414 0 0 1
