282 61 631 267 0 0 0
282 61 634 264 0 0 0
282 61 637 261 0 0 0
282 61 640 258 0 -8 0
282 60 643 255 0 -8 0
282 60 646 252 0 -8 0
282 60 649 249 0 0 0
282 60 652 246 0 8 0
282 68 655 243 0 -8 0
282 60 658 240 0 -8 0
282 60 661 237 0 -8 0
282 60 664 234 0 8 0
282 68 667 231 -8 8 0
274 76 670 228 0 -8 0
274 68 673 225 0 8 0
274 76 676 222 -8 8 0
266 84 679 219 0 0 0
266 84 682 216 0 -8 0
266 76 685 213 -8 -8 0
258 68 688 210 0 0 0
258 68 691 207 -8 8 0
250 76 694 204 0 0 0
250 76 697 201 0 -8 0
250 68 700 198 -8 8 0
242 76 703 195 0 8 0
242 84 706 192 0 0 0
242 84 709 189 -8 -8 0
234 76 712 186 0 0 0
234 76 715 183 -8 -8 0
226 68 718 180 0 -8 0
226 60 721 177 0 0 0
226 60 724 174 -8 8 0
218 68 727 171 0 0 0
218 68 730 168 0 -8 0
218 60 733 165 -8 0 0
210 60 736 162 0 0 0
210 60 739 159 -8 8 0
202 68 742 156 0 8 0
202 76 745 153 0 8 0
202 84 748 150 -8 0 0
194 84 751 147 0 8 0
194 92 754 144 0 8 0
194 100 757 141 -8 8 0
186 108 760 138 0 0 0
186 108 763 135 -8 0 0
178 108 766 132 0 8 0
178 116 769 129 0 0 0
178 116 772 126 -8 8 0
170 124 775 123 0 0 0
170 124 778 120 0 0 0
170 124 781 117 -8 0 0
162 124 778 114 0 8 0
162 132 775 111 -8 8 0
154 140 772 108 0 0 0
154 140 769 105 0 8 0
154 148 766 102 -8 0 0
146 148 763 99 0 -8 0
146 140 760 96 0 8 0
146 148 757 93 -8 8 0
138 156 754 90 0 8 0
138 164 751 87 -8 -8 0
130 156 748 84 0 -8 0
130 148 745 81 0 8 0
130 156 742 78 -8 0 0
122 156 739 75 0 8 0
122 164 736 72 0 8 0
122 172 733 69 -8 8 0
114 180 730 66 0 -8 0
114 172 727 63 -8 0 0
106 172 724 60 0 8 0
106 180 721 57 0 -8 0
106 172 718 54 -8 -8 0
98 164 715 51 0 0 0
98 164 712 48 0 0 0
98 164 709 45 -8 8 0
90 172 706 42 0 8 0
90 180 703 39 -8 -8 0
82 172 700 36 0 -8 0
82 164 697 33 0 0 0
82 164 694 30 -8 0 0
74 164 691 27 0 0 0
74 164 688 24 0 8 0
74 172 685 21 -8 0 0
66 172 682 18 0 0 0
66 172 679 15 -8 0 0
60 172 676 12 0 -8 0
60 164 673 9 -8 8 0
60 172 670 12 0 -8 0
60 164 667 15 0 0 0
60 164 664 18 0 0 0
60 164 661 21 0 8 0
60 172 658 24 0 -8 0
60 164 655 27 0 8 0
60 172 652 30 0 8 0
60 180 649 33 0 -8 0
60 172 646 36 0 -8 0
60 164 643 39 0 8 0
60 172 640 42 0 8 0
60 180 637 45 0 0 0
60 180 634 48 0 -8 0
60 172 631 51 0 -8 0
60 164 628 54 0 8 0
60 172 625 57 0 -8 0
60 164 622 60 0 -8 0
60 156 619 63 0 0 0
60 156 616 66 0 -8 0
60 148 613 69 0 8 0
60 156 610 72 0 0 0
60 156 607 75 0 0 0
60 156 604 78 0 0 0
60 156 601 81 0 -8 0
60 148 598 84 0 -8 0
60 140 595 87 0 8 0
60 148 592 90 0 0 0
60 148 589 93 0 -8 0
60 140 586 96 0 0 0
60 140 583 99 0 0 0
60 140 580 102 0 8 0
60 148 577 105 0 -8 0
60 140 574 108 0 8 0
60 148 571 111 8 8 0
68 156 568 114 0 8 0
68 164 565 117 0 0 0
68 164 562 120 8 0 0
76 164 559 123 0 8 0
76 172 556 126 0 -8 0
76 164 553 129 8 -8 0
84 156 550 132 0 8 0
84 164 547 135 8 8 0
92 172 544 138 0 0 0
92 172 541 141 0 -8 0
92 164 538 144 8 0 0
100 164 535 147 0 0 0
100 164 532 150 0 -8 0
100 156 529 153 8 0 0
108 156 526 156 0 8 0
108 164 523 159 8 -8 0
116 156 520 162 0 -8 0
116 148 517 165 0 8 0
116 156 514 168 8 0 0
124 156 511 171 0 -8 0
124 148 508 174 0 8 0
124 156 505 177 8 8 0
132 164 502 180 0 0 0
132 164 499 183 8 8 0
140 172 496 186 0 -8 0
140 164 493 189 0 0 0
140 164 490 192 8 0 0
148 164 487 195 0 8 0
148 172 484 198 0 -8 0
148 164 481 201 8 0 0
156 164 478 204 0 8 0
156 172 475 207 8 0 0
164 172 472 210 0 8 0
164 180 469 213 0 0 0
164 180 466 216 8 0 0
172 180 463 219 0 8 0
172 188 460 222 0 0 0
172 188 457 225 8 -8 0
180 180 454 228 0 -8 0
180 172 451 231 8 0 0
188 172 448 234 0 -8 0
188 164 445 237 0 -8 0
188 156 442 240 8 8 0
196 164 439 243 0 0 0
196 164 436 246 0 -8 0
196 156 433 249 8 -8 0
204 148 430 252 0 -8 0
204 140 427 255 8 0 0
212 140 424 258 0 0 0
212 140 421 261 0 0 0
212 140 418 264 8 0 0
220 140 415 267 0 8 0
220 148 412 270 0 8 0
220 156 409 273 8 -8 0
228 148 406 276 0 -8 0
228 140 403 279 8 8 0
236 148 400 282 0 8 0
236 156 397 285 0 -8 0
236 148 394 288 8 0 0
244 148 391 291 0 0 0
244 148 388 294 0 -8 0
244 140 385 297 8 8 0
252 148 382 300 0 -8 0
252 140 379 303 8 -8 0
260 132 376 306 0 -8 0
260 124 373 309 0 -8 0
260 116 370 312 8 8 0
268 124 367 315 0 -8 0
268 116 364 318 0 0 0
268 116 361 321 8 8 0
276 124 358 324 0 0 0
276 124 355 327 8 8 0
284 132 352 330 0 0 0
284 132 349 333 0 -8 0
284 124 346 336 8 0 0
292 124 343 339 0 0 0
292 124 340 342 0 8 0
292 132 337 345 8 -8 0
300 124 334 348 0 0 0
300 124 331 351 8 8 0
308 132 328 354 0 8 0
308 140 325 357 0 0 0
308 140 322 360 8 8 0
316 148 319 363 0 0 0
316 148 316 366 0 0 0
316 148 313 369 8 8 0
324 156 310 372 0 -8 0
324 148 307 375 8 8 0
332 156 304 378 0 0 0
332 156 301 381 0 -8 0
332 148 298 384 8 8 0
340 156 295 387 0 -8 0
340 148 292 390 0 8 0
340 156 289 393 8 -8 0
348 148 286 396 0 8 0
348 156 283 399 8 8 0
356 164 280 402 0 0 0
356 164 277 405 0 -8 0
356 156 274 408 8 8 0
364 164 271 411 0 0 0
364 164 268 414 0 -8 0
364 156 265 417 8 8 0
372 164 262 420 0 -8 0
372 156 259 423 8 8 0
380 164 256 426 0 -8 0
380 156 253 429 0 8 0
380 164 250 432 8 0 0
388 164 247 435 0 8 0
388 172 244 438 0 0 0
388 172 241 441 8 8 0
396 180 238 444 0 0 0
396 180 235 447 8 0 0
404 180 232 450 0 -8 0
404 172 229 453 0 -8 0
404 164 226 456 8 0 0
412 164 223 459 0 -8 0
412 156 220 462 0 -8 0
412 148 217 465 8 0 0
420 148 214 468 0 0 0
420 148 211 471 8 0 0
428 148 208 474 0 -8 0
428 140 205 477 0 0 0
428 140 202 480 8 0 0
436 140 199 483 0 0 0
436 140 196 486 0 -8 0
436 132 193 489 8 0 0
444 132 190 492 0 0 0
444 132 187 495 8 -8 0
452 124 184 498 0 -8 0
452 116 181 501 0 0 0
452 116 178 504 8 8 0
460 124 175 507 0 -8 0
460 116 172 510 0 -8 0
460 108 169 513 8 8 0
468 116 166 516 0 0 0
468 116 163 519 8 0 0
476 116 160 522 0 8 0
476 124 157 525 0 0 0
476 124 154 528 8 8 0
484 132 151 531 0 -8 0
484 124 148 534 0 8 0
484 132 145 537 8 -8 0
492 124 142 540 0 8 0
492 132 139 543 8 -8 0
500 124 136 546 0 0 0
500 124 133 549 0 -8 0
500 116 130 552 8 -8 0
508 108 127 555 0 -8 0
508 100 124 558 0 8 0
508 108 121 561 8 -8 0
516 100 118 564 0 8 0
516 108 115 567 8 0 0
524 108 112 570 0 0 0
524 108 109 573 0 8 0
524 116 106 576 8 0 0
532 116 103 579 0 0 0
532 116 100 582 0 8 0
532 124 97 585 8 -8 0
540 116 94 588 0 0 0
540 116 91 591 8 8 0
540 124 88 588 0 8 0
540 132 85 585 0 0 0
540 132 82 582 0 -8 0
540 124 79 579 0 -8 0
540 116 76 576 0 -8 0
540 108 73 573 0 8 0
540 116 70 570 0 8 0
540 124 67 567 0 8 0
540 132 64 564 0 0 0
540 132 61 561 0 -8 0
540 124 58 558 0 0 0
540 124 55 555 0 -8 0
540 116 52 552 0 0 0
540 116 49 549 0 8 0
540 124 46 546 0 0 0
540 124 43 543 0 0 0
540 124 40 540 0 0 0
540 124 37 537 0 -8 0
540 116 34 534 0 8 0
540 124 31 531 0 0 0
540 124 28 528 0 0 0
540 124 25 525 0 -8 0
540 116 22 522 0 0 0
540 116 19 519 0 -8 0
540 108 22 516 0 0 0
540 108 25 513 0 -8 0
540 100 28 510 0 8 0
540 108 31 507 0 8 0
540 116 34 504 0 8 0
540 124 37 501 0 0 0
540 124 40 498 0 -8 0
540 116 43 495 0 -8 0
540 108 46 492 0 8 0
540 116 49 489 -8 -8 0
532 108 52 486 0 8 0
532 116 55 483 0 -8 0
532 108 58 480 -8 8 0
524 116 61 477 0 -8 0
524 108 64 474 0 0 0
524 108 67 471 -8 0 0
516 108 70 468 0 0 0
516 108 73 465 -8 8 0
508 116 76 462 0 8 0
508 124 79 459 0 0 0
508 124 82 456 -8 8 0
500 132 85 453 0 8 0
500 140 88 450 0 0 0
500 140 91 447 -8 -8 0
492 132 94 444 0 -8 0
492 124 97 441 -8 -8 0
484 116 100 438 0 -8 0
484 108 103 435 0 0 0
484 108 106 432 -8 -8 0
476 100 109 429 0 0 0
476 100 112 426 0 8 0
476 108 115 423 -8 8 0
468 116 118 420 0 0 0
468 116 121 417 -8 -8 0
460 108 124 414 0 8 0
460 116 127 411 0 8 0
460 124 130 408 -8 8 0
452 132 133 405 0 -8 0
452 124 136 402 0 -8 0
452 116 139 399 -8 -8 0
444 108 142 396 0 -8 0
444 100 145 393 -8 8 0
436 108 148 390 0 8 0
436 116 151 387 0 -8 0
436 108 154 384 -8 -8 0
428 100 157 381 0 -8 0
428 92 160 378 0 -8 0
428 84 163 375 -8 -8 0
420 76 166 372 0 -8 0
420 68 169 369 -8 0 0
412 68 172 366 0 8 0
412 76 175 363 0 -8 0
412 68 178 360 -8 8 0
404 76 181 357 0 -8 0
404 68 184 354 0 0 0
404 68 187 351 -8 8 0
396 76 190 348 0 0 0
396 76 193 345 -8 -8 0
388 68 196 342 0 -8 0
388 60 199 339 0 0 0
388 60 202 336 -8 -8 0
380 60 205 333 0 0 0
380 60 208 330 0 0 0
380 60 211 327 -8 -8 0
372 60 214 324 0 8 0
372 68 217 321 -8 8 0
364 76 220 318 0 0 0
364 76 223 315 0 -8 0
364 68 226 312 -8 8 0
356 76 229 309 0 -8 0
356 68 232 306 0 -8 0
356 60 235 303 -8 8 0
348 68 238 300 0 -8 0
348 60 241 297 -8 -8 0
340 60 244 294 0 -8 0
340 60 247 291 0 8 0
340 68 250 288 -8 0 0
332 68 253 285 0 8 0
332 76 256 282 0 8 0
332 84 259 279 -8 -8 0
324 76 262 276 0 -8 0
324 68 265 273 -8 -8 0
316 60 268 270 0 8 0
316 68 271 267 0 -8 0
316 60 274 264 -8 8 0
308 68 277 261 0 0 0
308 68 280 258 0 8 0
308 76 283 255 -8 0 0
300 76 286 252 0 -8 0
300 68 289 249 -8 8 0
292 76 292 246 0 0 0
292 76 295 243 0 8 0
292 84 298 240 -8 0 0
284 84 301 237 0 0 0
284 84 304 234 0 -8 0
284 76 307 231 -8 8 0
276 84 310 228 0 0 0
276 84 313 225 -8 -8 0
268 76 316 222 0 8 0
268 84 319 219 0 -8 0
268 76 322 216 -8 8 0
260 84 325 213 0 -8 0
260 76 328 210 0 -8 0
260 68 331 207 -8 -8 0
252 60 334 204 0 -8 0
252 60 337 201 -8 8 0
244 68 340 198 0 0 0
244 68 343 195 0 -8 0
244 60 346 192 -8 0 0
236 60 349 189 0 -8 0
236 60 352 186 0 0 0
236 60 355 183 -8 0 0
228 60 358 180 0 0 0
228 60 361 177 -8 -8 0
220 60 364 174 0 -8 0
220 60 367 171 0 8 0
220 68 370 168 -8 0 0
212 68 373 165 0 0 0
212 68 376 162 0 -8 0
212 60 379 159 -8 -8 0
204 60 382 156 0 -8 0
204 60 385 153 -8 8 0
196 68 388 150 0 0 0
196 68 391 147 0 -8 0
196 60 394 144 -8 -8 0
188 60 397 141 0 0 0
188 60 400 138 0 8 0
188 68 403 135 -8 8 0
180 76 406 132 0 -8 0
180 68 409 129 -8 0 0
172 68 412 126 0 8 0
172 76 415 123 0 0 0
172 76 418 120 -8 8 0
164 84 421 117 0 0 0
164 84 424 114 0 8 0
164 92 427 111 -8 8 0
156 100 430 108 0 8 0
156 108 433 105 -8 -8 0
148 100 436 102 0 8 0
148 108 439 99 0 -8 0
148 100 442 96 -8 8 0
140 108 445 93 0 -8 0
140 100 448 90 0 0 0
140 100 451 87 -8 0 0
132 100 454 84 0 8 0
132 108 457 81 -8 8 0
124 116 460 78 0 -8 0
124 108 463 75 0 8 0
124 116 466 72 -8 0 0
116 116 469 69 0 0 0
116 116 472 66 0 8 0
116 124 475 63 -8 -8 0
108 116 478 60 0 8 0
108 124 481 57 -8 8 0
100 132 484 54 0 0 0
100 132 487 51 0 8 0
100 140 490 48 -8 -8 0
92 132 493 45 0 -8 0
92 124 496 42 0 8 0
92 132 499 39 -8 0 0
84 132 502 36 0 0 0
84 132 505 33 -8 -8 0
76 124 508 30 0 -8 0
76 116 511 27 0 8 0
76 124 514 24 -8 -8 0
68 116 517 21 0 8 0
68 124 520 18 0 0 0
68 124 523 15 -8 -8 0
60 116 526 12 0 0 0
60 116 529 9 -8 0 0
60 116 532 12 0 0 0
60 116 535 15 0 8 0
60 124 538 18 0 -8 0
60 116 541 21 0 0 0
60 116 544 24 0 -8 0
60 108 547 27 0 0 0
60 108 550 30 0 8 0
60 116 553 33 0 -8 0
60 108 556 36 0 8 0
60 116 559 39 0 0 0
60 116 562 42 0 8 0
60 124 565 45 0 -8 0
60 116 568 48 0 8 0
60 124 571 51 0 -8 0
60 116 574 54 0 -8 0
60 108 577 57 0 8 0
60 116 580 60 0 -8 0
60 108 583 63 0 0 0
60 108 586 66 0 8 0
60 116 589 69 0 8 0
60 124 592 72 0 0 0
60 124 595 75 0 -8 0
60 116 598 78 0 -8 0
60 108 601 81 0 8 0
60 116 604 84 0 0 0
60 116 607 87 0 -8 0
60 108 610 90 0 -8 0
60 100 613 93 0 0 0
60 100 616 96 0 -8 0
60 92 619 99 0 8 0
60 100 622 102 0 8 0
60 108 625 105 0 -8 0
60 100 628 108 0 -8 0
60 92 631 111 8 0 0
68 92 634 114 0 -8 0
68 84 637 117 0 -8 0
68 76 640 120 8 0 0
76 76 643 123 0 8 0
76 84 646 126 0 0 0
76 84 649 129 8 -8 0
84 76 652 132 0 8 0
84 84 655 135 8 0 0
92 84 658 138 0 8 0
92 92 661 141 0 8 0
92 100 664 144 8 8 0
100 108 667 147 0 0 0
100 108 670 150 0 0 0
100 108 673 153 8 8 0
108 116 676 156 0 8 0
108 124 679 159 8 8 0
116 132 682 162 0 8 0
116 140 685 165 0 8 0
116 148 688 168 8 -8 0
124 140 691 171 0 8 0
124 148 694 174 0 0 0
124 148 697 177 8 -8 0
132 140 700 180 0 8 0
132 148 703 183 8 0 0
140 148 706 186 0 8 0
140 156 709 189 0 8 0
140 164 712 192 8 8 0
148 172 715 195 0 -8 0
148 164 718 198 0 0 0
148 164 721 201 8 0 0
156 164 724 204 0 8 0
156 172 727 207 8 8 0
164 180 730 210 0 -8 0
164 172 733 213 0 -8 0
164 164 736 216 8 8 0
172 172 739 219 0 0 0
172 172 742 222 0 0 0
172 172 745 225 8 0 0
180 172 748 228 0 0 0
180 172 751 231 8 -8 0
188 164 754 234 0 -8 0
188 156 757 237 0 0 0
188 156 760 240 8 -8 0
196 148 763 243 0 8 0
196 156 766 246 0 8 0
196 164 769 249 8 -8 0
204 156 772 252 0 8 0
204 164 775 255 8 0 0
212 164 778 258 0 -8 0
212 156 781 261 0 0 1
212 156 781 261 0 0 1
212 156 781 261 0 0 1
212 156 781 261 0 0 1
212 156 781 261 0 0 1
