498 242 424 240 0 0 0
498 242 421 237 -8 -8 0
490 234 418 234 -8 8 0
482 242 415 231 -8 -8 0
474 234 412 228 -8 -8 0
466 226 409 225 -8 -8 0
458 218 406 222 -8 8 0
450 226 403 219 -8 8 0
442 234 400 216 -8 0 0
434 234 397 213 -8 -8 0
426 226 394 210 -8 8 0
418 234 391 207 -8 -8 0
410 226 388 204 -8 8 0
402 234 385 201 -8 8 0
394 242 382 198 -8 8 0
386 250 379 195 -8 0 0
378 250 376 192 -8 0 0
370 250 373 189 -8 8 0
362 258 370 186 -8 -8 0
354 250 367 183 -8 8 0
346 258 364 180 -8 -8 0
338 250 361 177 -8 -8 0
330 242 358 174 -8 0 0
322 242 355 171 -8 0 0
314 242 352 168 -8 0 0
306 242 349 165 -8 0 0
298 242 346 162 -8 8 0
290 250 343 159 -8 8 0
282 258 340 156 -8 8 0
274 266 337 153 -8 -8 0
266 258 334 150 -8 -8 0
258 250 331 147 -8 8 0
250 258 328 144 -8 0 0
242 258 325 141 -8 8 0
234 266 322 138 -8 8 0
226 274 319 135 -8 8 0
218 282 316 132 -8 -8 0
210 274 313 129 -8 0 0
202 274 310 126 -8 0 0
194 274 307 123 -8 -8 0
186 266 304 120 -8 -8 0
178 258 301 117 -8 -8 0
170 250 298 114 -8 0 0
162 250 295 111 -8 -8 0
154 242 292 108 0 -8 0
154 234 289 105 0 0 0
154 234 286 102 -8 -8 0
146 226 283 99 0 -8 0
146 218 280 96 0 0 0
146 218 277 93 -8 -8 0
138 210 274 90 0 8 0
138 218 271 87 -8 8 0
130 226 268 84 0 0 0
130 226 265 81 0 -8 0
130 218 262 78 -8 0 0
122 218 259 75 0 0 0
122 218 256 72 0 -8 0
122 210 253 69 -8 0 0
114 210 250 66 0 0 0
114 210 247 63 -8 0 0
106 210 244 60 0 8 0
106 218 241 57 0 0 0
106 218 238 54 -8 8 0
98 226 235 51 0 -8 0
98 218 232 48 0 -8 0
98 210 229 45 -8 8 0
90 218 226 42 0 8 0
90 226 223 39 -8 0 0
82 226 220 36 0 -8 0
82 218 217 33 0 -8 0
82 210 214 30 -8 8 0
74 218 211 27 0 8 0
74 226 208 24 0 0 0
74 226 205 21 -8 0 0
66 226 202 18 0 -8 0
66 218 199 15 -8 8 0
60 226 196 12 0 8 0
60 234 193 9 -8 0 0
60 234 190 12 0 -8 0
60 226 187 15 0 0 0
60 226 184 18 0 8 0
60 234 181 21 0 -8 0
60 226 178 24 0 0 0
60 226 175 27 0 8 0
60 234 172 30 0 -8 0
60 226 169 33 0 0 0
60 226 166 36 0 0 0
60 226 163 39 0 -8 0
60 218 160 42 0 8 0
60 226 157 45 0 8 0
60 234 154 48 0 0 0
60 234 151 51 0 8 0
60 242 148 54 0 -8 0
60 234 145 57 0 -8 0
60 226 142 60 0 8 0
60 234 139 63 0 -8 0
60 226 136 66 0 0 0
60 226 133 69 0 -8 0
60 218 130 72 0 -8 0
60 210 127 75 0 0 0
60 210 124 78 0 8 0
60 218 121 81 0 -8 0
60 210 118 84 0 -8 0
60 202 115 87 0 8 0
60 210 112 90 0 8 0
60 218 109 93 0 -8 0
60 210 106 96 0 -8 0
60 202 103 99 0 -8 0
60 194 100 102 0 8 0
60 202 97 105 0 8 0
60 210 94 108 0 0 0
60 210 91 111 8 0 0
68 210 88 114 0 0 0
68 210 85 117 0 8 0
68 218 82 120 8 -8 0
76 210 79 123 0 8 0
76 218 76 126 0 0 0
76 218 73 129 8 -8 0
84 210 70 132 0 8 0
84 218 67 135 8 8 0
92 226 64 138 0 0 0
92 226 61 141 0 8 0
92 234 58 144 8 -8 0
100 226 55 147 0 0 0
100 226 52 150 0 0 0
100 226 49 153 8 8 0
108 234 46 156 0 8 0
108 242 43 159 8 -8 0
116 234 40 162 0 8 0
116 242 37 165 0 0 0
116 242 34 168 8 8 0
124 250 31 171 0 -8 0
124 242 28 174 0 0 0
124 242 25 177 8 0 0
132 242 22 180 0 8 0
132 250 19 183 0 0 1
132 250 19 183 0 0 1
132 250 19 183 0 0 1
132 250 19 183 0 0 1
132 250 19 183 0 0 1
