324 159 544 399 0 0 0
324 159 541 396 8 0 0
332 159 538 393 8 8 0
340 167 535 390 0 -8 0
340 159 532 387 0 8 0
340 167 529 384 0 0 0
340 167 526 381 0 8 0
340 175 523 378 0 8 0
340 183 520 375 0 -8 0
340 175 517 372 0 0 0
340 175 514 369 0 0 0
340 175 511 366 0 -8 0
340 167 508 363 0 -8 0
340 159 505 360 0 0 0
340 159 502 357 0 8 0
340 167 499 354 0 8 0
340 175 496 351 0 8 0
340 183 493 348 0 8 0
340 191 490 345 0 0 0
340 191 487 342 0 8 0
340 199 484 339 0 8 0
340 207 481 336 0 -8 0
340 199 478 333 0 8 0
340 207 475 330 0 0 0
340 207 472 327 0 0 0
340 207 469 324 0 8 0
340 215 466 321 0 0 0
340 215 463 318 0 0 0
340 215 460 315 0 0 0
340 215 457 312 0 -8 0
340 207 454 309 0 -8 0
340 199 451 306 0 0 0
340 199 448 303 0 8 0
340 207 445 300 0 -8 0
340 199 442 297 0 8 0
340 207 439 294 0 0 0
340 207 436 291 0 0 0
340 207 433 288 -8 8 0
332 215 430 285 0 8 0
332 223 427 282 0 8 0
332 231 424 279 -8 -8 0
324 223 421 276 0 8 0
324 231 418 273 -8 8 0
316 239 415 270 0 -8 0
316 231 412 267 0 0 0
316 231 409 264 -8 0 0
308 231 406 261 0 0 0
308 231 403 258 0 -8 0
308 223 400 255 -8 0 0
300 223 397 252 0 8 0
300 231 394 249 -8 8 0
292 239 391 246 0 0 0
292 239 388 243 0 8 0
292 247 385 240 -8 -8 0
284 239 382 237 0 -8 0
284 231 379 234 0 -8 0
284 223 376 231 -8 -8 0
276 215 373 228 0 0 0
276 215 370 225 -8 8 0
268 223 367 222 0 8 0
268 231 364 219 0 0 0
268 231 361 216 -8 8 0
260 239 358 213 0 -8 0
260 231 355 210 0 -8 0
260 223 352 207 -8 0 0
252 223 349 204 0 8 0
252 231 346 201 -8 0 0
244 231 343 198 0 8 0
244 239 340 195 0 -8 0
244 231 337 192 -8 8 0
236 239 334 189 0 -8 0
236 231 331 186 0 8 0
236 239 328 183 -8 -8 0
228 231 325 180 0 -8 0
228 223 322 177 -8 0 0
220 223 319 174 0 0 0
220 223 316 171 0 -8 0
220 215 313 168 -8 0 0
212 215 310 165 0 -8 0
212 207 307 162 0 -8 0
212 199 304 159 -8 -8 0
204 191 301 156 0 0 0
204 191 298 153 -8 0 0
196 191 295 150 0 -8 0
196 183 292 147 0 0 0
196 183 289 144 -8 0 0
188 183 286 141 0 -8 0
188 175 283 138 0 -8 0
188 167 280 135 -8 8 0
180 175 277 132 0 0 0
180 175 274 129 -8 -8 0
172 167 271 126 0 0 0
172 167 268 123 0 8 0
172 175 265 120 -8 8 0
164 183 262 117 0 -8 0
164 175 259 114 0 8 0
164 183 256 111 -8 8 0
156 191 253 108 0 0 0
156 191 250 105 -8 0 0
148 191 247 102 0 0 0
148 191 244 99 0 -8 0
148 183 241 96 -8 -8 0
140 175 238 93 0 8 0
140 183 235 90 0 8 0
140 191 232 87 -8 0 0
132 191 229 84 0 8 0
132 199 226 81 -8 -8 0
124 191 223 78 0 8 0
124 199 220 75 0 0 0
124 199 217 72 -8 0 0
116 199 214 69 0 0 0
116 199 211 66 0 8 0
116 207 208 63 -8 -8 0
108 199 205 60 0 0 0
108 199 202 57 -8 -8 0
100 191 199 54 0 0 0
100 191 196 51 0 -8 0
100 183 193 48 -8 8 0
92 191 190 45 0 8 0
92 199 187 42 0 8 0
92 207 184 39 -8 -8 0
84 199 181 36 0 8 0
84 207 178 33 -8 8 0
76 215 175 30 0 -8 0
76 207 172 27 0 8 0
76 215 169 24 -8 -8 0
68 207 166 21 0 0 0
68 207 163 18 0 -8 0
68 199 160 15 -8 8 0
60 207 157 12 0 0 0
60 207 154 9 -8 -8 0
60 199 151 12 0 -8 0
60 191 148 15 0 8 0
60 199 145 18 0 -8 0
60 191 142 21 0 -8 0
60 183 139 24 0 -8 0
60 175 136 27 0 -8 0
60 167 133 30 0 0 0
60 167 130 33 0 0 0
60 167 127 36 0 -8 0
60 159 124 39 0 -8 0
60 151 121 42 0 -8 0
60 143 118 45 0 -8 0
60 135 115 48 0 0 0
60 135 112 51 0 -8 0
60 127 109 54 0 8 0
60 135 106 57 0 -8 0
60 127 103 60 0 8 0
60 135 100 63 0 8 0
60 143 97 66 0 8 0
60 151 94 69 0 0 0
60 151 91 72 0 0 0
60 151 88 75 0 -8 0
60 143 85 78 0 8 0
60 151 82 81 0 -8 0
60 143 79 84 0 8 0
60 151 76 87 0 0 0
60 151 73 90 0 8 0
60 159 70 93 0 0 0
60 159 67 96 0 -8 0
60 151 64 99 0 0 0
60 151 61 102 0 -8 0
60 143 58 105 0 -8 0
60 135 55 108 0 -8 0
60 127 52 111 8 0 0
68 127 49 114 0 -8 0
68 119 46 117 0 0 0
68 119 43 120 8 0 0
76 119 40 123 0 -8 0
76 111 37 126 0 0 0
76 111 34 129 8 -8 0
84 103 31 132 0 8 0
84 111 28 135 8 -8 0
92 103 25 138 0 0 0
92 103 22 141 0 0 0
92 103 19 144 0 0 1
92 103 19 144 0 0 1
92 103 19 144 0 0 1
92 103 19 144 0 0 1
92 103 19 144 0 0 1
