433 466 172 180 0 0 0
433 466 169 177 -8 0 0
425 466 166 174 -8 8 0
417 474 163 171 -8 -8 0
409 466 160 168 -8 0 0
401 466 157 165 -8 -8 0
393 458 154 162 -8 8 0
385 466 151 159 -8 0 0
377 466 148 156 -8 8 0
369 474 145 153 -8 8 0
361 482 142 150 -8 8 0
353 490 139 147 -8 -8 0
345 482 136 144 -8 0 0
337 482 133 141 -8 8 0
329 490 130 138 -8 0 0
321 490 127 135 -8 0 0
313 490 124 132 -8 8 0
305 498 121 129 -8 8 0
297 506 118 126 -8 0 0
289 506 115 123 -8 -8 0
281 498 112 120 -8 0 0
273 498 109 117 -8 8 0
265 506 106 114 -8 -8 0
257 498 103 111 -8 -8 0
249 490 100 108 -8 0 0
241 490 97 105 -8 -8 0
233 482 94 102 -8 0 0
225 482 91 99 -8 8 0
217 490 88 96 -8 0 0
209 490 85 93 -8 -8 0
201 482 82 90 -8 8 0
193 490 79 87 -8 0 0
185 490 76 84 -8 0 0
177 490 73 81 -8 -8 0
169 482 70 78 -8 8 0
161 490 67 75 -8 0 0
153 490 64 72 -8 0 0
145 490 61 69 -8 0 0
137 490 58 66 -8 0 0
129 490 55 63 -8 0 0
121 490 52 60 -8 8 0
113 498 49 57 -8 0 0
105 498 46 54 -8 8 0
97 506 43 51 0 0 0
97 506 40 48 0 -8 0
97 498 37 45 -8 8 0
89 506 34 42 0 8 0
89 514 31 39 0 8 0
89 522 28 36 -8 8 0
81 530 25 33 0 8 0
81 538 22 30 -8 8 0
73 540 19 27 0 -8 0
73 532 22 24 0 8 0
73 540 25 21 -8 0 0
65 540 28 18 0 -8 0
65 532 31 15 0 8 0
65 540 34 12 -8 8 0
60 540 37 9 -8 8 0
60 540 40 12 0 -8 0
60 532 43 15 0 -8 0
60 524 46 18 0 -8 0
60 516 49 21 0 0 0
60 516 52 24 0 0 0
60 516 55 27 0 8 0
60 524 58 30 0 -8 0
60 516 61 33 0 0 0
60 516 64 36 0 -8 0
60 508 67 39 0 -8 0
60 500 70 42 0 8 0
60 508 73 45 0 -8 0
60 500 76 48 0 -8 0
60 492 79 51 0 -8 0
60 484 82 54 0 8 0
60 492 85 57 0 8 0
60 500 88 60 0 8 0
60 508 91 63 0 0 0
60 508 94 66 0 0 0
60 508 97 69 0 0 0
60 508 100 72 0 8 0
60 516 103 75 0 8 0
60 524 106 78 0 8 0
60 532 109 81 0 8 0
60 540 112 84 0 8 0
60 540 115 87 0 0 0
60 540 118 90 0 -8 0
60 532 121 93 0 8 0
60 540 124 96 0 -8 0
60 532 127 99 0 -8 0
60 524 130 102 0 8 0
60 532 133 105 0 8 0
60 540 136 108 0 0 0
60 540 139 111 8 -8 0
68 532 142 114 0 -8 0
68 524 145 117 0 0 0
68 524 148 120 8 0 0
76 524 151 123 0 -8 0
76 516 154 126 0 8 0
76 524 157 129 8 -8 0
84 516 160 132 0 -8 0
84 508 163 135 8 8 0
92 516 166 138 0 0 0
92 516 169 141 0 8 0
92 524 172 144 8 0 0
100 524 175 147 0 0 0
100 524 178 150 0 0 0
100 524 181 153 8 0 0
108 524 184 156 0 0 0
108 524 187 159 8 0 0
116 524 190 162 0 8 0
116 532 193 165 0 -8 0
116 524 196 168 8 0 0
124 524 199 171 0 8 0
124 532 202 174 0 -8 0
124 524 205 177 8 -8 0
132 516 208 180 0 -8 0
132 508 211 183 8 0 0
140 508 214 186 0 8 0
140 516 217 189 0 8 0
140 524 220 192 8 0 0
148 524 223 195 0 -8 0
148 516 226 198 0 0 0
148 516 229 201 8 0 0
156 516 232 204 0 -8 0
156 508 235 207 8 8 0
164 516 238 210 0 8 0
164 524 241 213 0 0 0
164 524 244 216 8 0 0
172 524 247 219 0 0 0
172 524 250 222 0 -8 0
172 516 253 225 8 8 0
180 524 256 228 0 8 0
180 532 259 231 8 -8 0
188 524 262 234 0 8 0
188 532 265 237 0 0 0
188 532 268 240 8 8 0
196 540 271 243 0 8 0
196 540 274 246 0 -8 0
196 532 277 249 8 -8 0
204 524 280 252 0 -8 0
204 516 283 255 8 -8 0
212 508 286 258 0 0 0
212 508 289 261 0 0 0
212 508 292 264 8 -8 0
220 500 295 267 0 8 0
220 508 298 270 0 8 0
220 516 301 273 8 0 0
228 516 304 276 0 8 0
228 524 307 279 8 -8 0
236 516 310 282 0 -8 0
236 508 313 285 0 0 0
236 508 316 288 8 0 0
244 508 319 291 0 0 0
244 508 322 294 0 8 0
244 516 325 297 8 -8 0
252 508 328 300 0 8 0
252 516 331 303 8 8 0
260 524 334 306 0 0 0
260 524 337 309 0 0 0
260 524 340 312 8 8 0
268 532 343 315 0 0 0
268 532 346 318 0 -8 0
268 524 349 321 8 0 0
276 524 352 324 0 8 0
276 532 355 327 8 0 0
284 532 358 330 0 0 0
284 532 361 333 0 -8 0
284 524 364 336 8 0 0
292 524 367 339 0 8 0
292 532 370 342 0 0 0
292 532 373 345 8 8 0
300 540 376 348 0 8 0
300 540 379 351 8 0 0
308 540 382 354 0 -8 0
308 532 385 357 0 -8 0
308 524 388 360 8 0 0
316 524 391 363 0 8 0
316 532 394 366 0 -8 0
316 524 397 369 8 8 0
324 532 400 372 0 8 0
324 540 403 375 8 -8 0
332 532 406 378 0 -8 0
332 524 409 381 0 8 0
332 532 412 384 8 0 0
340 532 415 387 0 -8 0
340 524 418 390 0 8 0
340 532 421 393 8 -8 0
348 524 424 396 0 0 0
348 524 427 399 8 -8 0
356 516 430 402 0 -8 0
356 508 433 405 0 -8 0
356 500 436 408 8 -8 0
364 492 439 411 0 -8 0
364 484 442 414 0 -8 0
364 476 445 417 8 -8 0
372 468 448 420 0 8 0
372 476 451 423 8 0 0
380 476 454 426 0 8 0
380 484 457 429 0 0 0
380 484 460 432 8 -8 0
388 476 463 435 0 8 0
388 484 466 438 0 8 0
388 492 469 441 8 0 0
396 492 472 444 0 0 0
396 492 475 447 8 0 0
404 492 478 450 0 -8 0
404 484 481 453 0 -8 0
404 476 484 456 8 -8 0
412 468 487 459 0 0 0
412 468 490 462 0 0 0
412 468 493 465 8 -8 0
420 460 496 468 0 0 0
420 460 499 471 8 8 0
428 468 502 474 0 8 0
428 476 505 477 0 -8 0
428 468 508 480 8 8 0
436 476 511 483 0 8 0
436 484 514 486 0 0 0
436 484 517 489 8 0 0
444 484 520 492 0 0 0
444 484 523 495 8 0 0
452 484 526 498 0 -8 0
452 476 529 501 0 8 0
452 484 532 504 8 -8 0
460 476 535 507 0 8 0
460 484 538 510 0 8 0
460 492 541 513 8 0 0
468 492 544 516 0 -8 0
468 484 547 519 8 8 0
476 492 550 522 0 -8 0
476 484 553 525 0 -8 0
476 476 556 528 8 0 0
484 476 559 531 0 0 0
484 476 562 534 0 -8 0
484 468 565 537 8 8 0
492 476 568 540 0 -8 0
492 468 571 543 8 0 0
500 468 574 546 0 -8 0
500 460 577 549 0 -8 0
500 452 580 552 8 8 0
508 460 583 555 0 0 0
508 460 586 558 0 0 0
508 460 589 561 8 -8 0
516 452 592 564 0 -8 0
516 444 595 567 8 0 0
524 444 598 570 0 8 0
524 452 601 573 0 8 0
524 460 604 576 8 0 0
532 460 607 579 0 -8 0
532 452 610 582 0 -8 0
532 444 613 585 8 -8 0
540 436 616 588 0 0 0
540 436 619 591 8 0 0
540 436 622 588 0 0 0
540 436 625 585 0 0 0
540 436 628 582 0 0 0
540 436 631 579 0 -8 0
540 428 634 576 0 0 0
540 428 637 573 0 -8 0
540 420 640 570 0 0 0
540 420 643 567 0 -8 0
540 412 646 564 0 -8 0
540 404 649 561 0 8 0
540 412 652 558 0 -8 0
540 404 655 555 0 8 0
540 412 658 552 0 8 0
540 420 661 549 0 0 0
540 420 664 546 0 8 0
540 428 667 543 0 8 0
540 436 670 540 0 8 0
540 444 673 537 0 0 0
540 444 676 534 0 0 0
540 444 679 531 0 8 0
540 452 682 528 0 8 0
540 460 685 525 0 -8 0
540 452 688 522 0 8 0
540 460 691 519 0 -8 0
540 452 694 516 0 0 0
540 452 697 513 0 -8 0
540 444 700 510 0 -8 0
540 436 703 507 0 0 0
540 436 706 504 0 -8 0
540 428 709 501 0 0 0
540 428 712 498 0 0 0
540 428 715 495 0 -8 0
540 420 718 492 0 0 0
540 420 721 489 -8 -8 0
532 412 724 486 0 0 0
532 412 727 483 0 8 0
532 420 730 480 -8 -8 0
524 412 733 477 0 8 0
524 420 736 474 0 0 0
524 420 739 471 -8 0 0
516 420 742 468 0 8 0
516 428 745 465 -8 0 0
508 428 748 462 0 8 0
508 436 751 459 0 8 0
508 444 754 456 -8 0 0
500 444 757 453 0 8 0
500 452 760 450 0 8 0
500 460 763 447 -8 8 0
492 468 766 444 0 -8 0
492 460 769 441 -8 -8 0
484 452 772 438 0 0 0
484 452 775 435 0 8 0
484 460 778 432 -8 8 0
476 468 781 429 0 8 0
476 476 778 426 0 8 0
476 484 775 423 -8 8 0
468 492 772 420 0 8 0
468 500 769 417 -8 0 0
460 500 766 414 0 -8 0
460 492 763 411 0 8 0
460 500 760 408 -8 0 0
452 500 757 405 0 8 0
452 508 754 402 0 8 0
452 516 751 399 -8 0 0
444 516 748 396 0 0 0
444 516 745 393 -8 -8 0
436 508 742 390 0 0 0
436 508 739 387 0 8 0
436 516 736 384 -8 0 0
428 516 733 381 0 -8 0
428 508 730 378 0 -8 0
428 500 727 375 -8 8 0
420 508 724 372 0 8 0
420 516 721 369 -8 0 0
412 516 718 366 0 8 0
412 524 715 363 0 -8 0
412 516 712 360 -8 0 0
404 516 709 357 0 -8 0
404 508 706 354 0 8 0
404 516 703 351 -8 8 0
396 524 700 348 0 0 0
396 524 697 345 -8 8 0
388 532 694 342 0 -8 0
388 524 691 339 0 8 0
388 532 688 336 -8 -8 0
380 524 685 333 0 -8 0
380 516 682 330 0 0 0
380 516 679 327 -8 8 0
372 524 676 324 0 -8 0
372 516 673 321 -8 -8 0
364 508 670 318 0 8 0
364 516 667 315 0 -8 0
364 508 664 312 -8 8 0
356 516 661 309 0 -8 0
356 508 658 306 0 0 0
356 508 655 303 -8 -8 0
348 500 652 300 0 0 0
348 500 649 297 -8 8 0
340 508 646 294 0 -8 0
340 500 643 291 0 -8 0
340 492 640 288 -8 0 0
332 492 637 285 0 -8 0
332 484 634 282 0 -8 0
332 476 631 279 -8 -8 0
324 468 628 276 0 -8 0
324 460 625 273 -8 0 0
316 460 622 270 0 8 0
316 468 619 267 0 -8 0
316 460 616 264 -8 8 0
308 468 613 261 0 -8 0
308 460 610 258 0 8 0
308 468 607 255 -8 -8 0
300 460 604 252 0 0 0
300 460 601 249 -8 -8 0
292 452 598 246 0 0 0
292 452 595 243 0 0 0
292 452 592 240 -8 0 0
284 452 589 237 0 0 0
284 452 586 234 0 0 0
284 452 583 231 -8 0 0
276 452 580 228 0 0 0
276 452 577 225 -8 0 0
268 452 574 222 0 8 0
268 460 571 219 0 0 0
268 460 568 216 -8 0 0
260 460 565 213 0 0 0
260 460 562 210 0 -8 0
260 452 559 207 -8 8 0
252 460 556 204 0 0 0
252 460 553 201 -8 -8 0
244 452 550 198 0 8 0
244 460 547 195 0 -8 0
244 452 544 192 -8 -8 0
236 444 541 189 0 8 0
236 452 538 186 0 8 0
236 460 535 183 -8 -8 0
228 452 532 180 0 0 0
228 452 529 177 -8 -8 0
220 444 526 174 0 -8 0
220 436 523 171 0 -8 0
220 428 520 168 -8 -8 0
212 420 517 165 0 8 0
212 428 514 162 0 8 0
212 436 511 159 -8 -8 0
204 428 508 156 0 0 0
204 428 505 153 -8 -8 0
196 420 502 150 0 8 0
196 428 499 147 0 -8 0
196 420 496 144 -8 -8 0
188 412 493 141 0 8 0
188 420 490 138 0 8 0
188 428 487 135 -8 0 0
180 428 484 132 0 -8 0
180 420 481 129 -8 8 0
172 428 478 126 0 0 0
172 428 475 123 0 0 0
172 428 472 120 -8 -8 0
164 420 469 117 0 0 0
164 420 466 114 0 -8 0
164 412 463 111 -8 0 0
156 412 460 108 0 0 0
156 412 457 105 -8 -8 0
148 404 454 102 0 -8 0
148 396 451 99 0 0 0
148 396 448 96 -8 8 0
140 404 445 93 0 -8 0
140 396 442 90 0 0 0
140 396 439 87 -8 0 0
132 396 436 84 0 8 0
132 404 433 81 -8 -8 0
124 396 430 78 0 8 0
124 404 427 75 0 -8 0
124 396 424 72 -8 8 0
116 404 421 69 0 -8 0
116 396 418 66 0 -8 0
116 388 415 63 -8 0 0
108 388 412 60 0 8 0
108 396 409 57 -8 8 0
100 404 406 54 0 8 0
100 412 403 51 0 -8 0
100 404 400 48 -8 8 0
92 412 397 45 0 -8 0
92 404 394 42 0 0 0
92 404 391 39 -8 0 0
84 404 388 36 0 8 0
84 412 385 33 -8 -8 0
76 404 382 30 0 8 0
76 412 379 27 0 0 0
76 412 376 24 -8 8 0
68 420 373 21 0 0 0
68 420 370 18 0 8 0
68 428 367 15 -8 -8 0
60 420 364 12 0 8 0
60 428 361 9 -8 -8 0
60 420 358 12 0 8 0
60 428 355 15 0 -8 0
60 420 352 18 0 8 0
60 428 349 21 0 8 0
60 436 346 24 0 0 0
60 436 343 27 0 0 0
60 436 340 30 0 -8 0
60 428 337 33 0 0 0
60 428 334 36 0 -8 0
60 420 331 39 0 -8 0
60 412 328 42 0 8 0
60 420 325 45 0 -8 0
60 412 322 48 0 8 0
60 420 319 51 0 8 0
60 428 316 54 0 -8 0
60 420 313 57 0 0 0
60 420 310 60 0 0 0
60 420 307 63 0 8 0
60 428 304 66 0 8 0
60 436 301 69 0 -8 0
60 428 298 72 0 -8 0
60 420 295 75 0 8 0
60 428 292 78 0 0 0
60 428 289 81 0 0 0
60 428 286 84 0 8 0
60 436 283 87 0 -8 0
60 428 280 90 0 -8 0
60 420 277 93 0 8 0
60 428 274 96 0 8 0
60 436 271 99 0 0 0
60 436 268 102 0 0 0
60 436 265 105 0 -8 0
60 428 262 108 0 8 0
60 436 259 111 8 8 0
68 444 256 114 0 0 0
68 444 253 117 0 8 0
68 452 250 120 8 -8 0
76 444 247 123 0 0 0
76 444 244 126 0 -8 0
76 436 241 129 8 8 0
84 444 238 132 0 0 0
84 444 235 135 8 8 0
92 452 232 138 0 0 0
92 452 229 141 0 8 0
92 460 226 144 8 8 0
100 468 223 147 0 -8 0
100 460 220 150 0 0 0
100 460 217 153 8 8 0
108 468 214 156 0 0 0
108 468 211 159 8 0 0
116 468 208 162 0 0 0
116 468 205 165 0 -8 0
116 460 202 168 8 -8 0
124 452 199 171 0 -8 0
124 444 196 174 0 -8 0
124 436 193 177 8 -8 0
132 428 190 180 0 8 0
132 436 187 183 8 -8 0
140 428 184 186 0 8 0
140 436 181 189 0 -8 0
140 428 178 192 8 0 0
148 428 175 195 0 8 0
148 436 172 198 0 8 0
148 444 169 201 8 8 0
156 452 166 204 0 8 0
156 460 163 207 8 8 0
164 468 160 210 0 -8 0
164 460 157 213 0 -8 0
164 452 154 216 8 8 0
172 460 151 219 0 0 0
172 460 148 222 0 8 0
172 468 145 225 8 0 0
180 468 142 228 0 0 0
180 468 139 231 8 -8 0
188 460 136 234 0 8 0
188 468 133 237 0 8 0
188 476 130 240 8 8 0
196 484 127 243 0 -8 0
196 476 124 246 0 0 0
196 476 121 249 8 8 0
204 484 118 252 0 8 0
204 492 115 255 8 -8 0
212 484 112 258 0 -8 0
212 476 109 261 0 -8 0
212 468 106 264 8 -8 0
220 460 103 267 0 8 0
220 468 100 270 0 0 0
220 468 97 273 8 8 0
228 476 94 276 0 0 0
228 476 91 279 8 8 0
236 484 88 282 0 0 0
236 484 85 285 0 8 0
236 492 82 288 8 0 0
244 492 79 291 0 0 0
244 492 76 294 0 8 0
244 500 73 297 8 8 0
252 508 70 300 0 8 0
252 516 67 303 8 -8 0
260 508 64 306 0 0 0
260 508 61 309 0 0 0
260 508 58 312 8 0 0
268 508 55 315 0 8 0
268 516 52 318 0 -8 0
268 508 49 321 8 0 0
276 508 46 324 0 0 0
276 508 43 327 8 0 0
284 508 40 330 0 -8 0
284 500 37 333 0 8 0
284 508 34 336 8 8 0
292 516 31 339 0 0 0
292 516 28 342 0 -8 0
292 508 25 345 8 0 0
300 508 22 348 0 0 0
300 508 19 351 0 0 1
300 508 19 351 0 0 1
300 508 19 351 0 0 1
300 508 19 351 0 0 1
300 508 19 351 0 0 1
