519 419 250 435 0 0 0
519 419 253 432 -8 0 0
511 419 256 429 -8 0 0
503 419 259 426 -8 8 0
495 427 262 423 -8 8 0
487 435 265 420 -8 0 0
479 435 268 417 -8 0 0
471 435 271 414 -8 -8 0
463 427 274 411 -8 8 0
455 435 277 408 0 0 0
455 435 280 405 0 8 0
455 443 283 402 -8 8 0
447 451 286 399 0 0 0
447 451 289 396 -8 -8 0
439 443 292 393 0 0 0
439 443 295 390 0 -8 0
439 435 298 387 -8 0 0
431 435 301 384 0 8 0
431 443 304 381 0 0 0
431 443 307 378 -8 8 0
423 451 310 375 0 8 0
423 459 313 372 -8 -8 0
415 451 316 369 0 0 0
415 451 319 366 0 8 0
415 459 322 363 -8 8 0
407 467 325 360 0 8 0
407 475 328 357 0 -8 0
407 467 331 354 -8 -8 0
399 459 334 351 0 -8 0
399 451 337 348 -8 0 0
391 451 340 345 0 0 0
391 451 343 342 0 -8 0
391 443 346 339 -8 8 0
383 451 349 336 0 -8 0
383 443 352 333 0 8 0
383 451 355 330 -8 0 0
375 451 358 327 0 0 0
375 451 361 324 -8 0 0
367 451 364 321 0 8 0
367 459 367 318 0 8 0
367 467 370 315 -8 8 0
359 475 373 312 0 0 0
359 475 376 309 0 0 0
359 475 379 306 -8 0 0
351 475 382 303 0 8 0
351 483 385 300 -8 0 0
343 483 388 297 0 8 0
343 491 391 294 0 0 0
343 491 394 291 -8 8 0
335 499 397 288 0 8 0
335 507 400 285 0 -8 0
335 499 403 282 -8 8 0
327 507 406 279 0 0 0
327 507 409 276 -8 -8 0
319 499 412 273 0 -8 0
319 491 415 270 0 8 0
319 499 418 267 -8 -8 0
311 491 421 264 0 8 0
311 499 424 261 0 8 0
311 507 427 258 -8 8 0
303 515 430 255 0 0 0
303 515 433 252 -8 0 0
295 515 436 249 0 -8 0
295 507 439 246 0 8 0
295 515 442 243 -8 0 0
287 515 445 240 0 0 0
287 515 448 237 0 8 0
287 523 451 234 -8 8 0
279 531 454 231 0 8 0
279 539 457 228 -8 0 0
271 539 460 225 0 0 0
271 539 463 222 0 0 0
271 539 466 219 -8 -8 0
263 531 469 216 0 0 0
263 531 472 213 0 8 0
263 539 475 210 -8 8 0
255 540 478 207 0 -8 0
255 532 481 204 -8 0 0
247 532 484 201 0 0 0
247 532 487 198 0 8 0
247 540 490 195 -8 0 0
239 540 493 192 0 0 0
239 540 496 189 0 -8 0
239 532 499 186 -8 8 0
231 540 502 183 0 -8 0
231 532 505 180 -8 8 0
223 540 508 177 0 -8 0
223 532 511 174 0 0 0
223 532 514 171 -8 8 0
215 540 517 168 0 0 0
215 540 520 165 0 8 0
215 540 523 162 -8 0 0
207 540 526 159 0 -8 0
207 532 529 156 -8 0 0
199 532 532 153 0 0 0
199 532 535 150 0 8 0
199 540 538 147 -8 0 0
191 540 541 144 0 -8 0
191 532 544 141 0 0 0
191 532 547 138 -8 -8 0
183 524 550 135 0 -8 0
183 516 553 132 -8 0 0
175 516 556 129 0 8 0
175 524 559 126 0 8 0
175 532 562 123 -8 8 0
167 540 565 120 0 0 0
167 540 568 117 0 0 0
167 540 571 114 -8 0 0
159 540 574 111 0 0 0
159 540 577 108 -8 0 0
151 540 580 105 0 -8 0
151 532 583 102 0 8 0
151 540 586 99 -8 -8 0
143 532 589 96 0 8 0
143 540 592 93 0 -8 0
143 532 595 90 -8 -8 0
135 524 598 87 0 8 0
135 532 601 84 -8 0 0
127 532 604 81 0 -8 0
127 524 607 78 0 8 0
127 532 610 75 -8 8 0
119 540 613 72 0 0 0
119 540 616 69 0 0 0
119 540 619 66 -8 0 0
111 540 622 63 0 0 0
111 540 625 60 -8 8 0
103 540 628 57 0 8 0
103 540 631 54 0 0 0
103 540 634 51 -8 0 0
95 540 637 48 0 8 0
95 540 640 45 0 8 0
95 540 643 42 -8 8 0
87 540 646 39 0 8 0
87 540 649 36 -8 -8 0
79 532 652 33 0 -8 0
79 524 655 30 0 -8 0
79 516 658 27 -8 -8 0
71 508 661 24 0 -8 0
71 500 664 21 0 0 0
71 500 667 18 -8 8 0
63 508 670 15 0 0 0
63 508 673 12 -8 -8 0
60 500 676 9 -8 8 0
60 508 679 12 0 8 0
60 516 682 15 0 0 0
60 516 685 18 0 -8 0
60 508 688 21 0 0 0
60 508 691 24 0 -8 0
60 500 694 27 0 8 0
60 508 697 30 0 8 0
60 516 700 33 0 8 0
60 524 703 36 0 0 0
60 524 706 39 0 8 0
60 532 709 42 0 0 0
60 532 712 45 0 -8 0
60 524 715 48 0 8 0
60 532 718 51 0 -8 0
60 524 721 54 0 0 0
60 524 724 57 0 -8 0
60 516 727 60 0 8 0
60 524 730 63 0 8 0
60 532 733 66 0 0 0
60 532 736 69 0 0 0
60 532 739 72 0 0 0
60 532 742 75 0 -8 0
60 524 745 78 0 -8 0
60 516 748 81 0 0 0
60 516 751 84 0 8 0
60 524 754 87 0 -8 0
60 516 757 90 0 -8 0
60 508 760 93 0 8 0
60 516 763 96 0 0 0
60 516 766 99 0 -8 0
60 508 769 102 0 -8 0
60 500 772 105 0 0 0
60 500 775 108 0 -8 0
60 492 778 111 8 0 0
68 492 781 114 0 0 1
68 492 781 114 0 0 1
68 492 781 114 0 0 1
68 492 781 114 0 0 1
68 492 781 114 0 0 1
