403 329 316 105 0 0 0
403 329 319 108 -8 -8 0
395 321 322 111 -8 -8 0
387 313 325 114 -8 0 0
379 313 328 117 -8 -8 0
371 305 331 120 -8 0 0
363 305 334 123 -8 0 0
355 305 337 126 -8 0 0
347 305 340 129 -8 8 0
339 313 343 132 -8 0 0
331 313 346 135 -8 -8 0
323 305 349 138 -8 0 0
315 305 352 141 -8 8 0
307 313 355 144 -8 0 0
299 313 358 147 -8 8 0
291 321 361 150 -8 8 0
283 329 364 153 -8 -8 0
275 321 367 156 -8 8 0
267 329 370 159 -8 0 0
259 329 373 162 -8 0 0
251 329 376 165 -8 8 0
243 337 379 168 -8 -8 0
235 329 382 171 -8 0 0
227 329 385 174 -8 0 0
219 329 388 177 0 8 0
219 337 391 180 0 0 0
219 337 394 183 0 0 0
219 337 397 186 0 8 0
219 345 400 189 0 -8 0
219 337 403 192 0 0 0
219 337 406 195 0 -8 0
219 329 409 198 0 8 0
219 337 412 201 0 -8 0
219 329 415 204 0 8 0
219 337 418 207 0 8 0
219 345 421 210 0 0 0
219 345 424 213 0 0 0
219 345 427 216 0 -8 0
219 337 430 219 0 8 0
219 345 433 222 0 -8 0
219 337 436 225 0 8 0
219 345 439 228 0 -8 0
219 337 442 231 0 8 0
219 345 445 234 0 0 0
219 345 448 237 0 0 0
219 345 451 240 0 8 0
219 353 454 243 0 8 0
219 361 457 246 0 8 0
219 369 460 249 0 0 0
219 369 463 252 0 8 0
219 377 466 255 0 0 0
219 377 469 258 0 8 0
219 385 472 261 0 0 0
219 385 475 264 0 8 0
219 393 478 267 0 0 0
219 393 481 270 8 8 0
227 401 484 273 0 8 0
227 409 487 276 0 0 0
227 409 490 279 8 -8 0
235 401 493 282 0 8 0
235 409 496 285 0 0 0
235 409 499 288 8 8 0
243 417 502 291 0 0 0
243 417 505 294 8 -8 0
251 409 508 297 0 0 0
251 409 511 300 0 8 0
251 417 514 303 8 0 0
259 417 517 306 0 0 0
259 417 520 309 0 8 0
259 425 523 312 8 -8 0
267 417 526 315 0 8 0
267 425 529 318 8 -8 0
275 417 532 321 0 -8 0
275 409 535 324 0 8 0
275 417 538 327 8 0 0
283 417 541 330 0 8 0
283 425 544 333 0 8 0
283 433 547 336 8 0 0
291 433 550 339 0 -8 0
291 425 553 342 8 -8 0
299 417 556 345 0 -8 0
299 409 559 348 0 0 0
299 409 562 351 8 -8 0
307 401 565 354 0 0 0
307 401 568 357 0 0 0
307 401 571 360 8 0 0
315 401 574 363 0 0 0
315 401 577 366 8 0 0
323 401 580 369 0 8 0
323 409 583 372 0 -8 0
323 401 586 375 8 8 0
331 409 589 378 0 8 0
331 417 592 381 0 8 0
331 425 595 384 8 8 0
339 433 598 387 0 8 0
339 441 601 390 8 0 0
347 441 604 393 0 8 0
347 449 607 396 0 8 0
347 457 610 399 8 -8 0
355 449 613 402 0 0 0
355 449 616 405 0 -8 0
355 441 619 408 8 8 0
363 449 622 411 0 -8 0
363 441 625 414 8 0 0
371 441 628 417 0 -8 0
371 433 631 420 0 -8 0
371 425 634 423 8 8 0
379 433 637 426 0 -8 0
379 425 640 429 0 0 0
379 425 643 432 8 0 0
387 425 646 435 0 -8 0
387 417 649 438 8 -8 0
395 409 652 441 0 0 0
395 409 655 444 0 8 0
395 417 658 447 8 -8 0
403 409 661 450 0 0 0
403 409 664 453 0 0 0
403 409 667 456 8 0 0
411 409 670 459 0 0 0
411 409 673 462 8 8 0
419 417 676 465 0 8 0
419 425 679 468 0 8 0
419 433 682 471 8 8 0
427 441 685 474 0 -8 0
427 433 688 477 0 -8 0
427 425 691 480 8 0 0
435 425 694 483 0 8 0
435 433 697 486 8 0 0
443 433 700 489 0 0 0
443 433 703 492 0 0 0
443 433 706 495 8 -8 0
451 425 709 498 0 -8 0
451 417 712 501 0 8 0
451 425 715 504 8 0 0
459 425 718 507 0 8 0
459 433 721 510 8 0 0
467 433 724 513 0 -8 0
467 425 727 516 0 -8 0
467 417 730 519 8 8 0
475 425 733 522 0 0 0
475 425 736 525 0 0 0
475 425 739 528 8 8 0
483 433 742 531 0 -8 0
483 425 745 534 8 0 0
491 425 748 537 0 8 0
491 433 751 540 0 -8 0
491 425 754 543 8 -8 0
499 417 757 546 0 0 0
499 417 760 549 0 8 0
499 425 763 552 8 8 0
507 433 766 555 0 8 0
507 441 769 558 8 0 0
515 441 772 561 0 8 0
515 449 775 564 0 0 0
515 449 778 567 8 0 0
523 449 781 570 0 0 1
523 449 781 570 0 0 1
523 449 781 570 0 0 1
523 449 781 570 0 0 1
523 449 781 570 0 0 1
