347 130 202 324 0 0 0
347 130 205 321 0 0 0
347 130 208 318 0 0 0
347 130 211 315 0 0 0
347 130 214 312 0 0 0
347 130 217 309 0 0 0
347 130 220 306 0 0 0
347 130 223 303 0 8 0
347 138 226 300 0 8 0
347 146 229 297 0 8 0
347 154 232 294 -8 8 0
339 162 235 291 0 8 0
339 170 238 288 -8 8 0
331 178 241 285 0 -8 0
331 170 244 282 0 -8 0
331 162 247 279 -8 8 0
323 170 250 276 0 0 0
323 170 253 273 0 -8 0
323 162 256 270 -8 -8 0
315 154 259 267 0 0 0
315 154 262 264 -8 8 0
307 162 265 261 0 -8 0
307 154 268 258 0 8 0
307 162 271 255 -8 -8 0
299 154 274 252 0 0 0
299 154 277 249 0 0 0
299 154 280 246 -8 8 0
291 162 283 243 0 -8 0
291 154 286 240 -8 8 0
283 162 289 237 0 0 0
283 162 292 234 0 -8 0
283 154 295 231 -8 -8 0
275 146 298 228 0 8 0
275 154 301 225 0 0 0
275 154 304 222 -8 0 0
267 154 307 219 0 -8 0
267 146 310 216 -8 -8 0
259 138 313 213 0 -8 0
259 130 316 210 0 0 0
259 130 319 207 -8 8 0
251 138 322 204 0 8 0
251 146 325 201 0 8 0
251 154 328 198 -8 -8 0
243 146 331 195 0 0 0
243 146 334 192 -8 -8 0
235 138 337 189 0 -8 0
235 130 340 186 0 8 0
235 138 343 183 -8 0 0
227 138 346 180 0 0 0
227 138 349 177 0 -8 0
227 130 352 174 -8 0 0
219 130 355 171 0 0 0
219 130 358 168 -8 -8 0
211 122 361 165 0 -8 0
211 114 364 162 0 0 0
211 114 367 159 -8 8 0
203 122 370 156 0 8 0
203 130 373 153 0 0 0
203 130 376 150 -8 0 0
195 130 379 147 0 8 0
195 138 382 144 -8 8 0
187 146 385 141 0 0 0
187 146 388 138 0 0 0
187 146 391 135 -8 8 0
179 154 394 132 0 0 0
179 154 397 129 0 -8 0
179 146 400 126 -8 -8 0
171 138 403 123 0 -8 0
171 130 406 120 -8 8 0
163 138 409 117 0 -8 0
163 130 412 114 0 8 0
163 138 415 111 -8 8 0
155 146 418 108 0 8 0
155 154 421 105 0 -8 0
155 146 424 102 -8 8 0
147 154 427 99 0 0 0
147 154 430 96 -8 8 0
139 162 433 93 0 0 0
139 162 436 90 0 8 0
139 170 439 87 -8 8 0
131 178 442 84 0 8 0
131 186 445 81 0 0 0
131 186 448 78 -8 -8 0
123 178 451 75 0 8 0
123 186 454 72 -8 8 0
115 194 457 69 0 8 0
115 202 460 66 0 0 0
115 202 463 63 -8 0 0
107 202 466 60 0 -8 0
107 194 469 57 0 0 0
107 194 472 54 -8 0 0
99 194 475 51 0 0 0
99 194 478 48 -8 8 0
91 202 481 45 0 8 0
91 210 484 42 0 -8 0
91 202 487 39 -8 -8 0
83 194 490 36 0 -8 0
83 186 493 33 0 0 0
83 186 496 30 -8 8 0
75 194 499 27 0 -8 0
75 186 502 24 -8 8 0
67 194 505 21 0 -8 0
67 186 508 18 0 -8 0
67 178 511 15 -8 8 0
60 186 514 12 0 -8 0
60 178 517 9 -8 -8 0
60 170 520 12 0 0 0
60 170 523 15 0 -8 0
60 162 526 18 0 8 0
60 170 529 21 0 8 0
60 178 532 24 0 8 0
60 186 535 27 0 0 0
60 186 538 30 0 -8 0
60 178 541 33 0 0 0
60 178 544 36 0 -8 0
60 170 547 39 0 -8 0
60 162 550 42 0 0 0
60 162 553 45 0 -8 0
60 154 556 48 0 0 0
60 154 559 51 0 0 0
60 154 562 54 0 8 0
60 162 565 57 0 0 0
60 162 568 60 0 0 0
60 162 571 63 0 0 0
60 162 574 66 0 -8 0
60 154 577 69 0 -8 0
60 146 580 72 0 0 0
60 146 583 75 0 -8 0
60 138 586 78 0 0 0
60 138 589 81 0 8 0
60 146 592 84 0 -8 0
60 138 595 87 0 -8 0
60 130 598 90 0 8 0
60 138 601 93 0 0 0
60 138 604 96 0 8 0
60 146 607 99 0 -8 0
60 138 610 102 0 0 0
60 138 613 105 0 -8 0
60 130 616 108 0 8 0
60 138 619 111 8 8 0
68 146 622 114 0 8 0
68 154 625 117 0 -8 0
68 146 628 120 8 0 0
76 146 631 123 0 8 0
76 154 634 126 0 8 0
76 162 637 129 8 -8 0
84 154 640 132 0 0 0
84 154 643 135 8 8 0
92 162 646 138 0 -8 0
92 154 649 141 0 -8 0
92 146 652 144 8 -8 0
100 138 655 147 0 8 0
100 146 658 150 0 8 0
100 154 661 153 8 8 0
108 162 664 156 0 8 0
108 170 667 159 8 0 0
116 170 670 162 0 0 0
116 170 673 165 0 0 0
116 170 676 168 8 8 0
124 178 679 171 0 -8 0
124 170 682 174 0 0 0
124 170 685 177 8 0 0
132 170 688 180 0 -8 0
132 162 691 183 8 8 0
140 170 694 186 0 8 0
140 178 697 189 0 -8 0
140 170 700 192 8 8 0
148 178 703 195 0 -8 0
148 170 706 198 0 8 0
148 178 709 201 8 -8 0
156 170 712 204 0 8 0
156 178 715 207 8 8 0
164 186 718 210 0 -8 0
164 178 721 213 0 8 0
164 186 724 216 8 -8 0
172 178 727 219 0 -8 0
172 170 730 222 0 -8 0
172 162 733 225 8 8 0
180 170 736 228 0 -8 0
180 162 739 231 8 0 0
188 162 742 234 0 -8 0
188 154 745 237 0 8 0
188 162 748 240 8 0 0
196 162 751 243 0 -8 0
196 154 754 246 0 -8 0
196 146 757 249 8 0 0
204 146 760 252 0 -8 0
204 138 763 255 8 -8 0
212 130 766 258 0 0 0
212 130 769 261 0 0 0
212 130 772 264 8 8 0
220 138 775 267 0 8 0
220 146 778 270 0 0 0
220 146 781 273 0 0 1
220 146 781 273 0 0 1
220 146 781 273 0 0 1
220 146 781 273 0 0 1
220 146 781 273 0 0 1
