360 523 682 465 0 0 0
360 523 685 468 8 -8 0
368 515 688 471 8 -8 0
376 507 691 474 8 8 0
384 515 694 477 8 8 0
392 523 697 480 8 0 0
400 523 700 483 8 8 0
408 531 703 486 8 8 0
416 539 706 489 8 -8 0
424 531 709 492 8 -8 0
432 523 712 495 8 0 0
440 523 715 498 8 8 0
448 531 718 501 8 8 0
456 539 721 504 0 8 0
456 540 724 507 8 -8 0
464 532 727 510 0 -8 0
464 524 730 513 0 8 0
464 532 733 516 8 8 0
472 540 736 519 0 0 0
472 540 739 522 0 0 0
472 540 742 525 8 -8 0
480 532 745 528 0 -8 0
480 524 748 531 8 8 0
488 532 751 534 0 8 0
488 540 754 537 0 8 0
488 540 757 540 8 8 0
496 540 760 543 0 8 0
496 540 763 546 0 0 0
496 540 766 549 8 -8 0
504 532 769 552 0 8 0
504 540 772 555 8 8 0
512 540 775 558 0 0 0
512 540 778 561 0 0 0
512 540 781 564 8 0 0
520 540 778 567 0 -8 0
520 532 775 570 0 8 0
520 540 772 573 8 8 0
528 540 769 576 0 8 0
528 540 766 579 8 0 0
536 540 763 582 0 0 0
536 540 760 585 0 0 0
536 540 757 588 8 8 0
540 540 754 591 8 8 0
540 540 751 588 0 8 0
540 540 748 585 0 8 0
540 540 745 582 0 0 0
540 540 742 579 0 8 0
540 540 739 576 0 0 0
540 540 736 573 0 -8 0
540 532 733 570 0 0 0
540 532 730 567 0 8 0
540 540 727 564 0 0 0
540 540 724 561 0 -8 0
540 532 721 558 0 8 0
540 540 718 555 0 0 0
540 540 715 552 0 8 0
540 540 712 549 0 -8 0
540 532 709 546 0 8 0
540 540 706 543 0 0 0
540 540 703 540 0 0 0
540 540 700 537 0 -8 0
540 532 697 534 0 8 0
540 540 694 531 0 -8 0
540 532 691 528 0 0 0
540 532 688 525 0 -8 0
540 524 685 522 0 8 0
540 532 682 519 0 -8 0
540 524 679 516 0 8 0
540 532 676 513 0 -8 0
540 524 673 510 0 8 0
540 532 670 507 0 8 0
540 540 667 504 0 -8 0
540 532 664 501 0 0 0
540 532 661 498 0 0 0
540 532 658 495 0 8 0
540 540 655 492 0 0 0
540 540 652 489 -8 0 0
532 540 649 486 0 8 0
532 540 646 483 0 0 0
532 540 643 480 -8 0 0
524 540 640 477 0 -8 0
524 532 637 474 0 0 0
524 532 634 471 -8 0 0
516 532 631 468 0 -8 0
516 524 628 465 -8 0 0
508 524 625 462 0 -8 0
508 516 622 459 0 0 0
508 516 619 456 -8 0 0
500 516 616 453 0 -8 0
500 508 613 450 0 0 0
500 508 610 447 -8 0 0
492 508 607 444 0 8 0
492 516 604 441 -8 0 0
484 516 601 438 0 -8 0
484 508 598 435 0 -8 0
484 500 595 432 -8 8 0
476 508 592 429 0 0 0
476 508 589 426 0 -8 0
476 500 586 423 -8 0 0
468 500 583 420 0 -8 0
468 492 580 417 -8 0 0
460 492 577 414 0 8 0
460 500 574 411 0 -8 0
460 492 571 408 -8 0 0
452 492 568 405 0 0 0
452 492 565 402 0 -8 0
452 484 562 399 -8 8 0
444 492 559 396 0 0 0
444 492 556 393 -8 0 0
436 492 553 390 0 -8 0
436 484 550 387 0 8 0
436 492 547 384 -8 0 0
428 492 544 381 0 8 0
428 500 541 378 0 8 0
428 508 538 375 -8 8 0
420 516 535 372 0 0 0
420 516 532 369 -8 -8 0
412 508 529 366 0 0 0
412 508 526 363 0 8 0
412 516 523 360 -8 -8 0
404 508 520 357 0 0 0
404 508 517 354 0 8 0
404 516 514 351 -8 0 0
396 516 511 348 0 -8 0
396 508 508 345 -8 0 0
388 508 505 342 0 8 0
388 516 502 339 0 0 0
388 516 499 336 -8 8 0
380 524 496 333 0 -8 0
380 516 493 330 0 0 0
380 516 490 327 -8 0 0
372 516 487 324 0 -8 0
372 508 484 321 -8 -8 0
364 500 481 318 0 0 0
364 500 478 315 0 8 0
364 508 475 312 -8 -8 0
356 500 472 309 0 0 0
356 500 469 306 0 8 0
356 508 466 303 -8 0 0
348 508 463 300 0 -8 0
348 500 460 297 -8 -8 0
340 492 457 294 0 8 0
340 500 454 291 0 0 0
340 500 451 288 -8 8 0
332 508 448 285 0 8 0
332 516 445 282 0 -8 0
332 508 442 279 -8 8 0
324 516 439 276 0 -8 0
324 508 436 273 -8 8 0
316 516 433 270 0 -8 0
316 508 430 267 0 -8 0
316 500 427 264 -8 8 0
308 508 424 261 0 -8 0
308 500 421 258 0 -8 0
308 492 418 255 -8 0 0
300 492 415 252 0 0 0
300 492 412 249 -8 0 0
292 492 409 246 0 -8 0
292 484 406 243 0 8 0
292 492 403 240 -8 0 0
284 492 400 237 0 0 0
284 492 397 234 0 -8 0
284 484 394 231 -8 0 0
276 484 391 228 0 -8 0
276 476 388 225 -8 0 0
268 476 385 222 0 0 0
268 476 382 219 0 8 0
268 484 379 216 -8 -8 0
260 476 376 213 0 0 0
260 476 373 210 0 8 0
260 484 370 207 -8 8 0
252 492 367 204 0 8 0
252 500 364 201 -8 -8 0
244 492 361 198 0 8 0
244 500 358 195 0 -8 0
244 492 355 192 -8 0 0
236 492 352 189 0 -8 0
236 484 349 186 0 0 0
236 484 346 183 -8 0 0
228 484 343 180 0 0 0
228 484 340 177 -8 0 0
220 484 337 174 0 0 0
220 484 334 171 0 -8 0
220 476 331 168 -8 0 0
212 476 328 165 0 -8 0
212 468 325 162 0 -8 0
212 460 322 159 -8 8 0
204 468 319 156 0 0 0
204 468 316 153 -8 8 0
196 476 313 150 0 8 0
196 484 310 147 0 0 0
196 484 307 144 -8 -8 0
188 476 304 141 0 0 0
188 476 301 138 0 -8 0
188 468 298 135 -8 0 0
180 468 295 132 0 0 0
180 468 292 129 -8 0 0
172 468 289 126 0 -8 0
172 460 286 123 0 8 0
172 468 283 120 -8 8 0
164 476 280 117 0 0 0
164 476 277 114 0 -8 0
164 468 274 111 -8 8 0
156 476 271 108 0 -8 0
156 468 268 105 -8 0 0
148 468 265 102 0 -8 0
148 460 262 99 0 -8 0
148 452 259 96 -8 8 0
140 460 256 93 0 -8 0
140 452 253 90 0 8 0
140 460 250 87 -8 8 0
132 468 247 84 0 -8 0
132 460 244 81 -8 8 0
124 468 241 78 0 0 0
124 468 238 75 0 -8 0
124 460 235 72 -8 8 0
116 468 232 69 0 -8 0
116 460 229 66 0 8 0
116 468 226 63 -8 8 0
108 476 223 60 0 -8 0
108 468 220 57 -8 0 0
100 468 217 54 0 0 0
100 468 214 51 0 0 0
100 468 211 48 -8 -8 0
92 460 208 45 0 8 0
92 468 205 42 0 0 0
92 468 202 39 -8 -8 0
84 460 199 36 0 8 0
84 468 196 33 -8 0 0
76 468 193 30 0 8 0
76 476 190 27 0 0 0
76 476 187 24 -8 8 0
68 484 184 21 0 8 0
68 492 181 18 0 -8 0
68 484 178 15 -8 0 0
60 484 175 12 0 -8 0
60 476 172 9 -8 0 0
60 476 169 12 0 -8 0
60 468 166 15 0 8 0
60 476 163 18 0 0 0
60 476 160 21 0 0 0
60 476 157 24 0 -8 0
60 468 154 27 0 -8 0
60 460 151 30 0 8 0
60 468 148 33 0 -8 0
60 460 145 36 0 8 0
60 468 142 39 0 8 0
60 476 139 42 0 8 0
60 484 136 45 0 0 0
60 484 133 48 0 8 0
60 492 130 51 0 -8 0
60 484 127 54 0 8 0
60 492 124 57 0 -8 0
60 484 121 60 0 8 0
60 492 118 63 0 8 0
60 500 115 66 0 -8 0
60 492 112 69 0 0 0
60 492 109 72 0 0 0
60 492 106 75 0 8 0
60 500 103 78 0 8 0
60 508 100 81 0 8 0
60 516 97 84 0 -8 0
60 508 94 87 0 -8 0
60 500 91 90 0 -8 0
60 492 88 93 0 0 0
60 492 85 96 0 8 0
60 500 82 99 0 -8 0
60 492 79 102 0 8 0
60 500 76 105 0 -8 0
60 492 73 108 0 0 0
60 492 70 111 8 0 0
68 492 67 114 0 -8 0
68 484 64 117 0 -8 0
68 476 61 120 8 -8 0
76 468 58 123 0 0 0
76 468 55 126 0 0 0
76 468 52 129 8 0 0
84 468 49 132 0 0 0
84 468 46 135 8 8 0
92 476 43 138 0 0 0
92 476 40 141 0 8 0
92 484 37 144 8 -8 0
100 476 34 147 0 8 0
100 484 31 150 0 8 0
100 492 28 153 8 0 0
108 492 25 156 0 0 0
108 492 22 159 8 -8 0
116 484 19 162 0 8 0
116 492 22 165 0 8 0
116 500 25 168 8 -8 0
124 492 28 171 0 8 0
124 500 31 174 0 8 0
124 508 34 177 8 -8 0
132 500 37 180 0 8 0
132 508 40 183 8 8 0
140 516 43 186 0 8 0
140 524 46 189 0 -8 0
140 516 49 192 8 -8 0
148 508 52 195 0 8 0
148 516 55 198 0 -8 0
148 508 58 201 8 8 0
156 516 61 204 0 -8 0
156 508 64 207 8 0 0
164 508 67 210 0 8 0
164 516 70 213 0 -8 0
164 508 73 216 8 -8 0
172 500 76 219 0 -8 0
172 492 79 222 0 0 0
172 492 82 225 8 0 0
180 492 85 228 0 -8 0
180 484 88 231 8 8 0
188 492 91 234 0 -8 0
188 484 94 237 0 8 0
188 492 97 240 8 -8 0
196 484 100 243 0 8 0
196 492 103 246 0 8 0
196 500 106 249 8 0 0
204 500 109 252 0 -8 0
204 492 112 255 8 -8 0
212 484 115 258 0 -8 0
212 476 118 261 0 -8 0
212 468 121 264 8 0 0
220 468 124 267 0 8 0
220 476 127 270 0 8 0
220 484 130 273 8 8 0
228 492 133 276 0 8 0
228 500 136 279 8 8 0
236 508 139 282 0 8 0
236 516 142 285 0 -8 0
236 508 145 288 8 8 0
244 516 148 291 0 0 0
244 516 151 294 0 8 0
244 524 154 297 8 0 0
252 524 157 300 0 0 0
252 524 160 303 8 8 0
260 532 163 306 0 8 0
260 540 166 309 0 8 0
260 540 169 312 8 0 0
268 540 172 315 0 -8 0
268 532 175 318 0 8 0
268 540 178 321 8 -8 0
276 532 181 324 0 0 0
276 532 184 327 8 -8 0
284 524 187 330 0 0 0
284 524 190 333 0 8 0
284 532 193 336 8 8 0
292 540 196 339 0 -8 0
292 532 199 342 0 -8 0
292 524 202 345 8 -8 0
300 516 205 348 0 0 0
300 516 208 351 8 -8 0
308 508 211 354 0 0 0
308 508 214 357 0 -8 0
308 500 217 360 8 8 0
316 508 220 363 0 -8 0
316 500 223 366 0 0 0
316 500 226 369 8 -8 0
324 492 229 372 0 8 0
324 500 232 375 8 0 0
332 500 235 378 0 -8 0
332 492 238 381 0 -8 0
332 484 241 384 8 -8 0
340 476 244 387 0 -8 0
340 468 247 390 0 -8 0
340 460 250 393 8 -8 0
348 452 253 396 0 0 0
348 452 256 399 8 8 0
356 460 259 402 0 8 0
356 468 262 405 0 -8 0
356 460 265 408 8 8 0
364 468 268 411 0 -8 0
364 460 271 414 0 -8 0
364 452 274 417 8 0 0
372 452 277 420 0 -8 0
372 444 280 423 8 -8 0
380 436 283 426 0 0 0
380 436 286 429 0 0 0
380 436 289 432 8 0 0
388 436 292 435 0 0 0
388 436 295 438 0 -8 0
388 428 298 441 8 0 0
396 428 301 444 0 8 0
396 436 304 447 8 8 0
404 444 307 450 0 8 0
404 452 310 453 0 8 0
404 460 313 456 8 -8 0
412 452 316 459 0 -8 0
412 444 319 462 0 8 0
412 452 322 465 8 -8 0
420 444 325 468 0 8 0
420 452 328 471 8 0 0
428 452 331 474 0 0 0
428 452 334 477 0 8 0
428 460 337 480 8 8 0
436 468 340 483 0 0 0
436 468 343 486 0 0 0
436 468 346 489 8 -8 0
444 460 349 492 0 0 0
444 460 352 495 8 -8 0
452 452 355 498 0 -8 0
452 444 358 501 0 8 0
452 452 361 504 8 8 0
460 460 364 507 0 -8 0
460 452 367 510 0 0 0
460 452 370 513 8 0 0
468 452 373 516 0 8 0
468 460 376 519 8 0 0
476 460 379 522 0 8 0
476 468 382 525 0 0 0
476 468 385 528 8 0 0
484 468 388 531 0 0 0
484 468 391 534 0 0 0
484 468 394 537 8 -8 0
492 460 397 540 0 8 0
492 468 400 543 8 8 0
500 476 403 546 0 0 0
500 476 406 549 0 -8 0
500 468 409 552 8 -8 0
508 460 412 555 0 -8 0
508 452 415 558 0 0 0
508 452 418 561 8 -8 0
516 444 421 564 0 0 0
516 444 424 567 8 8 0
524 452 427 570 0 0 0
524 452 430 573 0 -8 0
524 444 433 576 8 0 0
532 444 436 579 0 -8 0
532 436 439 582 0 8 0
532 444 442 585 8 8 0
540 452 445 588 0 0 0
540 452 448 591 8 8 0
540 460 451 588 0 -8 0
540 452 454 585 0 -8 0
540 444 457 582 0 -8 0
540 436 460 579 0 8 0
540 444 463 576 0 -8 0
540 436 466 573 0 0 0
540 436 469 570 0 0 0
540 436 472 567 0 -8 0
540 428 475 564 0 0 0
540 428 478 561 0 -8 0
540 420 481 558 0 8 0
540 428 484 555 0 -8 0
540 420 487 552 0 8 0
540 428 490 549 0 0 0
540 428 493 546 0 0 0
540 428 496 543 0 0 0
540 428 499 540 0 8 0
540 436 502 537 0 -8 0
540 428 505 534 0 0 0
540 428 508 531 0 0 0
540 428 511 528 0 -8 0
540 420 514 525 0 8 0
540 428 517 522 0 0 0
540 428 520 519 0 -8 0
540 420 523 516 0 8 0
540 428 526 513 0 0 0
540 428 529 510 0 -8 0
540 420 532 507 0 8 0
540 428 535 504 0 -8 0
540 420 538 501 0 8 0
540 428 541 498 0 8 0
540 436 544 495 0 -8 0
540 428 547 492 0 8 0
540 436 550 489 -8 -8 0
532 428 553 486 0 0 0
532 428 556 483 0 -8 0
532 420 559 480 -8 8 0
524 428 562 477 0 0 0
524 428 565 474 0 8 0
524 436 568 471 -8 0 0
516 436 571 468 0 0 0
516 436 574 465 -8 -8 0
508 428 577 462 0 0 0
508 428 580 459 0 -8 0
508 420 583 456 -8 8 0
500 428 586 453 0 -8 0
500 420 589 450 0 -8 0
500 412 592 447 -8 -8 0
492 404 595 444 0 -8 0
492 396 598 441 -8 8 0
484 404 601 438 0 -8 0
484 396 604 435 0 0 0
484 396 607 432 -8 -8 0
476 388 610 429 0 0 0
476 388 613 426 0 0 0
476 388 616 423 -8 0 0
468 388 619 420 0 -8 0
468 380 622 417 -8 8 0
460 388 625 414 0 0 0
460 388 628 411 0 8 0
460 396 631 408 -8 0 0
452 396 634 405 0 -8 0
452 388 637 402 0 -8 0
452 380 640 399 -8 0 0
444 380 643 396 0 8 0
444 388 646 393 -8 -8 0
436 380 649 390 0 8 0
436 388 652 387 0 8 0
436 396 655 384 -8 0 0
428 396 658 381 0 0 0
428 396 661 378 0 0 0
428 396 664 375 -8 0 0
420 396 667 372 0 0 0
420 396 670 369 -8 0 0
412 396 673 366 0 0 0
412 396 676 363 0 8 0
412 404 679 360 -8 -8 0
404 396 682 357 0 8 0
404 404 685 354 0 8 0
404 412 688 351 -8 8 0
396 420 691 348 0 8 0
396 428 694 345 -8 -8 0
388 420 697 342 0 -8 0
388 412 700 339 0 -8 0
388 404 703 336 -8 0 0
380 404 706 333 0 -8 0
380 396 709 330 0 -8 0
380 388 712 327 -8 -8 0
372 380 715 324 0 -8 0
372 372 718 321 -8 8 0
364 380 721 318 0 8 0
364 388 724 315 0 0 0
364 388 727 312 -8 0 0
356 388 730 309 0 0 0
356 388 733 306 0 0 0
356 388 736 303 -8 0 0
348 388 739 300 0 -8 0
348 380 742 297 -8 0 0
340 380 745 294 0 -8 0
340 372 748 291 0 0 0
340 372 751 288 -8 8 0
332 380 754 285 0 0 0
332 380 757 282 0 8 0
332 388 760 279 -8 0 0
324 388 763 276 0 8 0
324 396 766 273 -8 8 0
316 404 769 270 0 0 0
316 404 772 267 0 0 0
316 404 775 264 -8 -8 0
308 396 778 261 0 0 0
308 396 781 258 0 0 1
308 396 781 258 0 0 1
308 396 781 258 0 0 1
308 396 781 258 0 0 1
308 396 781 258 0 0 1
