379 364 241 261 0 0 0
379 364 238 258 -8 0 0
371 364 235 255 -8 -8 0
363 356 232 252 -8 8 0
355 364 229 249 -8 -8 0
347 356 226 246 -8 8 0
339 364 223 243 -8 0 0
331 364 220 240 -8 8 0
323 372 217 237 -8 8 0
315 380 214 234 -8 -8 0
307 372 211 231 -8 0 0
299 372 208 228 -8 -8 0
291 364 205 225 -8 8 0
283 372 202 222 -8 8 0
275 380 199 219 -8 -8 0
267 372 196 216 -8 8 0
259 380 193 213 0 -8 0
259 372 190 210 0 -8 0
259 364 187 207 -8 8 0
251 372 184 204 0 8 0
251 380 181 201 0 8 0
251 388 178 198 -8 -8 0
243 380 175 195 0 -8 0
243 372 172 192 -8 8 0
235 380 169 189 0 -8 0
235 372 166 186 0 0 0
235 372 163 183 -8 -8 0
227 364 160 180 0 0 0
227 364 157 177 0 8 0
227 372 154 174 -8 0 0
219 372 151 171 0 0 0
219 372 148 168 -8 -8 0
211 364 145 165 0 -8 0
211 356 142 162 0 8 0
211 364 139 159 -8 -8 0
203 356 136 156 0 8 0
203 364 133 153 0 -8 0
203 356 130 150 -8 0 0
195 356 127 147 0 -8 0
195 348 124 144 -8 -8 0
187 340 121 141 0 8 0
187 348 118 138 0 0 0
187 348 115 135 -8 -8 0
179 340 112 132 0 -8 0
179 332 109 129 0 -8 0
179 324 106 126 -8 0 0
171 324 103 123 0 0 0
171 324 100 120 -8 8 0
163 332 97 117 0 -8 0
163 324 94 114 0 -8 0
163 316 91 111 -8 8 0
155 324 88 108 0 8 0
155 332 85 105 0 8 0
155 340 82 102 -8 8 0
147 348 79 99 0 8 0
147 356 76 96 -8 8 0
139 364 73 93 0 0 0
139 364 70 90 0 8 0
139 372 67 87 -8 8 0
131 380 64 84 0 0 0
131 380 61 81 0 0 0
131 380 58 78 -8 -8 0
123 372 55 75 0 -8 0
123 364 52 72 -8 -8 0
115 356 49 69 0 -8 0
115 348 46 66 0 8 0
115 356 43 63 -8 -8 0
107 348 40 60 0 8 0
107 356 37 57 0 8 0
107 364 34 54 -8 8 0
99 372 31 51 0 0 0
99 372 28 48 -8 8 0
91 380 25 45 0 0 0
91 380 22 42 0 0 0
91 380 19 39 0 0 1
91 380 19 39 0 0 1
91 380 19 39 0 0 1
91 380 19 39 0 0 1
91 380 19 39 0 0 1
