365 340 517 405 0 0 0
365 340 520 408 0 -8 0
365 332 523 411 0 -8 0
365 324 526 414 0 8 0
365 332 529 417 8 8 0
373 340 532 420 0 8 0
373 348 535 423 0 -8 0
373 340 538 426 8 0 0
381 340 541 429 0 0 0
381 340 544 432 8 0 0
389 340 547 435 0 8 0
389 348 550 438 0 -8 0
389 340 553 441 8 8 0
397 348 556 444 0 0 0
397 348 559 447 0 0 0
397 348 562 450 8 0 0
405 348 565 453 0 0 0
405 348 568 456 8 0 0
413 348 571 459 0 8 0
413 356 574 462 0 8 0
413 364 577 465 8 8 0
421 372 580 468 0 0 0
421 372 583 471 0 8 0
421 380 586 474 8 0 0
429 380 589 477 0 8 0
429 388 592 480 8 -8 0
437 380 595 483 0 8 0
437 388 598 486 0 8 0
437 396 601 489 8 0 0
445 396 604 492 0 8 0
445 404 607 495 0 0 0
445 404 610 498 8 8 0
453 412 613 501 0 8 0
453 420 616 504 8 8 0
461 428 619 507 0 -8 0
461 420 622 510 0 8 0
461 428 625 513 8 8 0
469 436 628 516 0 8 0
469 444 631 519 0 0 0
469 444 634 522 8 0 0
477 444 637 525 0 0 0
477 444 640 528 8 0 0
485 444 643 531 0 -8 0
485 436 646 534 0 0 0
485 436 649 537 8 8 0
493 444 652 540 0 0 0
493 444 655 543 0 8 0
493 452 658 546 8 0 0
501 452 661 549 0 8 0
501 460 664 552 8 -8 0
509 452 667 555 0 -8 0
509 444 670 558 0 -8 0
509 436 673 561 8 8 0
517 444 676 564 0 -8 0
517 436 679 567 0 8 0
517 444 682 570 8 -8 0
525 436 685 573 0 -8 0
525 428 688 576 8 8 0
533 436 691 579 0 8 0
533 444 694 582 0 -8 0
533 436 697 585 8 -8 0
540 428 700 588 0 -8 0
540 420 703 591 8 8 0
540 428 706 588 0 0 0
540 428 709 585 0 -8 0
540 420 712 582 0 -8 0
540 412 715 579 0 8 0
540 420 718 576 0 0 0
540 420 721 573 0 -8 0
540 412 724 570 0 8 0
540 420 727 567 0 0 0
540 420 730 564 0 -8 0
540 412 733 561 0 0 0
540 412 736 558 0 0 0
540 412 739 555 0 8 0
540 420 742 552 0 0 0
540 420 745 549 0 8 0
540 428 748 546 0 8 0
540 436 751 543 0 -8 0
540 428 754 540 0 -8 0
540 420 757 537 0 -8 0
540 412 760 534 0 8 0
540 420 763 531 0 0 0
540 420 766 528 0 0 0
540 420 769 525 0 8 0
540 428 772 522 0 -8 0
540 420 775 519 0 8 0
540 428 778 516 0 0 0
540 428 781 513 0 0 1
540 428 781 513 0 0 1
540 428 781 513 0 0 1
540 428 781 513 0 0 1
540 428 781 513 0 0 1
