441 321 436 267 0 0 0
441 321 433 270 -8 8 0
433 329 430 273 -8 8 0
425 337 427 276 -8 8 0
417 345 424 279 -8 0 0
409 345 421 282 -8 -8 0
401 337 418 285 -8 8 0
393 345 415 288 -8 -8 0
385 337 412 291 -8 8 0
377 345 409 294 -8 0 0
369 345 406 297 -8 0 0
361 345 403 300 -8 0 0
353 345 400 303 0 8 0
353 353 397 306 0 -8 0
353 345 394 309 0 -8 0
353 337 391 312 0 0 0
353 337 388 315 0 8 0
353 345 385 318 0 8 0
353 353 382 321 0 8 0
353 361 379 324 0 0 0
353 361 376 327 0 8 0
353 369 373 330 0 0 0
353 369 370 333 0 0 0
353 369 367 336 0 0 0
353 369 364 339 0 -8 0
353 361 361 342 0 -8 0
353 353 358 345 0 0 0
353 353 355 348 0 8 0
353 361 352 351 0 8 0
353 369 349 354 0 -8 0
353 361 346 357 0 0 0
353 361 343 360 0 8 0
353 369 340 363 0 8 0
353 377 337 366 0 0 0
353 377 334 369 0 0 0
353 377 331 372 0 -8 0
353 369 328 375 0 8 0
353 377 325 378 0 8 0
353 385 322 381 0 0 0
353 385 319 384 0 0 0
353 385 316 387 0 0 0
353 385 313 390 0 0 0
353 385 310 393 0 -8 0
353 377 307 396 0 8 0
353 385 304 399 0 -8 0
353 377 301 402 0 0 0
353 377 298 405 8 0 0
361 377 295 408 0 0 0
361 377 292 411 0 0 0
361 377 289 414 8 -8 0
369 369 286 417 0 -8 0
369 361 283 420 8 -8 0
377 353 280 423 0 0 0
377 353 277 426 0 0 0
377 353 274 429 8 8 0
385 361 271 432 0 0 0
385 361 268 435 0 0 0
385 361 265 438 8 -8 0
393 353 262 441 0 8 0
393 361 259 444 8 0 0
401 361 256 447 0 0 0
401 361 253 450 0 8 0
401 369 250 453 8 8 0
409 377 247 456 0 -8 0
409 369 244 459 0 8 0
409 377 241 462 8 0 0
417 377 238 465 0 8 0
417 385 235 468 8 8 0
425 393 232 471 0 0 0
425 393 229 474 0 8 0
425 401 226 477 8 0 0
433 401 223 480 0 -8 0
433 393 220 483 0 0 0
433 393 217 486 8 -8 0
441 385 214 489 0 -8 0
441 377 211 492 8 0 0
449 377 208 495 0 -8 0
449 369 205 498 0 -8 0
449 361 202 501 8 0 0
457 361 199 504 0 8 0
457 369 196 507 0 8 0
457 377 193 510 8 0 0
465 377 190 513 0 8 0
465 385 187 516 8 0 0
473 385 184 519 0 -8 0
473 377 181 522 0 -8 0
473 369 178 525 8 -8 0
481 361 175 528 0 8 0
481 369 172 531 0 -8 0
481 361 169 534 8 -8 0
489 353 166 537 0 0 0
489 353 163 540 8 0 0
497 353 160 543 0 0 0
497 353 157 546 0 8 0
497 361 154 549 8 0 0
505 361 151 552 0 0 0
505 361 148 555 0 -8 0
505 353 145 558 8 -8 0
513 345 142 561 0 8 0
513 353 139 564 8 0 0
521 353 136 567 0 0 0
521 353 133 570 0 0 0
521 353 130 573 8 0 0
529 353 127 576 0 -8 0
529 345 124 579 0 8 0
529 353 121 582 8 -8 0
537 345 118 585 0 0 0
537 345 115 588 8 8 0
540 353 112 591 8 8 0
540 361 109 588 0 8 0
540 369 106 585 0 -8 0
540 361 103 582 0 0 0
540 361 100 579 0 -8 0
540 353 97 576 0 0 0
540 353 94 573 0 8 0
540 361 91 570 0 8 0
540 369 88 567 0 8 0
540 377 85 564 0 8 0
540 385 82 561 0 8 0
540 393 79 558 0 0 0
540 393 76 555 0 8 0
540 401 73 552 0 -8 0
540 393 70 549 0 -8 0
540 385 67 546 0 8 0
540 393 64 543 0 8 0
540 401 61 540 0 0 0
540 401 58 537 0 8 0
540 409 55 534 0 0 0
540 409 52 531 0 8 0
540 417 49 528 0 0 0
540 417 46 525 0 8 0
540 425 43 522 0 8 0
540 433 40 519 0 8 0
540 441 37 516 0 8 0
540 449 34 513 0 0 0
540 449 31 510 0 -8 0
540 441 28 507 0 0 0
540 441 25 504 0 0 0
540 441 22 501 0 0 0
540 441 19 498 0 -8 0
540 433 22 495 0 -8 0
540 425 25 492 0 0 0
540 425 28 489 -8 0 0
532 425 31 486 0 8 0
532 433 34 483 0 -8 0
532 425 37 480 -8 8 0
524 433 40 477 0 8 0
524 441 43 474 0 8 0
524 449 46 471 -8 8 0
516 457 49 468 0 0 0
516 457 52 465 -8 8 0
508 465 55 462 0 -8 0
508 457 58 459 0 0 0
508 457 61 456 -8 0 0
500 457 64 453 0 0 0
500 457 67 450 0 8 0
500 465 70 447 -8 0 0
492 465 73 444 0 0 0
492 465 76 441 -8 0 0
484 465 79 438 0 -8 0
484 457 82 435 0 8 0
484 465 85 432 -8 0 0
476 465 88 429 0 8 0
476 473 91 426 0 0 0
476 473 94 423 -8 8 0
468 481 97 420 0 0 0
468 481 100 417 -8 8 0
460 489 103 414 0 -8 0
460 481 106 411 0 0 0
460 481 109 408 -8 0 0
452 481 112 405 0 -8 0
452 473 115 402 0 0 0
452 473 118 399 -8 8 0
444 481 121 396 0 0 0
444 481 124 393 -8 -8 0
436 473 127 390 0 -8 0
436 465 130 387 0 -8 0
436 457 133 384 -8 0 0
428 457 136 381 0 -8 0
428 449 139 378 0 0 0
428 449 142 375 -8 8 0
420 457 145 372 0 0 0
420 457 148 369 -8 8 0
412 465 151 366 0 -8 0
412 457 154 363 0 8 0
412 465 157 360 -8 0 0
404 465 160 357 0 8 0
404 473 163 354 0 8 0
404 481 166 351 -8 0 0
396 481 169 348 0 0 0
396 481 172 345 -8 -8 0
388 473 175 342 0 -8 0
388 465 178 339 0 0 0
388 465 181 336 -8 8 0
380 473 184 333 0 8 0
380 481 187 330 0 0 0
380 481 190 327 -8 8 0
372 489 193 324 0 -8 0
372 481 196 321 -8 -8 0
364 473 199 318 0 0 0
364 473 202 315 0 -8 0
364 465 205 312 -8 0 0
356 465 208 309 0 -8 0
356 457 211 306 0 8 0
356 465 214 303 -8 8 0
348 473 217 300 0 8 0
348 481 220 297 -8 8 0
340 489 223 294 0 8 0
340 497 226 291 0 8 0
340 505 229 288 -8 0 0
332 505 232 285 0 -8 0
332 497 235 282 0 8 0
332 505 238 279 -8 0 0
324 505 241 276 0 -8 0
324 497 244 273 -8 8 0
316 505 247 270 0 8 0
316 513 250 267 0 -8 0
316 505 253 264 -8 8 0
308 513 256 261 0 0 0
308 513 259 258 0 -8 0
308 505 262 255 -8 8 0
300 513 265 252 0 0 0
300 513 268 249 -8 8 0
292 521 271 246 0 0 0
292 521 274 243 0 0 0
292 521 277 240 -8 8 0
284 529 280 237 0 8 0
284 537 283 234 0 0 0
284 537 286 231 -8 8 0
276 540 289 228 0 0 0
276 540 292 225 -8 8 0
268 540 295 222 0 0 0
268 540 298 219 0 8 0
268 540 301 216 -8 8 0
260 540 304 213 0 8 0
260 540 307 210 0 8 0
260 540 310 207 -8 0 0
252 540 313 204 0 8 0
252 540 316 201 -8 8 0
244 540 319 198 0 0 0
244 540 322 195 0 -8 0
244 532 325 192 -8 -8 0
236 524 328 189 0 8 0
236 532 331 186 0 -8 0
236 524 334 183 -8 -8 0
228 516 337 180 0 0 0
228 516 340 177 -8 -8 0
220 508 343 174 0 8 0
220 516 346 171 0 8 0
220 524 349 168 -8 -8 0
212 516 352 165 0 0 0
212 516 355 162 0 8 0
212 524 358 159 -8 8 0
204 532 361 156 0 -8 0
204 524 364 153 -8 8 0
196 532 367 150 0 0 0
196 532 370 147 0 8 0
196 540 373 144 -8 0 0
188 540 376 141 0 0 0
188 540 379 138 0 -8 0
188 532 382 135 -8 0 0
180 532 385 132 0 8 0
180 540 388 129 -8 8 0
172 540 391 126 0 -8 0
172 532 394 123 0 -8 0
172 524 397 120 -8 8 0
164 532 400 117 0 8 0
164 540 403 114 0 -8 0
164 532 406 111 -8 0 0
156 532 409 108 0 8 0
156 540 412 105 -8 -8 0
148 532 415 102 0 8 0
148 540 418 99 0 8 0
148 540 421 96 -8 -8 0
140 532 424 93 0 8 0
140 540 427 90 0 0 0
140 540 430 87 -8 8 0
132 540 433 84 0 0 0
132 540 436 81 -8 -8 0
124 532 439 78 0 -8 0
124 524 442 75 0 0 0
124 524 445 72 -8 -8 0
116 516 448 69 0 0 0
116 516 451 66 0 -8 0
116 508 454 63 -8 -8 0
108 500 457 60 0 8 0
108 508 460 57 -8 0 0
100 508 463 54 0 0 0
100 508 466 51 0 0 0
100 508 469 48 -8 8 0
92 516 472 45 0 0 0
92 516 475 42 0 -8 0
92 508 478 39 -8 0 0
84 508 481 36 0 -8 0
84 500 484 33 -8 8 0
76 508 487 30 0 8 0
76 516 490 27 0 -8 0
76 508 493 24 -8 8 0
68 516 496 21 0 0 0
68 516 499 18 0 0 0
68 516 502 15 -8 -8 0
60 508 505 12 0 0 0
60 508 508 9 -8 -8 0
60 500 511 12 0 -8 0
60 492 514 15 0 8 0
60 500 517 18 0 0 0
60 500 520 21 0 -8 0
60 492 523 24 0 -8 0
60 484 526 27 0 8 0
60 492 529 30 0 0 0
60 492 532 33 0 8 0
60 500 535 36 0 8 0
60 508 538 39 0 -8 0
60 500 541 42 0 8 0
60 508 544 45 0 -8 0
60 500 547 48 0 -8 0
60 492 550 51 0 0 0
60 492 553 54 0 8 0
60 500 556 57 0 -8 0
60 492 559 60 0 0 0
60 492 562 63 0 0 0
60 492 565 66 0 0 0
60 492 568 69 0 0 0
60 492 571 72 0 8 0
60 500 574 75 0 0 0
60 500 577 78 0 8 0
60 508 580 81 0 -8 0
60 500 583 84 0 8 0
60 508 586 87 0 0 0
60 508 589 90 0 8 0
60 516 592 93 0 0 0
60 516 595 96 0 0 0
60 516 598 99 0 0 0
60 516 601 102 0 -8 0
60 508 604 105 0 8 0
60 516 607 108 0 -8 0
60 508 610 111 8 0 0
68 508 613 114 0 8 0
68 516 616 117 0 0 0
68 516 619 120 8 -8 0
76 508 622 123 0 8 0
76 516 625 126 0 8 0
76 524 628 129 8 0 0
84 524 631 132 0 8 0
84 532 634 135 8 0 0
92 532 637 138 0 0 0
92 532 640 141 0 -8 0
92 524 643 144 8 -8 0
100 516 646 147 0 8 0
100 524 649 150 0 -8 0
100 516 652 153 8 0 0
108 516 655 156 0 8 0
108 524 658 159 8 0 0
116 524 661 162 0 8 0
116 532 664 165 0 -8 0
116 524 667 168 8 -8 0
124 516 670 171 0 0 0
124 516 673 174 0 0 0
124 516 676 177 8 8 0
132 524 679 180 0 -8 0
132 516 682 183 8 -8 0
140 508 685 186 0 8 0
140 516 688 189 0 -8 0
140 508 691 192 8 0 0
148 508 694 195 0 8 0
148 516 697 198 0 8 0
148 524 700 201 8 0 0
156 524 703 204 0 -8 0
156 516 706 207 8 0 0
164 516 709 210 0 -8 0
164 508 712 213 0 -8 0
164 500 715 216 8 -8 0
172 492 718 219 0 0 0
172 492 721 222 0 0 0
172 492 724 225 8 -8 0
180 484 727 228 0 8 0
180 492 730 231 8 0 0
188 492 733 234 0 8 0
188 500 736 237 0 8 0
188 508 739 240 8 8 0
196 516 742 243 0 8 0
196 524 745 246 0 8 0
196 532 748 249 8 0 0
204 532 751 252 0 0 0
204 532 754 255 8 8 0
212 540 757 258 0 0 0
212 540 760 261 0 8 0
212 540 763 264 8 0 0
220 540 766 267 0 -8 0
220 532 769 270 0 8 0
220 540 772 273 8 8 0
228 540 775 276 0 8 0
228 540 778 279 8 -8 0
236 532 781 282 0 0 1
236 532 781 282 0 0 1
236 532 781 282 0 0 1
236 532 781 282 0 0 1
236 532 781 282 0 0 1
