275 261 544 108 0 0 0
275 261 547 111 -8 0 0
267 261 550 114 -8 8 0
259 269 553 117 -8 0 0
251 269 556 120 -8 -8 0
243 261 559 123 -8 0 0
235 261 562 126 -8 8 0
227 269 565 129 -8 -8 0
219 261 568 132 -8 8 0
211 269 571 135 -8 -8 0
203 261 574 138 -8 -8 0
195 253 577 141 -8 8 0
187 261 580 144 0 8 0
187 269 583 147 0 -8 0
187 261 586 150 0 0 0
187 261 589 153 0 8 0
187 269 592 156 0 -8 0
187 261 595 159 0 -8 0
187 253 598 162 0 -8 0
187 245 601 165 0 0 0
187 245 604 168 0 -8 0
187 237 607 171 0 8 0
187 245 610 174 0 -8 0
187 237 613 177 0 -8 0
187 229 616 180 0 8 0
187 237 619 183 0 0 0
187 237 622 186 0 0 0
187 237 625 189 0 0 0
187 237 628 192 0 0 0
187 237 631 195 0 -8 0
187 229 634 198 0 0 0
187 229 637 201 0 8 0
187 237 640 204 0 -8 0
187 229 643 207 0 0 0
187 229 646 210 0 -8 0
187 221 649 213 0 0 0
187 221 652 216 0 -8 0
187 213 655 219 0 8 0
187 221 658 222 0 8 0
187 229 661 225 0 -8 0
187 221 664 228 0 0 0
187 221 667 231 0 -8 0
187 213 670 234 0 0 0
187 213 673 237 0 0 0
187 213 676 240 8 8 0
195 221 679 243 0 8 0
195 229 682 246 8 8 0
203 237 685 249 0 8 0
203 245 688 252 0 0 0
203 245 691 255 8 -8 0
211 237 694 258 0 0 0
211 237 697 261 0 8 0
211 245 700 264 8 8 0
219 253 703 267 0 -8 0
219 245 706 270 8 8 0
227 253 709 273 0 -8 0
227 245 712 276 0 8 0
227 253 715 279 8 -8 0
235 245 718 282 0 0 0
235 245 721 285 0 8 0
235 253 724 288 8 0 0
243 253 727 291 0 8 0
243 261 730 294 8 -8 0
251 253 733 297 0 8 0
251 261 736 300 0 8 0
251 269 739 303 8 0 0
259 269 742 306 0 -8 0
259 261 745 309 0 -8 0
259 253 748 312 8 8 0
267 261 751 315 0 -8 0
267 253 754 318 8 0 0
275 253 757 321 0 -8 0
275 245 760 324 0 8 0
275 253 763 327 8 8 0
283 261 766 330 0 -8 0
283 253 769 333 0 8 0
283 261 772 336 8 -8 0
291 253 775 339 0 0 0
291 253 778 342 8 -8 0
299 245 781 345 0 0 1
299 245 781 345 0 0 1
299 245 781 345 0 0 1
299 245 781 345 0 0 1
299 245 781 345 0 0 1
