359 190 538 189 0 0 0
359 190 541 186 -8 8 0
351 198 544 183 -8 0 0
343 198 547 180 -8 8 0
335 206 550 177 -8 0 0
327 206 553 174 -8 8 0
319 214 556 171 -8 -8 0
311 206 559 168 -8 -8 0
303 198 562 165 -8 0 0
295 198 565 162 -8 0 0
287 198 568 159 -8 8 0
279 206 571 156 -8 0 0
271 206 574 153 -8 -8 0
263 198 577 150 -8 0 0
255 198 580 147 -8 0 0
247 198 583 144 -8 8 0
239 206 586 141 -8 8 0
231 214 589 138 -8 -8 0
223 206 592 135 -8 0 0
215 206 595 132 -8 -8 0
207 198 598 129 -8 8 0
199 206 601 126 -8 8 0
191 214 604 123 -8 0 0
183 214 607 120 -8 -8 0
175 206 610 117 -8 0 0
167 206 613 114 -8 8 0
159 214 616 111 0 0 0
159 214 619 108 -8 0 0
151 214 622 105 0 -8 0
151 206 625 102 0 8 0
151 214 628 99 -8 0 0
143 214 631 96 0 8 0
143 222 634 93 0 -8 0
143 214 637 90 -8 0 0
135 214 640 87 0 -8 0
135 206 643 84 -8 -8 0
127 198 646 81 0 0 0
127 198 649 78 0 -8 0
127 190 652 75 -8 8 0
119 198 655 72 0 0 0
119 198 658 69 0 -8 0
119 190 661 66 -8 8 0
111 198 664 63 0 0 0
111 198 667 60 -8 -8 0
103 190 670 57 0 -8 0
103 182 673 54 0 0 0
103 182 676 51 -8 8 0
95 190 679 48 0 0 0
95 190 682 45 0 -8 0
95 182 685 42 -8 0 0
87 182 688 39 0 0 0
87 182 691 36 -8 -8 0
79 174 694 33 0 8 0
79 182 697 30 0 -8 0
79 174 700 27 -8 8 0
71 182 703 24 0 -8 0
71 174 706 21 0 0 0
71 174 709 18 -8 -8 0
63 166 712 15 0 0 0
63 166 715 12 -8 0 0
60 166 718 9 -8 8 0
60 174 721 12 0 8 0
60 182 724 15 0 0 0
60 182 727 18 0 0 0
60 182 730 21 0 8 0
60 190 733 24 0 8 0
60 198 736 27 0 8 0
60 206 739 30 0 0 0
60 206 742 33 0 0 0
60 206 745 36 0 0 0
60 206 748 39 0 0 0
60 206 751 42 0 -8 0
60 198 754 45 0 0 0
60 198 757 48 0 -8 0
60 190 760 51 0 0 0
60 190 763 54 0 -8 0
60 182 766 57 0 8 0
60 190 769 60 0 -8 0
60 182 772 63 0 0 0
60 182 775 66 0 0 0
60 182 778 69 0 0 0
60 182 781 72 0 0 1
60 182 781 72 0 0 1
60 182 781 72 0 0 1
60 182 781 72 0 0 1
60 182 781 72 0 0 1
