489 88 196 324 0 0 0
489 88 193 321 -8 8 0
481 96 190 318 -8 0 0
473 96 187 315 -8 8 0
465 104 184 312 -8 0 0
457 104 181 309 -8 0 0
449 104 178 306 -8 0 0
441 104 175 303 -8 0 0
433 104 172 300 -8 -8 0
425 96 169 297 -8 0 0
417 96 166 294 -8 -8 0
409 88 163 291 -8 -8 0
401 80 160 288 -8 8 0
393 88 157 285 -8 0 0
385 88 154 282 -8 0 0
377 88 151 279 -8 -8 0
369 80 148 276 -8 8 0
361 88 145 273 -8 8 0
353 96 142 270 -8 0 0
345 96 139 267 -8 8 0
337 104 136 264 -8 -8 0
329 96 133 261 -8 8 0
321 104 130 258 -8 8 0
313 112 127 255 -8 -8 0
305 104 124 252 -8 0 0
297 104 121 249 0 0 0
297 104 118 246 -8 8 0
289 112 115 243 0 8 0
289 120 112 240 0 8 0
289 128 109 237 -8 8 0
281 136 106 234 0 -8 0
281 128 103 231 0 0 0
281 128 100 228 -8 8 0
273 136 97 225 0 0 0
273 136 94 222 -8 0 0
265 136 91 219 0 0 0
265 136 88 216 0 0 0
265 136 85 213 -8 -8 0
257 128 82 210 0 8 0
257 136 79 207 0 0 0
257 136 76 204 -8 0 0
249 136 73 201 0 8 0
249 144 70 198 -8 -8 0
241 136 67 195 0 0 0
241 136 64 192 0 0 0
241 136 61 189 -8 -8 0
233 128 58 186 0 -8 0
233 120 55 183 0 8 0
233 128 52 180 -8 8 0
225 136 49 177 0 8 0
225 144 46 174 -8 0 0
217 144 43 171 0 8 0
217 152 40 168 0 0 0
217 152 37 165 -8 8 0
209 160 34 162 0 -8 0
209 152 31 159 0 0 0
209 152 28 156 -8 0 0
201 152 25 153 0 0 0
201 152 22 150 -8 -8 0
193 144 19 147 0 0 0
193 144 22 144 0 8 0
193 152 25 141 -8 8 0
185 160 28 138 0 -8 0
185 152 31 135 0 -8 0
185 144 34 132 -8 -8 0
177 136 37 129 0 0 0
177 136 40 126 -8 0 0
169 136 43 123 0 0 0
169 136 46 120 0 0 0
169 136 49 117 -8 8 0
161 144 52 114 0 8 0
161 152 55 111 0 0 0
161 152 58 108 -8 0 0
153 152 61 105 0 0 0
153 152 64 102 -8 8 0
145 160 67 99 0 0 0
145 160 70 96 0 0 0
145 160 73 93 -8 0 0
137 160 76 90 0 8 0
137 168 79 87 0 0 0
137 168 82 84 -8 0 0
129 168 85 81 0 -8 0
129 160 88 78 -8 8 0
121 168 91 75 0 0 0
121 168 94 72 0 0 0
121 168 97 69 -8 0 0
113 168 100 66 0 -8 0
113 160 103 63 0 -8 0
113 152 106 60 -8 8 0
105 160 109 57 0 0 0
105 160 112 54 -8 -8 0
97 152 115 51 0 0 0
97 152 118 48 0 -8 0
97 144 121 45 -8 0 0
89 144 124 42 0 0 0
89 144 127 39 0 -8 0
89 136 130 36 -8 8 0
81 144 133 33 0 0 0
81 144 136 30 -8 -8 0
73 136 139 27 0 -8 0
73 128 142 24 0 0 0
73 128 145 21 -8 0 0
65 128 148 18 0 -8 0
65 120 151 15 0 0 0
65 120 154 12 -8 0 0
60 120 157 9 -8 -8 0
60 112 160 12 0 0 0
60 112 163 15 0 0 0
60 112 166 18 0 8 0
60 120 169 21 0 -8 0
60 112 172 24 0 -8 0
60 104 175 27 0 8 0
60 112 178 30 0 8 0
60 120 181 33 0 0 0
60 120 184 36 0 0 0
60 120 187 39 0 0 0
60 120 190 42 0 -8 0
60 112 193 45 0 0 0
60 112 196 48 0 8 0
60 120 199 51 0 8 0
60 128 202 54 0 8 0
60 136 205 57 0 -8 0
60 128 208 60 0 -8 0
60 120 211 63 0 -8 0
60 112 214 66 0 0 0
60 112 217 69 0 0 0
60 112 220 72 0 0 0
60 112 223 75 0 0 0
60 112 226 78 0 8 0
60 120 229 81 0 0 0
60 120 232 84 0 -8 0
60 112 235 87 0 8 0
60 120 238 90 0 -8 0
60 112 241 93 0 8 0
60 120 244 96 0 8 0
60 128 247 99 0 0 0
60 128 250 102 0 8 0
60 136 253 105 0 8 0
60 144 256 108 0 0 0
60 144 259 111 8 0 0
68 144 262 114 0 -8 0
68 136 265 117 0 8 0
68 144 268 120 8 0 0
76 144 271 123 0 -8 0
76 136 274 126 0 0 0
76 136 277 129 8 0 0
84 136 280 132 0 -8 0
84 128 283 135 8 0 0
92 128 286 138 0 -8 0
92 120 289 141 0 8 0
92 128 292 144 8 0 0
100 128 295 147 0 -8 0
100 120 298 150 0 -8 0
100 112 301 153 8 0 0
108 112 304 156 0 0 0
108 112 307 159 8 -8 0
116 104 310 162 0 -8 0
116 96 313 165 0 0 0
116 96 316 168 8 0 0
124 96 319 171 0 -8 0
124 88 322 174 0 8 0
124 96 325 177 8 -8 0
132 88 328 180 0 -8 0
132 80 331 183 8 -8 0
140 72 334 186 0 -8 0
140 64 337 189 0 0 0
140 64 340 192 8 8 0
148 72 343 195 0 0 0
148 72 346 198 0 0 0
148 72 349 201 8 0 0
156 72 352 204 0 0 0
156 72 355 207 8 8 0
164 80 358 210 0 0 0
164 80 361 213 0 0 0
164 80 364 216 8 8 0
172 88 367 219 0 8 0
172 96 370 222 0 -8 0
172 88 373 225 8 0 0
180 88 376 228 0 8 0
180 96 379 231 8 -8 0
188 88 382 234 0 8 0
188 96 385 237 0 8 0
188 104 388 240 8 8 0
196 112 391 243 0 -8 0
196 104 394 246 0 -8 0
196 96 397 249 8 0 0
204 96 400 252 0 -8 0
204 88 403 255 8 0 0
212 88 406 258 0 0 0
212 88 409 261 0 -8 0
212 80 412 264 8 0 0
220 80 415 267 0 8 0
220 88 418 270 0 8 0
220 96 421 273 8 0 0
228 96 424 276 0 8 0
228 104 427 279 8 -8 0
236 96 430 282 0 -8 0
236 88 433 285 0 -8 0
236 80 436 288 8 0 0
244 80 439 291 0 8 0
244 88 442 294 0 -8 0
244 80 445 297 8 0 0
252 80 448 300 0 -8 0
252 72 451 303 8 0 0
260 72 454 306 0 0 0
260 72 457 309 0 0 0
260 72 460 312 8 0 0
268 72 463 315 0 0 0
268 72 466 318 0 8 0
268 80 469 321 8 8 0
276 88 472 324 0 0 0
276 88 475 327 8 8 0
284 96 478 330 0 -8 0
284 88 481 333 0 -8 0
284 80 484 336 8 -8 0
292 72 487 339 0 -8 0
292 64 490 342 0 0 0
292 64 493 345 8 -8 0
300 60 496 348 0 -8 0
300 60 499 351 8 -8 0
308 60 502 354 0 0 0
308 60 505 357 0 -8 0
308 60 508 360 8 -8 0
316 60 511 363 0 -8 0
316 60 514 366 0 0 0
316 60 517 369 8 8 0
324 68 520 372 0 0 0
324 68 523 375 8 8 0
332 76 526 378 0 0 0
332 76 529 381 0 -8 0
332 68 532 384 8 0 0
340 68 535 387 0 -8 0
340 60 538 390 0 0 0
340 60 541 393 8 -8 0
348 60 544 396 0 8 0
348 68 547 399 8 -8 0
356 60 550 402 0 0 0
356 60 553 405 0 8 0
356 68 556 408 8 8 0
364 76 559 411 0 -8 0
364 68 562 414 0 -8 0
364 60 565 417 8 -8 0
372 60 568 420 0 8 0
372 68 571 423 8 -8 0
380 60 574 426 0 8 0
380 68 577 429 0 8 0
380 76 580 432 8 8 0
388 84 583 435 0 8 0
388 92 586 438 0 -8 0
388 84 589 441 8 0 0
396 84 592 444 0 0 0
396 84 595 447 8 -8 0
404 76 598 450 0 -8 0
404 68 601 453 0 -8 0
404 60 604 456 8 0 0
412 60 607 459 0 0 0
412 60 610 462 0 -8 0
412 60 613 465 8 8 0
420 68 616 468 0 8 0
420 76 619 471 8 0 0
428 76 622 474 0 8 0
428 84 625 477 0 0 0
428 84 628 480 8 -8 0
436 76 631 483 0 8 0
436 84 634 486 0 8 0
436 92 637 489 8 8 0
444 100 640 492 0 0 0
444 100 643 495 8 8 0
452 108 646 498 0 -8 0
452 100 649 501 0 -8 0
452 92 652 504 8 0 0
460 92 655 507 0 0 0
460 92 658 510 0 0 0
460 92 661 513 8 8 0
468 100 664 516 0 8 0
468 108 667 519 8 8 0
476 116 670 522 0 -8 0
476 108 673 525 0 -8 0
476 100 676 528 8 8 0
484 108 679 531 0 0 0
484 108 682 534 0 0 0
484 108 685 537 8 0 0
492 108 688 540 0 -8 0
492 100 691 543 8 -8 0
500 92 694 546 0 0 0
500 92 697 549 0 8 0
500 100 700 552 8 8 0
508 108 703 555 0 0 0
508 108 706 558 0 8 0
508 116 709 561 8 8 0
516 124 712 564 0 8 0
516 132 715 567 8 8 0
524 140 718 570 0 8 0
524 148 721 573 0 0 0
524 148 724 576 8 0 0
532 148 727 579 0 0 0
532 148 730 582 0 8 0
532 156 733 585 8 8 0
540 164 736 588 0 -8 0
540 156 739 591 8 0 0
540 156 742 588 0 8 0
540 164 745 585 0 8 0
540 172 748 582 0 -8 0
540 164 751 579 0 8 0
540 172 754 576 0 0 0
540 172 757 573 0 -8 0
540 164 760 570 0 8 0
540 172 763 567 0 8 0
540 180 766 564 0 -8 0
540 172 769 561 0 0 0
540 172 772 558 0 8 0
540 180 775 555 0 8 0
540 188 778 552 0 -8 0
540 180 781 549 0 0 1
540 180 781 549 0 0 1
540 180 781 549 0 0 1
540 180 781 549 0 0 1
540 180 781 549 0 0 1
