114 390 427 465 0 0 0
114 390 424 468 8 -8 0
122 382 421 471 8 -8 0
130 374 418 474 8 8 0
138 382 415 477 8 8 0
146 390 412 480 8 8 0
154 398 409 483 8 0 0
162 398 406 486 8 8 0
170 406 403 489 8 8 0
178 414 400 492 8 0 0
186 414 397 495 8 0 0
194 414 394 498 8 -8 0
202 406 391 501 8 8 0
210 414 388 504 8 -8 0
218 406 385 507 8 0 0
226 406 382 510 8 0 0
234 406 379 513 8 -8 0
242 398 376 516 8 0 0
250 398 373 519 8 0 0
258 398 370 522 8 0 0
266 398 367 525 8 8 0
274 406 364 528 8 -8 0
282 398 361 531 8 0 0
290 398 358 534 8 -8 0
298 390 355 537 8 -8 0
306 382 352 540 8 0 0
314 382 349 543 8 -8 0
322 374 346 546 8 8 0
330 382 343 549 8 -8 0
338 374 340 552 8 -8 0
346 366 337 555 8 8 0
354 374 334 558 8 8 0
362 382 331 561 8 8 0
370 390 328 564 8 0 0
378 390 325 567 8 8 0
386 398 322 570 8 0 0
394 398 319 573 8 8 0
402 406 316 576 8 -8 0
410 398 313 579 8 8 0
418 406 310 582 8 -8 0
426 398 307 585 8 -8 0
434 390 304 588 8 8 0
442 398 301 591 8 0 0
450 398 298 588 8 -8 0
458 390 295 585 8 0 0
466 390 292 582 8 0 0
474 390 289 579 8 -8 0
482 382 286 576 8 -8 0
490 374 283 573 8 -8 0
498 366 280 570 8 -8 0
506 358 277 567 8 -8 0
514 350 274 564 0 8 0
514 358 271 561 0 -8 0
514 350 268 558 0 -8 0
514 342 265 555 0 -8 0
514 334 262 552 0 0 0
514 334 259 549 0 -8 0
514 326 256 546 0 -8 0
514 318 253 543 0 0 0
514 318 250 540 0 -8 0
514 310 247 537 0 0 0
514 310 244 534 0 0 0
514 310 241 531 0 8 0
514 318 238 528 0 8 0
514 326 235 525 0 -8 0
514 318 232 522 0 8 0
514 326 229 519 0 8 0
514 334 226 516 0 -8 0
514 326 223 513 0 -8 0
514 318 220 510 0 -8 0
514 310 217 507 0 -8 0
514 302 214 504 0 0 0
514 302 211 501 0 -8 0
514 294 208 498 0 0 0
514 294 205 495 0 8 0
514 302 202 492 0 0 0
514 302 199 489 0 8 0
514 310 196 486 0 8 0
514 318 193 483 0 8 0
514 326 190 480 0 8 0
514 334 187 477 0 0 0
514 334 184 474 0 0 0
514 334 181 471 0 -8 0
514 326 178 468 0 8 0
514 334 175 465 0 -8 0
514 326 172 462 -8 -8 0
506 318 169 459 0 -8 0
506 310 166 456 0 0 0
506 310 163 453 -8 -8 0
498 302 160 450 0 0 0
498 302 157 447 -8 0 0
490 302 154 444 0 0 0
490 302 151 441 0 -8 0
490 294 148 438 -8 0 0
482 294 145 435 0 -8 0
482 286 142 432 0 8 0
482 294 139 429 -8 -8 0
474 286 136 426 0 0 0
474 286 133 423 -8 8 0
466 294 130 420 0 0 0
466 294 127 417 0 8 0
466 302 124 414 -8 -8 0
458 294 121 411 0 8 0
458 302 118 408 0 -8 0
458 294 115 405 -8 -8 0
450 286 112 402 0 0 0
450 286 109 399 -8 -8 0
442 278 106 396 0 -8 0
442 270 103 393 0 0 0
442 270 100 390 -8 8 0
434 278 97 387 0 0 0
434 278 94 384 0 -8 0
434 270 91 381 -8 -8 0
426 262 88 378 0 0 0
426 262 85 375 -8 -8 0
418 254 82 372 0 8 0
418 262 79 369 0 -8 0
418 254 76 366 -8 8 0
410 262 73 363 0 0 0
410 262 70 360 0 -8 0
410 254 67 357 -8 8 0
402 262 64 354 0 8 0
402 270 61 351 -8 -8 0
394 262 58 348 0 -8 0
394 254 55 345 0 -8 0
394 246 52 342 -8 0 0
386 246 49 339 0 8 0
386 254 46 336 0 -8 0
386 246 43 333 -8 0 0
378 246 40 330 0 0 0
378 246 37 327 -8 0 0
370 246 34 324 0 -8 0
370 238 31 321 0 0 0
370 238 28 318 -8 0 0
362 238 25 315 0 -8 0
362 230 22 312 0 0 0
362 230 19 309 0 0 1
362 230 19 309 0 0 1
362 230 19 309 0 0 1
362 230 19 309 0 0 1
362 230 19 309 0 0 1
