115 399 196 225 0 0 0
115 399 193 222 8 -8 0
123 391 190 219 8 0 0
131 391 187 216 8 -8 0
139 383 184 213 8 -8 0
147 375 181 210 8 0 0
155 375 178 207 8 -8 0
163 367 175 204 0 0 0
163 367 172 201 0 0 0
163 367 169 198 0 -8 0
163 359 166 195 0 0 0
163 359 163 192 0 8 0
163 367 160 189 0 -8 0
163 359 157 186 0 0 0
163 359 154 183 0 -8 0
163 351 151 180 0 0 0
163 351 148 177 0 -8 0
163 343 145 174 0 0 0
163 343 142 171 0 0 0
163 343 139 168 0 8 0
163 351 136 165 0 8 0
163 359 133 162 0 0 0
163 359 130 159 0 0 0
163 359 127 156 0 0 0
163 359 124 153 0 8 0
163 367 121 150 0 -8 0
163 359 118 147 0 8 0
163 367 115 144 0 -8 0
163 359 112 141 0 0 0
163 359 109 138 0 -8 0
163 351 106 135 0 8 0
163 359 103 132 0 8 0
163 367 100 129 0 0 0
163 367 97 126 0 8 0
163 375 94 123 0 8 0
163 383 91 120 0 0 0
163 383 88 117 0 8 0
163 391 85 114 0 0 0
163 391 82 111 -8 0 0
155 391 79 108 0 -8 0
155 383 76 105 0 -8 0
155 375 73 102 -8 -8 0
147 367 70 99 0 0 0
147 367 67 96 -8 8 0
139 375 64 93 0 -8 0
139 367 61 90 0 0 0
139 367 58 87 -8 8 0
131 375 55 84 0 -8 0
131 367 52 81 0 0 0
131 367 49 78 -8 0 0
123 367 46 75 0 8 0
123 375 43 72 -8 0 0
115 375 40 69 0 8 0
115 383 37 66 0 -8 0
115 375 34 63 -8 8 0
107 383 31 60 0 0 0
107 383 28 57 0 -8 0
107 375 25 54 -8 -8 0
99 367 22 51 0 -8 0
99 359 19 48 0 0 1
99 359 19 48 0 0 1
99 359 19 48 0 0 1
99 359 19 48 0 0 1
99 359 19 48 0 0 1
