506 313 649 441 0 0 0
506 313 646 444 -8 0 0
498 313 643 447 -8 0 0
490 313 640 450 0 0 0
490 313 637 453 0 0 0
490 313 634 456 0 -8 0
490 305 631 459 0 -8 0
490 297 628 462 0 8 0
490 305 625 465 0 8 0
490 313 622 468 0 8 0
490 321 619 471 0 -8 0
490 313 616 474 0 -8 0
490 305 613 477 0 -8 0
490 297 610 480 0 8 0
490 305 607 483 0 0 0
490 305 604 486 0 8 0
490 313 601 489 0 8 0
490 321 598 492 0 0 0
490 321 595 495 0 8 0
490 329 592 498 0 -8 0
490 321 589 501 0 0 0
490 321 586 504 0 -8 0
490 313 583 507 0 -8 0
490 305 580 510 0 -8 0
490 297 577 513 0 0 0
490 297 574 516 0 0 0
490 297 571 519 0 0 0
490 297 568 522 0 -8 0
490 289 565 525 0 0 0
490 289 562 528 0 0 0
490 289 559 531 0 -8 0
490 281 556 534 0 8 0
490 289 553 537 0 8 0
490 297 550 540 0 8 0
490 305 547 543 8 -8 0
498 297 544 546 0 -8 0
498 289 541 549 8 8 0
506 297 538 552 0 8 0
506 305 535 555 0 8 0
506 313 532 558 8 8 0
514 321 529 561 0 -8 0
514 313 526 564 0 0 0
514 313 523 567 8 -8 0
522 305 520 570 0 -8 0
522 297 517 573 8 0 0
530 297 514 576 0 -8 0
530 289 511 579 0 0 0
530 289 508 582 8 8 0
538 297 505 585 0 0 0
538 297 502 588 0 0 0
538 297 499 591 8 8 0
540 305 496 588 0 -8 0
540 297 493 585 0 8 0
540 305 490 582 0 8 0
540 313 487 579 0 0 0
540 313 484 576 0 0 0
540 313 481 573 0 8 0
540 321 478 570 0 8 0
540 329 475 567 0 0 0
540 329 472 564 0 0 0
540 329 469 561 0 -8 0
540 321 466 558 0 8 0
540 329 463 555 0 -8 0
540 321 460 552 0 0 0
540 321 457 549 0 -8 0
540 313 454 546 0 0 0
540 313 451 543 0 0 0
540 313 448 540 0 0 0
540 313 445 537 0 -8 0
540 305 442 534 0 -8 0
540 297 439 531 0 -8 0
540 289 436 528 0 0 0
540 289 433 525 0 8 0
540 297 430 522 0 -8 0
540 289 427 519 0 -8 0
540 281 424 516 0 -8 0
540 273 421 513 0 -8 0
540 265 418 510 0 0 0
540 265 415 507 0 -8 0
540 257 412 504 0 8 0
540 265 409 501 0 0 0
540 265 406 498 0 0 0
540 265 403 495 0 8 0
540 273 400 492 0 -8 0
540 265 397 489 -8 8 0
532 273 394 486 0 8 0
532 281 391 483 0 8 0
532 289 388 480 -8 0 0
524 289 385 477 0 8 0
524 297 382 474 0 -8 0
524 289 379 471 -8 0 0
516 289 376 468 0 0 0
516 289 373 465 -8 8 0
508 297 370 462 0 8 0
508 305 367 459 0 0 0
508 305 364 456 -8 0 0
500 305 361 453 0 8 0
500 313 358 450 0 -8 0
500 305 355 447 -8 0 0
492 305 352 444 0 8 0
492 313 349 441 -8 8 0
484 321 346 438 0 -8 0
484 313 343 435 0 8 0
484 321 340 432 -8 -8 0
476 313 337 429 0 0 0
476 313 334 426 0 0 0
476 313 331 423 -8 8 0
468 321 328 420 0 0 0
468 321 325 417 -8 8 0
460 329 322 414 0 -8 0
460 321 319 411 0 -8 0
460 313 316 408 -8 -8 0
452 305 313 405 0 -8 0
452 297 310 402 0 0 0
452 297 307 399 -8 8 0
444 305 304 396 0 8 0
444 313 301 393 -8 8 0
436 321 298 390 0 -8 0
436 313 295 387 0 8 0
436 321 292 384 -8 0 0
428 321 289 381 0 0 0
428 321 286 378 0 0 0
428 321 283 375 -8 0 0
420 321 280 372 0 -8 0
420 313 277 369 -8 0 0
412 313 274 366 0 0 0
412 313 271 363 0 0 0
412 313 268 360 -8 8 0
404 321 265 357 0 -8 0
404 313 262 354 0 0 0
404 313 259 351 -8 8 0
396 321 256 348 0 -8 0
396 313 253 345 -8 8 0
388 321 250 342 0 -8 0
388 313 247 339 0 0 0
388 313 244 336 -8 0 0
380 313 241 333 0 -8 0
380 305 238 330 0 -8 0
380 297 235 327 -8 -8 0
372 289 232 324 0 0 0
372 289 229 321 -8 -8 0
364 281 226 318 0 -8 0
364 273 223 315 0 8 0
364 281 220 312 -8 8 0
356 289 217 309 0 -8 0
356 281 214 306 0 8 0
356 289 211 303 -8 8 0
348 297 208 300 0 -8 0
348 289 205 297 -8 -8 0
340 281 202 294 0 -8 0
340 273 199 291 0 0 0
340 273 196 288 -8 8 0
332 281 193 285 0 8 0
332 289 190 282 0 8 0
332 297 187 279 -8 0 0
324 297 184 276 0 -8 0
324 289 181 273 -8 8 0
316 297 178 270 0 8 0
316 305 175 267 0 -8 0
316 297 172 264 -8 0 0
308 297 169 261 0 8 0
308 305 166 258 0 -8 0
308 297 163 255 -8 8 0
300 305 160 252 0 -8 0
300 297 157 249 -8 -8 0
292 289 154 246 0 -8 0
292 281 151 243 0 -8 0
292 273 148 240 -8 0 0
284 273 145 237 0 8 0
284 281 142 234 0 8 0
284 289 139 231 -8 0 0
276 289 136 228 0 -8 0
276 281 133 225 -8 8 0
268 289 130 222 0 0 0
268 289 127 219 0 8 0
268 297 124 216 -8 -8 0
260 289 121 213 0 8 0
260 297 118 210 0 8 0
260 305 115 207 -8 -8 0
252 297 112 204 0 8 0
252 305 109 201 -8 0 0
244 305 106 198 0 -8 0
244 297 103 195 0 -8 0
244 289 100 192 -8 0 0
236 289 97 189 0 8 0
236 297 94 186 0 8 0
236 305 91 183 -8 0 0
228 305 88 180 0 8 0
228 313 85 177 -8 -8 0
220 305 82 174 0 0 0
220 305 79 171 0 8 0
220 313 76 168 -8 8 0
212 321 73 165 0 -8 0
212 313 70 162 0 -8 0
212 305 67 159 -8 8 0
204 313 64 156 0 0 0
204 313 61 153 -8 -8 0
196 305 58 150 0 8 0
196 313 55 147 0 8 0
196 321 52 144 -8 -8 0
188 313 49 141 0 8 0
188 321 46 138 0 -8 0
188 313 43 135 -8 0 0
180 313 40 132 0 0 0
180 313 37 129 -8 0 0
172 313 34 126 0 0 0
172 313 31 123 0 8 0
172 321 28 120 -8 0 0
164 321 25 117 0 0 0
164 321 22 114 0 -8 0
164 313 19 111 0 0 1
164 313 19 111 0 0 1
164 313 19 111 0 0 1
164 313 19 111 0 0 1
164 313 19 111 0 0 1
