104 227 358 279 0 0 0
104 227 355 282 8 8 0
112 235 352 285 8 8 0
120 243 349 288 8 -8 0
128 235 346 291 8 -8 0
136 227 343 294 8 0 0
144 227 340 297 8 0 0
152 227 337 300 8 0 0
160 227 334 303 8 8 0
168 235 331 306 8 8 0
176 243 328 309 8 -8 0
184 235 325 312 8 8 0
192 243 322 315 8 8 0
200 251 319 318 8 8 0
208 259 316 321 8 8 0
216 267 313 324 8 8 0
224 275 310 327 8 8 0
232 283 307 330 8 8 0
240 291 304 333 8 8 0
248 299 301 336 8 8 0
256 307 298 339 8 0 0
264 307 295 342 8 8 0
272 315 292 345 8 0 0
280 315 289 348 8 -8 0
288 307 286 351 8 0 0
296 307 283 354 8 0 0
304 307 280 357 8 8 0
312 315 277 360 0 -8 0
312 307 274 363 8 8 0
320 315 271 366 0 -8 0
320 307 268 369 0 -8 0
320 299 265 372 8 -8 0
328 291 262 375 0 0 0
328 291 259 378 0 0 0
328 291 256 381 8 0 0
336 291 253 384 0 -8 0
336 283 250 387 8 0 0
344 283 247 390 0 -8 0
344 275 244 393 0 8 0
344 283 241 396 8 -8 0
352 275 238 399 0 8 0
352 283 235 402 0 8 0
352 291 232 405 8 0 0
360 291 229 408 0 -8 0
360 283 226 411 8 8 0
368 291 223 414 0 8 0
368 299 220 417 0 -8 0
368 291 217 420 8 0 0
376 291 214 423 0 -8 0
376 283 211 426 0 8 0
376 291 208 429 8 0 0
384 291 205 432 0 0 0
384 291 202 435 8 -8 0
392 283 199 438 0 8 0
392 291 196 441 0 0 0
392 291 193 444 8 -8 0
400 283 190 447 0 0 0
400 283 187 450 0 8 0
400 291 184 453 8 0 0
408 291 181 456 0 8 0
408 299 178 459 8 8 0
416 307 175 462 0 -8 0
416 299 172 465 0 0 0
416 299 169 468 8 8 0
424 307 166 471 0 8 0
424 315 163 474 0 0 0
424 315 160 477 8 8 0
432 323 157 480 0 8 0
432 331 154 483 8 0 0
440 331 151 486 0 0 0
440 331 148 489 0 8 0
440 339 145 492 8 -8 0
448 331 142 495 0 -8 0
448 323 139 498 0 -8 0
448 315 136 501 8 -8 0
456 307 133 504 0 8 0
456 315 130 507 8 0 0
464 315 127 510 0 8 0
464 323 124 513 0 0 0
464 323 121 516 8 -8 0
472 315 118 519 0 8 0
472 323 115 522 0 -8 0
472 315 112 525 8 -8 0
480 307 109 528 0 0 0
480 307 106 531 8 8 0
488 315 103 534 0 8 0
488 323 100 537 0 0 0
488 323 97 540 8 0 0
496 323 94 543 0 8 0
496 331 91 546 0 -8 0
496 323 88 549 8 0 0
504 323 85 552 0 0 0
504 323 82 555 8 8 0
512 331 79 558 0 -8 0
512 323 76 561 0 8 0
512 331 73 564 8 8 0
520 339 70 567 0 8 0
520 347 67 570 0 8 0
520 355 64 573 8 -8 0
528 347 61 576 0 0 0
528 347 58 579 8 -8 0
536 339 55 582 0 8 0
536 347 52 585 0 -8 0
536 339 49 588 8 -8 0
540 331 46 591 8 -8 0
540 323 43 588 0 8 0
540 331 40 585 0 0 0
540 331 37 582 0 -8 0
540 323 34 579 0 0 0
540 323 31 576 0 8 0
540 331 28 573 0 0 0
540 331 25 570 0 8 0
540 339 22 567 0 0 0
540 339 19 564 0 0 0
540 339 22 561 0 -8 0
540 331 25 558 0 0 0
540 331 28 555 0 -8 0
540 323 31 552 0 -8 0
540 315 34 549 0 -8 0
540 307 37 546 0 -8 0
540 299 40 543 0 8 0
540 307 43 540 0 -8 0
540 299 46 537 0 8 0
540 307 49 534 0 8 0
540 315 52 531 0 -8 0
540 307 55 528 0 -8 0
540 299 58 525 0 8 0
540 307 61 522 0 -8 0
540 299 64 519 0 -8 0
540 291 67 516 0 -8 0
540 283 70 513 0 0 0
540 283 73 510 0 -8 0
540 275 76 507 0 8 0
540 283 79 504 0 8 0
540 291 82 501 0 8 0
540 299 85 498 0 0 0
540 299 88 495 0 -8 0
540 291 91 492 0 8 0
540 299 94 489 -8 -8 0
532 291 97 486 0 0 0
532 291 100 483 0 -8 0
532 283 103 480 -8 0 0
524 283 106 477 0 8 0
524 291 109 474 0 0 0
524 291 112 471 -8 -8 0
516 283 115 468 0 -8 0
516 275 118 465 -8 8 0
508 283 121 462 0 -8 0
508 275 124 459 0 -8 0
508 267 127 456 -8 8 0
500 275 130 453 0 -8 0
500 267 133 450 0 -8 0
500 259 136 447 -8 8 0
492 267 139 444 0 0 0
492 267 142 441 -8 -8 0
484 259 145 438 0 -8 0
484 251 148 435 0 0 0
484 251 151 432 -8 0 0
476 251 154 429 0 8 0
476 259 157 426 0 0 0
476 259 160 423 -8 0 0
468 259 163 420 0 8 0
468 267 166 417 -8 8 0
460 275 169 414 0 8 0
460 283 172 411 0 8 0
460 291 175 408 -8 8 0
452 299 178 405 0 0 0
452 299 181 402 0 8 0
452 307 184 399 -8 8 0
444 315 187 396 0 0 0
444 315 190 393 -8 -8 0
436 307 193 390 0 0 0
436 307 196 387 0 0 0
436 307 199 384 -8 -8 0
428 299 202 381 0 0 0
428 299 205 378 0 -8 0
428 291 208 375 -8 8 0
420 299 211 372 0 0 0
420 299 214 369 -8 8 0
412 307 217 366 0 -8 0
412 299 220 363 0 0 0
412 299 223 360 -8 0 0
404 299 226 357 0 0 0
404 299 229 354 0 -8 0
404 291 232 351 -8 8 0
396 299 235 348 0 -8 0
396 291 238 345 -8 -8 0
388 283 241 342 0 -8 0
388 275 244 339 0 0 0
388 275 247 336 -8 -8 0
380 267 250 333 0 8 0
380 275 253 330 0 -8 0
380 267 256 327 -8 0 0
372 267 259 324 0 0 0
372 267 262 321 -8 -8 0
364 259 265 318 0 8 0
364 267 268 315 0 0 0
364 267 271 312 -8 8 0
356 275 274 309 0 -8 0
356 267 277 306 0 0 0
356 267 280 303 -8 0 0
348 267 283 300 0 -8 0
348 259 286 297 -8 8 0
340 267 289 294 0 0 0
340 267 292 291 0 0 0
340 267 295 288 -8 0 0
332 267 298 285 0 0 0
332 267 301 282 0 -8 0
332 259 304 279 -8 -8 0
324 251 307 276 0 0 0
324 251 310 273 -8 8 0
316 259 313 270 0 -8 0
316 251 316 267 0 -8 0
316 243 319 264 -8 8 0
308 251 322 261 0 0 0
308 251 325 258 0 8 0
308 259 328 255 -8 8 0
300 267 331 252 0 0 0
300 267 334 249 -8 -8 0
292 259 337 246 0 8 0
292 267 340 243 0 8 0
292 275 343 240 -8 8 0
284 283 346 237 0 0 0
284 283 349 234 0 -8 0
284 275 352 231 -8 8 0
276 283 355 228 0 0 0
276 283 358 225 -8 -8 0
268 275 361 222 0 -8 0
268 267 364 219 0 -8 0
268 259 367 216 -8 8 0
260 267 370 213 0 8 0
260 275 373 210 0 0 0
260 275 376 207 -8 8 0
252 283 379 204 0 8 0
252 291 382 201 -8 8 0
244 299 385 198 0 -8 0
244 291 388 195 0 8 0
244 299 391 192 -8 -8 0
236 291 394 189 0 -8 0
236 283 397 186 0 -8 0
236 275 400 183 -8 0 0
228 275 403 180 0 0 0
228 275 406 177 -8 -8 0
220 267 409 174 0 -8 0
220 259 412 171 0 -8 0
220 251 415 168 -8 8 0
212 259 418 165 0 0 0
212 259 421 162 0 0 0
212 259 424 159 -8 8 0
204 267 427 156 0 -8 0
204 259 430 153 -8 -8 0
196 251 433 150 0 -8 0
196 243 436 147 0 8 0
196 251 439 144 -8 8 0
188 259 442 141 0 -8 0
188 251 445 138 0 8 0
188 259 448 135 -8 -8 0
180 251 451 132 0 0 0
180 251 454 129 -8 -8 0
172 243 457 126 0 -8 0
172 235 460 123 0 -8 0
172 227 463 120 -8 0 0
164 227 466 117 0 -8 0
164 219 469 114 0 0 0
164 219 472 111 -8 -8 0
156 211 475 108 0 8 0
156 219 478 105 -8 8 0
148 227 481 102 0 8 0
148 235 484 99 0 0 0
148 235 487 96 -8 -8 0
140 227 490 93 0 0 0
140 227 493 90 0 8 0
140 235 496 87 -8 -8 0
132 227 499 84 0 8 0
132 235 502 81 -8 -8 0
124 227 505 78 0 -8 0
124 219 508 75 0 0 0
124 219 511 72 -8 0 0
116 219 514 69 0 0 0
116 219 517 66 0 -8 0
116 211 520 63 -8 -8 0
108 203 523 60 0 -8 0
108 195 526 57 -8 8 0
100 203 529 54 0 0 0
100 203 532 51 0 -8 0
100 195 535 48 -8 8 0
92 203 538 45 0 8 0
92 211 541 42 0 -8 0
92 203 544 39 -8 8 0
84 211 547 36 0 -8 0
84 203 550 33 -8 -8 0
76 195 553 30 0 -8 0
76 187 556 27 0 8 0
76 195 559 24 -8 8 0
68 203 562 21 0 0 0
68 203 565 18 0 8 0
68 211 568 15 -8 -8 0
60 203 571 12 0 -8 0
60 195 574 9 -8 0 0
60 195 577 12 0 -8 0
60 187 580 15 0 0 0
60 187 583 18 0 -8 0
60 179 586 21 0 -8 0
60 171 589 24 0 8 0
60 179 592 27 0 -8 0
60 171 595 30 0 8 0
60 179 598 33 0 0 0
60 179 601 36 0 8 0
60 187 604 39 0 8 0
60 195 607 42 0 8 0
60 203 610 45 0 8 0
60 211 613 48 0 0 0
60 211 616 51 0 8 0
60 219 619 54 0 -8 0
60 211 622 57 0 0 0
60 211 625 60 0 8 0
60 219 628 63 0 -8 0
60 211 631 66 0 -8 0
60 203 634 69 0 8 0
60 211 637 72 0 8 0
60 219 640 75 0 0 0
60 219 643 78 0 0 0
60 219 646 81 0 8 0
60 227 649 84 0 8 0
60 235 652 87 0 0 0
60 235 655 90 0 8 0
60 243 658 93 0 -8 0
60 235 661 96 0 -8 0
60 227 664 99 0 0 0
60 227 667 102 0 -8 0
60 219 670 105 0 0 0
60 219 673 108 0 -8 0
60 211 676 111 8 0 0
68 211 679 114 0 -8 0
68 203 682 117 0 8 0
68 211 685 120 8 0 0
76 211 688 123 0 0 0
76 211 691 126 0 -8 0
76 203 694 129 8 -8 0
84 195 697 132 0 8 0
84 203 700 135 8 8 0
92 211 703 138 0 8 0
92 219 706 141 0 -8 0
92 211 709 144 8 -8 0
100 203 712 147 0 8 0
100 211 715 150 0 8 0
100 219 718 153 8 8 0
108 227 721 156 0 8 0
108 235 724 159 8 8 0
116 243 727 162 0 8 0
116 251 730 165 0 -8 0
116 243 733 168 8 0 0
124 243 736 171 0 8 0
124 251 739 174 0 -8 0
124 243 742 177 8 8 0
132 251 745 180 0 8 0
132 259 748 183 8 -8 0
140 251 751 186 0 0 0
140 251 754 189 0 0 0
140 251 757 192 8 0 0
148 251 760 195 0 -8 0
148 243 763 198 0 -8 0
148 235 766 201 8 -8 0
156 227 769 204 0 0 0
156 227 772 207 8 0 0
164 227 775 210 0 -8 0
164 219 778 213 0 8 0
164 227 781 216 8 0 0
172 227 778 219 0 -8 0
172 219 775 222 0 8 0
172 227 772 225 8 -8 0
180 219 769 228 0 0 0
180 219 766 231 8 -8 0
188 211 763 234 0 8 0
188 219 760 237 0 0 0
188 219 757 240 8 -8 0
196 211 754 243 0 8 0
196 219 751 246 0 -8 0
196 211 748 249 8 0 0
204 211 745 252 0 0 0
204 211 742 255 8 -8 0
212 203 739 258 0 0 0
212 203 736 261 0 -8 0
212 195 733 264 8 -8 0
220 187 730 267 0 -8 0
220 179 727 270 0 -8 0
220 171 724 273 8 8 0
228 179 721 276 0 -8 0
228 171 718 279 8 -8 0
236 163 715 282 0 8 0
236 171 712 285 0 -8 0
236 163 709 288 8 0 0
244 163 706 291 0 -8 0
244 155 703 294 0 0 0
244 155 700 297 8 0 0
252 155 697 300 0 8 0
252 163 694 303 8 -8 0
260 155 691 306 0 0 0
260 155 688 309 0 8 0
260 163 685 312 8 8 0
268 171 682 315 0 8 0
268 179 679 318 0 8 0
268 187 676 321 8 8 0
276 195 673 324 0 8 0
276 203 670 327 8 8 0
284 211 667 330 0 -8 0
284 203 664 333 0 -8 0
284 195 661 336 8 8 0
292 203 658 339 0 -8 0
292 195 655 342 0 8 0
292 203 652 345 8 8 0
300 211 649 348 0 0 0
300 211 646 351 8 -8 0
308 203 643 354 0 8 0
308 211 640 357 0 -8 0
308 203 637 360 8 0 0
316 203 634 363 0 -8 0
316 195 631 366 0 8 0
316 203 628 369 8 -8 0
324 195 625 372 0 0 0
324 195 622 375 8 8 0
332 203 619 378 0 -8 0
332 195 616 381 0 8 0
332 203 613 384 8 8 0
340 211 610 387 0 0 0
340 211 607 390 0 0 0
340 211 604 393 8 8 0
348 219 601 396 0 8 0
348 227 598 399 8 -8 0
356 219 595 402 0 -8 0
356 211 592 405 0 8 0
356 219 589 408 8 -8 0
364 211 586 411 0 8 0
364 219 583 414 0 0 0
364 219 580 417 8 8 0
372 227 577 420 0 0 0
372 227 574 423 8 8 0
380 235 571 426 0 -8 0
380 227 568 429 0 -8 0
380 219 565 432 8 8 0
388 227 562 435 0 -8 0
388 219 559 438 0 0 0
388 219 556 441 8 8 0
396 227 553 444 0 0 0
396 227 550 447 8 8 0
404 235 547 450 0 8 0
404 243 544 453 0 8 0
404 251 541 456 8 8 0
412 259 538 459 0 -8 0
412 251 535 462 0 0 0
412 251 532 465 8 -8 0
420 243 529 468 0 -8 0
420 235 526 471 8 0 0
428 235 523 474 0 0 0
428 235 520 477 0 8 0
428 243 517 480 8 0 0
436 243 514 483 0 0 0
436 243 511 486 0 0 0
436 243 508 489 8 8 0
444 251 505 492 0 -8 0
444 243 502 495 8 8 0
452 251 499 498 0 8 0
452 259 496 501 0 0 0
452 259 493 504 8 0 0
460 259 490 507 0 8 0
460 267 487 510 0 -8 0
460 259 484 513 8 8 0
468 267 481 516 0 0 0
468 267 478 519 8 8 0
476 275 475 522 0 -8 0
476 267 472 525 0 0 0
476 267 469 528 8 -8 0
484 259 466 531 0 8 0
484 267 463 534 0 0 0
484 267 460 537 8 0 0
492 267 457 540 0 8 0
492 275 454 543 8 8 0
500 283 451 546 0 0 0
500 283 448 549 0 0 0
500 283 445 552 8 -8 0
508 275 442 555 0 0 0
508 275 439 558 0 -8 0
508 267 436 561 8 8 0
516 275 433 564 0 8 0
516 283 430 567 8 -8 0
524 275 427 570 0 0 0
524 275 424 573 0 0 0
524 275 421 576 8 -8 0
532 267 418 579 0 0 0
532 267 415 582 0 -8 0
532 259 412 585 8 8 0
540 267 409 588 0 -8 0
540 259 406 591 8 8 0
540 267 403 588 0 0 0
540 267 400 585 0 -8 0
540 259 397 582 0 0 0
540 259 394 579 0 8 0
540 267 391 576 0 -8 0
540 259 388 573 0 8 0
540 267 385 570 0 8 0
540 275 382 567 0 -8 0
540 267 379 564 0 -8 0
540 259 376 561 0 8 0
540 267 373 558 0 8 0
540 275 370 555 0 8 0
540 283 367 552 0 8 0
540 291 364 549 0 8 0
540 299 361 546 0 -8 0
540 291 358 543 0 0 0
540 291 355 540 0 0 0
540 291 352 537 0 0 0
540 291 349 534 0 8 0
540 299 346 531 0 8 0
540 307 343 528 0 0 0
540 307 340 525 0 -8 0
540 299 337 522 0 0 0
540 299 334 519 0 0 0
540 299 331 516 0 -8 0
540 291 328 513 0 -8 0
540 283 325 510 0 0 0
540 283 322 507 0 8 0
540 291 319 504 0 -8 0
540 283 316 501 0 0 0
540 283 313 498 0 -8 0
540 275 310 495 0 -8 0
540 267 307 492 0 0 0
540 267 304 489 -8 0 0
532 267 301 486 0 -8 0
532 259 298 483 0 0 0
532 259 295 480 -8 0 0
524 259 292 477 0 -8 0
524 251 289 474 0 -8 0
524 243 286 471 -8 -8 0
516 235 283 468 0 -8 0
516 227 280 465 -8 -8 0
508 219 277 462 0 8 0
508 227 274 459 0 0 0
508 227 271 456 -8 0 0
500 227 268 453 0 8 0
500 235 265 450 0 8 0
500 243 262 447 -8 8 0
492 251 259 444 0 8 0
492 259 256 441 -8 8 0
484 267 253 438 0 8 0
484 275 250 435 0 0 0
484 275 247 432 -8 8 0
476 283 244 429 0 -8 0
476 275 241 426 0 8 0
476 283 238 423 -8 0 0
468 283 235 420 0 8 0
468 291 232 417 -8 0 0
460 291 229 414 0 8 0
460 299 226 411 0 8 0
460 307 223 408 -8 -8 0
452 299 220 405 0 8 0
452 307 217 402 0 8 0
452 315 214 399 -8 0 0
444 315 211 396 0 8 0
444 323 208 393 -8 0 0
436 323 205 390 0 0 0
436 323 202 387 0 0 0
436 323 199 384 -8 0 0
428 323 196 381 0 -8 0
428 315 193 378 0 -8 0
428 307 190 375 -8 -8 0
420 299 187 372 0 8 0
420 307 184 369 -8 -8 0
412 299 181 366 0 -8 0
412 291 178 363 0 0 0
412 291 175 360 -8 0 0
404 291 172 357 0 8 0
404 299 169 354 0 0 0
404 299 166 351 -8 -8 0
396 291 163 348 0 0 0
396 291 160 345 -8 0 0
388 291 157 342 0 0 0
388 291 154 339 0 -8 0
388 283 151 336 -8 0 0
380 283 148 333 0 8 0
380 291 145 330 0 -8 0
380 283 142 327 -8 8 0
372 291 139 324 0 0 0
372 291 136 321 -8 -8 0
364 283 133 318 0 8 0
364 291 130 315 0 0 0
364 291 127 312 -8 -8 0
356 283 124 309 0 -8 0
356 275 121 306 0 -8 0
356 267 118 303 -8 0 0
348 267 115 300 0 8 0
348 275 112 297 -8 8 0
340 283 109 294 0 8 0
340 291 106 291 0 8 0
340 299 103 288 -8 0 0
332 299 100 285 0 -8 0
332 291 97 282 0 0 0
332 291 94 279 -8 0 0
324 291 91 276 0 8 0
324 299 88 273 -8 8 0
316 307 85 270 0 0 0
316 307 82 267 0 0 0
316 307 79 264 -8 0 0
308 307 76 261 0 8 0
308 315 73 258 0 8 0
308 323 70 255 -8 8 0
300 331 67 252 0 -8 0
300 323 64 249 -8 -8 0
292 315 61 246 0 -8 0
292 307 58 243 0 8 0
292 315 55 240 -8 8 0
284 323 52 237 0 -8 0
284 315 49 234 0 -8 0
284 307 46 231 -8 8 0
276 315 43 228 0 0 0
276 315 40 225 -8 0 0
268 315 37 222 0 8 0
268 323 34 219 0 -8 0
268 315 31 216 -8 0 0
260 315 28 213 0 -8 0
260 307 25 210 0 -8 0
260 299 22 207 -8 8 0
252 307 19 204 0 8 0
252 315 22 201 -8 -8 0
244 307 25 198 0 -8 0
244 299 28 195 0 -8 0
244 291 31 192 -8 0 0
236 291 34 189 0 8 0
236 299 37 186 0 -8 0
236 291 40 183 -8 8 0
228 299 43 180 0 0 0
228 299 46 177 -8 0 0
220 299 49 174 0 -8 0
220 291 52 171 0 0 0
220 291 55 168 -8 -8 0
212 283 58 165 0 0 0
212 283 61 162 0 -8 0
212 275 64 159 -8 -8 0
204 267 67 156 0 -8 0
204 259 70 153 -8 0 0
196 259 73 150 0 0 0
196 259 76 147 0 0 0
196 259 79 144 -8 0 0
188 259 82 141 0 -8 0
188 251 85 138 0 8 0
188 259 88 135 -8 8 0
180 267 91 132 0 -8 0
180 259 94 129 -8 -8 0
172 251 97 126 0 0 0
172 251 100 123 0 0 0
172 251 103 120 -8 -8 0
164 243 106 117 0 8 0
164 251 109 114 0 8 0
164 259 112 111 -8 0 0
156 259 115 108 0 0 0
156 259 118 105 -8 8 0
148 267 121 102 0 8 0
148 275 124 99 0 -8 0
148 267 127 96 -8 8 0
140 275 130 93 0 0 0
140 275 133 90 0 0 0
140 275 136 87 -8 8 0
132 283 139 84 0 8 0
132 291 142 81 -8 0 0
124 291 145 78 0 8 0
124 299 148 75 0 0 0
124 299 151 72 -8 0 0
116 299 154 69 0 0 0
116 299 157 66 0 8 0
116 307 160 63 -8 8 0
108 315 163 60 0 8 0
108 323 166 57 -8 -8 0
100 315 169 54 0 -8 0
100 307 172 51 0 -8 0
100 299 175 48 -8 -8 0
92 291 178 45 0 8 0
92 299 181 42 0 0 0
92 299 184 39 -8 -8 0
84 291 187 36 0 8 0
84 299 190 33 -8 8 0
76 307 193 30 0 -8 0
76 299 196 27 0 8 0
76 307 199 24 -8 8 0
68 315 202 21 0 -8 0
68 307 205 18 0 -8 0
68 299 208 15 -8 0 0
60 299 211 12 0 0 0
60 299 214 9 -8 0 0
60 299 217 12 0 -8 0
60 291 220 15 0 -8 0
60 283 223 18 0 -8 0
60 275 226 21 0 8 0
60 283 229 24 0 0 0
60 283 232 27 0 -8 0
60 275 235 30 0 8 0
60 283 238 33 0 0 0
60 283 241 36 0 -8 0
60 275 244 39 0 8 0
60 283 247 42 0 0 0
60 283 250 45 0 8 0
60 291 253 48 0 -8 0
60 283 256 51 0 0 0
60 283 259 54 0 -8 0
60 275 262 57 0 -8 0
60 267 265 60 0 8 0
60 275 268 63 0 0 0
60 275 271 66 0 8 0
60 283 274 69 0 -8 0
60 275 277 72 0 0 0
60 275 280 75 0 8 0
60 283 283 78 0 8 0
60 291 286 81 0 -8 0
60 283 289 84 0 0 0
60 283 292 87 0 0 0
60 283 295 90 0 8 0
60 291 298 93 0 8 0
60 299 301 96 0 8 0
60 307 304 99 0 -8 0
60 299 307 102 0 -8 0
60 291 310 105 0 0 0
60 291 313 108 0 -8 0
60 283 316 111 8 8 0
68 291 319 114 0 0 0
68 291 322 117 0 -8 0
68 283 325 120 8 -8 0
76 275 328 123 0 8 0
76 283 331 126 0 0 0
76 283 334 129 8 8 0
84 291 337 132 0 0 0
84 291 340 135 8 -8 0
92 283 343 138 0 8 0
92 291 346 141 0 -8 0
92 283 349 144 8 8 0
100 291 352 147 0 -8 0
100 283 355 150 0 0 0
100 283 358 153 8 8 0
108 291 361 156 0 8 0
108 299 364 159 8 0 0
116 299 367 162 0 8 0
116 307 370 165 0 8 0
116 315 373 168 8 0 0
124 315 376 171 0 -8 0
124 307 379 174 0 0 0
124 307 382 177 8 8 0
132 315 385 180 0 -8 0
132 307 388 183 8 8 0
140 315 391 186 0 0 0
140 315 394 189 0 0 0
140 315 397 192 8 8 0
148 323 400 195 0 0 0
148 323 403 198 0 -8 0
148 315 406 201 8 8 0
156 323 409 204 0 8 0
156 331 412 207 8 0 0
164 331 415 210 0 -8 0
164 323 418 213 0 -8 0
164 315 421 216 8 0 0
172 315 424 219 0 -8 0
172 307 427 222 0 0 0
172 307 430 225 8 -8 0
180 299 433 228 0 -8 0
180 291 436 231 8 8 0
188 299 439 234 0 8 0
188 307 442 237 0 8 0
188 315 445 240 8 0 0
196 315 448 243 0 8 0
196 323 451 246 0 8 0
196 331 454 249 8 8 0
204 339 457 252 0 8 0
204 347 460 255 8 8 0
212 355 463 258 0 -8 0
212 347 466 261 0 0 0
212 347 469 264 8 -8 0
220 339 472 267 0 0 0
220 339 475 270 0 0 0
220 339 478 273 8 -8 0
228 331 481 276 0 0 0
228 331 484 279 8 -8 0
236 323 487 282 0 -8 0
236 315 490 285 0 0 0
236 315 493 288 8 0 0
244 315 496 291 0 8 0
244 323 499 294 0 8 0
244 331 502 297 8 0 0
252 331 505 300 0 0 0
252 331 508 303 8 8 0
260 339 511 306 0 -8 0
260 331 514 309 0 8 0
260 339 517 312 8 0 0
268 339 520 315 0 0 0
268 339 523 318 0 8 0
268 347 526 321 8 0 0
276 347 529 324 0 8 0
276 355 532 327 8 0 0
284 355 535 330 0 8 0
284 363 538 333 0 0 0
284 363 541 336 8 -8 0
292 355 544 339 0 -8 0
292 347 547 342 0 -8 0
292 339 550 345 8 -8 0
300 331 553 348 0 -8 0
300 323 556 351 8 -8 0
308 315 559 354 0 -8 0
308 307 562 357 0 0 0
308 307 565 360 8 0 0
316 307 568 363 0 0 0
316 307 571 366 0 8 0
316 315 574 369 8 -8 0
324 307 577 372 0 -8 0
324 299 580 375 8 8 0
332 307 583 378 0 -8 0
332 299 586 381 0 0 0
332 299 589 384 8 0 0
340 299 592 387 0 -8 0
340 291 595 390 0 -8 0
340 283 598 393 8 0 0
348 283 601 396 0 0 0
348 283 604 399 8 8 0
356 291 607 402 0 8 0
356 299 610 405 0 0 0
356 299 613 408 8 8 0
364 307 616 411 0 -8 0
364 299 619 414 0 8 0
364 307 622 417 8 0 0
372 307 625 420 0 -8 0
372 299 628 423 8 -8 0
380 291 631 426 0 8 0
380 299 634 429 0 -8 0
380 291 637 432 8 0 0
388 291 640 435 0 0 0
388 291 643 438 0 -8 0
388 283 646 441 8 -8 0
396 275 649 444 0 -8 0
396 267 652 447 8 8 0
404 275 655 450 0 0 0
404 275 658 453 0 8 0
404 283 661 456 8 0 0
412 283 664 459 0 8 0
412 291 667 462 0 0 0
412 291 670 465 8 0 0
420 291 673 468 0 -8 0
420 283 676 471 8 0 0
428 283 679 474 0 0 0
428 283 682 477 0 8 0
428 291 685 480 8 -8 0
436 283 688 483 0 0 0
436 283 691 486 0 8 0
436 291 694 489 8 8 0
444 299 697 492 0 -8 0
444 291 700 495 8 8 0
452 299 703 498 0 0 0
452 299 706 501 0 8 0
452 307 709 504 8 8 0
460 315 712 507 0 8 0
460 323 715 510 0 8 0
460 331 718 513 8 0 0
468 331 721 516 0 -8 0
468 323 724 519 8 8 0
476 331 727 522 0 -8 0
476 323 730 525 0 -8 0
476 315 733 528 8 8 0
484 323 736 531 0 0 0
484 323 739 534 0 0 0
484 323 742 537 8 -8 0
492 315 745 540 0 -8 0
492 307 748 543 8 -8 0
500 299 751 546 0 8 0
500 307 754 549 0 8 0
500 315 757 552 8 0 0
508 315 760 555 0 -8 0
508 307 763 558 0 8 0
508 315 766 561 8 0 0
516 315 769 564 0 -8 0
516 307 772 567 8 8 0
524 315 775 570 0 -8 0
524 307 778 573 0 -8 0
524 299 781 576 0 0 1
524 299 781 576 0 0 1
524 299 781 576 0 0 1
524 299 781 576 0 0 1
524 299 781 576 0 0 1
