540 369 556 405 0 0 0
540 369 559 402 -8 0 0
532 369 562 399 -8 -8 0
524 361 565 396 -8 0 0
516 361 568 393 -8 0 0
508 361 571 390 -8 0 0
500 361 574 387 -8 8 0
492 369 577 384 -8 0 0
484 369 580 381 -8 -8 0
476 361 583 378 -8 -8 0
468 353 586 375 -8 8 0
460 361 589 372 -8 -8 0
452 353 592 369 -8 8 0
444 361 595 366 -8 0 0
436 361 598 363 -8 0 0
428 361 601 360 -8 0 0
420 361 604 357 -8 -8 0
412 353 607 354 -8 -8 0
404 345 610 351 -8 0 0
396 345 613 348 0 -8 0
396 337 616 345 -8 -8 0
388 329 619 342 0 8 0
388 337 622 339 0 -8 0
388 329 625 336 -8 -8 0
380 321 628 333 0 0 0
380 321 631 330 0 0 0
380 321 634 327 -8 0 0
372 321 637 324 0 -8 0
372 313 640 321 -8 -8 0
364 305 643 318 0 -8 0
364 297 646 315 0 8 0
364 305 649 312 -8 8 0
356 313 652 309 0 8 0
356 321 655 306 0 0 0
356 321 658 303 -8 0 0
348 321 661 300 0 0 0
348 321 664 297 -8 -8 0
340 313 667 294 0 -8 0
340 305 670 291 0 -8 0
340 297 673 288 -8 -8 0
332 289 676 285 0 -8 0
332 281 679 282 0 0 0
332 281 682 279 -8 -8 0
324 273 685 276 0 8 0
324 281 688 273 -8 -8 0
316 273 691 270 0 0 0
316 273 694 267 0 8 0
316 281 697 264 -8 -8 0
308 273 700 261 0 8 0
308 281 703 258 0 0 0
308 281 706 255 -8 -8 0
300 273 709 252 0 0 0
300 273 712 249 -8 8 0
292 281 715 246 0 0 0
292 281 718 243 0 8 0
292 289 721 240 -8 -8 0
284 281 724 237 0 -8 0
284 273 727 234 0 0 0
284 273 730 231 -8 -8 0
276 265 733 228 0 0 0
276 265 736 225 -8 8 0
268 273 739 222 0 8 0
268 281 742 219 0 0 0
268 281 745 216 -8 8 0
260 289 748 213 0 8 0
260 297 751 210 0 -8 0
260 289 754 207 -8 8 0
252 297 757 204 0 0 0
252 297 760 201 -8 -8 0
244 289 763 198 0 8 0
244 297 766 195 0 -8 0
244 289 769 192 -8 0 0
236 289 772 189 0 -8 0
236 281 775 186 0 0 0
236 281 778 183 -8 0 0
228 281 781 180 0 0 1
228 281 781 180 0 0 1
228 281 781 180 0 0 1
228 281 781 180 0 0 1
228 281 781 180 0 0 1
