488 359 565 126 0 0 0
488 359 568 129 -8 -8 0
480 351 571 132 -8 8 0
472 359 574 135 -8 8 0
464 367 577 138 -8 0 0
456 367 580 141 -8 8 0
448 375 583 144 -8 0 0
440 375 586 147 -8 8 0
432 383 589 150 -8 8 0
424 391 592 153 -8 8 0
416 399 595 156 -8 8 0
408 407 598 159 -8 0 0
400 407 601 162 -8 8 0
392 415 604 165 -8 0 0
384 415 607 168 -8 -8 0
376 407 610 171 -8 8 0
368 415 613 174 -8 0 0
360 415 616 177 -8 -8 0
352 407 619 180 -8 -8 0
344 399 622 183 -8 8 0
336 407 625 186 -8 0 0
328 407 628 189 -8 8 0
320 415 631 192 -8 -8 0
312 407 634 195 -8 0 0
304 407 637 198 -8 -8 0
296 399 640 201 -8 8 0
288 407 643 204 -8 8 0
280 415 646 207 -8 8 0
272 423 649 210 -8 0 0
264 423 652 213 -8 -8 0
256 415 655 216 0 -8 0
256 407 658 219 0 8 0
256 415 661 222 0 -8 0
256 407 664 225 0 8 0
256 415 667 228 0 -8 0
256 407 670 231 0 -8 0
256 399 673 234 0 0 0
256 399 676 237 0 -8 0
256 391 679 240 0 8 0
256 399 682 243 0 -8 0
256 391 685 246 0 0 0
256 391 688 249 0 8 0
256 399 691 252 0 0 0
256 399 694 255 0 -8 0
256 391 697 258 0 0 0
256 391 700 261 0 8 0
256 399 703 264 0 0 0
256 399 706 267 0 -8 0
256 391 709 270 0 -8 0
256 383 712 273 0 -8 0
256 375 715 276 0 0 0
256 375 718 279 0 0 0
256 375 721 282 0 8 0
256 383 724 285 0 8 0
256 391 727 288 0 8 0
256 399 730 291 0 -8 0
256 391 733 294 0 0 0
256 391 736 297 0 -8 0
256 383 739 300 0 0 0
256 383 742 303 0 -8 0
256 375 745 306 0 8 0
256 383 748 309 8 8 0
264 391 751 312 0 0 0
264 391 754 315 8 8 0
272 399 757 318 0 -8 0
272 391 760 321 0 0 0
272 391 763 324 8 0 0
280 391 766 327 0 -8 0
280 383 769 330 0 8 0
280 391 772 333 8 0 0
288 391 775 336 0 0 0
288 391 778 339 8 8 0
296 399 781 342 0 0 1
296 399 781 342 0 0 1
296 399 781 342 0 0 1
296 399 781 342 0 0 1
296 399 781 342 0 0 1
