359 101 418 339 0 0 0
359 101 421 342 0 -8 0
359 93 424 345 0 8 0
359 101 427 348 0 0 0
359 101 430 351 0 0 0
359 101 433 354 0 0 0
359 101 436 357 0 -8 0
359 93 439 360 0 0 0
359 93 442 363 0 -8 0
359 85 445 366 0 0 0
359 85 448 369 0 8 0
359 93 451 372 0 8 0
359 101 454 375 0 -8 0
359 93 457 378 0 8 0
359 101 460 381 0 -8 0
359 93 463 384 0 0 0
359 93 466 387 0 8 0
359 101 469 390 0 -8 0
359 93 472 393 0 -8 0
359 85 475 396 0 8 0
359 93 478 399 0 -8 0
359 85 481 402 0 0 0
359 85 484 405 0 8 0
359 93 487 408 0 0 0
359 93 490 411 8 8 0
367 101 493 414 0 -8 0
367 93 496 417 0 8 0
367 101 499 420 8 0 0
375 101 502 423 0 0 0
375 101 505 426 8 8 0
383 109 508 429 0 -8 0
383 101 511 432 0 0 0
383 101 514 435 8 -8 0
391 93 517 438 0 0 0
391 93 520 441 0 8 0
391 101 523 444 8 0 0
399 101 526 447 0 -8 0
399 93 529 450 8 0 0
407 93 532 453 0 8 0
407 101 535 456 0 8 0
407 109 538 459 8 0 0
415 109 541 462 0 8 0
415 117 544 465 0 -8 0
415 109 547 468 8 -8 0
423 101 550 471 0 8 0
423 109 553 474 8 -8 0
431 101 556 477 0 0 0
431 101 559 480 0 8 0
431 109 562 483 8 8 0
439 117 565 486 0 8 0
439 125 568 489 0 0 0
439 125 571 492 8 0 0
447 125 574 495 0 8 0
447 133 577 498 8 0 0
455 133 580 501 0 -8 0
455 125 583 504 0 8 0
455 133 586 507 8 -8 0
463 125 589 510 0 0 0
463 125 592 513 0 8 0
463 133 595 516 8 -8 0
471 125 598 519 0 8 0
471 133 601 522 8 8 0
479 141 604 525 0 -8 0
479 133 607 528 0 -8 0
479 125 610 531 8 0 0
487 125 613 534 0 0 0
487 125 616 537 0 8 0
487 133 619 540 8 8 0
495 141 622 543 0 -8 0
495 133 625 546 8 -8 0
503 125 628 549 0 -8 0
503 117 631 552 0 8 0
503 125 634 555 8 -8 0
511 117 637 558 0 -8 0
511 109 640 561 0 -8 0
511 101 643 564 8 8 0
519 109 646 567 0 -8 0
519 101 649 570 8 -8 0
527 93 652 573 0 0 0
527 93 655 576 0 8 0
527 101 658 579 8 -8 0
535 93 661 582 0 8 0
535 101 664 585 0 -8 0
535 93 667 588 8 -8 0
540 85 670 591 8 8 0
540 93 673 588 0 0 0
540 93 676 585 0 0 0
540 93 679 582 0 8 0
540 101 682 579 0 -8 0
540 93 685 576 0 -8 0
540 85 688 573 0 -8 0
540 77 691 570 0 8 0
540 85 694 567 0 0 0
540 85 697 564 0 -8 0
540 77 700 561 0 -8 0
540 69 703 558 0 8 0
540 77 706 555 0 -8 0
540 69 709 552 0 0 0
540 69 712 549 0 -8 0
540 61 715 546 0 0 0
540 61 718 543 0 0 0
540 61 721 540 0 8 0
540 69 724 537 0 8 0
540 77 727 534 0 0 0
540 77 730 531 0 0 0
540 77 733 528 0 8 0
540 85 736 525 0 0 0
540 85 739 522 0 0 0
540 85 742 519 0 0 0
540 85 745 516 0 0 0
540 85 748 513 0 8 0
540 93 751 510 0 0 0
540 93 754 507 0 -8 0
540 85 757 504 0 8 0
540 93 760 501 0 -8 0
540 85 763 498 0 8 0
540 93 766 495 0 -8 0
540 85 769 492 0 0 0
540 85 772 489 -8 -8 0
532 77 775 486 0 0 0
532 77 778 483 0 0 0
532 77 781 480 0 0 1
532 77 781 480 0 0 1
532 77 781 480 0 0 1
532 77 781 480 0 0 1
532 77 781 480 0 0 1
