213 456 685 165 0 0 0
213 456 682 168 0 0 0
213 456 679 171 0 -8 0
213 448 676 174 0 -8 0
213 440 673 177 0 0 0
213 440 670 180 0 8 0
213 448 667 183 0 -8 0
213 440 664 186 0 8 0
213 448 661 189 0 8 0
213 456 658 192 0 8 0
213 464 655 195 0 0 0
213 464 652 198 0 0 0
213 464 649 201 0 8 0
213 472 646 204 0 0 0
213 472 643 207 0 -8 0
213 464 640 210 0 8 0
213 472 637 213 0 -8 0
213 464 634 216 0 8 0
213 472 631 219 0 8 0
213 480 628 222 0 0 0
213 480 625 225 0 0 0
213 480 622 228 0 8 0
213 488 619 231 0 -8 0
213 480 616 234 0 0 0
213 480 613 237 0 8 0
213 488 610 240 0 0 0
213 488 607 243 0 -8 0
213 480 604 246 0 8 0
213 488 601 249 0 8 0
213 496 598 252 0 0 0
213 496 595 255 0 0 0
213 496 592 258 0 8 0
213 504 589 261 0 8 0
213 512 586 264 8 -8 0
221 504 583 267 0 8 0
221 512 580 270 0 0 0
221 512 577 273 8 0 0
229 512 574 276 0 0 0
229 512 571 279 0 0 0
229 512 568 282 8 -8 0
237 504 565 285 0 8 0
237 512 562 288 8 0 0
245 512 559 291 0 0 0
245 512 556 294 0 0 0
245 512 553 297 8 8 0
253 520 550 300 0 -8 0
253 512 547 303 0 8 0
253 520 544 306 8 0 0
261 520 541 309 0 0 0
261 520 538 312 8 -8 0
269 512 535 315 0 -8 0
269 504 532 318 0 -8 0
269 496 529 321 8 -8 0
277 488 526 324 0 8 0
277 496 523 327 0 8 0
277 504 520 330 8 0 0
285 504 517 333 0 -8 0
285 496 514 336 8 0 0
293 496 511 339 0 -8 0
293 488 508 342 0 8 0
293 496 505 345 8 -8 0
301 488 502 348 0 0 0
301 488 499 351 0 0 0
301 488 496 354 8 0 0
309 488 493 357 0 0 0
309 488 490 360 8 0 0
317 488 487 363 0 0 0
317 488 484 366 0 8 0
317 496 481 369 8 0 0
325 496 478 372 0 0 0
325 496 475 375 0 -8 0
325 488 472 378 8 0 0
333 488 469 381 0 8 0
333 496 466 384 8 -8 0
341 488 463 387 0 8 0
341 496 460 390 0 8 0
341 504 457 393 8 8 0
349 512 454 396 0 0 0
349 512 451 399 0 0 0
349 512 448 402 8 8 0
357 520 445 405 0 0 0
357 520 442 408 8 0 0
365 520 439 411 0 -8 0
365 512 436 414 0 -8 0
365 504 433 417 8 0 0
373 504 430 420 0 -8 0
373 496 427 423 0 8 0
373 504 424 426 8 -8 0
381 496 421 429 0 8 0
381 504 418 432 8 8 0
389 512 415 435 0 8 0
389 520 412 438 0 -8 0
389 512 409 441 8 8 0
397 520 406 444 0 8 0
397 528 403 447 0 0 0
397 528 400 450 8 -8 0
405 520 397 453 0 8 0
405 528 394 456 8 8 0
413 536 391 459 0 8 0
413 540 388 462 0 -8 0
413 532 385 465 8 8 0
421 540 382 468 0 8 0
421 540 379 471 0 0 0
421 540 376 474 8 8 0
429 540 373 477 0 0 0
429 540 370 480 8 8 0
437 540 367 483 0 -8 0
437 532 364 486 0 8 0
437 540 361 489 8 -8 0
445 532 358 492 0 0 0
445 532 355 495 0 8 0
445 540 352 498 8 0 0
453 540 349 501 0 0 0
453 540 346 504 8 -8 0
461 532 343 507 0 0 0
461 532 340 510 0 0 0
461 532 337 513 8 -8 0
469 524 334 516 0 0 0
469 524 331 519 0 0 0
469 524 328 522 8 -8 0
477 516 325 525 0 0 0
477 516 322 528 8 8 0
485 524 319 531 0 0 0
485 524 316 534 0 -8 0
485 516 313 537 8 0 0
493 516 310 540 0 8 0
493 524 307 543 0 8 0
493 532 304 546 8 8 0
501 540 301 549 0 0 0
501 540 298 552 8 8 0
509 540 295 555 0 0 0
509 540 292 558 0 -8 0
509 532 289 561 8 0 0
517 532 286 564 0 -8 0
517 524 283 567 0 -8 0
517 516 280 570 8 0 0
525 516 277 573 0 -8 0
525 508 274 576 8 8 0
533 516 271 579 0 -8 0
533 508 268 582 0 0 0
533 508 265 585 8 8 0
540 516 262 588 0 0 0
540 516 259 591 8 8 0
540 524 256 588 0 8 0
540 532 253 585 0 -8 0
540 524 250 582 0 0 0
540 524 247 579 0 -8 0
540 516 244 576 0 0 0
540 516 241 573 0 0 0
540 516 238 570 0 0 0
540 516 235 567 0 -8 0
540 508 232 564 0 -8 0
540 500 229 561 0 -8 0
540 492 226 558 0 0 0
540 492 223 555 0 0 0
540 492 220 552 0 -8 0
540 484 217 549 0 -8 0
540 476 214 546 0 0 0
540 476 211 543 0 0 0
540 476 208 540 0 -8 0
540 468 205 537 0 8 0
540 476 202 534 0 8 0
540 484 199 531 0 8 0
540 492 196 528 0 0 0
540 492 193 525 0 8 0
540 500 190 522 0 8 0
540 508 187 519 0 0 0
540 508 184 516 0 0 0
540 508 181 513 0 8 0
540 516 178 510 0 0 0
540 516 175 507 0 8 0
540 524 172 504 0 -8 0
540 516 169 501 0 0 0
540 516 166 498 0 -8 0
540 508 163 495 0 8 0
540 516 160 492 0 -8 0
540 508 157 489 -8 8 0
532 516 154 486 0 0 0
532 516 151 483 0 0 0
532 516 148 480 -8 0 0
524 516 145 477 0 0 0
524 516 142 474 0 0 0
524 516 139 471 -8 8 0
516 524 136 468 0 0 0
516 524 133 465 -8 8 0
508 532 130 462 0 8 0
508 540 127 459 0 -8 0
508 532 124 456 -8 0 0
500 532 121 453 0 8 0
500 540 118 450 0 8 0
500 540 115 447 -8 8 0
492 540 112 444 0 -8 0
492 532 109 441 -8 0 0
484 532 106 438 0 8 0
484 540 103 435 0 0 0
484 540 100 432 -8 8 0
476 540 97 429 0 8 0
476 540 94 426 0 0 0
476 540 91 423 -8 8 0
468 540 88 420 0 8 0
468 540 85 417 -8 -8 0
460 532 82 414 0 0 0
460 532 79 411 0 -8 0
460 524 76 408 -8 8 0
452 532 73 405 0 -8 0
452 524 70 402 0 -8 0
452 516 67 399 -8 0 0
444 516 64 396 0 -8 0
444 508 61 393 -8 8 0
436 516 58 390 0 8 0
436 524 55 387 0 8 0
436 532 52 384 -8 -8 0
428 524 49 381 0 8 0
428 532 46 378 0 -8 0
428 524 43 375 -8 0 0
420 524 40 372 0 -8 0
420 516 37 369 -8 8 0
412 524 34 366 0 0 0
412 524 31 363 0 8 0
412 532 28 360 -8 -8 0
404 524 25 357 0 8 0
404 532 22 354 0 8 0
404 540 19 351 0 0 1
404 540 19 351 0 0 1
404 540 19 351 0 0 1
404 540 19 351 0 0 1
404 540 19 351 0 0 1
