398 73 352 285 0 0 0
398 73 355 288 -8 8 0
390 81 358 291 -8 8 0
382 89 361 294 -8 -8 0
374 81 364 297 -8 0 0
366 81 367 300 -8 -8 0
358 73 370 303 -8 8 0
350 81 373 306 0 -8 0
350 73 376 309 0 8 0
350 81 379 312 0 -8 0
350 73 382 315 0 0 0
350 73 385 318 0 8 0
350 81 388 321 0 8 0
350 89 391 324 0 8 0
350 97 394 327 0 0 0
350 97 397 330 0 8 0
350 105 400 333 0 8 0
350 113 403 336 0 8 0
350 121 406 339 0 -8 0
350 113 409 342 0 8 0
350 121 412 345 0 0 0
350 121 415 348 0 0 0
350 121 418 351 0 -8 0
350 113 421 354 0 0 0
350 113 424 357 0 0 0
350 113 427 360 0 0 0
350 113 430 363 0 -8 0
350 105 433 366 0 -8 0
350 97 436 369 0 8 0
350 105 439 372 0 -8 0
350 97 442 375 0 -8 0
350 89 445 378 0 -8 0
350 81 448 381 0 0 0
350 81 451 384 0 -8 0
350 73 454 387 0 0 0
350 73 457 390 0 -8 0
350 65 460 393 0 -8 0
350 60 463 396 0 -8 0
350 60 466 399 0 8 0
350 68 469 402 8 0 0
358 68 472 405 0 0 0
358 68 475 408 0 8 0
358 76 478 411 8 -8 0
366 68 481 414 0 0 0
366 68 484 417 8 0 0
374 68 487 420 0 0 0
374 68 490 423 0 -8 0
374 60 493 426 8 8 0
382 68 496 429 0 0 0
382 68 499 432 0 0 0
382 68 502 435 8 0 0
390 68 505 438 0 0 0
390 68 508 441 8 0 0
398 68 511 444 0 0 0
398 68 514 447 0 0 0
398 68 517 450 8 -8 0
406 60 520 453 0 0 0
406 60 523 456 0 0 0
406 60 526 459 8 0 0
414 60 529 462 0 0 0
414 60 532 465 8 0 0
422 60 535 468 0 8 0
422 68 538 471 0 8 0
422 76 541 474 8 -8 0
430 68 544 477 0 8 0
430 76 547 480 0 -8 0
430 68 550 483 8 -8 0
438 60 553 486 0 8 0
438 68 556 489 8 8 0
446 76 559 492 0 -8 0
446 68 562 495 0 0 0
446 68 565 498 8 -8 0
454 60 568 501 0 0 0
454 60 571 504 0 -8 0
454 60 574 507 8 -8 0
462 60 577 510 0 8 0
462 68 580 513 8 8 0
470 76 583 516 0 -8 0
470 68 586 519 0 -8 0
470 60 589 522 8 8 0
478 68 592 525 0 8 0
478 76 595 528 0 -8 0
478 68 598 531 8 8 0
486 76 601 534 0 -8 0
486 68 604 537 8 -8 0
494 60 607 540 0 8 0
494 68 610 543 0 0 0
494 68 613 546 8 8 0
502 76 616 549 0 8 0
502 84 619 552 0 -8 0
502 76 622 555 8 0 0
510 76 625 558 0 -8 0
510 68 628 561 8 0 0
518 68 631 564 0 8 0
518 76 634 567 0 8 0
518 84 637 570 8 8 0
526 92 640 573 0 -8 0
526 84 643 576 0 8 0
526 92 646 579 8 -8 0
534 84 649 582 0 -8 0
534 76 652 585 8 8 0
540 84 655 588 0 8 0
540 92 658 591 8 0 0
540 92 661 588 0 0 0
540 92 664 585 0 0 0
540 92 667 582 0 0 0
540 92 670 579 0 8 0
540 100 673 576 0 -8 0
540 92 676 573 0 0 0
540 92 679 570 0 8 0
540 100 682 567 0 8 0
540 108 685 564 0 8 0
540 116 688 561 0 8 0
540 124 691 558 0 8 0
540 132 694 555 0 -8 0
540 124 697 552 0 8 0
540 132 700 549 0 0 0
540 132 703 546 0 0 0
540 132 706 543 0 0 0
540 132 709 540 0 -8 0
540 124 712 537 0 -8 0
540 116 715 534 0 8 0
540 124 718 531 0 8 0
540 132 721 528 0 0 0
540 132 724 525 0 -8 0
540 124 727 522 0 0 0
540 124 730 519 0 0 0
540 124 733 516 0 0 0
540 124 736 513 0 -8 0
540 116 739 510 0 8 0
540 124 742 507 0 0 0
540 124 745 504 0 -8 0
540 116 748 501 0 8 0
540 124 751 498 0 0 0
540 124 754 495 0 -8 0
540 116 757 492 0 0 0
540 116 760 489 -8 -8 0
532 108 763 486 0 0 0
532 108 766 483 0 8 0
532 116 769 480 -8 8 0
524 124 772 477 0 8 0
524 132 775 474 0 0 0
524 132 778 471 -8 0 0
516 132 781 468 0 0 1
516 132 781 468 0 0 1
516 132 781 468 0 0 1
516 132 781 468 0 0 1
516 132 781 468 0 0 1
