442 97 262 231 0 0 0
442 97 259 228 -8 0 0
434 97 256 225 -8 8 0
426 105 253 222 -8 0 0
418 105 250 219 -8 0 0
410 105 247 216 -8 -8 0
402 97 244 213 -8 0 0
394 97 241 210 -8 8 0
386 105 238 207 -8 -8 0
378 97 235 204 -8 -8 0
370 89 232 201 -8 8 0
362 97 229 198 -8 8 0
354 105 226 195 -8 8 0
346 113 223 192 -8 -8 0
338 105 220 189 -8 -8 0
330 97 217 186 -8 -8 0
322 89 214 183 -8 8 0
314 97 211 180 -8 -8 0
306 89 208 177 -8 8 0
298 97 205 174 -8 8 0
290 105 202 171 -8 8 0
282 113 199 168 -8 -8 0
274 105 196 165 -8 8 0
266 113 193 162 -8 -8 0
258 105 190 159 -8 8 0
250 113 187 156 -8 -8 0
242 105 184 153 -8 8 0
234 113 181 150 -8 8 0
226 121 178 147 -8 0 0
218 121 175 144 -8 -8 0
210 113 172 141 -8 -8 0
202 105 169 138 -8 -8 0
194 97 166 135 -8 8 0
186 105 163 132 -8 8 0
178 113 160 129 0 0 0
178 113 157 126 -8 8 0
170 121 154 123 0 0 0
170 121 151 120 0 0 0
170 121 148 117 -8 8 0
162 129 145 114 0 0 0
162 129 142 111 -8 -8 0
154 121 139 108 0 -8 0
154 113 136 105 0 0 0
154 113 133 102 -8 8 0
146 121 130 99 0 -8 0
146 113 127 96 0 -8 0
146 105 124 93 -8 0 0
138 105 121 90 0 -8 0
138 97 118 87 -8 0 0
130 97 115 84 0 -8 0
130 89 112 81 0 0 0
130 89 109 78 -8 0 0
122 89 106 75 0 0 0
122 89 103 72 0 0 0
122 89 100 69 -8 -8 0
114 81 97 66 0 0 0
114 81 94 63 -8 -8 0
106 73 91 60 0 -8 0
106 65 88 57 0 0 0
106 65 85 54 -8 0 0
98 65 82 51 0 8 0
98 73 79 48 0 0 0
98 73 76 45 -8 0 0
90 73 73 42 0 8 0
90 81 70 39 -8 -8 0
82 73 67 36 0 0 0
82 73 64 33 0 -8 0
82 65 61 30 -8 8 0
74 73 58 27 0 8 0
74 81 55 24 0 -8 0
74 73 52 21 -8 8 0
66 81 49 18 0 0 0
66 81 46 15 -8 -8 0
60 73 43 12 0 0 0
60 73 40 9 -8 8 0
60 81 37 12 0 -8 0
60 73 34 15 0 -8 0
60 65 31 18 0 -8 0
60 60 28 21 0 8 0
60 68 25 24 0 8 0
60 76 22 27 0 -8 0
60 68 19 30 0 0 0
60 68 22 33 0 -8 0
60 60 25 36 0 8 0
60 68 28 39 0 -8 0
60 60 31 42 0 8 0
60 68 34 45 0 8 0
60 76 37 48 0 -8 0
60 68 40 51 0 8 0
60 76 43 54 0 8 0
60 84 46 57 0 8 0
60 92 49 60 0 8 0
60 100 52 63 0 8 0
60 108 55 66 0 -8 0
60 100 58 69 0 0 0
60 100 61 72 0 0 0
60 100 64 75 0 8 0
60 108 67 78 0 8 0
60 116 70 81 0 0 0
60 116 73 84 0 0 0
60 116 76 87 0 -8 0
60 108 79 90 0 0 0
60 108 82 93 0 -8 0
60 100 85 96 0 -8 0
60 92 88 99 0 -8 0
60 84 91 102 0 0 0
60 84 94 105 0 0 0
60 84 97 108 0 -8 0
60 76 100 111 8 0 0
68 76 103 114 0 8 0
68 84 106 117 0 8 0
68 92 109 120 8 8 0
76 100 112 123 0 0 0
76 100 115 126 0 -8 0
76 92 118 129 8 8 0
84 100 121 132 0 -8 0
84 92 124 135 8 -8 0
92 84 127 138 0 -8 0
92 76 130 141 0 -8 0
92 68 133 144 8 -8 0
100 60 136 147 0 0 0
100 60 139 150 0 8 0
100 68 142 153 8 0 0
108 68 145 156 0 -8 0
108 60 148 159 8 8 0
116 68 151 162 0 0 0
116 68 154 165 0 0 0
116 68 157 168 8 -8 0
124 60 160 171 0 8 0
124 68 163 174 0 0 0
124 68 166 177 8 0 0
132 68 169 180 0 8 0
132 76 172 183 8 -8 0
140 68 175 186 0 -8 0
140 60 178 189 0 8 0
140 68 181 192 8 8 0
148 76 184 195 0 8 0
148 84 187 198 0 0 0
148 84 190 201 8 8 0
156 92 193 204 0 8 0
156 100 196 207 8 -8 0
164 92 199 210 0 0 0
164 92 202 213 0 8 0
164 100 205 216 8 8 0
172 108 208 219 0 -8 0
172 100 211 222 0 -8 0
172 92 214 225 8 8 0
180 100 217 228 0 8 0
180 108 220 231 8 -8 0
188 100 223 234 0 -8 0
188 92 226 237 0 8 0
188 100 229 240 8 0 0
196 100 232 243 0 -8 0
196 92 235 246 0 0 0
196 92 238 249 8 0 0
204 92 241 252 0 -8 0
204 84 244 255 8 0 0
212 84 247 258 0 8 0
212 92 250 261 0 8 0
212 100 253 264 8 8 0
220 108 256 267 0 8 0
220 116 259 270 0 0 0
220 116 262 273 8 0 0
228 116 265 276 0 8 0
228 124 268 279 8 8 0
236 132 271 282 0 8 0
236 140 274 285 0 0 0
236 140 277 288 8 8 0
244 148 280 291 0 -8 0
244 140 283 294 0 8 0
244 148 286 297 8 0 0
252 148 289 300 0 8 0
252 156 292 303 8 8 0
260 164 295 306 0 -8 0
260 156 298 309 0 8 0
260 164 301 312 8 8 0
268 172 304 315 0 0 0
268 172 307 318 0 0 0
268 172 310 321 8 0 0
276 172 313 324 0 8 0
276 180 316 327 8 8 0
284 188 319 330 0 -8 0
284 180 322 333 0 0 0
284 180 325 336 8 8 0
292 188 328 339 0 -8 0
292 180 331 342 0 -8 0
292 172 334 345 8 8 0
300 180 337 348 0 8 0
300 188 340 351 8 0 0
308 188 343 354 0 8 0
308 196 346 357 0 -8 0
308 188 349 360 8 8 0
316 196 352 363 0 8 0
316 204 355 366 0 0 0
316 204 358 369 8 -8 0
324 196 361 372 0 -8 0
324 188 364 375 8 0 0
332 188 367 378 0 8 0
332 196 370 381 0 0 0
332 196 373 384 8 0 0
340 196 376 387 0 8 0
340 204 379 390 0 8 0
340 212 382 393 8 8 0
348 220 385 396 0 8 0
348 228 388 399 8 0 0
356 228 391 402 0 0 0
356 228 394 405 0 0 0
356 228 397 408 8 8 0
364 236 400 411 0 0 0
364 236 403 414 0 8 0
364 244 406 417 8 -8 0
372 236 409 420 0 -8 0
372 228 412 423 8 8 0
380 236 415 426 0 0 0
380 236 418 429 0 0 0
380 236 421 432 8 -8 0
388 228 424 435 0 -8 0
388 220 427 438 0 -8 0
388 212 430 441 8 0 0
396 212 433 444 0 -8 0
396 204 436 447 8 0 0
404 204 439 450 0 -8 0
404 196 442 453 0 -8 0
404 188 445 456 8 -8 0
412 180 448 459 0 8 0
412 188 451 462 0 -8 0
412 180 454 465 8 -8 0
420 172 457 468 0 0 0
420 172 460 471 8 0 0
428 172 463 474 0 0 0
428 172 466 477 0 8 0
428 180 469 480 8 0 0
436 180 472 483 0 -8 0
436 172 475 486 0 8 0
436 180 478 489 8 8 0
444 188 481 492 0 8 0
444 196 484 495 8 0 0
452 196 487 498 0 0 0
452 196 490 501 0 8 0
452 204 493 504 8 -8 0
460 196 496 507 0 0 0
460 196 499 510 0 0 0
460 196 502 513 8 0 0
468 196 505 516 0 0 0
468 196 508 519 8 8 0
476 204 511 522 0 8 0
476 212 514 525 0 0 0
476 212 517 528 8 8 0
484 220 520 531 0 -8 0
484 212 523 534 0 8 0
484 220 526 537 8 0 0
492 220 529 540 0 8 0
492 228 532 543 8 8 0
500 236 535 546 0 8 0
500 244 538 549 0 8 0
500 252 541 552 8 -8 0
508 244 544 555 0 8 0
508 252 547 558 0 -8 0
508 244 550 561 8 0 0
516 244 553 564 0 8 0
516 252 556 567 8 0 0
524 252 559 570 0 -8 0
524 244 562 573 0 0 0
524 244 565 576 8 8 0
532 252 568 579 0 0 0
532 252 571 582 0 -8 0
532 244 574 585 8 8 0
540 252 577 588 0 -8 0
540 244 580 591 8 0 0
540 244 583 588 0 0 0
540 244 586 585 0 -8 0
540 236 589 582 0 0 0
540 236 592 579 0 8 0
540 244 595 576 0 -8 0
540 236 598 573 0 8 0
540 244 601 570 0 8 0
540 252 604 567 0 8 0
540 260 607 564 0 0 0
540 260 610 561 0 -8 0
540 252 613 558 0 0 0
540 252 616 555 0 8 0
540 260 619 552 0 -8 0
540 252 622 549 0 8 0
540 260 625 546 0 8 0
540 268 628 543 0 0 0
540 268 631 540 0 0 0
540 268 634 537 0 8 0
540 276 637 534 0 0 0
540 276 640 531 0 8 0
540 284 643 528 0 0 0
540 284 646 525 0 8 0
540 292 649 522 0 0 0
540 292 652 519 0 0 0
540 292 655 516 0 0 0
540 292 658 513 0 -8 0
540 284 661 510 0 -8 0
540 276 664 507 0 0 0
540 276 667 504 0 -8 0
540 268 670 501 0 0 0
540 268 673 498 0 8 0
540 276 676 495 0 -8 0
540 268 679 492 0 -8 0
540 260 682 489 -8 -8 0
532 252 685 486 0 0 0
532 252 688 483 0 8 0
532 260 691 480 -8 -8 0
524 252 694 477 0 0 0
524 252 697 474 0 -8 0
524 244 700 471 -8 -8 0
516 236 703 468 0 0 0
516 236 706 465 -8 0 0
508 236 709 462 0 -8 0
508 228 712 459 0 -8 0
508 220 715 456 -8 -8 0
500 212 718 453 0 0 0
500 212 721 450 0 8 0
500 220 724 447 -8 -8 0
492 212 727 444 0 0 0
492 212 730 441 -8 -8 0
484 204 733 438 0 -8 0
484 196 736 435 0 0 0
484 196 739 432 -8 -8 0
476 188 742 429 0 -8 0
476 180 745 426 0 8 0
476 188 748 423 -8 0 0
468 188 751 420 0 -8 0
468 180 754 417 -8 -8 0
460 172 757 414 0 -8 0
460 164 760 411 0 8 0
460 172 763 408 -8 -8 0
452 164 766 405 0 8 0
452 172 769 402 0 8 0
452 180 772 399 -8 8 0
444 188 775 396 0 0 0
444 188 778 393 -8 8 0
436 196 781 390 0 0 1
436 196 781 390 0 0 1
436 196 781 390 0 0 1
436 196 781 390 0 0 1
436 196 781 390 0 0 1
