174 272 124 198 0 0 0
174 272 121 201 0 -8 0
174 264 118 204 0 -8 0
174 256 115 207 0 8 0
174 264 112 210 0 0 0
174 264 109 213 0 -8 0
174 256 106 216 0 8 0
174 264 103 219 0 -8 0
174 256 100 222 0 8 0
174 264 97 225 8 -8 0
182 256 94 228 0 8 0
182 264 91 231 0 8 0
182 272 88 234 8 -8 0
190 264 85 237 0 -8 0
190 256 82 240 0 0 0
190 256 79 243 8 8 0
198 264 76 246 0 -8 0
198 256 73 249 8 8 0
206 264 70 252 0 -8 0
206 256 67 255 0 8 0
206 264 64 258 8 -8 0
214 256 61 261 0 0 0
214 256 58 264 0 -8 0
214 248 55 267 8 0 0
222 248 52 270 0 -8 0
222 240 49 273 8 -8 0
230 232 46 276 0 8 0
230 240 43 279 0 8 0
230 248 40 282 8 8 0
238 256 37 285 0 8 0
238 264 34 288 0 8 0
238 272 31 291 8 8 0
246 280 28 294 0 -8 0
246 272 25 297 8 0 0
254 272 22 300 0 8 0
254 280 19 303 0 0 0
254 280 22 306 8 8 0
262 288 25 309 0 8 0
262 296 28 312 0 -8 0
262 288 31 315 8 0 0
270 288 34 318 0 0 0
270 288 37 321 8 -8 0
278 280 40 324 0 0 0
278 280 43 327 0 -8 0
278 272 46 330 8 -8 0
286 264 49 333 0 -8 0
286 256 52 336 0 -8 0
286 248 55 339 8 -8 0
294 240 58 342 0 8 0
294 248 61 345 8 0 0
302 248 64 348 0 0 0
302 248 67 351 0 8 0
302 256 70 354 8 0 0
310 256 73 357 0 -8 0
310 248 76 360 0 -8 0
310 240 79 363 8 8 0
318 248 82 366 0 -8 0
318 240 85 369 8 -8 0
326 232 88 372 0 0 0
326 232 91 375 0 -8 0
326 224 94 378 8 -8 0
334 216 97 381 0 -8 0
334 208 100 384 0 8 0
334 216 103 387 8 0 0
342 216 106 390 0 0 0
342 216 109 393 8 -8 0
350 208 112 396 0 8 0
350 216 115 399 0 0 0
350 216 118 402 8 8 0
358 224 121 405 0 8 0
358 232 124 408 0 -8 0
358 224 127 411 8 -8 0
366 216 130 414 0 0 0
366 216 133 417 8 0 0
374 216 136 420 0 0 0
374 216 139 423 0 -8 0
374 208 142 426 8 -8 0
382 200 145 429 0 -8 0
382 192 148 432 0 0 0
382 192 151 435 8 -8 0
390 184 154 438 0 0 0
390 184 157 441 8 -8 0
398 176 160 444 0 -8 0
398 168 163 447 0 -8 0
398 160 166 450 8 8 0
406 168 169 453 0 0 0
406 168 172 456 0 0 0
406 168 175 459 8 -8 0
414 160 178 462 0 8 0
414 168 181 465 8 8 0
422 176 184 468 0 0 0
422 176 187 471 0 -8 0
422 168 190 474 8 -8 0
430 160 193 477 0 0 0
430 160 196 480 0 8 0
430 168 199 483 8 8 0
438 176 202 486 0 0 0
438 176 205 489 8 -8 0
446 168 208 492 0 -8 0
446 160 211 495 0 0 0
446 160 214 498 8 0 0
454 160 217 501 0 0 0
454 160 220 504 0 0 0
454 160 223 507 8 8 0
462 168 226 510 0 0 0
462 168 229 513 8 -8 0
470 160 232 516 0 8 0
470 168 235 519 0 0 0
470 168 238 522 8 8 0
478 176 241 525 0 8 0
478 184 244 528 0 -8 0
478 176 247 531 8 -8 0
486 168 250 534 0 -8 0
486 160 253 537 8 8 0
494 168 256 540 0 8 0
494 176 259 543 0 -8 0
494 168 262 546 8 8 0
502 176 265 549 0 -8 0
502 168 268 552 0 -8 0
502 160 271 555 8 8 0
510 168 274 558 0 0 0
510 168 277 561 8 -8 0
518 160 280 564 0 0 0
518 160 283 567 0 8 0
518 168 286 570 8 8 0
526 176 289 573 0 8 0
526 184 292 576 0 -8 0
526 176 295 579 8 -8 0
534 168 298 582 0 0 0
534 168 301 585 8 -8 0
540 160 304 588 0 8 0
540 168 307 591 8 -8 0
540 160 310 588 0 -8 0
540 152 313 585 0 8 0
540 160 316 582 0 -8 0
540 152 319 579 0 0 0
540 152 322 576 0 0 0
540 152 325 573 0 -8 0
540 144 328 570 0 8 0
540 152 331 567 0 -8 0
540 144 334 564 0 -8 0
540 136 337 561 0 -8 0
540 128 340 558 0 -8 0
540 120 343 555 0 -8 0
540 112 346 552 0 0 0
540 112 349 549 0 0 0
540 112 352 546 0 -8 0
540 104 355 543 0 -8 0
540 96 358 540 0 -8 0
540 88 361 537 0 0 0
540 88 364 534 0 -8 0
540 80 367 531 0 0 0
540 80 370 528 0 -8 0
540 72 373 525 0 0 0
540 72 376 522 0 8 0
540 80 379 519 0 -8 0
540 72 382 516 0 8 0
540 80 385 513 0 0 0
540 80 388 510 0 0 0
540 80 391 507 0 8 0
540 88 394 504 0 8 0
540 96 397 501 0 0 0
540 96 400 498 0 -8 0
540 88 403 495 0 8 0
540 96 406 492 0 0 0
540 96 409 489 -8 -8 0
532 88 412 486 0 0 0
532 88 415 483 0 -8 0
532 80 418 480 -8 -8 0
524 72 421 477 0 8 0
524 80 424 474 0 8 0
524 88 427 471 -8 0 0
516 88 430 468 0 -8 0
516 80 433 465 -8 -8 0
508 72 436 462 0 8 0
508 80 439 459 0 -8 0
508 72 442 456 -8 -8 0
500 64 445 453 0 -8 0
500 60 448 450 0 8 0
500 68 451 447 -8 -8 0
492 60 454 444 0 0 0
492 60 457 441 -8 -8 0
484 60 460 438 0 8 0
484 68 463 435 0 8 0
484 76 466 432 -8 -8 0
476 68 469 429 0 0 0
476 68 472 426 0 0 0
476 68 475 423 -8 -8 0
468 60 478 420 0 0 0
468 60 481 417 -8 8 0
460 68 484 414 0 -8 0
460 60 487 411 0 -8 0
460 60 490 408 -8 -8 0
452 60 493 405 0 -8 0
452 60 496 402 0 -8 0
452 60 499 399 -8 8 0
444 68 502 396 0 0 0
444 68 505 393 -8 0 0
436 68 508 390 0 8 0
436 76 511 387 0 -8 0
436 68 514 384 -8 0 0
428 68 517 381 0 8 0
428 76 520 378 0 0 0
428 76 523 375 -8 -8 0
420 68 526 372 0 -8 0
420 60 529 369 -8 0 0
412 60 532 366 0 0 0
412 60 535 363 0 8 0
412 68 538 360 -8 8 0
404 76 541 357 0 0 0
404 76 544 354 0 8 0
404 84 547 351 -8 -8 0
396 76 550 348 0 0 0
396 76 553 345 -8 0 0
388 76 556 342 0 8 0
388 84 559 339 0 8 0
388 92 562 336 -8 0 0
380 92 565 333 0 -8 0
380 84 568 330 0 0 0
380 84 571 327 -8 8 0
372 92 574 324 0 -8 0
372 84 577 321 -8 0 0
364 84 580 318 0 -8 0
364 76 583 315 0 0 0
364 76 586 312 -8 -8 0
356 68 589 309 0 -8 0
356 60 592 306 0 0 0
356 60 595 303 -8 -8 0
348 60 598 300 0 0 0
348 60 601 297 -8 8 0
340 68 604 294 0 0 0
340 68 607 291 0 8 0
340 76 610 288 -8 0 0
332 76 613 285 0 -8 0
332 68 616 282 0 0 0
332 68 619 279 -8 8 0
324 76 622 276 0 0 0
324 76 625 273 -8 -8 0
316 68 628 270 0 0 0
316 68 631 267 0 8 0
316 76 634 264 -8 8 0
308 84 637 261 0 8 0
308 92 640 258 0 8 0
308 100 643 255 -8 -8 0
300 92 646 252 0 0 0
300 92 649 249 -8 -8 0
292 84 652 246 0 0 0
292 84 655 243 0 0 0
292 84 658 240 -8 -8 0
284 76 661 237 0 0 0
284 76 664 234 0 -8 0
284 68 667 231 -8 -8 0
276 60 670 228 0 -8 0
276 60 673 225 -8 -8 0
268 60 676 222 0 -8 0
268 60 679 219 0 -8 0
268 60 682 216 -8 8 0
260 68 685 213 0 0 0
260 68 688 210 0 -8 0
260 60 691 207 -8 0 0
252 60 694 204 0 -8 0
252 60 697 201 -8 -8 0
244 60 700 198 0 8 0
244 68 703 195 0 8 0
244 76 706 192 -8 0 0
236 76 709 189 0 -8 0
236 68 712 186 0 -8 0
236 60 715 183 -8 0 0
228 60 718 180 0 0 0
228 60 721 177 -8 8 0
220 68 724 174 0 8 0
220 76 727 171 0 8 0
220 84 730 168 -8 0 0
212 84 733 165 0 -8 0
212 76 736 162 0 -8 0
212 68 739 159 -8 0 0
204 68 742 156 0 8 0
204 76 745 153 -8 8 0
196 84 748 150 0 0 0
196 84 751 147 0 8 0
196 92 754 144 -8 -8 0
188 84 757 141 0 -8 0
188 76 760 138 0 8 0
188 84 763 135 -8 8 0
180 92 766 132 0 8 0
180 100 769 129 -8 8 0
172 108 772 126 0 8 0
172 116 775 123 0 8 0
172 124 778 120 -8 -8 0
164 116 781 117 0 8 0
164 124 778 114 0 0 0
164 124 775 111 -8 0 0
156 124 772 108 0 0 0
156 124 769 105 -8 8 0
148 132 766 102 0 -8 0
148 124 763 99 0 0 0
148 124 760 96 -8 0 0
140 124 757 93 0 0 0
140 124 754 90 0 8 0
140 132 751 87 -8 8 0
132 140 748 84 0 8 0
132 148 745 81 -8 0 0
124 148 742 78 0 0 0
124 148 739 75 0 8 0
124 156 736 72 -8 8 0
116 164 733 69 0 -8 0
116 156 730 66 0 8 0
116 164 727 63 -8 8 0
108 172 724 60 0 0 0
108 172 721 57 -8 0 0
100 172 718 54 0 -8 0
100 164 715 51 0 -8 0
100 156 712 48 -8 -8 0
92 148 709 45 0 0 0
92 148 706 42 0 -8 0
92 140 703 39 -8 8 0
84 148 700 36 0 8 0
84 156 697 33 -8 8 0
76 164 694 30 0 8 0
76 172 691 27 0 8 0
76 180 688 24 -8 8 0
68 188 685 21 0 0 0
68 188 682 18 0 -8 0
68 180 679 15 -8 0 0
60 180 676 12 0 -8 0
60 172 673 9 -8 -8 0
60 164 670 12 0 0 0
60 164 667 15 0 0 0
60 164 664 18 0 -8 0
60 156 661 21 0 8 0
60 164 658 24 0 8 0
60 172 655 27 0 0 0
60 172 652 30 0 8 0
60 180 649 33 0 8 0
60 188 646 36 0 -8 0
60 180 643 39 0 0 0
60 180 640 42 0 8 0
60 188 637 45 0 8 0
60 196 634 48 0 0 0
60 196 631 51 0 0 0
60 196 628 54 0 -8 0
60 188 625 57 0 0 0
60 188 622 60 0 -8 0
60 180 619 63 0 -8 0
60 172 616 66 0 0 0
60 172 613 69 0 0 0
60 172 610 72 0 0 0
60 172 607 75 0 8 0
60 180 604 78 0 -8 0
60 172 601 81 0 8 0
60 180 598 84 0 -8 0
60 172 595 87 0 -8 0
60 164 592 90 0 0 0
60 164 589 93 0 0 0
60 164 586 96 0 8 0
60 172 583 99 0 8 0
60 180 580 102 0 0 0
60 180 577 105 0 0 0
60 180 574 108 0 8 0
60 188 571 111 8 8 0
68 196 568 114 0 -8 0
68 188 565 117 0 0 0
68 188 562 120 8 -8 0
76 180 559 123 0 -8 0
76 172 556 126 0 8 0
76 180 553 129 8 -8 0
84 172 550 132 0 8 0
84 180 547 135 8 0 0
92 180 544 138 0 -8 0
92 172 541 141 0 8 0
92 180 538 144 8 8 0
100 188 535 147 0 0 0
100 188 532 150 0 -8 0
100 180 529 153 8 -8 0
108 172 526 156 0 -8 0
108 164 523 159 8 0 0
116 164 520 162 0 0 0
116 164 517 165 0 0 0
116 164 514 168 8 0 0
124 164 511 171 0 8 0
124 172 508 174 0 8 0
124 180 505 177 8 0 0
132 180 502 180 0 0 0
132 180 499 183 8 0 0
140 180 496 186 0 -8 0
140 172 493 189 0 8 0
140 180 490 192 8 0 0
148 180 487 195 0 -8 0
148 172 484 198 0 8 0
148 180 481 201 8 -8 0
156 172 478 204 0 0 0
156 172 475 207 8 0 0
164 172 472 210 0 0 0
164 172 469 213 0 -8 0
164 164 466 216 8 -8 0
172 156 463 219 0 -8 0
172 148 460 222 0 0 0
172 148 457 225 8 -8 0
180 140 454 228 0 0 0
180 140 451 231 8 -8 0
188 132 448 234 0 -8 0
188 124 445 237 0 8 0
188 132 442 240 8 8 0
196 140 439 243 0 -8 0
196 132 436 246 0 -8 0
196 124 433 249 8 8 0
204 132 430 252 0 8 0
204 140 427 255 8 0 0
212 140 424 258 0 8 0
212 148 421 261 0 -8 0
212 140 418 264 8 -8 0
220 132 415 267 0 -8 0
220 124 412 270 0 8 0
220 132 409 273 8 8 0
228 140 406 276 0 8 0
228 148 403 279 8 -8 0
236 140 400 282 0 0 0
236 140 397 285 0 0 0
236 140 394 288 8 0 0
244 140 391 291 0 0 0
244 140 388 294 0 -8 0
244 132 385 297 8 8 0
252 140 382 300 0 -8 0
252 132 379 303 8 0 0
260 132 376 306 0 8 0
260 140 373 309 0 -8 0
260 132 370 312 8 8 0
268 140 367 315 0 8 0
268 148 364 318 0 8 0
268 156 361 321 8 -8 0
276 148 358 324 0 -8 0
276 140 355 327 8 0 0
284 140 352 330 0 0 0
284 140 349 333 0 0 0
284 140 346 336 8 8 0
292 148 343 339 0 0 0
292 148 340 342 0 8 0
292 156 337 345 8 8 0
300 164 334 348 0 -8 0
300 156 331 351 8 0 0
308 156 328 354 0 -8 0
308 148 325 357 0 -8 0
308 140 322 360 8 8 0
316 148 319 363 0 -8 0
316 140 316 366 0 0 0
316 140 313 369 8 8 0
324 148 310 372 0 8 0
324 156 307 375 8 -8 0
332 148 304 378 0 8 0
332 156 301 381 0 0 0
332 156 298 384 8 8 0
340 164 295 387 0 8 0
340 172 292 390 0 0 0
340 172 289 393 8 0 0
348 172 286 396 0 0 0
348 172 283 399 8 -8 0
356 164 280 402 0 8 0
356 172 277 405 0 8 0
356 180 274 408 8 8 0
364 188 271 411 0 0 0
364 188 268 414 0 0 0
364 188 265 417 8 -8 0
372 180 262 420 0 0 0
372 180 259 423 8 8 0
380 188 256 426 0 8 0
380 196 253 429 0 0 0
380 196 250 432 8 0 0
388 196 247 435 0 0 0
388 196 244 438 0 8 0
388 204 241 441 8 8 0
396 212 238 444 0 8 0
396 220 235 447 8 -8 0
404 212 232 450 0 8 0
404 220 229 453 0 8 0
404 228 226 456 8 -8 0
412 220 223 459 0 0 0
412 220 220 462 0 8 0
412 228 217 465 8 0 0
420 228 214 468 0 0 0
420 228 211 471 8 8 0
428 236 208 474 0 8 0
428 244 205 477 0 0 0
428 244 202 480 8 8 0
436 252 199 483 0 8 0
436 260 196 486 0 0 0
436 260 193 489 8 8 0
444 268 190 492 0 0 0
444 268 187 495 8 8 0
452 276 184 498 0 -8 0
452 268 181 501 0 0 0
452 268 178 504 8 0 0
460 268 175 507 0 0 0
460 268 172 510 0 0 0
460 268 169 513 8 0 0
468 268 166 516 0 0 0
468 268 163 519 8 0 0
476 268 160 522 0 -8 0
476 260 157 525 0 0 0
476 260 154 528 8 0 0
484 260 151 531 0 -8 0
484 252 148 534 0 8 0
484 260 145 537 8 -8 0
492 252 142 540 0 0 0
492 252 139 543 8 0 0
500 252 136 546 0 0 0
500 252 133 549 0 8 0
500 260 130 552 8 0 0
508 260 127 555 0 0 0
508 260 124 558 0 0 0
508 260 121 561 8 -8 0
516 252 118 564 0 0 0
516 252 115 567 8 0 0
524 252 112 570 0 8 0
524 260 109 573 0 0 0
524 260 106 576 8 -8 0
532 252 103 579 0 8 0
532 260 100 582 0 -8 0
532 252 97 585 8 8 0
540 260 94 588 0 0 0
540 260 91 591 8 8 0
540 268 88 588 0 0 0
540 268 85 585 0 -8 0
540 260 82 582 0 -8 0
540 252 79 579 0 -8 0
540 244 76 576 0 8 0
540 252 73 573 0 -8 0
540 244 70 570 0 0 0
540 244 67 567 0 -8 0
540 236 64 564 0 8 0
540 244 61 561 0 0 0
540 244 58 558 0 0 0
540 244 55 555 0 8 0
540 252 52 552 0 8 0
540 260 49 549 0 0 0
540 260 46 546 0 0 0
540 260 43 543 0 8 0
540 268 40 540 0 -8 0
540 260 37 537 0 8 0
540 268 34 534 0 0 0
540 268 31 531 0 -8 0
540 260 28 528 0 0 0
540 260 25 525 0 -8 0
540 252 22 522 0 8 0
540 260 19 519 0 -8 0
540 252 22 516 0 0 0
540 252 25 513 0 0 0
540 252 28 510 0 8 0
540 260 31 507 0 0 0
540 260 34 504 0 0 0
540 260 37 501 0 0 0
540 260 40 498 0 8 0
540 268 43 495 0 0 0
540 268 46 492 0 0 0
540 268 49 489 -8 -8 0
532 260 52 486 0 0 0
532 260 55 483 0 -8 0
532 252 58 480 -8 -8 0
524 244 61 477 0 -8 0
524 236 64 474 0 0 0
524 236 67 471 -8 8 0
516 244 70 468 0 0 0
516 244 73 465 -8 8 0
508 252 76 462 0 -8 0
508 244 79 459 0 -8 0
508 236 82 456 -8 0 0
500 236 85 453 0 8 0
500 244 88 450 0 -8 0
500 236 91 447 -8 -8 0
492 228 94 444 0 -8 0
492 220 97 441 -8 -8 0
484 212 100 438 0 8 0
484 220 103 435 0 -8 0
484 212 106 432 -8 8 0
476 220 109 429 0 0 0
476 220 112 426 0 8 0
476 228 115 423 -8 -8 0
468 220 118 420 0 -8 0
468 212 121 417 -8 -8 0
460 204 124 414 0 0 0
460 204 127 411 0 8 0
460 212 130 408 -8 0 0
452 212 133 405 0 -8 0
452 204 136 402 0 0 0
452 204 139 399 -8 -8 0
444 196 142 396 0 8 0
444 204 145 393 -8 0 0
436 204 148 390 0 8 0
436 212 151 387 0 -8 0
436 204 154 384 -8 0 0
428 204 157 381 0 0 0
428 204 160 378 0 -8 0
428 196 163 375 -8 0 0
420 196 166 372 0 0 0
420 196 169 369 -8 0 0
412 196 172 366 0 8 0
412 204 175 363 0 -8 0
412 196 178 360 -8 0 0
404 196 181 357 0 -8 0
404 188 184 354 0 8 0
404 196 187 351 -8 -8 0
396 188 190 348 0 8 0
396 196 193 345 -8 8 0
388 204 196 342 0 8 0
388 212 199 339 0 0 0
388 212 202 336 -8 -8 0
380 204 205 333 0 -8 0
380 196 208 330 0 8 0
380 204 211 327 -8 8 0
372 212 214 324 0 0 0
372 212 217 321 -8 0 0
364 212 220 318 0 -8 0
364 204 223 315 0 0 0
364 204 226 312 -8 -8 0
356 196 229 309 0 8 0
356 204 232 306 0 0 0
356 204 235 303 -8 -8 0
348 196 238 300 0 -8 0
348 188 241 297 -8 0 0
340 188 244 294 0 8 0
340 196 247 291 0 -8 0
340 188 250 288 -8 -8 0
332 180 253 285 0 -8 0
332 172 256 282 0 8 0
332 180 259 279 -8 0 0
324 180 262 276 0 -8 0
324 172 265 273 -8 8 0
316 180 268 270 0 0 0
316 180 271 267 0 -8 0
316 172 274 264 -8 8 0
308 180 277 261 0 0 0
308 180 280 258 0 -8 0
308 172 283 255 -8 8 0
300 180 286 252 0 0 0
300 180 289 249 -8 -8 0
292 172 292 246 0 -8 0
292 164 295 243 0 0 0
292 164 298 240 -8 8 0
284 172 301 237 0 8 0
284 180 304 234 0 -8 0
284 172 307 231 -8 0 0
276 172 310 228 0 -8 0
276 164 313 225 -8 -8 0
268 156 316 222 0 -8 0
268 148 319 219 0 0 0
268 148 322 216 -8 8 0
260 156 325 213 0 8 0
260 164 328 210 0 0 0
260 164 331 207 -8 -8 0
252 156 334 204 0 8 0
252 164 337 201 -8 8 0
244 172 340 198 0 0 0
244 172 343 195 0 0 0
244 172 346 192 -8 8 0
236 180 349 189 0 -8 0
236 172 352 186 0 0 0
236 172 355 183 -8 8 0
228 180 358 180 0 -8 0
228 172 361 177 -8 -8 0
220 164 364 174 0 8 0
220 172 367 171 0 -8 0
220 164 370 168 -8 0 0
212 164 373 165 0 8 0
212 172 376 162 0 8 0
212 180 379 159 -8 8 0
204 188 382 156 0 0 0
204 188 385 153 -8 8 0
196 196 388 150 0 8 0
196 204 391 147 0 8 0
196 212 394 144 -8 8 0
188 220 397 141 0 0 0
188 220 400 138 0 8 0
188 228 403 135 -8 -8 0
180 220 406 132 0 0 0
180 220 409 129 -8 8 0
172 228 412 126 0 -8 0
172 220 415 123 0 0 0
172 220 418 120 -8 8 0
164 228 421 117 0 -8 0
164 220 424 114 0 0 0
164 220 427 111 -8 -8 0
156 212 430 108 0 -8 0
156 204 433 105 -8 0 0
148 204 436 102 0 8 0
148 212 439 99 0 0 0
148 212 442 96 -8 0 0
140 212 445 93 0 -8 0
140 204 448 90 0 8 0
140 212 451 87 -8 -8 0
132 204 454 84 0 -8 0
132 196 457 81 -8 0 0
124 196 460 78 0 0 0
124 196 463 75 0 0 0
124 196 466 72 -8 8 0
116 204 469 69 0 8 0
116 212 472 66 0 -8 0
116 204 475 63 -8 8 0
108 212 478 60 0 -8 0
108 204 481 57 -8 0 0
100 204 484 54 0 0 0
100 204 487 51 0 0 0
100 204 490 48 -8 0 0
92 204 493 45 0 -8 0
92 196 496 42 0 8 0
92 204 499 39 -8 8 0
84 212 502 36 0 8 0
84 220 505 33 -8 0 0
76 220 508 30 0 0 0
76 220 511 27 0 0 0
76 220 514 24 -8 0 0
68 220 517 21 0 0 0
68 220 520 18 0 8 0
68 228 523 15 -8 8 0
60 236 526 12 0 -8 0
60 228 529 9 -8 0 0
60 228 532 12 0 8 0
60 236 535 15 0 -8 0
60 228 538 18 0 0 0
60 228 541 21 0 8 0
60 236 544 24 0 8 0
60 244 547 27 0 8 0
60 252 550 30 0 8 0
60 260 553 33 0 0 0
60 260 556 36 0 8 0
60 268 559 39 0 8 0
60 276 562 42 0 8 0
60 284 565 45 0 -8 0
60 276 568 48 0 8 0
60 284 571 51 0 0 0
60 284 574 54 0 8 0
60 292 577 57 0 8 0
60 300 580 60 0 -8 0
60 292 583 63 0 0 0
60 292 586 66 0 -8 0
60 284 589 69 0 8 0
60 292 592 72 0 8 0
60 300 595 75 0 -8 0
60 292 598 78 0 -8 0
60 284 601 81 0 8 0
60 292 604 84 0 0 0
60 292 607 87 0 -8 0
60 284 610 90 0 -8 0
60 276 613 93 0 0 0
60 276 616 96 0 8 0
60 284 619 99 0 8 0
60 292 622 102 0 -8 0
60 284 625 105 0 0 0
60 284 628 108 0 -8 0
60 276 631 111 8 -8 0
68 268 634 114 0 8 0
68 276 637 117 0 0 0
68 276 640 120 8 -8 0
76 268 643 123 0 0 0
76 268 646 126 0 -8 0
76 260 649 129 8 -8 0
84 252 652 132 0 8 0
84 260 655 135 8 8 0
92 268 658 138 0 -8 0
92 260 661 141 0 0 0
92 260 664 144 8 8 0
100 268 667 147 0 -8 0
100 260 670 150 0 -8 0
100 252 673 153 8 0 0
108 252 676 156 0 -8 0
108 244 679 159 8 -8 0
116 236 682 162 0 0 0
116 236 685 165 0 0 0
116 236 688 168 8 8 0
124 244 691 171 0 8 0
124 252 694 174 0 0 0
124 252 697 177 8 0 0
132 252 700 180 0 -8 0
132 244 703 183 8 -8 0
140 236 706 186 0 8 0
140 244 709 189 0 -8 0
140 236 712 192 8 0 0
148 236 715 195 0 -8 0
148 228 718 198 0 0 0
148 228 721 201 8 -8 0
156 220 724 204 0 -8 0
156 212 727 207 8 8 0
164 220 730 210 0 -8 0
164 212 733 213 0 8 0
164 220 736 216 8 0 0
172 220 739 219 0 0 0
172 220 742 222 0 8 0
172 228 745 225 8 0 0
180 228 748 228 0 8 0
180 236 751 231 8 0 0
188 236 754 234 0 0 0
188 236 757 237 0 -8 0
188 228 760 240 8 0 0
196 228 763 243 0 8 0
196 236 766 246 0 8 0
196 244 769 249 8 -8 0
204 236 772 252 0 -8 0
204 228 775 255 8 8 0
212 236 778 258 0 8 0
212 244 781 261 0 -8 0
212 236 778 264 8 0 0
220 236 775 267 0 8 0
220 244 772 270 0 0 0
220 244 769 273 8 0 0
228 244 766 276 0 8 0
228 252 763 279 8 0 0
236 252 760 282 0 0 0
236 252 757 285 0 -8 0
236 244 754 288 8 8 0
244 252 751 291 0 8 0
244 260 748 294 0 8 0
244 268 745 297 8 -8 0
252 260 742 300 0 8 0
252 268 739 303 8 -8 0
260 260 736 306 0 -8 0
260 252 733 309 0 -8 0
260 244 730 312 8 8 0
268 252 727 315 0 8 0
268 260 724 318 0 -8 0
268 252 721 321 8 8 0
276 260 718 324 0 8 0
276 268 715 327 8 -8 0
284 260 712 330 0 0 0
284 260 709 333 0 -8 0
284 252 706 336 8 8 0
292 260 703 339 0 8 0
292 268 700 342 0 -8 0
292 260 697 345 8 0 0
300 260 694 348 0 -8 0
300 252 691 351 8 -8 0
308 244 688 354 0 0 0
308 244 685 357 0 0 0
308 244 682 360 8 8 0
316 252 679 363 0 8 0
316 260 676 366 0 0 0
316 260 673 369 8 0 0
324 260 670 372 0 0 0
324 260 667 375 8 0 0
332 260 664 378 0 -8 0
332 252 661 381 0 0 0
332 252 658 384 8 0 0
340 252 655 387 0 -8 0
340 244 652 390 0 8 0
340 252 649 393 8 0 0
348 252 646 396 0 -8 0
348 244 643 399 8 0 0
356 244 640 402 0 8 0
356 252 637 405 0 0 0
356 252 634 408 8 0 0
364 252 631 411 0 8 0
364 260 628 414 0 8 0
364 268 625 417 8 -8 0
372 260 622 420 0 8 0
372 268 619 423 8 0 0
380 268 616 426 0 8 0
380 276 613 429 0 8 0
380 284 610 432 8 -8 0
388 276 607 435 0 -8 0
388 268 604 438 0 -8 0
388 260 601 441 8 -8 0
396 252 598 444 0 0 0
396 252 595 447 8 -8 0
404 244 592 450 0 8 0
404 252 589 453 0 8 0
404 260 586 456 8 8 0
412 268 583 459 0 8 0
412 276 580 462 0 8 0
412 284 577 465 8 8 0
420 292 574 468 0 0 0
420 292 571 471 8 0 0
428 292 568 474 0 0 0
428 292 565 477 0 8 0
428 300 562 480 8 0 0
436 300 559 483 0 8 0
436 308 556 486 0 -8 0
436 300 553 489 8 -8 0
444 292 550 492 0 -8 0
444 284 547 495 8 -8 0
452 276 544 498 0 0 0
452 276 541 501 0 0 0
452 276 538 504 8 8 0
460 284 535 507 0 8 0
460 292 532 510 0 8 0
460 300 529 513 8 0 0
468 300 526 516 0 -8 0
468 292 523 519 8 0 0
476 292 520 522 0 -8 0
476 284 517 525 0 0 0
476 284 514 528 8 0 0
484 284 511 531 0 -8 0
484 276 508 534 0 8 0
484 284 505 537 8 8 0
492 292 502 540 0 8 0
492 300 499 543 8 -8 0
500 292 496 546 0 0 0
500 292 493 549 0 0 0
500 292 490 552 8 8 0
508 300 487 555 0 8 0
508 308 484 558 0 -8 0
508 300 481 561 8 8 0
516 308 478 564 0 0 0
516 308 475 567 8 8 0
524 316 472 570 0 0 0
524 316 469 573 0 0 0
524 316 466 576 8 0 0
532 316 463 579 0 -8 0
532 308 460 582 0 -8 0
532 300 457 585 8 8 0
540 308 454 588 0 8 0
540 316 451 591 8 8 0
540 324 448 588 0 -8 0
540 316 445 585 0 8 0
540 324 442 582 0 0 0
540 324 439 579 0 -8 0
540 316 436 576 0 -8 0
540 308 433 573 0 0 0
540 308 430 570 0 0 0
540 308 427 567 0 8 0
540 316 424 564 0 0 0
540 316 421 561 0 0 0
540 316 418 558 0 8 0
540 324 415 555 0 -8 0
540 316 412 552 0 -8 0
540 308 409 549 0 8 0
540 316 406 546 0 -8 0
540 308 403 543 0 -8 0
540 300 400 540 0 0 0
540 300 397 537 0 0 0
540 300 394 534 0 8 0
540 308 391 531 0 -8 0
540 300 388 528 0 8 0
540 308 385 525 0 -8 0
540 300 382 522 0 0 0
540 300 379 519 0 8 0
540 308 376 516 0 8 0
540 316 373 513 0 8 0
540 324 370 510 0 -8 0
540 316 367 507 0 8 0
540 324 364 504 0 8 0
540 332 361 501 0 -8 0
540 324 358 498 0 -8 0
540 316 355 495 0 -8 0
540 308 352 492 0 0 0
540 308 349 489 -8 8 0
532 316 346 486 0 0 0
532 316 343 483 0 8 0
532 324 340 480 -8 0 0
524 324 337 477 0 -8 0
524 316 334 474 0 8 0
524 324 331 471 -8 8 0
516 332 328 468 0 8 0
516 340 325 465 -8 8 0
508 348 322 462 0 8 0
508 356 319 459 0 0 0
508 356 316 456 -8 0 0
500 356 313 453 0 -8 0
500 348 310 450 0 8 0
500 356 307 447 -8 0 0
492 356 304 444 0 8 0
492 364 301 441 -8 8 0
484 372 298 438 0 0 0
484 372 295 435 0 -8 0
484 364 292 432 -8 -8 0
476 356 289 429 0 0 0
476 356 286 426 0 -8 0
476 348 283 423 -8 8 0
468 356 280 420 0 -8 0
468 348 277 417 -8 0 0
460 348 274 414 0 0 0
460 348 271 411 0 8 0
460 356 268 408 -8 -8 0
452 348 265 405 0 8 0
452 356 262 402 0 -8 0
452 348 259 399 -8 8 0
444 356 256 396 0 0 0
444 356 253 393 -8 -8 0
436 348 250 390 0 -8 0
436 340 247 387 0 0 0
436 340 244 384 -8 -8 0
428 332 241 381 0 0 0
428 332 238 378 0 -8 0
428 324 235 375 -8 8 0
420 332 232 372 0 0 0
420 332 229 369 -8 -8 0
412 324 226 366 0 0 0
412 324 223 363 0 0 0
412 324 220 360 -8 0 0
404 324 217 357 0 0 0
404 324 214 354 0 -8 0
404 316 211 351 -8 0 0
396 316 208 348 0 8 0
396 324 205 345 -8 0 0
388 324 202 342 0 8 0
388 332 199 339 0 -8 0
388 324 196 336 -8 0 0
380 324 193 333 0 8 0
380 332 190 330 0 0 0
380 332 187 327 -8 8 0
372 340 184 324 0 8 0
372 348 181 321 -8 0 0
364 348 178 318 0 -8 0
364 340 175 315 0 -8 0
364 332 172 312 -8 0 0
356 332 169 309 0 0 0
356 332 166 306 0 8 0
356 340 163 303 -8 8 0
348 348 160 300 0 -8 0
348 340 157 297 -8 -8 0
340 332 154 294 0 -8 0
340 324 151 291 0 8 0
340 332 148 288 -8 8 0
332 340 145 285 0 8 0
332 348 142 282 0 0 0
332 348 139 279 -8 -8 0
324 340 136 276 0 0 0
324 340 133 273 -8 8 0
316 348 130 270 0 8 0
316 356 127 267 0 0 0
316 356 124 264 -8 -8 0
308 348 121 261 0 0 0
308 348 118 258 0 -8 0
308 340 115 255 -8 0 0
300 340 112 252 0 8 0
300 348 109 249 -8 -8 0
292 340 106 246 0 8 0
292 348 103 243 0 0 0
292 348 100 240 -8 0 0
284 348 97 237 0 8 0
284 356 94 234 0 8 0
284 364 91 231 -8 -8 0
276 356 88 228 0 0 0
276 356 85 225 -8 0 0
268 356 82 222 0 -8 0
268 348 79 219 0 0 0
268 348 76 216 -8 -8 0
260 340 73 213 0 8 0
260 348 70 210 0 8 0
260 356 67 207 -8 0 0
252 356 64 204 0 8 0
252 364 61 201 -8 8 0
244 372 58 198 0 -8 0
244 364 55 195 0 0 0
244 364 52 192 -8 -8 0
236 356 49 189 0 0 0
236 356 46 186 0 -8 0
236 348 43 183 -8 8 0
228 356 40 180 0 -8 0
228 348 37 177 -8 8 0
220 356 34 174 0 8 0
220 364 31 171 0 8 0
220 372 28 168 -8 8 0
212 380 25 165 0 0 0
212 380 22 162 0 -8 0
212 372 19 159 0 0 1
212 372 19 159 0 0 1
212 372 19 159 0 0 1
212 372 19 159 0 0 1
212 372 19 159 0 0 1
