288 274 265 189 0 0 0
288 274 262 186 -8 -8 0
280 266 259 183 -8 -8 0
272 258 256 180 -8 8 0
264 266 253 177 -8 8 0
256 274 250 174 -8 8 0
248 282 247 171 -8 -8 0
240 274 244 168 -8 -8 0
232 266 241 165 -8 -8 0
224 258 238 162 -8 -8 0
216 250 235 159 -8 8 0
208 258 232 156 -8 8 0
200 266 229 153 0 8 0
200 274 226 150 0 -8 0
200 266 223 147 -8 8 0
192 274 220 144 0 0 0
192 274 217 141 -8 0 0
184 274 214 138 0 -8 0
184 266 211 135 0 -8 0
184 258 208 132 -8 0 0
176 258 205 129 0 0 0
176 258 202 126 0 -8 0
176 250 199 123 -8 8 0
168 258 196 120 0 0 0
168 258 193 117 -8 0 0
160 258 190 114 0 8 0
160 266 187 111 0 8 0
160 274 184 108 -8 0 0
152 274 181 105 0 -8 0
152 266 178 102 0 8 0
152 274 175 99 -8 -8 0
144 266 172 96 0 -8 0
144 258 169 93 -8 8 0
136 266 166 90 0 -8 0
136 258 163 87 0 8 0
136 266 160 84 -8 -8 0
128 258 157 81 0 -8 0
128 250 154 78 0 0 0
128 250 151 75 -8 -8 0
120 242 148 72 0 -8 0
120 234 145 69 -8 8 0
112 242 142 66 0 8 0
112 250 139 63 0 0 0
112 250 136 60 -8 -8 0
104 242 133 57 0 -8 0
104 234 130 54 0 -8 0
104 226 127 51 -8 -8 0
96 218 124 48 0 0 0
96 218 121 45 -8 0 0
88 218 118 42 0 8 0
88 226 115 39 0 -8 0
88 218 112 36 -8 8 0
80 226 109 33 0 8 0
80 234 106 30 0 -8 0
80 226 103 27 -8 8 0
72 234 100 24 0 -8 0
72 226 97 21 -8 0 0
64 226 94 18 0 8 0
64 234 91 15 0 8 0
64 242 88 12 -8 -8 0
60 234 85 9 -8 8 0
60 242 82 12 0 8 0
60 250 79 15 0 0 0
60 250 76 18 0 8 0
60 258 73 21 0 8 0
60 266 70 24 0 8 0
60 274 67 27 0 8 0
60 282 64 30 0 -8 0
60 274 61 33 0 0 0
60 274 58 36 0 0 0
60 274 55 39 0 -8 0
60 266 52 42 0 -8 0
60 258 49 45 0 8 0
60 266 46 48 0 0 0
60 266 43 51 0 0 0
60 266 40 54 0 8 0
60 274 37 57 0 0 0
60 274 34 60 0 -8 0
60 266 31 63 0 -8 0
60 258 28 66 0 0 0
60 258 25 69 0 8 0
60 266 22 72 0 -8 0
60 258 19 75 0 8 0
60 266 22 78 0 8 0
60 274 25 81 0 -8 0
60 266 28 84 0 -8 0
60 258 31 87 0 0 0
60 258 34 90 0 8 0
60 266 37 93 0 -8 0
60 258 40 96 0 -8 0
60 250 43 99 0 8 0
60 258 46 102 0 0 0
60 258 49 105 0 8 0
60 266 52 108 0 -8 0
60 258 55 111 8 0 0
68 258 58 114 0 -8 0
68 250 61 117 0 -8 0
68 242 64 120 8 -8 0
76 234 67 123 0 0 0
76 234 70 126 0 -8 0
76 226 73 129 8 8 0
84 234 76 132 0 0 0
84 234 79 135 8 0 0
92 234 82 138 0 0 0
92 234 85 141 0 8 0
92 242 88 144 8 -8 0
100 234 91 147 0 -8 0
100 226 94 150 0 0 0
100 226 97 153 8 -8 0
108 218 100 156 0 8 0
108 226 103 159 8 0 0
116 226 106 162 0 8 0
116 234 109 165 0 0 0
116 234 112 168 8 8 0
124 242 115 171 0 -8 0
124 234 118 174 0 8 0
124 242 121 177 8 -8 0
132 234 124 180 0 8 0
132 242 127 183 8 -8 0
140 234 130 186 0 0 0
140 234 133 189 0 -8 0
140 226 136 192 8 8 0
148 234 139 195 0 0 0
148 234 142 198 0 8 0
148 242 145 201 8 8 0
156 250 148 204 0 -8 0
156 242 151 207 8 -8 0
164 234 154 210 0 8 0
164 242 157 213 0 -8 0
164 234 160 216 8 8 0
172 242 163 219 0 0 0
172 242 166 222 0 -8 0
172 234 169 225 8 8 0
180 242 172 228 0 8 0
180 250 175 231 8 0 0
188 250 178 234 0 8 0
188 258 181 237 0 -8 0
188 250 184 240 8 0 0
196 250 187 243 0 8 0
196 258 190 246 0 8 0
196 266 193 249 8 -8 0
204 258 196 252 0 0 0
204 258 199 255 8 0 0
212 258 202 258 0 8 0
212 266 205 261 0 8 0
212 274 208 264 8 -8 0
220 266 211 267 0 -8 0
220 258 214 270 0 -8 0
220 250 217 273 8 8 0
228 258 220 276 0 -8 0
228 250 223 279 8 0 0
236 250 226 282 0 0 0
236 250 229 285 0 -8 0
236 242 232 288 8 -8 0
244 234 235 291 0 0 0
244 234 238 294 0 0 0
244 234 241 297 8 -8 0
252 226 244 300 0 -8 0
252 218 247 303 8 8 0
260 226 250 306 0 8 0
260 234 253 309 0 -8 0
260 226 256 312 8 -8 0
268 218 259 315 0 0 0
268 218 262 318 0 -8 0
268 210 265 321 8 8 0
276 218 268 324 0 0 0
276 218 271 327 8 8 0
284 226 274 330 0 0 0
284 226 277 333 0 0 0
284 226 280 336 8 0 0
292 226 283 339 0 -8 0
292 218 286 342 0 0 0
292 218 289 345 8 8 0
300 226 292 348 0 8 0
300 234 295 351 8 8 0
308 242 298 354 0 -8 0
308 234 301 357 0 8 0
308 242 304 360 8 0 0
316 242 307 363 0 -8 0
316 234 310 366 0 8 0
316 242 313 369 8 0 0
324 242 316 372 0 0 0
324 242 319 375 8 8 0
332 250 322 378 0 0 0
332 250 325 381 0 -8 0
332 242 328 384 8 8 0
340 250 331 387 0 8 0
340 258 334 390 0 8 0
340 266 337 393 8 -8 0
348 258 340 396 0 -8 0
348 250 343 399 8 8 0
356 258 346 402 0 -8 0
356 250 349 405 0 -8 0
356 242 352 408 8 0 0
364 242 355 411 0 0 0
364 242 358 414 0 -8 0
364 234 361 417 8 8 0
372 242 364 420 0 0 0
372 242 367 423 8 -8 0
380 234 370 426 0 -8 0
380 226 373 429 0 0 0
380 226 376 432 8 0 0
388 226 379 435 0 0 0
388 226 382 438 0 0 0
388 226 385 441 8 -8 0
396 218 388 444 0 0 0
396 218 391 447 8 -8 0
404 210 394 450 0 0 0
404 210 397 453 0 -8 0
404 202 400 456 8 0 0
412 202 403 459 0 -8 0
412 194 406 462 0 -8 0
412 186 409 465 8 -8 0
420 178 412 468 0 -8 0
420 170 415 471 8 8 0
428 178 418 474 0 -8 0
428 170 421 477 0 8 0
428 178 424 480 8 0 0
436 178 427 483 0 8 0
436 186 430 486 0 8 0
436 194 433 489 8 -8 0
444 186 436 492 0 0 0
444 186 439 495 8 8 0
452 194 442 498 0 0 0
452 194 445 501 0 0 0
452 194 448 504 8 -8 0
460 186 451 507 0 0 0
460 186 454 510 0 0 0
460 186 457 513 8 0 0
468 186 460 516 0 -8 0
468 178 463 519 8 8 0
476 186 466 522 0 -8 0
476 178 469 525 0 8 0
476 186 472 528 8 8 0
484 194 475 531 0 0 0
484 194 478 534 0 8 0
484 202 481 537 8 0 0
492 202 484 540 0 -8 0
492 194 487 543 8 -8 0
500 186 490 546 0 8 0
500 194 493 549 0 -8 0
500 186 496 552 8 -8 0
508 178 499 555 0 -8 0
508 170 502 558 0 0 0
508 170 505 561 8 -8 0
516 162 508 564 0 8 0
516 170 511 567 8 8 0
524 178 514 570 0 0 0
524 178 517 573 0 0 0
524 178 520 576 8 -8 0
532 170 523 579 0 8 0
532 178 526 582 0 -8 0
532 170 529 585 8 8 0
540 178 532 588 0 8 0
540 186 535 591 8 0 0
540 186 538 588 0 0 0
540 186 541 585 0 8 0
540 194 544 582 0 -8 0
540 186 547 579 0 8 0
540 194 550 576 0 -8 0
540 186 553 573 0 8 0
540 194 556 570 0 -8 0
540 186 559 567 0 0 0
540 186 562 564 0 -8 0
540 178 565 561 0 -8 0
540 170 568 558 0 -8 0
540 162 571 555 0 -8 0
540 154 574 552 0 8 0
540 162 577 549 0 0 0
540 162 580 546 0 8 0
540 170 583 543 0 8 0
540 178 586 540 0 8 0
540 186 589 537 0 0 0
540 186 592 534 0 8 0
540 194 595 531 0 0 0
540 194 598 528 0 0 0
540 194 601 525 0 0 0
540 194 604 522 0 8 0
540 202 607 519 0 -8 0
540 194 610 516 0 8 0
540 202 613 513 0 0 0
540 202 616 510 0 0 0
540 202 619 507 0 8 0
540 210 622 504 0 -8 0
540 202 625 501 0 0 0
540 202 628 498 0 -8 0
540 194 631 495 0 8 0
540 202 634 492 0 0 0
540 202 637 489 -8 8 0
532 210 640 486 0 8 0
532 218 643 483 0 -8 0
532 210 646 480 -8 0 0
524 210 649 477 0 -8 0
524 202 652 474 0 0 0
524 202 655 471 -8 8 0
516 210 658 468 0 8 0
516 218 661 465 -8 0 0
508 218 664 462 0 8 0
508 226 667 459 0 8 0
508 234 670 456 -8 0 0
500 234 673 453 0 -8 0
500 226 676 450 0 -8 0
500 218 679 447 -8 0 0
492 218 682 444 0 0 0
492 218 685 441 -8 0 0
484 218 688 438 0 -8 0
484 210 691 435 0 8 0
484 218 694 432 -8 -8 0
476 210 697 429 0 0 0
476 210 700 426 0 -8 0
476 202 703 423 -8 0 0
468 202 706 420 0 0 0
468 202 709 417 -8 0 0
460 202 712 414 0 0 0
460 202 715 411 0 0 0
460 202 718 408 -8 0 0
452 202 721 405 0 0 0
452 202 724 402 0 0 0
452 202 727 399 -8 8 0
444 210 730 396 0 8 0
444 218 733 393 -8 8 0
436 226 736 390 0 -8 0
436 218 739 387 0 -8 0
436 210 742 384 -8 -8 0
428 202 745 381 0 8 0
428 210 748 378 0 -8 0
428 202 751 375 -8 0 0
420 202 754 372 0 8 0
420 210 757 369 -8 8 0
412 218 760 366 0 -8 0
412 210 763 363 0 -8 0
412 202 766 360 -8 8 0
404 210 769 357 0 8 0
404 218 772 354 0 0 0
404 218 775 351 -8 -8 0
396 210 778 348 0 8 0
396 218 781 345 0 0 1
396 218 781 345 0 0 1
396 218 781 345 0 0 1
396 218 781 345 0 0 1
396 218 781 345 0 0 1
