185 143 541 399 0 0 0
185 143 538 396 8 0 0
193 143 535 393 8 0 0
201 143 532 390 8 -8 0
209 135 529 387 8 0 0
217 135 526 384 8 0 0
225 135 523 381 8 8 0
233 143 520 378 8 0 0
241 143 517 375 8 -8 0
249 135 514 372 8 8 0
257 143 511 369 8 0 0
265 143 508 366 8 8 0
273 151 505 363 8 0 0
281 151 502 360 8 0 0
289 151 499 357 8 8 0
297 159 496 354 8 0 0
305 159 493 351 0 -8 0
305 151 490 348 0 8 0
305 159 487 345 0 -8 0
305 151 484 342 0 0 0
305 151 481 339 0 -8 0
305 143 478 336 0 0 0
305 143 475 333 0 0 0
305 143 472 330 0 0 0
305 143 469 327 0 8 0
305 151 466 324 0 8 0
305 159 463 321 0 0 0
305 159 460 318 0 0 0
305 159 457 315 0 0 0
305 159 454 312 0 8 0
305 167 451 309 0 0 0
305 167 448 306 0 0 0
305 167 445 303 0 0 0
305 167 442 300 0 8 0
305 175 439 297 0 -8 0
305 167 436 294 0 -8 0
305 159 433 291 0 0 0
305 159 430 288 0 -8 0
305 151 427 285 0 0 0
305 151 424 282 0 0 0
305 151 421 279 0 -8 0
305 143 418 276 0 8 0
305 151 415 273 0 8 0
305 159 412 270 0 -8 0
305 151 409 267 0 0 0
305 151 406 264 0 8 0
305 159 403 261 0 -8 0
305 151 400 258 0 0 0
305 151 397 255 0 0 0
305 151 394 252 -8 -8 0
297 143 391 249 0 8 0
297 151 388 246 -8 -8 0
289 143 385 243 0 0 0
289 143 382 240 0 0 0
289 143 379 237 -8 8 0
281 151 376 234 0 8 0
281 159 373 231 0 -8 0
281 151 370 228 -8 8 0
273 159 367 225 0 0 0
273 159 364 222 -8 0 0
265 159 361 219 0 0 0
265 159 358 216 0 8 0
265 167 355 213 -8 0 0
257 167 352 210 0 8 0
257 175 349 207 0 -8 0
257 167 346 204 -8 -8 0
249 159 343 201 0 8 0
249 167 340 198 -8 -8 0
241 159 337 195 0 8 0
241 167 334 192 0 0 0
241 167 331 189 -8 -8 0
233 159 328 186 0 -8 0
233 151 325 183 0 -8 0
233 143 322 180 -8 0 0
225 143 319 177 0 0 0
225 143 316 174 -8 -8 0
217 135 313 171 0 0 0
217 135 310 168 0 8 0
217 143 307 165 -8 8 0
209 151 304 162 0 -8 0
209 143 301 159 0 -8 0
209 135 298 156 -8 -8 0
201 127 295 153 0 8 0
201 135 292 150 -8 -8 0
193 127 289 147 0 0 0
193 127 286 144 0 0 0
193 127 283 141 -8 0 0
185 127 280 138 0 -8 0
185 119 277 135 0 8 0
185 127 274 132 -8 0 0
177 127 271 129 0 0 0
177 127 268 126 -8 -8 0
169 119 265 123 0 8 0
169 127 262 120 0 -8 0
169 119 259 117 -8 8 0
161 127 256 114 0 8 0
161 135 253 111 0 8 0
161 143 250 108 -8 0 0
153 143 247 105 0 -8 0
153 135 244 102 -8 -8 0
145 127 241 99 0 0 0
145 127 238 96 0 0 0
145 127 235 93 -8 8 0
137 135 232 90 0 -8 0
137 127 229 87 0 0 0
137 127 226 84 -8 8 0
129 135 223 81 0 0 0
129 135 220 78 -8 0 0
121 135 217 75 0 8 0
121 143 214 72 0 8 0
121 151 211 69 -8 -8 0
113 143 208 66 0 -8 0
113 135 205 63 0 -8 0
113 127 202 60 -8 -8 0
105 119 199 57 0 -8 0
105 111 196 54 -8 8 0
97 119 193 51 0 -8 0
97 111 190 48 0 -8 0
97 103 187 45 -8 0 0
89 103 184 42 0 -8 0
89 95 181 39 0 -8 0
89 87 178 36 -8 0 0
81 87 175 33 0 0 0
81 87 172 30 -8 0 0
73 87 169 27 0 -8 0
73 79 166 24 0 8 0
73 87 163 21 -8 8 0
65 95 160 18 0 0 0
65 95 157 15 0 -8 0
65 87 154 12 -8 -8 0
60 79 151 9 -8 8 0
60 87 148 12 0 0 0
60 87 145 15 0 8 0
60 95 142 18 0 0 0
60 95 139 21 0 0 0
60 95 136 24 0 -8 0
60 87 133 27 0 -8 0
60 79 130 30 0 8 0
60 87 127 33 0 0 0
60 87 124 36 0 0 0
60 87 121 39 0 0 0
60 87 118 42 0 8 0
60 95 115 45 0 8 0
60 103 112 48 0 8 0
60 111 109 51 0 8 0
60 119 106 54 0 0 0
60 119 103 57 0 -8 0
60 111 100 60 0 0 0
60 111 97 63 0 -8 0
60 103 94 66 0 -8 0
60 95 91 69 0 8 0
60 103 88 72 0 0 0
60 103 85 75 0 0 0
60 103 82 78 0 -8 0
60 95 79 81 0 0 0
60 95 76 84 0 0 0
60 95 73 87 0 0 0
60 95 70 90 0 0 0
60 95 67 93 0 8 0
60 103 64 96 0 0 0
60 103 61 99 0 0 0
60 103 58 102 0 0 0
60 103 55 105 0 -8 0
60 95 52 108 0 -8 0
60 87 49 111 8 8 0
68 95 46 114 0 -8 0
68 87 43 117 0 0 0
68 87 40 120 8 8 0
76 95 37 123 0 -8 0
76 87 34 126 0 -8 0
76 79 31 129 8 -8 0
84 71 28 132 0 8 0
84 79 25 135 8 8 0
92 87 22 138 0 -8 0
92 79 19 141 0 -8 0
92 71 22 144 8 -8 0
100 63 25 147 0 -8 0
100 60 28 150 0 -8 0
100 60 31 153 8 0 0
108 60 34 156 0 0 0
108 60 37 159 8 8 0
116 68 40 162 0 8 0
116 76 43 165 0 -8 0
116 68 46 168 8 8 0
124 76 49 171 0 -8 0
124 68 52 174 0 0 0
124 68 55 177 8 -8 0
132 60 58 180 0 -8 0
132 60 61 183 8 0 0
140 60 64 186 0 8 0
140 68 67 189 0 -8 0
140 60 70 192 8 8 0
148 68 73 195 0 8 0
148 76 76 198 0 -8 0
148 68 79 201 8 0 0
156 68 82 204 0 8 0
156 76 85 207 8 0 0
164 76 88 210 0 8 0
164 84 91 213 0 -8 0
164 76 94 216 8 0 0
172 76 97 219 0 0 0
172 76 100 222 0 -8 0
172 68 103 225 8 -8 0
180 60 106 228 0 8 0
180 68 109 231 8 8 0
188 76 112 234 0 8 0
188 84 115 237 0 8 0
188 92 118 240 8 0 0
196 92 121 243 0 0 0
196 92 124 246 0 0 0
196 92 127 249 8 0 0
204 92 130 252 0 0 0
204 92 133 255 8 8 0
212 100 136 258 0 0 0
212 100 139 261 0 -8 0
212 92 142 264 8 8 0
220 100 145 267 0 0 0
220 100 148 270 0 -8 0
220 92 151 273 8 -8 0
228 84 154 276 0 8 0
228 92 157 279 8 0 0
236 92 160 282 0 0 0
236 92 163 285 0 -8 0
236 84 166 288 8 -8 0
244 76 169 291 0 8 0
244 84 172 294 0 -8 0
244 76 175 297 8 8 0
252 84 178 300 0 0 0
252 84 181 303 8 8 0
260 92 184 306 0 0 0
260 92 187 309 0 8 0
260 100 190 312 8 -8 0
268 92 193 315 0 8 0
268 100 196 318 0 -8 0
268 92 199 321 8 -8 0
276 84 202 324 0 -8 0
276 76 205 327 8 8 0
284 84 208 330 0 -8 0
284 76 211 333 0 8 0
284 84 214 336 8 8 0
292 92 217 339 0 -8 0
292 84 220 342 0 -8 0
292 76 223 345 8 -8 0
300 68 226 348 0 -8 0
300 60 229 351 8 0 0
308 60 232 354 0 0 0
308 60 235 357 0 8 0
308 68 238 360 8 8 0
316 76 241 363 0 -8 0
316 68 244 366 0 0 0
316 68 247 369 8 -8 0
324 60 250 372 0 -8 0
324 60 253 375 8 8 0
332 68 256 378 0 8 0
332 76 259 381 0 -8 0
332 68 262 384 8 -8 0
340 60 265 387 0 0 0
340 60 268 390 0 8 0
340 68 271 393 8 8 0
348 76 274 396 0 -8 0
348 68 277 399 8 -8 0
356 60 280 402 0 8 0
356 68 283 405 0 8 0
356 76 286 408 8 8 0
364 84 289 411 0 -8 0
364 76 292 414 0 -8 0
364 68 295 417 8 0 0
372 68 298 420 0 -8 0
372 60 301 423 8 0 0
380 60 304 426 0 -8 0
380 60 307 429 0 -8 0
380 60 310 432 8 0 0
388 60 313 435 0 8 0
388 68 316 438 0 8 0
388 76 319 441 8 -8 0
396 68 322 444 0 8 0
396 76 325 447 8 -8 0
404 68 328 450 0 0 0
404 68 331 453 0 8 0
404 76 334 456 8 -8 0
412 68 337 459 0 -8 0
412 60 340 462 0 0 0
412 60 343 465 8 0 0
420 60 346 468 0 -8 0
420 60 349 471 8 8 0
428 68 352 474 0 8 0
428 76 355 477 0 8 0
428 84 358 480 8 -8 0
436 76 361 483 0 0 0
436 76 364 486 0 8 0
436 84 367 489 8 -8 0
444 76 370 492 0 0 0
444 76 373 495 8 8 0
452 84 376 498 0 -8 0
452 76 379 501 0 0 0
452 76 382 504 8 8 0
460 84 385 507 0 0 0
460 84 388 510 0 0 0
460 84 391 513 8 -8 0
468 76 394 516 0 8 0
468 84 397 519 8 -8 0
476 76 400 522 0 -8 0
476 68 403 525 0 8 0
476 76 406 528 8 8 0
484 84 409 531 0 8 0
484 92 412 534 0 -8 0
484 84 415 537 8 0 0
492 84 418 540 0 0 0
492 84 421 543 8 -8 0
500 76 424 546 0 -8 0
500 68 427 549 0 0 0
500 68 430 552 8 -8 0
508 60 433 555 0 -8 0
508 60 436 558 0 0 0
508 60 439 561 8 8 0
516 68 442 564 0 0 0
516 68 445 567 8 8 0
524 76 448 570 0 0 0
524 76 451 573 0 8 0
524 84 454 576 8 -8 0
532 76 457 579 0 -8 0
532 68 460 582 0 0 0
532 68 463 585 8 0 0
540 68 466 588 0 8 0
540 76 469 591 8 8 0
540 84 472 588 0 8 0
540 92 475 585 0 8 0
540 100 478 582 0 -8 0
540 92 481 579 0 0 0
540 92 484 576 0 0 0
540 92 487 573 0 -8 0
540 84 490 570 0 8 0
540 92 493 567 0 8 0
540 100 496 564 0 -8 0
540 92 499 561 0 -8 0
540 84 502 558 0 -8 0
540 76 505 555 0 -8 0
540 68 508 552 0 8 0
540 76 511 549 0 0 0
540 76 514 546 0 8 0
540 84 517 543 0 0 0
540 84 520 540 0 8 0
540 92 523 537 0 -8 0
540 84 526 534 0 0 0
540 84 529 531 0 0 0
540 84 532 528 0 -8 0
540 76 535 525 0 8 0
540 84 538 522 0 -8 0
540 76 541 519 0 8 0
540 84 544 516 0 8 0
540 92 547 513 0 -8 0
540 84 550 510 0 -8 0
540 76 553 507 0 8 0
540 84 556 504 0 8 0
540 92 559 501 0 0 0
540 92 562 498 0 8 0
540 100 565 495 0 0 0
540 100 568 492 0 8 0
540 108 571 489 -8 -8 0
532 100 574 486 0 0 0
532 100 577 483 0 0 0
532 100 580 480 -8 8 0
524 108 583 477 0 8 0
524 116 586 474 0 8 0
524 124 589 471 -8 8 0
516 132 592 468 0 8 0
516 140 595 465 -8 8 0
508 148 598 462 0 8 0
508 156 601 459 0 -8 0
508 148 604 456 -8 8 0
500 156 607 453 0 8 0
500 164 610 450 0 0 0
500 164 613 447 -8 -8 0
492 156 616 444 0 -8 0
492 148 619 441 -8 0 0
484 148 622 438 0 -8 0
484 140 625 435 0 -8 0
484 132 628 432 -8 8 0
476 140 631 429 0 8 0
476 148 634 426 0 0 0
476 148 637 423 -8 8 0
468 156 640 420 0 0 0
468 156 643 417 -8 -8 0
460 148 646 414 0 0 0
460 148 649 411 0 8 0
460 156 652 408 -8 0 0
452 156 655 405 0 8 0
452 164 658 402 0 8 0
452 172 661 399 -8 0 0
444 172 664 396 0 8 0
444 180 667 393 -8 -8 0
436 172 670 390 0 8 0
436 180 673 387 0 -8 0
436 172 676 384 -8 -8 0
428 164 679 381 0 8 0
428 172 682 378 0 0 0
428 172 685 375 -8 -8 0
420 164 688 372 0 8 0
420 172 691 369 -8 0 0
412 172 694 366 0 8 0
412 180 697 363 0 -8 0
412 172 700 360 -8 -8 0
404 164 703 357 0 -8 0
404 156 706 354 0 -8 0
404 148 709 351 -8 0 0
396 148 712 348 0 8 0
396 156 715 345 -8 -8 0
388 148 718 342 0 8 0
388 156 721 339 0 0 0
388 156 724 336 -8 8 0
380 164 727 333 0 -8 0
380 156 730 330 0 0 0
380 156 733 327 -8 -8 0
372 148 736 324 0 8 0
372 156 739 321 -8 -8 0
364 148 742 318 0 0 0
364 148 745 315 0 8 0
364 156 748 312 -8 8 0
356 164 751 309 0 -8 0
356 156 754 306 0 0 0
356 156 757 303 -8 8 0
348 164 760 300 0 -8 0
348 156 763 297 -8 8 0
340 164 766 294 0 8 0
340 172 769 291 0 -8 0
340 164 772 288 -8 -8 0
332 156 775 285 0 0 0
332 156 778 282 0 8 0
332 164 781 279 0 0 1
332 164 781 279 0 0 1
332 164 781 279 0 0 1
332 164 781 279 0 0 1
332 164 781 279 0 0 1
