393 511 403 213 0 0 0
393 511 400 216 -8 8 0
385 519 397 219 -8 -8 0
377 511 394 222 -8 8 0
369 519 391 225 -8 -8 0
361 511 388 228 -8 -8 0
353 503 385 231 -8 8 0
345 511 382 234 -8 -8 0
337 503 379 237 -8 8 0
329 511 376 240 -8 -8 0
321 503 373 243 -8 0 0
313 503 370 246 -8 0 0
305 503 367 249 -8 -8 0
297 495 364 252 0 0 0
297 495 361 255 0 0 0
297 495 358 258 0 8 0
297 503 355 261 0 0 0
297 503 352 264 0 8 0
297 511 349 267 0 -8 0
297 503 346 270 0 0 0
297 503 343 273 0 -8 0
297 495 340 276 0 0 0
297 495 337 279 0 8 0
297 503 334 282 0 8 0
297 511 331 285 0 -8 0
297 503 328 288 0 0 0
297 503 325 291 0 0 0
297 503 322 294 0 8 0
297 511 319 297 0 -8 0
297 503 316 300 0 -8 0
297 495 313 303 0 8 0
297 503 310 306 0 -8 0
297 495 307 309 0 0 0
297 495 304 312 0 -8 0
297 487 301 315 0 -8 0
297 479 298 318 0 -8 0
297 471 295 321 0 0 0
297 471 292 324 0 8 0
297 479 289 327 0 8 0
297 487 286 330 0 0 0
297 487 283 333 0 -8 0
297 479 280 336 0 8 0
297 487 277 339 0 0 0
297 487 274 342 0 -8 0
297 479 271 345 0 0 0
297 479 268 348 8 -8 0
305 471 265 351 0 8 0
305 479 262 354 0 -8 0
305 471 259 357 8 -8 0
313 463 256 360 0 8 0
313 471 253 363 0 8 0
313 479 250 366 8 8 0
321 487 247 369 0 0 0
321 487 244 372 8 8 0
329 495 241 375 0 8 0
329 503 238 378 0 0 0
329 503 235 381 8 8 0
337 511 232 384 0 -8 0
337 503 229 387 0 -8 0
337 495 226 390 8 8 0
345 503 223 393 0 8 0
345 511 220 396 8 8 0
353 519 217 399 0 8 0
353 527 214 402 0 8 0
353 535 211 405 8 8 0
361 540 208 408 0 -8 0
361 532 205 411 0 8 0
361 540 202 414 8 8 0
369 540 199 417 0 -8 0
369 532 196 420 8 -8 0
377 524 193 423 0 0 0
377 524 190 426 0 -8 0
377 516 187 429 8 8 0
385 524 184 432 0 -8 0
385 516 181 435 0 -8 0
385 508 178 438 8 -8 0
393 500 175 441 0 0 0
393 500 172 444 8 -8 0
401 492 169 447 0 -8 0
401 484 166 450 0 0 0
401 484 163 453 8 0 0
409 484 160 456 0 8 0
409 492 157 459 0 0 0
409 492 154 462 8 8 0
417 500 151 465 0 0 0
417 500 148 468 8 8 0
425 508 145 471 0 8 0
425 516 142 474 0 0 0
425 516 139 477 8 8 0
433 524 136 480 0 0 0
433 524 133 483 0 0 0
433 524 130 486 8 0 0
441 524 127 489 0 0 0
441 524 124 492 8 0 0
449 524 121 495 0 -8 0
449 516 118 498 0 -8 0
449 508 115 501 8 0 0
457 508 112 504 0 8 0
457 516 109 507 0 -8 0
457 508 106 510 8 8 0
465 516 103 513 0 0 0
465 516 100 516 8 0 0
473 516 97 519 0 0 0
473 516 94 522 0 0 0
473 516 91 525 8 0 0
481 516 88 528 0 0 0
481 516 85 531 0 0 0
481 516 82 534 8 8 0
489 524 79 537 0 -8 0
489 516 76 540 8 -8 0
497 508 73 543 0 0 0
497 508 70 546 0 8 0
497 516 67 549 8 -8 0
505 508 64 552 0 8 0
505 516 61 555 0 8 0
505 524 58 558 8 -8 0
513 516 55 561 0 -8 0
513 508 52 564 8 8 0
521 516 49 567 0 0 0
521 516 46 570 0 8 0
521 524 43 573 8 8 0
529 532 40 576 0 0 0
529 532 37 579 0 -8 0
529 524 34 582 8 -8 0
537 516 31 585 0 -8 0
537 508 28 588 8 8 0
540 516 25 591 8 -8 0
540 508 22 588 0 8 0
540 516 19 585 0 0 0
540 516 22 582 0 -8 0
540 508 25 579 0 0 0
540 508 28 576 0 8 0
540 516 31 573 0 0 0
540 516 34 570 0 0 0
540 516 37 567 0 8 0
540 524 40 564 0 -8 0
540 516 43 561 0 0 0
540 516 46 558 0 0 0
540 516 49 555 0 -8 0
540 508 52 552 0 8 0
540 516 55 549 0 8 0
540 524 58 546 0 0 0
540 524 61 543 0 8 0
540 532 64 540 0 -8 0
540 524 67 537 0 -8 0
540 516 70 534 0 0 0
540 516 73 531 0 0 0
540 516 76 528 0 -8 0
540 508 79 525 0 0 0
540 508 82 522 0 0 0
540 508 85 519 0 0 0
540 508 88 516 0 -8 0
540 500 91 513 0 -8 0
540 492 94 510 0 0 0
540 492 97 507 0 0 0
540 492 100 504 0 -8 0
540 484 103 501 0 8 0
540 492 106 498 0 0 0
540 492 109 495 0 0 0
540 492 112 492 0 0 0
540 492 115 489 -8 -8 0
532 484 118 486 0 -8 0
532 476 121 483 0 8 0
532 484 124 480 -8 -8 0
524 476 127 477 0 0 0
524 476 130 474 0 -8 0
524 468 133 471 -8 0 0
516 468 136 468 0 -8 0
516 460 139 465 -8 -8 0
508 452 142 462 0 8 0
508 460 145 459 0 -8 0
508 452 148 456 -8 0 0
500 452 151 453 0 0 0
500 452 154 450 0 8 0
500 460 157 447 -8 8 0
492 468 160 444 0 8 0
492 476 163 441 -8 -8 0
484 468 166 438 0 -8 0
484 460 169 435 0 -8 0
484 452 172 432 -8 0 0
476 452 175 429 0 -8 0
476 444 178 426 0 8 0
476 452 181 423 -8 -8 0
468 444 184 420 0 0 0
468 444 187 417 -8 -8 0
460 436 190 414 0 8 0
460 444 193 411 0 8 0
460 452 196 408 -8 8 0
452 460 199 405 0 0 0
452 460 202 402 0 8 0
452 468 205 399 -8 -8 0
444 460 208 396 0 -8 0
444 452 211 393 -8 8 0
436 460 214 390 0 0 0
436 460 217 387 0 8 0
436 468 220 384 -8 8 0
428 476 223 381 0 -8 0
428 468 226 378 0 -8 0
428 460 229 375 -8 8 0
420 468 232 372 0 8 0
420 476 235 369 -8 0 0
412 476 238 366 0 0 0
412 476 241 363 0 0 0
412 476 244 360 -8 8 0
404 484 247 357 0 -8 0
404 476 250 354 0 0 0
404 476 253 351 -8 8 0
396 484 256 348 0 -8 0
396 476 259 345 -8 8 0
388 484 262 342 0 -8 0
388 476 265 339 0 -8 0
388 468 268 336 -8 0 0
380 468 271 333 0 8 0
380 476 274 330 0 -8 0
380 468 277 327 -8 -8 0
372 460 280 324 0 -8 0
372 452 283 321 -8 8 0
364 460 286 318 0 -8 0
364 452 289 315 0 8 0
364 460 292 312 -8 -8 0
356 452 295 309 0 8 0
356 460 298 306 0 8 0
356 468 301 303 -8 8 0
348 476 304 300 0 8 0
348 484 307 297 -8 0 0
340 484 310 294 0 -8 0
340 476 313 291 0 8 0
340 484 316 288 -8 0 0
332 484 319 285 0 0 0
332 484 322 282 0 0 0
332 484 325 279 -8 -8 0
324 476 328 276 0 -8 0
324 468 331 273 -8 -8 0
316 460 334 270 0 0 0
316 460 337 267 0 0 0
316 460 340 264 -8 8 0
308 468 343 261 0 -8 0
308 460 346 258 0 8 0
308 468 349 255 -8 0 0
300 468 352 252 0 -8 0
300 460 355 249 -8 0 0
292 460 358 246 0 -8 0
292 452 361 243 0 -8 0
292 444 364 240 -8 -8 0
284 436 367 237 0 0 0
284 436 370 234 0 0 0
284 436 373 231 -8 -8 0
276 428 376 228 0 -8 0
276 420 379 225 -8 0 0
268 420 382 222 0 0 0
268 420 385 219 0 -8 0
268 412 388 216 -8 0 0
260 412 391 213 0 -8 0
260 404 394 210 0 0 0
260 404 397 207 -8 8 0
252 412 400 204 0 8 0
252 420 403 201 -8 8 0
244 428 406 198 0 0 0
244 428 409 195 0 -8 0
244 420 412 192 -8 8 0
236 428 415 189 0 0 0
236 428 418 186 0 8 0
236 436 421 183 -8 -8 0
228 428 424 180 0 8 0
228 436 427 177 -8 0 0
220 436 430 174 0 -8 0
220 428 433 171 0 -8 0
220 420 436 168 -8 8 0
212 428 439 165 0 0 0
212 428 442 162 0 -8 0
212 420 445 159 -8 8 0
204 428 448 156 0 -8 0
204 420 451 153 -8 8 0
196 428 454 150 0 0 0
196 428 457 147 0 8 0
196 436 460 144 -8 0 0
188 436 463 141 0 8 0
188 444 466 138 0 0 0
188 444 469 135 -8 -8 0
180 436 472 132 0 -8 0
180 428 475 129 -8 8 0
172 436 478 126 0 0 0
172 436 481 123 0 8 0
172 444 484 120 -8 0 0
164 444 487 117 0 8 0
164 452 490 114 0 -8 0
164 444 493 111 -8 0 0
156 444 496 108 0 0 0
156 444 499 105 -8 0 0
148 444 502 102 0 8 0
148 452 505 99 0 -8 0
148 444 508 96 -8 -8 0
140 436 511 93 0 8 0
140 444 514 90 0 -8 0
140 436 517 87 -8 -8 0
132 428 520 84 0 8 0
132 436 523 81 -8 0 0
124 436 526 78 0 0 0
124 436 529 75 0 0 0
124 436 532 72 -8 0 0
116 436 535 69 0 -8 0
116 428 538 66 0 8 0
116 436 541 63 -8 0 0
108 436 544 60 0 -8 0
108 428 547 57 -8 -8 0
100 420 550 54 0 0 0
100 420 553 51 0 -8 0
100 412 556 48 -8 8 0
92 420 559 45 0 0 0
92 420 562 42 0 8 0
92 428 565 39 -8 -8 0
84 420 568 36 0 -8 0
84 412 571 33 -8 0 0
76 412 574 30 0 0 0
76 412 577 27 0 8 0
76 420 580 24 -8 0 0
68 420 583 21 0 8 0
68 428 586 18 0 0 0
68 428 589 15 -8 -8 0
60 420 592 12 0 -8 0
60 412 595 9 -8 -8 0
60 404 598 12 0 -8 0
60 396 601 15 0 -8 0
60 388 604 18 0 0 0
60 388 607 21 0 -8 0
60 380 610 24 0 8 0
60 388 613 27 0 0 0
60 388 616 30 0 8 0
60 396 619 33 0 0 0
60 396 622 36 0 8 0
60 404 625 39 0 -8 0
60 396 628 42 0 0 0
60 396 631 45 0 0 0
60 396 634 48 0 -8 0
60 388 637 51 0 0 0
60 388 640 54 0 8 0
60 396 643 57 0 -8 0
60 388 646 60 0 8 0
60 396 649 63 0 8 0
60 404 652 66 0 0 0
60 404 655 69 0 8 0
60 412 658 72 0 0 0
60 412 661 75 0 -8 0
60 404 664 78 0 8 0
60 412 667 81 0 -8 0
60 404 670 84 0 8 0
60 412 673 87 0 0 0
60 412 676 90 0 0 0
60 412 679 93 0 0 0
60 412 682 96 0 0 0
60 412 685 99 0 0 0
60 412 688 102 0 -8 0
60 404 691 105 0 8 0
60 412 694 108 0 -8 0
60 404 697 111 8 0 0
68 404 700 114 0 -8 0
68 396 703 117 0 -8 0
68 388 706 120 8 0 0
76 388 709 123 0 0 0
76 388 712 126 0 0 0
76 388 715 129 8 8 0
84 396 718 132 0 8 0
84 404 721 135 8 -8 0
92 396 724 138 0 8 0
92 404 727 141 0 8 0
92 412 730 144 8 8 0
100 420 733 147 0 -8 0
100 412 736 150 0 0 0
100 412 739 153 8 0 0
108 412 742 156 0 0 0
108 412 745 159 8 8 0
116 420 748 162 0 8 0
116 428 751 165 0 0 0
116 428 754 168 8 -8 0
124 420 757 171 0 -8 0
124 412 760 174 0 0 0
124 412 763 177 8 8 0
132 420 766 180 0 0 0
132 420 769 183 8 8 0
140 428 772 186 0 -8 0
140 420 775 189 0 -8 0
140 412 778 192 8 -8 0
148 404 781 195 0 0 1
148 404 781 195 0 0 1
148 404 781 195 0 0 1
148 404 781 195 0 0 1
148 404 781 195 0 0 1
