197 90 688 402 0 0 0
197 90 685 405 8 8 0
205 98 682 408 8 0 0
213 98 679 411 8 0 0
221 98 676 414 8 -8 0
229 90 673 417 8 0 0
237 90 670 420 8 8 0
245 98 667 423 8 8 0
253 106 664 426 8 8 0
261 114 661 429 8 -8 0
269 106 658 432 8 8 0
277 114 655 435 8 8 0
285 122 652 438 8 0 0
293 122 649 441 8 8 0
301 130 646 444 8 0 0
309 130 643 447 8 -8 0
317 122 640 450 8 -8 0
325 114 637 453 8 -8 0
333 106 634 456 8 0 0
341 106 631 459 8 -8 0
349 98 628 462 8 0 0
357 98 625 465 8 8 0
365 106 622 468 8 -8 0
373 98 619 471 8 0 0
381 98 616 474 8 -8 0
389 90 613 477 8 -8 0
397 82 610 480 8 0 0
405 82 607 483 8 -8 0
413 74 604 486 8 0 0
421 74 601 489 8 8 0
429 82 598 492 8 8 0
437 90 595 495 8 0 0
445 90 592 498 8 -8 0
453 82 589 501 0 0 0
453 82 586 504 8 0 0
461 82 583 507 0 0 0
461 82 580 510 0 0 0
461 82 577 513 8 -8 0
469 74 574 516 0 -8 0
469 66 571 519 0 8 0
469 74 568 522 8 0 0
477 74 565 525 0 -8 0
477 66 562 528 8 8 0
485 74 559 531 0 0 0
485 74 556 534 0 8 0
485 82 553 537 8 -8 0
493 74 550 540 0 -8 0
493 66 547 543 0 -8 0
493 60 544 546 8 8 0
501 68 541 549 0 0 0
501 68 538 552 8 -8 0
509 60 535 555 0 0 0
509 60 532 558 0 8 0
509 68 529 561 8 8 0
517 76 526 564 0 8 0
517 84 523 567 0 0 0
517 84 520 570 8 0 0
525 84 517 573 0 0 0
525 84 514 576 8 -8 0
533 76 511 579 0 -8 0
533 68 508 582 0 0 0
533 68 505 585 8 -8 0
540 60 502 588 0 -8 0
540 60 499 591 8 0 0
540 60 496 588 0 0 0
540 60 493 585 0 -8 0
540 60 490 582 0 -8 0
540 60 487 579 0 8 0
540 68 484 576 0 8 0
540 76 481 573 0 8 0
540 84 478 570 0 0 0
540 84 475 567 0 0 0
540 84 472 564 0 0 0
540 84 469 561 0 8 0
540 92 466 558 0 8 0
540 100 463 555 0 0 0
540 100 460 552 0 -8 0
540 92 457 549 0 8 0
540 100 454 546 0 0 0
540 100 451 543 0 0 0
540 100 448 540 0 -8 0
540 92 445 537 0 8 0
540 100 442 534 0 -8 0
540 92 439 531 0 -8 0
540 84 436 528 0 8 0
540 92 433 525 0 8 0
540 100 430 522 0 0 0
540 100 427 519 0 0 0
540 100 424 516 0 8 0
540 108 421 513 0 0 0
540 108 418 510 0 -8 0
540 100 415 507 0 8 0
540 108 412 504 0 0 0
540 108 409 501 0 8 0
540 116 406 498 0 0 0
540 116 403 495 0 0 0
540 116 400 492 0 -8 0
540 108 397 489 -8 8 0
532 116 394 486 0 0 0
532 116 391 483 0 8 0
532 124 388 480 -8 -8 0
524 116 385 477 0 0 0
524 116 382 474 0 8 0
524 124 379 471 -8 8 0
516 132 376 468 0 8 0
516 140 373 465 -8 8 0
508 148 370 462 0 8 0
508 156 367 459 0 -8 0
508 148 364 456 -8 8 0
500 156 361 453 0 -8 0
500 148 358 450 0 0 0
500 148 355 447 -8 0 0
492 148 352 444 0 -8 0
492 140 349 441 -8 0 0
484 140 346 438 0 8 0
484 148 343 435 0 8 0
484 156 340 432 -8 -8 0
476 148 337 429 0 8 0
476 156 334 426 0 -8 0
476 148 331 423 -8 0 0
468 148 328 420 0 8 0
468 156 325 417 -8 -8 0
460 148 322 414 0 0 0
460 148 319 411 0 -8 0
460 140 316 408 -8 8 0
452 148 313 405 0 0 0
452 148 310 402 0 0 0
452 148 307 399 -8 0 0
444 148 304 396 0 8 0
444 156 301 393 -8 -8 0
436 148 298 390 0 -8 0
436 140 295 387 0 0 0
436 140 292 384 -8 8 0
428 148 289 381 0 -8 0
428 140 286 378 0 0 0
428 140 283 375 -8 0 0
420 140 280 372 0 0 0
420 140 277 369 -8 -8 0
412 132 274 366 0 0 0
412 132 271 363 0 -8 0
412 124 268 360 -8 0 0
404 124 265 357 0 8 0
404 132 262 354 0 -8 0
404 124 259 351 -8 8 0
396 132 256 348 0 0 0
396 132 253 345 -8 8 0
388 140 250 342 0 8 0
388 148 247 339 0 -8 0
388 140 244 336 -8 0 0
380 140 241 333 0 0 0
380 140 238 330 0 8 0
380 148 235 327 -8 -8 0
372 140 232 324 0 -8 0
372 132 229 321 -8 -8 0
364 124 226 318 0 8 0
364 132 223 315 0 -8 0
364 124 220 312 -8 8 0
356 132 217 309 0 -8 0
356 124 214 306 0 8 0
356 132 211 303 -8 -8 0
348 124 208 300 0 0 0
348 124 205 297 -8 0 0
340 124 202 294 0 -8 0
340 116 199 291 0 0 0
340 116 196 288 -8 8 0
332 124 193 285 0 8 0
332 132 190 282 0 0 0
332 132 187 279 -8 -8 0
324 124 184 276 0 8 0
324 132 181 273 -8 8 0
316 140 178 270 0 8 0
316 148 175 267 0 8 0
316 156 172 264 -8 -8 0
308 148 169 261 0 0 0
308 148 166 258 0 -8 0
308 140 163 255 -8 -8 0
300 132 160 252 0 0 0
300 132 157 249 -8 8 0
292 140 154 246 0 0 0
292 140 151 243 0 8 0
292 148 148 240 -8 0 0
284 148 145 237 0 -8 0
284 140 142 234 0 -8 0
284 132 139 231 -8 -8 0
276 124 136 228 0 8 0
276 132 133 225 -8 8 0
268 140 130 222 0 0 0
268 140 127 219 0 0 0
268 140 124 216 -8 -8 0
260 132 121 213 0 0 0
260 132 118 210 0 8 0
260 140 115 207 -8 0 0
252 140 112 204 0 0 0
252 140 109 201 -8 0 0
244 140 106 198 0 8 0
244 148 103 195 0 0 0
244 148 100 192 -8 -8 0
236 140 97 189 0 -8 0
236 132 94 186 0 0 0
236 132 91 183 -8 -8 0
228 124 88 180 0 -8 0
228 116 85 177 -8 0 0
220 116 82 174 0 -8 0
220 108 79 171 0 8 0
220 116 76 168 -8 8 0
212 124 73 165 0 -8 0
212 116 70 162 0 -8 0
212 108 67 159 -8 -8 0
204 100 64 156 0 8 0
204 108 61 153 -8 8 0
196 116 58 150 0 0 0
196 116 55 147 0 0 0
196 116 52 144 -8 -8 0
188 108 49 141 0 -8 0
188 100 46 138 0 8 0
188 108 43 135 -8 8 0
180 116 40 132 0 0 0
180 116 37 129 -8 -8 0
172 108 34 126 0 8 0
172 116 31 123 0 -8 0
172 108 28 120 -8 8 0
164 116 25 117 0 8 0
164 124 22 114 0 -8 0
164 116 19 111 0 0 1
164 116 19 111 0 0 1
164 116 19 111 0 0 1
164 116 19 111 0 0 1
164 116 19 111 0 0 1
