179 366 601 195 0 0 0
179 366 604 192 0 -8 0
179 358 607 189 0 -8 0
179 350 610 186 0 8 0
179 358 613 183 0 -8 0
179 350 616 180 0 8 0
179 358 619 177 0 -8 0
179 350 622 174 0 -8 0
179 342 625 171 0 8 0
179 350 628 168 0 -8 0
179 342 631 165 0 -8 0
179 334 634 162 0 8 0
179 342 637 159 0 0 0
179 342 640 156 0 0 0
179 342 643 153 0 0 0
179 342 646 150 0 0 0
179 342 649 147 0 -8 0
179 334 652 144 0 0 0
179 334 655 141 0 0 0
179 334 658 138 0 0 0
179 334 661 135 0 0 0
179 334 664 132 0 0 0
179 334 667 129 0 8 0
179 342 670 126 -8 -8 0
171 334 673 123 0 8 0
171 342 676 120 -8 -8 0
163 334 679 117 0 -8 0
163 326 682 114 0 -8 0
163 318 685 111 -8 -8 0
155 310 688 108 0 0 0
155 310 691 105 0 0 0
155 310 694 102 -8 0 0
147 310 697 99 0 8 0
147 318 700 96 -8 0 0
139 318 703 93 0 0 0
139 318 706 90 0 0 0
139 318 709 87 -8 8 0
131 326 712 84 0 8 0
131 334 715 81 0 0 0
131 334 718 78 -8 0 0
123 334 721 75 0 8 0
123 342 724 72 -8 0 0
115 342 727 69 0 -8 0
115 334 730 66 0 -8 0
115 326 733 63 -8 0 0
107 326 736 60 0 -8 0
107 318 739 57 0 8 0
107 326 742 54 -8 8 0
99 334 745 51 0 -8 0
99 326 748 48 -8 8 0
91 334 751 45 0 0 0
91 334 754 42 0 -8 0
91 326 757 39 -8 -8 0
83 318 760 36 0 8 0
83 326 763 33 0 8 0
83 334 766 30 -8 8 0
75 342 769 27 0 -8 0
75 334 772 24 -8 8 0
67 342 775 21 0 0 0
67 342 778 18 0 8 0
67 350 781 15 0 0 1
67 350 781 15 0 0 1
67 350 781 15 0 0 1
67 350 781 15 0 0 1
67 350 781 15 0 0 1
