168 111 247 465 0 0 0
168 111 244 462 8 8 0
176 119 241 459 8 -8 0
184 111 238 456 8 0 0
192 111 235 453 8 8 0
200 119 232 450 8 -8 0
208 111 229 447 8 -8 0
216 103 226 444 8 0 0
224 103 223 441 8 8 0
232 111 220 438 8 0 0
240 111 217 435 8 0 0
248 111 214 432 8 0 0
256 111 211 429 8 -8 0
264 103 208 426 8 -8 0
272 95 205 423 8 -8 0
280 87 202 420 8 8 0
288 95 199 417 8 0 0
296 95 196 414 8 8 0
304 103 193 411 8 0 0
312 103 190 408 8 0 0
320 103 187 405 8 0 0
328 103 184 402 8 -8 0
336 95 181 399 8 0 0
344 95 178 396 8 -8 0
352 87 175 393 0 0 0
352 87 172 390 0 -8 0
352 79 169 387 0 -8 0
352 71 166 384 0 0 0
352 71 163 381 0 8 0
352 79 160 378 0 -8 0
352 71 157 375 0 -8 0
352 63 154 372 0 0 0
352 63 151 369 0 8 0
352 71 148 366 0 0 0
352 71 145 363 0 0 0
352 71 142 360 0 0 0
352 71 139 357 0 8 0
352 79 136 354 0 -8 0
352 71 133 351 0 0 0
352 71 130 348 0 -8 0
352 63 127 345 0 0 0
352 63 124 342 0 8 0
352 71 121 339 0 -8 0
352 63 118 336 0 0 0
352 63 115 333 0 0 0
352 63 112 330 0 8 0
352 71 109 327 0 8 0
352 79 106 324 0 -8 0
352 71 103 321 0 0 0
352 71 100 318 0 8 0
352 79 97 315 0 0 0
352 79 94 312 0 8 0
352 87 91 309 0 -8 0
352 79 88 306 0 -8 0
352 71 85 303 0 -8 0
352 63 82 300 -8 8 0
344 71 79 297 0 8 0
344 79 76 294 0 8 0
344 87 73 291 -8 8 0
336 95 70 288 0 0 0
336 95 67 285 -8 -8 0
328 87 64 282 0 -8 0
328 79 61 279 0 -8 0
328 71 58 276 -8 0 0
320 71 55 273 0 0 0
320 71 52 270 0 0 0
320 71 49 267 -8 8 0
312 79 46 264 0 -8 0
312 71 43 261 -8 0 0
304 71 40 258 0 0 0
304 71 37 255 0 -8 0
304 63 34 252 -8 0 0
296 63 31 249 0 8 0
296 71 28 246 0 -8 0
296 63 25 243 -8 0 0
288 63 22 240 0 0 0
288 63 19 237 0 0 1
288 63 19 237 0 0 1
288 63 19 237 0 0 1
288 63 19 237 0 0 1
288 63 19 237 0 0 1
