400 425 118 411 0 0 0
400 425 121 408 0 8 0
400 433 124 405 0 8 0
400 441 127 402 0 -8 0
400 433 130 399 0 -8 0
400 425 133 396 0 8 0
400 433 136 393 0 8 0
400 441 139 390 0 -8 0
400 433 142 387 0 0 0
400 433 145 384 0 0 0
400 433 148 381 0 8 0
400 441 151 378 0 -8 0
400 433 154 375 0 8 0
400 441 157 372 0 8 0
400 449 160 369 0 0 0
400 449 163 366 0 -8 0
400 441 166 363 0 0 0
400 441 169 360 0 8 0
400 449 172 357 0 -8 0
400 441 175 354 0 -8 0
400 433 178 351 0 0 0
400 433 181 348 -8 -8 0
392 425 184 345 0 8 0
392 433 187 342 0 8 0
392 441 190 339 -8 0 0
384 441 193 336 0 -8 0
384 433 196 333 -8 0 0
376 433 199 330 0 8 0
376 441 202 327 0 -8 0
376 433 205 324 -8 0 0
368 433 208 321 0 -8 0
368 425 211 318 0 8 0
368 433 214 315 -8 8 0
360 441 217 312 0 8 0
360 449 220 309 -8 -8 0
352 441 223 306 0 0 0
352 441 226 303 0 0 0
352 441 229 300 -8 0 0
344 441 232 297 0 8 0
344 449 235 294 0 -8 0
344 441 238 291 -8 8 0
336 449 241 288 0 8 0
336 457 244 285 -8 0 0
328 457 247 282 0 8 0
328 465 250 279 0 0 0
328 465 253 276 -8 0 0
320 465 256 273 0 -8 0
320 457 259 270 0 0 0
320 457 262 267 -8 -8 0
312 449 265 264 0 -8 0
312 441 268 261 -8 -8 0
304 433 271 258 0 8 0
304 441 274 255 0 0 0
304 441 277 252 -8 0 0
296 441 280 249 0 8 0
296 449 283 246 0 8 0
296 457 286 243 -8 8 0
288 465 289 240 0 0 0
288 465 292 237 -8 -8 0
280 457 295 234 0 0 0
280 457 298 231 0 0 0
280 457 301 228 -8 -8 0
272 449 304 225 0 0 0
272 449 307 222 0 0 0
272 449 310 219 -8 8 0
264 457 313 216 0 0 0
264 457 316 213 -8 -8 0
256 449 319 210 0 -8 0
256 441 322 207 0 0 0
256 441 325 204 -8 8 0
248 449 328 201 0 8 0
248 457 331 198 0 0 0
248 457 334 195 -8 -8 0
240 449 337 192 0 8 0
240 457 340 189 -8 0 0
232 457 343 186 0 8 0
232 465 346 183 0 8 0
232 473 349 180 -8 8 0
224 481 352 177 0 -8 0
224 473 355 174 0 -8 0
224 465 358 171 -8 -8 0
216 457 361 168 0 0 0
216 457 364 165 -8 8 0
208 465 367 162 0 -8 0
208 457 370 159 0 8 0
208 465 373 156 -8 0 0
200 465 376 153 0 -8 0
200 457 379 150 0 8 0
200 465 382 147 -8 -8 0
192 457 385 144 0 0 0
192 457 388 141 -8 8 0
184 465 391 138 0 8 0
184 473 394 135 0 8 0
184 481 397 132 -8 8 0
176 489 400 129 0 -8 0
176 481 403 126 0 -8 0
176 473 406 123 -8 8 0
168 481 409 120 0 -8 0
168 473 412 117 -8 -8 0
160 465 415 114 0 -8 0
160 457 418 111 0 0 0
160 457 421 108 -8 -8 0
152 449 424 105 0 8 0
152 457 427 102 0 8 0
152 465 430 99 -8 -8 0
144 457 433 96 0 8 0
144 465 436 93 -8 8 0
136 473 439 90 0 8 0
136 481 442 87 0 8 0
136 489 445 84 -8 -8 0
128 481 448 81 0 0 0
128 481 451 78 0 0 0
128 481 454 75 -8 -8 0
120 473 457 72 0 -8 0
120 465 460 69 -8 -8 0
112 457 463 66 0 8 0
112 465 466 63 0 8 0
112 473 469 60 -8 -8 0
104 465 472 57 0 8 0
104 473 475 54 0 0 0
104 473 478 51 -8 -8 0
96 465 481 48 0 8 0
96 473 484 45 -8 0 0
88 473 487 42 0 8 0
88 481 490 39 0 0 0
88 481 493 36 -8 8 0
80 489 496 33 0 -8 0
80 481 499 30 0 8 0
80 489 502 27 -8 8 0
72 497 505 24 0 0 0
72 497 508 21 -8 -8 0
64 489 511 18 0 0 0
64 489 514 15 0 0 0
64 489 517 12 -8 -8 0
60 481 520 9 -8 0 0
60 481 523 12 0 -8 0
60 473 526 15 0 8 0
60 481 529 18 0 -8 0
60 473 532 21 0 0 0
60 473 535 24 0 8 0
60 481 538 27 0 8 0
60 489 541 30 0 8 0
60 497 544 33 0 8 0
60 505 547 36 0 0 0
60 505 550 39 0 -8 0
60 497 553 42 0 -8 0
60 489 556 45 0 8 0
60 497 559 48 0 0 0
60 497 562 51 0 8 0
60 505 565 54 0 8 0
60 513 568 57 0 8 0
60 521 571 60 0 0 0
60 521 574 63 0 0 0
60 521 577 66 0 0 0
60 521 580 69 0 0 0
60 521 583 72 0 0 0
60 521 586 75 0 -8 0
60 513 589 78 0 0 0
60 513 592 81 0 8 0
60 521 595 84 0 -8 0
60 513 598 87 0 0 0
60 513 601 90 0 0 0
60 513 604 93 0 -8 0
60 505 607 96 0 8 0
60 513 610 99 0 -8 0
60 505 613 102 0 -8 0
60 497 616 105 0 -8 0
60 489 619 108 0 -8 0
60 481 622 111 8 -8 0
68 473 625 114 0 0 0
68 473 628 117 0 0 0
68 473 631 120 8 -8 0
76 465 634 123 0 0 0
76 465 637 126 0 8 0
76 473 640 129 8 -8 0
84 465 643 132 0 0 0
84 465 646 135 8 0 0
92 465 649 138 0 0 0
92 465 652 141 0 8 0
92 473 655 144 8 0 0
100 473 658 147 0 8 0
100 481 661 150 0 0 0
100 481 664 153 8 -8 0
108 473 667 156 0 -8 0
108 465 670 159 8 0 0
116 465 673 162 0 -8 0
116 457 676 165 0 0 0
116 457 679 168 8 8 0
124 465 682 171 0 8 0
124 473 685 174 0 8 0
124 481 688 177 8 0 0
132 481 691 180 0 0 0
132 481 694 183 8 0 0
140 481 697 186 0 8 0
140 489 700 189 0 8 0
140 497 703 192 8 8 0
148 505 706 195 0 0 0
148 505 709 198 0 0 0
148 505 712 201 8 8 0
156 513 715 204 0 0 0
156 513 718 207 8 0 0
164 513 721 210 0 8 0
164 521 724 213 0 8 0
164 529 727 216 8 0 0
172 529 730 219 0 -8 0
172 521 733 222 0 8 0
172 529 736 225 8 8 0
180 537 739 228 0 8 0
180 540 742 231 8 -8 0
188 532 745 234 0 0 0
188 532 748 237 0 8 0
188 540 751 240 8 -8 0
196 532 754 243 0 8 0
196 540 757 246 0 -8 0
196 532 760 249 8 8 0
204 540 763 252 0 -8 0
204 532 766 255 8 0 0
212 532 769 258 0 8 0
212 540 772 261 0 0 0
212 540 775 264 8 -8 0
220 532 778 267 0 8 0
220 540 781 270 0 0 1
220 540 781 270 0 0 1
220 540 781 270 0 0 1
220 540 781 270 0 0 1
220 540 781 270 0 0 1
