67 462 160 327 0 0 0
67 462 163 330 8 8 0
75 470 166 333 8 8 0
83 478 169 336 8 8 0
91 486 172 339 8 8 0
99 494 175 342 8 8 0
107 502 178 345 8 -8 0
115 494 181 348 8 8 0
123 502 184 351 8 8 0
131 510 187 354 8 8 0
139 518 190 357 8 8 0
147 526 193 360 8 8 0
155 534 196 363 8 8 0
163 540 199 366 8 8 0
171 540 202 369 8 0 0
179 540 205 372 8 0 0
187 540 208 375 8 8 0
195 540 211 378 8 -8 0
203 532 214 381 8 0 0
211 532 217 384 8 -8 0
219 524 220 387 8 -8 0
227 516 223 390 8 8 0
235 524 226 393 8 0 0
243 524 229 396 8 -8 0
251 516 232 399 8 8 0
259 524 235 402 8 -8 0
267 516 238 405 8 8 0
275 524 241 408 8 8 0
283 532 244 411 8 -8 0
291 524 247 414 8 -8 0
299 516 250 417 8 0 0
307 516 253 420 8 -8 0
315 508 256 423 8 -8 0
323 500 259 426 8 8 0
331 508 262 429 8 8 0
339 516 265 432 8 8 0
347 524 268 435 8 0 0
355 524 271 438 8 0 0
363 524 274 441 8 8 0
371 532 277 444 8 0 0
379 532 280 447 8 -8 0
387 524 283 450 8 8 0
395 532 286 453 8 -8 0
403 524 289 456 8 -8 0
411 516 292 459 0 -8 0
411 508 295 462 8 -8 0
419 500 298 465 0 -8 0
419 492 301 468 0 0 0
419 492 304 471 8 -8 0
427 484 307 474 0 0 0
427 484 310 477 0 8 0
427 492 313 480 8 0 0
435 492 316 483 0 -8 0
435 484 319 486 8 0 0
443 484 322 489 0 0 0
443 484 325 492 0 8 0
443 492 328 495 8 -8 0
451 484 331 498 0 -8 0
451 476 334 501 0 8 0
451 484 337 504 8 8 0
459 492 340 507 0 -8 0
459 484 343 510 8 0 0
467 484 346 513 0 0 0
467 484 349 516 0 8 0
467 492 352 519 8 8 0
475 500 355 522 0 0 0
475 500 358 525 0 -8 0
475 492 361 528 8 0 0
483 492 364 531 0 8 0
483 500 367 534 8 8 0
491 508 370 537 0 0 0
491 508 373 540 0 -8 0
491 500 376 543 8 8 0
499 508 379 546 0 -8 0
499 500 382 549 0 -8 0
499 492 385 552 8 8 0
507 500 388 555 0 -8 0
507 492 391 558 8 -8 0
515 484 394 561 0 -8 0
515 476 397 564 0 -8 0
515 468 400 567 8 8 0
523 476 403 570 0 8 0
523 484 406 573 0 8 0
523 492 409 576 8 8 0
531 500 412 579 0 8 0
531 508 415 582 8 0 0
539 508 418 585 0 8 0
539 516 421 588 0 -8 0
539 508 424 591 8 8 0
540 516 427 588 0 -8 0
540 508 430 585 0 8 0
540 516 433 582 0 0 0
540 516 436 579 0 0 0
540 516 439 576 0 -8 0
540 508 442 573 0 0 0
540 508 445 570 0 8 0
540 516 448 567 0 8 0
540 524 451 564 0 8 0
540 532 454 561 0 -8 0
540 524 457 558 0 8 0
540 532 460 555 0 0 0
540 532 463 552 0 -8 0
540 524 466 549 0 8 0
540 532 469 546 0 8 0
540 540 472 543 0 0 0
540 540 475 540 0 -8 0
540 532 478 537 0 8 0
540 540 481 534 0 -8 0
540 532 484 531 0 -8 0
540 524 487 528 0 0 0
540 524 490 525 0 8 0
540 532 493 522 0 -8 0
540 524 496 519 0 0 0
540 524 499 516 0 0 0
540 524 502 513 0 8 0
540 532 505 510 0 8 0
540 540 508 507 0 0 0
540 540 511 504 0 -8 0
540 532 514 501 0 -8 0
540 524 517 498 0 0 0
540 524 520 495 0 8 0
540 532 523 492 0 8 0
540 540 526 489 -8 8 0
532 540 529 486 0 8 0
532 540 532 483 0 -8 0
532 532 535 480 -8 0 0
524 532 538 477 0 8 0
524 540 541 474 0 0 0
524 540 544 471 -8 0 0
516 540 547 468 0 -8 0
516 532 550 465 -8 8 0
508 540 553 462 0 0 0
508 540 556 459 0 8 0
508 540 559 456 -8 0 0
500 540 562 453 0 8 0
500 540 565 450 0 -8 0
500 532 568 447 -8 8 0
492 540 571 444 0 -8 0
492 532 574 441 -8 8 0
484 540 577 438 0 8 0
484 540 580 435 0 -8 0
484 532 583 432 -8 -8 0
476 524 586 429 0 0 0
476 524 589 426 0 8 0
476 532 592 423 -8 -8 0
468 524 595 420 0 8 0
468 532 598 417 -8 8 0
460 540 601 414 0 -8 0
460 532 604 411 0 8 0
460 540 607 408 -8 -8 0
452 532 610 405 0 0 0
452 532 613 402 0 8 0
452 540 616 399 -8 0 0
444 540 619 396 0 -8 0
444 532 622 393 -8 0 0
436 532 625 390 0 0 0
436 532 628 387 0 0 0
436 532 631 384 -8 0 0
428 532 634 381 0 0 0
428 532 637 378 0 -8 0
428 524 640 375 -8 -8 0
420 516 643 372 0 8 0
420 524 646 369 -8 -8 0
412 516 649 366 0 8 0
412 524 652 363 0 0 0
412 524 655 360 -8 8 0
404 532 658 357 0 -8 0
404 524 661 354 0 0 0
404 524 664 351 -8 8 0
396 532 667 348 0 -8 0
396 524 670 345 -8 -8 0
388 516 673 342 0 -8 0
388 508 676 339 0 0 0
388 508 679 336 -8 0 0
380 508 682 333 0 0 0
380 508 685 330 0 -8 0
380 500 688 327 -8 -8 0
372 492 691 324 0 0 0
372 492 694 321 -8 0 0
364 492 697 318 0 8 0
364 500 700 315 0 -8 0
364 492 703 312 -8 -8 0
356 484 706 309 0 -8 0
356 476 709 306 0 0 0
356 476 712 303 -8 0 0
348 476 715 300 0 -8 0
348 468 718 297 -8 0 0
340 468 721 294 0 0 0
340 468 724 291 0 0 0
340 468 727 288 -8 8 0
332 476 730 285 0 0 0
332 476 733 282 0 8 0
332 484 736 279 -8 8 0
324 492 739 276 0 -8 0
324 484 742 273 -8 -8 0
316 476 745 270 0 0 0
316 476 748 267 0 0 0
316 476 751 264 -8 8 0
308 484 754 261 0 0 0
308 484 757 258 0 0 0
308 484 760 255 -8 8 0
300 492 763 252 0 -8 0
300 484 766 249 -8 0 0
292 484 769 246 0 0 0
292 484 772 243 0 -8 0
292 476 775 240 -8 0 0
284 476 778 237 0 8 0
284 484 781 234 0 0 1
284 484 781 234 0 0 1
284 484 781 234 0 0 1
284 484 781 234 0 0 1
284 484 781 234 0 0 1
