455 80 682 147 0 0 0
455 80 685 150 -8 0 0
447 80 688 153 -8 0 0
439 80 691 156 -8 8 0
431 88 694 159 -8 8 0
423 96 697 162 -8 0 0
415 96 700 165 -8 8 0
407 104 703 168 -8 -8 0
399 96 706 171 -8 8 0
391 104 709 174 -8 -8 0
383 96 712 177 -8 8 0
375 104 715 180 -8 0 0
367 104 718 183 -8 0 0
359 104 721 186 -8 -8 0
351 96 724 189 -8 8 0
343 104 727 192 -8 -8 0
335 96 730 195 -8 8 0
327 104 733 198 -8 0 0
319 104 736 201 -8 0 0
311 104 739 204 -8 8 0
303 112 742 207 -8 8 0
295 120 745 210 -8 8 0
287 128 748 213 -8 0 0
279 128 751 216 -8 -8 0
271 120 754 219 -8 0 0
263 120 757 222 0 -8 0
263 112 760 225 0 -8 0
263 104 763 228 0 0 0
263 104 766 231 0 8 0
263 112 769 234 0 8 0
263 120 772 237 0 0 0
263 120 775 240 0 -8 0
263 112 778 243 0 0 0
263 112 781 246 0 0 1
263 112 781 246 0 0 1
263 112 781 246 0 0 1
263 112 781 246 0 0 1
263 112 781 246 0 0 1
