409 487 235 279 0 0 0
409 487 238 282 -8 8 0
401 495 241 285 -8 -8 0
393 487 244 288 -8 0 0
385 487 247 291 -8 8 0
377 495 250 294 -8 8 0
369 503 253 297 -8 -8 0
361 495 256 300 -8 -8 0
353 487 259 303 0 0 0
353 487 262 306 0 -8 0
353 479 265 309 0 8 0
353 487 268 312 0 8 0
353 495 271 315 0 -8 0
353 487 274 318 0 -8 0
353 479 277 321 0 0 0
353 479 280 324 0 -8 0
353 471 283 327 0 -8 0
353 463 286 330 0 8 0
353 471 289 333 0 8 0
353 479 292 336 0 0 0
353 479 295 339 0 8 0
353 487 298 342 0 8 0
353 495 301 345 0 0 0
353 495 304 348 0 8 0
353 503 307 351 0 8 0
353 511 310 354 0 8 0
353 519 313 357 0 8 0
353 527 316 360 0 8 0
353 535 319 363 0 8 0
353 540 322 366 0 -8 0
353 532 325 369 0 -8 0
353 524 328 372 0 0 0
353 524 331 375 0 0 0
353 524 334 378 0 8 0
353 532 337 381 0 8 0
353 540 340 384 0 0 0
353 540 343 387 0 8 0
353 540 346 390 0 8 0
353 540 349 393 0 -8 0
353 532 352 396 0 -8 0
353 524 355 399 0 0 0
353 524 358 402 0 0 0
353 524 361 405 8 0 0
361 524 364 408 0 8 0
361 532 367 411 0 -8 0
361 524 370 414 8 0 0
369 524 373 417 0 8 0
369 532 376 420 8 0 0
377 532 379 423 0 -8 0
377 524 382 426 0 -8 0
377 516 385 429 8 8 0
385 524 388 432 0 0 0
385 524 391 435 0 -8 0
385 516 394 438 8 8 0
393 524 397 441 0 8 0
393 532 400 444 8 0 0
401 532 403 447 0 -8 0
401 524 406 450 0 8 0
401 532 409 453 8 -8 0
409 524 412 456 0 8 0
409 532 415 459 0 0 0
409 532 418 462 8 -8 0
417 524 421 465 0 0 0
417 524 424 468 8 0 0
425 524 427 471 0 8 0
425 532 430 474 0 8 0
425 540 433 477 8 0 0
433 540 436 480 0 0 0
433 540 439 483 0 -8 0
433 532 442 486 8 -8 0
441 524 445 489 0 -8 0
441 516 448 492 8 8 0
449 524 451 495 0 8 0
449 532 454 498 0 8 0
449 540 457 501 8 8 0
457 540 460 504 0 0 0
457 540 463 507 0 -8 0
457 532 466 510 8 8 0
465 540 469 513 0 0 0
465 540 472 516 8 0 0
473 540 475 519 0 -8 0
473 532 478 522 0 0 0
473 532 481 525 8 -8 0
481 524 484 528 0 -8 0
481 516 487 531 0 -8 0
481 508 490 534 8 0 0
489 508 493 537 0 0 0
489 508 496 540 8 0 0
497 508 499 543 0 0 0
497 508 502 546 0 -8 0
497 500 505 549 8 -8 0
505 492 508 552 0 8 0
505 500 511 555 0 0 0
505 500 514 558 8 8 0
513 508 517 561 0 -8 0
513 500 520 564 8 0 0
521 500 523 567 0 -8 0
521 492 526 570 0 -8 0
521 484 529 573 8 0 0
529 484 532 576 0 0 0
529 484 535 579 0 -8 0
529 476 538 582 8 8 0
537 484 541 585 0 8 0
537 492 544 588 8 -8 0
540 484 547 591 8 8 0
540 492 550 588 0 -8 0
540 484 553 585 0 0 0
540 484 556 582 0 0 0
540 484 559 579 0 0 0
540 484 562 576 0 8 0
540 492 565 573 0 8 0
540 500 568 570 0 -8 0
540 492 571 567 0 8 0
540 500 574 564 0 -8 0
540 492 577 561 0 -8 0
540 484 580 558 0 -8 0
540 476 583 555 0 0 0
540 476 586 552 0 0 0
540 476 589 549 0 -8 0
540 468 592 546 0 0 0
540 468 595 543 0 -8 0
540 460 598 540 0 0 0
540 460 601 537 0 -8 0
540 452 604 534 0 -8 0
540 444 607 531 0 8 0
540 452 610 528 0 -8 0
540 444 613 525 0 -8 0
540 436 616 522 0 0 0
540 436 619 519 0 8 0
540 444 622 516 0 -8 0
540 436 625 513 0 8 0
540 444 628 510 0 0 0
540 444 631 507 0 -8 0
540 436 634 504 0 0 0
540 436 637 501 0 8 0
540 444 640 498 0 8 0
540 452 643 495 0 0 0
540 452 646 492 0 -8 0
540 444 649 489 -8 0 0
532 444 652 486 0 8 0
532 452 655 483 0 0 0
532 452 658 480 -8 -8 0
524 444 661 477 0 -8 0
524 436 664 474 0 0 0
524 436 667 471 -8 0 0
516 436 670 468 0 -8 0
516 428 673 465 -8 8 0
508 436 676 462 0 0 0
508 436 679 459 0 -8 0
508 428 682 456 -8 -8 0
500 420 685 453 0 -8 0
500 412 688 450 0 0 0
500 412 691 447 -8 8 0
492 420 694 444 0 0 0
492 420 697 441 -8 8 0
484 428 700 438 0 8 0
484 436 703 435 0 8 0
484 444 706 432 -8 -8 0
476 436 709 429 0 -8 0
476 428 712 426 0 0 0
476 428 715 423 -8 -8 0
468 420 718 420 0 8 0
468 428 721 417 -8 8 0
460 436 724 414 0 8 0
460 444 727 411 0 8 0
460 452 730 408 -8 8 0
452 460 733 405 0 0 0
452 460 736 402 0 8 0
452 468 739 399 -8 0 0
444 468 742 396 0 8 0
444 476 745 393 -8 -8 0
436 468 748 390 0 0 0
436 468 751 387 0 8 0
436 476 754 384 -8 8 0
428 484 757 381 0 8 0
428 492 760 378 0 -8 0
428 484 763 375 -8 8 0
420 492 766 372 0 -8 0
420 484 769 369 -8 -8 0
412 476 772 366 0 0 0
412 476 775 363 0 8 0
412 484 778 360 -8 0 0
404 484 781 357 0 0 1
404 484 781 357 0 0 1
404 484 781 357 0 0 1
404 484 781 357 0 0 1
404 484 781 357 0 0 1
