276 530 670 222 0 0 0
276 530 673 219 -8 0 0
268 530 676 216 -8 0 0
260 530 679 213 0 0 0
260 530 682 210 0 8 0
260 538 685 207 -8 8 0
252 540 688 204 0 0 0
252 540 691 201 -8 -8 0
244 532 694 198 0 8 0
244 540 697 195 0 8 0
244 540 700 192 -8 0 0
236 540 703 189 0 0 0
236 540 706 186 0 8 0
236 540 709 183 -8 8 0
228 540 712 180 0 0 0
228 540 715 177 -8 8 0
220 540 718 174 0 -8 0
220 532 721 171 0 -8 0
220 524 724 168 -8 8 0
212 532 727 165 0 0 0
212 532 730 162 0 -8 0
212 524 733 159 -8 -8 0
204 516 736 156 0 -8 0
204 508 739 153 -8 -8 0
196 500 742 150 0 8 0
196 508 745 147 0 0 0
196 508 748 144 -8 0 0
188 508 751 141 0 0 0
188 508 754 138 0 0 0
188 508 757 135 -8 8 0
180 516 760 132 0 -8 0
180 508 763 129 -8 -8 0
172 500 766 126 0 -8 0
172 492 769 123 0 8 0
172 500 772 120 -8 0 0
164 500 775 117 0 0 0
164 500 778 114 0 -8 0
164 492 781 111 0 0 1
164 492 781 111 0 0 1
164 492 781 111 0 0 1
164 492 781 111 0 0 1
164 492 781 111 0 0 1
