154 307 352 354 0 0 0
154 307 349 357 8 0 0
162 307 346 360 8 -8 0
170 299 343 363 8 0 0
178 299 340 366 8 8 0
186 307 337 369 8 0 0
194 307 334 372 8 8 0
202 315 331 375 8 -8 0
210 307 328 378 8 8 0
218 315 325 381 8 0 0
226 315 322 384 8 0 0
234 315 319 387 8 -8 0
242 307 316 390 8 8 0
250 315 313 393 8 8 0
258 323 310 396 8 0 0
266 323 307 399 8 0 0
274 323 304 402 8 8 0
282 331 301 405 8 0 0
290 331 298 408 8 8 0
298 339 295 411 8 0 0
306 339 292 414 8 8 0
314 347 289 417 8 0 0
322 347 286 420 8 8 0
330 355 283 423 8 8 0
338 363 280 426 8 -8 0
346 355 277 429 8 0 0
354 355 274 432 8 8 0
362 363 271 435 8 0 0
370 363 268 438 8 8 0
378 371 265 441 8 0 0
386 371 262 444 8 -8 0
394 363 259 447 8 -8 0
402 355 256 450 0 -8 0
402 347 253 453 8 0 0
410 347 250 456 0 0 0
410 347 247 459 0 -8 0
410 339 244 462 8 -8 0
418 331 241 465 0 8 0
418 339 238 468 0 0 0
418 339 235 471 8 8 0
426 347 232 474 0 0 0
426 347 229 477 8 8 0
434 355 226 480 0 0 0
434 355 223 483 0 0 0
434 355 220 486 8 0 0
442 355 217 489 0 -8 0
442 347 214 492 0 0 0
442 347 211 495 8 0 0
450 347 208 498 0 8 0
450 355 205 501 8 0 0
458 355 202 504 0 8 0
458 363 199 507 0 -8 0
458 355 196 510 8 -8 0
466 347 193 513 0 8 0
466 355 190 516 0 -8 0
466 347 187 519 8 0 0
474 347 184 522 0 8 0
474 355 181 525 8 8 0
482 363 178 528 0 -8 0
482 355 175 531 0 -8 0
482 347 172 534 8 0 0
490 347 169 537 0 8 0
490 355 166 540 0 -8 0
490 347 163 543 8 0 0
498 347 160 546 0 -8 0
498 339 157 549 8 -8 0
506 331 154 552 0 -8 0
506 323 151 555 0 -8 0
506 315 148 558 8 8 0
514 323 145 561 0 0 0
514 323 142 564 0 8 0
514 331 139 567 8 0 0
522 331 136 570 0 -8 0
522 323 133 573 8 0 0
530 323 130 576 0 -8 0
530 315 127 579 0 0 0
530 315 124 582 8 0 0
538 315 121 585 0 -8 0
538 307 118 588 0 8 0
538 315 115 591 8 8 0
540 323 112 588 0 8 0
540 331 109 585 0 0 0
540 331 106 582 0 8 0
540 339 103 579 0 -8 0
540 331 100 576 0 0 0
540 331 97 573 0 0 0
540 331 94 570 0 8 0
540 339 91 567 0 -8 0
540 331 88 564 0 8 0
540 339 85 561 0 8 0
540 347 82 558 0 0 0
540 347 79 555 0 -8 0
540 339 76 552 0 8 0
540 347 73 549 0 8 0
540 355 70 546 0 0 0
540 355 67 543 0 -8 0
540 347 64 540 0 -8 0
540 339 61 537 0 -8 0
540 331 58 534 0 0 0
540 331 55 531 0 8 0
540 339 52 528 0 8 0
540 347 49 525 0 -8 0
540 339 46 522 0 -8 0
540 331 43 519 0 -8 0
540 323 40 516 0 0 0
540 323 37 513 0 -8 0
540 315 34 510 0 -8 0
540 307 31 507 0 0 0
540 307 28 504 0 8 0
540 315 25 501 0 0 0
540 315 22 498 0 8 0
540 323 19 495 0 8 0
540 331 22 492 0 0 0
540 331 25 489 -8 -8 0
532 323 28 486 0 -8 0
532 315 31 483 0 -8 0
532 307 34 480 -8 -8 0
524 299 37 477 0 0 0
524 299 40 474 0 8 0
524 307 43 471 -8 8 0
516 315 46 468 0 0 0
516 315 49 465 -8 8 0
508 323 52 462 0 -8 0
508 315 55 459 0 -8 0
508 307 58 456 -8 -8 0
500 299 61 453 0 0 0
500 299 64 450 0 0 0
500 299 67 447 -8 0 0
492 299 70 444 0 0 0
492 299 73 441 -8 0 0
484 299 76 438 0 0 0
484 299 79 435 0 0 0
484 299 82 432 -8 0 0
476 299 85 429 0 0 0
476 299 88 426 0 0 0
476 299 91 423 -8 8 0
468 307 94 420 0 -8 0
468 299 97 417 -8 -8 0
460 291 100 414 0 -8 0
460 283 103 411 0 8 0
460 291 106 408 -8 8 0
452 299 109 405 0 -8 0
452 291 112 402 0 -8 0
452 283 115 399 -8 0 0
444 283 118 396 0 0 0
444 283 121 393 -8 8 0
436 291 124 390 0 0 0
436 291 127 387 0 -8 0
436 283 130 384 -8 0 0
428 283 133 381 0 0 0
428 283 136 378 0 -8 0
428 275 139 375 -8 8 0
420 283 142 372 0 -8 0
420 275 145 369 -8 0 0
412 275 148 366 0 -8 0
412 267 151 363 0 0 0
412 267 154 360 -8 0 0
404 267 157 357 0 -8 0
404 259 160 354 0 0 0
404 259 163 351 -8 -8 0
396 251 166 348 0 8 0
396 259 169 345 -8 8 0
388 267 172 342 0 -8 0
388 259 175 339 0 -8 0
388 251 178 336 -8 -8 0
380 243 181 333 0 0 0
380 243 184 330 0 -8 0
380 235 187 327 -8 8 0
372 243 190 324 0 0 0
372 243 193 321 -8 8 0
364 251 196 318 0 8 0
364 259 199 315 0 -8 0
364 251 202 312 -8 0 0
356 251 205 309 0 -8 0
356 243 208 306 0 -8 0
356 235 211 303 -8 0 0
348 235 214 300 0 8 0
348 243 217 297 -8 8 0
340 251 220 294 0 0 0
340 251 223 291 0 8 0
340 259 226 288 -8 -8 0
332 251 229 285 0 -8 0
332 243 232 282 0 8 0
332 251 235 279 -8 8 0
324 259 238 276 0 0 0
324 259 241 273 -8 0 0
316 259 244 270 0 0 0
316 259 247 267 0 -8 0
316 251 250 264 -8 0 0
308 251 253 261 0 -8 0
308 243 256 258 0 0 0
308 243 259 255 -8 0 0
300 243 262 252 0 -8 0
300 235 265 249 -8 8 0
292 243 268 246 0 -8 0
292 235 271 243 0 8 0
292 243 274 240 -8 8 0
284 251 277 237 0 8 0
284 259 280 234 0 -8 0
284 251 283 231 -8 -8 0
276 243 286 228 0 0 0
276 243 289 225 -8 -8 0
268 235 292 222 0 8 0
268 243 295 219 0 -8 0
268 235 298 216 -8 8 0
260 243 301 213 0 8 0
260 251 304 210 0 8 0
260 259 307 207 -8 8 0
252 267 310 204 0 -8 0
252 259 313 201 -8 8 0
244 267 316 198 0 -8 0
244 259 319 195 0 -8 0
244 251 322 192 -8 8 0
236 259 325 189 0 0 0
236 259 328 186 0 -8 0
236 251 331 183 -8 -8 0
228 243 334 180 0 8 0
228 251 337 177 -8 0 0
220 251 340 174 0 0 0
220 251 343 171 0 0 0
220 251 346 168 -8 0 0
212 251 349 165 0 0 0
212 251 352 162 0 8 0
212 259 355 159 -8 0 0
204 259 358 156 0 0 0
204 259 361 153 -8 8 0
196 267 364 150 0 -8 0
196 259 367 147 0 0 0
196 259 370 144 -8 0 0
188 259 373 141 0 8 0
188 267 376 138 0 8 0
188 275 379 135 -8 8 0
180 283 382 132 0 -8 0
180 275 385 129 -8 8 0
172 283 388 126 0 -8 0
172 275 391 123 0 -8 0
172 267 394 120 -8 -8 0
164 259 397 117 0 -8 0
164 251 400 114 0 -8 0
164 243 403 111 -8 8 0
156 251 406 108 0 0 0
156 251 409 105 -8 8 0
148 259 412 102 0 -8 0
148 251 415 99 0 -8 0
148 243 418 96 -8 0 0
140 243 421 93 0 -8 0
140 235 424 90 0 0 0
140 235 427 87 -8 -8 0
132 227 430 84 0 -8 0
132 219 433 81 -8 8 0
124 227 436 78 0 8 0
124 235 439 75 0 8 0
124 243 442 72 -8 -8 0
116 235 445 69 0 0 0
116 235 448 66 0 -8 0
116 227 451 63 -8 -8 0
108 219 454 60 0 0 0
108 219 457 57 -8 8 0
100 227 460 54 0 -8 0
100 219 463 51 0 8 0
100 227 466 48 -8 8 0
92 235 469 45 0 0 0
92 235 472 42 0 0 0
92 235 475 39 -8 8 0
84 243 478 36 0 -8 0
84 235 481 33 -8 0 0
76 235 484 30 0 -8 0
76 227 487 27 0 8 0
76 235 490 24 -8 8 0
68 243 493 21 0 -8 0
68 235 496 18 0 -8 0
68 227 499 15 -8 8 0
60 235 502 12 0 8 0
60 243 505 9 -8 -8 0
60 235 508 12 0 8 0
60 243 511 15 0 -8 0
60 235 514 18 0 0 0
60 235 517 21 0 0 0
60 235 520 24 0 8 0
60 243 523 27 0 8 0
60 251 526 30 0 0 0
60 251 529 33 0 -8 0
60 243 532 36 0 8 0
60 251 535 39 0 0 0
60 251 538 42 0 0 0
60 251 541 45 0 8 0
60 259 544 48 0 -8 0
60 251 547 51 0 -8 0
60 243 550 54 0 -8 0
60 235 553 57 0 0 0
60 235 556 60 0 0 0
60 235 559 63 0 8 0
60 243 562 66 0 0 0
60 243 565 69 0 0 0
60 243 568 72 0 0 0
60 243 571 75 0 0 0
60 243 574 78 0 0 0
60 243 577 81 0 8 0
60 251 580 84 0 -8 0
60 243 583 87 0 0 0
60 243 586 90 0 -8 0
60 235 589 93 0 8 0
60 243 592 96 0 8 0
60 251 595 99 0 0 0
60 251 598 102 0 -8 0
60 243 601 105 0 -8 0
60 235 604 108 0 8 0
60 243 607 111 8 8 0
68 251 610 114 0 0 0
68 251 613 117 0 0 0
68 251 616 120 8 8 0
76 259 619 123 0 0 0
76 259 622 126 0 8 0
76 267 625 129 8 8 0
84 275 628 132 0 -8 0
84 267 631 135 8 8 0
92 275 634 138 0 0 0
92 275 637 141 0 -8 0
92 267 640 144 8 8 0
100 275 643 147 0 8 0
100 283 646 150 0 0 0
100 283 649 153 8 8 0
108 291 652 156 0 -8 0
108 283 655 159 8 8 0
116 291 658 162 0 8 0
116 299 661 165 0 0 0
116 299 664 168 8 8 0
124 307 667 171 0 8 0
124 315 670 174 0 -8 0
124 307 673 177 8 8 0
132 315 676 180 0 8 0
132 323 679 183 8 8 0
140 331 682 186 0 -8 0
140 323 685 189 0 8 0
140 331 688 192 8 -8 0
148 323 691 195 0 0 0
148 323 694 198 0 8 0
148 331 697 201 8 0 0
156 331 700 204 0 8 0
156 339 703 207 8 0 0
164 339 706 210 0 0 0
164 339 709 213 0 0 0
164 339 712 216 8 -8 0
172 331 715 219 0 8 0
172 339 718 222 0 -8 0
172 331 721 225 8 0 0
180 331 724 228 0 8 0
180 339 727 231 8 0 0
188 339 730 234 0 0 0
188 339 733 237 0 0 0
188 339 736 240 8 -8 0
196 331 739 243 0 0 0
196 331 742 246 0 8 0
196 339 745 249 8 0 0
204 339 748 252 0 8 0
204 347 751 255 8 0 0
212 347 754 258 0 0 0
212 347 757 261 0 0 0
212 347 760 264 8 0 0
220 347 763 267 0 -8 0
220 339 766 270 0 0 0
220 339 769 273 8 0 0
228 339 772 276 0 -8 0
228 331 775 279 8 8 0
236 339 778 282 0 0 0
236 339 781 285 0 0 1
236 339 781 285 0 0 1
236 339 781 285 0 0 1
236 339 781 285 0 0 1
236 339 781 285 0 0 1
