535 250 319 273 0 0 0
535 250 316 276 -8 0 0
527 250 313 279 -8 0 0
519 250 310 282 -8 0 0
511 250 307 285 -8 0 0
503 250 304 288 -8 -8 0
495 242 301 291 -8 -8 0
487 234 298 294 -8 0 0
479 234 295 297 -8 0 0
471 234 292 300 -8 0 0
463 234 289 303 -8 0 0
455 234 286 306 -8 -8 0
447 226 283 309 -8 0 0
439 226 280 312 -8 8 0
431 234 277 315 -8 -8 0
423 226 274 318 -8 8 0
415 234 271 321 -8 8 0
407 242 268 324 -8 8 0
399 250 265 327 -8 0 0
391 250 262 330 -8 0 0
383 250 259 333 0 0 0
383 250 256 336 0 0 0
383 250 253 339 0 0 0
383 250 250 342 0 8 0
383 258 247 345 0 0 0
383 258 244 348 0 -8 0
383 250 241 351 0 0 0
383 250 238 354 0 -8 0
383 242 235 357 0 8 0
383 250 232 360 0 -8 0
383 242 229 363 0 8 0
383 250 226 366 0 0 0
383 250 223 369 0 -8 0
383 242 220 372 0 8 0
383 250 217 375 0 8 0
383 258 214 378 0 -8 0
383 250 211 381 0 8 0
383 258 208 384 0 -8 0
383 250 205 387 0 8 0
383 258 202 390 0 -8 0
383 250 199 393 0 -8 0
383 242 196 396 0 -8 0
383 234 193 399 0 0 0
383 234 190 402 0 -8 0
383 226 187 405 0 -8 0
383 218 184 408 0 8 0
383 226 181 411 0 -8 0
383 218 178 414 0 8 0
383 226 175 417 0 -8 0
383 218 172 420 0 0 0
383 218 169 423 0 -8 0
383 210 166 426 0 -8 0
383 202 163 429 0 -8 0
383 194 160 432 0 0 0
383 194 157 435 8 8 0
391 202 154 438 0 0 0
391 202 151 441 0 8 0
391 210 148 444 8 0 0
399 210 145 447 0 0 0
399 210 142 450 8 8 0
407 218 139 453 0 8 0
407 226 136 456 0 8 0
407 234 133 459 8 0 0
415 234 130 462 0 -8 0
415 226 127 465 0 8 0
415 234 124 468 8 -8 0
423 226 121 471 0 0 0
423 226 118 474 8 8 0
431 234 115 477 0 0 0
431 234 112 480 0 8 0
431 242 109 483 8 0 0
439 242 106 486 0 0 0
439 242 103 489 0 -8 0
439 234 100 492 8 8 0
447 242 97 495 0 -8 0
447 234 94 498 8 0 0
455 234 91 501 0 -8 0
455 226 88 504 0 0 0
455 226 85 507 8 -8 0
463 218 82 510 0 0 0
463 218 79 513 0 -8 0
463 210 76 516 8 -8 0
471 202 73 519 0 -8 0
471 194 70 522 8 8 0
479 202 67 525 0 -8 0
479 194 64 528 0 -8 0
479 186 61 531 8 0 0
487 186 58 534 0 8 0
487 194 55 537 0 -8 0
487 186 52 540 8 8 0
495 194 49 543 0 8 0
495 202 46 546 8 -8 0
503 194 43 549 0 0 0
503 194 40 552 0 -8 0
503 186 37 555 8 8 0
511 194 34 558 0 0 0
511 194 31 561 0 8 0
511 202 28 564 8 0 0
519 202 25 567 0 -8 0
519 194 22 570 8 0 0
527 194 19 573 0 0 0
527 194 22 576 0 0 0
527 194 25 579 8 0 0
535 194 28 582 0 8 0
535 202 31 585 0 8 0
535 210 34 588 8 0 0
540 210 37 591 8 8 0
540 218 40 588 0 -8 0
540 210 43 585 0 0 0
540 210 46 582 0 0 0
540 210 49 579 0 8 0
540 218 52 576 0 8 0
540 226 55 573 0 8 0
540 234 58 570 0 -8 0
540 226 61 567 0 -8 0
540 218 64 564 0 -8 0
540 210 67 561 0 -8 0
540 202 70 558 0 8 0
540 210 73 555 0 -8 0
540 202 76 552 0 8 0
540 210 79 549 0 0 0
540 210 82 546 0 8 0
540 218 85 543 0 0 0
540 218 88 540 0 -8 0
540 210 91 537 0 0 0
540 210 94 534 0 8 0
540 218 97 531 0 8 0
540 226 100 528 0 8 0
540 234 103 525 0 8 0
540 242 106 522 0 -8 0
540 234 109 519 0 0 0
540 234 112 516 0 8 0
540 242 115 513 0 -8 0
540 234 118 510 0 0 0
540 234 121 507 0 0 0
540 234 124 504 0 8 0
540 242 127 501 0 -8 0
540 234 130 498 0 -8 0
540 226 133 495 0 -8 0
540 218 136 492 0 -8 0
540 210 139 489 -8 -8 0
532 202 142 486 0 8 0
532 210 145 483 0 -8 0
532 202 148 480 -8 0 0
524 202 151 477 0 0 0
524 202 154 474 0 -8 0
524 194 157 471 -8 -8 0
516 186 160 468 0 8 0
516 194 163 465 -8 8 0
508 202 166 462 0 0 0
508 202 169 459 0 8 0
508 210 172 456 -8 8 0
500 218 175 453 0 0 0
500 218 178 450 0 8 0
500 226 181 447 -8 -8 0
492 218 184 444 0 -8 0
492 210 187 441 -8 8 0
484 218 190 438 0 8 0
484 226 193 435 0 0 0
484 226 196 432 -8 0 0
476 226 199 429 0 -8 0
476 218 202 426 0 -8 0
476 210 205 423 -8 8 0
468 218 208 420 0 -8 0
468 210 211 417 -8 0 0
460 210 214 414 0 0 0
460 210 217 411 0 8 0
460 218 220 408 -8 -8 0
452 210 223 405 0 8 0
452 218 226 402 0 0 0
452 218 229 399 -8 -8 0
444 210 232 396 0 0 0
444 210 235 393 -8 0 0
436 210 238 390 0 0 0
436 210 241 387 0 8 0
436 218 244 384 -8 0 0
428 218 247 381 0 8 0
428 226 250 378 0 0 0
428 226 253 375 -8 0 0
420 226 256 372 0 8 0
420 234 259 369 -8 -8 0
412 226 262 366 0 -8 0
412 218 265 363 0 -8 0
412 210 268 360 -8 0 0
404 210 271 357 0 -8 0
404 202 274 354 0 0 0
404 202 277 351 -8 0 0
396 202 280 348 0 0 0
396 202 283 345 -8 -8 0
388 194 286 342 0 8 0
388 202 289 339 0 8 0
388 210 292 336 -8 -8 0
380 202 295 333 0 0 0
380 202 298 330 0 8 0
380 210 301 327 -8 0 0
372 210 304 324 0 -8 0
372 202 307 321 -8 0 0
364 202 310 318 0 8 0
364 210 313 315 0 -8 0
364 202 316 312 -8 8 0
356 210 319 309 0 -8 0
356 202 322 306 0 0 0
356 202 325 303 -8 8 0
348 210 328 300 0 8 0
348 218 331 297 -8 -8 0
340 210 334 294 0 -8 0
340 202 337 291 0 0 0
340 202 340 288 -8 8 0
332 210 343 285 0 0 0
332 210 346 282 0 0 0
332 210 349 279 -8 0 0
324 210 352 276 0 -8 0
324 202 355 273 -8 8 0
316 210 358 270 0 0 0
316 210 361 267 0 8 0
316 218 364 264 -8 8 0
308 226 367 261 0 -8 0
308 218 370 258 0 0 0
308 218 373 255 -8 -8 0
300 210 376 252 0 8 0
300 218 379 249 -8 -8 0
292 210 382 246 0 8 0
292 218 385 243 0 8 0
292 226 388 240 -8 8 0
284 234 391 237 0 8 0
284 242 394 234 0 0 0
284 242 397 231 -8 8 0
276 250 400 228 0 8 0
276 258 403 225 -8 -8 0
268 250 406 222 0 8 0
268 258 409 219 0 -8 0
268 250 412 216 -8 -8 0
260 242 415 213 0 0 0
260 242 418 210 0 -8 0
260 234 421 207 -8 8 0
252 242 424 204 0 -8 0
252 234 427 201 -8 8 0
244 242 430 198 0 -8 0
244 234 433 195 0 0 0
244 234 436 192 -8 -8 0
236 226 439 189 0 0 0
236 226 442 186 0 8 0
236 234 445 183 -8 -8 0
228 226 448 180 0 -8 0
228 218 451 177 -8 0 0
220 218 454 174 0 8 0
220 226 457 171 0 0 0
220 226 460 168 -8 0 0
212 226 463 165 0 0 0
212 226 466 162 0 8 0
212 234 469 159 -8 8 0
204 242 472 156 0 -8 0
204 234 475 153 -8 0 0
196 234 478 150 0 0 0
196 234 481 147 0 -8 0
196 226 484 144 -8 0 0
188 226 487 141 0 0 0
188 226 490 138 0 0 0
188 226 493 135 -8 8 0
180 234 496 132 0 8 0
180 242 499 129 -8 8 0
172 250 502 126 0 -8 0
172 242 505 123 0 8 0
172 250 508 120 -8 8 0
164 258 511 117 0 -8 0
164 250 514 114 0 0 0
164 250 517 111 -8 8 0
156 258 520 108 0 0 0
156 258 523 105 -8 -8 0
148 250 526 102 0 0 0
148 250 529 99 0 0 0
148 250 532 96 -8 -8 0
140 242 535 93 0 8 0
140 250 538 90 0 -8 0
140 242 541 87 -8 -8 0
132 234 544 84 0 0 0
132 234 547 81 -8 0 0
124 234 550 78 0 8 0
124 242 553 75 0 8 0
124 250 556 72 -8 0 0
116 250 559 69 0 8 0
116 258 562 66 0 8 0
116 266 565 63 -8 -8 0
108 258 568 60 0 0 0
108 258 571 57 -8 0 0
100 258 574 54 0 0 0
100 258 577 51 0 0 0
100 258 580 48 -8 0 0
92 258 583 45 0 8 0
92 266 586 42 0 8 0
92 274 589 39 -8 -8 0
84 266 592 36 0 -8 0
84 258 595 33 -8 8 0
76 266 598 30 0 -8 0
76 258 601 27 0 8 0
76 266 604 24 -8 -8 0
68 258 607 21 0 8 0
68 266 610 18 0 0 0
68 266 613 15 -8 0 0
60 266 616 12 0 8 0
60 274 619 9 -8 -8 0
60 266 622 12 0 -8 0
60 258 625 15 0 0 0
60 258 628 18 0 8 0
60 266 631 21 0 8 0
60 274 634 24 0 0 0
60 274 637 27 0 0 0
60 274 640 30 0 -8 0
60 266 643 33 0 0 0
60 266 646 36 0 8 0
60 274 649 39 0 -8 0
60 266 652 42 0 -8 0
60 258 655 45 0 -8 0
60 250 658 48 0 -8 0
60 242 661 51 0 8 0
60 250 664 54 0 -8 0
60 242 667 57 0 0 0
60 242 670 60 0 -8 0
60 234 673 63 0 8 0
60 242 676 66 0 0 0
60 242 679 69 0 8 0
60 250 682 72 0 8 0
60 258 685 75 0 8 0
60 266 688 78 0 0 0
60 266 691 81 0 8 0
60 274 694 84 0 -8 0
60 266 697 87 0 0 0
60 266 700 90 0 0 0
60 266 703 93 0 0 0
60 266 706 96 0 8 0
60 274 709 99 0 -8 0
60 266 712 102 0 0 0
60 266 715 105 0 -8 0
60 258 718 108 0 -8 0
60 250 721 111 8 0 0
68 250 724 114 0 -8 0
68 242 727 117 0 0 0
68 242 730 120 8 -8 0
76 234 733 123 0 8 0
76 242 736 126 0 8 0
76 250 739 129 8 8 0
84 258 742 132 0 0 0
84 258 745 135 8 8 0
92 266 748 138 0 -8 0
92 258 751 141 0 8 0
92 266 754 144 8 -8 0
100 258 757 147 0 -8 0
100 250 760 150 0 0 0
100 250 763 153 8 -8 0
108 242 766 156 0 8 0
108 250 769 159 8 -8 0
116 242 772 162 0 8 0
116 250 775 165 0 8 0
116 258 778 168 8 -8 0
124 250 781 171 0 0 1
124 250 781 171 0 0 1
124 250 781 171 0 0 1
124 250 781 171 0 0 1
124 250 781 171 0 0 1
