532 263 469 381 0 0 0
532 263 472 378 -8 0 0
524 263 475 375 -8 0 0
516 263 478 372 -8 0 0
508 263 481 369 -8 8 0
500 271 484 366 -8 0 0
492 271 487 363 -8 -8 0
484 263 490 360 -8 8 0
476 271 493 357 -8 -8 0
468 263 496 354 -8 0 0
460 263 499 351 -8 -8 0
452 255 502 348 -8 0 0
444 255 505 345 -8 -8 0
436 247 508 342 -8 0 0
428 247 511 339 -8 8 0
420 255 514 336 -8 8 0
412 263 517 333 -8 0 0
404 263 520 330 -8 0 0
396 263 523 327 -8 -8 0
388 255 526 324 -8 8 0
380 263 529 321 -8 -8 0
372 255 532 318 -8 8 0
364 263 535 315 0 -8 0
364 255 538 312 -8 -8 0
356 247 541 309 0 8 0
356 255 544 306 0 0 0
356 255 547 303 -8 0 0
348 255 550 300 0 0 0
348 255 553 297 -8 -8 0
340 247 556 294 0 -8 0
340 239 559 291 0 0 0
340 239 562 288 -8 8 0
332 247 565 285 0 -8 0
332 239 568 282 0 0 0
332 239 571 279 -8 0 0
324 239 574 276 0 0 0
324 239 577 273 -8 8 0
316 247 580 270 0 -8 0
316 239 583 267 0 -8 0
316 231 586 264 -8 8 0
308 239 589 261 0 -8 0
308 231 592 258 0 8 0
308 239 595 255 -8 -8 0
300 231 598 252 0 -8 0
300 223 601 249 -8 -8 0
292 215 604 246 0 0 0
292 215 607 243 0 -8 0
292 207 610 240 -8 0 0
284 207 613 237 0 8 0
284 215 616 234 0 8 0
284 223 619 231 -8 -8 0
276 215 622 228 0 8 0
276 223 625 225 -8 0 0
268 223 628 222 0 -8 0
268 215 631 219 0 0 0
268 215 634 216 -8 8 0
260 223 637 213 0 0 0
260 223 640 210 0 -8 0
260 215 643 207 -8 0 0
252 215 646 204 0 8 0
252 223 649 201 -8 0 0
244 223 652 198 0 -8 0
244 215 655 195 0 -8 0
244 207 658 192 -8 -8 0
236 199 661 189 0 8 0
236 207 664 186 0 8 0
236 215 667 183 -8 0 0
228 215 670 180 0 0 0
228 215 673 177 -8 0 0
220 215 676 174 0 8 0
220 223 679 171 0 8 0
220 231 682 168 -8 0 0
212 231 685 165 0 0 0
212 231 688 162 0 0 0
212 231 691 159 -8 0 0
204 231 694 156 0 8 0
204 239 697 153 -8 8 0
196 247 700 150 0 8 0
196 255 703 147 0 -8 0
196 247 706 144 -8 0 0
188 247 709 141 0 -8 0
188 239 712 138 0 8 0
188 247 715 135 -8 -8 0
180 239 718 132 0 -8 0
180 231 721 129 -8 8 0
172 239 724 126 0 0 0
172 239 727 123 0 0 0
172 239 730 120 -8 8 0
164 247 733 117 0 8 0
164 255 736 114 0 0 0
164 255 739 111 -8 -8 0
156 247 742 108 0 0 0
156 247 745 105 -8 -8 0
148 239 748 102 0 -8 0
148 231 751 99 0 8 0
148 239 754 96 -8 8 0
140 247 757 93 0 0 0
140 247 760 90 0 -8 0
140 239 763 87 -8 8 0
132 247 766 84 0 0 0
132 247 769 81 -8 0 0
124 247 772 78 0 8 0
124 255 775 75 0 0 0
124 255 778 72 -8 -8 0
116 247 781 69 0 0 1
116 247 781 69 0 0 1
116 247 781 69 0 0 1
116 247 781 69 0 0 1
116 247 781 69 0 0 1
