404 168 496 477 0 0 0
404 168 499 474 8 8 0
412 176 502 471 8 -8 0
420 168 505 468 0 0 0
420 168 508 465 0 8 0
420 176 511 462 0 0 0
420 176 514 459 0 -8 0
420 168 517 456 0 8 0
420 176 520 453 0 8 0
420 184 523 450 0 0 0
420 184 526 447 0 8 0
420 192 529 444 0 8 0
420 200 532 441 0 8 0
420 208 535 438 0 0 0
420 208 538 435 0 0 0
420 208 541 432 0 8 0
420 216 544 429 0 -8 0
420 208 547 426 0 8 0
420 216 550 423 0 0 0
420 216 553 420 0 8 0
420 224 556 417 0 -8 0
420 216 559 414 0 8 0
420 224 562 411 0 0 0
420 224 565 408 0 -8 0
420 216 568 405 0 -8 0
420 208 571 402 0 -8 0
420 200 574 399 0 -8 0
420 192 577 396 0 0 0
420 192 580 393 0 8 0
420 200 583 390 0 8 0
420 208 586 387 0 0 0
420 208 589 384 0 0 0
420 208 592 381 0 -8 0
420 200 595 378 0 -8 0
420 192 598 375 0 -8 0
420 184 601 372 0 -8 0
420 176 604 369 -8 -8 0
412 168 607 366 0 -8 0
412 160 610 363 0 8 0
412 168 613 360 -8 8 0
404 176 616 357 0 -8 0
404 168 619 354 0 0 0
404 168 622 351 -8 8 0
396 176 625 348 0 -8 0
396 168 628 345 -8 -8 0
388 160 631 342 0 0 0
388 160 634 339 0 -8 0
388 152 637 336 -8 0 0
380 152 640 333 0 8 0
380 160 643 330 0 8 0
380 168 646 327 -8 8 0
372 176 649 324 0 -8 0
372 168 652 321 -8 -8 0
364 160 655 318 0 -8 0
364 152 658 315 0 8 0
364 160 661 312 -8 0 0
356 160 664 309 0 8 0
356 168 667 306 0 0 0
356 168 670 303 -8 8 0
348 176 673 300 0 8 0
348 184 676 297 -8 -8 0
340 176 679 294 0 0 0
340 176 682 291 0 -8 0
340 168 685 288 -8 -8 0
332 160 688 285 0 -8 0
332 152 691 282 0 8 0
332 160 694 279 -8 8 0
324 168 697 276 0 -8 0
324 160 700 273 -8 0 0
316 160 703 270 0 -8 0
316 152 706 267 0 -8 0
316 144 709 264 -8 0 0
308 144 712 261 0 8 0
308 152 715 258 0 0 0
308 152 718 255 -8 -8 0
300 144 721 252 0 0 0
300 144 724 249 -8 8 0
292 152 727 246 0 -8 0
292 144 730 243 0 8 0
292 152 733 240 -8 0 0
284 152 736 237 0 0 0
284 152 739 234 0 0 0
284 152 742 231 -8 -8 0
276 144 745 228 0 0 0
276 144 748 225 -8 8 0
268 152 751 222 0 8 0
268 160 754 219 0 0 0
268 160 757 216 -8 -8 0
260 152 760 213 0 0 0
260 152 763 210 0 0 0
260 152 766 207 -8 8 0
252 160 769 204 0 -8 0
252 152 772 201 -8 -8 0
244 144 775 198 0 0 0
244 144 778 195 0 0 0
244 144 781 192 -8 8 0
236 152 778 189 0 0 0
236 152 775 186 0 8 0
236 160 772 183 -8 8 0
228 168 769 180 0 0 0
228 168 766 177 -8 -8 0
220 160 763 174 0 8 0
220 168 760 171 0 0 0
220 168 757 168 -8 -8 0
212 160 754 165 0 0 0
212 160 751 162 0 8 0
212 168 748 159 -8 0 0
204 168 745 156 0 -8 0
204 160 742 153 -8 0 0
196 160 739 150 0 0 0
196 160 736 147 0 0 0
196 160 733 144 -8 0 0
188 160 730 141 0 -8 0
188 152 727 138 0 -8 0
188 144 724 135 -8 0 0
180 144 721 132 0 -8 0
180 136 718 129 -8 8 0
172 144 715 126 0 0 0
172 144 712 123 0 8 0
172 152 709 120 -8 0 0
164 152 706 117 0 0 0
164 152 703 114 0 0 0
164 152 700 111 -8 -8 0
156 144 697 108 0 8 0
156 152 694 105 -8 0 0
148 152 691 102 0 -8 0
148 144 688 99 0 8 0
148 152 685 96 -8 0 0
140 152 682 93 0 0 0
140 152 679 90 0 8 0
140 160 676 87 -8 -8 0
132 152 673 84 0 -8 0
132 144 670 81 -8 0 0
124 144 667 78 0 -8 0
124 136 664 75 0 -8 0
124 128 661 72 -8 8 0
116 136 658 69 0 0 0
116 136 655 66 0 -8 0
116 128 652 63 -8 0 0
108 128 649 60 0 0 0
108 128 646 57 -8 0 0
100 128 643 54 0 0 0
100 128 640 51 0 -8 0
100 120 637 48 -8 -8 0
92 112 634 45 0 0 0
92 112 631 42 0 -8 0
92 104 628 39 -8 -8 0
84 96 625 36 0 -8 0
84 88 622 33 -8 -8 0
76 80 619 30 0 0 0
76 80 616 27 0 0 0
76 80 613 24 -8 -8 0
68 72 610 21 0 -8 0
68 64 607 18 0 8 0
68 72 604 15 -8 -8 0
60 64 601 12 0 8 0
60 72 598 9 -8 8 0
60 80 595 12 0 -8 0
60 72 592 15 0 0 0
60 72 589 18 0 8 0
60 80 586 21 0 -8 0
60 72 583 24 0 8 0
60 80 580 27 0 -8 0
60 72 577 30 0 8 0
60 80 574 33 0 0 0
60 80 571 36 0 8 0
60 88 568 39 0 8 0
60 96 565 42 0 8 0
60 104 562 45 0 -8 0
60 96 559 48 0 -8 0
60 88 556 51 0 -8 0
60 80 553 54 0 0 0
60 80 550 57 0 -8 0
60 72 547 60 0 8 0
60 80 544 63 0 8 0
60 88 541 66 0 8 0
60 96 538 69 0 8 0
60 104 535 72 0 8 0
60 112 532 75 0 -8 0
60 104 529 78 0 8 0
60 112 526 81 0 0 0
60 112 523 84 0 0 0
60 112 520 87 0 8 0
60 120 517 90 0 0 0
60 120 514 93 0 8 0
60 128 511 96 0 8 0
60 136 508 99 0 0 0
60 136 505 102 0 8 0
60 144 502 105 0 8 0
60 152 499 108 0 -8 0
60 144 496 111 8 -8 0
68 136 493 114 0 -8 0
68 128 490 117 0 8 0
68 136 487 120 8 0 0
76 136 484 123 0 0 0
76 136 481 126 0 -8 0
76 128 478 129 8 -8 0
84 120 475 132 0 8 0
84 128 472 135 8 0 0
92 128 469 138 0 0 0
92 128 466 141 0 8 0
92 136 463 144 8 0 0
100 136 460 147 0 0 0
100 136 457 150 0 0 0
100 136 454 153 8 -8 0
108 128 451 156 0 -8 0
108 120 448 159 8 8 0
116 128 445 162 0 -8 0
116 120 442 165 0 0 0
116 120 439 168 8 -8 0
124 112 436 171 0 8 0
124 120 433 174 0 0 0
124 120 430 177 8 0 0
132 120 427 180 0 0 0
132 120 424 183 8 -8 0
140 112 421 186 0 -8 0
140 104 418 189 0 8 0
140 112 415 192 8 8 0
148 120 412 195 0 -8 0
148 112 409 198 0 8 0
148 120 406 201 8 0 0
156 120 403 204 0 -8 0
156 112 400 207 8 8 0
164 120 397 210 0 0 0
164 120 394 213 0 0 0
164 120 391 216 8 0 0
172 120 388 219 0 0 0
172 120 385 222 0 8 0
172 128 382 225 8 0 0
180 128 379 228 0 8 0
180 136 376 231 8 -8 0
188 128 373 234 0 0 0
188 128 370 237 0 -8 0
188 120 367 240 8 8 0
196 128 364 243 0 -8 0
196 120 361 246 0 -8 0
196 112 358 249 8 8 0
204 120 355 252 0 0 0
204 120 352 255 8 8 0
212 128 349 258 0 -8 0
212 120 346 261 0 -8 0
212 112 343 264 8 8 0
220 120 340 267 0 8 0
220 128 337 270 0 -8 0
220 120 334 273 8 0 0
228 120 331 276 0 0 0
228 120 328 279 8 -8 0
236 112 325 282 0 0 0
236 112 322 285 0 -8 0
236 104 319 288 8 0 0
244 104 316 291 0 -8 0
244 96 313 294 0 0 0
244 96 310 297 8 0 0
252 96 307 300 0 0 0
252 96 304 303 8 -8 0
260 88 301 306 0 -8 0
260 80 298 309 0 0 0
260 80 295 312 8 -8 0
268 72 292 315 0 8 0
268 80 289 318 0 -8 0
268 72 286 321 8 0 0
276 72 283 324 0 8 0
276 80 280 327 8 0 0
284 80 277 330 0 0 0
284 80 274 333 0 -8 0
284 72 271 336 8 8 0
292 80 268 339 0 8 0
292 88 265 342 0 0 0
292 88 262 345 8 0 0
300 88 259 348 0 8 0
300 96 256 351 8 -8 0
308 88 253 354 0 8 0
308 96 250 357 0 8 0
308 104 247 360 8 8 0
316 112 244 363 0 8 0
316 120 241 366 0 -8 0
316 112 238 369 8 -8 0
324 104 235 372 0 0 0
324 104 232 375 8 -8 0
332 96 229 378 0 8 0
332 104 226 381 0 -8 0
332 96 223 384 8 8 0
340 104 220 387 0 -8 0
340 96 217 390 0 8 0
340 104 214 393 8 -8 0
348 96 211 396 0 0 0
348 96 208 399 8 8 0
356 104 205 402 0 0 0
356 104 202 405 0 8 0
356 112 199 408 8 0 0
364 112 196 411 0 -8 0
364 104 193 414 0 0 0
364 104 190 417 8 -8 0
372 96 187 420 0 0 0
372 96 184 423 8 0 0
380 96 181 426 0 -8 0
380 88 178 429 0 0 0
380 88 175 432 8 0 0
388 88 172 435 0 8 0
388 96 169 438 0 0 0
388 96 166 441 8 8 0
396 104 163 444 0 -8 0
396 96 160 447 8 0 0
404 96 157 450 0 8 0
404 104 154 453 0 0 0
404 104 151 456 8 8 0
412 112 148 459 0 -8 0
412 104 145 462 0 -8 0
412 96 142 465 8 0 0
420 96 139 468 0 8 0
420 104 136 471 8 8 0
428 112 133 474 0 -8 0
428 104 130 477 0 8 0
428 112 127 480 8 -8 0
436 104 124 483 0 -8 0
436 96 121 486 0 -8 0
436 88 118 489 8 -8 0
444 80 115 492 0 0 0
444 80 112 495 8 0 0
452 80 109 498 0 8 0
452 88 106 501 0 8 0
452 96 103 504 8 -8 0
460 88 100 507 0 -8 0
460 80 97 510 0 8 0
460 88 94 513 8 -8 0
468 80 91 516 0 0 0
468 80 88 519 8 0 0
476 80 85 522 0 0 0
476 80 82 525 0 -8 0
476 72 79 528 8 -8 0
484 64 76 531 0 0 0
484 64 73 534 0 0 0
484 64 70 537 8 8 0
492 72 67 540 0 8 0
492 80 64 543 8 -8 0
500 72 61 546 0 -8 0
500 64 58 549 0 0 0
500 64 55 552 8 0 0
508 64 52 555 0 -8 0
508 60 49 558 0 -8 0
508 60 46 561 8 8 0
516 68 43 564 0 -8 0
516 60 40 567 8 8 0
524 68 37 570 0 8 0
524 76 34 573 0 0 0
524 76 31 576 8 0 0
532 76 28 579 0 0 0
532 76 25 582 0 0 0
532 76 22 585 8 8 0
540 84 19 588 0 8 0
540 92 22 591 8 8 0
540 100 25 588 0 8 0
540 108 28 585 0 0 0
540 108 31 582 0 0 0
540 108 34 579 0 8 0
540 116 37 576 0 0 0
540 116 40 573 0 -8 0
540 108 43 570 0 0 0
540 108 46 567 0 -8 0
540 100 49 564 0 8 0
540 108 52 561 0 0 0
540 108 55 558 0 8 0
540 116 58 555 0 8 0
540 124 61 552 0 0 0
540 124 64 549 0 8 0
540 132 67 546 0 0 0
540 132 70 543 0 8 0
540 140 73 540 0 0 0
540 140 76 537 0 8 0
540 148 79 534 0 0 0
540 148 82 531 0 0 0
540 148 85 528 0 -8 0
540 140 88 525 0 8 0
540 148 91 522 0 0 0
540 148 94 519 0 8 0
540 156 97 516 0 -8 0
540 148 100 513 0 0 0
540 148 103 510 0 0 0
540 148 106 507 0 -8 0
540 140 109 504 0 8 0
540 148 112 501 0 8 0
540 156 115 498 0 -8 0
540 148 118 495 0 0 0
540 148 121 492 0 -8 0
540 140 124 489 -8 -8 0
532 132 127 486 0 -8 0
532 124 130 483 0 -8 0
532 116 133 480 -8 -8 0
524 108 136 477 0 -8 0
524 100 139 474 0 -8 0
524 92 142 471 -8 8 0
516 100 145 468 0 -8 0
516 92 148 465 -8 8 0
508 100 151 462 0 8 0
508 108 154 459 0 0 0
508 108 157 456 -8 8 0
500 116 160 453 0 8 0
500 124 163 450 0 8 0
500 132 166 447 -8 0 0
492 132 169 444 0 0 0
492 132 172 441 -8 0 0
484 132 175 438 0 0 0
484 132 178 435 0 8 0
484 140 181 432 -8 -8 0
476 132 184 429 0 0 0
476 132 187 426 0 -8 0
476 124 190 423 -8 8 0
468 132 193 420 0 8 0
468 140 196 417 -8 8 0
460 148 199 414 0 0 0
460 148 202 411 0 -8 0
460 140 205 408 -8 -8 0
452 132 208 405 0 0 0
452 132 211 402 0 8 0
452 140 214 399 -8 8 0
444 148 217 396 0 8 0
444 156 220 393 -8 -8 0
436 148 223 390 0 0 0
436 148 226 387 0 -8 0
436 140 229 384 -8 -8 0
428 132 232 381 0 -8 0
428 124 235 378 0 -8 0
428 116 238 375 -8 -8 0
420 108 241 372 0 0 0
420 108 244 369 -8 0 0
412 108 247 366 0 8 0
412 116 250 363 0 -8 0
412 108 253 360 -8 0 0
404 108 256 357 0 0 0
404 108 259 354 0 -8 0
404 100 262 351 -8 0 0
396 100 265 348 0 -8 0
396 92 268 345 -8 8 0
388 100 271 342 0 8 0
388 108 274 339 0 0 0
388 108 277 336 -8 8 0
380 116 280 333 0 8 0
380 124 283 330 0 8 0
380 132 286 327 -8 8 0
372 140 289 324 0 8 0
372 148 292 321 -8 0 0
364 148 295 318 0 0 0
364 148 298 315 0 0 0
364 148 301 312 -8 -8 0
356 140 304 309 0 8 0
356 148 307 306 0 8 0
356 156 310 303 -8 8 0
348 164 313 300 0 -8 0
348 156 316 297 -8 8 0
340 164 319 294 0 8 0
340 172 322 291 0 0 0
340 172 325 288 -8 8 0
332 180 328 285 0 0 0
332 180 331 282 0 -8 0
332 172 334 279 -8 0 0
324 172 337 276 0 0 0
324 172 340 273 -8 0 0
316 172 343 270 0 -8 0
316 164 346 267 0 -8 0
316 156 349 264 -8 0 0
308 156 352 261 0 8 0
308 164 355 258 0 0 0
308 164 358 255 -8 -8 0
300 156 361 252 0 -8 0
300 148 364 249 -8 8 0
292 156 367 246 0 8 0
292 164 370 243 0 0 0
292 164 373 240 -8 -8 0
284 156 376 237 0 0 0
284 156 379 234 0 8 0
284 164 382 231 -8 0 0
276 164 385 228 0 8 0
276 172 388 225 -8 -8 0
268 164 391 222 0 -8 0
268 156 394 219 0 0 0
268 156 397 216 -8 8 0
260 164 400 213 0 8 0
260 172 403 210 0 -8 0
260 164 406 207 -8 -8 0
252 156 409 204 0 0 0
252 156 412 201 -8 -8 0
244 148 415 198 0 8 0
244 156 418 195 0 -8 0
244 148 421 192 -8 -8 0
236 140 424 189 0 0 0
236 140 427 186 0 8 0
236 148 430 183 -8 -8 0
228 140 433 180 0 0 0
228 140 436 177 -8 -8 0
220 132 439 174 0 -8 0
220 124 442 171 0 8 0
220 132 445 168 -8 8 0
212 140 448 165 0 8 0
212 148 451 162 0 -8 0
212 140 454 159 -8 8 0
204 148 457 156 0 8 0
204 156 460 153 -8 -8 0
196 148 463 150 0 0 0
196 148 466 147 0 8 0
196 156 469 144 -8 8 0
188 164 472 141 0 0 0
188 164 475 138 0 8 0
188 172 478 135 -8 -8 0
180 164 481 132 0 -8 0
180 156 484 129 -8 8 0
172 164 487 126 0 -8 0
172 156 490 123 0 -8 0
172 148 493 120 -8 8 0
164 156 496 117 0 0 0
164 156 499 114 0 -8 0
164 148 502 111 -8 8 0
156 156 505 108 0 8 0
156 164 508 105 -8 0 0
148 164 511 102 0 -8 0
148 156 514 99 0 8 0
148 164 517 96 -8 8 0
140 172 520 93 0 0 0
140 172 523 90 0 -8 0
140 164 526 87 -8 0 0
132 164 529 84 0 0 0
132 164 532 81 -8 -8 0
124 156 535 78 0 -8 0
124 148 538 75 0 8 0
124 156 541 72 -8 -8 0
116 148 544 69 0 8 0
116 156 547 66 0 0 0
116 156 550 63 -8 -8 0
108 148 553 60 0 8 0
108 156 556 57 -8 0 0
100 156 559 54 0 -8 0
100 148 562 51 0 8 0
100 156 565 48 -8 0 0
92 156 568 45 0 8 0
92 164 571 42 0 -8 0
92 156 574 39 -8 8 0
84 164 577 36 0 -8 0
84 156 580 33 -8 8 0
76 164 583 30 0 8 0
76 172 586 27 0 -8 0
76 164 589 24 -8 -8 0
68 156 592 21 0 0 0
68 156 595 18 0 8 0
68 164 598 15 -8 8 0
60 172 601 12 0 8 0
60 180 604 9 -8 -8 0
60 172 607 12 0 8 0
60 180 610 15 0 -8 0
60 172 613 18 0 0 0
60 172 616 21 0 8 0
60 180 619 24 0 8 0
60 188 622 27 0 -8 0
60 180 625 30 0 8 0
60 188 628 33 0 0 0
60 188 631 36 0 -8 0
60 180 634 39 0 8 0
60 188 637 42 0 8 0
60 196 640 45 0 8 0
60 204 643 48 0 8 0
60 212 646 51 0 -8 0
60 204 649 54 0 -8 0
60 196 652 57 0 -8 0
60 188 655 60 0 8 0
60 196 658 63 0 -8 0
60 188 661 66 0 0 0
60 188 664 69 0 0 0
60 188 667 72 0 0 0
60 188 670 75 0 8 0
60 196 673 78 0 8 0
60 204 676 81 0 8 0
60 212 679 84 0 8 0
60 220 682 87 0 0 0
60 220 685 90 0 8 0
60 228 688 93 0 8 0
60 236 691 96 0 -8 0
60 228 694 99 0 0 0
60 228 697 102 0 8 0
60 236 700 105 0 0 0
60 236 703 108 0 8 0
60 244 706 111 8 -8 0
68 236 709 114 0 0 0
68 236 712 117 0 -8 0
68 228 715 120 8 0 0
76 228 718 123 0 0 0
76 228 721 126 0 0 0
76 228 724 129 8 0 0
84 228 727 132 0 -8 0
84 220 730 135 8 -8 0
92 212 733 138 0 -8 0
92 204 736 141 0 -8 0
92 196 739 144 8 0 0
100 196 742 147 0 8 0
100 204 745 150 0 0 0
100 204 748 153 8 8 0
108 212 751 156 0 8 0
108 220 754 159 8 0 0
116 220 757 162 0 8 0
116 228 760 165 0 8 0
116 236 763 168 8 8 0
124 244 766 171 0 -8 0
124 236 769 174 0 0 0
124 236 772 177 8 -8 0
132 228 775 180 0 0 0
132 228 778 183 8 8 0
140 236 781 186 0 8 0
140 244 778 189 0 0 0
140 244 775 192 8 8 0
148 252 772 195 0 8 0
148 260 769 198 0 0 0
148 260 766 201 8 8 0
156 268 763 204 0 0 0
156 268 760 207 8 -8 0
164 260 757 210 0 8 0
164 268 754 213 0 -8 0
164 260 751 216 8 8 0
172 268 748 219 0 8 0
172 276 745 222 0 0 0
172 276 742 225 8 -8 0
180 268 739 228 0 -8 0
180 260 736 231 8 -8 0
188 252 733 234 0 -8 0
188 244 730 237 0 -8 0
188 236 727 240 8 0 0
196 236 724 243 0 -8 0
196 228 721 246 0 0 0
196 228 718 249 8 -8 0
204 220 715 252 0 -8 0
204 212 712 255 8 8 0
212 220 709 258 0 8 0
212 228 706 261 0 -8 0
212 220 703 264 8 8 0
220 228 700 267 0 -8 0
220 220 697 270 0 0 0
220 220 694 273 8 -8 0
228 212 691 276 0 0 0
228 212 688 279 8 -8 0
236 204 685 282 0 0 0
236 204 682 285 0 8 0
236 212 679 288 8 0 0
244 212 676 291 0 -8 0
244 204 673 294 0 8 0
244 212 670 297 8 0 0
252 212 667 300 0 8 0
252 220 664 303 8 -8 0
260 212 661 306 0 0 0
260 212 658 309 0 -8 0
260 204 655 312 8 0 0
268 204 652 315 0 0 0
268 204 649 318 0 0 0
268 204 646 321 8 -8 0
276 196 643 324 0 8 0
276 204 640 327 8 0 0
284 204 637 330 0 0 0
284 204 634 333 0 8 0
284 212 631 336 8 -8 0
292 204 628 339 0 0 0
292 204 625 342 0 -8 0
292 196 622 345 8 0 0
300 196 619 348 0 8 0
300 204 616 351 8 8 0
308 212 613 354 0 8 0
308 220 610 357 0 -8 0
308 212 607 360 8 8 0
316 220 604 363 0 8 0
316 228 601 366 0 -8 0
316 220 598 369 8 0 0
324 220 595 372 0 -8 0
324 212 592 375 8 8 0
332 220 589 378 0 -8 0
332 212 586 381 0 0 0
332 212 583 384 8 -8 0
340 204 580 387 0 0 0
340 204 577 390 0 8 0
340 212 574 393 8 8 0
348 220 571 396 0 8 0
348 228 568 399 8 0 0
356 228 565 402 0 8 0
356 236 562 405 0 0 0
356 236 559 408 8 8 0
364 244 556 411 0 -8 0
364 236 553 414 0 0 0
364 236 550 417 8 0 0
372 236 547 420 0 -8 0
372 228 544 423 8 0 0
380 228 541 426 0 8 0
380 236 538 429 0 0 0
380 236 535 432 8 8 0
388 244 532 435 0 8 0
388 252 529 438 0 -8 0
388 244 526 441 8 -8 0
396 236 523 444 0 8 0
396 244 520 447 8 -8 0
404 236 517 450 0 -8 0
404 228 514 453 0 0 0
404 228 511 456 8 0 0
412 228 508 459 0 0 0
412 228 505 462 0 0 0
412 228 502 465 8 8 0
420 236 499 468 0 8 0
420 244 496 471 8 0 0
428 244 493 474 0 8 0
428 252 490 477 0 -8 0
428 244 487 480 8 0 0
436 244 484 483 0 -8 0
436 236 481 486 0 0 0
436 236 478 489 8 -8 0
444 228 475 492 0 0 0
444 228 472 495 8 -8 0
452 220 469 498 0 -8 0
452 212 466 501 0 8 0
452 220 463 504 8 -8 0
460 212 460 507 0 8 0
460 220 457 510 0 -8 0
460 212 454 513 8 -8 0
468 204 451 516 0 8 0
468 212 448 519 8 0 0
476 212 445 522 0 -8 0
476 204 442 525 0 -8 0
476 196 439 528 8 0 0
484 196 436 531 0 0 0
484 196 433 534 0 0 0
484 196 430 537 8 0 0
492 196 427 540 0 8 0
492 204 424 543 8 8 0
500 212 421 546 0 -8 0
500 204 418 549 0 -8 0
500 196 415 552 8 0 0
508 196 412 555 0 0 0
508 196 409 558 0 -8 0
508 188 406 561 8 0 0
516 188 403 564 0 0 0
516 188 400 567 8 8 0
524 196 397 570 0 8 0
524 204 394 573 0 0 0
524 204 391 576 8 8 0
532 212 388 579 0 -8 0
532 204 385 582 0 8 0
532 212 382 585 8 0 0
540 212 379 588 0 -8 0
540 204 376 591 8 0 0
540 204 373 588 0 8 0
540 212 370 585 0 8 0
540 220 367 582 0 8 0
540 228 364 579 0 8 0
540 236 361 576 0 8 0
540 244 358 573 0 0 0
540 244 355 570 0 8 0
540 252 352 567 0 0 0
540 252 349 564 0 8 0
540 260 346 561 0 0 0
540 260 343 558 0 -8 0
540 252 340 555 0 0 0
540 252 337 552 0 -8 0
540 244 334 549 0 8 0
540 252 331 546 0 0 0
540 252 328 543 0 0 0
540 252 325 540 0 0 0
540 252 322 537 0 8 0
540 260 319 534 0 8 0
540 268 316 531 0 -8 0
540 260 313 528 0 0 0
540 260 310 525 0 8 0
540 268 307 522 0 -8 0
540 260 304 519 0 0 0
540 260 301 516 0 0 0
540 260 298 513 0 0 0
540 260 295 510 0 0 0
540 260 292 507 0 -8 0
540 252 289 504 0 -8 0
540 244 286 501 0 0 0
540 244 283 498 0 -8 0
540 236 280 495 0 -8 0
540 228 277 492 0 8 0
540 236 274 489 -8 8 0
532 244 271 486 0 0 0
532 244 268 483 0 -8 0
532 236 265 480 -8 0 0
524 236 262 477 0 -8 0
524 228 259 474 0 8 0
524 236 256 471 -8 0 0
516 236 253 468 0 8 0
516 244 250 465 -8 -8 0
508 236 247 462 0 8 0
508 244 244 459 0 0 0
508 244 241 456 -8 8 0
500 252 238 453 0 8 0
500 260 235 450 0 0 0
500 260 232 447 -8 0 0
492 260 229 444 0 8 0
492 268 226 441 -8 8 0
484 276 223 438 0 8 0
484 284 220 435 0 8 0
484 292 217 432 -8 -8 0
476 284 214 429 0 -8 0
476 276 211 426 0 8 0
476 284 208 423 -8 0 0
468 284 205 420 0 8 0
468 292 202 417 -8 -8 0
460 284 199 414 0 8 0
460 292 196 411 0 -8 0
460 284 193 408 -8 8 0
452 292 190 405 0 8 0
452 300 187 402 0 0 0
452 300 184 399 -8 8 0
444 308 181 396 0 8 0
444 316 178 393 -8 0 0
436 316 175 390 0 8 0
436 324 172 387 0 0 0
436 324 169 384 -8 8 0
428 332 166 381 0 0 0
428 332 163 378 0 8 0
428 340 160 375 -8 0 0
420 340 157 372 0 0 0
420 340 154 369 -8 8 0
412 348 151 366 0 -8 0
412 340 148 363 0 -8 0
412 332 145 360 -8 -8 0
404 324 142 357 0 8 0
404 332 139 354 0 0 0
404 332 136 351 -8 0 0
396 332 133 348 0 0 0
396 332 130 345 -8 8 0
388 340 127 342 0 -8 0
388 332 124 339 0 8 0
388 340 121 336 -8 8 0
380 348 118 333 0 8 0
380 356 115 330 0 8 0
380 364 112 327 -8 -8 0
372 356 109 324 0 8 0
372 364 106 321 -8 -8 0
364 356 103 318 0 -8 0
364 348 100 315 0 0 0
364 348 97 312 -8 0 0
356 348 94 309 0 0 0
356 348 91 306 0 8 0
356 356 88 303 -8 8 0
348 364 85 300 0 8 0
348 372 82 297 -8 8 0
340 380 79 294 0 -8 0
340 372 76 291 0 8 0
340 380 73 288 -8 8 0
332 388 70 285 0 0 0
332 388 67 282 0 0 0
332 388 64 279 -8 0 0
324 388 61 276 0 8 0
324 396 58 273 -8 8 0
316 404 55 270 0 8 0
316 412 52 267 0 8 0
316 420 49 264 -8 8 0
308 428 46 261 0 8 0
308 436 43 258 0 0 0
308 436 40 255 -8 0 0
300 436 37 252 0 8 0
300 444 34 249 -8 8 0
292 452 31 246 0 0 0
292 452 28 243 0 -8 0
292 444 25 240 -8 0 0
284 444 22 237 0 -8 0
284 436 19 234 0 8 0
284 444 22 231 -8 0 0
276 444 25 228 0 -8 0
276 436 28 225 -8 -8 0
268 428 31 222 0 0 0
268 428 34 219 0 -8 0
268 420 37 216 -8 0 0
260 420 40 213 0 0 0
260 420 43 210 0 8 0
260 428 46 207 -8 -8 0
252 420 49 204 0 -8 0
252 412 52 201 -8 -8 0
244 404 55 198 0 0 0
244 404 58 195 0 0 0
244 404 61 192 -8 8 0
236 412 64 189 0 8 0
236 420 67 186 0 8 0
236 428 70 183 -8 -8 0
228 420 73 180 0 8 0
228 428 76 177 -8 -8 0
220 420 79 174 0 -8 0
220 412 82 171 0 0 0
220 412 85 168 -8 -8 0
212 404 88 165 0 8 0
212 412 91 162 0 -8 0
212 404 94 159 -8 0 0
204 404 97 156 0 0 0
204 404 100 153 -8 -8 0
196 396 103 150 0 -8 0
196 388 106 147 0 -8 0
196 380 109 144 -8 0 0
188 380 112 141 0 0 0
188 380 115 138 0 -8 0
188 372 118 135 -8 8 0
180 380 121 132 0 0 0
180 380 124 129 -8 -8 0
172 372 127 126 0 8 0
172 380 130 123 0 -8 0
172 372 133 120 -8 8 0
164 380 136 117 0 8 0
164 388 139 114 0 8 0
164 396 142 111 -8 -8 0
156 388 145 108 0 -8 0
156 380 148 105 -8 8 0
148 388 151 102 0 0 0
148 388 154 99 0 8 0
148 396 157 96 -8 0 0
140 396 160 93 0 0 0
140 396 163 90 0 -8 0
140 388 166 87 -8 8 0
132 396 169 84 0 -8 0
132 388 172 81 -8 0 0
124 388 175 78 0 8 0
124 396 178 75 0 8 0
124 404 181 72 -8 0 0
116 404 184 69 0 -8 0
116 396 187 66 0 8 0
116 404 190 63 -8 0 0
108 404 193 60 0 0 0
108 404 196 57 -8 -8 0
100 396 199 54 0 0 0
100 396 202 51 0 -8 0
100 388 205 48 -8 -8 0
92 380 208 45 0 -8 0
92 372 211 42 0 0 0
92 372 214 39 -8 0 0
84 372 217 36 0 8 0
84 380 220 33 -8 0 0
76 380 223 30 0 8 0
76 388 226 27 0 0 0
76 388 229 24 -8 8 0
68 396 232 21 0 0 0
68 396 235 18 0 0 0
68 396 238 15 -8 0 0
60 396 241 12 0 8 0
60 404 244 9 -8 0 0
60 404 247 12 0 0 0
60 404 250 15 0 8 0
60 412 253 18 0 0 0
60 412 256 21 0 0 0
60 412 259 24 0 -8 0
60 404 262 27 0 -8 0
60 396 265 30 0 8 0
60 404 268 33 0 8 0
60 412 271 36 0 8 0
60 420 274 39 0 8 0
60 428 277 42 0 0 0
60 428 280 45 0 -8 0
60 420 283 48 0 8 0
60 428 286 51 0 8 0
60 436 289 54 0 0 0
60 436 292 57 0 -8 0
60 428 295 60 0 8 0
60 436 298 63 0 0 0
60 436 301 66 0 8 0
60 444 304 69 0 8 0
60 452 307 72 0 -8 0
60 444 310 75 0 8 0
60 452 313 78 0 0 0
60 452 316 81 0 8 0
60 460 319 84 0 -8 0
60 452 322 87 0 -8 0
60 444 325 90 0 -8 0
60 436 328 93 0 8 0
60 444 331 96 0 0 0
60 444 334 99 0 0 0
60 444 337 102 0 -8 0
60 436 340 105 0 0 0
60 436 343 108 0 8 0
60 444 346 111 8 0 0
68 444 349 114 0 -8 0
68 436 352 117 0 -8 0
68 428 355 120 8 0 0
76 428 358 123 0 0 0
76 428 361 126 0 8 0
76 436 364 129 8 0 0
84 436 367 132 0 0 0
84 436 370 135 8 -8 0
92 428 373 138 0 -8 0
92 420 376 141 0 0 0
92 420 379 144 8 8 0
100 428 382 147 0 0 0
100 428 385 150 0 8 0
100 436 388 153 8 8 0
108 444 391 156 0 0 0
108 444 394 159 8 -8 0
116 436 397 162 0 8 0
116 444 400 165 0 8 0
116 452 403 168 8 8 0
124 460 406 171 0 0 0
124 460 409 174 0 8 0
124 468 412 177 8 -8 0
132 460 415 180 0 0 0
132 460 418 183 8 8 0
140 468 421 186 0 8 0
140 476 424 189 0 -8 0
140 468 427 192 8 -8 0
148 460 430 195 0 -8 0
148 452 433 198 0 8 0
148 460 436 201 8 8 0
156 468 439 204 0 8 0
156 476 442 207 8 -8 0
164 468 445 210 0 8 0
164 476 448 213 0 0 0
164 476 451 216 8 -8 0
172 468 454 219 0 8 0
172 476 457 222 0 -8 0
172 468 460 225 8 8 0
180 476 463 228 0 0 0
180 476 466 231 8 0 0
188 476 469 234 0 -8 0
188 468 472 237 0 8 0
188 476 475 240 8 8 0
196 484 478 243 0 0 0
196 484 481 246 0 -8 0
196 476 484 249 8 0 0
204 476 487 252 0 -8 0
204 468 490 255 8 8 0
212 476 493 258 0 0 0
212 476 496 261 0 -8 0
212 468 499 264 8 8 0
220 476 502 267 0 8 0
220 484 505 270 0 8 0
220 492 508 273 8 0 0
228 492 511 276 0 -8 0
228 484 514 279 8 -8 0
236 476 517 282 0 0 0
236 476 520 285 0 -8 0
236 468 523 288 8 -8 0
244 460 526 291 0 -8 0
244 452 529 294 0 0 0
244 452 532 297 8 8 0
252 460 535 300 0 -8 0
252 452 538 303 8 0 0
260 452 541 306 0 0 0
260 452 544 309 0 8 0
260 460 547 312 8 0 0
268 460 550 315 0 8 0
268 468 553 318 0 8 0
268 476 556 321 8 0 0
276 476 559 324 0 -8 0
276 468 562 327 8 -8 0
284 460 565 330 0 -8 0
284 452 568 333 0 0 0
284 452 571 336 8 0 0
292 452 574 339 0 -8 0
292 444 577 342 0 8 0
292 452 580 345 8 8 0
300 460 583 348 0 0 0
300 460 586 351 8 -8 0
308 452 589 354 0 0 0
308 452 592 357 0 -8 0
308 444 595 360 8 0 0
316 444 598 363 0 -8 0
316 436 601 366 0 0 0
316 436 604 369 8 8 0
324 444 607 372 0 -8 0
324 436 610 375 8 -8 0
332 428 613 378 0 -8 0
332 420 616 381 0 8 0
332 428 619 384 8 0 0
340 428 622 387 0 -8 0
340 420 625 390 0 8 0
340 428 628 393 8 8 0
348 436 631 396 0 -8 0
348 428 634 399 8 -8 0
356 420 637 402 0 -8 0
356 412 640 405 0 -8 0
356 404 643 408 8 0 0
364 404 646 411 0 -8 0
364 396 649 414 0 8 0
364 404 652 417 8 8 0
372 412 655 420 0 -8 0
372 404 658 423 8 8 0
380 412 661 426 0 0 0
380 412 664 429 0 8 0
380 420 667 432 8 -8 0
388 412 670 435 0 -8 0
388 404 673 438 0 0 0
388 404 676 441 8 0 0
396 404 679 444 0 0 0
396 404 682 447 8 0 0
404 404 685 450 0 -8 0
404 396 688 453 0 8 0
404 404 691 456 8 8 0
412 412 694 459 0 0 0
412 412 697 462 0 -8 0
412 404 700 465 8 -8 0
420 396 703 468 0 -8 0
420 388 706 471 8 0 0
428 388 709 474 0 8 0
428 396 712 477 0 -8 0
428 388 715 480 8 -8 0
436 380 718 483 0 8 0
436 388 721 486 0 0 0
436 388 724 489 8 -8 0
444 380 727 492 0 0 0
444 380 730 495 8 0 0
452 380 733 498 0 0 0
452 380 736 501 0 8 0
452 388 739 504 8 -8 0
460 380 742 507 0 0 0
460 380 745 510 0 0 0
460 380 748 513 8 -8 0
468 372 751 516 0 -8 0
468 364 754 519 8 -8 0
476 356 757 522 0 0 0
476 356 760 525 0 8 0
476 364 763 528 8 8 0
484 372 766 531 0 -8 0
484 364 769 534 0 -8 0
484 356 772 537 8 8 0
492 364 775 540 0 0 0
492 364 778 543 8 0 0
500 364 781 546 0 0 1
500 364 781 546 0 0 1
500 364 781 546 0 0 1
500 364 781 546 0 0 1
500 364 781 546 0 0 1
