64 411 535 264 0 0 0
64 411 538 261 8 0 0
72 411 541 258 8 8 0
80 419 544 255 8 8 0
88 427 547 252 8 0 0
96 427 550 249 8 -8 0
104 419 553 246 8 8 0
112 427 556 243 8 8 0
120 435 559 240 8 0 0
128 435 562 237 8 0 0
136 435 565 234 8 -8 0
144 427 568 231 8 0 0
152 427 571 228 8 0 0
160 427 574 225 8 0 0
168 427 577 222 8 -8 0
176 419 580 219 0 -8 0
176 411 583 216 0 -8 0
176 403 586 213 0 0 0
176 403 589 210 0 -8 0
176 395 592 207 0 8 0
176 403 595 204 0 -8 0
176 395 598 201 0 0 0
176 395 601 198 0 8 0
176 403 604 195 0 8 0
176 411 607 192 0 0 0
176 411 610 189 0 0 0
176 411 613 186 0 -8 0
176 403 616 183 0 8 0
176 411 619 180 0 0 0
176 411 622 177 0 8 0
176 419 625 174 0 8 0
176 427 628 171 0 0 0
176 427 631 168 0 0 0
176 427 634 165 0 8 0
176 435 637 162 0 -8 0
176 427 640 159 0 -8 0
176 419 643 156 0 0 0
176 419 646 153 0 -8 0
176 411 649 150 0 0 0
176 411 652 147 0 0 0
176 411 655 144 0 0 0
176 411 658 141 0 0 0
176 411 661 138 0 -8 0
176 403 664 135 0 8 0
176 411 667 132 0 8 0
176 419 670 129 0 -8 0
176 411 673 126 0 -8 0
176 403 676 123 -8 -8 0
168 395 679 120 0 -8 0
168 387 682 117 -8 8 0
160 395 685 114 0 0 0
160 395 688 111 0 0 0
160 395 691 108 -8 -8 0
152 387 694 105 0 8 0
152 395 697 102 0 0 0
152 395 700 99 -8 -8 0
144 387 703 96 0 -8 0
144 379 706 93 -8 0 0
136 379 709 90 0 0 0
136 379 712 87 0 0 0
136 379 715 84 -8 -8 0
128 371 718 81 0 8 0
128 379 721 78 0 8 0
128 387 724 75 -8 0 0
120 387 727 72 0 -8 0
120 379 730 69 -8 8 0
112 387 733 66 0 0 0
112 387 736 63 0 8 0
112 395 739 60 -8 8 0
104 403 742 57 0 8 0
104 411 745 54 0 -8 0
104 403 748 51 -8 -8 0
96 395 751 48 0 8 0
96 403 754 45 -8 8 0
88 411 757 42 0 -8 0
88 403 760 39 0 0 0
88 403 763 36 -8 8 0
80 411 766 33 0 0 0
80 411 769 30 0 8 0
80 419 772 27 -8 -8 0
72 411 775 24 0 0 0
72 411 778 21 -8 0 0
64 411 781 18 0 0 1
64 411 781 18 0 0 1
64 411 781 18 0 0 1
64 411 781 18 0 0 1
64 411 781 18 0 0 1
