351 353 502 432 0 0 0
351 353 505 429 8 8 0
359 361 508 426 8 0 0
367 361 511 423 8 0 0
375 361 514 420 0 8 0
375 369 517 417 0 0 0
375 369 520 414 0 -8 0
375 361 523 411 0 0 0
375 361 526 408 0 -8 0
375 353 529 405 0 0 0
375 353 532 402 0 0 0
375 353 535 399 0 8 0
375 361 538 396 0 0 0
375 361 541 393 0 0 0
375 361 544 390 0 0 0
375 361 547 387 0 0 0
375 361 550 384 0 8 0
375 369 553 381 0 0 0
375 369 556 378 0 0 0
375 369 559 375 0 0 0
375 369 562 372 0 8 0
375 377 565 369 0 -8 0
375 369 568 366 0 -8 0
375 361 571 363 0 8 0
375 369 574 360 0 -8 0
375 361 577 357 0 8 0
375 369 580 354 0 8 0
375 377 583 351 0 0 0
375 377 586 348 0 0 0
375 377 589 345 0 -8 0
375 369 592 342 0 -8 0
375 361 595 339 0 -8 0
375 353 598 336 0 8 0
375 361 601 333 0 8 0
375 369 604 330 0 -8 0
375 361 607 327 0 8 0
375 369 610 324 -8 0 0
367 369 613 321 0 0 0
367 369 616 318 0 -8 0
367 361 619 315 -8 8 0
359 369 622 312 0 8 0
359 377 625 309 0 0 0
359 377 628 306 -8 0 0
351 377 631 303 0 8 0
351 385 634 300 -8 -8 0
343 377 637 297 0 -8 0
343 369 640 294 0 -8 0
343 361 643 291 -8 8 0
335 369 646 288 0 8 0
335 377 649 285 0 -8 0
335 369 652 282 -8 0 0
327 369 655 279 0 0 0
327 369 658 276 -8 -8 0
319 361 661 273 0 8 0
319 369 664 270 0 -8 0
319 361 667 267 -8 0 0
311 361 670 264 0 0 0
311 361 673 261 0 -8 0
311 353 676 258 -8 8 0
303 361 679 255 0 -8 0
303 353 682 252 -8 8 0
295 361 685 249 0 0 0
295 361 688 246 0 8 0
295 369 691 243 -8 0 0
287 369 694 240 0 8 0
287 377 697 237 0 -8 0
287 369 700 234 -8 -8 0
279 361 703 231 0 0 0
279 361 706 228 -8 -8 0
271 353 709 225 0 8 0
271 361 712 222 0 0 0
271 361 715 219 -8 8 0
263 369 718 216 0 -8 0
263 361 721 213 0 8 0
263 369 724 210 -8 -8 0
255 361 727 207 0 0 0
255 361 730 204 -8 0 0
247 361 733 201 0 8 0
247 369 736 198 0 8 0
247 377 739 195 -8 0 0
239 377 742 192 0 0 0
239 377 745 189 0 -8 0
239 369 748 186 -8 8 0
231 377 751 183 0 8 0
231 385 754 180 -8 0 0
223 385 757 177 0 0 0
223 385 760 174 0 8 0
223 393 763 171 -8 8 0
215 401 766 168 0 8 0
215 409 769 165 0 0 0
215 409 772 162 -8 8 0
207 417 775 159 0 0 0
207 417 778 156 -8 0 0
199 417 781 153 0 0 1
199 417 781 153 0 0 1
199 417 781 153 0 0 1
199 417 781 153 0 0 1
199 417 781 153 0 0 1
