455 136 670 237 0 0 0
455 136 673 234 -8 -8 0
447 128 676 231 -8 8 0
439 136 679 228 -8 -8 0
431 128 682 225 -8 0 0
423 128 685 222 -8 0 0
415 128 688 219 -8 -8 0
407 120 691 216 -8 -8 0
399 112 694 213 -8 0 0
391 112 697 210 -8 8 0
383 120 700 207 -8 -8 0
375 112 703 204 -8 8 0
367 120 706 201 -8 -8 0
359 112 709 198 -8 -8 0
351 104 712 195 -8 8 0
343 112 715 192 -8 8 0
335 120 718 189 -8 0 0
327 120 721 186 -8 8 0
319 128 724 183 -8 -8 0
311 120 727 180 -8 0 0
303 120 730 177 -8 -8 0
295 112 733 174 -8 8 0
287 120 736 171 -8 -8 0
279 112 739 168 -8 0 0
271 112 742 165 -8 -8 0
263 104 745 162 -8 -8 0
255 96 748 159 -8 -8 0
247 88 751 156 -8 8 0
239 96 754 153 -8 8 0
231 104 757 150 -8 0 0
223 104 760 147 -8 -8 0
215 96 763 144 -8 -8 0
207 88 766 141 -8 8 0
199 96 769 138 -8 8 0
191 104 772 135 -8 -8 0
183 96 775 132 -8 -8 0
175 88 778 129 0 0 0
175 88 781 126 0 0 0
175 88 778 123 -8 0 0
167 88 775 120 0 -8 0
167 80 772 117 0 8 0
167 88 769 114 -8 8 0
159 96 766 111 0 8 0
159 104 763 108 -8 8 0
151 112 760 105 0 -8 0
151 104 757 102 0 -8 0
151 96 754 99 -8 8 0
143 104 751 96 0 0 0
143 104 748 93 0 0 0
143 104 745 90 -8 0 0
135 104 742 87 0 -8 0
135 96 739 84 -8 8 0
127 104 736 81 0 0 0
127 104 733 78 0 -8 0
127 96 730 75 -8 -8 0
119 88 727 72 0 0 0
119 88 724 69 0 8 0
119 96 721 66 -8 -8 0
111 88 718 63 0 8 0
111 96 715 60 -8 -8 0
103 88 712 57 0 0 0
103 88 709 54 0 0 0
103 88 706 51 -8 0 0
95 88 703 48 0 -8 0
95 80 700 45 0 0 0
95 80 697 42 -8 0 0
87 80 694 39 0 0 0
87 80 691 36 -8 8 0
79 88 688 33 0 0 0
79 88 685 30 0 -8 0
79 80 682 27 -8 8 0
71 88 679 24 0 8 0
71 96 676 21 0 8 0
71 104 673 18 -8 0 0
63 104 670 15 0 0 0
63 104 667 12 -8 -8 0
60 96 664 9 -8 8 0
60 104 661 12 0 -8 0
60 96 658 15 0 0 0
60 96 655 18 0 8 0
60 104 652 21 0 -8 0
60 96 649 24 0 -8 0
60 88 646 27 0 8 0
60 96 643 30 0 -8 0
60 88 640 33 0 8 0
60 96 637 36 0 0 0
60 96 634 39 0 0 0
60 96 631 42 0 -8 0
60 88 628 45 0 8 0
60 96 625 48 0 -8 0
60 88 622 51 0 -8 0
60 80 619 54 0 -8 0
60 72 616 57 0 -8 0
60 64 613 60 0 0 0
60 64 610 63 0 -8 0
60 60 607 66 0 0 0
60 60 604 69 0 8 0
60 68 601 72 0 -8 0
60 60 598 75 0 0 0
60 60 595 78 0 -8 0
60 60 592 81 0 0 0
60 60 589 84 0 0 0
60 60 586 87 0 -8 0
60 60 583 90 0 8 0
60 68 580 93 0 0 0
60 68 577 96 0 8 0
60 76 574 99 0 0 0
60 76 571 102 0 -8 0
60 68 568 105 0 0 0
60 68 565 108 0 8 0
60 76 562 111 8 8 0
68 84 559 114 0 -8 0
68 76 556 117 0 0 0
68 76 553 120 8 8 0
76 84 550 123 0 8 0
76 92 547 126 0 0 0
76 92 544 129 8 0 0
84 92 541 132 0 -8 0
84 84 538 135 8 0 0
92 84 535 138 0 0 0
92 84 532 141 0 -8 0
92 76 529 144 8 8 0
100 84 526 147 0 -8 0
100 76 523 150 0 8 0
100 84 520 153 8 0 0
108 84 517 156 0 -8 0
108 76 514 159 8 8 0
116 84 511 162 0 8 0
116 92 508 165 0 8 0
116 100 505 168 8 -8 0
124 92 502 171 0 8 0
124 100 499 174 0 0 0
124 100 496 177 8 8 0
132 108 493 180 0 8 0
132 116 490 183 8 0 0
140 116 487 186 0 -8 0
140 108 484 189 0 -8 0
140 100 481 192 8 -8 0
148 92 478 195 0 8 0
148 100 475 198 0 8 0
148 108 472 201 8 0 0
156 108 469 204 0 0 0
156 108 466 207 8 0 0
164 108 463 210 0 0 0
164 108 460 213 0 -8 0
164 100 457 216 8 -8 0
172 92 454 219 0 0 0
172 92 451 222 0 -8 0
172 84 448 225 8 8 0
180 92 445 228 0 -8 0
180 84 442 231 8 8 0
188 92 439 234 0 0 0
188 92 436 237 0 -8 0
188 84 433 240 8 8 0
196 92 430 243 0 -8 0
196 84 427 246 0 -8 0
196 76 424 249 8 -8 0
204 68 421 252 0 8 0
204 76 418 255 8 0 0
212 76 415 258 0 8 0
212 84 412 261 0 8 0
212 92 409 264 8 -8 0
220 84 406 267 0 0 0
220 84 403 270 0 -8 0
220 76 400 273 8 8 0
228 84 397 276 0 -8 0
228 76 394 279 8 0 0
236 76 391 282 0 -8 0
236 68 388 285 0 8 0
236 76 385 288 8 -8 0
244 68 382 291 0 -8 0
244 60 379 294 0 8 0
244 68 376 297 8 -8 0
252 60 373 300 0 -8 0
252 60 370 303 8 -8 0
260 60 367 306 0 0 0
260 60 364 309 0 0 0
260 60 361 312 8 -8 0
268 60 358 315 0 8 0
268 68 355 318 0 8 0
268 76 352 321 8 0 0
276 76 349 324 0 0 0
276 76 346 327 8 0 0
284 76 343 330 0 0 0
284 76 340 333 0 8 0
284 84 337 336 8 -8 0
292 76 334 339 0 0 0
292 76 331 342 0 -8 0
292 68 328 345 8 0 0
300 68 325 348 0 0 0
300 68 322 351 8 0 0
308 68 319 354 0 0 0
308 68 316 357 0 8 0
308 76 313 360 8 8 0
316 84 310 363 0 8 0
316 92 307 366 0 8 0
316 100 304 369 8 -8 0
324 92 301 372 0 -8 0
324 84 298 375 8 -8 0
332 76 295 378 0 0 0
332 76 292 381 0 -8 0
332 68 289 384 8 8 0
340 76 286 387 0 0 0
340 76 283 390 0 -8 0
340 68 280 393 8 -8 0
348 60 277 396 0 0 0
348 60 274 399 8 8 0
356 68 271 402 0 -8 0
356 60 268 405 0 8 0
356 68 265 408 8 8 0
364 76 262 411 0 8 0
364 84 259 414 0 8 0
364 92 256 417 8 0 0
372 92 253 420 0 0 0
372 92 250 423 8 0 0
380 92 247 426 0 0 0
380 92 244 429 0 -8 0
380 84 241 432 8 0 0
388 84 238 435 0 0 0
388 84 235 438 0 8 0
388 92 232 441 8 0 0
396 92 229 444 0 -8 0
396 84 226 447 8 0 0
404 84 223 450 0 0 0
404 84 220 453 0 -8 0
404 76 217 456 8 8 0
412 84 214 459 0 8 0
412 92 211 462 0 8 0
412 100 208 465 8 8 0
420 108 205 468 0 8 0
420 116 202 471 8 8 0
428 124 199 474 0 0 0
428 124 196 477 0 0 0
428 124 193 480 8 0 0
436 124 190 483 0 0 0
436 124 187 486 0 8 0
436 132 184 489 8 8 0
444 140 181 492 0 8 0
444 148 178 495 8 -8 0
452 140 175 498 0 0 0
452 140 172 501 0 -8 0
452 132 169 504 8 -8 0
460 124 166 507 0 -8 0
460 116 163 510 0 8 0
460 124 160 513 8 0 0
468 124 157 516 0 0 0
468 124 154 519 8 -8 0
476 116 151 522 0 0 0
476 116 148 525 0 8 0
476 124 145 528 8 8 0
484 132 142 531 0 8 0
484 140 139 534 0 -8 0
484 132 136 537 8 0 0
492 132 133 540 0 8 0
492 140 130 543 8 8 0
500 148 127 546 0 0 0
500 148 124 549 0 0 0
500 148 121 552 8 0 0
508 148 118 555 0 8 0
508 156 115 558 0 8 0
508 164 112 561 8 0 0
516 164 109 564 0 -8 0
516 156 106 567 8 0 0
524 156 103 570 0 -8 0
524 148 100 573 0 0 0
524 148 97 576 8 8 0
532 156 94 579 0 -8 0
532 148 91 582 0 8 0
532 156 88 585 8 -8 0
540 148 85 588 0 0 0
540 148 82 591 8 0 0
540 148 79 588 0 -8 0
540 140 76 585 0 8 0
540 148 73 582 0 0 0
540 148 70 579 0 0 0
540 148 67 576 0 8 0
540 156 64 573 0 -8 0
540 148 61 570 0 -8 0
540 140 58 567 0 0 0
540 140 55 564 0 0 0
540 140 52 561 0 0 0
540 140 49 558 0 8 0
540 148 46 555 0 -8 0
540 140 43 552 0 0 0
540 140 40 549 0 0 0
540 140 37 546 0 8 0
540 148 34 543 0 8 0
540 156 31 540 0 -8 0
540 148 28 537 0 0 0
540 148 25 534 0 -8 0
540 140 22 531 0 -8 0
540 132 19 528 0 8 0
540 140 22 525 0 8 0
540 148 25 522 0 -8 0
540 140 28 519 0 0 0
540 140 31 516 0 8 0
540 148 34 513 0 0 0
540 148 37 510 0 8 0
540 156 40 507 0 8 0
540 164 43 504 0 -8 0
540 156 46 501 0 8 0
540 164 49 498 0 -8 0
540 156 52 495 0 -8 0
540 148 55 492 0 -8 0
540 140 58 489 -8 0 0
532 140 61 486 0 8 0
532 148 64 483 0 -8 0
532 140 67 480 -8 0 0
524 140 70 477 0 8 0
524 148 73 474 0 0 0
524 148 76 471 -8 8 0
516 156 79 468 0 -8 0
516 148 82 465 -8 0 0
508 148 85 462 0 0 0
508 148 88 459 0 8 0
508 156 91 456 -8 8 0
500 164 94 453 0 -8 0
500 156 97 450 0 -8 0
500 148 100 447 -8 0 0
492 148 103 444 0 0 0
492 148 106 441 -8 8 0
484 156 109 438 0 -8 0
484 148 112 435 0 8 0
484 156 115 432 -8 0 0
476 156 118 429 0 8 0
476 164 121 426 0 -8 0
476 156 124 423 -8 -8 0
468 148 127 420 0 -8 0
468 140 130 417 -8 0 0
460 140 133 414 0 8 0
460 148 136 411 0 8 0
460 156 139 408 -8 8 0
452 164 142 405 0 8 0
452 172 145 402 0 0 0
452 172 148 399 -8 -8 0
444 164 151 396 0 8 0
444 172 154 393 -8 0 0
436 172 157 390 0 -8 0
436 164 160 387 0 8 0
436 172 163 384 -8 -8 0
428 164 166 381 0 0 0
428 164 169 378 0 8 0
428 172 172 375 -8 0 0
420 172 175 372 0 8 0
420 180 178 369 -8 8 0
412 188 181 366 0 -8 0
412 180 184 363 0 -8 0
412 172 187 360 -8 -8 0
404 164 190 357 0 8 0
404 172 193 354 0 8 0
404 180 196 351 -8 0 0
396 180 199 348 0 -8 0
396 172 202 345 -8 8 0
388 180 205 342 0 -8 0
388 172 208 339 0 0 0
388 172 211 336 -8 8 0
380 180 214 333 0 8 0
380 188 217 330 0 8 0
380 196 220 327 -8 -8 0
372 188 223 324 0 8 0
372 196 226 321 -8 -8 0
364 188 229 318 0 0 0
364 188 232 315 0 8 0
364 196 235 312 -8 8 0
356 204 238 309 0 -8 0
356 196 241 306 0 0 0
356 196 244 303 -8 8 0
348 204 247 300 0 8 0
348 212 250 297 -8 0 0
340 212 253 294 0 -8 0
340 204 256 291 0 0 0
340 204 259 288 -8 8 0
332 212 262 285 0 8 0
332 220 265 282 0 -8 0
332 212 268 279 -8 8 0
324 220 271 276 0 8 0
324 228 274 273 -8 8 0
316 236 277 270 0 8 0
316 244 280 267 0 8 0
316 252 283 264 -8 0 0
308 252 286 261 0 -8 0
308 244 289 258 0 8 0
308 252 292 255 -8 8 0
300 260 295 252 0 8 0
300 268 298 249 -8 8 0
292 276 301 246 0 0 0
292 276 304 243 0 0 0
292 276 307 240 -8 8 0
284 284 310 237 0 8 0
284 292 313 234 0 0 0
284 292 316 231 -8 8 0
276 300 319 228 0 8 0
276 308 322 225 -8 -8 0
268 300 325 222 0 0 0
268 300 328 219 0 0 0
268 300 331 216 -8 -8 0
260 292 334 213 0 8 0
260 300 337 210 0 8 0
260 308 340 207 -8 8 0
252 316 343 204 0 0 0
252 316 346 201 -8 8 0
244 324 349 198 0 0 0
244 324 352 195 0 -8 0
244 316 355 192 -8 0 0
236 316 358 189 0 0 0
236 316 361 186 0 -8 0
236 308 364 183 -8 8 0
228 316 367 180 0 8 0
228 324 370 177 -8 0 0
220 324 373 174 0 8 0
220 332 376 171 0 8 0
220 340 379 168 -8 0 0
212 340 382 165 0 0 0
212 340 385 162 0 -8 0
212 332 388 159 -8 -8 0
204 324 391 156 0 8 0
204 332 394 153 -8 8 0
196 340 397 150 0 8 0
196 348 400 147 0 0 0
196 348 403 144 -8 0 0
188 348 406 141 0 -8 0
188 340 409 138 0 0 0
188 340 412 135 -8 0 0
180 340 415 132 0 -8 0
180 332 418 129 -8 8 0
172 340 421 126 0 0 0
172 340 424 123 0 -8 0
172 332 427 120 -8 -8 0
164 324 430 117 0 0 0
164 324 433 114 0 0 0
164 324 436 111 -8 8 0
156 332 439 108 0 8 0
156 340 442 105 -8 -8 0
148 332 445 102 0 8 0
148 340 448 99 0 8 0
148 348 451 96 -8 0 0
140 348 454 93 0 8 0
140 356 457 90 0 8 0
140 364 460 87 -8 -8 0
132 356 463 84 0 0 0
132 356 466 81 -8 8 0
124 364 469 78 0 8 0
124 372 472 75 0 0 0
124 372 475 72 -8 0 0
116 372 478 69 0 0 0
116 372 481 66 0 -8 0
116 364 484 63 -8 8 0
108 372 487 60 0 8 0
108 380 490 57 -8 -8 0
100 372 493 54 0 -8 0
100 364 496 51 0 -8 0
100 356 499 48 -8 8 0
92 364 502 45 0 8 0
92 372 505 42 0 0 0
92 372 508 39 -8 0 0
84 372 511 36 0 8 0
84 380 514 33 -8 0 0
76 380 517 30 0 -8 0
76 372 520 27 0 0 0
76 372 523 24 -8 -8 0
68 364 526 21 0 -8 0
68 356 529 18 0 0 0
68 356 532 15 -8 0 0
60 356 535 12 0 0 0
60 356 538 9 -8 -8 0
60 348 541 12 0 8 0
60 356 544 15 0 8 0
60 364 547 18 0 8 0
60 372 550 21 0 -8 0
60 364 553 24 0 8 0
60 372 556 27 0 8 0
60 380 559 30 0 -8 0
60 372 562 33 0 8 0
60 380 565 36 0 0 0
60 380 568 39 0 8 0
60 388 571 42 0 0 0
60 388 574 45 0 8 0
60 396 577 48 0 0 0
60 396 580 51 0 -8 0
60 388 583 54 0 -8 0
60 380 586 57 0 -8 0
60 372 589 60 0 8 0
60 380 592 63 0 0 0
60 380 595 66 0 0 0
60 380 598 69 0 8 0
60 388 601 72 0 0 0
60 388 604 75 0 -8 0
60 380 607 78 0 8 0
60 388 610 81 0 0 0
60 388 613 84 0 8 0
60 396 616 87 0 -8 0
60 388 619 90 0 8 0
60 396 622 93 0 8 0
60 404 625 96 0 8 0
60 412 628 99 0 8 0
60 420 631 102 0 -8 0
60 412 634 105 0 0 0
60 412 637 108 0 8 0
60 420 640 111 8 -8 0
68 412 643 114 0 -8 0
68 404 646 117 0 8 0
68 412 649 120 8 0 0
76 412 652 123 0 -8 0
76 404 655 126 0 8 0
76 412 658 129 8 -8 0
84 404 661 132 0 -8 0
84 396 664 135 8 -8 0
92 388 667 138 0 8 0
92 396 670 141 0 8 0
92 404 673 144 8 8 0
100 412 676 147 0 -8 0
100 404 679 150 0 8 0
100 412 682 153 8 0 0
108 412 685 156 0 -8 0
108 404 688 159 8 8 0
116 412 691 162 0 0 0
116 412 694 165 0 8 0
116 420 697 168 8 -8 0
124 412 700 171 0 -8 0
124 404 703 174 0 -8 0
124 396 706 177 8 0 0
132 396 709 180 0 -8 0
132 388 712 183 8 8 0
140 396 715 186 0 8 0
140 404 718 189 0 8 0
140 412 721 192 8 8 0
148 420 724 195 0 0 0
148 420 727 198 0 -8 0
148 412 730 201 8 -8 0
156 404 733 204 0 -8 0
156 396 736 207 8 8 0
164 404 739 210 0 -8 0
164 396 742 213 0 0 0
164 396 745 216 8 -8 0
172 388 748 219 0 -8 0
172 380 751 222 0 0 0
172 380 754 225 8 -8 0
180 372 757 228 0 8 0
180 380 760 231 8 -8 0
188 372 763 234 0 8 0
188 380 766 237 0 0 0
188 380 769 240 8 0 0
196 380 772 243 0 -8 0
196 372 775 246 0 -8 0
196 364 778 249 8 0 0
204 364 781 252 0 0 1
204 364 781 252 0 0 1
204 364 781 252 0 0 1
204 364 781 252 0 0 1
204 364 781 252 0 0 1
