472 197 484 108 0 0 0
472 197 487 105 -8 -8 0
464 189 490 102 -8 0 0
456 189 493 99 -8 0 0
448 189 496 96 -8 -8 0
440 181 499 93 -8 0 0
432 181 502 90 -8 0 0
424 181 505 87 -8 8 0
416 189 508 84 -8 8 0
408 197 511 81 -8 0 0
400 197 514 78 -8 0 0
392 197 517 75 -8 -8 0
384 189 520 72 -8 8 0
376 197 523 69 -8 0 0
368 197 526 66 -8 0 0
360 197 529 63 -8 -8 0
352 189 532 60 -8 0 0
344 189 535 57 -8 8 0
336 197 538 54 -8 0 0
328 197 541 51 -8 0 0
320 197 544 48 -8 -8 0
312 189 547 45 -8 0 0
304 189 550 42 -8 -8 0
296 181 553 39 -8 8 0
288 189 556 36 -8 8 0
280 197 559 33 -8 -8 0
272 189 562 30 -8 -8 0
264 181 565 27 -8 8 0
256 189 568 24 -8 -8 0
248 181 571 21 -8 0 0
240 181 574 18 -8 8 0
232 189 577 15 -8 8 0
224 197 580 12 -8 8 0
216 205 583 9 -8 -8 0
208 197 586 12 -8 0 0
200 197 589 15 -8 -8 0
192 189 592 18 -8 0 0
184 189 595 21 -8 0 0
176 189 598 24 -8 8 0
168 197 601 27 -8 0 0
160 197 604 30 -8 8 0
152 205 607 33 -8 0 0
144 205 610 36 -8 8 0
136 213 613 39 -8 0 0
128 213 616 42 -8 -8 0
120 205 619 45 -8 8 0
112 213 622 48 -8 8 0
104 221 625 51 -8 8 0
96 229 628 54 0 -8 0
96 221 631 57 0 0 0
96 221 634 60 0 -8 0
96 213 637 63 0 0 0
96 213 640 66 0 -8 0
96 205 643 69 0 0 0
96 205 646 72 0 0 0
96 205 649 75 0 0 0
96 205 652 78 0 0 0
96 205 655 81 0 8 0
96 213 658 84 0 -8 0
96 205 661 87 0 -8 0
96 197 664 90 0 0 0
96 197 667 93 0 0 0
96 197 670 96 0 0 0
96 197 673 99 0 -8 0
96 189 676 102 0 8 0
96 197 679 105 0 8 0
96 205 682 108 0 -8 0
96 197 685 111 0 -8 0
96 189 688 114 0 -8 0
96 181 691 117 0 8 0
96 189 694 120 0 0 0
96 189 697 123 0 -8 0
96 181 700 126 0 0 0
96 181 703 129 0 -8 0
96 173 706 132 0 0 0
96 173 709 135 0 -8 0
96 165 712 138 0 8 0
96 173 715 141 0 8 0
96 181 718 144 0 -8 0
96 173 721 147 8 8 0
104 181 724 150 0 0 0
104 181 727 153 0 0 0
104 181 730 156 8 0 0
112 181 733 159 0 -8 0
112 173 736 162 0 8 0
112 181 739 165 8 0 0
120 181 742 168 0 8 0
120 189 745 171 8 8 0
128 197 748 174 0 0 0
128 197 751 177 0 0 0
128 197 754 180 8 -8 0
136 189 757 183 0 8 0
136 197 760 186 0 -8 0
136 189 763 189 8 -8 0
144 181 766 192 0 0 0
144 181 769 195 8 0 0
152 181 772 198 0 8 0
152 189 775 201 0 0 0
152 189 778 204 8 -8 0
160 181 781 207 0 8 0
160 189 778 210 0 0 0
160 189 775 213 8 0 0
168 189 772 216 0 -8 0
168 181 769 219 8 8 0
176 189 766 222 0 -8 0
176 181 763 225 0 -8 0
176 173 760 228 8 8 0
184 181 757 231 0 8 0
184 189 754 234 0 -8 0
184 181 751 237 8 0 0
192 181 748 240 0 -8 0
192 173 745 243 8 -8 0
200 165 742 246 0 8 0
200 173 739 249 0 -8 0
200 165 736 252 8 0 0
208 165 733 255 0 0 0
208 165 730 258 0 -8 0
208 157 727 261 8 0 0
216 157 724 264 0 0 0
216 157 721 267 8 0 0
224 157 718 270 0 0 0
224 157 715 273 0 -8 0
224 149 712 276 8 8 0
232 157 709 279 0 8 0
232 165 706 282 0 0 0
232 165 703 285 8 0 0
240 165 700 288 0 8 0
240 173 697 291 8 -8 0
248 165 694 294 0 -8 0
248 157 691 297 0 0 0
248 157 688 300 8 0 0
256 157 685 303 0 8 0
256 165 682 306 0 8 0
256 173 679 309 8 -8 0
264 165 676 312 0 -8 0
264 157 673 315 8 0 0
272 157 670 318 0 -8 0
272 149 667 321 0 -8 0
272 141 664 324 8 -8 0
280 133 661 327 0 0 0
280 133 658 330 0 -8 0
280 125 655 333 8 8 0
288 133 652 336 0 -8 0
288 125 649 339 8 0 0
296 125 646 342 0 0 0
296 125 643 345 0 -8 0
296 117 640 348 8 0 0
304 117 637 351 0 -8 0
304 109 634 354 0 8 0
304 117 631 357 8 -8 0
312 109 628 360 0 8 0
312 117 625 363 8 8 0
320 125 622 366 0 8 0
320 133 619 369 0 8 0
320 141 616 372 8 0 0
328 141 613 375 0 8 0
328 149 610 378 0 0 0
328 149 607 381 8 -8 0
336 141 604 384 0 0 0
336 141 601 387 8 -8 0
344 133 598 390 0 8 0
344 141 595 393 0 8 0
344 149 592 396 8 0 0
352 149 589 399 0 0 0
352 149 586 402 0 0 0
352 149 583 405 8 0 0
360 149 580 408 0 8 0
360 157 577 411 8 0 0
368 157 574 414 0 8 0
368 165 571 417 0 8 0
368 173 568 420 8 0 0
376 173 565 423 0 -8 0
376 165 562 426 0 0 0
376 165 559 429 8 0 0
384 165 556 432 0 0 0
384 165 553 435 8 0 0
392 165 550 438 0 -8 0
392 157 547 441 0 -8 0
392 149 544 444 8 0 0
400 149 541 447 0 0 0
400 149 538 450 0 0 0
400 149 535 453 8 8 0
408 157 532 456 0 0 0
408 157 529 459 8 -8 0
416 149 526 462 0 0 0
416 149 523 465 0 8 0
416 157 520 468 8 8 0
424 165 517 471 0 0 0
424 165 514 474 0 0 0
424 165 511 477 8 0 0
432 165 508 480 0 0 0
432 165 505 483 8 8 0
440 173 502 486 0 0 0
440 173 499 489 0 8 0
440 181 496 492 8 -8 0
448 173 493 495 0 -8 0
448 165 490 498 0 -8 0
448 157 487 501 8 -8 0
456 149 484 504 0 8 0
456 157 481 507 8 -8 0
464 149 478 510 0 -8 0
464 141 475 513 0 8 0
464 149 472 516 8 0 0
472 149 469 519 0 0 0
472 149 466 522 0 0 0
472 149 463 525 8 8 0
480 157 460 528 0 0 0
480 157 457 531 8 0 0
488 157 454 534 0 -8 0
488 149 451 537 0 0 0
488 149 448 540 8 -8 0
496 141 445 543 0 -8 0
496 133 442 546 0 -8 0
496 125 439 549 8 8 0
504 133 436 552 0 -8 0
504 125 433 555 8 -8 0
512 117 430 558 0 -8 0
512 109 427 561 0 8 0
512 117 424 564 8 -8 0
520 109 421 567 0 0 0
520 109 418 570 0 0 0
520 109 415 573 8 -8 0
528 101 412 576 0 -8 0
528 93 409 579 8 -8 0
536 85 406 582 0 8 0
536 93 403 585 0 0 0
536 93 400 588 8 8 0
540 101 397 591 8 0 0
540 101 394 588 0 8 0
540 109 391 585 0 -8 0
540 101 388 582 0 -8 0
540 93 385 579 0 8 0
540 101 382 576 0 8 0
540 109 379 573 0 8 0
540 117 376 570 0 0 0
540 117 373 567 0 -8 0
540 109 370 564 0 -8 0
540 101 367 561 0 -8 0
540 93 364 558 0 0 0
540 93 361 555 0 -8 0
540 85 358 552 0 0 0
540 85 355 549 0 8 0
540 93 352 546 0 0 0
540 93 349 543 0 -8 0
540 85 346 540 0 8 0
540 93 343 537 0 -8 0
540 85 340 534 0 0 0
540 85 337 531 0 8 0
540 93 334 528 0 8 0
540 101 331 525 0 8 0
540 109 328 522 0 0 0
540 109 325 519 0 -8 0
540 101 322 516 0 8 0
540 109 319 513 0 8 0
540 117 316 510 0 8 0
540 125 313 507 0 -8 0
540 117 310 504 0 -8 0
540 109 307 501 0 8 0
540 117 304 498 0 -8 0
540 109 301 495 0 8 0
540 117 298 492 0 -8 0
540 109 295 489 -8 8 0
532 117 292 486 0 8 0
532 125 289 483 0 -8 0
532 117 286 480 -8 8 0
524 125 283 477 0 0 0
524 125 280 474 0 8 0
524 133 277 471 -8 -8 0
516 125 274 468 0 -8 0
516 117 271 465 -8 -8 0
508 109 268 462 0 8 0
508 117 265 459 0 8 0
508 125 262 456 -8 -8 0
500 117 259 453 0 -8 0
500 109 256 450 0 0 0
500 109 253 447 -8 0 0
492 109 250 444 0 0 0
492 109 247 441 -8 0 0
484 109 244 438 0 -8 0
484 101 241 435 0 0 0
484 101 238 432 -8 8 0
476 109 235 429 0 0 0
476 109 232 426 0 8 0
476 117 229 423 -8 0 0
468 117 226 420 0 8 0
468 125 223 417 -8 8 0
460 133 220 414 0 0 0
460 133 217 411 0 -8 0
460 125 214 408 -8 -8 0
452 117 211 405 0 0 0
452 117 208 402 0 0 0
452 117 205 399 -8 0 0
444 117 202 396 0 0 0
444 117 199 393 -8 8 0
436 125 196 390 0 0 0
436 125 193 387 0 -8 0
436 117 190 384 -8 -8 0
428 109 187 381 0 0 0
428 109 184 378 0 -8 0
428 101 181 375 -8 0 0
420 101 178 372 0 0 0
420 101 175 369 -8 0 0
412 101 172 366 0 -8 0
412 93 169 363 0 -8 0
412 85 166 360 -8 -8 0
404 77 163 357 0 8 0
404 85 160 354 0 -8 0
404 77 157 351 -8 8 0
396 85 154 348 0 -8 0
396 77 151 345 -8 -8 0
388 69 148 342 0 -8 0
388 61 145 339 0 -8 0
388 60 142 336 -8 0 0
380 60 139 333 0 -8 0
380 60 136 330 0 0 0
380 60 133 327 -8 8 0
372 68 130 324 0 -8 0
372 60 127 321 -8 -8 0
364 60 124 318 0 8 0
364 68 121 315 0 8 0
364 76 118 312 -8 8 0
356 84 115 309 0 -8 0
356 76 112 306 0 0 0
356 76 109 303 -8 8 0
348 84 106 300 0 0 0
348 84 103 297 -8 8 0
340 92 100 294 0 0 0
340 92 97 291 0 -8 0
340 84 94 288 -8 0 0
332 84 91 285 0 8 0
332 92 88 282 0 -8 0
332 84 85 279 -8 -8 0
324 76 82 276 0 8 0
324 84 79 273 -8 8 0
316 92 76 270 0 0 0
316 92 73 267 0 -8 0
316 84 70 264 -8 8 0
308 92 67 261 0 0 0
308 92 64 258 0 -8 0
308 84 61 255 -8 8 0
300 92 58 252 0 0 0
300 92 55 249 -8 -8 0
292 84 52 246 0 -8 0
292 76 49 243 0 -8 0
292 68 46 240 -8 0 0
284 68 43 237 0 0 0
284 68 40 234 0 0 0
284 68 37 231 -8 -8 0
276 60 34 228 0 0 0
276 60 31 225 -8 8 0
268 68 28 222 0 -8 0
268 60 25 219 0 -8 0
268 60 22 216 -8 8 0
260 68 19 213 0 -8 0
260 60 22 210 0 8 0
260 68 25 207 -8 -8 0
252 60 28 204 0 8 0
252 68 31 201 -8 8 0
244 76 34 198 0 -8 0
244 68 37 195 0 0 0
244 68 40 192 -8 -8 0
236 60 43 189 0 8 0
236 68 46 186 0 -8 0
236 60 49 183 -8 8 0
228 68 52 180 0 0 0
228 68 55 177 -8 8 0
220 76 58 174 0 0 0
220 76 61 171 0 -8 0
220 68 64 168 -8 8 0
212 76 67 165 0 0 0
212 76 70 162 0 8 0
212 84 73 159 -8 -8 0
204 76 76 156 0 -8 0
204 68 79 153 -8 0 0
196 68 82 150 0 8 0
196 76 85 147 0 8 0
196 84 88 144 -8 0 0
188 84 91 141 0 -8 0
188 76 94 138 0 -8 0
188 68 97 135 -8 8 0
180 76 100 132 0 -8 0
180 68 103 129 -8 -8 0
172 60 106 126 0 -8 0
172 60 109 123 0 0 0
172 60 112 120 -8 -8 0
164 60 115 117 0 8 0
164 68 118 114 0 0 0
164 68 121 111 -8 -8 0
156 60 124 108 0 8 0
156 68 127 105 -8 -8 0
148 60 130 102 0 0 0
148 60 133 99 0 8 0
148 68 136 96 -8 0 0
140 68 139 93 0 8 0
140 76 142 90 0 0 0
140 76 145 87 -8 0 0
132 76 148 84 0 8 0
132 84 151 81 -8 -8 0
124 76 154 78 0 0 0
124 76 157 75 0 8 0
124 84 160 72 -8 -8 0
116 76 163 69 0 -8 0
116 68 166 66 0 8 0
116 76 169 63 -8 -8 0
108 68 172 60 0 -8 0
108 60 175 57 -8 8 0
100 68 178 54 0 8 0
100 76 181 51 0 -8 0
100 68 184 48 -8 -8 0
92 60 187 45 0 8 0
92 68 190 42 0 0 0
92 68 193 39 -8 -8 0
84 60 196 36 0 -8 0
84 60 199 33 -8 0 0
76 60 202 30 0 0 0
76 60 205 27 0 8 0
76 68 208 24 -8 8 0
68 76 211 21 0 8 0
68 84 214 18 0 -8 0
68 76 217 15 -8 -8 0
60 68 220 12 0 0 0
60 68 223 9 -8 8 0
60 76 226 12 0 -8 0
60 68 229 15 0 0 0
60 68 232 18 0 8 0
60 76 235 21 0 8 0
60 84 238 24 0 8 0
60 92 241 27 0 -8 0
60 84 244 30 0 -8 0
60 76 247 33 0 0 0
60 76 250 36 0 0 0
60 76 253 39 0 8 0
60 84 256 42 0 8 0
60 92 259 45 0 8 0
60 100 262 48 0 -8 0
60 92 265 51 0 -8 0
60 84 268 54 0 -8 0
60 76 271 57 0 0 0
60 76 274 60 0 0 0
60 76 277 63 0 -8 0
60 68 280 66 0 -8 0
60 60 283 69 0 -8 0
60 60 286 72 0 -8 0
60 60 289 75 0 8 0
60 68 292 78 0 -8 0
60 60 295 81 0 0 0
60 60 298 84 0 -8 0
60 60 301 87 0 8 0
60 68 304 90 0 0 0
60 68 307 93 0 8 0
60 76 310 96 0 -8 0
60 68 313 99 0 -8 0
60 60 316 102 0 0 0
60 60 319 105 0 -8 0
60 60 322 108 0 8 0
60 68 325 111 8 8 0
68 76 328 114 0 8 0
68 84 331 117 0 0 0
68 84 334 120 8 8 0
76 92 337 123 0 -8 0
76 84 340 126 0 -8 0
76 76 343 129 8 0 0
84 76 346 132 0 -8 0
84 68 349 135 8 8 0
92 76 352 138 0 8 0
92 84 355 141 0 8 0
92 92 358 144 8 0 0
100 92 361 147 0 8 0
100 100 364 150 0 0 0
100 100 367 153 8 8 0
108 108 370 156 0 8 0
108 116 373 159 8 -8 0
116 108 376 162 0 -8 0
116 100 379 165 0 8 0
116 108 382 168 8 -8 0
124 100 385 171 0 8 0
124 108 388 174 0 8 0
124 116 391 177 8 0 0
132 116 394 180 0 0 0
132 116 397 183 8 -8 0
140 108 400 186 0 0 0
140 108 403 189 0 -8 0
140 100 406 192 8 8 0
148 108 409 195 0 0 0
148 108 412 198 0 8 0
148 116 415 201 8 -8 0
156 108 418 204 0 0 0
156 108 421 207 8 -8 0
164 100 424 210 0 -8 0
164 92 427 213 0 8 0
164 100 430 216 8 -8 0
172 92 433 219 0 8 0
172 100 436 222 0 -8 0
172 92 439 225 8 0 0
180 92 442 228 0 0 0
180 92 445 231 8 -8 0
188 84 448 234 0 0 0
188 84 451 237 0 8 0
188 92 454 240 8 -8 0
196 84 457 243 0 0 0
196 84 460 246 0 0 0
196 84 463 249 8 0 0
204 84 466 252 0 -8 0
204 76 469 255 8 -8 0
212 68 472 258 0 8 0
212 76 475 261 0 0 0
212 76 478 264 8 0 0
220 76 481 267 0 -8 0
220 68 484 270 0 -8 0
220 60 487 273 8 -8 0
228 60 490 276 0 0 0
228 60 493 279 8 -8 0
236 60 496 282 0 8 0
236 68 499 285 0 8 0
236 76 502 288 8 8 0
244 84 505 291 0 -8 0
244 76 508 294 0 8 0
244 84 511 297 8 8 0
252 92 514 300 0 0 0
252 92 517 303 8 0 0
260 92 520 306 0 8 0
260 100 523 309 0 -8 0
260 92 526 312 8 0 0
268 92 529 315 0 -8 0
268 84 532 318 0 -8 0
268 76 535 321 8 0 0
276 76 538 324 0 0 0
276 76 541 327 8 -8 0
284 68 544 330 0 -8 0
284 60 547 333 0 -8 0
284 60 550 336 8 -8 0
292 60 553 339 0 -8 0
292 60 556 342 0 8 0
292 68 559 345 8 0 0
300 68 562 348 0 8 0
300 76 565 351 8 8 0
308 84 568 354 0 0 0
308 84 571 357 0 -8 0
308 76 574 360 8 -8 0
316 68 577 363 0 0 0
316 68 580 366 0 -8 0
316 60 583 369 8 0 0
324 60 586 372 0 -8 0
324 60 589 375 8 -8 0
332 60 592 378 0 0 0
332 60 595 381 0 -8 0
332 60 598 384 8 8 0
340 68 601 387 0 0 0
340 68 604 390 0 -8 0
340 60 607 393 8 0 0
348 60 610 396 0 0 0
348 60 613 399 8 -8 0
356 60 616 402 0 0 0
356 60 619 405 0 -8 0
356 60 622 408 8 0 0
364 60 625 411 0 8 0
364 68 628 414 0 0 0
364 68 631 417 8 0 0
372 68 634 420 0 -8 0
372 60 637 423 8 -8 0
380 60 640 426 0 0 0
380 60 643 429 0 -8 0
380 60 646 432 8 0 0
388 60 649 435 0 0 0
388 60 652 438 0 -8 0
388 60 655 441 8 -8 0
396 60 658 444 0 -8 0
396 60 661 447 8 0 0
404 60 664 450 0 -8 0
404 60 667 453 0 -8 0
404 60 670 456 8 8 0
412 68 673 459 0 8 0
412 76 676 462 0 0 0
412 76 679 465 8 8 0
420 84 682 468 0 0 0
420 84 685 471 8 -8 0
428 76 688 474 0 0 0
428 76 691 477 0 -8 0
428 68 694 480 8 0 0
436 68 697 483 0 0 0
436 68 700 486 0 0 0
436 68 703 489 8 -8 0
444 60 706 492 0 0 0
444 60 709 495 8 -8 0
452 60 712 498 0 0 0
452 60 715 501 0 -8 0
452 60 718 504 8 0 0
460 60 721 507 0 0 0
460 60 724 510 0 0 0
460 60 727 513 8 0 0
468 60 730 516 0 -8 0
468 60 733 519 8 0 0
476 60 736 522 0 0 0
476 60 739 525 0 8 0
476 68 742 528 8 0 0
484 68 745 531 0 0 0
484 68 748 534 0 -8 0
484 60 751 537 8 -8 0
492 60 754 540 0 -8 0
492 60 757 543 8 -8 0
500 60 760 546 0 8 0
500 68 763 549 0 8 0
500 76 766 552 8 -8 0
508 68 769 555 0 -8 0
508 60 772 558 0 8 0
508 68 775 561 8 0 0
516 68 778 564 0 -8 0
516 60 781 567 0 0 1
516 60 781 567 0 0 1
516 60 781 567 0 0 1
516 60 781 567 0 0 1
516 60 781 567 0 0 1
