216 72 337 411 0 0 0
216 72 334 414 8 0 0
224 72 331 417 8 0 0
232 72 328 420 8 -8 0
240 64 325 423 8 0 0
248 64 322 426 8 -8 0
256 60 319 429 8 -8 0
264 60 316 432 8 -8 0
272 60 313 435 8 -8 0
280 60 310 438 8 0 0
288 60 307 441 8 0 0
296 60 304 444 8 8 0
304 68 301 447 8 8 0
312 76 298 450 8 -8 0
320 68 295 453 8 8 0
328 76 292 456 8 -8 0
336 68 289 459 8 8 0
344 76 286 462 8 8 0
352 84 283 465 8 0 0
360 84 280 468 8 0 0
368 84 277 471 8 8 0
376 92 274 474 8 -8 0
384 84 271 477 8 0 0
392 84 268 480 8 0 0
400 84 265 483 8 8 0
408 92 262 486 8 -8 0
416 84 259 489 8 -8 0
424 76 256 492 8 -8 0
432 68 253 495 8 0 0
440 68 250 498 8 8 0
448 76 247 501 8 -8 0
456 68 244 504 0 -8 0
456 60 241 507 8 8 0
464 68 238 510 0 8 0
464 76 235 513 0 -8 0
464 68 232 516 8 8 0
472 76 229 519 0 0 0
472 76 226 522 0 8 0
472 84 223 525 8 0 0
480 84 220 528 0 0 0
480 84 217 531 8 0 0
488 84 214 534 0 -8 0
488 76 211 537 0 -8 0
488 68 208 540 8 -8 0
496 60 205 543 0 0 0
496 60 202 546 0 0 0
496 60 199 549 8 0 0
504 60 196 552 0 0 0
504 60 193 555 8 8 0
512 68 190 558 0 8 0
512 76 187 561 0 8 0
512 84 184 564 8 0 0
520 84 181 567 0 0 0
520 84 178 570 0 0 0
520 84 175 573 8 -8 0
528 76 172 576 0 0 0
528 76 169 579 8 8 0
536 84 166 582 0 8 0
536 92 163 585 0 -8 0
536 84 160 588 8 -8 0
540 76 157 591 8 0 0
540 76 154 588 0 8 0
540 84 151 585 0 0 0
540 84 148 582 0 0 0
540 84 145 579 0 0 0
540 84 142 576 0 0 0
540 84 139 573 0 0 0
540 84 136 570 0 0 0
540 84 133 567 0 8 0
540 92 130 564 0 -8 0
540 84 127 561 0 0 0
540 84 124 558 0 8 0
540 92 121 555 0 -8 0
540 84 118 552 0 0 0
540 84 115 549 0 -8 0
540 76 112 546 0 8 0
540 84 109 543 0 0 0
540 84 106 540 0 -8 0
540 76 103 537 0 8 0
540 84 100 534 0 -8 0
540 76 97 531 0 -8 0
540 68 94 528 0 0 0
540 68 91 525 0 0 0
540 68 88 522 0 8 0
540 76 85 519 0 0 0
540 76 82 516 0 8 0
540 84 79 513 0 0 0
540 84 76 510 0 8 0
540 92 73 507 0 8 0
540 100 70 504 0 -8 0
540 92 67 501 0 8 0
540 100 64 498 0 0 0
540 100 61 495 0 -8 0
540 92 58 492 0 8 0
540 100 55 489 -8 8 0
532 108 52 486 0 8 0
532 116 49 483 0 8 0
532 124 46 480 -8 8 0
524 132 43 477 0 8 0
524 140 40 474 0 8 0
524 148 37 471 -8 8 0
516 156 34 468 0 -8 0
516 148 31 465 -8 -8 0
508 140 28 462 0 0 0
508 140 25 459 0 8 0
508 148 22 456 -8 0 0
500 148 19 453 0 8 0
500 156 22 450 0 -8 0
500 148 25 447 -8 8 0
492 156 28 444 0 -8 0
492 148 31 441 -8 0 0
484 148 34 438 0 -8 0
484 140 37 435 0 8 0
484 148 40 432 -8 8 0
476 156 43 429 0 0 0
476 156 46 426 0 -8 0
476 148 49 423 -8 8 0
468 156 52 420 0 -8 0
468 148 55 417 -8 8 0
460 156 58 414 0 0 0
460 156 61 411 0 0 0
460 156 64 408 -8 0 0
452 156 67 405 0 8 0
452 164 70 402 0 8 0
452 172 73 399 -8 0 0
444 172 76 396 0 0 0
444 172 79 393 -8 8 0
436 180 82 390 0 0 0
436 180 85 387 0 0 0
436 180 88 384 -8 0 0
428 180 91 381 0 8 0
428 188 94 378 0 8 0
428 196 97 375 -8 0 0
420 196 100 372 0 -8 0
420 188 103 369 -8 0 0
412 188 106 366 0 8 0
412 196 109 363 0 8 0
412 204 112 360 -8 8 0
404 212 115 357 0 8 0
404 220 118 354 0 8 0
404 228 121 351 -8 0 0
396 228 124 348 0 -8 0
396 220 127 345 -8 -8 0
388 212 130 342 0 8 0
388 220 133 339 0 8 0
388 228 136 336 -8 8 0
380 236 139 333 0 0 0
380 236 142 330 0 8 0
380 244 145 327 -8 0 0
372 244 148 324 0 8 0
372 252 151 321 -8 0 0
364 252 154 318 0 8 0
364 260 157 315 0 -8 0
364 252 160 312 -8 8 0
356 260 163 309 0 -8 0
356 252 166 306 0 0 0
356 252 169 303 -8 0 0
348 252 172 300 0 0 0
348 252 175 297 -8 8 0
340 260 178 294 0 8 0
340 268 181 291 0 8 0
340 276 184 288 -8 -8 0
332 268 187 285 0 0 0
332 268 190 282 0 8 0
332 276 193 279 -8 0 0
324 276 196 276 0 8 0
324 284 199 273 -8 0 0
316 284 202 270 0 -8 0
316 276 205 267 0 8 0
316 284 208 264 -8 -8 0
308 276 211 261 0 8 0
308 284 214 258 0 0 0
308 284 217 255 -8 0 0
300 284 220 252 0 0 0
300 284 223 249 -8 8 0
292 292 226 246 0 -8 0
292 284 229 243 0 0 0
292 284 232 240 -8 -8 0
284 276 235 237 0 8 0
284 284 238 234 0 8 0
284 292 241 231 -8 -8 0
276 284 244 228 0 -8 0
276 276 247 225 -8 0 0
268 276 250 222 0 8 0
268 284 253 219 0 -8 0
268 276 256 216 -8 8 0
260 284 259 213 0 0 0
260 284 262 210 0 -8 0
260 276 265 207 -8 8 0
252 284 268 204 0 -8 0
252 276 271 201 -8 -8 0
244 268 274 198 0 -8 0
244 260 277 195 0 -8 0
244 252 280 192 -8 -8 0
236 244 283 189 0 8 0
236 252 286 186 0 -8 0
236 244 289 183 -8 -8 0
228 236 292 180 0 0 0
228 236 295 177 -8 8 0
220 244 298 174 0 -8 0
220 236 301 171 0 8 0
220 244 304 168 -8 8 0
212 252 307 165 0 8 0
212 260 310 162 0 8 0
212 268 313 159 -8 -8 0
204 260 316 156 0 0 0
204 260 319 153 -8 0 0
196 260 322 150 0 -8 0
196 252 325 147 0 0 0
196 252 328 144 -8 8 0
188 260 331 141 0 -8 0
188 252 334 138 0 -8 0
188 244 337 135 -8 0 0
180 244 340 132 0 8 0
180 252 343 129 -8 -8 0
172 244 346 126 0 8 0
172 252 349 123 0 0 0
172 252 352 120 -8 0 0
164 252 355 117 0 -8 0
164 244 358 114 0 -8 0
164 236 361 111 -8 0 0
156 236 364 108 0 0 0
156 236 367 105 -8 0 0
148 236 370 102 0 0 0
148 236 373 99 0 0 0
148 236 376 96 -8 8 0
140 244 379 93 0 0 0
140 244 382 90 0 0 0
140 244 385 87 -8 0 0
132 244 388 84 0 0 0
132 244 391 81 -8 0 0
124 244 394 78 0 -8 0
124 236 397 75 0 0 0
124 236 400 72 -8 -8 0
116 228 403 69 0 0 0
116 228 406 66 0 -8 0
116 220 409 63 -8 8 0
108 228 412 60 0 -8 0
108 220 415 57 -8 0 0
100 220 418 54 0 -8 0
100 212 421 51 0 8 0
100 220 424 48 -8 8 0
92 228 427 45 0 8 0
92 236 430 42 0 -8 0
92 228 433 39 -8 8 0
84 236 436 36 0 -8 0
84 228 439 33 -8 0 0
76 228 442 30 0 -8 0
76 220 445 27 0 0 0
76 220 448 24 -8 -8 0
68 212 451 21 0 8 0
68 220 454 18 0 0 0
68 220 457 15 -8 -8 0
60 212 460 12 0 8 0
60 220 463 9 -8 -8 0
60 212 466 12 0 0 0
60 212 469 15 0 -8 0
60 204 472 18 0 0 0
60 204 475 21 0 -8 0
60 196 478 24 0 8 0
60 204 481 27 0 -8 0
60 196 484 30 0 8 0
60 204 487 33 0 8 0
60 212 490 36 0 0 0
60 212 493 39 0 0 0
60 212 496 42 0 8 0
60 220 499 45 0 0 0
60 220 502 48 0 -8 0
60 212 505 51 0 0 0
60 212 508 54 0 0 0
60 212 511 57 0 -8 0
60 204 514 60 0 0 0
60 204 517 63 0 -8 0
60 196 520 66 0 8 0
60 204 523 69 0 -8 0
60 196 526 72 0 0 0
60 196 529 75 0 8 0
60 204 532 78 0 8 0
60 212 535 81 0 0 0
60 212 538 84 0 0 0
60 212 541 87 0 8 0
60 220 544 90 0 8 0
60 228 547 93 0 -8 0
60 220 550 96 0 -8 0
60 212 553 99 0 -8 0
60 204 556 102 0 -8 0
60 196 559 105 0 -8 0
60 188 562 108 0 -8 0
60 180 565 111 8 0 0
68 180 568 114 0 0 0
68 180 571 117 0 8 0
68 188 574 120 8 8 0
76 196 577 123 0 -8 0
76 188 580 126 0 -8 0
76 180 583 129 8 -8 0
84 172 586 132 0 8 0
84 180 589 135 8 0 0
92 180 592 138 0 -8 0
92 172 595 141 0 0 0
92 172 598 144 8 0 0
100 172 601 147 0 0 0
100 172 604 150 0 0 0
100 172 607 153 8 0 0
108 172 610 156 0 8 0
108 180 613 159 8 -8 0
116 172 616 162 0 0 0
116 172 619 165 0 -8 0
116 164 622 168 8 8 0
124 172 625 171 0 0 0
124 172 628 174 0 0 0
124 172 631 177 8 0 0
132 172 634 180 0 8 0
132 180 637 183 8 8 0
140 188 640 186 0 -8 0
140 180 643 189 0 0 0
140 180 646 192 8 8 0
148 188 649 195 0 0 0
148 188 652 198 0 0 0
148 188 655 201 8 0 0
156 188 658 204 0 8 0
156 196 661 207 8 0 0
164 196 664 210 0 8 0
164 204 667 213 0 -8 0
164 196 670 216 8 -8 0
172 188 673 219 0 8 0
172 196 676 222 0 0 0
172 196 679 225 8 0 0
180 196 682 228 0 -8 0
180 188 685 231 8 8 0
188 196 688 234 0 0 0
188 196 691 237 0 8 0
188 204 694 240 8 0 0
196 204 697 243 0 -8 0
196 196 700 246 0 0 0
196 196 703 249 8 0 0
204 196 706 252 0 8 0
204 204 709 255 8 0 0
212 204 712 258 0 0 0
212 204 715 261 0 0 0
212 204 718 264 8 -8 0
220 196 721 267 0 -8 0
220 188 724 270 0 0 0
220 188 727 273 8 0 0
228 188 730 276 0 0 0
228 188 733 279 8 -8 0
236 180 736 282 0 -8 0
236 172 739 285 0 -8 0
236 164 742 288 8 0 0
244 164 745 291 0 0 0
244 164 748 294 0 8 0
244 172 751 297 8 8 0
252 180 754 300 0 0 0
252 180 757 303 8 0 0
260 180 760 306 0 8 0
260 188 763 309 0 -8 0
260 180 766 312 8 -8 0
268 172 769 315 0 8 0
268 180 772 318 0 0 0
268 180 775 321 8 8 0
276 188 778 324 0 -8 0
276 180 781 327 0 0 1
276 180 781 327 0 0 1
276 180 781 327 0 0 1
276 180 781 327 0 0 1
276 180 781 327 0 0 1
