78 319 508 270 0 0 0
78 319 505 273 8 0 0
86 319 502 276 8 -8 0
94 311 499 279 8 0 0
102 311 496 282 8 8 0
110 319 493 285 8 8 0
118 327 490 288 8 8 0
126 335 487 291 8 8 0
134 343 484 294 8 0 0
142 343 481 297 8 8 0
150 351 478 300 8 -8 0
158 343 475 303 8 -8 0
166 335 472 306 8 -8 0
174 327 469 309 8 0 0
182 327 466 312 8 8 0
190 335 463 315 8 8 0
198 343 460 318 8 0 0
206 343 457 321 8 0 0
214 343 454 324 8 -8 0
222 335 451 327 8 -8 0
230 327 448 330 8 0 0
238 327 445 333 8 8 0
246 335 442 336 8 0 0
254 335 439 339 8 0 0
262 335 436 342 8 -8 0
270 327 433 345 8 8 0
278 335 430 348 8 8 0
286 343 427 351 8 0 0
294 343 424 354 8 8 0
302 351 421 357 8 8 0
310 359 418 360 0 8 0
310 367 415 363 8 -8 0
318 359 412 366 0 8 0
318 367 409 369 8 0 0
326 367 406 372 0 0 0
326 367 403 375 0 0 0
326 367 400 378 8 8 0
334 375 397 381 0 0 0
334 375 394 384 0 0 0
334 375 391 387 8 -8 0
342 367 388 390 0 8 0
342 375 385 393 8 8 0
350 383 382 396 0 0 0
350 383 379 399 0 0 0
350 383 376 402 8 -8 0
358 375 373 405 0 -8 0
358 367 370 408 0 8 0
358 375 367 411 8 -8 0
366 367 364 414 0 -8 0
366 359 361 417 8 0 0
374 359 358 420 0 -8 0
374 351 355 423 0 8 0
374 359 352 426 8 8 0
382 367 349 429 0 -8 0
382 359 346 432 0 8 0
382 367 343 435 8 0 0
390 367 340 438 0 8 0
390 375 337 441 8 8 0
398 383 334 444 0 8 0
398 391 331 447 0 8 0
398 399 328 450 8 0 0
406 399 325 453 0 8 0
406 407 322 456 0 -8 0
406 399 319 459 8 -8 0
414 391 316 462 0 0 0
414 391 313 465 8 -8 0
422 383 310 468 0 8 0
422 391 307 471 0 -8 0
422 383 304 474 8 8 0
430 391 301 477 0 8 0
430 399 298 480 0 0 0
430 399 295 483 8 8 0
438 407 292 486 0 0 0
438 407 289 489 8 0 0
446 407 286 492 0 8 0
446 415 283 495 0 8 0
446 423 280 498 8 8 0
454 431 277 501 0 -8 0
454 423 274 504 0 0 0
454 423 271 507 8 0 0
462 423 268 510 0 0 0
462 423 265 513 8 8 0
470 431 262 516 0 8 0
470 439 259 519 0 8 0
470 447 256 522 8 -8 0
478 439 253 525 0 0 0
478 439 250 528 0 8 0
478 447 247 531 8 8 0
486 455 244 534 0 0 0
486 455 241 537 8 -8 0
494 447 238 540 0 8 0
494 455 235 543 0 -8 0
494 447 232 546 8 0 0
502 447 229 549 0 8 0
502 455 226 552 0 0 0
502 455 223 555 8 8 0
510 463 220 558 0 -8 0
510 455 217 561 8 -8 0
518 447 214 564 0 0 0
518 447 211 567 0 8 0
518 455 208 570 8 0 0
526 455 205 573 0 8 0
526 463 202 576 0 8 0
526 471 199 579 8 -8 0
534 463 196 582 0 8 0
534 471 193 585 8 8 0
540 479 190 588 0 0 0
540 479 187 591 8 8 0
540 487 184 588 0 -8 0
540 479 181 585 0 0 0
540 479 178 582 0 8 0
540 487 175 579 0 0 0
540 487 172 576 0 8 0
540 495 169 573 0 0 0
540 495 166 570 0 0 0
540 495 163 567 0 8 0
540 503 160 564 0 -8 0
540 495 157 561 0 0 0
540 495 154 558 0 8 0
540 503 151 555 0 8 0
540 511 148 552 0 -8 0
540 503 145 549 0 8 0
540 511 142 546 0 8 0
540 519 139 543 0 -8 0
540 511 136 540 0 -8 0
540 503 133 537 0 8 0
540 511 130 534 0 -8 0
540 503 127 531 0 8 0
540 511 124 528 0 8 0
540 519 121 525 0 -8 0
540 511 118 522 0 -8 0
540 503 115 519 0 0 0
540 503 112 516 0 8 0
540 511 109 513 0 8 0
540 519 106 510 0 8 0
540 527 103 507 0 0 0
540 527 100 504 0 8 0
540 535 97 501 0 0 0
540 535 94 498 0 8 0
540 540 91 495 0 -8 0
540 532 88 492 0 0 0
540 532 85 489 -8 8 0
532 540 82 486 0 8 0
532 540 79 483 0 8 0
532 540 76 480 -8 -8 0
524 532 73 477 0 0 0
524 532 70 474 0 -8 0
524 524 67 471 -8 -8 0
516 516 64 468 0 0 0
516 516 61 465 -8 -8 0
508 508 58 462 0 0 0
508 508 55 459 0 -8 0
508 500 52 456 -8 -8 0
500 492 49 453 0 8 0
500 500 46 450 0 -8 0
500 492 43 447 -8 0 0
492 492 40 444 0 8 0
492 500 37 441 -8 -8 0
484 492 34 438 0 0 0
484 492 31 435 0 -8 0
484 484 28 432 -8 0 0
476 484 25 429 0 -8 0
476 476 22 426 0 8 0
476 484 19 423 0 0 1
476 484 19 423 0 0 1
476 484 19 423 0 0 1
476 484 19 423 0 0 1
476 484 19 423 0 0 1
