236 489 649 117 0 0 0
236 489 646 114 -8 0 0
228 489 643 111 -8 -8 0
220 481 640 108 -8 8 0
212 489 637 105 -8 -8 0
204 481 634 102 -8 -8 0
196 473 631 99 -8 -8 0
188 465 628 96 -8 8 0
180 473 625 93 -8 -8 0
172 465 622 90 -8 -8 0
164 457 619 87 -8 -8 0
156 449 616 84 -8 0 0
148 449 613 81 -8 0 0
140 449 610 78 -8 -8 0
132 441 607 75 -8 0 0
124 441 604 72 -8 8 0
116 449 601 69 0 -8 0
116 441 598 66 0 0 0
116 441 595 63 -8 0 0
108 441 592 60 0 -8 0
108 433 589 57 -8 8 0
100 441 586 54 0 -8 0
100 433 583 51 0 0 0
100 433 580 48 -8 0 0
92 433 577 45 0 -8 0
92 425 574 42 0 8 0
92 433 571 39 -8 8 0
84 441 568 36 0 0 0
84 441 565 33 -8 -8 0
76 433 562 30 0 8 0
76 441 559 27 0 0 0
76 441 556 24 -8 8 0
68 449 553 21 0 0 0
68 449 550 18 0 8 0
68 457 547 15 -8 8 0
60 465 544 12 0 0 0
60 465 541 9 -8 8 0
60 473 538 12 0 0 0
60 473 535 15 0 -8 0
60 465 532 18 0 8 0
60 473 529 21 0 0 0
60 473 526 24 0 8 0
60 481 523 27 0 8 0
60 489 520 30 0 -8 0
60 481 517 33 0 0 0
60 481 514 36 0 0 0
60 481 511 39 0 0 0
60 481 508 42 0 8 0
60 489 505 45 0 0 0
60 489 502 48 0 -8 0
60 481 499 51 0 0 0
60 481 496 54 0 0 0
60 481 493 57 0 0 0
60 481 490 60 0 8 0
60 489 487 63 0 8 0
60 497 484 66 0 8 0
60 505 481 69 0 8 0
60 513 478 72 0 8 0
60 521 475 75 0 8 0
60 529 472 78 0 8 0
60 537 469 81 0 -8 0
60 529 466 84 0 0 0
60 529 463 87 0 -8 0
60 521 460 90 0 8 0
60 529 457 93 0 8 0
60 537 454 96 0 -8 0
60 529 451 99 0 0 0
60 529 448 102 0 -8 0
60 521 445 105 0 -8 0
60 513 442 108 0 0 0
60 513 439 111 8 0 0
68 513 436 114 0 8 0
68 521 433 117 0 0 0
68 521 430 120 8 -8 0
76 513 427 123 0 0 0
76 513 424 126 0 8 0
76 521 421 129 8 8 0
84 529 418 132 0 8 0
84 537 415 135 8 8 0
92 540 412 138 0 8 0
92 540 409 141 0 -8 0
92 532 406 144 8 0 0
100 532 403 147 0 -8 0
100 524 400 150 0 -8 0
100 516 397 153 8 0 0
108 516 394 156 0 0 0
108 516 391 159 8 0 0
116 516 388 162 0 8 0
116 524 385 165 0 -8 0
116 516 382 168 8 0 0
124 516 379 171 0 0 0
124 516 376 174 0 -8 0
124 508 373 177 8 8 0
132 516 370 180 0 0 0
132 516 367 183 8 8 0
140 524 364 186 0 0 0
140 524 361 189 0 0 0
140 524 358 192 8 0 0
148 524 355 195 0 8 0
148 532 352 198 0 -8 0
148 524 349 201 8 0 0
156 524 346 204 0 8 0
156 532 343 207 8 -8 0
164 524 340 210 0 0 0
164 524 337 213 0 0 0
164 524 334 216 8 8 0
172 532 331 219 0 0 0
172 532 328 222 0 8 0
172 540 325 225 8 -8 0
180 532 322 228 0 -8 0
180 524 319 231 8 8 0
188 532 316 234 0 -8 0
188 524 313 237 0 -8 0
188 516 310 240 8 8 0
196 524 307 243 0 0 0
196 524 304 246 0 8 0
196 532 301 249 8 -8 0
204 524 298 252 0 0 0
204 524 295 255 8 8 0
212 532 292 258 0 -8 0
212 524 289 261 0 8 0
212 532 286 264 8 0 0
220 532 283 267 0 0 0
220 532 280 270 0 0 0
220 532 277 273 8 8 0
228 540 274 276 0 8 0
228 540 271 279 8 0 0
236 540 268 282 0 -8 0
236 532 265 285 0 8 0
236 540 262 288 8 8 0
244 540 259 291 0 0 0
244 540 256 294 0 0 0
244 540 253 297 8 -8 0
252 532 250 300 0 -8 0
252 524 247 303 8 -8 0
260 516 244 306 0 -8 0
260 508 241 309 0 8 0
260 516 238 312 8 0 0
268 516 235 315 0 0 0
268 516 232 318 0 8 0
268 524 229 321 8 8 0
276 532 226 324 0 0 0
276 532 223 327 8 8 0
284 540 220 330 0 -8 0
284 532 217 333 0 -8 0
284 524 214 336 8 -8 0
292 516 211 339 0 -8 0
292 508 208 342 0 0 0
292 508 205 345 8 -8 0
300 500 202 348 0 0 0
300 500 199 351 8 -8 0
308 492 196 354 0 -8 0
308 484 193 357 0 0 0
308 484 190 360 8 -8 0
316 476 187 363 0 8 0
316 484 184 366 0 8 0
316 492 181 369 8 8 0
324 500 178 372 0 8 0
324 508 175 375 8 8 0
332 516 172 378 0 -8 0
332 508 169 381 0 8 0
332 516 166 384 8 0 0
340 516 163 387 0 -8 0
340 508 160 390 0 -8 0
340 500 157 393 8 -8 0
348 492 154 396 0 0 0
348 492 151 399 8 0 0
356 492 148 402 0 -8 0
356 484 145 405 0 8 0
356 492 142 408 8 -8 0
364 484 139 411 0 -8 0
364 476 136 414 0 8 0
364 484 133 417 8 8 0
372 492 130 420 0 8 0
372 500 127 423 8 8 0
380 508 124 426 0 -8 0
380 500 121 429 0 8 0
380 508 118 432 8 -8 0
388 500 115 435 0 0 0
388 500 112 438 0 8 0
388 508 109 441 8 0 0
396 508 106 444 0 0 0
396 508 103 447 8 0 0
404 508 100 450 0 0 0
404 508 97 453 0 -8 0
404 500 94 456 8 8 0
412 508 91 459 0 -8 0
412 500 88 462 0 -8 0
412 492 85 465 8 8 0
420 500 82 468 0 0 0
420 500 79 471 8 8 0
428 508 76 474 0 -8 0
428 500 73 477 0 8 0
428 508 70 480 8 8 0
436 516 67 483 0 -8 0
436 508 64 486 0 -8 0
436 500 61 489 8 0 0
444 500 58 492 0 -8 0
444 492 55 495 8 -8 0
452 484 52 498 0 -8 0
452 476 49 501 0 8 0
452 484 46 504 8 8 0
460 492 43 507 0 0 0
460 492 40 510 0 0 0
460 492 37 513 8 0 0
468 492 34 516 0 0 0
468 492 31 519 8 -8 0
476 484 28 522 0 -8 0
476 476 25 525 0 -8 0
476 468 22 528 8 -8 0
484 460 19 531 0 -8 0
484 452 22 534 0 8 0
484 460 25 537 8 0 0
492 460 28 540 0 8 0
492 468 31 543 8 8 0
500 476 34 546 0 8 0
500 484 37 549 0 0 0
500 484 40 552 8 -8 0
508 476 43 555 0 -8 0
508 468 46 558 0 0 0
508 468 49 561 8 0 0
516 468 52 564 0 8 0
516 476 55 567 8 8 0
524 484 58 570 0 8 0
524 492 61 573 0 -8 0
524 484 64 576 8 8 0
532 492 67 579 0 0 0
532 492 70 582 0 -8 0
532 484 73 585 8 -8 0
540 476 76 588 0 -8 0
540 468 79 591 8 0 0
540 468 82 588 0 8 0
540 476 85 585 0 0 0
540 476 88 582 0 8 0
540 484 91 579 0 8 0
540 492 94 576 0 0 0
540 492 97 573 0 0 0
540 492 100 570 0 0 0
540 492 103 567 0 8 0
540 500 106 564 0 -8 0
540 492 109 561 0 0 0
540 492 112 558 0 0 0
540 492 115 555 0 8 0
540 500 118 552 0 8 0
540 508 121 549 0 -8 0
540 500 124 546 0 0 0
540 500 127 543 0 0 0
540 500 130 540 0 0 0
540 500 133 537 0 -8 0
540 492 136 534 0 -8 0
540 484 139 531 0 -8 0
540 476 142 528 0 8 0
540 484 145 525 0 8 0
540 492 148 522 0 -8 0
540 484 151 519 0 0 0
540 484 154 516 0 0 0
540 484 157 513 0 -8 0
540 476 160 510 0 -8 0
540 468 163 507 0 8 0
540 476 166 504 0 8 0
540 484 169 501 0 8 0
540 492 172 498 0 0 0
540 492 175 495 0 0 0
540 492 178 492 0 0 0
540 492 181 489 -8 8 0
532 500 184 486 0 -8 0
532 492 187 483 0 -8 0
532 484 190 480 -8 0 0
524 484 193 477 0 8 0
524 492 196 474 0 8 0
524 500 199 471 -8 8 0
516 508 202 468 0 0 0
516 508 205 465 -8 0 0
508 508 208 462 0 0 0
508 508 211 459 0 8 0
508 516 214 456 -8 8 0
500 524 217 453 0 -8 0
500 516 220 450 0 -8 0
500 508 223 447 -8 8 0
492 516 226 444 0 0 0
492 516 229 441 -8 8 0
484 524 232 438 0 8 0
484 532 235 435 0 -8 0
484 524 238 432 -8 0 0
476 524 241 429 0 -8 0
476 516 244 426 0 8 0
476 524 247 423 -8 8 0
468 532 250 420 0 0 0
468 532 253 417 -8 8 0
460 540 256 414 0 0 0
460 540 259 411 0 8 0
460 540 262 408 -8 -8 0
452 532 265 405 0 0 0
452 532 268 402 0 0 0
452 532 271 399 -8 0 0
444 532 274 396 0 -8 0
444 524 277 393 -8 0 0
436 524 280 390 0 0 0
436 524 283 387 0 0 0
436 524 286 384 -8 8 0
428 532 289 381 0 8 0
428 540 292 378 0 0 0
428 540 295 375 -8 8 0
420 540 298 372 0 0 0
420 540 301 369 -8 8 0
412 540 304 366 0 -8 0
412 532 307 363 0 8 0
412 540 310 360 -8 -8 0
404 532 313 357 0 0 0
404 532 316 354 0 8 0
404 540 319 351 -8 8 0
396 540 322 348 0 -8 0
396 532 325 345 -8 8 0
388 540 328 342 0 -8 0
388 532 331 339 0 8 0
388 540 334 336 -8 0 0
380 540 337 333 0 0 0
380 540 340 330 0 -8 0
380 532 343 327 -8 0 0
372 532 346 324 0 -8 0
372 524 349 321 -8 8 0
364 532 352 318 0 8 0
364 540 355 315 0 -8 0
364 532 358 312 -8 0 0
356 532 361 309 0 0 0
356 532 364 306 0 8 0
356 540 367 303 -8 0 0
348 540 370 300 0 -8 0
348 532 373 297 -8 0 0
340 532 376 294 0 -8 0
340 524 379 291 0 0 0
340 524 382 288 -8 -8 0
332 516 385 285 0 0 0
332 516 388 282 0 0 0
332 516 391 279 -8 8 0
324 524 394 276 0 8 0
324 532 397 273 -8 0 0
316 532 400 270 0 8 0
316 540 403 267 0 -8 0
316 532 406 264 -8 0 0
308 532 409 261 0 8 0
308 540 412 258 0 0 0
308 540 415 255 -8 8 0
300 540 418 252 0 -8 0
300 532 421 249 -8 8 0
292 540 424 246 0 8 0
292 540 427 243 0 0 0
292 540 430 240 -8 8 0
284 540 433 237 0 -8 0
284 532 436 234 0 -8 0
284 524 439 231 -8 8 0
276 532 442 228 0 8 0
276 540 445 225 -8 0 0
268 540 448 222 0 0 0
268 540 451 219 0 0 0
268 540 454 216 -8 8 0
260 540 457 213 0 -8 0
260 532 460 210 0 -8 0
260 524 463 207 -8 0 0
252 524 466 204 0 0 0
252 524 469 201 -8 -8 0
244 516 472 198 0 8 0
244 524 475 195 0 8 0
244 532 478 192 -8 -8 0
236 524 481 189 0 -8 0
236 516 484 186 0 8 0
236 524 487 183 -8 0 0
228 524 490 180 0 0 0
228 524 493 177 -8 0 0
220 524 496 174 0 0 0
220 524 499 171 0 8 0
220 532 502 168 -8 8 0
212 540 505 165 0 8 0
212 540 508 162 0 0 0
212 540 511 159 -8 -8 0
204 532 514 156 0 0 0
204 532 517 153 -8 -8 0
196 524 520 150 0 -8 0
196 516 523 147 0 0 0
196 516 526 144 -8 8 0
188 524 529 141 0 0 0
188 524 532 138 0 0 0
188 524 535 135 -8 -8 0
180 516 538 132 0 -8 0
180 508 541 129 -8 8 0
172 516 544 126 0 8 0
172 524 547 123 0 -8 0
172 516 550 120 -8 0 0
164 516 553 117 0 8 0
164 524 556 114 0 -8 0
164 516 559 111 -8 -8 0
156 508 562 108 0 -8 0
156 500 565 105 -8 -8 0
148 492 568 102 0 8 0
148 500 571 99 0 -8 0
148 492 574 96 -8 -8 0
140 484 577 93 0 8 0
140 492 580 90 0 0 0
140 492 583 87 -8 8 0
132 500 586 84 0 0 0
132 500 589 81 -8 8 0
124 508 592 78 0 0 0
124 508 595 75 0 8 0
124 516 598 72 -8 0 0
116 516 601 69 0 -8 0
116 508 604 66 0 -8 0
116 500 607 63 -8 8 0
108 508 610 60 0 8 0
108 516 613 57 -8 -8 0
100 508 616 54 0 -8 0
100 500 619 51 0 -8 0
100 492 622 48 -8 -8 0
92 484 625 45 0 8 0
92 492 628 42 0 0 0
92 492 631 39 -8 0 0
84 492 634 36 0 8 0
84 500 637 33 -8 -8 0
76 492 640 30 0 -8 0
76 484 643 27 0 0 0
76 484 646 24 -8 -8 0
68 476 649 21 0 0 0
68 476 652 18 0 8 0
68 484 655 15 -8 8 0
60 492 658 12 0 -8 0
60 484 661 9 -8 8 0
60 492 664 12 0 8 0
60 500 667 15 0 8 0
60 508 670 18 0 -8 0
60 500 673 21 0 0 0
60 500 676 24 0 0 0
60 500 679 27 0 8 0
60 508 682 30 0 8 0
60 516 685 33 0 -8 0
60 508 688 36 0 0 0
60 508 691 39 0 8 0
60 516 694 42 0 0 0
60 516 697 45 0 0 0
60 516 700 48 0 8 0
60 524 703 51 0 0 0
60 524 706 54 0 8 0
60 532 709 57 0 -8 0
60 524 712 60 0 8 0
60 532 715 63 0 -8 0
60 524 718 66 0 0 0
60 524 721 69 0 0 0
60 524 724 72 0 0 0
60 524 727 75 0 -8 0
60 516 730 78 0 -8 0
60 508 733 81 0 8 0
60 516 736 84 0 -8 0
60 508 739 87 0 0 0
60 508 742 90 0 8 0
60 516 745 93 0 -8 0
60 508 748 96 0 -8 0
60 500 751 99 0 0 0
60 500 754 102 0 -8 0
60 492 757 105 0 -8 0
60 484 760 108 0 8 0
60 492 763 111 8 8 0
68 500 766 114 0 8 0
68 508 769 117 0 0 0
68 508 772 120 8 0 0
76 508 775 123 0 8 0
76 516 778 126 0 8 0
76 524 781 129 0 0 1
76 524 781 129 0 0 1
76 524 781 129 0 0 1
76 524 781 129 0 0 1
76 524 781 129 0 0 1
