89 427 160 384 0 0 0
89 427 163 381 8 0 0
97 427 166 378 8 -8 0
105 419 169 375 8 0 0
113 419 172 372 8 -8 0
121 411 175 369 8 0 0
129 411 178 366 8 8 0
137 419 181 363 8 0 0
145 419 184 360 8 0 0
153 419 187 357 8 -8 0
161 411 190 354 8 -8 0
169 403 193 351 8 8 0
177 411 196 348 8 8 0
185 419 199 345 8 0 0
193 419 202 342 8 -8 0
201 411 205 339 8 8 0
209 419 208 336 8 0 0
217 419 211 333 8 0 0
225 419 214 330 8 -8 0
233 411 217 327 8 0 0
241 411 220 324 8 8 0
249 419 223 321 8 -8 0
257 411 226 318 8 0 0
265 411 229 315 0 0 0
265 411 232 312 0 8 0
265 419 235 309 0 0 0
265 419 238 306 0 0 0
265 419 241 303 0 -8 0
265 411 244 300 0 0 0
265 411 247 297 0 -8 0
265 403 250 294 0 8 0
265 411 253 291 0 0 0
265 411 256 288 0 -8 0
265 403 259 285 0 0 0
265 403 262 282 0 8 0
265 411 265 279 0 -8 0
265 403 268 276 0 0 0
265 403 271 273 0 0 0
265 403 274 270 0 0 0
265 403 277 267 0 0 0
265 403 280 264 0 0 0
265 403 283 261 0 0 0
265 403 286 258 0 0 0
265 403 289 255 0 -8 0
265 395 292 252 0 -8 0
265 387 295 249 0 -8 0
265 379 298 246 0 0 0
265 379 301 243 0 0 0
265 379 304 240 0 8 0
265 387 307 237 0 0 0
265 387 310 234 0 0 0
265 387 313 231 0 -8 0
265 379 316 228 0 -8 0
265 371 319 225 0 0 0
265 371 322 222 0 8 0
265 379 325 219 0 8 0
265 387 328 216 0 -8 0
265 379 331 213 -8 8 0
257 387 334 210 0 0 0
257 387 337 207 0 8 0
257 395 340 204 -8 -8 0
249 387 343 201 0 0 0
249 387 346 198 -8 0 0
241 387 349 195 0 8 0
241 395 352 192 0 -8 0
241 387 355 189 -8 0 0
233 387 358 186 0 0 0
233 387 361 183 0 0 0
233 387 364 180 -8 8 0
225 395 367 177 0 0 0
225 395 370 174 -8 0 0
217 395 373 171 0 8 0
217 403 376 168 0 0 0
217 403 379 165 -8 -8 0
209 395 382 162 0 -8 0
209 387 385 159 0 8 0
209 395 388 156 -8 -8 0
201 387 391 153 0 -8 0
201 379 394 150 -8 -8 0
193 371 397 147 0 0 0
193 371 400 144 0 0 0
193 371 403 141 -8 0 0
185 371 406 138 0 8 0
185 379 409 135 0 8 0
185 387 412 132 -8 0 0
177 387 415 129 0 0 0
177 387 418 126 -8 0 0
169 387 421 123 0 8 0
169 395 424 120 0 0 0
169 395 427 117 -8 -8 0
161 387 430 114 0 8 0
161 395 433 111 0 -8 0
161 387 436 108 -8 8 0
153 395 439 105 0 8 0
153 403 442 102 -8 0 0
145 403 445 99 0 -8 0
145 395 448 96 0 8 0
145 403 451 93 -8 -8 0
137 395 454 90 0 0 0
137 395 457 87 0 -8 0
137 387 460 84 -8 0 0
129 387 463 81 0 8 0
129 395 466 78 -8 -8 0
121 387 469 75 0 8 0
121 395 472 72 0 8 0
121 403 475 69 -8 -8 0
113 395 478 66 0 -8 0
113 387 481 63 0 0 0
113 387 484 60 -8 0 0
105 387 487 57 0 0 0
105 387 490 54 -8 8 0
97 395 493 51 0 0 0
97 395 496 48 0 8 0
97 403 499 45 -8 8 0
89 411 502 42 0 -8 0
89 403 505 39 0 -8 0
89 395 508 36 -8 8 0
81 403 511 33 0 0 0
81 403 514 30 -8 0 0
73 403 517 27 0 -8 0
73 395 520 24 0 0 0
73 395 523 21 -8 -8 0
65 387 526 18 0 0 0
65 387 529 15 0 0 0
65 387 532 12 -8 -8 0
60 379 535 9 -8 -8 0
60 371 538 12 0 0 0
60 371 541 15 0 8 0
60 379 544 18 0 -8 0
60 371 547 21 0 -8 0
60 363 550 24 0 8 0
60 371 553 27 0 0 0
60 371 556 30 0 -8 0
60 363 559 33 0 8 0
60 371 562 36 0 8 0
60 379 565 39 0 8 0
60 387 568 42 0 8 0
60 395 571 45 0 0 0
60 395 574 48 0 -8 0
60 387 577 51 0 -8 0
60 379 580 54 0 8 0
60 387 583 57 0 -8 0
60 379 586 60 0 -8 0
60 371 589 63 0 8 0
60 379 592 66 0 8 0
60 387 595 69 0 0 0
60 387 598 72 0 8 0
60 395 601 75 0 -8 0
60 387 604 78 0 0 0
60 387 607 81 0 -8 0
60 379 610 84 0 0 0
60 379 613 87 0 0 0
60 379 616 90 0 -8 0
60 371 619 93 0 -8 0
60 363 622 96 0 0 0
60 363 625 99 0 8 0
60 371 628 102 0 -8 0
60 363 631 105 0 8 0
60 371 634 108 0 0 0
60 371 637 111 8 -8 0
68 363 640 114 0 0 0
68 363 643 117 0 -8 0
68 355 646 120 8 -8 0
76 347 649 123 0 -8 0
76 339 652 126 0 8 0
76 347 655 129 8 -8 0
84 339 658 132 0 -8 0
84 331 661 135 8 -8 0
92 323 664 138 0 -8 0
92 315 667 141 0 8 0
92 323 670 144 8 0 0
100 323 673 147 0 -8 0
100 315 676 150 0 -8 0
100 307 679 153 8 -8 0
108 299 682 156 0 8 0
108 307 685 159 8 0 0
116 307 688 162 0 -8 0
116 299 691 165 0 0 0
116 299 694 168 8 0 0
124 299 697 171 0 -8 0
124 291 700 174 0 0 0
124 291 703 177 8 0 0
132 291 706 180 0 -8 0
132 283 709 183 8 0 0
140 283 712 186 0 8 0
140 291 715 189 0 8 0
140 299 718 192 8 -8 0
148 291 721 195 0 0 0
148 291 724 198 0 8 0
148 299 727 201 8 0 0
156 299 730 204 0 0 0
156 299 733 207 8 0 0
164 299 736 210 0 8 0
164 307 739 213 0 -8 0
164 299 742 216 8 8 0
172 307 745 219 0 0 0
172 307 748 222 0 -8 0
172 299 751 225 8 0 0
180 299 754 228 0 0 0
180 299 757 231 8 -8 0
188 291 760 234 0 0 0
188 291 763 237 0 8 0
188 299 766 240 8 0 0
196 299 769 243 0 8 0
196 307 772 246 0 -8 0
196 299 775 249 8 8 0
204 307 778 252 0 0 0
204 307 781 255 0 0 1
204 307 781 255 0 0 1
204 307 781 255 0 0 1
204 307 781 255 0 0 1
204 307 781 255 0 0 1
