95 334 379 486 0 0 0
95 334 376 489 8 -8 0
103 326 373 492 8 0 0
111 326 370 495 8 0 0
119 326 367 498 8 0 0
127 326 364 501 8 8 0
135 334 361 504 8 8 0
143 342 358 507 8 0 0
151 342 355 510 8 0 0
159 342 352 513 8 0 0
167 342 349 516 8 0 0
175 342 346 519 8 -8 0
183 334 343 522 8 8 0
191 342 340 525 8 -8 0
199 334 337 528 8 -8 0
207 326 334 531 8 0 0
215 326 331 534 8 8 0
223 334 328 537 8 -8 0
231 326 325 540 8 8 0
239 334 322 543 8 0 0
247 334 319 546 8 -8 0
255 326 316 549 8 0 0
263 326 313 552 8 -8 0
271 318 310 555 8 0 0
279 318 307 558 8 8 0
287 326 304 561 8 8 0
295 334 301 564 8 0 0
303 334 298 567 8 0 0
311 334 295 570 8 0 0
319 334 292 573 8 8 0
327 342 289 576 8 8 0
335 350 286 579 8 8 0
343 358 283 582 8 -8 0
351 350 280 585 8 0 0
359 350 277 588 8 -8 0
367 342 274 591 8 0 0
375 342 271 588 8 -8 0
383 334 268 585 8 -8 0
391 326 265 582 8 8 0
399 334 262 579 8 0 0
407 334 259 576 8 8 0
415 342 256 573 8 8 0
423 350 253 570 8 8 0
431 358 250 567 8 -8 0
439 350 247 564 8 0 0
447 350 244 561 8 0 0
455 350 241 558 8 8 0
463 358 238 555 8 8 0
471 366 235 552 8 8 0
479 374 232 549 8 8 0
487 382 229 546 8 -8 0
495 374 226 543 0 8 0
495 382 223 540 0 8 0
495 390 220 537 0 -8 0
495 382 217 534 0 8 0
495 390 214 531 0 -8 0
495 382 211 528 0 -8 0
495 374 208 525 0 -8 0
495 366 205 522 0 8 0
495 374 202 519 0 0 0
495 374 199 516 0 0 0
495 374 196 513 0 0 0
495 374 193 510 0 0 0
495 374 190 507 0 0 0
495 374 187 504 0 -8 0
495 366 184 501 0 8 0
495 374 181 498 0 8 0
495 382 178 495 0 0 0
495 382 175 492 0 -8 0
495 374 172 489 0 -8 0
495 366 169 486 0 0 0
495 366 166 483 0 -8 0
495 358 163 480 0 0 0
495 358 160 477 0 0 0
495 358 157 474 0 8 0
495 366 154 471 0 0 0
495 366 151 468 0 -8 0
495 358 148 465 0 0 0
495 358 145 462 0 8 0
495 366 142 459 0 8 0
495 374 139 456 0 8 0
495 382 136 453 0 -8 0
495 374 133 450 0 8 0
495 382 130 447 0 8 0
495 390 127 444 -8 8 0
487 398 124 441 0 -8 0
487 390 121 438 0 -8 0
487 382 118 435 -8 -8 0
479 374 115 432 0 0 0
479 374 112 429 0 -8 0
479 366 109 426 -8 -8 0
471 358 106 423 0 8 0
471 366 103 420 -8 0 0
463 366 100 417 0 -8 0
463 358 97 414 0 0 0
463 358 94 411 -8 -8 0
455 350 91 408 0 8 0
455 358 88 405 0 8 0
455 366 85 402 -8 -8 0
447 358 82 399 0 8 0
447 366 79 396 -8 0 0
439 366 76 393 0 -8 0
439 358 73 390 0 8 0
439 366 70 387 -8 -8 0
431 358 67 384 0 0 0
431 358 64 381 0 0 0
431 358 61 378 -8 -8 0
423 350 58 375 0 0 0
423 350 55 372 -8 -8 0
415 342 52 369 0 0 0
415 342 49 366 0 8 0
415 350 46 363 -8 8 0
407 358 43 360 0 -8 0
407 350 40 357 0 -8 0
407 342 37 354 -8 -8 0
399 334 34 351 0 -8 0
399 326 31 348 -8 -8 0
391 318 28 345 0 -8 0
391 310 25 342 0 8 0
391 318 22 339 -8 8 0
383 326 19 336 0 -8 0
383 318 22 333 0 -8 0
383 310 25 330 -8 -8 0
375 302 28 327 0 8 0
375 310 31 324 -8 0 0
367 310 34 321 0 0 0
367 310 37 318 0 0 0
367 310 40 315 -8 0 0
359 310 43 312 0 0 0
359 310 46 309 0 -8 0
359 302 49 306 -8 -8 0
351 294 52 303 0 -8 0
351 286 55 300 -8 0 0
343 286 58 297 0 0 0
343 286 61 294 0 -8 0
343 278 64 291 -8 8 0
335 286 67 288 0 -8 0
335 278 70 285 0 0 0
335 278 73 282 -8 -8 0
327 270 76 279 0 -8 0
327 262 79 276 -8 -8 0
319 254 82 273 0 8 0
319 262 85 270 0 -8 0
319 254 88 267 -8 8 0
311 262 91 264 0 0 0
311 262 94 261 0 0 0
311 262 97 258 -8 8 0
303 270 100 255 0 -8 0
303 262 103 252 -8 -8 0
295 254 106 249 0 -8 0
295 246 109 246 0 8 0
295 254 112 243 -8 0 0
287 254 115 240 0 0 0
287 254 118 237 0 -8 0
287 246 121 234 -8 8 0
279 254 124 231 0 0 0
279 254 127 228 -8 -8 0
271 246 130 225 0 -8 0
271 238 133 222 0 8 0
271 246 136 219 -8 8 0
263 254 139 216 0 8 0
263 262 142 213 0 0 0
263 262 145 210 -8 0 0
255 262 148 207 0 0 0
255 262 151 204 -8 -8 0
247 254 154 201 0 -8 0
247 246 157 198 0 8 0
247 254 160 195 -8 -8 0
239 246 163 192 0 8 0
239 254 166 189 0 -8 0
239 246 169 186 -8 0 0
231 246 172 183 0 0 0
231 246 175 180 -8 0 0
223 246 178 177 0 -8 0
223 238 181 174 0 8 0
223 246 184 171 -8 0 0
215 246 187 168 0 0 0
215 246 190 165 0 8 0
215 254 193 162 -8 8 0
207 262 196 159 0 -8 0
207 254 199 156 -8 -8 0
199 246 202 153 0 -8 0
199 238 205 150 0 0 0
199 238 208 147 -8 0 0
191 238 211 144 0 8 0
191 246 214 141 0 0 0
191 246 217 138 -8 0 0
183 246 220 135 0 -8 0
183 238 223 132 -8 0 0
175 238 226 129 0 0 0
175 238 229 126 0 8 0
175 246 232 123 -8 -8 0
167 238 235 120 0 0 0
167 238 238 117 0 0 0
167 238 241 114 -8 -8 0
159 230 244 111 0 -8 0
159 222 247 108 -8 0 0
151 222 250 105 0 8 0
151 230 253 102 0 8 0
151 238 256 99 -8 0 0
143 238 259 96 0 0 0
143 238 262 93 0 0 0
143 238 265 90 -8 -8 0
135 230 268 87 0 0 0
135 230 271 84 -8 -8 0
127 222 274 81 0 0 0
127 222 277 78 0 -8 0
127 214 280 75 -8 -8 0
119 206 283 72 0 8 0
119 214 286 69 0 8 0
119 222 289 66 -8 -8 0
111 214 292 63 0 -8 0
111 206 295 60 -8 8 0
103 214 298 57 0 -8 0
103 206 301 54 0 0 0
103 206 304 51 -8 0 0
95 206 307 48 0 -8 0
95 198 310 45 0 0 0
95 198 313 42 -8 -8 0
87 190 316 39 0 8 0
87 198 319 36 -8 -8 0
79 190 322 33 0 -8 0
79 182 325 30 0 -8 0
79 174 328 27 -8 -8 0
71 166 331 24 0 0 0
71 166 334 21 0 -8 0
71 158 337 18 -8 -8 0
63 150 340 15 0 0 0
63 150 343 12 -8 8 0
60 158 346 9 -8 8 0
60 166 349 12 0 8 0
60 174 352 15 0 8 0
60 182 355 18 0 8 0
60 190 358 21 0 8 0
60 198 361 24 0 0 0
60 198 364 27 0 -8 0
60 190 367 30 0 -8 0
60 182 370 33 0 0 0
60 182 373 36 0 0 0
60 182 376 39 0 0 0
60 182 379 42 0 8 0
60 190 382 45 0 -8 0
60 182 385 48 0 8 0
60 190 388 51 0 -8 0
60 182 391 54 0 -8 0
60 174 394 57 0 0 0
60 174 397 60 0 -8 0
60 166 400 63 0 0 0
60 166 403 66 0 8 0
60 174 406 69 0 -8 0
60 166 409 72 0 8 0
60 174 412 75 0 8 0
60 182 415 78 0 8 0
60 190 418 81 0 8 0
60 198 421 84 0 -8 0
60 190 424 87 0 -8 0
60 182 427 90 0 8 0
60 190 430 93 0 8 0
60 198 433 96 0 -8 0
60 190 436 99 0 0 0
60 190 439 102 0 0 0
60 190 442 105 0 -8 0
60 182 445 108 0 0 0
60 182 448 111 8 0 0
68 182 451 114 0 8 0
68 190 454 117 0 8 0
68 198 457 120 8 -8 0
76 190 460 123 0 8 0
76 198 463 126 0 0 0
76 198 466 129 8 0 0
84 198 469 132 0 0 0
84 198 472 135 8 0 0
92 198 475 138 0 8 0
92 206 478 141 0 8 0
92 214 481 144 8 0 0
100 214 484 147 0 0 0
100 214 487 150 0 -8 0
100 206 490 153 8 -8 0
108 198 493 156 0 8 0
108 206 496 159 8 0 0
116 206 499 162 0 0 0
116 206 502 165 0 -8 0
116 198 505 168 8 0 0
124 198 508 171 0 0 0
124 198 511 174 0 8 0
124 206 514 177 8 -8 0
132 198 517 180 0 8 0
132 206 520 183 8 8 0
140 214 523 186 0 0 0
140 214 526 189 0 -8 0
140 206 529 192 8 8 0
148 214 532 195 0 -8 0
148 206 535 198 0 0 0
148 206 538 201 8 0 0
156 206 541 204 0 -8 0
156 198 544 207 8 0 0
164 198 547 210 0 0 0
164 198 550 213 0 -8 0
164 190 553 216 8 0 0
172 190 556 219 0 0 0
172 190 559 222 0 -8 0
172 182 562 225 8 0 0
180 182 565 228 0 8 0
180 190 568 231 8 8 0
188 198 571 234 0 8 0
188 206 574 237 0 -8 0
188 198 577 240 8 0 0
196 198 580 243 0 8 0
196 206 583 246 0 -8 0
196 198 586 249 8 0 0
204 198 589 252 0 8 0
204 206 592 255 8 -8 0
212 198 595 258 0 8 0
212 206 598 261 0 8 0
212 214 601 264 8 0 0
220 214 604 267 0 0 0
220 214 607 270 0 -8 0
220 206 610 273 8 0 0
228 206 613 276 0 -8 0
228 198 616 279 8 0 0
236 198 619 282 0 8 0
236 206 622 285 0 0 0
236 206 625 288 8 8 0
244 214 628 291 0 8 0
244 222 631 294 0 -8 0
244 214 634 297 8 0 0
252 214 637 300 0 0 0
252 214 640 303 8 8 0
260 222 643 306 0 -8 0
260 214 646 309 0 8 0
260 222 649 312 8 8 0
268 230 652 315 0 8 0
268 238 655 318 0 8 0
268 246 658 321 8 -8 0
276 238 661 324 0 8 0
276 246 664 327 8 8 0
284 254 667 330 0 -8 0
284 246 670 333 0 0 0
284 246 673 336 8 8 0
292 254 676 339 0 8 0
292 262 679 342 0 8 0
292 270 682 345 8 8 0
300 278 685 348 0 -8 0
300 270 688 351 8 8 0
308 278 691 354 0 8 0
308 286 694 357 0 -8 0
308 278 697 360 8 -8 0
316 270 700 363 0 -8 0
316 262 703 366 0 -8 0
316 254 706 369 8 0 0
324 254 709 372 0 -8 0
324 246 712 375 8 -8 0
332 238 715 378 0 8 0
332 246 718 381 0 -8 0
332 238 721 384 8 0 0
340 238 724 387 0 -8 0
340 230 727 390 0 0 0
340 230 730 393 8 0 0
348 230 733 396 0 -8 0
348 222 736 399 8 -8 0
356 214 739 402 0 0 0
356 214 742 405 0 -8 0
356 206 745 408 8 8 0
364 214 748 411 0 0 0
364 214 751 414 0 -8 0
364 206 754 417 8 8 0
372 214 757 420 0 0 0
372 214 760 423 8 0 0
380 214 763 426 0 8 0
380 222 766 429 0 8 0
380 230 769 432 8 0 0
388 230 772 435 0 8 0
388 238 775 438 0 0 0
388 238 778 441 8 0 0
396 238 781 444 0 0 1
396 238 781 444 0 0 1
396 238 781 444 0 0 1
396 238 781 444 0 0 1
396 238 781 444 0 0 1
