509 278 490 399 0 0 0
509 278 487 402 -8 8 0
501 286 484 405 -8 -8 0
493 278 481 408 -8 -8 0
485 270 478 411 -8 8 0
477 278 475 414 -8 0 0
469 278 472 417 -8 -8 0
461 270 469 420 0 8 0
461 278 466 423 0 8 0
461 286 463 426 0 8 0
461 294 460 429 0 8 0
461 302 457 432 0 8 0
461 310 454 435 0 -8 0
461 302 451 438 0 8 0
461 310 448 441 0 0 0
461 310 445 444 0 8 0
461 318 442 447 0 8 0
461 326 439 450 0 8 0
461 334 436 453 0 -8 0
461 326 433 456 0 8 0
461 334 430 459 0 0 0
461 334 427 462 0 0 0
461 334 424 465 0 8 0
461 342 421 468 0 0 0
461 342 418 471 0 0 0
461 342 415 474 0 8 0
461 350 412 477 0 0 0
461 350 409 480 0 8 0
461 358 406 483 0 0 0
461 358 403 486 0 -8 0
461 350 400 489 0 -8 0
461 342 397 492 0 8 0
461 350 394 495 0 -8 0
461 342 391 498 0 8 0
461 350 388 501 0 8 0
461 358 385 504 0 -8 0
461 350 382 507 0 -8 0
461 342 379 510 0 -8 0
461 334 376 513 8 0 0
469 334 373 516 0 8 0
469 342 370 519 0 8 0
469 350 367 522 8 -8 0
477 342 364 525 0 8 0
477 350 361 528 8 -8 0
485 342 358 531 0 -8 0
485 334 355 534 0 0 0
485 334 352 537 8 -8 0
493 326 349 540 0 8 0
493 334 346 543 0 8 0
493 342 343 546 8 -8 0
501 334 340 549 0 -8 0
501 326 337 552 8 -8 0
509 318 334 555 0 0 0
509 318 331 558 0 -8 0
509 310 328 561 8 -8 0
517 302 325 564 0 8 0
517 310 322 567 0 -8 0
517 302 319 570 8 -8 0
525 294 316 573 0 -8 0
525 286 313 576 8 -8 0
533 278 310 579 0 8 0
533 286 307 582 0 0 0
533 286 304 585 8 8 0
540 294 301 588 0 -8 0
540 286 298 591 8 -8 0
540 278 295 588 0 8 0
540 286 292 585 0 8 0
540 294 289 582 0 -8 0
540 286 286 579 0 0 0
540 286 283 576 0 -8 0
540 278 280 573 0 -8 0
540 270 277 570 0 8 0
540 278 274 567 0 8 0
540 286 271 564 0 0 0
540 286 268 561 0 -8 0
540 278 265 558 0 0 0
540 278 262 555 0 0 0
540 278 259 552 0 -8 0
540 270 256 549 0 -8 0
540 262 253 546 0 -8 0
540 254 250 543 0 0 0
540 254 247 540 0 0 0
540 254 244 537 0 0 0
540 254 241 534 0 -8 0
540 246 238 531 0 0 0
540 246 235 528 0 -8 0
540 238 232 525 0 8 0
540 246 229 522 0 -8 0
540 238 226 519 0 0 0
540 238 223 516 0 -8 0
540 230 220 513 0 0 0
540 230 217 510 0 -8 0
540 222 214 507 0 0 0
540 222 211 504 0 8 0
540 230 208 501 0 -8 0
540 222 205 498 0 0 0
540 222 202 495 0 0 0
540 222 199 492 0 0 0
540 222 196 489 -8 8 0
532 230 193 486 0 8 0
532 238 190 483 0 8 0
532 246 187 480 -8 8 0
524 254 184 477 0 -8 0
524 246 181 474 0 0 0
524 246 178 471 -8 8 0
516 254 175 468 0 8 0
516 262 172 465 -8 -8 0
508 254 169 462 0 8 0
508 262 166 459 0 8 0
508 270 163 456 -8 -8 0
500 262 160 453 0 -8 0
500 254 157 450 0 0 0
500 254 154 447 -8 -8 0
492 246 151 444 0 8 0
492 254 148 441 -8 0 0
484 254 145 438 0 0 0
484 254 142 435 0 8 0
484 262 139 432 -8 0 0
476 262 136 429 0 -8 0
476 254 133 426 0 -8 0
476 246 130 423 -8 0 0
468 246 127 420 0 -8 0
468 238 124 417 -8 8 0
460 246 121 414 0 0 0
460 246 118 411 0 -8 0
460 238 115 408 -8 0 0
452 238 112 405 0 -8 0
452 230 109 402 0 0 0
452 230 106 399 -8 0 0
444 230 103 396 0 0 0
444 230 100 393 -8 8 0
436 238 97 390 0 -8 0
436 230 94 387 0 8 0
436 238 91 384 -8 -8 0
428 230 88 381 0 8 0
428 238 85 378 0 -8 0
428 230 82 375 -8 8 0
420 238 79 372 0 0 0
420 238 76 369 -8 -8 0
412 230 73 366 0 -8 0
412 222 70 363 0 -8 0
412 214 67 360 -8 -8 0
404 206 64 357 0 0 0
404 206 61 354 0 0 0
404 206 58 351 -8 8 0
396 214 55 348 0 -8 0
396 206 52 345 -8 0 0
388 206 49 342 0 -8 0
388 198 46 339 0 8 0
388 206 43 336 -8 -8 0
380 198 40 333 0 -8 0
380 190 37 330 0 0 0
380 190 34 327 -8 8 0
372 198 31 324 0 0 0
372 198 28 321 -8 0 0
364 198 25 318 0 0 0
364 198 22 315 0 -8 0
364 190 19 312 0 0 1
364 190 19 312 0 0 1
364 190 19 312 0 0 1
364 190 19 312 0 0 1
364 190 19 312 0 0 1
