418 121 442 264 0 0 0
418 121 445 267 -8 0 0
410 121 448 270 -8 8 0
402 129 451 273 -8 8 0
394 137 454 276 -8 8 0
386 145 457 279 -8 -8 0
378 137 460 282 -8 0 0
370 137 463 285 -8 0 0
362 137 466 288 -8 0 0
354 137 469 291 -8 0 0
346 137 472 294 -8 8 0
338 145 475 297 0 8 0
338 153 478 300 0 -8 0
338 145 481 303 0 0 0
338 145 484 306 0 8 0
338 153 487 309 0 8 0
338 161 490 312 0 8 0
338 169 493 315 0 0 0
338 169 496 318 0 -8 0
338 161 499 321 0 8 0
338 169 502 324 0 0 0
338 169 505 327 0 -8 0
338 161 508 330 0 -8 0
338 153 511 333 0 8 0
338 161 514 336 0 0 0
338 161 517 339 0 -8 0
338 153 520 342 0 8 0
338 161 523 345 0 -8 0
338 153 526 348 0 8 0
338 161 529 351 0 8 0
338 169 532 354 0 8 0
338 177 535 357 0 0 0
338 177 538 360 0 -8 0
338 169 541 363 0 8 0
338 177 544 366 0 0 0
338 177 547 369 0 0 0
338 177 550 372 0 -8 0
338 169 553 375 0 0 0
338 169 556 378 0 0 0
338 169 559 381 0 0 0
338 169 562 384 0 0 0
338 169 565 387 0 8 0
338 177 568 390 8 8 0
346 185 571 393 0 0 0
346 185 574 396 0 0 0
346 185 577 399 8 0 0
354 185 580 402 0 8 0
354 193 583 405 8 0 0
362 193 586 408 0 -8 0
362 185 589 411 0 -8 0
362 177 592 414 8 -8 0
370 169 595 417 0 8 0
370 177 598 420 0 8 0
370 185 601 423 8 0 0
378 185 604 426 0 -8 0
378 177 607 429 8 -8 0
386 169 610 432 0 0 0
386 169 613 435 0 -8 0
386 161 616 438 8 -8 0
394 153 619 441 0 8 0
394 161 622 444 0 -8 0
394 153 625 447 8 0 0
402 153 628 450 0 8 0
402 161 631 453 8 8 0
410 169 634 456 0 0 0
410 169 637 459 0 0 0
410 169 640 462 8 8 0
418 177 643 465 0 8 0
418 185 646 468 0 -8 0
418 177 649 471 8 8 0
426 185 652 474 0 0 0
426 185 655 477 8 -8 0
434 177 658 480 0 0 0
434 177 661 483 0 0 0
434 177 664 486 8 0 0
442 177 667 489 0 -8 0
442 169 670 492 0 0 0
442 169 673 495 8 -8 0
450 161 676 498 0 8 0
450 169 679 501 8 0 0
458 169 682 504 0 0 0
458 169 685 507 0 8 0
458 177 688 510 8 8 0
466 185 691 513 0 8 0
466 193 694 516 0 -8 0
466 185 697 519 8 -8 0
474 177 700 522 0 8 0
474 185 703 525 8 0 0
482 185 706 528 0 -8 0
482 177 709 531 0 -8 0
482 169 712 534 8 -8 0
490 161 715 537 0 -8 0
490 153 718 540 0 8 0
490 161 721 543 8 8 0
498 169 724 546 0 8 0
498 177 727 549 8 -8 0
506 169 730 552 0 -8 0
506 161 733 555 0 0 0
506 161 736 558 8 -8 0
514 153 739 561 0 0 0
514 153 742 564 0 0 0
514 153 745 567 8 -8 0
522 145 748 570 0 8 0
522 153 751 573 8 8 0
530 161 754 576 0 -8 0
530 153 757 579 0 8 0
530 161 760 582 8 8 0
538 169 763 585 0 -8 0
538 161 766 588 0 0 0
538 161 769 591 8 -8 0
540 153 772 588 0 0 0
540 153 775 585 0 -8 0
540 145 778 582 0 8 0
540 153 781 579 0 0 1
540 153 781 579 0 0 1
540 153 781 579 0 0 1
540 153 781 579 0 0 1
540 153 781 579 0 0 1
