472 183 346 195 0 0 0
472 183 343 198 -8 0 0
464 183 340 201 -8 0 0
456 183 337 204 -8 0 0
448 183 334 207 -8 8 0
440 191 331 210 -8 8 0
432 199 328 213 -8 8 0
424 207 325 216 -8 -8 0
416 199 322 219 -8 8 0
408 207 319 222 -8 -8 0
400 199 316 225 -8 -8 0
392 191 313 228 -8 -8 0
384 183 310 231 -8 -8 0
376 175 307 234 -8 0 0
368 175 304 237 -8 8 0
360 183 301 240 -8 0 0
352 183 298 243 -8 0 0
344 183 295 246 -8 0 0
336 183 292 249 -8 -8 0
328 175 289 252 -8 8 0
320 183 286 255 -8 8 0
312 191 283 258 -8 0 0
304 191 280 261 0 0 0
304 191 277 264 0 -8 0
304 183 274 267 0 0 0
304 183 271 270 0 0 0
304 183 268 273 0 8 0
304 191 265 276 0 0 0
304 191 262 279 0 -8 0
304 183 259 282 0 0 0
304 183 256 285 0 0 0
304 183 253 288 0 0 0
304 183 250 291 0 0 0
304 183 247 294 0 -8 0
304 175 244 297 0 8 0
304 183 241 300 0 -8 0
304 175 238 303 0 -8 0
304 167 235 306 0 -8 0
304 159 232 309 0 0 0
304 159 229 312 0 8 0
304 167 226 315 0 -8 0
304 159 223 318 0 -8 0
304 151 220 321 0 0 0
304 151 217 324 0 -8 0
304 143 214 327 0 -8 0
304 135 211 330 0 -8 0
304 127 208 333 0 8 0
304 135 205 336 0 -8 0
304 127 202 339 0 0 0
304 127 199 342 0 0 0
304 127 196 345 0 -8 0
304 119 193 348 0 8 0
304 127 190 351 0 -8 0
304 119 187 354 0 8 0
304 127 184 357 8 8 0
312 135 181 360 0 8 0
312 143 178 363 8 -8 0
320 135 175 366 0 0 0
320 135 172 369 0 -8 0
320 127 169 372 8 8 0
328 135 166 375 0 8 0
328 143 163 378 0 8 0
328 151 160 381 8 0 0
336 151 157 384 0 0 0
336 151 154 387 8 8 0
344 159 151 390 0 0 0
344 159 148 393 0 8 0
344 167 145 396 8 -8 0
352 159 142 399 0 -8 0
352 151 139 402 0 0 0
352 151 136 405 8 -8 0
360 143 133 408 0 0 0
360 143 130 411 8 0 0
368 143 127 414 0 8 0
368 151 124 417 0 8 0
368 159 121 420 8 -8 0
376 151 118 423 0 8 0
376 159 115 426 0 0 0
376 159 112 429 8 0 0
384 159 109 432 0 -8 0
384 151 106 435 8 8 0
392 159 103 438 0 -8 0
392 151 100 441 0 -8 0
392 143 97 444 8 8 0
400 151 94 447 0 8 0
400 159 91 450 0 0 0
400 159 88 453 8 8 0
408 167 85 456 0 0 0
408 167 82 459 8 -8 0
416 159 79 462 0 0 0
416 159 76 465 0 0 0
416 159 73 468 8 8 0
424 167 70 471 0 0 0
424 167 67 474 0 -8 0
424 159 64 477 8 8 0
432 167 61 480 0 -8 0
432 159 58 483 8 -8 0
440 151 55 486 0 -8 0
440 143 52 489 0 8 0
440 151 49 492 8 -8 0
448 143 46 495 0 8 0
448 151 43 498 0 0 0
448 151 40 501 8 0 0
456 151 37 504 0 8 0
456 159 34 507 8 -8 0
464 151 31 510 0 0 0
464 151 28 513 0 -8 0
464 143 25 516 8 -8 0
472 135 22 519 0 -8 0
472 127 19 522 0 -8 0
472 119 22 525 8 0 0
480 119 25 528 0 8 0
480 127 28 531 8 8 0
488 135 31 534 0 8 0
488 143 34 537 0 8 0
488 151 37 540 8 0 0
496 151 40 543 0 0 0
496 151 43 546 0 8 0
496 159 46 549 8 8 0
504 167 49 552 0 0 0
504 167 52 555 8 0 0
512 167 55 558 0 0 0
512 167 58 561 0 8 0
512 175 61 564 8 -8 0
520 167 64 567 0 8 0
520 175 67 570 0 0 0
520 175 70 573 8 -8 0
528 167 73 576 0 -8 0
528 159 76 579 8 -8 0
536 151 79 582 0 -8 0
536 143 82 585 0 8 0
536 151 85 588 8 8 0
540 159 88 591 8 -8 0
540 151 91 588 0 -8 0
540 143 94 585 0 8 0
540 151 97 582 0 -8 0
540 143 100 579 0 -8 0
540 135 103 576 0 -8 0
540 127 106 573 0 0 0
540 127 109 570 0 8 0
540 135 112 567 0 0 0
540 135 115 564 0 0 0
540 135 118 561 0 8 0
540 143 121 558 0 0 0
540 143 124 555 0 8 0
540 151 127 552 0 8 0
540 159 130 549 0 -8 0
540 151 133 546 0 -8 0
540 143 136 543 0 8 0
540 151 139 540 0 8 0
540 159 142 537 0 0 0
540 159 145 534 0 -8 0
540 151 148 531 0 -8 0
540 143 151 528 0 8 0
540 151 154 525 0 -8 0
540 143 157 522 0 0 0
540 143 160 519 0 -8 0
540 135 163 516 0 0 0
540 135 166 513 0 0 0
540 135 169 510 0 -8 0
540 127 172 507 0 0 0
540 127 175 504 0 -8 0
540 119 178 501 0 -8 0
540 111 181 498 0 0 0
540 111 184 495 0 -8 0
540 103 187 492 0 8 0
540 111 190 489 -8 0 0
532 111 193 486 0 0 0
532 111 196 483 0 -8 0
532 103 199 480 -8 0 0
524 103 202 477 0 8 0
524 111 205 474 0 8 0
524 119 208 471 -8 0 0
516 119 211 468 0 -8 0
516 111 214 465 -8 8 0
508 119 217 462 0 0 0
508 119 220 459 0 0 0
508 119 223 456 -8 0 0
500 119 226 453 0 -8 0
500 111 229 450 0 -8 0
500 103 232 447 -8 8 0
492 111 235 444 0 0 0
492 111 238 441 -8 8 0
484 119 241 438 0 8 0
484 127 244 435 0 8 0
484 135 247 432 -8 8 0
476 143 250 429 0 8 0
476 151 253 426 0 0 0
476 151 256 423 -8 8 0
468 159 259 420 0 0 0
468 159 262 417 -8 8 0
460 167 265 414 0 0 0
460 167 268 411 0 0 0
460 167 271 408 -8 -8 0
452 159 274 405 0 0 0
452 159 277 402 0 8 0
452 167 280 399 -8 -8 0
444 159 283 396 0 -8 0
444 151 286 393 -8 0 0
436 151 289 390 0 8 0
436 159 292 387 0 0 0
436 159 295 384 -8 -8 0
428 151 298 381 0 0 0
428 151 301 378 0 8 0
428 159 304 375 -8 8 0
420 167 307 372 0 0 0
420 167 310 369 -8 0 0
412 167 313 366 0 8 0
412 175 316 363 0 0 0
412 175 319 360 -8 0 0
404 175 322 357 0 8 0
404 183 325 354 0 8 0
404 191 328 351 -8 8 0
396 199 331 348 0 8 0
396 207 334 345 -8 -8 0
388 199 337 342 0 8 0
388 207 340 339 0 0 0
388 207 343 336 -8 -8 0
380 199 346 333 0 8 0
380 207 349 330 0 8 0
380 215 352 327 -8 -8 0
372 207 355 324 0 0 0
372 207 358 321 -8 -8 0
364 199 361 318 0 0 0
364 199 364 315 0 8 0
364 207 367 312 -8 8 0
356 215 370 309 0 0 0
356 215 373 306 0 0 0
356 215 376 303 -8 0 0
348 215 379 300 0 8 0
348 223 382 297 -8 -8 0
340 215 385 294 0 0 0
340 215 388 291 0 -8 0
340 207 391 288 -8 -8 0
332 199 394 285 0 8 0
332 207 397 282 0 8 0
332 215 400 279 -8 8 0
324 223 403 276 0 8 0
324 231 406 273 -8 8 0
316 239 409 270 0 -8 0
316 231 412 267 0 8 0
316 239 415 264 -8 -8 0
308 231 418 261 0 -8 0
308 223 421 258 0 8 0
308 231 424 255 -8 -8 0
300 223 427 252 0 -8 0
300 215 430 249 -8 8 0
292 223 433 246 0 0 0
292 223 436 243 0 8 0
292 231 439 240 -8 8 0
284 239 442 237 0 -8 0
284 231 445 234 0 8 0
284 239 448 231 -8 8 0
276 247 451 228 0 -8 0
276 239 454 225 -8 0 0
268 239 457 222 0 8 0
268 247 460 219 0 -8 0
268 239 463 216 -8 0 0
260 239 466 213 0 0 0
260 239 469 210 0 8 0
260 247 472 207 -8 8 0
252 255 475 204 0 0 0
252 255 478 201 -8 -8 0
244 247 481 198 0 8 0
244 255 484 195 0 -8 0
244 247 487 192 -8 -8 0
236 239 490 189 0 -8 0
236 231 493 186 0 -8 0
236 223 496 183 -8 -8 0
228 215 499 180 0 8 0
228 223 502 177 -8 0 0
220 223 505 174 0 -8 0
220 215 508 171 0 8 0
220 223 511 168 -8 -8 0
212 215 514 165 0 0 0
212 215 517 162 0 -8 0
212 207 520 159 -8 0 0
204 207 523 156 0 -8 0
204 199 526 153 -8 0 0
196 199 529 150 0 -8 0
196 191 532 147 0 8 0
196 199 535 144 -8 8 0
188 207 538 141 0 0 0
188 207 541 138 0 -8 0
188 199 544 135 -8 8 0
180 207 547 132 0 0 0
180 207 550 129 -8 8 0
172 215 553 126 0 0 0
172 215 556 123 0 8 0
172 223 559 120 -8 0 0
164 223 562 117 0 0 0
164 223 565 114 0 0 0
164 223 568 111 -8 8 0
156 231 571 108 0 8 0
156 239 574 105 -8 8 0
148 247 577 102 0 0 0
148 247 580 99 0 8 0
148 255 583 96 -8 -8 0
140 247 586 93 0 8 0
140 255 589 90 0 8 0
140 263 592 87 -8 -8 0
132 255 595 84 0 0 0
132 255 598 81 -8 0 0
124 255 601 78 0 -8 0
124 247 604 75 0 8 0
124 255 607 72 -8 -8 0
116 247 610 69 0 8 0
116 255 613 66 0 0 0
116 255 616 63 -8 8 0
108 263 619 60 0 8 0
108 271 622 57 -8 -8 0
100 263 625 54 0 -8 0
100 255 628 51 0 -8 0
100 247 631 48 -8 0 0
92 247 634 45 0 -8 0
92 239 637 42 0 8 0
92 247 640 39 -8 -8 0
84 239 643 36 0 -8 0
84 231 646 33 -8 0 0
76 231 649 30 0 0 0
76 231 652 27 0 -8 0
76 223 655 24 -8 8 0
68 231 658 21 0 8 0
68 239 661 18 0 0 0
68 239 664 15 -8 -8 0
60 231 667 12 0 -8 0
60 223 670 9 -8 8 0
60 231 673 12 0 -8 0
60 223 676 15 0 -8 0
60 215 679 18 0 8 0
60 223 682 21 0 -8 0
60 215 685 24 0 -8 0
60 207 688 27 0 8 0
60 215 691 30 0 8 0
60 223 694 33 0 -8 0
60 215 697 36 0 -8 0
60 207 700 39 0 0 0
60 207 703 42 0 8 0
60 215 706 45 0 -8 0
60 207 709 48 0 -8 0
60 199 712 51 0 8 0
60 207 715 54 0 0 0
60 207 718 57 0 -8 0
60 199 721 60 0 -8 0
60 191 724 63 0 0 0
60 191 727 66 0 0 0
60 191 730 69 0 8 0
60 199 733 72 0 8 0
60 207 736 75 0 8 0
60 215 739 78 0 -8 0
60 207 742 81 0 -8 0
60 199 745 84 0 0 0
60 199 748 87 0 8 0
60 207 751 90 0 0 0
60 207 754 93 0 0 0
60 207 757 96 0 0 0
60 207 760 99 0 -8 0
60 199 763 102 0 8 0
60 207 766 105 0 0 0
60 207 769 108 0 0 0
60 207 772 111 8 8 0
68 215 775 114 0 8 0
68 223 778 117 0 0 0
68 223 781 120 0 0 1
68 223 781 120 0 0 1
68 223 781 120 0 0 1
68 223 781 120 0 0 1
68 223 781 120 0 0 1
