175 316 451 261 0 0 0
175 316 454 264 8 8 0
183 324 457 267 8 8 0
191 332 460 270 8 0 0
199 332 463 273 8 8 0
207 340 466 276 8 8 0
215 348 469 279 8 8 0
223 356 472 282 8 8 0
231 364 475 285 8 -8 0
239 356 478 288 0 8 0
239 364 481 291 8 8 0
247 372 484 294 0 0 0
247 372 487 297 0 0 0
247 372 490 300 8 8 0
255 380 493 303 0 8 0
255 388 496 306 8 8 0
263 396 499 309 0 8 0
263 404 502 312 0 -8 0
263 396 505 315 8 0 0
271 396 508 318 0 0 0
271 396 511 321 0 0 0
271 396 514 324 8 0 0
279 396 517 327 0 8 0
279 404 520 330 8 8 0
287 412 523 333 0 0 0
287 412 526 336 0 0 0
287 412 529 339 8 8 0
295 420 532 342 0 0 0
295 420 535 345 0 0 0
295 420 538 348 8 8 0
303 428 541 351 0 8 0
303 436 544 354 8 -8 0
311 428 547 357 0 -8 0
311 420 550 360 0 0 0
311 420 553 363 8 0 0
319 420 556 366 0 0 0
319 420 559 369 0 8 0
319 428 562 372 8 -8 0
327 420 565 375 0 8 0
327 428 568 378 8 0 0
335 428 571 381 0 0 0
335 428 574 384 0 -8 0
335 420 577 387 8 0 0
343 420 580 390 0 0 0
343 420 583 393 0 8 0
343 428 586 396 8 8 0
351 436 589 399 0 -8 0
351 428 592 402 8 -8 0
359 420 595 405 0 8 0
359 428 598 408 0 8 0
359 436 601 411 8 8 0
367 444 604 414 0 -8 0
367 436 607 417 0 -8 0
367 428 610 420 8 8 0
375 436 613 423 0 8 0
375 444 616 426 8 0 0
383 444 619 429 0 8 0
383 452 622 432 0 0 0
383 452 625 435 8 8 0
391 460 628 438 0 8 0
391 468 631 441 0 8 0
391 476 634 444 8 -8 0
399 468 637 447 0 0 0
399 468 640 450 8 8 0
407 476 643 453 0 0 0
407 476 646 456 0 0 0
407 476 649 459 8 8 0
415 484 652 462 0 0 0
415 484 655 465 0 -8 0
415 476 658 468 8 0 0
423 476 661 471 0 0 0
423 476 664 474 8 -8 0
431 468 667 477 0 8 0
431 476 670 480 0 0 0
431 476 673 483 8 0 0
439 476 676 486 0 -8 0
439 468 679 489 0 -8 0
439 460 682 492 8 8 0
447 468 685 495 0 0 0
447 468 688 498 8 0 0
455 468 691 501 0 8 0
455 476 694 504 0 -8 0
455 468 697 507 8 0 0
463 468 700 510 0 -8 0
463 460 703 513 0 8 0
463 468 706 516 8 0 0
471 468 709 519 0 -8 0
471 460 712 522 8 -8 0
479 452 715 525 0 0 0
479 452 718 528 0 -8 0
479 444 721 531 8 0 0
487 444 724 534 0 8 0
487 452 727 537 0 -8 0
487 444 730 540 8 0 0
495 444 733 543 0 -8 0
495 436 736 546 8 -8 0
503 428 739 549 0 -8 0
503 420 742 552 0 8 0
503 428 745 555 8 0 0
511 428 748 558 0 -8 0
511 420 751 561 0 8 0
511 428 754 564 8 8 0
519 436 757 567 0 8 0
519 444 760 570 8 0 0
527 444 763 573 0 8 0
527 452 766 576 0 0 0
527 452 769 579 8 8 0
535 460 772 582 0 0 0
535 460 775 585 0 -8 0
535 452 778 588 8 -8 0
540 444 781 591 0 0 1
540 444 781 591 0 0 1
540 444 781 591 0 0 1
540 444 781 591 0 0 1
540 444 781 591 0 0 1
