377 349 655 477 0 0 0
377 349 658 474 8 -8 0
385 341 661 471 8 -8 0
393 333 664 468 8 -8 0
401 325 667 465 8 -8 0
409 317 670 462 8 8 0
417 325 673 459 0 -8 0
417 317 676 456 0 0 0
417 317 679 453 0 -8 0
417 309 682 450 0 8 0
417 317 685 447 0 -8 0
417 309 688 444 0 8 0
417 317 691 441 0 -8 0
417 309 694 438 0 -8 0
417 301 697 435 0 0 0
417 301 700 432 0 8 0
417 309 703 429 0 0 0
417 309 706 426 0 -8 0
417 301 709 423 0 8 0
417 309 712 420 0 0 0
417 309 715 417 0 -8 0
417 301 718 414 0 8 0
417 309 721 411 0 0 0
417 309 724 408 0 -8 0
417 301 727 405 0 -8 0
417 293 730 402 0 0 0
417 293 733 399 0 0 0
417 293 736 396 0 8 0
417 301 739 393 0 -8 0
417 293 742 390 0 8 0
417 301 745 387 0 -8 0
417 293 748 384 0 -8 0
417 285 751 381 0 8 0
417 293 754 378 0 0 0
417 293 757 375 0 8 0
417 301 760 372 0 -8 0
417 293 763 369 0 0 0
417 293 766 366 -8 -8 0
409 285 769 363 0 -8 0
409 277 772 360 0 8 0
409 285 775 357 -8 -8 0
401 277 778 354 0 8 0
401 285 781 351 0 0 1
401 285 781 351 0 0 1
401 285 781 351 0 0 1
401 285 781 351 0 0 1
401 285 781 351 0 0 1
