361 398 400 294 0 0 0
361 398 403 291 -8 -8 0
353 390 406 288 -8 0 0
345 390 409 285 -8 -8 0
337 382 412 282 -8 -8 0
329 374 415 279 0 0 0
329 374 418 276 -8 0 0
321 374 421 273 0 8 0
321 382 424 270 -8 -8 0
313 374 427 267 0 0 0
313 374 430 264 0 0 0
313 374 433 261 -8 0 0
305 374 436 258 0 8 0
305 382 439 255 0 0 0
305 382 442 252 -8 -8 0
297 374 445 249 0 -8 0
297 366 448 246 -8 8 0
289 374 451 243 0 8 0
289 382 454 240 0 0 0
289 382 457 237 -8 0 0
281 382 460 234 0 8 0
281 390 463 231 0 -8 0
281 382 466 228 -8 0 0
273 382 469 225 0 0 0
273 382 472 222 -8 0 0
265 382 475 219 0 8 0
265 390 478 216 0 0 0
265 390 481 213 -8 8 0
257 398 484 210 0 -8 0
257 390 487 207 0 0 0
257 390 490 204 -8 8 0
249 398 493 201 0 -8 0
249 390 496 198 -8 0 0
241 390 499 195 0 8 0
241 398 502 192 0 -8 0
241 390 505 189 -8 8 0
233 398 508 186 0 0 0
233 398 511 183 0 0 0
233 398 514 180 -8 0 0
225 398 517 177 0 8 0
225 406 520 174 -8 0 0
217 406 523 171 0 0 0
217 406 526 168 0 0 0
217 406 529 165 -8 -8 0
209 398 532 162 0 -8 0
209 390 535 159 0 0 0
209 390 538 156 -8 0 0
201 390 541 153 0 -8 0
201 382 544 150 -8 0 0
193 382 547 147 0 -8 0
193 374 550 144 0 0 0
193 374 553 141 -8 8 0
185 382 556 138 0 0 0
185 382 559 135 0 0 0
185 382 562 132 -8 0 0
177 382 565 129 0 0 0
177 382 568 126 -8 8 0
169 390 571 123 0 0 0
169 390 574 120 0 -8 0
169 382 577 117 -8 8 0
161 390 580 114 0 -8 0
161 382 583 111 0 0 0
161 382 586 108 -8 -8 0
153 374 589 105 0 8 0
153 382 592 102 -8 8 0
145 390 595 99 0 -8 0
145 382 598 96 0 8 0
145 390 601 93 -8 8 0
137 398 604 90 0 -8 0
137 390 607 87 0 0 0
137 390 610 84 -8 0 0
129 390 613 81 0 -8 0
129 382 616 78 -8 0 0
121 382 619 75 0 0 0
121 382 622 72 0 -8 0
121 374 625 69 -8 0 0
113 374 628 66 0 -8 0
113 366 631 63 0 0 0
113 366 634 60 -8 -8 0
105 358 637 57 0 -8 0
105 350 640 54 -8 -8 0
97 342 643 51 0 0 0
97 342 646 48 0 0 0
97 342 649 45 -8 8 0
89 350 652 42 0 -8 0
89 342 655 39 0 8 0
89 350 658 36 -8 0 0
81 350 661 33 0 8 0
81 358 664 30 -8 8 0
73 366 667 27 0 -8 0
73 358 670 24 0 8 0
73 366 673 21 -8 8 0
65 374 676 18 0 0 0
65 374 679 15 0 -8 0
65 366 682 12 -8 -8 0
60 358 685 9 -8 8 0
60 366 688 12 0 -8 0
60 358 691 15 0 -8 0
60 350 694 18 0 -8 0
60 342 697 21 0 8 0
60 350 700 24 0 0 0
60 350 703 27 0 -8 0
60 342 706 30 0 8 0
60 350 709 33 0 -8 0
60 342 712 36 0 0 0
60 342 715 39 0 0 0
60 342 718 42 0 0 0
60 342 721 45 0 8 0
60 350 724 48 0 -8 0
60 342 727 51 0 -8 0
60 334 730 54 0 -8 0
60 326 733 57 0 0 0
60 326 736 60 0 -8 0
60 318 739 63 0 -8 0
60 310 742 66 0 8 0
60 318 745 69 0 8 0
60 326 748 72 0 8 0
60 334 751 75 0 0 0
60 334 754 78 0 0 0
60 334 757 81 0 0 0
60 334 760 84 0 0 0
60 334 763 87 0 0 0
60 334 766 90 0 8 0
60 342 769 93 0 -8 0
60 334 772 96 0 0 0
60 334 775 99 0 8 0
60 342 778 102 0 8 0
60 350 781 105 0 0 1
60 350 781 105 0 0 1
60 350 781 105 0 0 1
60 350 781 105 0 0 1
60 350 781 105 0 0 1
