446 142 679 156 0 0 0
446 142 676 159 -8 -8 0
438 134 673 162 -8 -8 0
430 126 670 165 -8 -8 0
422 118 667 168 -8 -8 0
414 110 664 171 -8 0 0
406 110 661 174 -8 8 0
398 118 658 177 -8 0 0
390 118 655 180 -8 8 0
382 126 652 183 -8 8 0
374 134 649 186 -8 8 0
366 142 646 189 -8 -8 0
358 134 643 192 -8 8 0
350 142 640 195 -8 -8 0
342 134 637 198 -8 8 0
334 142 634 201 -8 -8 0
326 134 631 204 -8 0 0
318 134 628 207 -8 8 0
310 142 625 210 -8 -8 0
302 134 622 213 -8 -8 0
294 126 619 216 -8 0 0
286 126 616 219 -8 0 0
278 126 613 222 -8 8 0
270 134 610 225 0 -8 0
270 126 607 228 0 -8 0
270 118 604 231 0 -8 0
270 110 601 234 0 -8 0
270 102 598 237 0 -8 0
270 94 595 240 0 8 0
270 102 592 243 0 0 0
270 102 589 246 0 0 0
270 102 586 249 0 -8 0
270 94 583 252 0 0 0
270 94 580 255 0 0 0
270 94 577 258 0 -8 0
270 86 574 261 0 8 0
270 94 571 264 0 8 0
270 102 568 267 0 0 0
270 102 565 270 0 -8 0
270 94 562 273 0 0 0
270 94 559 276 0 8 0
270 102 556 279 0 -8 0
270 94 553 282 0 0 0
270 94 550 285 0 0 0
270 94 547 288 0 -8 0
270 86 544 291 0 8 0
270 94 541 294 0 -8 0
270 86 538 297 0 -8 0
270 78 535 300 0 0 0
270 78 532 303 0 -8 0
270 70 529 306 0 -8 0
270 62 526 309 0 0 0
270 62 523 312 0 0 0
270 62 520 315 0 0 0
270 62 517 318 0 0 0
270 62 514 321 8 -8 0
278 60 511 324 0 -8 0
278 60 508 327 0 8 0
278 68 505 330 8 0 0
286 68 502 333 0 0 0
286 68 499 336 0 -8 0
286 60 496 339 8 0 0
294 60 493 342 0 -8 0
294 60 490 345 8 0 0
302 60 487 348 0 0 0
302 60 484 351 0 -8 0
302 60 481 354 8 8 0
310 68 478 357 0 -8 0
310 60 475 360 0 0 0
310 60 472 363 8 0 0
318 60 469 366 0 8 0
318 68 466 369 8 8 0
326 76 463 372 0 8 0
326 84 460 375 0 0 0
326 84 457 378 8 -8 0
334 76 454 381 0 8 0
334 84 451 384 0 0 0
334 84 448 387 8 -8 0
342 76 445 390 0 0 0
342 76 442 393 8 0 0
350 76 439 396 0 8 0
350 84 436 399 0 -8 0
350 76 433 402 8 0 0
358 76 430 405 0 8 0
358 84 427 408 0 0 0
358 84 424 411 8 8 0
366 92 421 414 0 0 0
366 92 418 417 8 8 0
374 100 415 420 0 -8 0
374 92 412 423 0 8 0
374 100 409 426 8 0 0
382 100 406 429 0 8 0
382 108 403 432 0 0 0
382 108 400 435 8 8 0
390 116 397 438 0 8 0
390 124 394 441 8 0 0
398 124 391 444 0 8 0
398 132 388 447 0 0 0
398 132 385 450 8 8 0
406 140 382 453 0 -8 0
406 132 379 456 0 8 0
406 140 376 459 8 -8 0
414 132 373 462 0 8 0
414 140 370 465 8 0 0
422 140 367 468 0 -8 0
422 132 364 471 0 -8 0
422 124 361 474 8 -8 0
430 116 358 477 0 -8 0
430 108 355 480 0 8 0
430 116 352 483 8 0 0
438 116 349 486 0 -8 0
438 108 346 489 8 -8 0
446 100 343 492 0 -8 0
446 92 340 495 0 8 0
446 100 337 498 8 0 0
454 100 334 501 0 8 0
454 108 331 504 0 0 0
454 108 328 507 8 8 0
462 116 325 510 0 8 0
462 124 322 513 8 8 0
470 132 319 516 0 0 0
470 132 316 519 0 8 0
470 140 313 522 8 -8 0
478 132 310 525 0 0 0
478 132 307 528 0 0 0
478 132 304 531 8 8 0
486 140 301 534 0 0 0
486 140 298 537 8 8 0
494 148 295 540 0 8 0
494 156 292 543 0 0 0
494 156 289 546 8 -8 0
502 148 286 549 0 0 0
502 148 283 552 0 8 0
502 156 280 555 8 0 0
510 156 277 558 0 8 0
510 164 274 561 8 8 0
518 172 271 564 0 0 0
518 172 268 567 0 -8 0
518 164 265 570 8 8 0
526 172 262 573 0 0 0
526 172 259 576 0 8 0
526 180 256 579 8 8 0
534 188 253 582 0 0 0
534 188 250 585 8 -8 0
540 180 247 588 0 8 0
540 188 244 591 8 0 0
540 188 241 588 0 0 0
540 188 238 585 0 8 0
540 196 235 582 0 -8 0
540 188 232 579 0 0 0
540 188 229 576 0 8 0
540 196 226 573 0 8 0
540 204 223 570 0 -8 0
540 196 220 567 0 8 0
540 204 217 564 0 0 0
540 204 214 561 0 0 0
540 204 211 558 0 -8 0
540 196 208 555 0 -8 0
540 188 205 552 0 8 0
540 196 202 549 0 8 0
540 204 199 546 0 0 0
540 204 196 543 0 0 0
540 204 193 540 0 -8 0
540 196 190 537 0 -8 0
540 188 187 534 0 8 0
540 196 184 531 0 8 0
540 204 181 528 0 8 0
540 212 178 525 0 8 0
540 220 175 522 0 8 0
540 228 172 519 0 -8 0
540 220 169 516 0 -8 0
540 212 166 513 0 8 0
540 220 163 510 0 8 0
540 228 160 507 0 0 0
540 228 157 504 0 8 0
540 236 154 501 0 0 0
540 236 151 498 0 -8 0
540 228 148 495 0 -8 0
540 220 145 492 0 -8 0
540 212 142 489 -8 8 0
532 220 139 486 0 8 0
532 228 136 483 0 8 0
532 236 133 480 -8 -8 0
524 228 130 477 0 0 0
524 228 127 474 0 0 0
524 228 124 471 -8 0 0
516 228 121 468 0 8 0
516 236 118 465 -8 0 0
508 236 115 462 0 -8 0
508 228 112 459 0 8 0
508 236 109 456 -8 0 0
500 236 106 453 0 -8 0
500 228 103 450 0 0 0
500 228 100 447 -8 0 0
492 228 97 444 0 0 0
492 228 94 441 -8 -8 0
484 220 91 438 0 0 0
484 220 88 435 0 0 0
484 220 85 432 -8 -8 0
476 212 82 429 0 8 0
476 220 79 426 0 0 0
476 220 76 423 -8 8 0
468 228 73 420 0 8 0
468 236 70 417 -8 0 0
460 236 67 414 0 0 0
460 236 64 411 0 8 0
460 244 61 408 -8 0 0
452 244 58 405 0 0 0
452 244 55 402 0 8 0
452 252 52 399 -8 8 0
444 260 49 396 0 0 0
444 260 46 393 -8 0 0
436 260 43 390 0 -8 0
436 252 40 387 0 -8 0
436 244 37 384 -8 -8 0
428 236 34 381 0 8 0
428 244 31 378 0 -8 0
428 236 28 375 -8 0 0
420 236 25 372 0 -8 0
420 228 22 369 -8 8 0
412 236 19 366 0 0 0
412 236 22 363 0 -8 0
412 228 25 360 -8 8 0
404 236 28 357 0 0 0
404 236 31 354 0 -8 0
404 228 34 351 -8 0 0
396 228 37 348 0 8 0
396 236 40 345 -8 8 0
388 244 43 342 0 0 0
388 244 46 339 0 0 0
388 244 49 336 -8 0 0
380 244 52 333 0 -8 0
380 236 55 330 0 8 0
380 244 58 327 -8 -8 0
372 236 61 324 0 8 0
372 244 64 321 -8 8 0
364 252 67 318 0 8 0
364 260 70 315 0 -8 0
364 252 73 312 -8 0 0
356 252 76 309 0 8 0
356 260 79 306 0 8 0
356 268 82 303 -8 8 0
348 276 85 300 0 8 0
348 284 88 297 -8 8 0
340 292 91 294 0 8 0
340 300 94 291 0 -8 0
340 292 97 288 -8 8 0
332 300 100 285 0 0 0
332 300 103 282 0 -8 0
332 292 106 279 -8 8 0
324 300 109 276 0 8 0
324 308 112 273 -8 8 0
316 316 115 270 0 8 0
316 324 118 267 0 -8 0
316 316 121 264 -8 -8 0
308 308 124 261 0 8 0
308 316 127 258 0 8 0
308 324 130 255 -8 -8 0
300 316 133 252 0 8 0
300 324 136 249 -8 8 0
292 332 139 246 0 0 0
292 332 142 243 0 8 0
292 340 145 240 -8 8 0
284 348 148 237 0 8 0
284 356 151 234 0 0 0
284 356 154 231 -8 0 0
276 356 157 228 0 0 0
276 356 160 225 -8 -8 0
268 348 163 222 0 8 0
268 356 166 219 0 8 0
268 364 169 216 -8 8 0
260 372 172 213 0 -8 0
260 364 175 210 0 8 0
260 372 178 207 -8 0 0
252 372 181 204 0 0 0
252 372 184 201 -8 8 0
244 380 187 198 0 -8 0
244 372 190 195 0 0 0
244 372 193 192 -8 0 0
236 372 196 189 0 0 0
236 372 199 186 0 -8 0
236 364 202 183 -8 8 0
228 372 205 180 0 0 0
228 372 208 177 -8 -8 0
220 364 211 174 0 8 0
220 372 214 171 0 8 0
220 380 217 168 -8 -8 0
212 372 220 165 0 0 0
212 372 223 162 0 0 0
212 372 226 159 -8 0 0
204 372 229 156 0 0 0
204 372 232 153 -8 -8 0
196 364 235 150 0 -8 0
196 356 238 147 0 8 0
196 364 241 144 -8 0 0
188 364 244 141 0 -8 0
188 356 247 138 0 -8 0
188 348 250 135 -8 8 0
180 356 253 132 0 -8 0
180 348 256 129 -8 8 0
172 356 259 126 0 -8 0
172 348 262 123 0 8 0
172 356 265 120 -8 0 0
164 356 268 117 0 8 0
164 364 271 114 0 -8 0
164 356 274 111 -8 0 0
156 356 277 108 0 0 0
156 356 280 105 -8 -8 0
148 348 283 102 0 0 0
148 348 286 99 0 -8 0
148 340 289 96 -8 0 0
140 340 292 93 0 -8 0
140 332 295 90 0 8 0
140 340 298 87 -8 8 0
132 348 301 84 0 0 0
132 348 304 81 -8 8 0
124 356 307 78 0 -8 0
124 348 310 75 0 -8 0
124 340 313 72 -8 0 0
116 340 316 69 0 -8 0
116 332 319 66 0 -8 0
116 324 322 63 -8 -8 0
108 316 325 60 0 0 0
108 316 328 57 -8 -8 0
100 308 331 54 0 8 0
100 316 334 51 0 8 0
100 324 337 48 -8 -8 0
92 316 340 45 0 -8 0
92 308 343 42 0 -8 0
92 300 346 39 -8 0 0
84 300 349 36 0 0 0
84 300 352 33 -8 8 0
76 308 355 30 0 8 0
76 316 358 27 0 0 0
76 316 361 24 -8 0 0
68 316 364 21 0 8 0
68 324 367 18 0 -8 0
68 316 370 15 -8 -8 0
60 308 373 12 0 -8 0
60 300 376 9 -8 -8 0
60 292 379 12 0 -8 0
60 284 382 15 0 8 0
60 292 385 18 0 -8 0
60 284 388 21 0 8 0
60 292 391 24 0 0 0
60 292 394 27 0 8 0
60 300 397 30 0 8 0
60 308 400 33 0 0 0
60 308 403 36 0 0 0
60 308 406 39 0 -8 0
60 300 409 42 0 0 0
60 300 412 45 0 8 0
60 308 415 48 0 8 0
60 316 418 51 0 -8 0
60 308 421 54 0 -8 0
60 300 424 57 0 -8 0
60 292 427 60 0 0 0
60 292 430 63 0 0 0
60 292 433 66 0 0 0
60 292 436 69 0 -8 0
60 284 439 72 0 -8 0
60 276 442 75 0 0 0
60 276 445 78 0 0 0
60 276 448 81 0 0 0
60 276 451 84 0 8 0
60 284 454 87 0 -8 0
60 276 457 90 0 0 0
60 276 460 93 0 0 0
60 276 463 96 0 8 0
60 284 466 99 0 0 0
60 284 469 102 0 0 0
60 284 472 105 0 0 0
60 284 475 108 0 -8 0
60 276 478 111 8 0 0
68 276 481 114 0 8 0
68 284 484 117 0 8 0
68 292 487 120 8 0 0
76 292 490 123 0 -8 0
76 284 493 126 0 0 0
76 284 496 129 8 -8 0
84 276 499 132 0 -8 0
84 268 502 135 8 0 0
92 268 505 138 0 8 0
92 276 508 141 0 -8 0
92 268 511 144 8 -8 0
100 260 514 147 0 -8 0
100 252 517 150 0 8 0
100 260 520 153 8 -8 0
108 252 523 156 0 -8 0
108 244 526 159 8 -8 0
116 236 529 162 0 0 0
116 236 532 165 0 -8 0
116 228 535 168 8 0 0
124 228 538 171 0 -8 0
124 220 541 174 0 8 0
124 228 544 177 8 8 0
132 236 547 180 0 0 0
132 236 550 183 8 8 0
140 244 553 186 0 8 0
140 252 556 189 0 -8 0
140 244 559 192 8 -8 0
148 236 562 195 0 0 0
148 236 565 198 0 0 0
148 236 568 201 8 -8 0
156 228 571 204 0 0 0
156 228 574 207 8 0 0
164 228 577 210 0 8 0
164 236 580 213 0 -8 0
164 228 583 216 8 8 0
172 236 586 219 0 0 0
172 236 589 222 0 8 0
172 244 592 225 8 0 0
180 244 595 228 0 -8 0
180 236 598 231 8 0 0
188 236 601 234 0 0 0
188 236 604 237 0 -8 0
188 228 607 240 8 0 0
196 228 610 243 0 8 0
196 236 613 246 0 -8 0
196 228 616 249 8 -8 0
204 220 619 252 0 8 0
204 228 622 255 8 0 0
212 228 625 258 0 8 0
212 236 628 261 0 0 0
212 236 631 264 8 -8 0
220 228 634 267 0 0 0
220 228 637 270 0 8 0
220 236 640 273 8 0 0
228 236 643 276 0 8 0
228 244 646 279 8 0 0
236 244 649 282 0 0 0
236 244 652 285 0 0 0
236 244 655 288 8 0 0
244 244 658 291 0 8 0
244 252 661 294 0 8 0
244 260 664 297 8 -8 0
252 252 667 300 0 8 0
252 260 670 303 8 0 0
260 260 673 306 0 0 0
260 260 676 309 0 -8 0
260 252 679 312 8 8 0
268 260 682 315 0 8 0
268 268 685 318 0 -8 0
268 260 688 321 8 -8 0
276 252 691 324 0 0 0
276 252 694 327 8 8 0
284 260 697 330 0 0 0
284 260 700 333 0 -8 0
284 252 703 336 8 -8 0
292 244 706 339 0 -8 0
292 236 709 342 0 8 0
292 244 712 345 8 -8 0
300 236 715 348 0 0 0
300 236 718 351 8 -8 0
308 228 721 354 0 -8 0
308 220 724 357 0 8 0
308 228 727 360 8 0 0
316 228 730 363 0 -8 0
316 220 733 366 0 0 0
316 220 736 369 8 8 0
324 228 739 372 0 8 0
324 236 742 375 8 8 0
332 244 745 378 0 8 0
332 252 748 381 0 -8 0
332 244 751 384 8 -8 0
340 236 754 387 0 0 0
340 236 757 390 0 -8 0
340 228 760 393 8 -8 0
348 220 763 396 0 -8 0
348 212 766 399 8 8 0
356 220 769 402 0 0 0
356 220 772 405 0 0 0
356 220 775 408 8 8 0
364 228 778 411 0 0 0
364 228 781 414 0 0 1
364 228 781 414 0 0 1
364 228 781 414 0 0 1
364 228 781 414 0 0 1
364 228 781 414 0 0 1
