198 162 487 147 0 0 0
198 162 484 144 -8 8 0
190 170 481 141 0 0 0
190 170 478 138 -8 -8 0
182 162 475 135 0 -8 0
182 154 472 132 0 8 0
182 162 469 129 -8 8 0
174 170 466 126 0 8 0
174 178 463 123 -8 8 0
166 186 460 120 0 -8 0
166 178 457 117 0 8 0
166 186 454 114 -8 -8 0
158 178 451 111 0 -8 0
158 170 448 108 0 -8 0
158 162 445 105 -8 8 0
150 170 442 102 0 -8 0
150 162 439 99 -8 0 0
142 162 436 96 0 0 0
142 162 433 93 0 8 0
142 170 430 90 -8 0 0
134 170 427 87 0 -8 0
134 162 424 84 0 -8 0
134 154 421 81 -8 8 0
126 162 418 78 0 8 0
126 170 415 75 -8 0 0
118 170 412 72 0 -8 0
118 162 409 69 0 0 0
118 162 406 66 -8 8 0
110 170 403 63 0 0 0
110 170 400 60 0 -8 0
110 162 397 57 -8 0 0
102 162 394 54 0 0 0
102 162 391 51 -8 -8 0
94 154 388 48 0 -8 0
94 146 385 45 0 8 0
94 154 382 42 -8 -8 0
86 146 379 39 0 8 0
86 154 376 36 0 8 0
86 162 373 33 -8 -8 0
78 154 370 30 0 -8 0
78 146 367 27 -8 8 0
70 154 364 24 0 8 0
70 162 361 21 0 8 0
70 170 358 18 -8 8 0
62 178 355 15 0 -8 0
62 170 352 12 0 -8 0
62 162 349 9 -8 -8 0
60 154 346 12 0 0 0
60 154 343 15 0 -8 0
60 146 340 18 0 8 0
60 154 337 21 0 8 0
60 162 334 24 0 8 0
60 170 331 27 0 -8 0
60 162 328 30 0 0 0
60 162 325 33 0 8 0
60 170 322 36 0 0 0
60 170 319 39 0 0 0
60 170 316 42 0 -8 0
60 162 313 45 0 8 0
60 170 310 48 0 0 0
60 170 307 51 0 -8 0
60 162 304 54 0 8 0
60 170 301 57 0 8 0
60 178 298 60 0 -8 0
60 170 295 63 0 8 0
60 178 292 66 0 8 0
60 186 289 69 0 -8 0
60 178 286 72 0 -8 0
60 170 283 75 0 -8 0
60 162 280 78 0 0 0
60 162 277 81 0 0 0
60 162 274 84 0 -8 0
60 154 271 87 0 8 0
60 162 268 90 0 0 0
60 162 265 93 0 8 0
60 170 262 96 0 -8 0
60 162 259 99 0 0 0
60 162 256 102 0 0 0
60 162 253 105 0 8 0
60 170 250 108 0 0 0
60 170 247 111 8 0 0
68 170 244 114 0 -8 0
68 162 241 117 0 -8 0
68 154 238 120 8 -8 0
76 146 235 123 0 0 0
76 146 232 126 0 0 0
76 146 229 129 8 -8 0
84 138 226 132 0 -8 0
84 130 223 135 8 0 0
92 130 220 138 0 -8 0
92 122 217 141 0 -8 0
92 114 214 144 8 -8 0
100 106 211 147 0 8 0
100 114 208 150 0 0 0
100 114 205 153 8 8 0
108 122 202 156 0 0 0
108 122 199 159 8 0 0
116 122 196 162 0 8 0
116 130 193 165 0 -8 0
116 122 190 168 8 -8 0
124 114 187 171 0 0 0
124 114 184 174 0 8 0
124 122 181 177 8 8 0
132 130 178 180 0 0 0
132 130 175 183 8 8 0
140 138 172 186 0 8 0
140 146 169 189 0 -8 0
140 138 166 192 8 8 0
148 146 163 195 0 0 0
148 146 160 198 0 0 0
148 146 157 201 8 0 0
156 146 154 204 0 0 0
156 146 151 207 8 8 0
164 154 148 210 0 -8 0
164 146 145 213 0 0 0
164 146 142 216 8 0 0
172 146 139 219 0 0 0
172 146 136 222 0 -8 0
172 138 133 225 8 -8 0
180 130 130 228 0 8 0
180 138 127 231 8 0 0
188 138 124 234 0 0 0
188 138 121 237 0 -8 0
188 130 118 240 8 -8 0
196 122 115 243 0 0 0
196 122 112 246 0 8 0
196 130 109 249 8 8 0
204 138 106 252 0 -8 0
204 130 103 255 8 8 0
212 138 100 258 0 8 0
212 146 97 261 0 -8 0
212 138 94 264 8 0 0
220 138 91 267 0 0 0
220 138 88 270 0 8 0
220 146 85 273 8 8 0
228 154 82 276 0 8 0
228 162 79 279 8 -8 0
236 154 76 282 0 0 0
236 154 73 285 0 -8 0
236 146 70 288 8 0 0
244 146 67 291 0 0 0
244 146 64 294 0 0 0
244 146 61 297 8 0 0
252 146 58 300 0 8 0
252 154 55 303 8 8 0
260 162 52 306 0 8 0
260 170 49 309 0 -8 0
260 162 46 312 8 0 0
268 162 43 315 0 8 0
268 170 40 318 0 8 0
268 178 37 321 8 -8 0
276 170 34 324 0 0 0
276 170 31 327 8 8 0
284 178 28 330 0 -8 0
284 170 25 333 0 -8 0
284 162 22 336 8 8 0
292 170 19 339 0 0 0
292 170 22 342 0 8 0
292 178 25 345 8 0 0
300 178 28 348 0 0 0
300 178 31 351 8 0 0
308 178 34 354 0 -8 0
308 170 37 357 0 -8 0
308 162 40 360 8 8 0
316 170 43 363 0 -8 0
316 162 46 366 0 0 0
316 162 49 369 8 -8 0
324 154 52 372 0 8 0
324 162 55 375 8 -8 0
332 154 58 378 0 0 0
332 154 61 381 0 0 0
332 154 64 384 8 -8 0
340 146 67 387 0 8 0
340 154 70 390 0 8 0
340 162 73 393 8 8 0
348 170 76 396 0 8 0
348 178 79 399 8 0 0
356 178 82 402 0 0 0
356 178 85 405 0 0 0
356 178 88 408 8 -8 0
364 170 91 411 0 0 0
364 170 94 414 0 0 0
364 170 97 417 8 8 0
372 178 100 420 0 0 0
372 178 103 423 8 -8 0
380 170 106 426 0 -8 0
380 162 109 429 0 -8 0
380 154 112 432 8 0 0
388 154 115 435 0 0 0
388 154 118 438 0 8 0
388 162 121 441 8 -8 0
396 154 124 444 0 0 0
396 154 127 447 8 8 0
404 162 130 450 0 -8 0
404 154 133 453 0 0 0
404 154 136 456 8 8 0
412 162 139 459 0 8 0
412 170 142 462 0 -8 0
412 162 145 465 8 0 0
420 162 148 468 0 8 0
420 170 151 471 8 0 0
428 170 154 474 0 8 0
428 178 157 477 0 8 0
428 186 160 480 8 -8 0
436 178 163 483 0 0 0
436 178 166 486 0 -8 0
436 170 169 489 8 8 0
444 178 172 492 0 8 0
444 186 175 495 8 8 0
452 194 178 498 0 0 0
452 194 181 501 0 -8 0
452 186 184 504 8 -8 0
460 178 187 507 0 8 0
460 186 190 510 0 8 0
460 194 193 513 8 8 0
468 202 196 516 0 -8 0
468 194 199 519 8 0 0
476 194 202 522 0 -8 0
476 186 205 525 0 0 0
476 186 208 528 8 0 0
484 186 211 531 0 8 0
484 194 214 534 0 0 0
484 194 217 537 8 8 0
492 202 220 540 0 8 0
492 210 223 543 8 0 0
500 210 226 546 0 8 0
500 218 229 549 0 -8 0
500 210 232 552 8 8 0
508 218 235 555 0 -8 0
508 210 238 558 0 8 0
508 218 241 561 8 8 0
516 226 244 564 0 8 0
516 234 247 567 8 8 0
524 242 250 570 0 -8 0
524 234 253 573 0 0 0
524 234 256 576 8 8 0
532 242 259 579 0 0 0
532 242 262 582 0 8 0
532 250 265 585 8 8 0
540 258 268 588 0 0 0
540 258 271 591 8 0 0
540 258 274 588 0 -8 0
540 250 277 585 0 8 0
540 258 280 582 0 -8 0
540 250 283 579 0 0 0
540 250 286 576 0 0 0
540 250 289 573 0 -8 0
540 242 292 570 0 0 0
540 242 295 567 0 0 0
540 242 298 564 0 8 0
540 250 301 561 0 0 0
540 250 304 558 0 0 0
540 250 307 555 0 0 0
540 250 310 552 0 0 0
540 250 313 549 0 -8 0
540 242 316 546 0 0 0
540 242 319 543 0 -8 0
540 234 322 540 0 8 0
540 242 325 537 0 8 0
540 250 328 534 0 0 0
540 250 331 531 0 0 0
540 250 334 528 0 -8 0
540 242 337 525 0 8 0
540 250 340 522 0 0 0
540 250 343 519 0 0 0
540 250 346 516 0 -8 0
540 242 349 513 0 8 0
540 250 352 510 0 -8 0
540 242 355 507 0 8 0
540 250 358 504 0 -8 0
540 242 361 501 0 0 0
540 242 364 498 0 0 0
540 242 367 495 0 -8 0
540 234 370 492 0 0 0
540 234 373 489 -8 8 0
532 242 376 486 0 0 0
532 242 379 483 0 8 0
532 250 382 480 -8 0 0
524 250 385 477 0 0 0
524 250 388 474 0 -8 0
524 242 391 471 -8 0 0
516 242 394 468 0 0 0
516 242 397 465 -8 8 0
508 250 400 462 0 8 0
508 258 403 459 0 8 0
508 266 406 456 -8 -8 0
500 258 409 453 0 8 0
500 266 412 450 0 8 0
500 274 415 447 -8 0 0
492 274 418 444 0 -8 0
492 266 421 441 -8 -8 0
484 258 424 438 0 0 0
484 258 427 435 0 8 0
484 266 430 432 -8 8 0
476 274 433 429 0 -8 0
476 266 436 426 0 8 0
476 274 439 423 -8 8 0
468 282 442 420 0 0 0
468 282 445 417 -8 8 0
460 290 448 414 0 0 0
460 290 451 411 0 8 0
460 298 454 408 -8 -8 0
452 290 457 405 0 -8 0
452 282 460 402 0 8 0
452 290 463 399 -8 -8 0
444 282 466 396 0 0 0
444 282 469 393 -8 0 0
436 282 472 390 0 8 0
436 290 475 387 0 0 0
436 290 478 384 -8 8 0
428 298 481 381 0 8 0
428 306 484 378 0 -8 0
428 298 487 375 -8 8 0
420 306 490 372 0 -8 0
420 298 493 369 -8 -8 0
412 290 496 366 0 0 0
412 290 499 363 0 8 0
412 298 502 360 -8 -8 0
404 290 505 357 0 0 0
404 290 508 354 0 8 0
404 298 511 351 -8 8 0
396 306 514 348 0 8 0
396 314 517 345 -8 -8 0
388 306 520 342 0 8 0
388 314 523 339 0 8 0
388 322 526 336 -8 0 0
380 322 529 333 0 8 0
380 330 532 330 0 0 0
380 330 535 327 -8 -8 0
372 322 538 324 0 -8 0
372 314 541 321 -8 -8 0
364 306 544 318 0 -8 0
364 298 547 315 0 -8 0
364 290 550 312 -8 8 0
356 298 553 309 0 -8 0
356 290 556 306 0 0 0
356 290 559 303 -8 0 0
348 290 562 300 0 0 0
348 290 565 297 -8 0 0
340 290 568 294 0 -8 0
340 282 571 291 0 0 0
340 282 574 288 -8 -8 0
332 274 577 285 0 8 0
332 282 580 282 0 0 0
332 282 583 279 -8 -8 0
324 274 586 276 0 -8 0
324 266 589 273 -8 0 0
316 266 592 270 0 8 0
316 274 595 267 0 0 0
316 274 598 264 -8 0 0
308 274 601 261 0 8 0
308 282 604 258 0 -8 0
308 274 607 255 -8 8 0
300 282 610 252 0 8 0
300 290 613 249 -8 -8 0
292 282 616 246 0 0 0
292 282 619 243 0 8 0
292 290 622 240 -8 -8 0
284 282 625 237 0 0 0
284 282 628 234 0 0 0
284 282 631 231 -8 -8 0
276 274 634 228 0 -8 0
276 266 637 225 -8 8 0
268 274 640 222 0 -8 0
268 266 643 219 0 0 0
268 266 646 216 -8 8 0
260 274 649 213 0 8 0
260 282 652 210 0 8 0
260 290 655 207 -8 -8 0
252 282 658 204 0 -8 0
252 274 661 201 -8 8 0
244 282 664 198 0 0 0
244 282 667 195 0 8 0
244 290 670 192 -8 8 0
236 298 673 189 0 -8 0
236 290 676 186 0 -8 0
236 282 679 183 -8 8 0
228 290 682 180 0 0 0
228 290 685 177 -8 8 0
220 298 688 174 0 -8 0
220 290 691 171 0 8 0
220 298 694 168 -8 -8 0
212 290 697 165 0 0 0
212 290 700 162 0 0 0
212 290 703 159 -8 8 0
204 298 706 156 0 -8 0
204 290 709 153 -8 -8 0
196 282 712 150 0 0 0
196 282 715 147 0 0 0
196 282 718 144 -8 0 0
188 282 721 141 0 0 0
188 282 724 138 0 8 0
188 290 727 135 -8 8 0
180 298 730 132 0 0 0
180 298 733 129 -8 8 0
172 306 736 126 0 -8 0
172 298 739 123 0 0 0
172 298 742 120 -8 0 0
164 298 745 117 0 8 0
164 306 748 114 0 0 0
164 306 751 111 -8 8 0
156 314 754 108 0 0 0
156 314 757 105 -8 0 0
148 314 760 102 0 -8 0
148 306 763 99 0 -8 0
148 298 766 96 -8 -8 0
140 290 769 93 0 -8 0
140 282 772 90 0 0 0
140 282 775 87 -8 -8 0
132 274 778 84 0 8 0
132 282 781 81 0 0 1
132 282 781 81 0 0 1
132 282 781 81 0 0 1
132 282 781 81 0 0 1
132 282 781 81 0 0 1
