89 278 148 267 0 0 0
89 278 151 270 8 8 0
97 286 154 273 8 0 0
105 286 157 276 8 8 0
113 294 160 279 8 -8 0
121 286 163 282 8 -8 0
129 278 166 285 8 0 0
137 278 169 288 8 8 0
145 286 172 291 8 -8 0
153 278 175 294 8 8 0
161 286 178 297 8 0 0
169 286 181 300 8 8 0
177 294 184 303 8 0 0
185 294 187 306 8 -8 0
193 286 190 309 8 8 0
201 294 193 312 8 -8 0
209 286 196 315 8 8 0
217 294 199 318 8 0 0
225 294 202 321 8 8 0
233 302 205 324 8 0 0
241 302 208 327 8 0 0
249 302 211 330 8 -8 0
257 294 214 333 8 -8 0
265 286 217 336 8 -8 0
273 278 220 339 8 -8 0
281 270 223 342 8 -8 0
289 262 226 345 8 8 0
297 270 229 348 8 0 0
305 270 232 351 0 -8 0
305 262 235 354 0 8 0
305 270 238 357 8 -8 0
313 262 241 360 0 -8 0
313 254 244 363 0 0 0
313 254 247 366 8 8 0
321 262 250 369 0 8 0
321 270 253 372 8 -8 0
329 262 256 375 0 8 0
329 270 259 378 0 -8 0
329 262 262 381 8 -8 0
337 254 265 384 0 8 0
337 262 268 387 0 0 0
337 262 271 390 8 8 0
345 270 274 393 0 0 0
345 270 277 396 8 -8 0
353 262 280 399 0 0 0
353 262 283 402 0 -8 0
353 254 286 405 8 -8 0
361 246 289 408 0 0 0
361 246 292 411 0 0 0
361 246 295 414 8 0 0
369 246 298 417 0 8 0
369 254 301 420 8 0 0
377 254 304 423 0 -8 0
377 246 307 426 0 0 0
377 246 310 429 8 8 0
385 254 313 432 0 0 0
385 254 316 435 0 -8 0
385 246 319 438 8 8 0
393 254 322 441 0 -8 0
393 246 325 444 8 0 0
401 246 328 447 0 0 0
401 246 331 450 0 -8 0
401 238 334 453 8 0 0
409 238 337 456 0 0 0
409 238 340 459 0 8 0
409 246 343 462 8 8 0
417 254 346 465 0 0 0
417 254 349 468 8 8 0
425 262 352 471 0 -8 0
425 254 355 474 0 8 0
425 262 358 477 8 0 0
433 262 361 480 0 8 0
433 270 364 483 0 -8 0
433 262 367 486 8 -8 0
441 254 370 489 0 0 0
441 254 373 492 8 8 0
449 262 376 495 0 -8 0
449 254 379 498 0 0 0
449 254 382 501 8 8 0
457 262 385 504 0 8 0
457 270 388 507 0 8 0
457 278 391 510 8 -8 0
465 270 394 513 0 8 0
465 278 397 516 8 8 0
473 286 400 519 0 8 0
473 294 403 522 0 8 0
473 302 406 525 8 0 0
481 302 409 528 0 8 0
481 310 412 531 0 -8 0
481 302 415 534 8 -8 0
489 294 418 537 0 8 0
489 302 421 540 8 8 0
497 310 424 543 0 0 0
497 310 427 546 0 8 0
497 318 430 549 8 -8 0
505 310 433 552 0 -8 0
505 302 436 555 0 8 0
505 310 439 558 8 0 0
513 310 442 561 0 -8 0
513 302 445 564 8 0 0
521 302 448 567 0 8 0
521 310 451 570 0 -8 0
521 302 454 573 8 -8 0
529 294 457 576 0 0 0
529 294 460 579 0 0 0
529 294 463 582 8 -8 0
537 286 466 585 0 8 0
537 294 469 588 8 -8 0
540 286 472 591 8 -8 0
540 278 475 588 0 8 0
540 286 478 585 0 0 0
540 286 481 582 0 -8 0
540 278 484 579 0 8 0
540 286 487 576 0 0 0
540 286 490 573 0 8 0
540 294 493 570 0 8 0
540 302 496 567 0 -8 0
540 294 499 564 0 0 0
540 294 502 561 0 -8 0
540 286 505 558 0 0 0
540 286 508 555 0 -8 0
540 278 511 552 0 0 0
540 278 514 549 0 0 0
540 278 517 546 0 0 0
540 278 520 543 0 0 0
540 278 523 540 0 -8 0
540 270 526 537 0 8 0
540 278 529 534 0 8 0
540 286 532 531 0 0 0
540 286 535 528 0 0 0
540 286 538 525 0 0 0
540 286 541 522 0 -8 0
540 278 544 519 0 -8 0
540 270 547 516 0 8 0
540 278 550 513 0 -8 0
540 270 553 510 0 8 0
540 278 556 507 0 0 0
540 278 559 504 0 8 0
540 286 562 501 0 8 0
540 294 565 498 0 0 0
540 294 568 495 0 8 0
540 302 571 492 0 8 0
540 310 574 489 -8 -8 0
532 302 577 486 0 -8 0
532 294 580 483 0 8 0
532 302 583 480 -8 0 0
524 302 586 477 0 -8 0
524 294 589 474 0 -8 0
524 286 592 471 -8 -8 0
516 278 595 468 0 0 0
516 278 598 465 -8 8 0
508 286 601 462 0 -8 0
508 278 604 459 0 0 0
508 278 607 456 -8 -8 0
500 270 610 453 0 0 0
500 270 613 450 0 0 0
500 270 616 447 -8 -8 0
492 262 619 444 0 0 0
492 262 622 441 -8 0 0
484 262 625 438 0 -8 0
484 254 628 435 0 0 0
484 254 631 432 -8 8 0
476 262 634 429 0 -8 0
476 254 637 426 0 8 0
476 262 640 423 -8 8 0
468 270 643 420 0 0 0
468 270 646 417 -8 8 0
460 278 649 414 0 -8 0
460 270 652 411 0 0 0
460 270 655 408 -8 8 0
452 278 658 405 0 8 0
452 286 661 402 0 -8 0
452 278 664 399 -8 0 0
444 278 667 396 0 0 0
444 278 670 393 -8 0 0
436 278 673 390 0 0 0
436 278 676 387 0 -8 0
436 270 679 384 -8 -8 0
428 262 682 381 0 0 0
428 262 685 378 0 -8 0
428 254 688 375 -8 -8 0
420 246 691 372 0 8 0
420 254 694 369 -8 -8 0
412 246 697 366 0 8 0
412 254 700 363 0 8 0
412 262 703 360 -8 0 0
404 262 706 357 0 -8 0
404 254 709 354 0 0 0
404 254 712 351 -8 0 0
396 254 715 348 0 8 0
396 262 718 345 -8 0 0
388 262 721 342 0 8 0
388 270 724 339 0 -8 0
388 262 727 336 -8 0 0
380 262 730 333 0 -8 0
380 254 733 330 0 -8 0
380 246 736 327 -8 8 0
372 254 739 324 0 -8 0
372 246 742 321 -8 0 0
364 246 745 318 0 0 0
364 246 748 315 0 8 0
364 254 751 312 -8 -8 0
356 246 754 309 0 -8 0
356 238 757 306 0 0 0
356 238 760 303 -8 0 0
348 238 763 300 0 -8 0
348 230 766 297 -8 0 0
340 230 769 294 0 0 0
340 230 772 291 0 8 0
340 238 775 288 -8 0 0
332 238 778 285 0 -8 0
332 230 781 282 0 0 1
332 230 781 282 0 0 1
332 230 781 282 0 0 1
332 230 781 282 0 0 1
332 230 781 282 0 0 1
