314 115 118 258 0 0 0
314 115 115 261 -8 -8 0
306 107 112 264 0 8 0
306 115 109 267 0 -8 0
306 107 106 270 0 0 0
306 107 103 273 0 0 0
306 107 100 276 0 -8 0
306 99 97 279 0 -8 0
306 91 94 282 0 8 0
306 99 91 285 0 0 0
306 99 88 288 0 8 0
306 107 85 291 0 -8 0
306 99 82 294 0 0 0
306 99 79 297 0 -8 0
306 91 76 300 0 8 0
306 99 73 303 0 0 0
306 99 70 306 0 8 0
306 107 67 309 0 -8 0
306 99 64 312 0 0 0
306 99 61 315 0 8 0
306 107 58 318 0 0 0
306 107 55 321 0 8 0
306 115 52 324 0 0 0
306 115 49 327 0 8 0
306 123 46 330 0 0 0
306 123 43 333 0 -8 0
306 115 40 336 0 0 0
306 115 37 339 0 0 0
306 115 34 342 0 8 0
306 123 31 345 0 -8 0
306 115 28 348 0 -8 0
306 107 25 351 0 -8 0
306 99 22 354 0 0 0
306 99 19 357 0 0 1
306 99 19 357 0 0 1
306 99 19 357 0 0 1
306 99 19 357 0 0 1
306 99 19 357 0 0 1
