369 405 661 375 0 0 0
369 405 658 378 0 -8 0
369 397 655 381 0 8 0
369 405 652 384 0 0 0
369 405 649 387 0 0 0
369 405 646 390 0 -8 0
369 397 643 393 0 0 0
369 397 640 396 0 -8 0
369 389 637 399 0 8 0
369 397 634 402 0 0 0
369 397 631 405 0 0 0
369 397 628 408 0 -8 0
369 389 625 411 0 0 0
369 389 622 414 0 8 0
369 397 619 417 0 8 0
369 405 616 420 8 8 0
377 413 613 423 0 8 0
377 421 610 426 0 0 0
377 421 607 429 8 0 0
385 421 604 432 0 8 0
385 429 601 435 0 -8 0
385 421 598 438 8 0 0
393 421 595 441 0 0 0
393 421 592 444 8 8 0
401 429 589 447 0 -8 0
401 421 586 450 0 0 0
401 421 583 453 8 8 0
409 429 580 456 0 8 0
409 437 577 459 0 -8 0
409 429 574 462 8 -8 0
417 421 571 465 0 -8 0
417 413 568 468 8 8 0
425 421 565 471 0 0 0
425 421 562 474 0 -8 0
425 413 559 477 8 8 0
433 421 556 480 0 0 0
433 421 553 483 0 -8 0
433 413 550 486 8 8 0
441 421 547 489 0 0 0
441 421 544 492 8 8 0
449 429 541 495 0 -8 0
449 421 538 498 0 -8 0
449 413 535 501 8 8 0
457 421 532 504 0 0 0
457 421 529 507 0 0 0
457 421 526 510 8 -8 0
465 413 523 513 0 -8 0
465 405 520 516 8 0 0
473 405 517 519 0 8 0
473 413 514 522 0 0 0
473 413 511 525 8 -8 0
481 405 508 528 0 -8 0
481 397 505 531 0 8 0
481 405 502 534 8 8 0
489 413 499 537 0 8 0
489 421 496 540 8 -8 0
497 413 493 543 0 0 0
497 413 490 546 0 8 0
497 421 487 549 8 -8 0
505 413 484 552 0 -8 0
505 405 481 555 0 0 0
505 405 478 558 8 8 0
513 413 475 561 0 -8 0
513 405 472 564 8 0 0
521 405 469 567 0 8 0
521 413 466 570 0 8 0
521 421 463 573 8 8 0
529 429 460 576 0 -8 0
529 421 457 579 0 0 0
529 421 454 582 8 8 0
537 429 451 585 0 8 0
537 437 448 588 8 8 0
540 445 445 591 8 0 0
540 445 442 588 0 -8 0
540 437 439 585 0 0 0
540 437 436 582 0 8 0
540 445 433 579 0 8 0
540 453 430 576 0 -8 0
540 445 427 573 0 8 0
540 453 424 570 0 0 0
540 453 421 567 0 0 0
540 453 418 564 0 -8 0
540 445 415 561 0 8 0
540 453 412 558 0 -8 0
540 445 409 555 0 0 0
540 445 406 552 0 0 0
540 445 403 549 0 8 0
540 453 400 546 0 8 0
540 461 397 543 0 0 0
540 461 394 540 0 -8 0
540 453 391 537 0 8 0
540 461 388 534 0 8 0
540 469 385 531 0 -8 0
540 461 382 528 0 -8 0
540 453 379 525 0 -8 0
540 445 376 522 0 -8 0
540 437 373 519 0 8 0
540 445 370 516 0 0 0
540 445 367 513 0 0 0
540 445 364 510 0 8 0
540 453 361 507 0 -8 0
540 445 358 504 0 0 0
540 445 355 501 0 8 0
540 453 352 498 0 8 0
540 461 349 495 0 -8 0
540 453 346 492 0 8 0
540 461 343 489 -8 0 0
532 461 340 486 0 -8 0
532 453 337 483 0 -8 0
532 445 334 480 -8 8 0
524 453 331 477 0 8 0
524 461 328 474 0 8 0
524 469 325 471 -8 8 0
516 477 322 468 0 -8 0
516 469 319 465 -8 -8 0
508 461 316 462 0 0 0
508 461 313 459 0 0 0
508 461 310 456 -8 8 0
500 469 307 453 0 8 0
500 477 304 450 0 -8 0
500 469 301 447 -8 -8 0
492 461 298 444 0 -8 0
492 453 295 441 -8 -8 0
484 445 292 438 0 0 0
484 445 289 435 0 8 0
484 453 286 432 -8 0 0
476 453 283 429 0 0 0
476 453 280 426 0 0 0
476 453 277 423 -8 0 0
468 453 274 420 0 0 0
468 453 271 417 -8 8 0
460 461 268 414 0 8 0
460 469 265 411 0 0 0
460 469 262 408 -8 0 0
452 469 259 405 0 8 0
452 477 256 402 0 8 0
452 485 253 399 -8 8 0
444 493 250 396 0 -8 0
444 485 247 393 -8 8 0
436 493 244 390 0 8 0
436 501 241 387 0 8 0
436 509 238 384 -8 0 0
428 509 235 381 0 8 0
428 517 232 378 0 0 0
428 517 229 375 -8 8 0
420 525 226 372 0 8 0
420 533 223 369 -8 0 0
412 533 220 366 0 -8 0
412 525 217 363 0 8 0
412 533 214 360 -8 -8 0
404 525 211 357 0 8 0
404 533 208 354 0 -8 0
404 525 205 351 -8 0 0
396 525 202 348 0 0 0
396 525 199 345 -8 -8 0
388 517 196 342 0 8 0
388 525 193 339 0 8 0
388 533 190 336 -8 -8 0
380 525 187 333 0 8 0
380 533 184 330 0 -8 0
380 525 181 327 -8 8 0
372 533 178 324 0 0 0
372 533 175 321 -8 -8 0
364 525 172 318 0 0 0
364 525 169 315 0 0 0
364 525 166 312 -8 0 0
356 525 163 309 0 8 0
356 533 160 306 0 -8 0
356 525 157 303 -8 8 0
348 533 154 300 0 0 0
348 533 151 297 -8 8 0
340 540 148 294 0 -8 0
340 532 145 291 0 0 0
340 532 142 288 -8 -8 0
332 524 139 285 0 8 0
332 532 136 282 0 8 0
332 540 133 279 -8 8 0
324 540 130 276 0 8 0
324 540 127 273 -8 8 0
316 540 124 270 0 8 0
316 540 121 267 0 0 0
316 540 118 264 -8 -8 0
308 532 115 261 0 0 0
308 532 112 258 0 0 0
308 532 109 255 -8 8 0
300 540 106 252 0 -8 0
300 532 103 249 -8 8 0
292 540 100 246 0 8 0
292 540 97 243 0 8 0
292 540 94 240 -8 0 0
284 540 91 237 0 -8 0
284 532 88 234 0 0 0
284 532 85 231 -8 0 0
276 532 82 228 0 0 0
276 532 79 225 -8 0 0
268 532 76 222 0 -8 0
268 524 73 219 0 0 0
268 524 70 216 -8 8 0
260 532 67 213 0 0 0
260 532 64 210 0 8 0
260 540 61 207 -8 8 0
252 540 58 204 0 0 0
252 540 55 201 -8 -8 0
244 532 52 198 0 0 0
244 532 49 195 0 0 0
244 532 46 192 -8 -8 0
236 524 43 189 0 -8 0
236 516 40 186 0 8 0
236 524 37 183 -8 0 0
228 524 34 180 0 0 0
228 524 31 177 -8 -8 0
220 516 28 174 0 -8 0
220 508 25 171 0 8 0
220 516 22 168 -8 -8 0
212 508 19 165 0 0 0
212 508 22 162 0 0 0
212 508 25 159 -8 8 0
204 516 28 156 0 8 0
204 524 31 153 -8 0 0
196 524 34 150 0 -8 0
196 516 37 147 0 -8 0
196 508 40 144 -8 0 0
188 508 43 141 0 -8 0
188 500 46 138 0 8 0
188 508 49 135 -8 0 0
180 508 52 132 0 8 0
180 516 55 129 -8 8 0
172 524 58 126 0 8 0
172 532 61 123 0 -8 0
172 524 64 120 -8 8 0
164 532 67 117 0 0 0
164 532 70 114 0 -8 0
164 524 73 111 -8 -8 0
156 516 76 108 0 0 0
156 516 79 105 -8 8 0
148 524 82 102 0 -8 0
148 516 85 99 0 0 0
148 516 88 96 -8 0 0
140 516 91 93 0 -8 0
140 508 94 90 0 8 0
140 516 97 87 -8 8 0
132 524 100 84 0 0 0
132 524 103 81 -8 -8 0
124 516 106 78 0 -8 0
124 508 109 75 0 -8 0
124 500 112 72 -8 -8 0
116 492 115 69 0 8 0
116 500 118 66 0 -8 0
116 492 121 63 -8 -8 0
108 484 124 60 0 8 0
108 492 127 57 -8 0 0
100 492 130 54 0 0 0
100 492 133 51 0 0 0
100 492 136 48 -8 8 0
92 500 139 45 0 0 0
92 500 142 42 0 8 0
92 508 145 39 -8 0 0
84 508 148 36 0 -8 0
84 500 151 33 -8 8 0
76 508 154 30 0 -8 0
76 500 157 27 0 8 0
76 508 160 24 -8 8 0
68 516 163 21 0 8 0
68 524 166 18 0 0 0
68 524 169 15 -8 8 0
60 532 172 12 0 -8 0
60 524 175 9 -8 8 0
60 532 178 12 0 -8 0
60 524 181 15 0 8 0
60 532 184 18 0 -8 0
60 524 187 21 0 0 0
60 524 190 24 0 8 0
60 532 193 27 0 -8 0
60 524 196 30 0 -8 0
60 516 199 33 0 0 0
60 516 202 36 0 -8 0
60 508 205 39 0 0 0
60 508 208 42 0 0 0
60 508 211 45 0 -8 0
60 500 214 48 0 0 0
60 500 217 51 0 8 0
60 508 220 54 0 0 0
60 508 223 57 0 0 0
60 508 226 60 0 -8 0
60 500 229 63 0 0 0
60 500 232 66 0 -8 0
60 492 235 69 0 -8 0
60 484 238 72 0 -8 0
60 476 241 75 0 -8 0
60 468 244 78 0 8 0
60 476 247 81 0 -8 0
60 468 250 84 0 -8 0
60 460 253 87 0 0 0
60 460 256 90 0 -8 0
60 452 259 93 0 8 0
60 460 262 96 0 -8 0
60 452 265 99 0 8 0
60 460 268 102 0 8 0
60 468 271 105 0 0 0
60 468 274 108 0 8 0
60 476 277 111 8 0 0
68 476 280 114 0 8 0
68 484 283 117 0 8 0
68 492 286 120 8 -8 0
76 484 289 123 0 -8 0
76 476 292 126 0 8 0
76 484 295 129 8 8 0
84 492 298 132 0 -8 0
84 484 301 135 8 8 0
92 492 304 138 0 8 0
92 500 307 141 0 8 0
92 508 310 144 8 8 0
100 516 313 147 0 8 0
100 524 316 150 0 8 0
100 532 319 153 8 0 0
108 532 322 156 0 8 0
108 540 325 159 8 0 0
116 540 328 162 0 0 0
116 540 331 165 0 0 0
116 540 334 168 8 -8 0
124 532 337 171 0 0 0
124 532 340 174 0 -8 0
124 524 343 177 8 0 0
132 524 346 180 0 8 0
132 532 349 183 8 -8 0
140 524 352 186 0 -8 0
140 516 355 189 0 -8 0
140 508 358 192 8 8 0
148 516 361 195 0 -8 0
148 508 364 198 0 0 0
148 508 367 201 8 8 0
156 516 370 204 0 0 0
156 516 373 207 8 8 0
164 524 376 210 0 8 0
164 532 379 213 0 0 0
164 532 382 216 8 8 0
172 540 385 219 0 8 0
172 540 388 222 0 0 0
172 540 391 225 8 0 0
180 540 394 228 0 -8 0
180 532 397 231 8 0 0
188 532 400 234 0 0 0
188 532 403 237 0 0 0
188 532 406 240 8 0 0
196 532 409 243 0 0 0
196 532 412 246 0 8 0
196 540 415 249 8 8 0
204 540 418 252 0 8 0
204 540 421 255 8 8 0
212 540 424 258 0 0 0
212 540 427 261 0 8 0
212 540 430 264 8 -8 0
220 532 433 267 0 0 0
220 532 436 270 0 -8 0
220 524 439 273 8 -8 0
228 516 442 276 0 8 0
228 524 445 279 8 8 0
236 532 448 282 0 0 0
236 532 451 285 0 8 0
236 540 454 288 8 8 0
244 540 457 291 0 8 0
244 540 460 294 0 0 0
244 540 463 297 8 0 0
252 540 466 300 0 0 0
252 540 469 303 8 -8 0
260 532 472 306 0 8 0
260 540 475 309 0 -8 0
260 532 478 312 8 -8 0
268 524 481 315 0 8 0
268 532 484 318 0 8 0
268 540 487 321 8 -8 0
276 532 490 324 0 8 0
276 540 493 327 8 -8 0
284 532 496 330 0 8 0
284 540 499 333 0 0 0
284 540 502 336 8 8 0
292 540 505 339 0 8 0
292 540 508 342 0 0 0
292 540 511 345 8 -8 0
300 532 514 348 0 0 0
300 532 517 351 8 8 0
308 540 520 354 0 8 0
308 540 523 357 0 -8 0
308 532 526 360 8 0 0
316 532 529 363 0 8 0
316 540 532 366 0 8 0
316 540 535 369 8 0 0
324 540 538 372 0 -8 0
324 532 541 375 8 0 0
332 532 544 378 0 0 0
332 532 547 381 0 -8 0
332 524 550 384 8 -8 0
340 516 553 387 0 0 0
340 516 556 390 0 8 0
340 524 559 393 8 0 0
348 524 562 396 0 0 0
348 524 565 399 8 0 0
356 524 568 402 0 0 0
356 524 571 405 0 -8 0
356 516 574 408 8 0 0
364 516 577 411 0 -8 0
364 508 580 414 0 8 0
364 516 583 417 8 0 0
372 516 586 420 0 8 0
372 524 589 423 8 -8 0
380 516 592 426 0 0 0
380 516 595 429 0 0 0
380 516 598 432 8 8 0
388 524 601 435 0 0 0
388 524 604 438 0 -8 0
388 516 607 441 8 0 0
396 516 610 444 0 8 0
396 524 613 447 8 0 0
404 524 616 450 0 -8 0
404 516 619 453 0 0 0
404 516 622 456 8 8 0
412 524 625 459 0 8 0
412 532 628 462 0 -8 0
412 524 631 465 8 0 0
420 524 634 468 0 -8 0
420 516 637 471 8 0 0
428 516 640 474 0 8 0
428 524 643 477 0 8 0
428 532 646 480 8 8 0
436 540 649 483 0 -8 0
436 532 652 486 0 -8 0
436 524 655 489 8 0 0
444 524 658 492 0 -8 0
444 516 661 495 8 8 0
452 524 664 498 0 8 0
452 532 667 501 0 0 0
452 532 670 504 8 0 0
460 532 673 507 0 0 0
460 532 676 510 0 -8 0
460 524 679 513 8 0 0
468 524 682 516 0 -8 0
468 516 685 519 8 8 0
476 524 688 522 0 0 0
476 524 691 525 0 -8 0
476 516 694 528 8 0 0
484 516 697 531 0 0 0
484 516 700 534 0 -8 0
484 508 703 537 8 -8 0
492 500 706 540 0 -8 0
492 492 709 543 8 -8 0
500 484 712 546 0 0 0
500 484 715 549 0 -8 0
500 476 718 552 8 0 0
508 476 721 555 0 8 0
508 484 724 558 0 -8 0
508 476 727 561 8 -8 0
516 468 730 564 0 -8 0
516 460 733 567 8 8 0
524 468 736 570 0 -8 0
524 460 739 573 0 8 0
524 468 742 576 8 -8 0
532 460 745 579 0 8 0
532 468 748 582 0 0 0
532 468 751 585 8 8 0
540 476 754 588 0 8 0
540 484 757 591 8 8 0
540 492 760 588 0 8 0
540 500 763 585 0 -8 0
540 492 766 582 0 8 0
540 500 769 579 0 8 0
540 508 772 576 0 8 0
540 516 775 573 0 -8 0
540 508 778 570 0 0 0
540 508 781 567 0 0 1
540 508 781 567 0 0 1
540 508 781 567 0 0 1
540 508 781 567 0 0 1
540 508 781 567 0 0 1
