258 460 514 441 0 0 0
258 460 517 438 8 0 0
266 460 520 435 8 -8 0
274 452 523 432 8 0 0
282 452 526 429 8 -8 0
290 444 529 426 8 8 0
298 452 532 423 8 -8 0
306 444 535 420 8 0 0
314 444 538 417 8 -8 0
322 436 541 414 8 -8 0
330 428 544 411 8 -8 0
338 420 547 408 8 -8 0
346 412 550 405 8 -8 0
354 404 553 402 0 8 0
354 412 556 399 0 8 0
354 420 559 396 0 8 0
354 428 562 393 0 8 0
354 436 565 390 0 8 0
354 444 568 387 0 8 0
354 452 571 384 0 -8 0
354 444 574 381 0 8 0
354 452 577 378 0 8 0
354 460 580 375 0 8 0
354 468 583 372 0 -8 0
354 460 586 369 0 8 0
354 468 589 366 0 8 0
354 476 592 363 0 8 0
354 484 595 360 0 8 0
354 492 598 357 0 -8 0
354 484 601 354 0 -8 0
354 476 604 351 0 8 0
354 484 607 348 0 8 0
354 492 610 345 0 0 0
354 492 613 342 0 -8 0
354 484 616 339 0 -8 0
354 476 619 336 0 0 0
354 476 622 333 0 0 0
354 476 625 330 0 0 0
354 476 628 327 0 8 0
354 484 631 324 0 0 0
354 484 634 321 0 -8 0
354 476 637 318 0 0 0
354 476 640 315 0 8 0
354 484 643 312 0 8 0
354 492 646 309 0 8 0
354 500 649 306 0 -8 0
354 492 652 303 -8 8 0
346 500 655 300 0 0 0
346 500 658 297 0 -8 0
346 492 661 294 -8 -8 0
338 484 664 291 0 -8 0
338 476 667 288 0 0 0
338 476 670 285 -8 -8 0
330 468 673 282 0 0 0
330 468 676 279 -8 -8 0
322 460 679 276 0 0 0
322 460 682 273 0 8 0
322 468 685 270 -8 0 0
314 468 688 267 0 0 0
314 468 691 264 0 0 0
314 468 694 261 -8 -8 0
306 460 697 258 0 0 0
306 460 700 255 -8 -8 0
298 452 703 252 0 0 0
298 452 706 249 0 -8 0
298 444 709 246 -8 -8 0
290 436 712 243 0 0 0
290 436 715 240 0 0 0
290 436 718 237 -8 8 0
282 444 721 234 0 8 0
282 452 724 231 -8 0 0
274 452 727 228 0 0 0
274 452 730 225 0 -8 0
274 444 733 222 -8 0 0
266 444 736 219 0 8 0
266 452 739 216 0 -8 0
266 444 742 213 -8 -8 0
258 436 745 210 0 8 0
258 444 748 207 -8 0 0
250 444 751 204 0 0 0
250 444 754 201 0 0 0
250 444 757 198 -8 0 0
242 444 760 195 0 0 0
242 444 763 192 0 8 0
242 452 766 189 -8 -8 0
234 444 769 186 0 0 0
234 444 772 183 -8 -8 0
226 436 775 180 0 8 0
226 444 778 177 0 -8 0
226 436 781 174 0 0 1
226 436 781 174 0 0 1
226 436 781 174 0 0 1
226 436 781 174 0 0 1
226 436 781 174 0 0 1
