416 485 214 342 0 0 0
416 485 211 339 -8 -8 0
408 477 208 336 -8 0 0
400 477 205 333 -8 0 0
392 477 202 330 -8 8 0
384 485 199 327 -8 0 0
376 485 196 324 -8 0 0
368 485 193 321 0 8 0
368 493 190 318 0 0 0
368 493 187 315 -8 -8 0
360 485 184 312 0 8 0
360 493 181 309 -8 8 0
352 501 178 306 0 -8 0
352 493 175 303 0 0 0
352 493 172 300 -8 -8 0
344 485 169 297 0 0 0
344 485 166 294 0 0 0
344 485 163 291 -8 0 0
336 485 160 288 0 8 0
336 493 157 285 -8 0 0
328 493 154 282 0 0 0
328 493 151 279 0 8 0
328 501 148 276 -8 -8 0
320 493 145 273 0 0 0
320 493 142 270 0 0 0
320 493 139 267 -8 0 0
312 493 136 264 0 -8 0
312 485 133 261 -8 -8 0
304 477 130 258 0 8 0
304 485 127 255 0 8 0
304 493 124 252 -8 -8 0
296 485 121 249 0 0 0
296 485 118 246 0 8 0
296 493 115 243 -8 -8 0
288 485 112 240 0 -8 0
288 477 109 237 -8 -8 0
280 469 106 234 0 8 0
280 477 103 231 0 0 0
280 477 100 228 -8 0 0
272 477 97 225 0 -8 0
272 469 94 222 0 8 0
272 477 91 219 -8 -8 0
264 469 88 216 0 0 0
264 469 85 213 -8 -8 0
256 461 82 210 0 -8 0
256 453 79 207 0 -8 0
256 445 76 204 -8 -8 0
248 437 73 201 0 0 0
248 437 70 198 0 8 0
248 445 67 195 -8 8 0
240 453 64 192 0 8 0
240 461 61 189 -8 8 0
232 469 58 186 0 0 0
232 469 55 183 0 -8 0
232 461 52 180 -8 -8 0
224 453 49 177 0 8 0
224 461 46 174 0 -8 0
224 453 43 171 -8 -8 0
216 445 40 168 0 0 0
216 445 37 165 -8 8 0
208 453 34 162 0 8 0
208 461 31 159 0 8 0
208 469 28 156 -8 -8 0
200 461 25 153 0 -8 0
200 453 22 150 0 8 0
200 461 19 147 0 0 1
200 461 19 147 0 0 1
200 461 19 147 0 0 1
200 461 19 147 0 0 1
200 461 19 147 0 0 1
