535 221 667 375 0 0 0
535 221 664 372 -8 8 0
527 229 661 369 -8 8 0
519 237 658 366 -8 0 0
511 237 655 363 -8 8 0
503 245 652 360 -8 -8 0
495 237 649 357 -8 8 0
487 245 646 354 -8 8 0
479 253 643 351 -8 0 0
471 253 640 348 -8 8 0
463 261 637 345 -8 0 0
455 261 634 342 -8 8 0
447 269 631 339 -8 8 0
439 277 628 336 -8 0 0
431 277 625 333 -8 -8 0
423 269 622 330 -8 0 0
415 269 619 327 -8 -8 0
407 261 616 324 -8 -8 0
399 253 613 321 -8 8 0
391 261 610 318 -8 8 0
383 269 607 315 -8 -8 0
375 261 604 312 -8 -8 0
367 253 601 309 -8 8 0
359 261 598 306 -8 -8 0
351 253 595 303 0 0 0
351 253 592 300 -8 8 0
343 261 589 297 0 0 0
343 261 586 294 0 0 0
343 261 583 291 -8 -8 0
335 253 580 288 0 8 0
335 261 577 285 0 0 0
335 261 574 282 -8 0 0
327 261 571 279 0 -8 0
327 253 568 276 -8 8 0
319 261 565 273 0 8 0
319 269 562 270 0 0 0
319 269 559 267 -8 0 0
311 269 556 264 0 -8 0
311 261 553 261 0 0 0
311 261 550 258 -8 -8 0
303 253 547 255 0 8 0
303 261 544 252 -8 -8 0
295 253 541 249 0 8 0
295 261 538 246 0 0 0
295 261 535 243 -8 -8 0
287 253 532 240 0 0 0
287 253 529 237 0 -8 0
287 245 526 234 -8 -8 0
279 237 523 231 0 8 0
279 245 520 228 -8 8 0
271 253 517 225 0 0 0
271 253 514 222 0 -8 0
271 245 511 219 -8 8 0
263 253 508 216 0 -8 0
263 245 505 213 0 8 0
263 253 502 210 -8 -8 0
255 245 499 207 0 0 0
255 245 496 204 -8 0 0
247 245 493 201 0 -8 0
247 237 490 198 0 -8 0
247 229 487 195 -8 -8 0
239 221 484 192 0 -8 0
239 213 481 189 0 -8 0
239 205 478 186 -8 8 0
231 213 475 183 0 0 0
231 213 472 180 -8 8 0
223 221 469 177 0 0 0
223 221 466 174 0 8 0
223 229 463 171 -8 8 0
215 237 460 168 0 -8 0
215 229 457 165 0 0 0
215 229 454 162 -8 8 0
207 237 451 159 0 0 0
207 237 448 156 -8 -8 0
199 229 445 153 0 8 0
199 237 442 150 0 -8 0
199 229 439 147 -8 -8 0
191 221 436 144 0 -8 0
191 213 433 141 0 -8 0
191 205 430 138 -8 0 0
183 205 427 135 0 -8 0
183 197 424 132 -8 -8 0
175 189 421 129 0 -8 0
175 181 418 126 0 8 0
175 189 415 123 -8 0 0
167 189 412 120 0 0 0
167 189 409 117 0 -8 0
167 181 406 114 -8 8 0
159 189 403 111 0 0 0
159 189 400 108 -8 8 0
151 197 397 105 0 -8 0
151 189 394 102 0 8 0
151 197 391 99 -8 0 0
143 197 388 96 0 0 0
143 197 385 93 0 -8 0
143 189 382 90 -8 -8 0
135 181 379 87 0 -8 0
135 173 376 84 -8 0 0
127 173 373 81 0 8 0
127 181 370 78 0 0 0
127 181 367 75 -8 8 0
119 189 364 72 0 0 0
119 189 361 69 0 8 0
119 197 358 66 -8 8 0
111 205 355 63 0 -8 0
111 197 352 60 -8 8 0
103 205 349 57 0 -8 0
103 197 346 54 0 -8 0
103 189 343 51 -8 8 0
95 197 340 48 0 -8 0
95 189 337 45 0 8 0
95 197 334 42 -8 0 0
87 197 331 39 0 0 0
87 197 328 36 -8 8 0
79 205 325 33 0 -8 0
79 197 322 30 0 -8 0
79 189 319 27 -8 -8 0
71 181 316 24 0 8 0
71 189 313 21 0 0 0
71 189 310 18 -8 8 0
63 197 307 15 0 0 0
63 197 304 12 -8 0 0
60 197 301 9 -8 8 0
60 205 298 12 0 8 0
60 213 295 15 0 8 0
60 221 292 18 0 0 0
60 221 289 21 0 0 0
60 221 286 24 0 8 0
60 229 283 27 0 -8 0
60 221 280 30 0 8 0
60 229 277 33 0 -8 0
60 221 274 36 0 0 0
60 221 271 39 0 8 0
60 229 268 42 0 -8 0
60 221 265 45 0 -8 0
60 213 262 48 0 -8 0
60 205 259 51 0 -8 0
60 197 256 54 0 8 0
60 205 253 57 0 -8 0
60 197 250 60 0 -8 0
60 189 247 63 0 0 0
60 189 244 66 0 0 0
60 189 241 69 0 -8 0
60 181 238 72 0 8 0
60 189 235 75 0 8 0
60 197 232 78 0 -8 0
60 189 229 81 0 -8 0
60 181 226 84 0 0 0
60 181 223 87 0 0 0
60 181 220 90 0 8 0
60 189 217 93 0 0 0
60 189 214 96 0 0 0
60 189 211 99 0 0 0
60 189 208 102 0 0 0
60 189 205 105 0 0 0
60 189 202 108 0 0 0
60 189 199 111 8 0 0
68 189 196 114 0 -8 0
68 181 193 117 0 -8 0
68 173 190 120 8 -8 0
76 165 187 123 0 -8 0
76 157 184 126 0 0 0
76 157 181 129 8 8 0
84 165 178 132 0 8 0
84 173 175 135 8 0 0
92 173 172 138 0 8 0
92 181 169 141 0 0 0
92 181 166 144 8 -8 0
100 173 163 147 0 8 0
100 181 160 150 0 0 0
100 181 157 153 8 8 0
108 189 154 156 0 -8 0
108 181 151 159 8 0 0
116 181 148 162 0 -8 0
116 173 145 165 0 -8 0
116 165 142 168 8 8 0
124 173 139 171 0 0 0
124 173 136 174 0 -8 0
124 165 133 177 8 8 0
132 173 130 180 0 -8 0
132 165 127 183 8 8 0
140 173 124 186 0 -8 0
140 165 121 189 0 8 0
140 173 118 192 8 -8 0
148 165 115 195 0 -8 0
148 157 112 198 0 -8 0
148 149 109 201 8 8 0
156 157 106 204 0 8 0
156 165 103 207 8 0 0
164 165 100 210 0 -8 0
164 157 97 213 0 8 0
164 165 94 216 8 0 0
172 165 91 219 0 8 0
172 173 88 222 0 8 0
172 181 85 225 8 8 0
180 189 82 228 0 0 0
180 189 79 231 8 0 0
188 189 76 234 0 0 0
188 189 73 237 0 -8 0
188 181 70 240 8 0 0
196 181 67 243 0 0 0
196 181 64 246 0 0 0
196 181 61 249 8 0 0
204 181 58 252 0 0 0
204 181 55 255 8 8 0
212 189 52 258 0 8 0
212 197 49 261 0 0 0
212 197 46 264 8 0 0
220 197 43 267 0 8 0
220 205 40 270 0 -8 0
220 197 37 273 8 -8 0
228 189 34 276 0 0 0
228 189 31 279 8 -8 0
236 181 28 282 0 -8 0
236 173 25 285 0 -8 0
236 165 22 288 8 -8 0
244 157 19 291 0 -8 0
244 149 22 294 0 -8 0
244 141 25 297 8 -8 0
252 133 28 300 0 8 0
252 141 31 303 8 -8 0
260 133 34 306 0 -8 0
260 125 37 309 0 8 0
260 133 40 312 8 0 0
268 133 43 315 0 -8 0
268 125 46 318 0 8 0
268 133 49 321 8 -8 0
276 125 52 324 0 0 0
276 125 55 327 8 0 0
284 125 58 330 0 -8 0
284 117 61 333 0 0 0
284 117 64 336 8 8 0
292 125 67 339 0 -8 0
292 117 70 342 0 -8 0
292 109 73 345 8 -8 0
300 101 76 348 0 8 0
300 109 79 351 8 -8 0
308 101 82 354 0 0 0
308 101 85 357 0 0 0
308 101 88 360 8 8 0
316 109 91 363 0 0 0
316 109 94 366 0 0 0
316 109 97 369 8 0 0
324 109 100 372 0 0 0
324 109 103 375 8 0 0
332 109 106 378 0 8 0
332 117 109 381 0 -8 0
332 109 112 384 8 8 0
340 117 115 387 0 -8 0
340 109 118 390 0 -8 0
340 101 121 393 8 -8 0
348 93 124 396 0 -8 0
348 85 127 399 8 -8 0
356 77 130 402 0 8 0
356 85 133 405 0 0 0
356 85 136 408 8 0 0
364 85 139 411 0 8 0
364 93 142 414 0 8 0
364 101 145 417 8 -8 0
372 93 148 420 0 8 0
372 101 151 423 8 8 0
380 109 154 426 0 -8 0
380 101 157 429 0 -8 0
380 93 160 432 8 0 0
388 93 163 435 0 0 0
388 93 166 438 0 8 0
388 101 169 441 8 0 0
396 101 172 444 0 8 0
396 109 175 447 8 -8 0
404 101 178 450 0 8 0
404 109 181 453 0 0 0
404 109 184 456 8 0 0
412 109 187 459 0 8 0
412 117 190 462 0 -8 0
412 109 193 465 8 0 0
420 109 196 468 0 0 0
420 109 199 471 8 0 0
428 109 202 474 0 -8 0
428 101 205 477 0 -8 0
428 93 208 480 8 0 0
436 93 211 483 0 0 0
436 93 214 486 0 -8 0
436 85 217 489 8 0 0
444 85 220 492 0 -8 0
444 77 223 495 8 0 0
452 77 226 498 0 -8 0
452 69 229 501 0 8 0
452 77 232 504 8 8 0
460 85 235 507 0 8 0
460 93 238 510 0 -8 0
460 85 241 513 8 8 0
468 93 244 516 0 0 0
468 93 247 519 8 0 0
476 93 250 522 0 0 0
476 93 253 525 0 -8 0
476 85 256 528 8 8 0
484 93 259 531 0 8 0
484 101 262 534 0 8 0
484 109 265 537 8 -8 0
492 101 268 540 0 -8 0
492 93 271 543 8 8 0
500 101 274 546 0 0 0
500 101 277 549 0 0 0
500 101 280 552 8 8 0
508 109 283 555 0 -8 0
508 101 286 558 0 8 0
508 109 289 561 8 -8 0
516 101 292 564 0 -8 0
516 93 295 567 8 8 0
524 101 298 570 0 -8 0
524 93 301 573 0 0 0
524 93 304 576 8 0 0
532 93 307 579 0 0 0
532 93 310 582 0 8 0
532 101 313 585 8 -8 0
540 93 316 588 0 -8 0
540 85 319 591 8 0 0
540 85 322 588 0 -8 0
540 77 325 585 0 8 0
540 85 328 582 0 -8 0
540 77 331 579 0 -8 0
540 69 334 576 0 8 0
540 77 337 573 0 0 0
540 77 340 570 0 -8 0
540 69 343 567 0 -8 0
540 61 346 564 0 -8 0
540 60 349 561 0 -8 0
540 60 352 558 0 8 0
540 68 355 555 0 0 0
540 68 358 552 0 8 0
540 76 361 549 0 -8 0
540 68 364 546 0 0 0
540 68 367 543 0 8 0
540 76 370 540 0 0 0
540 76 373 537 0 -8 0
540 68 376 534 0 -8 0
540 60 379 531 0 -8 0
540 60 382 528 0 -8 0
540 60 385 525 0 0 0
540 60 388 522 0 -8 0
540 60 391 519 0 -8 0
540 60 394 516 0 8 0
540 68 397 513 0 8 0
540 76 400 510 0 -8 0
540 68 403 507 0 0 0
540 68 406 504 0 0 0
540 68 409 501 0 8 0
540 76 412 498 0 0 0
540 76 415 495 0 8 0
540 84 418 492 0 -8 0
540 76 421 489 -8 -8 0
532 68 424 486 0 0 0
532 68 427 483 0 -8 0
532 60 430 480 -8 0 0
524 60 433 477 0 -8 0
524 60 436 474 0 8 0
524 68 439 471 -8 -8 0
516 60 442 468 0 0 0
516 60 445 465 -8 8 0
508 68 448 462 0 -8 0
508 60 451 459 0 -8 0
508 60 454 456 -8 8 0
500 68 457 453 0 -8 0
500 60 460 450 0 -8 0
500 60 463 447 -8 0 0
492 60 466 444 0 -8 0
492 60 469 441 -8 8 0
484 68 472 438 0 0 0
484 68 475 435 0 8 0
484 76 478 432 -8 0 0
476 76 481 429 0 8 0
476 84 484 426 0 -8 0
476 76 487 423 -8 -8 0
468 68 490 420 0 0 0
468 68 493 417 -8 -8 0
460 60 496 414 0 -8 0
460 60 499 411 0 8 0
460 68 502 408 -8 -8 0
452 60 505 405 0 8 0
452 68 508 402 0 0 0
452 68 511 399 -8 0 0
444 68 514 396 0 -8 0
444 60 517 393 -8 -8 0
436 60 520 390 0 -8 0
436 60 523 387 0 -8 0
436 60 526 384 -8 -8 0
428 60 529 381 0 8 0
428 68 532 378 0 8 0
428 76 535 375 -8 8 0
420 84 538 372 0 0 0
420 84 541 369 -8 0 0
412 84 544 366 0 -8 0
412 76 547 363 0 8 0
412 84 550 360 -8 8 0
404 92 553 357 0 -8 0
404 84 556 354 0 -8 0
404 76 559 351 -8 0 0
396 76 562 348 0 8 0
396 84 565 345 -8 -8 0
388 76 568 342 0 8 0
388 84 571 339 0 0 0
388 84 574 336 -8 -8 0
380 76 577 333 0 -8 0
380 68 580 330 0 -8 0
380 60 583 327 -8 -8 0
372 60 586 324 0 0 0
372 60 589 321 -8 8 0
364 68 592 318 0 8 0
364 76 595 315 0 0 0
364 76 598 312 -8 -8 0
356 68 601 309 0 8 0
356 76 604 306 0 0 0
356 76 607 303 -8 -8 0
348 68 610 300 0 -8 0
348 60 613 297 -8 -8 0
340 60 616 294 0 8 0
340 68 619 291 0 8 0
340 76 622 288 -8 8 0
332 84 625 285 0 8 0
332 92 628 282 0 8 0
332 100 631 279 -8 -8 0
324 92 634 276 0 0 0
324 92 637 273 -8 -8 0
316 84 640 270 0 8 0
316 92 643 267 0 -8 0
316 84 646 264 -8 0 0
308 84 649 261 0 8 0
308 92 652 258 0 -8 0
308 84 655 255 -8 -8 0
300 76 658 252 0 8 0
300 84 661 249 -8 -8 0
292 76 664 246 0 -8 0
292 68 667 243 0 0 0
292 68 670 240 -8 8 0
284 76 673 237 0 8 0
284 84 676 234 0 0 0
284 84 679 231 -8 0 0
276 84 682 228 0 0 0
276 84 685 225 -8 8 0
268 92 688 222 0 8 0
268 100 691 219 0 0 0
268 100 694 216 -8 8 0
260 108 697 213 0 -8 0
260 100 700 210 0 0 0
260 100 703 207 -8 0 0
252 100 706 204 0 8 0
252 108 709 201 -8 0 0
244 108 712 198 0 -8 0
244 100 715 195 0 0 0
244 100 718 192 -8 -8 0
236 92 721 189 0 8 0
236 100 724 186 0 8 0
236 108 727 183 -8 0 0
228 108 730 180 0 -8 0
228 100 733 177 -8 0 0
220 100 736 174 0 8 0
220 108 739 171 0 -8 0
220 100 742 168 -8 -8 0
212 92 745 165 0 8 0
212 100 748 162 0 0 0
212 100 751 159 -8 -8 0
204 92 754 156 0 8 0
204 100 757 153 -8 -8 0
196 92 760 150 0 8 0
196 100 763 147 0 8 0
196 108 766 144 -8 -8 0
188 100 769 141 0 0 0
188 100 772 138 0 0 0
188 100 775 135 -8 0 0
180 100 778 132 0 0 0
180 100 781 129 -8 0 0
172 100 778 126 0 8 0
172 108 775 123 0 0 0
172 108 772 120 -8 8 0
164 116 769 117 0 8 0
164 124 766 114 0 8 0
164 132 763 111 -8 0 0
156 132 760 108 0 0 0
156 132 757 105 -8 -8 0
148 124 754 102 0 -8 0
148 116 751 99 0 8 0
148 124 748 96 -8 -8 0
140 116 745 93 0 8 0
140 124 742 90 0 -8 0
140 116 739 87 -8 0 0
132 116 736 84 0 -8 0
132 108 733 81 -8 -8 0
124 100 730 78 0 -8 0
124 92 727 75 0 0 0
124 92 724 72 -8 0 0
116 92 721 69 0 8 0
116 100 718 66 0 0 0
116 100 715 63 -8 -8 0
108 92 712 60 0 -8 0
108 84 709 57 -8 8 0
100 92 706 54 0 -8 0
100 84 703 51 0 8 0
100 92 700 48 -8 -8 0
92 84 697 45 0 -8 0
92 76 694 42 0 8 0
92 84 691 39 -8 0 0
84 84 688 36 0 8 0
84 92 685 33 -8 8 0
76 100 682 30 0 0 0
76 100 679 27 0 0 0
76 100 676 24 -8 -8 0
68 92 673 21 0 0 0
68 92 670 18 0 -8 0
68 84 667 15 -8 0 0
60 84 664 12 0 -8 0
60 76 661 9 -8 8 0
60 84 658 12 0 0 0
60 84 655 15 0 0 0
60 84 652 18 0 0 0
60 84 649 21 0 -8 0
60 76 646 24 0 8 0
60 84 643 27 0 -8 0
60 76 640 30 0 -8 0
60 68 637 33 0 -8 0
60 60 634 36 0 8 0
60 68 631 39 0 8 0
60 76 628 42 0 -8 0
60 68 625 45 0 -8 0
60 60 622 48 0 8 0
60 68 619 51 0 8 0
60 76 616 54 0 8 0
60 84 613 57 0 -8 0
60 76 610 60 0 0 0
60 76 607 63 0 8 0
60 84 604 66 0 8 0
60 92 601 69 0 -8 0
60 84 598 72 0 0 0
60 84 595 75 0 8 0
60 92 592 78 0 -8 0
60 84 589 81 0 8 0
60 92 586 84 0 -8 0
60 84 583 87 0 8 0
60 92 580 90 0 -8 0
60 84 577 93 0 0 0
60 84 574 96 0 0 0
60 84 571 99 0 -8 0
60 76 568 102 0 0 0
60 76 565 105 0 0 0
60 76 562 108 0 8 0
60 84 559 111 8 8 0
68 92 556 114 0 0 0
68 92 553 117 0 -8 0
68 84 550 120 8 0 0
76 84 547 123 0 8 0
76 92 544 126 0 8 0
76 100 541 129 8 0 0
84 100 538 132 0 -8 0
84 92 535 135 8 0 0
92 92 532 138 0 0 0
92 92 529 141 0 8 0
92 100 526 144 8 -8 0
100 92 523 147 0 0 0
100 92 520 150 0 0 0
100 92 517 153 8 8 0
108 100 514 156 0 0 0
108 100 511 159 8 0 0
116 100 508 162 0 0 0
116 100 505 165 0 -8 0
116 92 502 168 8 0 0
124 92 499 171 0 -8 0
124 84 496 174 0 0 0
124 84 493 177 8 8 0
132 92 490 180 0 8 0
132 100 487 183 8 8 0
140 108 484 186 0 0 0
140 108 481 189 0 8 0
140 116 478 192 8 0 0
148 116 475 195 0 -8 0
148 108 472 198 0 -8 0
148 100 469 201 8 0 0
156 100 466 204 0 -8 0
156 92 463 207 8 -8 0
164 84 460 210 0 8 0
164 92 457 213 0 -8 0
164 84 454 216 8 8 0
172 92 451 219 0 8 0
172 100 448 222 0 0 0
172 100 445 225 8 0 0
180 100 442 228 0 0 0
180 100 439 231 8 -8 0
188 92 436 234 0 -8 0
188 84 433 237 0 8 0
188 92 430 240 8 0 0
196 92 427 243 0 0 0
196 92 424 246 0 8 0
196 100 421 249 8 -8 0
204 92 418 252 0 0 0
204 92 415 255 8 8 0
212 100 412 258 0 0 0
212 100 409 261 0 -8 0
212 92 406 264 8 0 0
220 92 403 267 0 0 0
220 92 400 270 0 0 0
220 92 397 273 8 8 0
228 100 394 276 0 8 0
228 108 391 279 8 -8 0
236 100 388 282 0 8 0
236 108 385 285 0 -8 0
236 100 382 288 8 -8 0
244 92 379 291 0 -8 0
244 84 376 294 0 -8 0
244 76 373 297 8 8 0
252 84 370 300 0 -8 0
252 76 367 303 8 0 0
260 76 364 306 0 8 0
260 84 361 309 0 0 0
260 84 358 312 8 -8 0
268 76 355 315 0 0 0
268 76 352 318 0 8 0
268 84 349 321 8 8 0
276 92 346 324 0 -8 0
276 84 343 327 8 8 0
284 92 340 330 0 0 0
284 92 337 333 0 -8 0
284 84 334 336 8 8 0
292 92 331 339 0 8 0
292 100 328 342 0 8 0
292 108 325 345 8 -8 0
300 100 322 348 0 0 0
300 100 319 351 8 8 0
308 108 316 354 0 0 0
308 108 313 357 0 -8 0
308 100 310 360 8 0 0
316 100 307 363 0 -8 0
316 92 304 366 0 8 0
316 100 301 369 8 0 0
324 100 298 372 0 8 0
324 108 295 375 8 8 0
332 116 292 378 0 -8 0
332 108 289 381 0 8 0
332 116 286 384 8 8 0
340 124 283 387 0 8 0
340 132 280 390 0 -8 0
340 124 277 393 8 -8 0
348 116 274 396 0 0 0
348 116 271 399 8 -8 0
356 108 268 402 0 8 0
356 116 265 405 0 0 0
356 116 262 408 8 0 0
364 116 259 411 0 0 0
364 116 256 414 0 -8 0
364 108 253 417 8 0 0
372 108 250 420 0 -8 0
372 100 247 423 8 8 0
380 108 244 426 0 8 0
380 116 241 429 0 -8 0
380 108 238 432 8 -8 0
388 100 235 435 0 0 0
388 100 232 438 0 8 0
388 108 229 441 8 -8 0
396 100 226 444 0 8 0
396 108 223 447 8 8 0
404 116 220 450 0 -8 0
404 108 217 453 0 -8 0
404 100 214 456 8 8 0
412 108 211 459 0 -8 0
412 100 208 462 0 -8 0
412 92 205 465 8 8 0
420 100 202 468 0 8 0
420 108 199 471 8 0 0
428 108 196 474 0 8 0
428 116 193 477 0 -8 0
428 108 190 480 8 -8 0
436 100 187 483 0 -8 0
436 92 184 486 0 0 0
436 92 181 489 8 8 0
444 100 178 492 0 0 0
444 100 175 495 8 -8 0
452 92 172 498 0 8 0
452 100 169 501 0 8 0
452 108 166 504 8 -8 0
460 100 163 507 0 8 0
460 108 160 510 0 0 0
460 108 157 513 8 -8 0
468 100 154 516 0 8 0
468 108 151 519 8 0 0
476 108 148 522 0 0 0
476 108 145 525 0 0 0
476 108 142 528 8 8 0
484 116 139 531 0 -8 0
484 108 136 534 0 -8 0
484 100 133 537 8 8 0
492 108 130 540 0 -8 0
492 100 127 543 8 -8 0
500 92 124 546 0 8 0
500 100 121 549 0 -8 0
500 92 118 552 8 0 0
508 92 115 555 0 -8 0
508 84 112 558 0 -8 0
508 76 109 561 8 -8 0
516 68 106 564 0 0 0
516 68 103 567 8 -8 0
524 60 100 570 0 8 0
524 68 97 573 0 -8 0
524 60 94 576 8 0 0
532 60 91 579 0 -8 0
532 60 88 582 0 0 0
532 60 85 585 8 0 0
540 60 82 588 0 0 0
540 60 79 591 8 -8 0
540 60 76 588 0 8 0
540 68 73 585 0 -8 0
540 60 70 582 0 8 0
540 68 67 579 0 -8 0
540 60 64 576 0 0 0
540 60 61 573 0 -8 0
540 60 58 570 0 -8 0
540 60 55 567 0 8 0
540 68 52 564 0 0 0
540 68 49 561 0 -8 0
540 60 46 558 0 -8 0
540 60 43 555 0 8 0
540 68 40 552 0 0 0
540 68 37 549 0 8 0
540 76 34 546 0 0 0
540 76 31 543 0 8 0
540 84 28 540 0 0 0
540 84 25 537 0 0 0
540 84 22 534 0 0 0
540 84 19 531 0 8 0
540 92 22 528 0 -8 0
540 84 25 525 0 -8 0
540 76 28 522 0 8 0
540 84 31 519 0 8 0
540 92 34 516 0 -8 0
540 84 37 513 0 8 0
540 92 40 510 0 8 0
540 100 43 507 0 8 0
540 108 46 504 0 -8 0
540 100 49 501 0 8 0
540 108 52 498 0 8 0
540 116 55 495 0 0 0
540 116 58 492 0 -8 0
540 108 61 489 -8 8 0
532 116 64 486 0 8 0
532 124 67 483 0 8 0
532 132 70 480 -8 8 0
524 140 73 477 0 0 0
524 140 76 474 0 0 0
524 140 79 471 -8 -8 0
516 132 82 468 0 -8 0
516 124 85 465 -8 8 0
508 132 88 462 0 8 0
508 140 91 459 0 8 0
508 148 94 456 -8 -8 0
500 140 97 453 0 8 0
500 148 100 450 0 8 0
500 156 103 447 -8 -8 0
492 148 106 444 0 0 0
492 148 109 441 -8 8 0
484 156 112 438 0 8 0
484 164 115 435 0 8 0
484 172 118 432 -8 0 0
476 172 121 429 0 0 0
476 172 124 426 0 8 0
476 180 127 423 -8 8 0
468 188 130 420 0 8 0
468 196 133 417 -8 0 0
460 196 136 414 0 -8 0
460 188 139 411 0 -8 0
460 180 142 408 -8 8 0
452 188 145 405 0 -8 0
452 180 148 402 0 0 0
452 180 151 399 -8 -8 0
444 172 154 396 0 0 0
444 172 157 393 -8 8 0
436 180 160 390 0 0 0
436 180 163 387 0 -8 0
436 172 166 384 -8 -8 0
428 164 169 381 0 0 0
428 164 172 378 0 8 0
428 172 175 375 -8 8 0
420 180 178 372 0 -8 0
420 172 181 369 -8 8 0
412 180 184 366 0 0 0
412 180 187 363 0 -8 0
412 172 190 360 -8 -8 0
404 164 193 357 0 0 0
404 164 196 354 0 8 0
404 172 199 351 -8 -8 0
396 164 202 348 0 -8 0
396 156 205 345 -8 0 0
388 156 208 342 0 0 0
388 156 211 339 0 8 0
388 164 214 336 -8 -8 0
380 156 217 333 0 0 0
380 156 220 330 0 0 0
380 156 223 327 -8 -8 0
372 148 226 324 0 8 0
372 156 229 321 -8 0 0
364 156 232 318 0 -8 0
364 148 235 315 0 -8 0
364 140 238 312 -8 8 0
356 148 241 309 0 8 0
356 156 244 306 0 -8 0
356 148 247 303 -8 -8 0
348 140 250 300 0 0 0
348 140 253 297 -8 -8 0
340 132 256 294 0 0 0
340 132 259 291 0 0 0
340 132 262 288 -8 -8 0
332 124 265 285 0 -8 0
332 116 268 282 0 8 0
332 124 271 279 -8 0 0
324 124 274 276 0 0 0
324 124 277 273 -8 -8 0
316 116 280 270 0 -8 0
316 108 283 267 0 0 0
316 108 286 264 -8 0 0
308 108 289 261 0 -8 0
308 100 292 258 0 8 0
308 108 295 255 -8 -8 0
300 100 298 252 0 -8 0
300 92 301 249 -8 -8 0
292 84 304 246 0 -8 0
292 76 307 243 0 8 0
292 84 310 240 -8 -8 0
284 76 313 237 0 8 0
284 84 316 234 0 8 0
284 92 319 231 -8 8 0
276 100 322 228 0 -8 0
276 92 325 225 -8 0 0
268 92 328 222 0 8 0
268 100 331 219 0 -8 0
268 92 334 216 -8 -8 0
260 84 337 213 0 0 0
260 84 340 210 0 -8 0
260 76 343 207 -8 -8 0
252 68 346 204 0 0 0
252 68 349 201 -8 -8 0
244 60 352 198 0 8 0
244 68 355 195 0 -8 0
244 60 358 192 -8 0 0
236 60 361 189 0 0 0
236 60 364 186 0 0 0
236 60 367 183 -8 -8 0
228 60 370 180 0 -8 0
228 60 373 177 -8 0 0
220 60 376 174 0 0 0
220 60 379 171 0 -8 0
220 60 382 168 -8 -8 0
212 60 385 165 0 -8 0
212 60 388 162 0 -8 0
212 60 391 159 -8 8 0
204 68 394 156 0 8 0
204 76 397 153 -8 -8 0
196 68 400 150 0 0 0
196 68 403 147 0 -8 0
196 60 406 144 -8 8 0
188 68 409 141 0 -8 0
188 60 412 138 0 -8 0
188 60 415 135 -8 8 0
180 68 418 132 0 -8 0
180 60 421 129 -8 0 0
172 60 424 126 0 8 0
172 68 427 123 0 0 0
172 68 430 120 -8 0 0
164 68 433 117 0 -8 0
164 60 436 114 0 0 0
164 60 439 111 -8 0 0
156 60 442 108 0 0 0
156 60 445 105 -8 0 0
148 60 448 102 0 8 0
148 68 451 99 0 -8 0
148 60 454 96 -8 0 0
140 60 457 93 0 -8 0
140 60 460 90 0 8 0
140 68 463 87 -8 -8 0
132 60 466 84 0 0 0
132 60 469 81 -8 -8 0
124 60 472 78 0 -8 0
124 60 475 75 0 0 0
124 60 478 72 -8 0 0
116 60 481 69 0 8 0
116 68 484 66 0 8 0
116 76 487 63 -8 8 0
108 84 490 60 0 -8 0
108 76 493 57 -8 8 0
100 84 496 54 0 -8 0
100 76 499 51 0 8 0
100 84 502 48 -8 -8 0
92 76 505 45 0 0 0
92 76 508 42 0 -8 0
92 68 511 39 -8 -8 0
84 60 514 36 0 8 0
84 68 517 33 -8 0 0
76 68 520 30 0 8 0
76 76 523 27 0 -8 0
76 68 526 24 -8 -8 0
68 60 529 21 0 0 0
68 60 532 18 0 8 0
68 68 535 15 -8 8 0
60 76 538 12 0 8 0
60 84 541 9 -8 -8 0
60 76 544 12 0 8 0
60 84 547 15 0 -8 0
60 76 550 18 0 8 0
60 84 553 21 0 -8 0
60 76 556 24 0 -8 0
60 68 559 27 0 -8 0
60 60 562 30 0 8 0
60 68 565 33 0 -8 0
60 60 568 36 0 8 0
60 68 571 39 0 -8 0
60 60 574 42 0 0 0
60 60 577 45 0 0 0
60 60 580 48 0 0 0
60 60 583 51 0 0 0
60 60 586 54 0 8 0
60 68 589 57 0 8 0
60 76 592 60 0 8 0
60 84 595 63 0 -8 0
60 76 598 66 0 -8 0
60 68 601 69 0 8 0
60 76 604 72 0 0 0
60 76 607 75 0 0 0
60 76 610 78 0 8 0
60 84 613 81 0 0 0
60 84 616 84 0 0 0
60 84 619 87 0 -8 0
60 76 622 90 0 -8 0
60 68 625 93 0 8 0
60 76 628 96 0 0 0
60 76 631 99 0 8 0
60 84 634 102 0 8 0
60 92 637 105 0 8 0
60 100 640 108 0 8 0
60 108 643 111 8 -8 0
68 100 646 114 0 0 0
68 100 649 117 0 8 0
68 108 652 120 8 -8 0
76 100 655 123 0 0 0
76 100 658 126 0 -8 0
76 92 661 129 8 8 0
84 100 664 132 0 -8 0
84 92 667 135 8 -8 0
92 84 670 138 0 8 0
92 92 673 141 0 -8 0
92 84 676 144 8 0 0
100 84 679 147 0 0 0
100 84 682 150 0 0 0
100 84 685 153 8 8 0
108 92 688 156 0 8 0
108 100 691 159 8 8 0
116 108 694 162 0 -8 0
116 100 697 165 0 8 0
116 108 700 168 8 -8 0
124 100 703 171 0 8 0
124 108 706 174 0 -8 0
124 100 709 177 8 8 0
132 108 712 180 0 0 0
132 108 715 183 8 8 0
140 116 718 186 0 -8 0
140 108 721 189 0 0 0
140 108 724 192 8 -8 0
148 100 727 195 0 -8 0
148 92 730 198 0 -8 0
148 84 733 201 8 -8 0
156 76 736 204 0 0 0
156 76 739 207 8 -8 0
164 68 742 210 0 -8 0
164 60 745 213 0 0 0
164 60 748 216 8 0 0
172 60 751 219 0 -8 0
172 60 754 222 0 -8 0
172 60 757 225 8 8 0
180 68 760 228 0 8 0
180 76 763 231 8 -8 0
188 68 766 234 0 -8 0
188 60 769 237 0 8 0
188 68 772 240 8 -8 0
196 60 775 243 0 0 0
196 60 778 246 0 8 0
196 68 781 249 0 0 1
196 68 781 249 0 0 1
196 68 781 249 0 0 1
196 68 781 249 0 0 1
196 68 781 249 0 0 1
