435 154 184 381 0 0 0
435 154 187 378 -8 -8 0
427 146 190 375 -8 8 0
419 154 193 372 0 0 0
419 154 196 369 0 8 0
419 162 199 366 -8 0 0
411 162 202 363 0 -8 0
411 154 205 360 -8 8 0
403 162 208 357 0 -8 0
403 154 211 354 0 -8 0
403 146 214 351 -8 -8 0
395 138 217 348 0 8 0
395 146 220 345 0 0 0
395 146 223 342 -8 8 0
387 154 226 339 0 0 0
387 154 229 336 -8 8 0
379 162 232 333 0 0 0
379 162 235 330 0 -8 0
379 154 238 327 -8 8 0
371 162 241 324 0 0 0
371 162 244 321 0 0 0
371 162 247 318 -8 8 0
363 170 250 315 0 -8 0
363 162 253 312 -8 8 0
355 170 256 309 0 8 0
355 178 259 306 0 0 0
355 178 262 303 -8 0 0
347 178 265 300 0 8 0
347 186 268 297 0 8 0
347 194 271 294 -8 0 0
339 194 274 291 0 8 0
339 202 277 288 -8 0 0
331 202 280 285 0 8 0
331 210 283 282 0 -8 0
331 202 286 279 -8 8 0
323 210 289 276 0 0 0
323 210 292 273 0 8 0
323 218 295 270 -8 -8 0
315 210 298 267 0 -8 0
315 202 301 264 -8 0 0
307 202 304 261 0 -8 0
307 194 307 258 0 -8 0
307 186 310 255 -8 -8 0
299 178 313 252 0 0 0
299 178 316 249 0 8 0
299 186 319 246 -8 0 0
291 186 322 243 0 8 0
291 194 325 240 -8 8 0
283 202 328 237 0 8 0
283 210 331 234 0 0 0
283 210 334 231 -8 0 0
275 210 337 228 0 0 0
275 210 340 225 0 -8 0
275 202 343 222 -8 8 0
267 210 346 219 0 8 0
267 218 349 216 -8 8 0
259 226 352 213 0 0 0
259 226 355 210 0 8 0
259 234 358 207 -8 8 0
251 242 361 204 0 -8 0
251 234 364 201 0 -8 0
251 226 367 198 -8 -8 0
243 218 370 195 0 0 0
243 218 373 192 -8 8 0
235 226 376 189 0 0 0
235 226 379 186 0 0 0
235 226 382 183 -8 0 0
227 226 385 180 0 0 0
227 226 388 177 0 0 0
227 226 391 174 -8 8 0
219 234 394 171 0 8 0
219 242 397 168 -8 -8 0
211 234 400 165 0 -8 0
211 226 403 162 0 -8 0
211 218 406 159 -8 0 0
203 218 409 156 0 8 0
203 226 412 153 0 -8 0
203 218 415 150 -8 0 0
195 218 418 147 0 0 0
195 218 421 144 -8 0 0
187 218 424 141 0 0 0
187 218 427 138 0 8 0
187 226 430 135 -8 8 0
179 234 433 132 0 0 0
179 234 436 129 0 8 0
179 242 439 126 -8 8 0
171 250 442 123 0 0 0
171 250 445 120 -8 -8 0
163 242 448 117 0 8 0
163 250 451 114 0 -8 0
163 242 454 111 -8 -8 0
155 234 457 108 0 8 0
155 242 460 105 0 8 0
155 250 463 102 -8 8 0
147 258 466 99 0 0 0
147 258 469 96 -8 8 0
139 266 472 93 0 -8 0
139 258 475 90 0 0 0
139 258 478 87 -8 8 0
131 266 481 84 0 0 0
131 266 484 81 0 -8 0
131 258 487 78 -8 -8 0
123 250 490 75 0 0 0
123 250 493 72 -8 0 0
115 250 496 69 0 -8 0
115 242 499 66 0 -8 0
115 234 502 63 -8 8 0
107 242 505 60 0 -8 0
107 234 508 57 0 8 0
107 242 511 54 -8 0 0
99 242 514 51 0 8 0
99 250 517 48 -8 8 0
91 258 520 45 0 0 0
91 258 523 42 0 -8 0
91 250 526 39 -8 0 0
83 250 529 36 0 8 0
83 258 532 33 0 -8 0
83 250 535 30 -8 -8 0
75 242 538 27 0 8 0
75 250 541 24 -8 8 0
67 258 544 21 0 0 0
67 258 547 18 0 0 0
67 258 550 15 -8 8 0
60 266 553 12 0 8 0
60 274 556 9 -8 0 0
60 274 559 12 0 8 0
60 282 562 15 0 -8 0
60 274 565 18 0 0 0
60 274 568 21 0 0 0
60 274 571 24 0 0 0
60 274 574 27 0 0 0
60 274 577 30 0 0 0
60 274 580 33 0 8 0
60 282 583 36 0 8 0
60 290 586 39 0 8 0
60 298 589 42 0 8 0
60 306 592 45 0 0 0
60 306 595 48 0 0 0
60 306 598 51 0 8 0
60 314 601 54 0 8 0
60 322 604 57 0 0 0
60 322 607 60 0 0 0
60 322 610 63 0 8 0
60 330 613 66 0 0 0
60 330 616 69 0 0 0
60 330 619 72 0 -8 0
60 322 622 75 0 -8 0
60 314 625 78 0 -8 0
60 306 628 81 0 0 0
60 306 631 84 0 0 0
60 306 634 87 0 -8 0
60 298 637 90 0 -8 0
60 290 640 93 0 0 0
60 290 643 96 0 0 0
60 290 646 99 0 8 0
60 298 649 102 0 8 0
60 306 652 105 0 -8 0
60 298 655 108 0 8 0
60 306 658 111 8 0 0
68 306 661 114 0 -8 0
68 298 664 117 0 -8 0
68 290 667 120 8 -8 0
76 282 670 123 0 0 0
76 282 673 126 0 -8 0
76 274 676 129 8 -8 0
84 266 679 132 0 0 0
84 266 682 135 8 0 0
92 266 685 138 0 0 0
92 266 688 141 0 0 0
92 266 691 144 8 0 0
100 266 694 147 0 8 0
100 274 697 150 0 0 0
100 274 700 153 8 0 0
108 274 703 156 0 -8 0
108 266 706 159 8 8 0
116 274 709 162 0 0 0
116 274 712 165 0 8 0
116 282 715 168 8 0 0
124 282 718 171 0 8 0
124 290 721 174 0 0 0
124 290 724 177 8 -8 0
132 282 727 180 0 8 0
132 290 730 183 8 -8 0
140 282 733 186 0 -8 0
140 274 736 189 0 8 0
140 282 739 192 8 -8 0
148 274 742 195 0 -8 0
148 266 745 198 0 0 0
148 266 748 201 8 -8 0
156 258 751 204 0 0 0
156 258 754 207 8 8 0
164 266 757 210 0 8 0
164 274 760 213 0 -8 0
164 266 763 216 8 0 0
172 266 766 219 0 -8 0
172 258 769 222 0 -8 0
172 250 772 225 8 0 0
180 250 775 228 0 0 0
180 250 778 231 8 0 0
188 250 781 234 0 8 0
188 258 778 237 0 8 0
188 266 775 240 8 -8 0
196 258 772 243 0 0 0
196 258 769 246 0 0 0
196 258 766 249 8 8 0
204 266 763 252 0 0 0
204 266 760 255 8 0 0
212 266 757 258 0 -8 0
212 258 754 261 0 8 0
212 266 751 264 8 0 0
220 266 748 267 0 8 0
220 274 745 270 0 0 0
220 274 742 273 8 8 0
228 282 739 276 0 0 0
228 282 736 279 8 8 0
236 290 733 282 0 -8 0
236 282 730 285 0 8 0
236 290 727 288 8 8 0
244 298 724 291 0 0 0
244 298 721 294 0 -8 0
244 290 718 297 8 0 0
252 290 715 300 0 0 0
252 290 712 303 8 8 0
260 298 709 306 0 8 0
260 306 706 309 0 -8 0
260 298 703 312 8 0 0
268 298 700 315 0 8 0
268 306 697 318 0 -8 0
268 298 694 321 8 0 0
276 298 691 324 0 -8 0
276 290 688 327 8 0 0
284 290 685 330 0 -8 0
284 282 682 333 0 -8 0
284 274 679 336 8 8 0
292 282 676 339 0 -8 0
292 274 673 342 0 -8 0
292 266 670 345 8 -8 0
300 258 667 348 0 -8 0
300 250 664 351 8 8 0
308 258 661 354 0 0 0
308 258 658 357 0 0 0
308 258 655 360 8 -8 0
316 250 652 363 0 -8 0
316 242 649 366 0 -8 0
316 234 646 369 8 8 0
324 242 643 372 0 0 0
324 242 640 375 8 8 0
332 250 637 378 0 -8 0
332 242 634 381 0 -8 0
332 234 631 384 8 0 0
340 234 628 387 0 -8 0
340 226 625 390 0 -8 0
340 218 622 393 8 8 0
348 226 619 396 0 0 0
348 226 616 399 8 0 0
356 226 613 402 0 0 0
356 226 610 405 0 -8 0
356 218 607 408 8 8 0
364 226 604 411 0 -8 0
364 218 601 414 0 0 0
364 218 598 417 8 0 0
372 218 595 420 0 8 0
372 226 592 423 8 0 0
380 226 589 426 0 8 0
380 234 586 429 0 0 0
380 234 583 432 8 -8 0
388 226 580 435 0 8 0
388 234 577 438 0 0 0
388 234 574 441 8 8 0
396 242 571 444 0 -8 0
396 234 568 447 8 8 0
404 242 565 450 0 -8 0
404 234 562 453 0 8 0
404 242 559 456 8 -8 0
412 234 556 459 0 8 0
412 242 553 462 0 0 0
412 242 550 465 8 8 0
420 250 547 468 0 -8 0
420 242 544 471 8 -8 0
428 234 541 474 0 0 0
428 234 538 477 0 0 0
428 234 535 480 8 0 0
436 234 532 483 0 8 0
436 242 529 486 0 8 0
436 250 526 489 8 -8 0
444 242 523 492 0 -8 0
444 234 520 495 8 0 0
452 234 517 498 0 0 0
452 234 514 501 0 -8 0
452 226 511 504 8 8 0
460 234 508 507 0 8 0
460 242 505 510 0 0 0
460 242 502 513 8 0 0
468 242 499 516 0 -8 0
468 234 496 519 8 -8 0
476 226 493 522 0 0 0
476 226 490 525 0 0 0
476 226 487 528 8 8 0
484 234 484 531 0 -8 0
484 226 481 534 0 8 0
484 234 478 537 8 8 0
492 242 475 540 0 8 0
492 250 472 543 8 -8 0
500 242 469 546 0 0 0
500 242 466 549 0 8 0
500 250 463 552 8 0 0
508 250 460 555 0 8 0
508 258 457 558 0 0 0
508 258 454 561 8 8 0
516 266 451 564 0 -8 0
516 258 448 567 8 8 0
524 266 445 570 0 -8 0
524 258 442 573 0 8 0
524 266 439 576 8 -8 0
532 258 436 579 0 0 0
532 258 433 582 0 0 0
532 258 430 585 8 -8 0
540 250 427 588 0 8 0
540 258 424 591 8 0 0
540 258 421 588 0 8 0
540 266 418 585 0 -8 0
540 258 415 582 0 8 0
540 266 412 579 0 -8 0
540 258 409 576 0 8 0
540 266 406 573 0 0 0
540 266 403 570 0 0 0
540 266 400 567 0 8 0
540 274 397 564 0 8 0
540 282 394 561 0 8 0
540 290 391 558 0 -8 0
540 282 388 555 0 8 0
540 290 385 552 0 8 0
540 298 382 549 0 0 0
540 298 379 546 0 8 0
540 306 376 543 0 8 0
540 314 373 540 0 8 0
540 322 370 537 0 -8 0
540 314 367 534 0 8 0
540 322 364 531 0 -8 0
540 314 361 528 0 -8 0
540 306 358 525 0 8 0
540 314 355 522 0 0 0
540 314 352 519 0 -8 0
540 306 349 516 0 -8 0
540 298 346 513 0 -8 0
540 290 343 510 0 8 0
540 298 340 507 0 -8 0
540 290 337 504 0 0 0
540 290 334 501 0 8 0
540 298 331 498 0 -8 0
540 290 328 495 0 -8 0
540 282 325 492 0 8 0
540 290 322 489 -8 8 0
532 298 319 486 0 8 0
532 306 316 483 0 8 0
532 314 313 480 -8 -8 0
524 306 310 477 0 -8 0
524 298 307 474 0 0 0
524 298 304 471 -8 8 0
516 306 301 468 0 -8 0
516 298 298 465 -8 -8 0
508 290 295 462 0 -8 0
508 282 292 459 0 8 0
508 290 289 456 -8 0 0
500 290 286 453 0 8 0
500 298 283 450 0 0 0
500 298 280 447 -8 -8 0
492 290 277 444 0 0 0
492 290 274 441 -8 -8 0
484 282 271 438 0 -8 0
484 274 268 435 0 -8 0
484 266 265 432 -8 8 0
476 274 262 429 0 -8 0
476 266 259 426 0 -8 0
476 258 256 423 -8 -8 0
468 250 253 420 0 0 0
468 250 250 417 -8 8 0
460 258 247 414 0 0 0
460 258 244 411 0 -8 0
460 250 241 408 -8 0 0
452 250 238 405 0 8 0
452 258 235 402 0 8 0
452 266 232 399 -8 -8 0
444 258 229 396 0 -8 0
444 250 226 393 -8 -8 0
436 242 223 390 0 -8 0
436 234 220 387 0 0 0
436 234 217 384 -8 0 0
428 234 214 381 0 -8 0
428 226 211 378 0 0 0
428 226 208 375 -8 -8 0
420 218 205 372 0 -8 0
420 210 202 369 -8 0 0
412 210 199 366 0 0 0
412 210 196 363 0 8 0
412 218 193 360 -8 0 0
404 218 190 357 0 8 0
404 226 187 354 0 -8 0
404 218 184 351 -8 -8 0
396 210 181 348 0 8 0
396 218 178 345 -8 8 0
388 226 175 342 0 0 0
388 226 172 339 0 8 0
388 234 169 336 -8 0 0
380 234 166 333 0 8 0
380 242 163 330 0 -8 0
380 234 160 327 -8 -8 0
372 226 157 324 0 -8 0
372 218 154 321 -8 -8 0
364 210 151 318 0 -8 0
364 202 148 315 0 0 0
364 202 145 312 -8 8 0
356 210 142 309 0 -8 0
356 202 139 306 0 -8 0
356 194 136 303 -8 8 0
348 202 133 300 0 -8 0
348 194 130 297 -8 8 0
340 202 127 294 0 -8 0
340 194 124 291 0 0 0
340 194 121 288 -8 0 0
332 194 118 285 0 -8 0
332 186 115 282 0 -8 0
332 178 112 279 -8 -8 0
324 170 109 276 0 0 0
324 170 106 273 -8 -8 0
316 162 103 270 0 -8 0
316 154 100 267 0 -8 0
316 146 97 264 -8 8 0
308 154 94 261 0 0 0
308 154 91 258 0 8 0
308 162 88 255 -8 8 0
300 170 85 252 0 8 0
300 178 82 249 -8 -8 0
292 170 79 246 0 8 0
292 178 76 243 0 -8 0
292 170 73 240 -8 -8 0
284 162 70 237 0 -8 0
284 154 67 234 0 0 0
284 154 64 231 -8 -8 0
276 146 61 228 0 -8 0
276 138 58 225 -8 8 0
268 146 55 222 0 -8 0
268 138 52 219 0 8 0
268 146 49 216 -8 0 0
260 146 46 213 0 -8 0
260 138 43 210 0 0 0
260 138 40 207 -8 -8 0
252 130 37 204 0 8 0
252 138 34 201 -8 0 0
244 138 31 198 0 8 0
244 146 28 195 0 0 0
244 146 25 192 -8 -8 0
236 138 22 189 0 -8 0
236 130 19 186 0 -8 0
236 122 22 183 -8 -8 0
228 114 25 180 0 0 0
228 114 28 177 -8 8 0
220 122 31 174 0 8 0
220 130 34 171 0 -8 0
220 122 37 168 -8 8 0
212 130 40 165 0 -8 0
212 122 43 162 0 8 0
212 130 46 159 -8 0 0
204 130 49 156 0 0 0
204 130 52 153 -8 0 0
196 130 55 150 0 8 0
196 138 58 147 0 8 0
196 146 61 144 -8 -8 0
188 138 64 141 0 -8 0
188 130 67 138 0 8 0
188 138 70 135 -8 0 0
180 138 73 132 0 -8 0
180 130 76 129 -8 -8 0
172 122 79 126 0 8 0
172 130 82 123 0 -8 0
172 122 85 120 -8 8 0
164 130 88 117 0 0 0
164 130 91 114 0 8 0
164 138 94 111 -8 0 0
156 138 97 108 0 -8 0
156 130 100 105 -8 0 0
148 130 103 102 0 8 0
148 138 106 99 0 -8 0
148 130 109 96 -8 0 0
140 130 112 93 0 0 0
140 130 115 90 0 -8 0
140 122 118 87 -8 -8 0
132 114 121 84 0 8 0
132 122 124 81 -8 -8 0
124 114 127 78 0 8 0
124 122 130 75 0 8 0
124 130 133 72 -8 8 0
116 138 136 69 0 -8 0
116 130 139 66 0 -8 0
116 122 142 63 -8 8 0
108 130 145 60 0 8 0
108 138 148 57 -8 -8 0
100 130 151 54 0 0 0
100 130 154 51 0 -8 0
100 122 157 48 -8 8 0
92 130 160 45 0 0 0
92 130 163 42 0 -8 0
92 122 166 39 -8 -8 0
84 114 169 36 0 8 0
84 122 172 33 -8 -8 0
76 114 175 30 0 0 0
76 114 178 27 0 -8 0
76 106 181 24 -8 0 0
68 106 184 21 0 -8 0
68 98 187 18 0 0 0
68 98 190 15 -8 -8 0
60 90 193 12 0 -8 0
60 82 196 9 -8 0 0
60 82 199 12 0 0 0
60 82 202 15 0 8 0
60 90 205 18 0 0 0
60 90 208 21 0 8 0
60 98 211 24 0 -8 0
60 90 214 27 0 8 0
60 98 217 30 0 8 0
60 106 220 33 0 -8 0
60 98 223 36 0 0 0
60 98 226 39 0 8 0
60 106 229 42 0 -8 0
60 98 232 45 0 -8 0
60 90 235 48 0 0 0
60 90 238 51 0 8 0
60 98 241 54 0 0 0
60 98 244 57 0 8 0
60 106 247 60 0 0 0
60 106 250 63 0 0 0
60 106 253 66 0 -8 0
60 98 256 69 0 8 0
60 106 259 72 0 -8 0
60 98 262 75 0 0 0
60 98 265 78 0 0 0
60 98 268 81 0 8 0
60 106 271 84 0 0 0
60 106 274 87 0 -8 0
60 98 277 90 0 8 0
60 106 280 93 0 8 0
60 114 283 96 0 8 0
60 122 286 99 0 -8 0
60 114 289 102 0 8 0
60 122 292 105 0 -8 0
60 114 295 108 0 8 0
60 122 298 111 8 0 0
68 122 301 114 0 8 0
68 130 304 117 0 -8 0
68 122 307 120 8 8 0
76 130 310 123 0 0 0
76 130 313 126 0 8 0
76 138 316 129 8 8 0
84 146 319 132 0 0 0
84 146 322 135 8 8 0
92 154 325 138 0 0 0
92 154 328 141 0 0 0
92 154 331 144 8 8 0
100 162 334 147 0 0 0
100 162 337 150 0 -8 0
100 154 340 153 8 8 0
108 162 343 156 0 0 0
108 162 346 159 8 0 0
116 162 349 162 0 0 0
116 162 352 165 0 0 0
116 162 355 168 8 0 0
124 162 358 171 0 8 0
124 170 361 174 0 0 0
124 170 364 177 8 0 0
132 170 367 180 0 0 0
132 170 370 183 8 8 0
140 178 373 186 0 -8 0
140 170 376 189 0 8 0
140 178 379 192 8 -8 0
148 170 382 195 0 0 0
148 170 385 198 0 -8 0
148 162 388 201 8 8 0
156 170 391 204 0 -8 0
156 162 394 207 8 0 0
164 162 397 210 0 8 0
164 170 400 213 0 0 0
164 170 403 216 8 -8 0
172 162 406 219 0 0 0
172 162 409 222 0 8 0
172 170 412 225 8 -8 0
180 162 415 228 0 -8 0
180 154 418 231 8 8 0
188 162 421 234 0 -8 0
188 154 424 237 0 0 0
188 154 427 240 8 -8 0
196 146 430 243 0 8 0
196 154 433 246 0 0 0
196 154 436 249 8 0 0
204 154 439 252 0 0 0
204 154 442 255 8 8 0
212 162 445 258 0 -8 0
212 154 448 261 0 -8 0
212 146 451 264 8 8 0
220 154 454 267 0 0 0
220 154 457 270 0 8 0
220 162 460 273 8 -8 0
228 154 463 276 0 8 0
228 162 466 279 8 0 0
236 162 469 282 0 0 0
236 162 472 285 0 -8 0
236 154 475 288 8 8 0
244 162 478 291 0 8 0
244 170 481 294 0 0 0
244 170 484 297 8 0 0
252 170 487 300 0 8 0
252 178 490 303 8 8 0
260 186 493 306 0 -8 0
260 178 496 309 0 -8 0
260 170 499 312 8 -8 0
268 162 502 315 0 0 0
268 162 505 318 0 0 0
268 162 508 321 8 0 0
276 162 511 324 0 0 0
276 162 514 327 8 -8 0
284 154 517 330 0 0 0
284 154 520 333 0 8 0
284 162 523 336 8 0 0
292 162 526 339 0 8 0
292 170 529 342 0 8 0
292 178 532 345 8 0 0
300 178 535 348 0 -8 0
300 170 538 351 8 -8 0
308 162 541 354 0 0 0
308 162 544 357 0 8 0
308 170 547 360 8 0 0
316 170 550 363 0 -8 0
316 162 553 366 0 8 0
316 170 556 369 8 8 0
324 178 559 372 0 -8 0
324 170 562 375 8 8 0
332 178 565 378 0 0 0
332 178 568 381 0 8 0
332 186 571 384 8 8 0
340 194 574 387 0 -8 0
340 186 577 390 0 -8 0
340 178 580 393 8 8 0
348 186 583 396 0 -8 0
348 178 586 399 8 -8 0
356 170 589 402 0 0 0
356 170 592 405 0 8 0
356 178 595 408 8 0 0
364 178 598 411 0 -8 0
364 170 601 414 0 -8 0
364 162 604 417 8 0 0
372 162 607 420 0 -8 0
372 154 610 423 8 8 0
380 162 613 426 0 -8 0
380 154 616 429 0 0 0
380 154 619 432 8 -8 0
388 146 622 435 0 -8 0
388 138 625 438 0 0 0
388 138 628 441 8 8 0
396 146 631 444 0 8 0
396 154 634 447 8 0 0
404 154 637 450 0 0 0
404 154 640 453 0 8 0
404 162 643 456 8 0 0
412 162 646 459 0 -8 0
412 154 649 462 0 0 0
412 154 652 465 8 8 0
420 162 655 468 0 -8 0
420 154 658 471 8 8 0
428 162 661 474 0 -8 0
428 154 664 477 0 8 0
428 162 667 480 8 0 0
436 162 670 483 0 -8 0
436 154 673 486 0 8 0
436 162 676 489 8 -8 0
444 154 679 492 0 8 0
444 162 682 495 8 0 0
452 162 685 498 0 0 0
452 162 688 501 0 -8 0
452 154 691 504 8 -8 0
460 146 694 507 0 0 0
460 146 697 510 0 0 0
460 146 700 513 8 8 0
468 154 703 516 0 -8 0
468 146 706 519 8 0 0
476 146 709 522 0 8 0
476 154 712 525 0 0 0
476 154 715 528 8 0 0
484 154 718 531 0 8 0
484 162 721 534 0 8 0
484 170 724 537 8 0 0
492 170 727 540 0 -8 0
492 162 730 543 8 -8 0
500 154 733 546 0 8 0
500 162 736 549 0 8 0
500 170 739 552 8 8 0
508 178 742 555 0 0 0
508 178 745 558 0 0 0
508 178 748 561 8 0 0
516 178 751 564 0 -8 0
516 170 754 567 8 8 0
524 178 757 570 0 8 0
524 186 760 573 0 0 0
524 186 763 576 8 8 0
532 194 766 579 0 -8 0
532 186 769 582 0 -8 0
532 178 772 585 8 8 0
540 186 775 588 0 -8 0
540 178 778 591 8 0 0
540 178 781 588 0 0 1
540 178 781 588 0 0 1
540 178 781 588 0 0 1
540 178 781 588 0 0 1
540 178 781 588 0 0 1
