95 436 646 303 0 0 0
95 436 649 306 8 8 0
103 444 652 309 8 8 0
111 452 655 312 8 -8 0
119 444 658 315 8 -8 0
127 436 661 318 8 8 0
135 444 664 321 8 0 0
143 444 667 324 8 8 0
151 452 670 327 8 0 0
159 452 673 330 8 8 0
167 460 676 333 8 0 0
175 460 679 336 8 0 0
183 460 682 339 8 -8 0
191 452 685 342 8 -8 0
199 444 688 345 8 8 0
207 452 691 348 8 0 0
215 452 694 351 8 -8 0
223 444 697 354 8 8 0
231 452 700 357 8 -8 0
239 444 703 360 8 0 0
247 444 706 363 8 -8 0
255 436 709 366 8 8 0
263 444 712 369 8 8 0
271 452 715 372 8 -8 0
279 444 718 375 8 0 0
287 444 721 378 8 8 0
295 452 724 381 8 8 0
303 460 727 384 8 -8 0
311 452 730 387 8 -8 0
319 444 733 390 8 0 0
327 444 736 393 8 8 0
335 452 739 396 8 8 0
343 460 742 399 8 8 0
351 468 745 402 8 8 0
359 476 748 405 0 -8 0
359 468 751 408 0 8 0
359 476 754 411 8 8 0
367 484 757 414 0 0 0
367 484 760 417 0 -8 0
367 476 763 420 8 0 0
375 476 766 423 0 0 0
375 476 769 426 8 -8 0
383 468 772 429 0 0 0
383 468 775 432 0 0 0
383 468 778 435 8 8 0
391 476 781 438 0 0 0
391 476 778 441 0 0 0
391 476 775 444 8 -8 0
399 468 772 447 0 0 0
399 468 769 450 8 -8 0
407 460 766 453 0 8 0
407 468 763 456 0 0 0
407 468 760 459 8 8 0
415 476 757 462 0 8 0
415 484 754 465 0 8 0
415 492 751 468 8 0 0
423 492 748 471 0 -8 0
423 484 745 474 8 8 0
431 492 742 477 0 0 0
431 492 739 480 0 -8 0
431 484 736 483 8 0 0
439 484 733 486 0 0 0
439 484 730 489 0 -8 0
439 476 727 492 8 0 0
447 476 724 495 0 8 0
447 484 721 498 8 0 0
455 484 718 501 0 -8 0
455 476 715 504 0 8 0
455 484 712 507 8 8 0
463 492 709 510 0 -8 0
463 484 706 513 0 -8 0
463 476 703 516 8 -8 0
471 468 700 519 0 0 0
471 468 697 522 8 0 0
479 468 694 525 0 -8 0
479 460 691 528 0 -8 0
479 452 688 531 8 8 0
487 460 685 534 0 0 0
487 460 682 537 0 8 0
487 468 679 540 8 -8 0
495 460 676 543 0 -8 0
495 452 673 546 8 0 0
503 452 670 549 0 -8 0
503 444 667 552 0 0 0
503 444 664 555 8 0 0
511 444 661 558 0 8 0
511 452 658 561 0 0 0
511 452 655 564 8 0 0
519 452 652 567 0 0 0
519 452 649 570 8 8 0
527 460 646 573 0 -8 0
527 452 643 576 0 0 0
527 452 640 579 8 8 0
535 460 637 582 0 -8 0
535 452 634 585 0 -8 0
535 444 631 588 8 8 0
540 452 628 591 8 0 0
540 452 625 588 0 8 0
540 460 622 585 0 8 0
540 468 619 582 0 8 0
540 476 616 579 0 -8 0
540 468 613 576 0 0 0
540 468 610 573 0 -8 0
540 460 607 570 0 -8 0
540 452 604 567 0 -8 0
540 444 601 564 0 8 0
540 452 598 561 0 8 0
540 460 595 558 0 8 0
540 468 592 555 0 8 0
540 476 589 552 0 8 0
540 484 586 549 0 0 0
540 484 583 546 0 -8 0
540 476 580 543 0 -8 0
540 468 577 540 0 8 0
540 476 574 537 0 -8 0
540 468 571 534 0 -8 0
540 460 568 531 0 8 0
540 468 565 528 0 0 0
540 468 562 525 0 -8 0
540 460 559 522 0 -8 0
540 452 556 519 0 -8 0
540 444 553 516 0 8 0
540 452 550 513 0 -8 0
540 444 547 510 0 8 0
540 452 544 507 0 8 0
540 460 541 504 0 -8 0
540 452 538 501 0 0 0
540 452 535 498 0 0 0
540 452 532 495 0 -8 0
540 444 529 492 0 -8 0
540 436 526 489 -8 0 0
532 436 523 486 0 0 0
532 436 520 483 0 -8 0
532 428 517 480 -8 8 0
524 436 514 477 0 0 0
524 436 511 474 0 0 0
524 436 508 471 -8 8 0
516 444 505 468 0 0 0
516 444 502 465 -8 -8 0
508 436 499 462 0 0 0
508 436 496 459 0 8 0
508 444 493 456 -8 8 0
500 452 490 453 0 -8 0
500 444 487 450 0 -8 0
500 436 484 447 -8 8 0
492 444 481 444 0 -8 0
492 436 478 441 -8 0 0
484 436 475 438 0 8 0
484 444 472 435 0 0 0
484 444 469 432 -8 -8 0
476 436 466 429 0 0 0
476 436 463 426 0 0 0
476 436 460 423 -8 -8 0
468 428 457 420 0 0 0
468 428 454 417 -8 0 0
460 428 451 414 0 0 0
460 428 448 411 0 0 0
460 428 445 408 -8 -8 0
452 420 442 405 0 8 0
452 428 439 402 0 -8 0
452 420 436 399 -8 -8 0
444 412 433 396 0 -8 0
444 404 430 393 -8 -8 0
436 396 427 390 0 8 0
436 404 424 387 0 0 0
436 404 421 384 -8 8 0
428 412 418 381 0 8 0
428 420 415 378 0 0 0
428 420 412 375 -8 8 0
420 428 409 372 0 -8 0
420 420 406 369 -8 -8 0
412 412 403 366 0 8 0
412 420 400 363 0 -8 0
412 412 397 360 -8 0 0
404 412 394 357 0 -8 0
404 404 391 354 0 0 0
404 404 388 351 -8 0 0
396 404 385 348 0 8 0
396 412 382 345 -8 8 0
388 420 379 342 0 8 0
388 428 376 339 0 8 0
388 436 373 336 -8 -8 0
380 428 370 333 0 0 0
380 428 367 330 0 0 0
380 428 364 327 -8 0 0
372 428 361 324 0 -8 0
372 420 358 321 -8 0 0
364 420 355 318 0 8 0
364 428 352 315 0 8 0
364 436 349 312 -8 8 0
356 444 346 309 0 -8 0
356 436 343 306 0 -8 0
356 428 340 303 -8 8 0
348 436 337 300 0 -8 0
348 428 334 297 -8 0 0
340 428 331 294 0 -8 0
340 420 328 291 0 -8 0
340 412 325 288 -8 8 0
332 420 322 285 0 -8 0
332 412 319 282 0 0 0
332 412 316 279 -8 -8 0
324 404 313 276 0 8 0
324 412 310 273 -8 8 0
316 420 307 270 0 -8 0
316 412 304 267 0 8 0
316 420 301 264 -8 -8 0
308 412 298 261 0 8 0
308 420 295 258 0 8 0
308 428 292 255 -8 8 0
300 436 289 252 0 0 0
300 436 286 249 -8 -8 0
292 428 283 246 0 0 0
292 428 280 243 0 0 0
292 428 277 240 -8 8 0
284 436 274 237 0 8 0
284 444 271 234 0 -8 0
284 436 268 231 -8 0 0
276 436 265 228 0 0 0
276 436 262 225 -8 0 0
268 436 259 222 0 -8 0
268 428 256 219 0 8 0
268 436 253 216 -8 -8 0
260 428 250 213 0 0 0
260 428 247 210 0 0 0
260 428 244 207 -8 -8 0
252 420 241 204 0 0 0
252 420 238 201 -8 8 0
244 428 235 198 0 0 0
244 428 232 195 0 0 0
244 428 229 192 -8 -8 0
236 420 226 189 0 8 0
236 428 223 186 0 -8 0
236 420 220 183 -8 -8 0
228 412 217 180 0 -8 0
228 404 214 177 -8 -8 0
220 396 211 174 0 0 0
220 396 208 171 0 0 0
220 396 205 168 -8 -8 0
212 388 202 165 0 -8 0
212 380 199 162 0 -8 0
212 372 196 159 -8 -8 0
204 364 193 156 0 8 0
204 372 190 153 -8 -8 0
196 364 187 150 0 8 0
196 372 184 147 0 0 0
196 372 181 144 -8 0 0
188 372 178 141 0 8 0
188 380 175 138 0 8 0
188 388 172 135 -8 -8 0
180 380 169 132 0 -8 0
180 372 166 129 -8 -8 0
172 364 163 126 0 0 0
172 364 160 123 0 8 0
172 372 157 120 -8 -8 0
164 364 154 117 0 -8 0
164 356 151 114 0 8 0
164 364 148 111 -8 -8 0
156 356 145 108 0 0 0
156 356 142 105 -8 8 0
148 364 139 102 0 0 0
148 364 136 99 0 0 0
148 364 133 96 -8 8 0
140 372 130 93 0 8 0
140 380 127 90 0 8 0
140 388 124 87 -8 -8 0
132 380 121 84 0 -8 0
132 372 118 81 -8 0 0
124 372 115 78 0 -8 0
124 364 112 75 0 -8 0
124 356 109 72 -8 -8 0
116 348 106 69 0 0 0
116 348 103 66 0 0 0
116 348 100 63 -8 8 0
108 356 97 60 0 0 0
108 356 94 57 -8 -8 0
100 348 91 54 0 8 0
100 356 88 51 0 0 0
100 356 85 48 -8 8 0
92 364 82 45 0 8 0
92 372 79 42 0 8 0
92 380 76 39 -8 0 0
84 380 73 36 0 -8 0
84 372 70 33 -8 -8 0
76 364 67 30 0 8 0
76 372 64 27 0 0 0
76 372 61 24 -8 -8 0
68 364 58 21 0 -8 0
68 356 55 18 0 0 0
68 356 52 15 -8 -8 0
60 348 49 12 0 -8 0
60 340 46 9 -8 -8 0
60 332 43 12 0 8 0
60 340 40 15 0 -8 0
60 332 37 18 0 -8 0
60 324 34 21 0 8 0
60 332 31 24 0 -8 0
60 324 28 27 0 0 0
60 324 25 30 0 -8 0
60 316 22 33 0 8 0
60 324 19 36 0 -8 0
60 316 22 39 0 8 0
60 324 25 42 0 8 0
60 332 28 45 0 8 0
60 340 31 48 0 -8 0
60 332 34 51 0 -8 0
60 324 37 54 0 8 0
60 332 40 57 0 0 0
60 332 43 60 0 8 0
60 340 46 63 0 -8 0
60 332 49 66 0 0 0
60 332 52 69 0 -8 0
60 324 55 72 0 -8 0
60 316 58 75 0 8 0
60 324 61 78 0 -8 0
60 316 64 81 0 -8 0
60 308 67 84 0 -8 0
60 300 70 87 0 -8 0
60 292 73 90 0 0 0
60 292 76 93 0 0 0
60 292 79 96 0 8 0
60 300 82 99 0 -8 0
60 292 85 102 0 -8 0
60 284 88 105 0 8 0
60 292 91 108 0 -8 0
60 284 94 111 8 -8 0
68 276 97 114 0 0 0
68 276 100 117 0 0 0
68 276 103 120 8 0 0
76 276 106 123 0 -8 0
76 268 109 126 0 -8 0
76 260 112 129 8 8 0
84 268 115 132 0 0 0
84 268 118 135 8 -8 0
92 260 121 138 0 0 0
92 260 124 141 0 -8 0
92 252 127 144 8 0 0
100 252 130 147 0 0 0
100 252 133 150 0 -8 0
100 244 136 153 8 8 0
108 252 139 156 0 0 0
108 252 142 159 8 -8 0
116 244 145 162 0 -8 0
116 236 148 165 0 -8 0
116 228 151 168 8 8 0
124 236 154 171 0 -8 0
124 228 157 174 0 0 0
124 228 160 177 8 0 0
132 228 163 180 0 -8 0
132 220 166 183 8 0 0
140 220 169 186 0 -8 0
140 212 172 189 0 -8 0
140 204 175 192 8 8 0
148 212 178 195 0 0 0
148 212 181 198 0 8 0
148 220 184 201 8 8 0
156 228 187 204 0 0 0
156 228 190 207 8 0 0
164 228 193 210 0 -8 0
164 220 196 213 0 8 0
164 228 199 216 8 8 0
172 236 202 219 0 8 0
172 244 205 222 0 -8 0
172 236 208 225 8 0 0
180 236 211 228 0 -8 0
180 228 214 231 8 0 0
188 228 217 234 0 0 0
188 228 220 237 0 0 0
188 228 223 240 8 -8 0
196 220 226 243 0 0 0
196 220 229 246 0 0 0
196 220 232 249 8 -8 0
204 212 235 252 0 -8 0
204 204 238 255 8 0 0
212 204 241 258 0 8 0
212 212 244 261 0 8 0
212 220 247 264 8 -8 0
220 212 250 267 0 8 0
220 220 253 270 0 8 0
220 228 256 273 8 8 0
228 236 259 276 0 -8 0
228 228 262 279 8 0 0
236 228 265 282 0 -8 0
236 220 268 285 0 8 0
236 228 271 288 8 -8 0
244 220 274 291 0 8 0
244 228 277 294 0 -8 0
244 220 280 297 8 8 0
252 228 283 300 0 8 0
252 236 286 303 8 -8 0
260 228 289 306 0 8 0
260 236 292 309 0 -8 0
260 228 295 312 8 -8 0
268 220 298 315 0 8 0
268 228 301 318 0 -8 0
268 220 304 321 8 8 0
276 228 307 324 0 -8 0
276 220 310 327 8 0 0
284 220 313 330 0 -8 0
284 212 316 333 0 0 0
284 212 319 336 8 -8 0
292 204 322 339 0 8 0
292 212 325 342 0 0 0
292 212 328 345 8 0 0
300 212 331 348 0 8 0
300 220 334 351 8 0 0
308 220 337 354 0 -8 0
308 212 340 357 0 0 0
308 212 343 360 8 -8 0
316 204 346 363 0 0 0
316 204 349 366 0 -8 0
316 196 352 369 8 -8 0
324 188 355 372 0 0 0
324 188 358 375 8 -8 0
332 180 361 378 0 0 0
332 180 364 381 0 8 0
332 188 367 384 8 0 0
340 188 370 387 0 0 0
340 188 373 390 0 -8 0
340 180 376 393 8 0 0
348 180 379 396 0 8 0
348 188 382 399 8 -8 0
356 180 385 402 0 8 0
356 188 388 405 0 8 0
356 196 391 408 8 0 0
364 196 394 411 0 8 0
364 204 397 414 0 -8 0
364 196 400 417 8 0 0
372 196 403 420 0 0 0
372 196 406 423 8 8 0
380 204 409 426 0 -8 0
380 196 412 429 0 0 0
380 196 415 432 8 8 0
388 204 418 435 0 0 0
388 204 421 438 0 0 0
388 204 424 441 8 0 0
396 204 427 444 0 8 0
396 212 430 447 8 8 0
404 220 433 450 0 8 0
404 228 436 453 0 -8 0
404 220 439 456 8 0 0
412 220 442 459 0 -8 0
412 212 445 462 0 -8 0
412 204 448 465 8 -8 0
420 196 451 468 0 0 0
420 196 454 471 8 -8 0
428 188 457 474 0 -8 0
428 180 460 477 0 -8 0
428 172 463 480 8 0 0
436 172 466 483 0 8 0
436 180 469 486 0 0 0
436 180 472 489 8 8 0
444 188 475 492 0 8 0
444 196 478 495 8 8 0
452 204 481 498 0 -8 0
452 196 484 501 0 -8 0
452 188 487 504 8 0 0
460 188 490 507 0 0 0
460 188 493 510 0 -8 0
460 180 496 513 8 0 0
468 180 499 516 0 -8 0
468 172 502 519 8 8 0
476 180 505 522 0 8 0
476 188 508 525 0 0 0
476 188 511 528 8 8 0
484 196 514 531 0 8 0
484 204 517 534 0 -8 0
484 196 520 537 8 0 0
492 196 523 540 0 -8 0
492 188 526 543 8 0 0
500 188 529 546 0 0 0
500 188 532 549 0 -8 0
500 180 535 552 8 0 0
508 180 538 555 0 0 0
508 180 541 558 0 -8 0
508 172 544 561 8 -8 0
516 164 547 564 0 8 0
516 172 550 567 8 0 0
524 172 553 570 0 -8 0
524 164 556 573 0 8 0
524 172 559 576 8 0 0
532 172 562 579 0 8 0
532 180 565 582 0 -8 0
532 172 568 585 8 0 0
540 172 571 588 0 8 0
540 180 574 591 8 8 0
540 188 577 588 0 8 0
540 196 580 585 0 8 0
540 204 583 582 0 -8 0
540 196 586 579 0 -8 0
540 188 589 576 0 8 0
540 196 592 573 0 8 0
540 204 595 570 0 0 0
540 204 598 567 0 0 0
540 204 601 564 0 8 0
540 212 604 561 0 -8 0
540 204 607 558 0 -8 0
540 196 610 555 0 0 0
540 196 613 552 0 8 0
540 204 616 549 0 8 0
540 212 619 546 0 -8 0
540 204 622 543 0 -8 0
540 196 625 540 0 -8 0
540 188 628 537 0 -8 0
540 180 631 534 0 0 0
540 180 634 531 0 0 0
540 180 637 528 0 8 0
540 188 640 525 0 -8 0
540 180 643 522 0 0 0
540 180 646 519 0 -8 0
540 172 649 516 0 0 0
540 172 652 513 0 -8 0
540 164 655 510 0 0 0
540 164 658 507 0 -8 0
540 156 661 504 0 8 0
540 164 664 501 0 0 0
540 164 667 498 0 -8 0
540 156 670 495 0 0 0
540 156 673 492 0 0 0
540 156 676 489 -8 8 0
532 164 679 486 0 8 0
532 172 682 483 0 8 0
532 180 685 480 -8 0 0
524 180 688 477 0 0 0
524 180 691 474 0 0 0
524 180 694 471 -8 -8 0
516 172 697 468 0 8 0
516 180 700 465 -8 -8 0
508 172 703 462 0 8 0
508 180 706 459 0 8 0
508 188 709 456 -8 8 0
500 196 712 453 0 -8 0
500 188 715 450 0 -8 0
500 180 718 447 -8 0 0
492 180 721 444 0 8 0
492 188 724 441 -8 -8 0
484 180 727 438 0 8 0
484 188 730 435 0 8 0
484 196 733 432 -8 0 0
476 196 736 429 0 -8 0
476 188 739 426 0 0 0
476 188 742 423 -8 8 0
468 196 745 420 0 -8 0
468 188 748 417 -8 -8 0
460 180 751 414 0 8 0
460 188 754 411 0 0 0
460 188 757 408 -8 0 0
452 188 760 405 0 -8 0
452 180 763 402 0 8 0
452 188 766 399 -8 0 0
444 188 769 396 0 8 0
444 196 772 393 -8 0 0
436 196 775 390 0 -8 0
436 188 778 387 0 0 0
436 188 781 384 0 0 1
436 188 781 384 0 0 1
436 188 781 384 0 0 1
436 188 781 384 0 0 1
436 188 781 384 0 0 1
