446 371 445 288 0 0 0
446 371 448 291 -8 0 0
438 371 451 294 -8 8 0
430 379 454 297 -8 0 0
422 379 457 300 -8 -8 0
414 371 460 303 -8 0 0
406 371 463 306 -8 -8 0
398 363 466 309 -8 8 0
390 371 469 312 -8 0 0
382 371 472 315 -8 8 0
374 379 475 318 -8 -8 0
366 371 478 321 0 8 0
366 379 481 324 0 8 0
366 387 484 327 0 -8 0
366 379 487 330 0 8 0
366 387 490 333 0 8 0
366 395 493 336 0 0 0
366 395 496 339 0 0 0
366 395 499 342 0 0 0
366 395 502 345 0 8 0
366 403 505 348 0 0 0
366 403 508 351 0 8 0
366 411 511 354 0 -8 0
366 403 514 357 0 8 0
366 411 517 360 0 0 0
366 411 520 363 0 -8 0
366 403 523 366 0 -8 0
366 395 526 369 0 0 0
366 395 529 372 0 0 0
366 395 532 375 0 8 0
366 403 535 378 0 8 0
366 411 538 381 0 8 0
366 419 541 384 0 0 0
366 419 544 387 0 8 0
366 427 547 390 0 0 0
366 427 550 393 0 0 0
366 427 553 396 0 8 0
366 435 556 399 0 -8 0
366 427 559 402 0 8 0
366 435 562 405 0 -8 0
366 427 565 408 0 8 0
366 435 568 411 0 8 0
366 443 571 414 0 8 0
366 451 574 417 8 -8 0
374 443 577 420 0 -8 0
374 435 580 423 0 8 0
374 443 583 426 8 0 0
382 443 586 429 0 0 0
382 443 589 432 0 0 0
382 443 592 435 8 -8 0
390 435 595 438 0 -8 0
390 427 598 441 8 -8 0
398 419 601 444 0 8 0
398 427 604 447 0 -8 0
398 419 607 450 8 0 0
406 419 610 453 0 -8 0
406 411 613 456 0 8 0
406 419 616 459 8 -8 0
414 411 619 462 0 -8 0
414 403 622 465 8 0 0
422 403 625 468 0 8 0
422 411 628 471 0 -8 0
422 403 631 474 8 0 0
430 403 634 477 0 8 0
430 411 637 480 0 0 0
430 411 640 483 8 -8 0
438 403 643 486 0 0 0
438 403 646 489 8 8 0
446 411 649 492 0 8 0
446 419 652 495 0 -8 0
446 411 655 498 8 -8 0
454 403 658 501 0 8 0
454 411 661 504 0 -8 0
454 403 664 507 8 8 0
462 411 667 510 0 -8 0
462 403 670 513 8 0 0
470 403 673 516 0 8 0
470 411 676 519 0 -8 0
470 403 679 522 8 -8 0
478 395 682 525 0 0 0
478 395 685 528 0 0 0
478 395 688 531 8 0 0
486 395 691 534 0 0 0
486 395 694 537 8 0 0
494 395 697 540 0 0 0
494 395 700 543 0 8 0
494 403 703 546 8 0 0
502 403 706 549 0 -8 0
502 395 709 552 0 -8 0
502 387 712 555 8 -8 0
510 379 715 558 0 8 0
510 387 718 561 8 0 0
518 387 721 564 0 8 0
518 395 724 567 0 0 0
518 395 727 570 8 -8 0
526 387 730 573 0 8 0
526 395 733 576 0 8 0
526 403 736 579 8 8 0
534 411 739 582 0 8 0
534 419 742 585 8 0 0
540 419 745 588 0 0 0
540 419 748 591 8 8 0
540 427 751 588 0 8 0
540 435 754 585 0 8 0
540 443 757 582 0 0 0
540 443 760 579 0 0 0
540 443 763 576 0 -8 0
540 435 766 573 0 0 0
540 435 769 570 0 0 0
540 435 772 567 0 8 0
540 443 775 564 0 -8 0
540 435 778 561 0 -8 0
540 427 781 558 0 0 1
540 427 781 558 0 0 1
540 427 781 558 0 0 1
540 427 781 558 0 0 1
540 427 781 558 0 0 1
