505 536 598 354 0 0 0
505 536 595 357 -8 8 0
497 540 592 360 -8 0 0
489 540 589 363 -8 0 0
481 540 586 366 -8 -8 0
473 532 583 369 -8 -8 0
465 524 580 372 -8 -8 0
457 516 577 375 -8 0 0
449 516 574 378 -8 -8 0
441 508 571 381 -8 -8 0
433 500 568 384 0 -8 0
433 492 565 387 0 0 0
433 492 562 390 0 -8 0
433 484 559 393 0 -8 0
433 476 556 396 0 8 0
433 484 553 399 0 -8 0
433 476 550 402 0 -8 0
433 468 547 405 0 -8 0
433 460 544 408 0 -8 0
433 452 541 411 0 -8 0
433 444 538 414 0 -8 0
433 436 535 417 0 0 0
433 436 532 420 0 0 0
433 436 529 423 0 8 0
433 444 526 426 0 0 0
433 444 523 429 0 8 0
433 452 520 432 0 8 0
433 460 517 435 0 8 0
433 468 514 438 0 -8 0
433 460 511 441 0 0 0
433 460 508 444 0 0 0
433 460 505 447 0 0 0
433 460 502 450 0 0 0
433 460 499 453 0 8 0
433 468 496 456 0 -8 0
433 460 493 459 0 0 0
433 460 490 462 0 8 0
433 468 487 465 0 -8 0
433 460 484 468 0 -8 0
433 452 481 471 0 0 0
433 452 478 474 0 8 0
433 460 475 477 0 8 0
433 468 472 480 0 -8 0
433 460 469 483 0 8 0
433 468 466 486 8 0 0
441 468 463 489 0 8 0
441 476 460 492 8 -8 0
449 468 457 495 0 -8 0
449 460 454 498 0 0 0
449 460 451 501 8 0 0
457 460 448 504 0 8 0
457 468 445 507 0 0 0
457 468 442 510 8 -8 0
465 460 439 513 0 -8 0
465 452 436 516 8 8 0
473 460 433 519 0 -8 0
473 452 430 522 0 0 0
473 452 427 525 8 -8 0
481 444 424 528 0 0 0
481 444 421 531 0 8 0
481 452 418 534 8 -8 0
489 444 415 537 0 0 0
489 444 412 540 8 8 0
497 452 409 543 0 0 0
497 452 406 546 0 8 0
497 460 403 549 8 8 0
505 468 400 552 0 -8 0
505 460 397 555 0 -8 0
505 452 394 558 8 8 0
513 460 391 561 0 -8 0
513 452 388 564 8 0 0
521 452 385 567 0 8 0
521 460 382 570 0 -8 0
521 452 379 573 8 8 0
529 460 376 576 0 8 0
529 468 373 579 0 -8 0
529 460 370 582 8 -8 0
537 452 367 585 0 -8 0
537 444 364 588 8 8 0
540 452 361 591 8 0 0
540 452 358 588 0 0 0
540 452 355 585 0 0 0
540 452 352 582 0 -8 0
540 444 349 579 0 -8 0
540 436 346 576 0 -8 0
540 428 343 573 0 0 0
540 428 340 570 0 8 0
540 436 337 567 0 -8 0
540 428 334 564 0 0 0
540 428 331 561 0 -8 0
540 420 328 558 0 -8 0
540 412 325 555 0 0 0
540 412 322 552 0 -8 0
540 404 319 549 0 -8 0
540 396 316 546 0 0 0
540 396 313 543 0 0 0
540 396 310 540 0 8 0
540 404 307 537 0 8 0
540 412 304 534 0 8 0
540 420 301 531 0 8 0
540 428 298 528 0 0 0
540 428 295 525 0 0 0
540 428 292 522 0 8 0
540 436 289 519 0 -8 0
540 428 286 516 0 0 0
540 428 283 513 0 8 0
540 436 280 510 0 8 0
540 444 277 507 0 0 0
540 444 274 504 0 8 0
540 452 271 501 0 0 0
540 452 268 498 0 0 0
540 452 265 495 0 -8 0
540 444 262 492 0 -8 0
540 436 259 489 -8 0 0
532 436 256 486 0 8 0
532 444 253 483 0 8 0
532 452 250 480 -8 0 0
524 452 247 477 0 0 0
524 452 244 474 0 -8 0
524 444 241 471 -8 -8 0
516 436 238 468 0 0 0
516 436 235 465 -8 -8 0
508 428 232 462 0 -8 0
508 420 229 459 0 -8 0
508 412 226 456 -8 8 0
500 420 223 453 0 8 0
500 428 220 450 0 8 0
500 436 217 447 -8 0 0
492 436 214 444 0 -8 0
492 428 211 441 -8 8 0
484 436 208 438 0 -8 0
484 428 205 435 0 -8 0
484 420 202 432 -8 0 0
476 420 199 429 0 -8 0
476 412 196 426 0 0 0
476 412 193 423 -8 0 0
468 412 190 420 0 0 0
468 412 187 417 -8 8 0
460 420 184 414 0 0 0
460 420 181 411 0 0 0
460 420 178 408 -8 0 0
452 420 175 405 0 -8 0
452 412 172 402 0 0 0
452 412 169 399 -8 0 0
444 412 166 396 0 8 0
444 420 163 393 -8 0 0
436 420 160 390 0 0 0
436 420 157 387 0 -8 0
436 412 154 384 -8 0 0
428 412 151 381 0 0 0
428 412 148 378 0 0 0
428 412 145 375 -8 8 0
420 420 142 372 0 8 0
420 428 139 369 -8 -8 0
412 420 136 366 0 -8 0
412 412 133 363 0 8 0
412 420 130 360 -8 8 0
404 428 127 357 0 0 0
404 428 124 354 0 8 0
404 436 121 351 -8 0 0
396 436 118 348 0 -8 0
396 428 115 345 -8 -8 0
388 420 112 342 0 -8 0
388 412 109 339 0 -8 0
388 404 106 336 -8 -8 0
380 396 103 333 0 -8 0
380 388 100 330 0 -8 0
380 380 97 327 -8 -8 0
372 372 94 324 0 -8 0
372 364 91 321 -8 -8 0
364 356 88 318 0 -8 0
364 348 85 315 0 0 0
364 348 82 312 -8 8 0
356 356 79 309 0 8 0
356 364 76 306 0 0 0
356 364 73 303 -8 -8 0
348 356 70 300 0 0 0
348 356 67 297 -8 -8 0
340 348 64 294 0 -8 0
340 340 61 291 0 -8 0
340 332 58 288 -8 -8 0
332 324 55 285 0 0 0
332 324 52 282 0 0 0
332 324 49 279 -8 -8 0
324 316 46 276 0 0 0
324 316 43 273 -8 8 0
316 324 40 270 0 0 0
316 324 37 267 0 8 0
316 332 34 264 -8 0 0
308 332 31 261 0 8 0
308 340 28 258 0 8 0
308 348 25 255 -8 -8 0
300 340 22 252 0 -8 0
300 332 19 249 0 0 1
300 332 19 249 0 0 1
300 332 19 249 0 0 1
300 332 19 249 0 0 1
300 332 19 249 0 0 1
