475 418 307 393 0 0 0
475 418 310 390 -8 8 0
467 426 313 387 -8 8 0
459 434 316 384 -8 8 0
451 442 319 381 -8 -8 0
443 434 322 378 -8 0 0
435 434 325 375 -8 -8 0
427 426 328 372 -8 -8 0
419 418 331 369 0 8 0
419 426 334 366 -8 8 0
411 434 337 363 0 0 0
411 434 340 360 -8 0 0
403 434 343 357 0 8 0
403 442 346 354 0 -8 0
403 434 349 351 -8 -8 0
395 426 352 348 0 8 0
395 434 355 345 0 -8 0
395 426 358 342 -8 -8 0
387 418 361 339 0 -8 0
387 410 364 336 -8 8 0
379 418 367 333 0 0 0
379 418 370 330 0 -8 0
379 410 373 327 -8 -8 0
371 402 376 324 0 -8 0
371 394 379 321 0 -8 0
371 386 382 318 -8 0 0
363 386 385 315 0 -8 0
363 378 388 312 -8 -8 0
355 370 391 309 0 0 0
355 370 394 306 0 8 0
355 378 397 303 -8 0 0
347 378 400 300 0 -8 0
347 370 403 297 0 8 0
347 378 406 294 -8 8 0
339 386 409 291 0 0 0
339 386 412 288 -8 0 0
331 386 415 285 0 -8 0
331 378 418 282 0 -8 0
331 370 421 279 -8 -8 0
323 362 424 276 0 0 0
323 362 427 273 0 8 0
323 370 430 270 -8 -8 0
315 362 433 267 0 0 0
315 362 436 264 -8 0 0
307 362 439 261 0 0 0
307 362 442 258 0 0 0
307 362 445 255 -8 8 0
299 370 448 252 0 0 0
299 370 451 249 0 -8 0
299 362 454 246 -8 0 0
291 362 457 243 0 -8 0
291 354 460 240 -8 8 0
283 362 463 237 0 -8 0
283 354 466 234 0 -8 0
283 346 469 231 -8 0 0
275 346 472 228 0 0 0
275 346 475 225 0 8 0
275 354 478 222 -8 8 0
267 362 481 219 0 0 0
267 362 484 216 -8 8 0
259 370 487 213 0 8 0
259 378 490 210 0 -8 0
259 370 493 207 -8 0 0
251 370 496 204 0 0 0
251 370 499 201 0 -8 0
251 362 502 198 -8 -8 0
243 354 505 195 0 8 0
243 362 508 192 -8 0 0
235 362 511 189 0 -8 0
235 354 514 186 0 8 0
235 362 517 183 -8 0 0
227 362 520 180 0 8 0
227 370 523 177 0 8 0
227 378 526 174 -8 -8 0
219 370 529 171 0 8 0
219 378 532 168 -8 8 0
211 386 535 165 0 0 0
211 386 538 162 0 0 0
211 386 541 159 -8 -8 0
203 378 544 156 0 0 0
203 378 547 153 0 8 0
203 386 550 150 -8 0 0
195 386 553 147 0 8 0
195 394 556 144 -8 8 0
187 402 559 141 0 0 0
187 402 562 138 0 8 0
187 410 565 135 -8 8 0
179 418 568 132 0 -8 0
179 410 571 129 0 0 0
179 410 574 126 -8 -8 0
171 402 577 123 0 -8 0
171 394 580 120 -8 0 0
163 394 583 117 0 -8 0
163 386 586 114 0 8 0
163 394 589 111 -8 0 0
155 394 592 108 0 -8 0
155 386 595 105 0 0 0
155 386 598 102 -8 0 0
147 386 601 99 0 0 0
147 386 604 96 -8 8 0
139 394 607 93 0 -8 0
139 386 610 90 0 0 0
139 386 613 87 -8 0 0
131 386 616 84 0 0 0
131 386 619 81 0 -8 0
131 378 622 78 -8 0 0
123 378 625 75 0 0 0
123 378 628 72 -8 8 0
115 386 631 69 0 8 0
115 394 634 66 0 -8 0
115 386 637 63 -8 0 0
107 386 640 60 0 -8 0
107 378 643 57 0 0 0
107 378 646 54 -8 8 0
99 386 649 51 0 -8 0
99 378 652 48 -8 8 0
91 386 655 45 0 8 0
91 394 658 42 0 8 0
91 402 661 39 -8 0 0
83 402 664 36 0 -8 0
83 394 667 33 0 0 0
83 394 670 30 -8 0 0
75 394 673 27 0 8 0
75 402 676 24 -8 8 0
67 410 679 21 0 0 0
67 410 682 18 0 0 0
67 410 685 15 -8 8 0
60 418 688 12 0 -8 0
60 410 691 9 -8 -8 0
60 402 694 12 0 8 0
60 410 697 15 0 0 0
60 410 700 18 0 8 0
60 418 703 21 0 -8 0
60 410 706 24 0 8 0
60 418 709 27 0 0 0
60 418 712 30 0 -8 0
60 410 715 33 0 0 0
60 410 718 36 0 0 0
60 410 721 39 0 -8 0
60 402 724 42 0 8 0
60 410 727 45 0 0 0
60 410 730 48 0 8 0
60 418 733 51 0 0 0
60 418 736 54 0 -8 0
60 410 739 57 0 8 0
60 418 742 60 0 0 0
60 418 745 63 0 8 0
60 426 748 66 0 -8 0
60 418 751 69 0 -8 0
60 410 754 72 0 8 0
60 418 757 75 0 -8 0
60 410 760 78 0 -8 0
60 402 763 81 0 -8 0
60 394 766 84 0 0 0
60 394 769 87 0 0 0
60 394 772 90 0 0 0
60 394 775 93 0 0 0
60 394 778 96 0 -8 0
60 386 781 99 0 0 1
60 386 781 99 0 0 1
60 386 781 99 0 0 1
60 386 781 99 0 0 1
60 386 781 99 0 0 1
