113 371 238 138 0 0 0
113 371 241 141 0 8 0
113 379 244 144 0 0 0
113 379 247 147 0 8 0
113 387 250 150 0 8 0
113 395 253 153 0 -8 0
113 387 256 156 0 8 0
113 395 259 159 0 8 0
113 403 262 162 0 -8 0
113 395 265 165 8 -8 0
121 387 268 168 0 0 0
121 387 271 171 0 -8 0
121 379 274 174 8 8 0
129 387 277 177 0 0 0
129 387 280 180 8 -8 0
137 379 283 183 0 0 0
137 379 286 186 0 0 0
137 379 289 189 8 -8 0
145 371 292 192 0 -8 0
145 363 295 195 0 8 0
145 371 298 198 8 8 0
153 379 301 201 0 0 0
153 379 304 204 8 -8 0
161 371 307 207 0 -8 0
161 363 310 210 0 -8 0
161 355 313 213 8 -8 0
169 347 316 216 0 8 0
169 355 319 219 0 8 0
169 363 322 222 8 0 0
177 363 325 225 0 8 0
177 371 328 228 8 8 0
185 379 331 231 0 0 0
185 379 334 234 0 -8 0
185 371 337 237 8 8 0
193 379 340 240 0 0 0
193 379 343 243 0 8 0
193 387 346 246 8 0 0
201 387 349 249 0 0 0
201 387 352 252 8 8 0
209 395 355 255 0 0 0
209 395 358 258 0 8 0
209 403 361 261 8 8 0
217 411 364 264 0 8 0
217 419 367 267 0 -8 0
217 411 370 270 8 -8 0
225 403 373 273 0 -8 0
225 395 376 276 8 -8 0
233 387 379 279 0 8 0
233 395 382 282 0 8 0
233 403 385 285 8 -8 0
241 395 388 288 0 0 0
241 395 391 291 0 8 0
241 403 394 294 8 0 0
249 403 397 297 0 -8 0
249 395 400 300 8 8 0
257 403 403 303 0 0 0
257 403 406 306 0 0 0
257 403 409 309 8 -8 0
265 395 412 312 0 -8 0
265 387 415 315 0 8 0
265 395 418 318 8 8 0
273 403 421 321 0 -8 0
273 395 424 324 8 0 0
281 395 427 327 0 -8 0
281 387 430 330 0 0 0
281 387 433 333 8 8 0
289 395 436 336 0 -8 0
289 387 439 339 0 8 0
289 395 442 342 8 -8 0
297 387 445 345 0 -8 0
297 379 448 348 8 8 0
305 387 451 351 0 -8 0
305 379 454 354 0 8 0
305 387 457 357 8 0 0
313 387 460 360 0 0 0
313 387 463 363 0 -8 0
313 379 466 366 8 8 0
321 387 469 369 0 -8 0
321 379 472 372 8 8 0
329 387 475 375 0 0 0
329 387 478 378 0 -8 0
329 379 481 381 8 8 0
337 387 484 384 0 8 0
337 395 487 387 0 8 0
337 403 490 390 8 8 0
345 411 493 393 0 8 0
345 419 496 396 8 -8 0
353 411 499 399 0 -8 0
353 403 502 402 0 0 0
353 403 505 405 8 -8 0
361 395 508 408 0 8 0
361 403 511 411 0 0 0
361 403 514 414 8 8 0
369 411 517 417 0 -8 0
369 403 520 420 8 -8 0
377 395 523 423 0 8 0
377 403 526 426 0 -8 0
377 395 529 429 8 0 0
385 395 532 432 0 0 0
385 395 535 435 0 8 0
385 403 538 438 8 0 0
393 403 541 441 0 0 0
393 403 544 444 8 -8 0
401 395 547 447 0 8 0
401 403 550 450 0 -8 0
401 395 553 453 8 0 0
409 395 556 456 0 -8 0
409 387 559 459 0 8 0
409 395 562 462 8 0 0
417 395 565 465 0 8 0
417 403 568 468 8 8 0
425 411 571 471 0 8 0
425 419 574 474 0 0 0
425 419 577 477 8 8 0
433 427 580 480 0 0 0
433 427 583 483 0 -8 0
433 419 586 486 8 -8 0
441 411 589 489 0 8 0
441 419 592 492 8 8 0
449 427 595 495 0 -8 0
449 419 598 498 0 -8 0
449 411 601 501 8 0 0
457 411 604 504 0 8 0
457 419 607 507 0 -8 0
457 411 610 510 8 8 0
465 419 613 513 0 0 0
465 419 616 516 8 -8 0
473 411 619 519 0 0 0
473 411 622 522 0 8 0
473 419 625 525 8 0 0
481 419 628 528 0 0 0
481 419 631 531 0 0 0
481 419 634 534 8 -8 0
489 411 637 537 0 0 0
489 411 640 540 8 -8 0
497 403 643 543 0 -8 0
497 395 646 546 0 0 0
497 395 649 549 8 0 0
505 395 652 552 0 0 0
505 395 655 555 0 0 0
505 395 658 558 8 0 0
513 395 661 561 0 8 0
513 403 664 564 8 8 0
521 411 667 567 0 -8 0
521 403 670 570 0 0 0
521 403 673 573 8 8 0
529 411 676 576 0 -8 0
529 403 679 579 0 0 0
529 403 682 582 8 0 0
537 403 685 585 0 8 0
537 411 688 588 8 0 0
540 411 691 591 8 8 0
540 419 694 588 0 8 0
540 427 697 585 0 0 0
540 427 700 582 0 0 0
540 427 703 579 0 8 0
540 435 706 576 0 0 0
540 435 709 573 0 0 0
540 435 712 570 0 -8 0
540 427 715 567 0 -8 0
540 419 718 564 0 8 0
540 427 721 561 0 -8 0
540 419 724 558 0 -8 0
540 411 727 555 0 0 0
540 411 730 552 0 0 0
540 411 733 549 0 -8 0
540 403 736 546 0 0 0
540 403 739 543 0 -8 0
540 395 742 540 0 8 0
540 403 745 537 0 8 0
540 411 748 534 0 -8 0
540 403 751 531 0 8 0
540 411 754 528 0 8 0
540 419 757 525 0 0 0
540 419 760 522 0 -8 0
540 411 763 519 0 -8 0
540 403 766 516 0 8 0
540 411 769 513 0 -8 0
540 403 772 510 0 0 0
540 403 775 507 0 -8 0
540 395 778 504 0 8 0
540 403 781 501 0 0 1
540 403 781 501 0 0 1
540 403 781 501 0 0 1
540 403 781 501 0 0 1
540 403 781 501 0 0 1
