97 489 646 459 0 0 0
97 489 643 462 8 0 0
105 489 640 465 8 -8 0
113 481 637 468 8 0 0
121 481 634 471 8 0 0
129 481 631 474 8 8 0
137 489 628 477 8 0 0
145 489 625 480 8 8 0
153 497 622 483 8 8 0
161 505 619 486 8 -8 0
169 497 616 489 8 8 0
177 505 613 492 8 8 0
185 513 610 495 8 -8 0
193 505 607 498 8 -8 0
201 497 604 501 8 8 0
209 505 601 504 8 -8 0
217 497 598 507 8 8 0
225 505 595 510 8 8 0
233 513 592 513 8 -8 0
241 505 589 516 8 8 0
249 513 586 519 8 8 0
257 521 583 522 8 -8 0
265 513 580 525 8 -8 0
273 505 577 528 8 -8 0
281 497 574 531 8 0 0
289 497 571 534 8 8 0
297 505 568 537 8 -8 0
305 497 565 540 8 -8 0
313 489 562 543 8 -8 0
321 481 559 546 8 -8 0
329 473 556 549 8 0 0
337 473 553 552 8 8 0
345 481 550 555 8 -8 0
353 473 547 558 8 8 0
361 481 544 561 8 8 0
369 489 541 564 8 0 0
377 489 538 567 8 -8 0
385 481 535 570 8 -8 0
393 473 532 573 8 8 0
401 481 529 576 8 0 0
409 481 526 579 8 -8 0
417 473 523 582 8 0 0
425 473 520 585 8 0 0
433 473 517 588 8 8 0
441 481 514 591 8 -8 0
449 473 511 588 8 0 0
457 473 508 585 8 8 0
465 481 505 582 8 -8 0
473 473 502 579 8 -8 0
481 465 499 576 8 0 0
489 465 496 573 8 -8 0
497 457 493 570 8 0 0
505 457 490 567 8 -8 0
513 449 487 564 8 0 0
521 449 484 561 0 0 0
521 449 481 558 0 8 0
521 457 478 555 0 8 0
521 465 475 552 0 0 0
521 465 472 549 0 -8 0
521 457 469 546 0 -8 0
521 449 466 543 0 -8 0
521 441 463 540 0 8 0
521 449 460 537 0 -8 0
521 441 457 534 0 8 0
521 449 454 531 0 0 0
521 449 451 528 0 0 0
521 449 448 525 0 0 0
521 449 445 522 0 0 0
521 449 442 519 0 8 0
521 457 439 516 0 0 0
521 457 436 513 0 0 0
521 457 433 510 0 -8 0
521 449 430 507 0 8 0
521 457 427 504 0 0 0
521 457 424 501 0 8 0
521 465 421 498 0 8 0
521 473 418 495 0 -8 0
521 465 415 492 0 -8 0
521 457 412 489 0 0 0
521 457 409 486 0 8 0
521 465 406 483 0 -8 0
521 457 403 480 0 -8 0
521 449 400 477 0 0 0
521 449 397 474 0 -8 0
521 441 394 471 0 0 0
521 441 391 468 -8 -8 0
513 433 388 465 0 0 0
513 433 385 462 -8 0 0
505 433 382 459 0 8 0
505 441 379 456 0 0 0
505 441 376 453 -8 -8 0
497 433 373 450 0 -8 0
497 425 370 447 0 0 0
497 425 367 444 -8 0 0
489 425 364 441 0 8 0
489 433 361 438 -8 0 0
481 433 358 435 0 0 0
481 433 355 432 0 -8 0
481 425 352 429 -8 0 0
473 425 349 426 0 -8 0
473 417 346 423 0 -8 0
473 409 343 420 -8 -8 0
465 401 340 417 0 0 0
465 401 337 414 -8 0 0
457 401 334 411 0 0 0
457 401 331 408 0 -8 0
457 393 328 405 -8 8 0
449 401 325 402 0 8 0
449 409 322 399 0 0 0
449 409 319 396 -8 8 0
441 417 316 393 0 -8 0
441 409 313 390 -8 0 0
433 409 310 387 0 8 0
433 417 307 384 0 8 0
433 425 304 381 -8 8 0
425 433 301 378 0 0 0
425 433 298 375 0 0 0
425 433 295 372 -8 -8 0
417 425 292 369 0 0 0
417 425 289 366 -8 -8 0
409 417 286 363 0 -8 0
409 409 283 360 0 8 0
409 417 280 357 -8 -8 0
401 409 277 354 0 8 0
401 417 274 351 0 -8 0
401 409 271 348 -8 8 0
393 417 268 345 0 0 0
393 417 265 342 -8 -8 0
385 409 262 339 0 8 0
385 417 259 336 0 -8 0
385 409 256 333 -8 8 0
377 417 253 330 0 0 0
377 417 250 327 0 8 0
377 425 247 324 -8 -8 0
369 417 244 321 0 0 0
369 417 241 318 -8 0 0
361 417 238 315 0 -8 0
361 409 235 312 0 8 0
361 417 232 309 -8 8 0
353 425 229 306 0 8 0
353 433 226 303 0 0 0
353 433 223 300 -8 0 0
345 433 220 297 0 8 0
345 441 217 294 -8 8 0
337 449 214 291 0 -8 0
337 441 211 288 0 8 0
337 449 208 285 -8 -8 0
329 441 205 282 0 0 0
329 441 202 279 0 -8 0
329 433 199 276 -8 0 0
321 433 196 273 0 8 0
321 441 193 270 -8 -8 0
313 433 190 267 0 -8 0
313 425 187 264 0 -8 0
313 417 184 261 -8 8 0
305 425 181 258 0 8 0
305 433 178 255 0 8 0
305 441 175 252 -8 -8 0
297 433 172 249 0 0 0
297 433 169 246 -8 8 0
289 441 166 243 0 -8 0
289 433 163 240 0 0 0
289 433 160 237 -8 8 0
281 441 157 234 0 8 0
281 449 154 231 0 8 0
281 457 151 228 -8 0 0
273 457 148 225 0 0 0
273 457 145 222 -8 8 0
265 465 142 219 0 -8 0
265 457 139 216 0 -8 0
265 449 136 213 -8 8 0
257 457 133 210 0 8 0
257 465 130 207 0 8 0
257 473 127 204 -8 0 0
249 473 124 201 0 8 0
249 481 121 198 -8 -8 0
241 473 118 195 0 8 0
241 481 115 192 0 8 0
241 489 112 189 -8 8 0
233 497 109 186 0 8 0
233 505 106 183 0 -8 0
233 497 103 180 -8 0 0
225 497 100 177 0 0 0
225 497 97 174 -8 8 0
217 505 94 171 0 8 0
217 513 91 168 0 0 0
217 513 88 165 -8 8 0
209 521 85 162 0 8 0
209 529 82 159 0 0 0
209 529 79 156 -8 8 0
201 537 76 153 0 0 0
201 537 73 150 -8 0 0
193 537 70 147 0 -8 0
193 529 67 144 0 0 0
193 529 64 141 -8 8 0
185 537 61 138 0 8 0
185 540 58 135 0 8 0
185 540 55 132 -8 -8 0
177 532 52 129 0 -8 0
177 524 49 126 -8 8 0
169 532 46 123 0 0 0
169 532 43 120 0 8 0
169 540 40 117 -8 -8 0
161 532 37 114 0 0 0
161 532 34 111 0 0 0
161 532 31 108 -8 0 0
153 532 28 105 0 0 0
153 532 25 102 -8 -8 0
145 524 22 99 0 -8 0
145 516 19 96 0 -8 0
145 508 22 93 -8 8 0
137 516 25 90 0 8 0
137 524 28 87 0 0 0
137 524 31 84 -8 8 0
129 532 34 81 0 8 0
129 540 37 78 -8 -8 0
121 532 40 75 0 8 0
121 540 43 72 0 -8 0
121 532 46 69 -8 8 0
113 540 49 66 0 8 0
113 540 52 63 0 0 0
113 540 55 60 -8 0 0
105 540 58 57 0 8 0
105 540 61 54 -8 8 0
97 540 64 51 0 8 0
97 540 67 48 0 8 0
97 540 70 45 -8 8 0
89 540 73 42 0 -8 0
89 532 76 39 0 8 0
89 540 79 36 -8 8 0
81 540 82 33 0 -8 0
81 532 85 30 -8 0 0
73 532 88 27 0 -8 0
73 524 91 24 0 0 0
73 524 94 21 -8 8 0
65 532 97 18 0 -8 0
65 524 100 15 0 0 0
65 524 103 12 -8 8 0
60 532 106 9 -8 -8 0
60 524 109 12 0 0 0
60 524 112 15 0 8 0
60 532 115 18 0 8 0
60 540 118 21 0 0 0
60 540 121 24 0 8 0
60 540 124 27 0 -8 0
60 532 127 30 0 8 0
60 540 130 33 0 8 0
60 540 133 36 0 8 0
60 540 136 39 0 8 0
60 540 139 42 0 8 0
60 540 142 45 0 8 0
60 540 145 48 0 8 0
60 540 148 51 0 -8 0
60 532 151 54 0 8 0
60 540 154 57 0 8 0
60 540 157 60 0 0 0
60 540 160 63 0 0 0
60 540 163 66 0 0 0
60 540 166 69 0 -8 0
60 532 169 72 0 0 0
60 532 172 75 0 0 0
60 532 175 78 0 -8 0
60 524 178 81 0 8 0
60 532 181 84 0 -8 0
60 524 184 87 0 -8 0
60 516 187 90 0 0 0
60 516 190 93 0 0 0
60 516 193 96 0 0 0
60 516 196 99 0 -8 0
60 508 199 102 0 -8 0
60 500 202 105 0 0 0
60 500 205 108 0 0 0
60 500 208 111 8 -8 0
68 492 211 114 0 -8 0
68 484 214 117 0 -8 0
68 476 217 120 8 -8 0
76 468 220 123 0 0 0
76 468 223 126 0 -8 0
76 460 226 129 8 8 0
84 468 229 132 0 8 0
84 476 232 135 8 8 0
92 484 235 138 0 8 0
92 492 238 141 0 -8 0
92 484 241 144 8 8 0
100 492 244 147 0 -8 0
100 484 247 150 0 0 0
100 484 250 153 8 0 0
108 484 253 156 0 8 0
108 492 256 159 8 0 0
116 492 259 162 0 0 0
116 492 262 165 0 0 0
116 492 265 168 8 8 0
124 500 268 171 0 -8 0
124 492 271 174 0 0 0
124 492 274 177 8 8 0
132 500 277 180 0 0 0
132 500 280 183 8 -8 0
140 492 283 186 0 0 0
140 492 286 189 0 0 0
140 492 289 192 8 8 0
148 500 292 195 0 8 0
148 508 295 198 0 0 0
148 508 298 201 8 -8 0
156 500 301 204 0 -8 0
156 492 304 207 8 0 0
164 492 307 210 0 -8 0
164 484 310 213 0 -8 0
164 476 313 216 8 0 0
172 476 316 219 0 0 0
172 476 319 222 0 8 0
172 484 322 225 8 -8 0
180 476 325 228 0 0 0
180 476 328 231 8 0 0
188 476 331 234 0 8 0
188 484 334 237 0 8 0
188 492 337 240 8 -8 0
196 484 340 243 0 0 0
196 484 343 246 0 -8 0
196 476 346 249 8 -8 0
204 468 349 252 0 -8 0
204 460 352 255 8 0 0
212 460 355 258 0 -8 0
212 452 358 261 0 8 0
212 460 361 264 8 8 0
220 468 364 267 0 8 0
220 476 367 270 0 8 0
220 484 370 273 8 8 0
228 492 373 276 0 8 0
228 500 376 279 8 8 0
236 508 379 282 0 -8 0
236 500 382 285 0 -8 0
236 492 385 288 8 8 0
244 500 388 291 0 0 0
244 500 391 294 0 0 0
244 500 394 297 8 8 0
252 508 397 300 0 0 0
252 508 400 303 8 -8 0
260 500 403 306 0 8 0
260 508 406 309 0 8 0
260 516 409 312 8 8 0
268 524 412 315 0 8 0
268 532 415 318 0 0 0
268 532 418 321 8 -8 0
276 524 421 324 0 8 0
276 532 424 327 8 -8 0
284 524 427 330 0 0 0
284 524 430 333 0 8 0
284 532 433 336 8 -8 0
292 524 436 339 0 -8 0
292 516 439 342 0 0 0
292 516 442 345 8 8 0
300 524 445 348 0 0 0
300 524 448 351 8 -8 0
308 516 451 354 0 8 0
308 524 454 357 0 8 0
308 532 457 360 8 -8 0
316 524 460 363 0 -8 0
316 516 463 366 0 0 0
316 516 466 369 8 8 0
324 524 469 372 0 -8 0
324 516 472 375 8 0 0
332 516 475 378 0 -8 0
332 508 478 381 0 -8 0
332 500 481 384 8 0 0
340 500 484 387 0 -8 0
340 492 487 390 0 0 0
340 492 490 393 8 8 0
348 500 493 396 0 0 0
348 500 496 399 8 -8 0
356 492 499 402 0 -8 0
356 484 502 405 0 -8 0
356 476 505 408 8 8 0
364 484 508 411 0 -8 0
364 476 511 414 0 8 0
364 484 514 417 8 8 0
372 492 517 420 0 -8 0
372 484 520 423 8 -8 0
380 476 523 426 0 -8 0
380 468 526 429 0 8 0
380 476 529 432 8 8 0
388 484 532 435 0 0 0
388 484 535 438 0 -8 0
388 476 538 441 8 8 0
396 484 541 444 0 8 0
396 492 544 447 8 -8 0
404 484 547 450 0 0 0
404 484 550 453 0 8 0
404 492 553 456 8 8 0
412 500 556 459 0 0 0
412 500 559 462 0 -8 0
412 492 562 465 8 0 0
420 492 565 468 0 8 0
420 500 568 471 8 8 0
428 508 571 474 0 8 0
428 516 574 477 0 -8 0
428 508 577 480 8 0 0
436 508 580 483 0 0 0
436 508 583 486 0 8 0
436 516 586 489 8 0 0
444 516 589 492 0 -8 0
444 508 592 495 8 8 0
452 516 595 498 0 0 0
452 516 598 501 0 -8 0
452 508 601 504 8 8 0
460 516 604 507 0 0 0
460 516 607 510 0 -8 0
460 508 610 513 8 8 0
468 516 613 516 0 0 0
468 516 616 519 8 0 0
476 516 619 522 0 -8 0
476 508 622 525 0 0 0
476 508 625 528 8 0 0
484 508 628 531 0 -8 0
484 500 631 534 0 -8 0
484 492 634 537 8 8 0
492 500 637 540 0 -8 0
492 492 640 543 8 0 0
500 492 643 546 0 8 0
500 500 646 549 0 0 0
500 500 649 552 8 -8 0
508 492 652 555 0 -8 0
508 484 655 558 0 -8 0
508 476 658 561 8 0 0
516 476 661 564 0 8 0
516 484 664 567 8 8 0
524 492 667 570 0 8 0
524 500 670 573 0 0 0
524 500 673 576 8 0 0
532 500 676 579 0 8 0
532 508 679 582 0 8 0
532 516 682 585 8 8 0
540 524 685 588 0 8 0
540 532 688 591 8 0 0
540 532 691 588 0 -8 0
540 524 694 585 0 -8 0
540 516 697 582 0 0 0
540 516 700 579 0 0 0
540 516 703 576 0 0 0
540 516 706 573 0 0 0
540 516 709 570 0 -8 0
540 508 712 567 0 0 0
540 508 715 564 0 -8 0
540 500 718 561 0 -8 0
540 492 721 558 0 0 0
540 492 724 555 0 8 0
540 500 727 552 0 0 0
540 500 730 549 0 -8 0
540 492 733 546 0 0 0
540 492 736 543 0 -8 0
540 484 739 540 0 0 0
540 484 742 537 0 -8 0
540 476 745 534 0 0 0
540 476 748 531 0 8 0
540 484 751 528 0 0 0
540 484 754 525 0 0 0
540 484 757 522 0 8 0
540 492 760 519 0 0 0
540 492 763 516 0 0 0
540 492 766 513 0 8 0
540 500 769 510 0 8 0
540 508 772 507 0 -8 0
540 500 775 504 0 0 0
540 500 778 501 0 -8 0
540 492 781 498 0 0 0
540 492 778 495 0 0 0
540 492 775 492 0 0 0
540 492 772 489 -8 -8 0
532 484 769 486 0 -8 0
532 476 766 483 0 -8 0
532 468 763 480 -8 8 0
524 476 760 477 0 0 0
524 476 757 474 0 8 0
524 484 754 471 -8 -8 0
516 476 751 468 0 0 0
516 476 748 465 -8 -8 0
508 468 745 462 0 -8 0
508 460 742 459 0 8 0
508 468 739 456 -8 -8 0
500 460 736 453 0 -8 0
500 452 733 450 0 8 0
500 460 730 447 -8 8 0
492 468 727 444 0 8 0
492 476 724 441 -8 8 0
484 484 721 438 0 8 0
484 492 718 435 0 8 0
484 500 715 432 -8 -8 0
476 492 712 429 0 0 0
476 492 709 426 0 8 0
476 500 706 423 -8 0 0
468 500 703 420 0 8 0
468 508 700 417 -8 -8 0
460 500 697 414 0 -8 0
460 492 694 411 0 8 0
460 500 691 408 -8 0 0
452 500 688 405 0 -8 0
452 492 685 402 0 0 0
452 492 682 399 -8 8 0
444 500 679 396 0 -8 0
444 492 676 393 -8 0 0
436 492 673 390 0 8 0
436 500 670 387 0 8 0
436 508 667 384 -8 0 0
428 508 664 381 0 8 0
428 516 661 378 0 -8 0
428 508 658 375 -8 0 0
420 508 655 372 0 -8 0
420 500 652 369 -8 -8 0
412 492 649 366 0 0 0
412 492 646 363 0 0 0
412 492 643 360 -8 0 0
404 492 640 357 0 8 0
404 500 637 354 0 -8 0
404 492 634 351 -8 -8 0
396 484 631 348 0 -8 0
396 476 628 345 -8 -8 0
388 468 625 342 0 8 0
388 476 622 339 0 8 0
388 484 619 336 -8 0 0
380 484 616 333 0 8 0
380 492 613 330 0 0 0
380 492 610 327 -8 8 0
372 500 607 324 0 0 0
372 500 604 321 -8 8 0
364 508 601 318 0 0 0
364 508 598 315 0 0 0
364 508 595 312 -8 8 0
356 516 592 309 0 -8 0
356 508 589 306 0 8 0
356 516 586 303 -8 0 0
348 516 583 300 0 0 0
348 516 580 297 -8 -8 0
340 508 577 294 0 -8 0
340 500 574 291 0 -8 0
340 492 571 288 -8 -8 0
332 484 568 285 0 -8 0
332 476 565 282 0 0 0
332 476 562 279 -8 8 0
324 484 559 276 0 0 0
324 484 556 273 -8 -8 0
316 476 553 270 0 0 0
316 476 550 267 0 8 0
316 484 547 264 -8 -8 0
308 476 544 261 0 -8 0
308 468 541 258 0 0 0
308 468 538 255 -8 -8 0
300 460 535 252 0 -8 0
300 452 532 249 -8 -8 0
292 444 529 246 0 -8 0
292 436 526 243 0 -8 0
292 428 523 240 -8 8 0
284 436 520 237 0 0 0
284 436 517 234 0 -8 0
284 428 514 231 -8 -8 0
276 420 511 228 0 -8 0
276 412 508 225 -8 0 0
268 412 505 222 0 0 0
268 412 502 219 0 8 0
268 420 499 216 -8 -8 0
260 412 496 213 0 0 0
260 412 493 210 0 -8 0
260 404 490 207 -8 -8 0
252 396 487 204 0 8 0
252 404 484 201 -8 -8 0
244 396 481 198 0 8 0
244 404 478 195 0 0 0
244 404 475 192 -8 -8 0
236 396 472 189 0 0 0
236 396 469 186 0 -8 0
236 388 466 183 -8 0 0
228 388 463 180 0 8 0
228 396 460 177 -8 0 0
220 396 457 174 0 -8 0
220 388 454 171 0 0 0
220 388 451 168 -8 0 0
212 388 448 165 0 -8 0
212 380 445 162 0 8 0
212 388 442 159 -8 0 0
204 388 439 156 0 0 0
204 388 436 153 -8 8 0
196 396 433 150 0 -8 0
196 388 430 147 0 8 0
196 396 427 144 -8 8 0
188 404 424 141 0 8 0
188 412 421 138 0 0 0
188 412 418 135 -8 -8 0
180 404 415 132 0 -8 0
180 396 412 129 -8 0 0
172 396 409 126 0 8 0
172 404 406 123 0 0 0
172 404 403 120 -8 -8 0
164 396 400 117 0 8 0
164 404 397 114 0 8 0
164 412 394 111 -8 -8 0
156 404 391 108 0 8 0
156 412 388 105 -8 -8 0
148 404 385 102 0 8 0
148 412 382 99 0 -8 0
148 404 379 96 -8 -8 0
140 396 376 93 0 8 0
140 404 373 90 0 -8 0
140 396 370 87 -8 8 0
132 404 367 84 0 0 0
132 404 364 81 -8 0 0
124 404 361 78 0 0 0
124 404 358 75 0 8 0
124 412 355 72 -8 0 0
116 412 352 69 0 8 0
116 420 349 66 0 -8 0
116 412 346 63 -8 -8 0
108 404 343 60 0 -8 0
108 396 340 57 -8 0 0
100 396 337 54 0 0 0
100 396 334 51 0 0 0
100 396 331 48 -8 8 0
92 404 328 45 0 8 0
92 412 325 42 0 8 0
92 420 322 39 -8 -8 0
84 412 319 36 0 -8 0
84 404 316 33 -8 8 0
76 412 313 30 0 -8 0
76 404 310 27 0 -8 0
76 396 307 24 -8 8 0
68 404 304 21 0 0 0
68 404 301 18 0 -8 0
68 396 298 15 -8 0 0
60 396 295 12 0 0 0
60 396 292 9 -8 -8 0
60 388 289 12 0 0 0
60 388 286 15 0 -8 0
60 380 283 18 0 -8 0
60 372 280 21 0 8 0
60 380 277 24 0 -8 0
60 372 274 27 0 -8 0
60 364 271 30 0 8 0
60 372 268 33 0 -8 0
60 364 265 36 0 8 0
60 372 262 39 0 0 0
60 372 259 42 0 8 0
60 380 256 45 0 8 0
60 388 253 48 0 0 0
60 388 250 51 0 0 0
60 388 247 54 0 0 0
60 388 244 57 0 8 0
60 396 241 60 0 0 0
60 396 238 63 0 8 0
60 404 235 66 0 -8 0
60 396 232 69 0 8 0
60 404 229 72 0 8 0
60 412 226 75 0 8 0
60 420 223 78 0 0 0
60 420 220 81 0 0 0
60 420 217 84 0 0 0
60 420 214 87 0 0 0
60 420 211 90 0 0 0
60 420 208 93 0 0 0
60 420 205 96 0 -8 0
60 412 202 99 0 -8 0
60 404 199 102 0 -8 0
60 396 196 105 0 -8 0
60 388 193 108 0 -8 0
60 380 190 111 8 0 0
68 380 187 114 0 -8 0
68 372 184 117 0 0 0
68 372 181 120 8 -8 0
76 364 178 123 0 -8 0
76 356 175 126 0 -8 0
76 348 172 129 8 -8 0
84 340 169 132 0 8 0
84 348 166 135 8 -8 0
92 340 163 138 0 8 0
92 348 160 141 0 -8 0
92 340 157 144 8 -8 0
100 332 154 147 0 0 0
100 332 151 150 0 8 0
100 340 148 153 8 -8 0
108 332 145 156 0 0 0
108 332 142 159 8 -8 0
116 324 139 162 0 -8 0
116 316 136 165 0 -8 0
116 308 133 168 8 -8 0
124 300 130 171 0 -8 0
124 292 127 174 0 0 0
124 292 124 177 8 8 0
132 300 121 180 0 0 0
132 300 118 183 8 0 0
140 300 115 186 0 8 0
140 308 112 189 0 -8 0
140 300 109 192 8 8 0
148 308 106 195 0 -8 0
148 300 103 198 0 -8 0
148 292 100 201 8 -8 0
156 284 97 204 0 0 0
156 284 94 207 8 0 0
164 284 91 210 0 8 0
164 292 88 213 0 -8 0
164 284 85 216 8 0 0
172 284 82 219 0 0 0
172 284 79 222 0 8 0
172 292 76 225 8 8 0
180 300 73 228 0 -8 0
180 292 70 231 8 0 0
188 292 67 234 0 8 0
188 300 64 237 0 -8 0
188 292 61 240 8 -8 0
196 284 58 243 0 8 0
196 292 55 246 0 0 0
196 292 52 249 8 -8 0
204 284 49 252 0 0 0
204 284 46 255 8 0 0
212 284 43 258 0 0 0
212 284 40 261 0 8 0
212 292 37 264 8 0 0
220 292 34 267 0 0 0
220 292 31 270 0 0 0
220 292 28 273 8 8 0
228 300 25 276 0 8 0
228 308 22 279 8 -8 0
236 300 19 282 0 0 0
236 300 22 285 0 0 0
236 300 25 288 8 -8 0
244 292 28 291 0 -8 0
244 284 31 294 0 0 0
244 284 34 297 8 0 0
252 284 37 300 0 -8 0
252 276 40 303 8 -8 0
260 268 43 306 0 8 0
260 276 46 309 0 0 0
260 276 49 312 8 8 0
268 284 52 315 0 0 0
268 284 55 318 0 0 0
268 284 58 321 8 -8 0
276 276 61 324 0 -8 0
276 268 64 327 8 0 0
284 268 67 330 0 -8 0
284 260 70 333 0 -8 0
284 252 73 336 8 -8 0
292 244 76 339 0 -8 0
292 236 79 342 0 8 0
292 244 82 345 8 -8 0
300 236 85 348 0 0 0
300 236 88 351 8 0 0
308 236 91 354 0 8 0
308 244 94 357 0 8 0
308 252 97 360 8 -8 0
316 244 100 363 0 0 0
316 244 103 366 0 -8 0
316 236 106 369 8 0 0
324 236 109 372 0 -8 0
324 228 112 375 8 0 0
332 228 115 378 0 0 0
332 228 118 381 0 0 0
332 228 121 384 8 0 0
340 228 124 387 0 8 0
340 236 127 390 0 0 0
340 236 130 393 8 0 0
348 236 133 396 0 0 0
348 236 136 399 8 8 0
356 244 139 402 0 8 0
356 252 142 405 0 8 0
356 260 145 408 8 -8 0
364 252 148 411 0 -8 0
364 244 151 414 0 0 0
364 244 154 417 8 0 0
372 244 157 420 0 0 0
372 244 160 423 8 -8 0
380 236 163 426 0 8 0
380 244 166 429 0 8 0
380 252 169 432 8 0 0
388 252 172 435 0 8 0
388 260 175 438 0 -8 0
388 252 178 441 8 0 0
396 252 181 444 0 -8 0
396 244 184 447 8 -8 0
404 236 187 450 0 0 0
404 236 190 453 0 8 0
404 244 193 456 8 0 0
412 244 196 459 0 -8 0
412 236 199 462 0 0 0
412 236 202 465 8 0 0
420 236 205 468 0 -8 0
420 228 208 471 8 0 0
428 228 211 474 0 8 0
428 236 214 477 0 0 0
428 236 217 480 8 8 0
436 244 220 483 0 -8 0
436 236 223 486 0 0 0
436 236 226 489 8 -8 0
444 228 229 492 0 0 0
444 228 232 495 8 0 0
452 228 235 498 0 8 0
452 236 238 501 0 0 0
452 236 241 504 8 -8 0
460 228 244 507 0 -8 0
460 220 247 510 0 -8 0
460 212 250 513 8 8 0
468 220 253 516 0 -8 0
468 212 256 519 8 8 0
476 220 259 522 0 8 0
476 228 262 525 0 8 0
476 236 265 528 8 -8 0
484 228 268 531 0 -8 0
484 220 271 534 0 0 0
484 220 274 537 8 -8 0
492 212 277 540 0 -8 0
492 204 280 543 8 8 0
500 212 283 546 0 -8 0
500 204 286 549 0 8 0
500 212 289 552 8 0 0
508 212 292 555 0 -8 0
508 204 295 558 0 -8 0
508 196 298 561 8 8 0
516 204 301 564 0 -8 0
516 196 304 567 8 0 0
524 196 307 570 0 8 0
524 204 310 573 0 8 0
524 212 313 576 8 8 0
532 220 316 579 0 8 0
532 228 319 582 0 0 0
532 228 322 585 8 0 0
540 228 325 588 0 8 0
540 236 328 591 8 -8 0
540 228 331 588 0 8 0
540 236 334 585 0 0 0
540 236 337 582 0 -8 0
540 228 340 579 0 -8 0
540 220 343 576 0 -8 0
540 212 346 573 0 0 0
540 212 349 570 0 0 0
540 212 352 567 0 -8 0
540 204 355 564 0 8 0
540 212 358 561 0 8 0
540 220 361 558 0 8 0
540 228 364 555 0 8 0
540 236 367 552 0 -8 0
540 228 370 549 0 8 0
540 236 373 546 0 -8 0
540 228 376 543 0 8 0
540 236 379 540 0 -8 0
540 228 382 537 0 8 0
540 236 385 534 0 0 0
540 236 388 531 0 0 0
540 236 391 528 0 8 0
540 244 394 525 0 -8 0
540 236 397 522 0 0 0
540 236 400 519 0 8 0
540 244 403 516 0 -8 0
540 236 406 513 0 8 0
540 244 409 510 0 -8 0
540 236 412 507 0 -8 0
540 228 415 504 0 8 0
540 236 418 501 0 8 0
540 244 421 498 0 0 0
540 244 424 495 0 8 0
540 252 427 492 0 0 0
540 252 430 489 -8 0 0
532 252 433 486 0 8 0
532 260 436 483 0 0 0
532 260 439 480 -8 -8 0
524 252 442 477 0 -8 0
524 244 445 474 0 8 0
524 252 448 471 -8 -8 0
516 244 451 468 0 0 0
516 244 454 465 -8 0 0
508 244 457 462 0 0 0
508 244 460 459 0 8 0
508 252 463 456 -8 -8 0
500 244 466 453 0 0 0
500 244 469 450 0 -8 0
500 236 472 447 -8 8 0
492 244 475 444 0 -8 0
492 236 478 441 -8 -8 0
484 228 481 438 0 0 0
484 228 484 435 0 8 0
484 236 487 432 -8 -8 0
476 228 490 429 0 8 0
476 236 493 426 0 0 0
476 236 496 423 -8 8 0
468 244 499 420 0 0 0
468 244 502 417 -8 8 0
460 252 505 414 0 8 0
460 260 508 411 0 0 0
460 260 511 408 -8 -8 0
452 252 514 405 0 0 0
452 252 517 402 0 -8 0
452 244 520 399 -8 -8 0
444 236 523 396 0 8 0
444 244 526 393 -8 8 0
436 252 529 390 0 -8 0
436 244 532 387 0 -8 0
436 236 535 384 -8 0 0
428 236 538 381 0 8 0
428 244 541 378 0 0 0
428 244 544 375 -8 8 0
420 252 547 372 0 -8 0
420 244 550 369 -8 0 0
412 244 553 366 0 8 0
412 252 556 363 0 0 0
412 252 559 360 -8 -8 0
404 244 562 357 0 8 0
404 252 565 354 0 -8 0
404 244 568 351 -8 8 0
396 252 571 348 0 -8 0
396 244 574 345 -8 8 0
388 252 577 342 0 8 0
388 260 580 339 0 -8 0
388 252 583 336 -8 -8 0
380 244 586 333 0 0 0
380 244 589 330 0 -8 0
380 236 592 327 -8 0 0
372 236 595 324 0 -8 0
372 228 598 321 -8 0 0
364 228 601 318 0 8 0
364 236 604 315 0 -8 0
364 228 607 312 -8 -8 0
356 220 610 309 0 8 0
356 228 613 306 0 8 0
356 236 616 303 -8 -8 0
348 228 619 300 0 -8 0
348 220 622 297 -8 8 0
340 228 625 294 0 0 0
340 228 628 291 0 8 0
340 236 631 288 -8 0 0
332 236 634 285 0 0 0
332 236 637 282 0 -8 0
332 228 640 279 -8 0 0
324 228 643 276 0 8 0
324 236 646 273 -8 -8 0
316 228 649 270 0 0 0
316 228 652 267 0 -8 0
316 220 655 264 -8 -8 0
308 212 658 261 0 0 0
308 212 661 258 0 8 0
308 220 664 255 -8 8 0
300 228 667 252 0 0 0
300 228 670 249 -8 0 0
292 228 673 246 0 0 0
292 228 676 243 0 -8 0
292 220 679 240 -8 0 0
284 220 682 237 0 8 0
284 228 685 234 0 0 0
284 228 688 231 -8 8 0
276 236 691 228 0 0 0
276 236 694 225 -8 -8 0
268 228 697 222 0 8 0
268 236 700 219 0 -8 0
268 228 703 216 -8 8 0
260 236 706 213 0 0 0
260 236 709 210 0 -8 0
260 228 712 207 -8 8 0
252 236 715 204 0 8 0
252 244 718 201 -8 -8 0
244 236 721 198 0 -8 0
244 228 724 195 0 0 0
244 228 727 192 -8 -8 0
236 220 730 189 0 0 0
236 220 733 186 0 8 0
236 228 736 183 -8 8 0
228 236 739 180 0 0 0
228 236 742 177 -8 -8 0
220 228 745 174 0 0 0
220 228 748 171 0 0 0
220 228 751 168 -8 8 0
212 236 754 165 0 0 0
212 236 757 162 0 0 0
212 236 760 159 -8 0 0
204 236 763 156 0 -8 0
204 228 766 153 -8 0 0
196 228 769 150 0 0 0
196 228 772 147 0 0 0
196 228 775 144 -8 8 0
188 236 778 141 0 -8 0
188 228 781 138 0 0 1
188 228 781 138 0 0 1
188 228 781 138 0 0 1
188 228 781 138 0 0 1
188 228 781 138 0 0 1
