370 265 538 360 0 0 0
370 265 535 363 0 8 0
370 273 532 366 0 0 0
370 273 529 369 0 8 0
370 281 526 372 0 0 0
370 281 523 375 0 8 0
370 289 520 378 0 0 0
370 289 517 381 0 -8 0
370 281 514 384 0 8 0
370 289 511 387 0 0 0
370 289 508 390 0 0 0
370 289 505 393 0 -8 0
370 281 502 396 0 8 0
370 289 499 399 0 8 0
370 297 496 402 0 0 0
370 297 493 405 0 8 0
370 305 490 408 0 0 0
370 305 487 411 0 0 0
370 305 484 414 0 8 0
370 313 481 417 0 0 0
370 313 478 420 0 0 0
370 313 475 423 8 0 0
378 313 472 426 0 0 0
378 313 469 429 8 0 0
386 313 466 432 0 8 0
386 321 463 435 0 0 0
386 321 460 438 8 -8 0
394 313 457 441 0 -8 0
394 305 454 444 0 -8 0
394 297 451 447 8 8 0
402 305 448 450 0 8 0
402 313 445 453 8 8 0
410 321 442 456 0 0 0
410 321 439 459 0 0 0
410 321 436 462 8 -8 0
418 313 433 465 0 -8 0
418 305 430 468 0 0 0
418 305 427 471 8 -8 0
426 297 424 474 0 -8 0
426 289 421 477 8 -8 0
434 281 418 480 0 0 0
434 281 415 483 0 -8 0
434 273 412 486 8 0 0
442 273 409 489 0 0 0
442 273 406 492 0 0 0
442 273 403 495 8 0 0
450 273 400 498 0 0 0
450 273 397 501 8 8 0
458 281 394 504 0 8 0
458 289 391 507 0 -8 0
458 281 388 510 8 0 0
466 281 385 513 0 8 0
466 289 382 516 0 -8 0
466 281 379 519 8 -8 0
474 273 376 522 0 0 0
474 273 373 525 8 0 0
482 273 370 528 0 -8 0
482 265 367 531 0 8 0
482 273 364 534 8 0 0
490 273 361 537 0 8 0
490 281 358 540 0 -8 0
490 273 355 543 8 8 0
498 281 352 546 0 0 0
498 281 349 549 8 8 0
506 289 346 552 0 -8 0
506 281 343 555 0 -8 0
506 273 340 558 8 -8 0
514 265 337 561 0 8 0
514 273 334 564 0 8 0
514 281 331 567 8 0 0
522 281 328 570 0 -8 0
522 273 325 573 8 0 0
530 273 322 576 0 -8 0
530 265 319 579 0 -8 0
530 257 316 582 8 -8 0
538 249 313 585 0 -8 0
538 241 310 588 0 8 0
538 249 307 591 8 8 0
540 257 304 588 0 8 0
540 265 301 585 0 0 0
540 265 298 582 0 -8 0
540 257 295 579 0 0 0
540 257 292 576 0 0 0
540 257 289 573 0 0 0
540 257 286 570 0 8 0
540 265 283 567 0 -8 0
540 257 280 564 0 8 0
540 265 277 561 0 0 0
540 265 274 558 0 0 0
540 265 271 555 0 8 0
540 273 268 552 0 8 0
540 281 265 549 0 0 0
540 281 262 546 0 -8 0
540 273 259 543 0 -8 0
540 265 256 540 0 0 0
540 265 253 537 0 -8 0
540 257 250 534 0 8 0
540 265 247 531 0 8 0
540 273 244 528 0 0 0
540 273 241 525 0 -8 0
540 265 238 522 0 -8 0
540 257 235 519 0 -8 0
540 249 232 516 0 0 0
540 249 229 513 0 0 0
540 249 226 510 0 -8 0
540 241 223 507 0 -8 0
540 233 220 504 0 0 0
540 233 217 501 0 0 0
540 233 214 498 0 -8 0
540 225 211 495 0 0 0
540 225 208 492 0 8 0
540 233 205 489 -8 0 0
532 233 202 486 0 0 0
532 233 199 483 0 8 0
532 241 196 480 -8 0 0
524 241 193 477 0 0 0
524 241 190 474 0 0 0
524 241 187 471 -8 0 0
516 241 184 468 0 0 0
516 241 181 465 -8 -8 0
508 233 178 462 0 -8 0
508 225 175 459 0 8 0
508 233 172 456 -8 8 0
500 241 169 453 0 0 0
500 241 166 450 0 8 0
500 249 163 447 -8 0 0
492 249 160 444 0 0 0
492 249 157 441 -8 -8 0
484 241 154 438 0 0 0
484 241 151 435 0 8 0
484 249 148 432 -8 8 0
476 257 145 429 0 0 0
476 257 142 426 0 8 0
476 265 139 423 -8 8 0
468 273 136 420 0 0 0
468 273 133 417 -8 -8 0
460 265 130 414 0 -8 0
460 257 127 411 0 0 0
460 257 124 408 -8 0 0
452 257 121 405 0 -8 0
452 249 118 402 0 0 0
452 249 115 399 -8 0 0
444 249 112 396 0 8 0
444 257 109 393 -8 0 0
436 257 106 390 0 0 0
436 257 103 387 0 8 0
436 265 100 384 -8 8 0
428 273 97 381 0 8 0
428 281 94 378 0 0 0
428 281 91 375 -8 -8 0
420 273 88 372 0 8 0
420 281 85 369 -8 0 0
412 281 82 366 0 -8 0
412 273 79 363 0 0 0
412 273 76 360 -8 8 0
404 281 73 357 0 0 0
404 281 70 354 0 8 0
404 289 67 351 -8 -8 0
396 281 64 348 0 0 0
396 281 61 345 -8 0 0
388 281 58 342 0 -8 0
388 273 55 339 0 8 0
388 281 52 336 -8 8 0
380 289 49 333 0 -8 0
380 281 46 330 0 8 0
380 289 43 327 -8 -8 0
372 281 40 324 0 -8 0
372 273 37 321 -8 8 0
364 281 34 318 0 8 0
364 289 31 315 0 8 0
364 297 28 312 -8 -8 0
356 289 25 309 0 8 0
356 297 22 306 0 -8 0
356 289 19 303 0 0 1
356 289 19 303 0 0 1
356 289 19 303 0 0 1
356 289 19 303 0 0 1
356 289 19 303 0 0 1
