295 207 490 204 0 0 0
295 207 487 207 -8 -8 0
287 199 484 210 -8 -8 0
279 191 481 213 -8 8 0
271 199 478 216 -8 0 0
263 199 475 219 0 8 0
263 207 472 222 0 -8 0
263 199 469 225 0 8 0
263 207 466 228 0 0 0
263 207 463 231 0 0 0
263 207 460 234 0 0 0
263 207 457 237 0 -8 0
263 199 454 240 0 8 0
263 207 451 243 0 0 0
263 207 448 246 0 0 0
263 207 445 249 0 0 0
263 207 442 252 0 8 0
263 215 439 255 0 8 0
263 223 436 258 0 8 0
263 231 433 261 0 0 0
263 231 430 264 0 8 0
263 239 427 267 0 -8 0
263 231 424 270 0 -8 0
263 223 421 273 0 8 0
263 231 418 276 0 8 0
263 239 415 279 0 -8 0
263 231 412 282 0 8 0
263 239 409 285 0 -8 0
263 231 406 288 0 0 0
263 231 403 291 0 0 0
263 231 400 294 0 0 0
263 231 397 297 0 0 0
263 231 394 300 0 -8 0
263 223 391 303 0 8 0
263 231 388 306 0 -8 0
263 223 385 309 0 0 0
263 223 382 312 0 0 0
263 223 379 315 8 0 0
271 223 376 318 0 -8 0
271 215 373 321 0 0 0
271 215 370 324 8 8 0
279 223 367 327 0 -8 0
279 215 364 330 8 -8 0
287 207 361 333 0 -8 0
287 199 358 336 0 -8 0
287 191 355 339 8 0 0
295 191 352 342 0 8 0
295 199 349 345 0 0 0
295 199 346 348 8 0 0
303 199 343 351 0 0 0
303 199 340 354 8 -8 0
311 191 337 357 0 -8 0
311 183 334 360 0 -8 0
311 175 331 363 8 0 0
319 175 328 366 0 8 0
319 183 325 369 0 8 0
319 191 322 372 8 8 0
327 199 319 375 0 -8 0
327 191 316 378 8 -8 0
335 183 313 381 0 0 0
335 183 310 384 0 -8 0
335 175 307 387 8 8 0
343 183 304 390 0 -8 0
343 175 301 393 0 8 0
343 183 298 396 8 0 0
351 183 295 399 0 -8 0
351 175 292 402 8 0 0
359 175 289 405 0 8 0
359 183 286 408 0 -8 0
359 175 283 411 8 8 0
367 183 280 414 0 -8 0
367 175 277 417 0 8 0
367 183 274 420 8 8 0
375 191 271 423 0 8 0
375 199 268 426 8 8 0
383 207 265 429 0 0 0
383 207 262 432 0 8 0
383 215 259 435 8 8 0
391 223 256 438 0 8 0
391 231 253 441 0 0 0
391 231 250 444 8 -8 0
399 223 247 447 0 -8 0
399 215 244 450 8 -8 0
407 207 241 453 0 8 0
407 215 238 456 0 -8 0
407 207 235 459 8 8 0
415 215 232 462 0 -8 0
415 207 229 465 0 8 0
415 215 226 468 8 8 0
423 223 223 471 0 8 0
423 231 220 474 8 8 0
431 239 217 477 0 8 0
431 247 214 480 0 -8 0
431 239 211 483 8 8 0
439 247 208 486 0 0 0
439 247 205 489 0 0 0
439 247 202 492 8 0 0
447 247 199 495 0 0 0
447 247 196 498 8 8 0
455 255 193 501 0 0 0
455 255 190 504 0 -8 0
455 247 187 507 8 0 0
463 247 184 510 0 -8 0
463 239 181 513 0 8 0
463 247 178 516 8 0 0
471 247 175 519 0 0 0
471 247 172 522 8 0 0
479 247 169 525 0 0 0
479 247 166 528 0 8 0
479 255 163 531 8 8 0
487 263 160 534 0 8 0
487 271 157 537 0 -8 0
487 263 154 540 8 -8 0
495 255 151 543 0 -8 0
495 247 148 546 8 0 0
503 247 145 549 0 8 0
503 255 142 552 0 0 0
503 255 139 555 8 -8 0
511 247 136 558 0 0 0
511 247 133 561 0 0 0
511 247 130 564 8 -8 0
519 239 127 567 0 0 0
519 239 124 570 8 -8 0
527 231 121 573 0 0 0
527 231 118 576 0 8 0
527 239 115 579 8 0 0
535 239 112 582 0 0 0
535 239 109 585 0 8 0
535 247 106 588 8 8 0
540 255 103 591 8 -8 0
540 247 100 588 0 8 0
540 255 97 585 0 0 0
540 255 94 582 0 -8 0
540 247 91 579 0 -8 0
540 239 88 576 0 0 0
540 239 85 573 0 8 0
540 247 82 570 0 0 0
540 247 79 567 0 -8 0
540 239 76 564 0 0 0
540 239 73 561 0 -8 0
540 231 70 558 0 -8 0
540 223 67 555 0 -8 0
540 215 64 552 0 0 0
540 215 61 549 0 8 0
540 223 58 546 0 -8 0
540 215 55 543 0 8 0
540 223 52 540 0 -8 0
540 215 49 537 0 8 0
540 223 46 534 0 0 0
540 223 43 531 0 0 0
540 223 40 528 0 0 0
540 223 37 525 0 0 0
540 223 34 522 0 8 0
540 231 31 519 0 -8 0
540 223 28 516 0 8 0
540 231 25 513 0 -8 0
540 223 22 510 0 0 0
540 223 19 507 0 0 0
540 223 22 504 0 0 0
540 223 25 501 0 0 0
540 223 28 498 0 0 0
540 223 31 495 0 8 0
540 231 34 492 0 -8 0
540 223 37 489 -8 -8 0
532 215 40 486 0 8 0
532 223 43 483 0 0 0
532 223 46 480 -8 -8 0
524 215 49 477 0 8 0
524 223 52 474 0 0 0
524 223 55 471 -8 8 0
516 231 58 468 0 0 0
516 231 61 465 -8 8 0
508 239 64 462 0 -8 0
508 231 67 459 0 8 0
508 239 70 456 -8 8 0
500 247 73 453 0 -8 0
500 239 76 450 0 8 0
500 247 79 447 -8 8 0
492 255 82 444 0 -8 0
492 247 85 441 -8 8 0
484 255 88 438 0 -8 0
484 247 91 435 0 0 0
484 247 94 432 -8 8 0
476 255 97 429 0 8 0
476 263 100 426 0 0 0
476 263 103 423 -8 8 0
468 271 106 420 0 -8 0
468 263 109 417 -8 0 0
460 263 112 414 0 8 0
460 271 115 411 0 8 0
460 279 118 408 -8 8 0
452 287 121 405 0 -8 0
452 279 124 402 0 8 0
452 287 127 399 -8 -8 0
444 279 130 396 0 0 0
444 279 133 393 -8 8 0
436 287 136 390 0 0 0
436 287 139 387 0 8 0
436 295 142 384 -8 8 0
428 303 145 381 0 -8 0
428 295 148 378 0 8 0
428 303 151 375 -8 8 0
420 311 154 372 0 -8 0
420 303 157 369 -8 0 0
412 303 160 366 0 0 0
412 303 163 363 0 0 0
412 303 166 360 -8 -8 0
404 295 169 357 0 0 0
404 295 172 354 0 -8 0
404 287 175 351 -8 -8 0
396 279 178 348 0 0 0
396 279 181 345 -8 -8 0
388 271 184 342 0 8 0
388 279 187 339 0 -8 0
388 271 190 336 -8 8 0
380 279 193 333 0 8 0
380 287 196 330 0 8 0
380 295 199 327 -8 0 0
372 295 202 324 0 -8 0
372 287 205 321 -8 -8 0
364 279 208 318 0 -8 0
364 271 211 315 0 0 0
364 271 214 312 -8 -8 0
356 263 217 309 0 -8 0
356 255 220 306 0 -8 0
356 247 223 303 -8 -8 0
348 239 226 300 0 0 0
348 239 229 297 -8 8 0
340 247 232 294 0 8 0
340 255 235 291 0 0 0
340 255 238 288 -8 0 0
332 255 241 285 0 0 0
332 255 244 282 0 0 0
332 255 247 279 -8 8 0
324 263 250 276 0 8 0
324 271 253 273 -8 -8 0
316 263 256 270 0 8 0
316 271 259 267 0 8 0
316 279 262 264 -8 0 0
308 279 265 261 0 8 0
308 287 268 258 0 0 0
308 287 271 255 -8 0 0
300 287 274 252 0 -8 0
300 279 277 249 -8 0 0
292 279 280 246 0 8 0
292 287 283 243 0 -8 0
292 279 286 240 -8 8 0
284 287 289 237 0 -8 0
284 279 292 234 0 -8 0
284 271 295 231 -8 -8 0
276 263 298 228 0 -8 0
276 255 301 225 -8 8 0
268 263 304 222 0 0 0
268 263 307 219 0 -8 0
268 255 310 216 -8 0 0
260 255 313 213 0 -8 0
260 247 316 210 0 8 0
260 255 319 207 -8 8 0
252 263 322 204 0 8 0
252 271 325 201 -8 8 0
244 279 328 198 0 8 0
244 287 331 195 0 0 0
244 287 334 192 -8 0 0
236 287 337 189 0 0 0
236 287 340 186 0 -8 0
236 279 343 183 -8 -8 0
228 271 346 180 0 8 0
228 279 349 177 -8 0 0
220 279 352 174 0 -8 0
220 271 355 171 0 -8 0
220 263 358 168 -8 0 0
212 263 361 165 0 8 0
212 271 364 162 0 -8 0
212 263 367 159 -8 0 0
204 263 370 156 0 -8 0
204 255 373 153 -8 -8 0
196 247 376 150 0 0 0
196 247 379 147 0 -8 0
196 239 382 144 -8 0 0
188 239 385 141 0 0 0
188 239 388 138 0 8 0
188 247 391 135 -8 0 0
180 247 394 132 0 0 0
180 247 397 129 -8 8 0
172 255 400 126 0 0 0
172 255 403 123 0 -8 0
172 247 406 120 -8 8 0
164 255 409 117 0 0 0
164 255 412 114 0 -8 0
164 247 415 111 -8 -8 0
156 239 418 108 0 0 0
156 239 421 105 -8 0 0
148 239 424 102 0 8 0
148 247 427 99 0 -8 0
148 239 430 96 -8 0 0
140 239 433 93 0 -8 0
140 231 436 90 0 8 0
140 239 439 87 -8 0 0
132 239 442 84 0 8 0
132 247 445 81 -8 8 0
124 255 448 78 0 8 0
124 263 451 75 0 -8 0
124 255 454 72 -8 8 0
116 263 457 69 0 -8 0
116 255 460 66 0 8 0
116 263 463 63 -8 -8 0
108 255 466 60 0 -8 0
108 247 469 57 -8 0 0
100 247 472 54 0 -8 0
100 239 475 51 0 -8 0
100 231 478 48 -8 8 0
92 239 481 45 0 0 0
92 239 484 42 0 0 0
92 239 487 39 -8 0 0
84 239 490 36 0 -8 0
84 231 493 33 -8 -8 0
76 223 496 30 0 8 0
76 231 499 27 0 -8 0
76 223 502 24 -8 -8 0
68 215 505 21 0 8 0
68 223 508 18 0 0 0
68 223 511 15 -8 -8 0
60 215 514 12 0 -8 0
60 207 517 9 -8 8 0
60 215 520 12 0 -8 0
60 207 523 15 0 0 0
60 207 526 18 0 8 0
60 215 529 21 0 8 0
60 223 532 24 0 -8 0
60 215 535 27 0 -8 0
60 207 538 30 0 8 0
60 215 541 33 0 -8 0
60 207 544 36 0 8 0
60 215 547 39 0 0 0
60 215 550 42 0 -8 0
60 207 553 45 0 0 0
60 207 556 48 0 -8 0
60 199 559 51 0 -8 0
60 191 562 54 0 -8 0
60 183 565 57 0 -8 0
60 175 568 60 0 8 0
60 183 571 63 0 8 0
60 191 574 66 0 0 0
60 191 577 69 0 -8 0
60 183 580 72 0 8 0
60 191 583 75 0 8 0
60 199 586 78 0 0 0
60 199 589 81 0 -8 0
60 191 592 84 0 -8 0
60 183 595 87 0 0 0
60 183 598 90 0 -8 0
60 175 601 93 0 8 0
60 183 604 96 0 8 0
60 191 607 99 0 0 0
60 191 610 102 0 0 0
60 191 613 105 0 8 0
60 199 616 108 0 8 0
60 207 619 111 8 8 0
68 215 622 114 0 -8 0
68 207 625 117 0 -8 0
68 199 628 120 8 8 0
76 207 631 123 0 0 0
76 207 634 126 0 8 0
76 215 637 129 8 -8 0
84 207 640 132 0 8 0
84 215 643 135 8 0 0
92 215 646 138 0 0 0
92 215 649 141 0 -8 0
92 207 652 144 8 0 0
100 207 655 147 0 0 0
100 207 658 150 0 8 0
100 215 661 153 8 8 0
108 223 664 156 0 0 0
108 223 667 159 8 0 0
116 223 670 162 0 0 0
116 223 673 165 0 -8 0
116 215 676 168 8 0 0
124 215 679 171 0 -8 0
124 207 682 174 0 8 0
124 215 685 177 8 -8 0
132 207 688 180 0 8 0
132 215 691 183 8 -8 0
140 207 694 186 0 -8 0
140 199 697 189 0 0 0
140 199 700 192 8 -8 0
148 191 703 195 0 8 0
148 199 706 198 0 -8 0
148 191 709 201 8 -8 0
156 183 712 204 0 0 0
156 183 715 207 8 8 0
164 191 718 210 0 -8 0
164 183 721 213 0 0 0
164 183 724 216 8 -8 0
172 175 727 219 0 8 0
172 183 730 222 0 0 0
172 183 733 225 8 -8 0
180 175 736 228 0 8 0
180 183 739 231 8 8 0
188 191 742 234 0 8 0
188 199 745 237 0 8 0
188 207 748 240 8 8 0
196 215 751 243 0 -8 0
196 207 754 246 0 -8 0
196 199 757 249 8 -8 0
204 191 760 252 0 0 0
204 191 763 255 8 8 0
212 199 766 258 0 -8 0
212 191 769 261 0 8 0
212 199 772 264 8 -8 0
220 191 775 267 0 -8 0
220 183 778 270 0 0 0
220 183 781 273 0 0 1
220 183 781 273 0 0 1
220 183 781 273 0 0 1
220 183 781 273 0 0 1
220 183 781 273 0 0 1
