255 217 550 336 0 0 0
255 217 547 339 8 -8 0
263 209 544 342 8 0 0
271 209 541 345 8 0 0
279 209 538 348 8 -8 0
287 201 535 351 8 -8 0
295 193 532 354 8 8 0
303 201 529 357 8 8 0
311 209 526 360 0 8 0
311 217 523 363 8 -8 0
319 209 520 366 0 8 0
319 217 517 369 0 0 0
319 217 514 372 8 8 0
327 225 511 375 0 0 0
327 225 508 378 8 0 0
335 225 505 381 0 0 0
335 225 502 384 0 8 0
335 233 499 387 8 0 0
343 233 496 390 0 8 0
343 241 493 393 0 8 0
343 249 490 396 8 -8 0
351 241 487 399 0 0 0
351 241 484 402 8 -8 0
359 233 481 405 0 8 0
359 241 478 408 0 -8 0
359 233 475 411 8 -8 0
367 225 472 414 0 8 0
367 233 469 417 0 0 0
367 233 466 420 8 8 0
375 241 463 423 0 -8 0
375 233 460 426 8 -8 0
383 225 457 429 0 8 0
383 233 454 432 0 -8 0
383 225 451 435 8 0 0
391 225 448 438 0 8 0
391 233 445 441 0 0 0
391 233 442 444 8 -8 0
399 225 439 447 0 8 0
399 233 436 450 8 0 0
407 233 433 453 0 -8 0
407 225 430 456 0 8 0
407 233 427 459 8 0 0
415 233 424 462 0 -8 0
415 225 421 465 0 8 0
415 233 418 468 8 -8 0
423 225 415 471 0 -8 0
423 217 412 474 8 8 0
431 225 409 477 0 -8 0
431 217 406 480 0 -8 0
431 209 403 483 8 0 0
439 209 400 486 0 8 0
439 217 397 489 0 -8 0
439 209 394 492 8 8 0
447 217 391 495 0 -8 0
447 209 388 498 8 8 0
455 217 385 501 0 0 0
455 217 382 504 0 -8 0
455 209 379 507 8 0 0
463 209 376 510 0 -8 0
463 201 373 513 0 0 0
463 201 370 516 8 8 0
471 209 367 519 0 0 0
471 209 364 522 8 -8 0
479 201 361 525 0 8 0
479 209 358 528 0 -8 0
479 201 355 531 8 -8 0
487 193 352 534 0 -8 0
487 185 349 537 0 -8 0
487 177 346 540 8 0 0
495 177 343 543 0 0 0
495 177 340 546 8 8 0
503 185 337 549 0 -8 0
503 177 334 552 0 0 0
503 177 331 555 8 0 0
511 177 328 558 0 -8 0
511 169 325 561 0 0 0
511 169 322 564 8 -8 0
519 161 319 567 0 8 0
519 169 316 570 8 -8 0
527 161 313 573 0 0 0
527 161 310 576 0 -8 0
527 153 307 579 8 8 0
535 161 304 582 0 -8 0
535 153 301 585 0 8 0
535 161 298 588 8 8 0
540 169 295 591 8 -8 0
540 161 292 588 0 0 0
540 161 289 585 0 -8 0
540 153 286 582 0 -8 0
540 145 283 579 0 8 0
540 153 280 576 0 8 0
540 161 277 573 0 0 0
540 161 274 570 0 8 0
540 169 271 567 0 0 0
540 169 268 564 0 0 0
540 169 265 561 0 8 0
540 177 262 558 0 8 0
540 185 259 555 0 8 0
540 193 256 552 0 0 0
540 193 253 549 0 8 0
540 201 250 546 0 0 0
540 201 247 543 0 -8 0
540 193 244 540 0 8 0
540 201 241 537 0 0 0
540 201 238 534 0 0 0
540 201 235 531 0 0 0
540 201 232 528 0 -8 0
540 193 229 525 0 -8 0
540 185 226 522 0 -8 0
540 177 223 519 0 -8 0
540 169 220 516 0 8 0
540 177 217 513 0 0 0
540 177 214 510 0 8 0
540 185 211 507 0 8 0
540 193 208 504 0 8 0
540 201 205 501 0 8 0
540 209 202 498 0 0 0
540 209 199 495 0 8 0
540 217 196 492 0 0 0
540 217 193 489 -8 0 0
532 217 190 486 0 -8 0
532 209 187 483 0 -8 0
532 201 184 480 -8 -8 0
524 193 181 477 0 8 0
524 201 178 474 0 8 0
524 209 175 471 -8 8 0
516 217 172 468 0 0 0
516 217 169 465 -8 8 0
508 225 166 462 0 8 0
508 233 163 459 0 -8 0
508 225 160 456 -8 0 0
500 225 157 453 0 8 0
500 233 154 450 0 0 0
500 233 151 447 -8 -8 0
492 225 148 444 0 -8 0
492 217 145 441 -8 -8 0
484 209 142 438 0 0 0
484 209 139 435 0 0 0
484 209 136 432 -8 8 0
476 217 133 429 0 0 0
476 217 130 426 0 0 0
476 217 127 423 -8 8 0
468 225 124 420 0 -8 0
468 217 121 417 -8 -8 0
460 209 118 414 0 0 0
460 209 115 411 0 8 0
460 217 112 408 -8 -8 0
452 209 109 405 0 8 0
452 217 106 402 0 0 0
452 217 103 399 -8 -8 0
444 209 100 396 0 0 0
444 209 97 393 -8 -8 0
436 201 94 390 0 0 0
436 201 91 387 0 8 0
436 209 88 384 -8 -8 0
428 201 85 381 0 0 0
428 201 82 378 0 -8 0
428 193 79 375 -8 8 0
420 201 76 372 0 8 0
420 209 73 369 -8 0 0
412 209 70 366 0 0 0
412 209 67 363 0 8 0
412 217 64 360 -8 8 0
404 225 61 357 0 0 0
404 225 58 354 0 -8 0
404 217 55 351 -8 0 0
396 217 52 348 0 8 0
396 225 49 345 -8 8 0
388 233 46 342 0 8 0
388 241 43 339 0 0 0
388 241 40 336 -8 8 0
380 249 37 333 0 0 0
380 249 34 330 0 8 0
380 257 31 327 -8 8 0
372 265 28 324 0 8 0
372 273 25 321 -8 8 0
364 281 22 318 0 -8 0
364 273 19 315 0 -8 0
364 265 22 312 -8 8 0
356 273 25 309 0 8 0
356 281 28 306 0 0 0
356 281 31 303 -8 -8 0
348 273 34 300 0 0 0
348 273 37 297 -8 0 0
340 273 40 294 0 8 0
340 281 43 291 0 8 0
340 289 46 288 -8 0 0
332 289 49 285 0 0 0
332 289 52 282 0 0 0
332 289 55 279 -8 8 0
324 297 58 276 0 -8 0
324 289 61 273 -8 -8 0
316 281 64 270 0 0 0
316 281 67 267 0 0 0
316 281 70 264 -8 -8 0
308 273 73 261 0 0 0
308 273 76 258 0 8 0
308 281 79 255 -8 8 0
300 289 82 252 0 0 0
300 289 85 249 -8 8 0
292 297 88 246 0 -8 0
292 289 91 243 0 -8 0
292 281 94 240 -8 8 0
284 289 97 237 0 0 0
284 289 100 234 0 -8 0
284 281 103 231 -8 8 0
276 289 106 228 0 8 0
276 297 109 225 -8 0 0
268 297 112 222 0 0 0
268 297 115 219 0 8 0
268 305 118 216 -8 0 0
260 305 121 213 0 8 0
260 313 124 210 0 -8 0
260 305 127 207 -8 0 0
252 305 130 204 0 8 0
252 313 133 201 -8 -8 0
244 305 136 198 0 8 0
244 313 139 195 0 0 0
244 313 142 192 -8 0 0
236 313 145 189 0 -8 0
236 305 148 186 0 0 0
236 305 151 183 -8 0 0
228 305 154 180 0 -8 0
228 297 157 177 -8 0 0
220 297 160 174 0 8 0
220 305 163 171 0 0 0
220 305 166 168 -8 -8 0
212 297 169 165 0 -8 0
212 289 172 162 0 8 0
212 297 175 159 -8 -8 0
204 289 178 156 0 8 0
204 297 181 153 -8 -8 0
196 289 184 150 0 -8 0
196 281 187 147 0 -8 0
196 273 190 144 -8 0 0
188 273 193 141 0 8 0
188 281 196 138 0 8 0
188 289 199 135 -8 0 0
180 289 202 132 0 0 0
180 289 205 129 -8 0 0
172 289 208 126 0 0 0
172 289 211 123 0 0 0
172 289 214 120 -8 8 0
164 297 217 117 0 8 0
164 305 220 114 0 8 0
164 313 223 111 -8 -8 0
156 305 226 108 0 0 0
156 305 229 105 -8 -8 0
148 297 232 102 0 0 0
148 297 235 99 0 8 0
148 305 238 96 -8 0 0
140 305 241 93 0 8 0
140 313 244 90 0 8 0
140 321 247 87 -8 8 0
132 329 250 84 0 0 0
132 329 253 81 -8 8 0
124 337 256 78 0 0 0
124 337 259 75 0 -8 0
124 329 262 72 -8 8 0
116 337 265 69 0 0 0
116 337 268 66 0 -8 0
116 329 271 63 -8 0 0
108 329 274 60 0 8 0
108 337 277 57 -8 8 0
100 345 280 54 0 8 0
100 353 283 51 0 0 0
100 353 286 48 -8 8 0
92 361 289 45 0 -8 0
92 353 292 42 0 8 0
92 361 295 39 -8 -8 0
84 353 298 36 0 -8 0
84 345 301 33 -8 8 0
76 353 304 30 0 -8 0
76 345 307 27 0 -8 0
76 337 310 24 -8 0 0
68 337 313 21 0 0 0
68 337 316 18 0 8 0
68 345 319 15 -8 8 0
60 353 322 12 0 0 0
60 353 325 9 -8 8 0
60 361 328 12 0 0 0
60 361 331 15 0 -8 0
60 353 334 18 0 8 0
60 361 337 21 0 8 0
60 369 340 24 0 -8 0
60 361 343 27 0 -8 0
60 353 346 30 0 0 0
60 353 349 33 0 0 0
60 353 352 36 0 0 0
60 353 355 39 0 -8 0
60 345 358 42 0 0 0
60 345 361 45 0 0 0
60 345 364 48 0 -8 0
60 337 367 51 0 0 0
60 337 370 54 0 -8 0
60 329 373 57 0 -8 0
60 321 376 60 0 0 0
60 321 379 63 0 8 0
60 329 382 66 0 -8 0
60 321 385 69 0 0 0
60 321 388 72 0 0 0
60 321 391 75 0 -8 0
60 313 394 78 0 0 0
60 313 397 81 0 -8 0
60 305 400 84 0 -8 0
60 297 403 87 0 8 0
60 305 406 90 0 8 0
60 313 409 93 0 0 0
60 313 412 96 0 0 0
60 313 415 99 0 8 0
60 321 418 102 0 -8 0
60 313 421 105 0 0 0
60 313 424 108 0 -8 0
60 305 427 111 8 0 0
68 305 430 114 0 8 0
68 313 433 117 0 -8 0
68 305 436 120 8 0 0
76 305 439 123 0 -8 0
76 297 442 126 0 0 0
76 297 445 129 8 8 0
84 305 448 132 0 0 0
84 305 451 135 8 0 0
92 305 454 138 0 8 0
92 313 457 141 0 -8 0
92 305 460 144 8 8 0
100 313 463 147 0 -8 0
100 305 466 150 0 0 0
100 305 469 153 8 8 0
108 313 472 156 0 0 0
108 313 475 159 8 -8 0
116 305 478 162 0 0 0
116 305 481 165 0 8 0
116 313 484 168 8 8 0
124 321 487 171 0 0 0
124 321 490 174 0 0 0
124 321 493 177 8 -8 0
132 313 496 180 0 8 0
132 321 499 183 8 8 0
140 329 502 186 0 8 0
140 337 505 189 0 -8 0
140 329 508 192 8 0 0
148 329 511 195 0 8 0
148 337 514 198 0 8 0
148 345 517 201 8 -8 0
156 337 520 204 0 -8 0
156 329 523 207 8 8 0
164 337 526 210 0 8 0
164 345 529 213 0 -8 0
164 337 532 216 8 -8 0
172 329 535 219 0 -8 0
172 321 538 222 0 -8 0
172 313 541 225 8 8 0
180 321 544 228 0 0 0
180 321 547 231 8 -8 0
188 313 550 234 0 8 0
188 321 553 237 0 8 0
188 329 556 240 8 -8 0
196 321 559 243 0 -8 0
196 313 562 246 0 0 0
196 313 565 249 8 0 0
204 313 568 252 0 8 0
204 321 571 255 8 8 0
212 329 574 258 0 0 0
212 329 577 261 0 8 0
212 337 580 264 8 0 0
220 337 583 267 0 0 0
220 337 586 270 0 -8 0
220 329 589 273 8 8 0
228 337 592 276 0 -8 0
228 329 595 279 8 -8 0
236 321 598 282 0 8 0
236 329 601 285 0 8 0
236 337 604 288 8 -8 0
244 329 607 291 0 8 0
244 337 610 294 0 8 0
244 345 613 297 8 0 0
252 345 616 300 0 0 0
252 345 619 303 8 0 0
260 345 622 306 0 8 0
260 353 625 309 0 8 0
260 361 628 312 8 8 0
268 369 631 315 0 8 0
268 377 634 318 0 -8 0
268 369 637 321 8 0 0
276 369 640 324 0 0 0
276 369 643 327 8 8 0
284 377 646 330 0 -8 0
284 369 649 333 0 -8 0
284 361 652 336 8 8 0
292 369 655 339 0 8 0
292 377 658 342 0 -8 0
292 369 661 345 8 8 0
300 377 664 348 0 -8 0
300 369 667 351 8 8 0
308 377 670 354 0 0 0
308 377 673 357 0 -8 0
308 369 676 360 8 -8 0
316 361 679 363 0 -8 0
316 353 682 366 0 0 0
316 353 685 369 8 0 0
324 353 688 372 0 8 0
324 361 691 375 8 -8 0
332 353 694 378 0 0 0
332 353 697 381 0 8 0
332 361 700 384 8 0 0
340 361 703 387 0 8 0
340 369 706 390 0 0 0
340 369 709 393 8 -8 0
348 361 712 396 0 8 0
348 369 715 399 8 8 0
356 377 718 402 0 -8 0
356 369 721 405 0 -8 0
356 361 724 408 8 0 0
364 361 727 411 0 -8 0
364 353 730 414 0 -8 0
364 345 733 417 8 -8 0
372 337 736 420 0 -8 0
372 329 739 423 8 8 0
380 337 742 426 0 -8 0
380 329 745 429 0 8 0
380 337 748 432 8 0 0
388 337 751 435 0 8 0
388 345 754 438 0 -8 0
388 337 757 441 8 0 0
396 337 760 444 0 -8 0
396 329 763 447 8 -8 0
404 321 766 450 0 0 0
404 321 769 453 0 8 0
404 329 772 456 8 0 0
412 329 775 459 0 8 0
412 337 778 462 0 0 0
412 337 781 465 0 0 1
412 337 781 465 0 0 1
412 337 781 465 0 0 1
412 337 781 465 0 0 1
412 337 781 465 0 0 1
