289 288 256 252 0 0 0
289 288 253 255 0 -8 0
289 280 250 258 0 -8 0
289 272 247 261 0 0 0
289 272 244 264 0 8 0
289 280 241 267 0 -8 0
289 272 238 270 0 8 0
289 280 235 273 0 0 0
289 280 232 276 0 0 0
289 280 229 279 0 -8 0
289 272 226 282 0 0 0
289 272 223 285 0 8 0
289 280 220 288 0 8 0
289 288 217 291 0 8 0
289 296 214 294 0 0 0
289 296 211 297 0 0 0
289 296 208 300 0 0 0
289 296 205 303 0 0 0
289 296 202 306 0 -8 0
289 288 199 309 0 0 0
289 288 196 312 0 8 0
289 296 193 315 0 -8 0
289 288 190 318 0 0 0
289 288 187 321 0 -8 0
289 280 184 324 0 8 0
289 288 181 327 0 -8 0
289 280 178 330 0 -8 0
289 272 175 333 0 8 0
289 280 172 336 0 -8 0
289 272 169 339 0 -8 0
289 264 166 342 8 0 0
297 264 163 345 0 8 0
297 272 160 348 8 -8 0
305 264 157 351 0 0 0
305 264 154 354 0 0 0
305 264 151 357 8 0 0
313 264 148 360 0 0 0
313 264 145 363 0 8 0
313 272 142 366 8 8 0
321 280 139 369 0 8 0
321 288 136 372 8 0 0
329 288 133 375 0 0 0
329 288 130 378 0 8 0
329 296 127 381 8 0 0
337 296 124 384 0 -8 0
337 288 121 387 0 -8 0
337 280 118 390 8 -8 0
345 272 115 393 0 0 0
345 272 112 396 8 8 0
353 280 109 399 0 0 0
353 280 106 402 0 0 0
353 280 103 405 8 0 0
361 280 100 408 0 0 0
361 280 97 411 0 -8 0
361 272 94 414 8 0 0
369 272 91 417 0 -8 0
369 264 88 420 8 0 0
377 264 85 423 0 -8 0
377 256 82 426 0 0 0
377 256 79 429 8 -8 0
385 248 76 432 0 -8 0
385 240 73 435 0 8 0
385 248 70 438 8 8 0
393 256 67 441 0 0 0
393 256 64 444 8 0 0
401 256 61 447 0 0 0
401 256 58 450 0 0 0
401 256 55 453 8 8 0
409 264 52 456 0 8 0
409 272 49 459 0 0 0
409 272 46 462 8 -8 0
417 264 43 465 0 0 0
417 264 40 468 8 -8 0
425 256 37 471 0 8 0
425 264 34 474 0 0 0
425 264 31 477 8 0 0
433 264 28 480 0 -8 0
433 256 25 483 0 -8 0
433 248 22 486 8 0 0
441 248 19 489 0 -8 0
441 240 22 492 8 0 0
449 240 25 495 0 8 0
449 248 28 498 0 0 0
449 248 31 501 8 8 0
457 256 34 504 0 -8 0
457 248 37 507 0 8 0
457 256 40 510 8 0 0
465 256 43 513 0 0 0
465 256 46 516 8 8 0
473 264 49 519 0 0 0
473 264 52 522 0 -8 0
473 256 55 525 8 8 0
481 264 58 528 0 8 0
481 272 61 531 0 0 0
481 272 64 534 8 8 0
489 280 67 537 0 0 0
489 280 70 540 8 -8 0
497 272 73 543 0 0 0
497 272 76 546 0 0 0
497 272 79 549 8 8 0
505 280 82 552 0 0 0
505 280 85 555 0 -8 0
505 272 88 558 8 0 0
513 272 91 561 0 8 0
513 280 94 564 8 8 0
521 288 97 567 0 0 0
521 288 100 570 0 0 0
521 288 103 573 8 -8 0
529 280 106 576 0 8 0
529 288 109 579 0 8 0
529 296 112 582 8 -8 0
537 288 115 585 0 0 0
537 288 118 588 8 -8 0
540 280 121 591 8 8 0
540 288 124 588 0 -8 0
540 280 127 585 0 8 0
540 288 130 582 0 0 0
540 288 133 579 0 8 0
540 296 136 576 0 0 0
540 296 139 573 0 0 0
540 296 142 570 0 0 0
540 296 145 567 0 0 0
540 296 148 564 0 8 0
540 304 151 561 0 0 0
540 304 154 558 0 0 0
540 304 157 555 0 8 0
540 312 160 552 0 0 0
540 312 163 549 0 8 0
540 320 166 546 0 -8 0
540 312 169 543 0 8 0
540 320 172 540 0 -8 0
540 312 175 537 0 8 0
540 320 178 534 0 -8 0
540 312 181 531 0 8 0
540 320 184 528 0 -8 0
540 312 187 525 0 -8 0
540 304 190 522 0 -8 0
540 296 193 519 0 -8 0
540 288 196 516 0 8 0
540 296 199 513 0 0 0
540 296 202 510 0 -8 0
540 288 205 507 0 0 0
540 288 208 504 0 -8 0
540 280 211 501 0 0 0
540 280 214 498 0 -8 0
540 272 217 495 0 -8 0
540 264 220 492 0 0 0
540 264 223 489 -8 8 0
532 272 226 486 0 8 0
532 280 229 483 0 -8 0
532 272 232 480 -8 -8 0
524 264 235 477 0 -8 0
524 256 238 474 0 8 0
524 264 241 471 -8 0 0
516 264 244 468 0 -8 0
516 256 247 465 -8 8 0
508 264 250 462 0 0 0
508 264 253 459 0 -8 0
508 256 256 456 -8 8 0
500 264 259 453 0 -8 0
500 256 262 450 0 0 0
500 256 265 447 -8 8 0
492 264 268 444 0 -8 0
492 256 271 441 -8 0 0
484 256 274 438 0 -8 0
484 248 277 435 0 -8 0
484 240 280 432 -8 -8 0
476 232 283 429 0 -8 0
476 224 286 426 0 -8 0
476 216 289 423 -8 0 0
468 216 292 420 0 8 0
468 224 295 417 -8 8 0
460 232 298 414 0 -8 0
460 224 301 411 0 -8 0
460 216 304 408 -8 0 0
452 216 307 405 0 0 0
452 216 310 402 0 -8 0
452 208 313 399 -8 -8 0
444 200 316 396 0 0 0
444 200 319 393 -8 0 0
436 200 322 390 0 8 0
436 208 325 387 0 -8 0
436 200 328 384 -8 8 0
428 208 331 381 0 8 0
428 216 334 378 0 8 0
428 224 337 375 -8 -8 0
420 216 340 372 0 8 0
420 224 343 369 -8 8 0
412 232 346 366 0 0 0
412 232 349 363 0 -8 0
412 224 352 360 -8 8 0
404 232 355 357 0 0 0
404 232 358 354 0 -8 0
404 224 361 351 -8 -8 0
396 216 364 348 0 8 0
396 224 367 345 -8 -8 0
388 216 370 342 0 0 0
388 216 373 339 0 0 0
388 216 376 336 -8 -8 0
380 208 379 333 0 -8 0
380 200 382 330 0 8 0
380 208 385 327 -8 8 0
372 216 388 324 0 0 0
372 216 391 321 -8 8 0
364 224 394 318 0 -8 0
364 216 397 315 0 8 0
364 224 400 312 -8 0 0
356 224 403 309 0 0 0
356 224 406 306 0 0 0
356 224 409 303 -8 0 0
348 224 412 300 0 0 0
348 224 415 297 -8 -8 0
340 216 418 294 0 -8 0
340 208 421 291 0 0 0
340 208 424 288 -8 8 0
332 216 427 285 0 8 0
332 224 430 282 0 8 0
332 232 433 279 -8 8 0
324 240 436 276 0 0 0
324 240 439 273 -8 0 0
316 240 442 270 0 -8 0
316 232 445 267 0 8 0
316 240 448 264 -8 -8 0
308 232 451 261 0 -8 0
308 224 454 258 0 -8 0
308 216 457 255 -8 -8 0
300 208 460 252 0 0 0
300 208 463 249 -8 8 0
292 216 466 246 0 8 0
292 224 469 243 0 0 0
292 224 472 240 -8 -8 0
284 216 475 237 0 0 0
284 216 478 234 0 -8 0
284 208 481 231 -8 -8 0
276 200 484 228 0 0 0
276 200 487 225 -8 0 0
268 200 490 222 0 -8 0
268 192 493 219 0 -8 0
268 184 496 216 -8 0 0
260 184 499 213 0 0 0
260 184 502 210 0 0 0
260 184 505 207 -8 -8 0
252 176 508 204 0 8 0
252 184 511 201 -8 8 0
244 192 514 198 0 0 0
244 192 517 195 0 0 0
244 192 520 192 -8 0 0
236 192 523 189 0 0 0
236 192 526 186 0 0 0
236 192 529 183 -8 0 0
228 192 532 180 0 8 0
228 200 535 177 -8 -8 0
220 192 538 174 0 8 0
220 200 541 171 0 -8 0
220 192 544 168 -8 -8 0
212 184 547 165 0 0 0
212 184 550 162 0 0 0
212 184 553 159 -8 0 0
204 184 556 156 0 0 0
204 184 559 153 -8 0 0
196 184 562 150 0 8 0
196 192 565 147 0 0 0
196 192 568 144 -8 0 0
188 192 571 141 0 -8 0
188 184 574 138 0 0 0
188 184 577 135 -8 0 0
180 184 580 132 0 -8 0
180 176 583 129 -8 -8 0
172 168 586 126 0 0 0
172 168 589 123 0 8 0
172 176 592 120 -8 -8 0
164 168 595 117 0 -8 0
164 160 598 114 0 8 0
164 168 601 111 -8 0 0
156 168 604 108 0 8 0
156 176 607 105 -8 8 0
148 184 610 102 0 -8 0
148 176 613 99 0 0 0
148 176 616 96 -8 -8 0
140 168 619 93 0 -8 0
140 160 622 90 0 0 0
140 160 625 87 -8 0 0
132 160 628 84 0 8 0
132 168 631 81 -8 8 0
124 176 634 78 0 0 0
124 176 637 75 0 -8 0
124 168 640 72 -8 -8 0
116 160 643 69 0 8 0
116 168 646 66 0 8 0
116 176 649 63 -8 0 0
108 176 652 60 0 0 0
108 176 655 57 -8 -8 0
100 168 658 54 0 0 0
100 168 661 51 0 -8 0
100 160 664 48 -8 0 0
92 160 667 45 0 -8 0
92 152 670 42 0 -8 0
92 144 673 39 -8 0 0
84 144 676 36 0 -8 0
84 136 679 33 -8 8 0
76 144 682 30 0 8 0
76 152 685 27 0 0 0
76 152 688 24 -8 -8 0
68 144 691 21 0 8 0
68 152 694 18 0 8 0
68 160 697 15 -8 0 0
60 160 700 12 0 -8 0
60 152 703 9 -8 8 0
60 160 706 12 0 0 0
60 160 709 15 0 8 0
60 168 712 18 0 0 0
60 168 715 21 0 -8 0
60 160 718 24 0 -8 0
60 152 721 27 0 -8 0
60 144 724 30 0 8 0
60 152 727 33 0 0 0
60 152 730 36 0 0 0
60 152 733 39 0 8 0
60 160 736 42 0 0 0
60 160 739 45 0 0 0
60 160 742 48 0 8 0
60 168 745 51 0 -8 0
60 160 748 54 0 -8 0
60 152 751 57 0 8 0
60 160 754 60 0 0 0
60 160 757 63 0 8 0
60 168 760 66 0 -8 0
60 160 763 69 0 8 0
60 168 766 72 0 -8 0
60 160 769 75 0 8 0
60 168 772 78 0 0 0
60 168 775 81 0 8 0
60 176 778 84 0 -8 0
60 168 781 87 0 0 1
60 168 781 87 0 0 1
60 168 781 87 0 0 1
60 168 781 87 0 0 1
60 168 781 87 0 0 1
