119 430 406 162 0 0 0
119 430 409 165 0 8 0
119 438 412 168 0 8 0
119 446 415 171 8 0 0
127 446 418 174 0 0 0
127 446 421 177 0 -8 0
127 438 424 180 8 0 0
135 438 427 183 0 -8 0
135 430 430 186 8 -8 0
143 422 433 189 0 8 0
143 430 436 192 0 -8 0
143 422 439 195 8 -8 0
151 414 442 198 0 -8 0
151 406 445 201 0 8 0
151 414 448 204 8 8 0
159 422 451 207 0 8 0
159 430 454 210 8 -8 0
167 422 457 213 0 8 0
167 430 460 216 0 8 0
167 438 463 219 8 0 0
175 438 466 222 0 8 0
175 446 469 225 0 8 0
175 454 472 228 8 8 0
183 462 475 231 0 -8 0
183 454 478 234 8 0 0
191 454 481 237 0 -8 0
191 446 484 240 0 8 0
191 454 487 243 8 8 0
199 462 490 246 0 -8 0
199 454 493 249 0 -8 0
199 446 496 252 8 -8 0
207 438 499 255 0 -8 0
207 430 502 258 8 0 0
215 430 505 261 0 8 0
215 438 508 264 0 8 0
215 446 511 267 8 -8 0
223 438 514 270 0 -8 0
223 430 517 273 0 0 0
223 430 520 276 8 -8 0
231 422 523 279 0 8 0
231 430 526 282 8 8 0
239 438 529 285 0 -8 0
239 430 532 288 0 8 0
239 438 535 291 8 8 0
247 446 538 294 0 8 0
247 454 541 297 0 0 0
247 454 544 300 8 8 0
255 462 547 303 0 8 0
255 470 550 306 8 8 0
263 478 553 309 0 8 0
263 486 556 312 0 0 0
263 486 559 315 8 -8 0
271 478 562 318 0 8 0
271 486 565 321 0 0 0
271 486 568 324 8 0 0
279 486 571 327 0 8 0
279 494 574 330 8 8 0
287 502 577 333 0 -8 0
287 494 580 336 0 0 0
287 494 583 339 8 -8 0
295 486 586 342 0 8 0
295 494 589 345 0 -8 0
295 486 592 348 8 0 0
303 486 595 351 0 0 0
303 486 598 354 8 -8 0
311 478 601 357 0 0 0
311 478 604 360 0 -8 0
311 470 607 363 8 0 0
319 470 610 366 0 0 0
319 470 613 369 0 -8 0
319 462 616 372 8 0 0
327 462 619 375 0 8 0
327 470 622 378 8 8 0
335 478 625 381 0 0 0
335 478 628 384 0 0 0
335 478 631 387 8 0 0
343 478 634 390 0 8 0
343 486 637 393 0 0 0
343 486 640 396 8 8 0
351 494 643 399 0 8 0
351 502 646 402 8 -8 0
359 494 649 405 0 -8 0
359 486 652 408 0 0 0
359 486 655 411 8 0 0
367 486 658 414 0 -8 0
367 478 661 417 0 8 0
367 486 664 420 8 -8 0
375 478 667 423 0 0 0
375 478 670 426 8 0 0
383 478 673 429 0 -8 0
383 470 676 432 0 0 0
383 470 679 435 8 0 0
391 470 682 438 0 8 0
391 478 685 441 0 -8 0
391 470 688 444 8 8 0
399 478 691 447 0 -8 0
399 470 694 450 8 0 0
407 470 697 453 0 -8 0
407 462 700 456 0 -8 0
407 454 703 459 8 -8 0
415 446 706 462 0 -8 0
415 438 709 465 0 8 0
415 446 712 468 8 -8 0
423 438 715 471 0 8 0
423 446 718 474 8 0 0
431 446 721 477 0 -8 0
431 438 724 480 0 -8 0
431 430 727 483 8 0 0
439 430 730 486 0 0 0
439 430 733 489 0 0 0
439 430 736 492 8 -8 0
447 422 739 495 0 0 0
447 422 742 498 8 8 0
455 430 745 501 0 0 0
455 430 748 504 0 0 0
455 430 751 507 8 -8 0
463 422 754 510 0 8 0
463 430 757 513 0 8 0
463 438 760 516 8 8 0
471 446 763 519 0 8 0
471 454 766 522 8 0 0
479 454 769 525 0 -8 0
479 446 772 528 0 8 0
479 454 775 531 8 8 0
487 462 778 534 0 0 0
487 462 781 537 0 0 1
487 462 781 537 0 0 1
487 462 781 537 0 0 1
487 462 781 537 0 0 1
487 462 781 537 0 0 1
