80 533 187 138 0 0 0
80 533 184 135 8 -8 0
88 525 181 132 0 -8 0
88 517 178 129 0 0 0
88 517 175 126 0 8 0
88 525 172 123 0 0 0
88 525 169 120 0 0 0
88 525 166 117 0 8 0
88 533 163 114 0 0 0
88 533 160 111 0 0 0
88 533 157 108 0 0 0
88 533 154 105 0 -8 0
88 525 151 102 0 8 0
88 533 148 99 0 8 0
88 540 145 96 0 8 0
88 540 142 93 0 8 0
88 540 139 90 0 0 0
88 540 136 87 0 0 0
88 540 133 84 0 -8 0
88 532 130 81 0 -8 0
88 524 127 78 0 -8 0
88 516 124 75 0 8 0
88 524 121 72 0 -8 0
88 516 118 69 0 8 0
88 524 115 66 0 8 0
88 532 112 63 0 0 0
88 532 109 60 0 8 0
88 540 106 57 0 0 0
88 540 103 54 0 0 0
88 540 100 51 0 -8 0
88 532 97 48 0 8 0
88 540 94 45 0 8 0
88 540 91 42 0 8 0
88 540 88 39 0 0 0
88 540 85 36 -8 0 0
80 540 82 33 0 -8 0
80 532 79 30 0 -8 0
80 524 76 27 -8 -8 0
72 516 73 24 0 0 0
72 516 70 21 -8 0 0
64 516 67 18 0 -8 0
64 508 64 15 0 -8 0
64 500 61 12 -8 0 0
60 500 58 9 -8 8 0
60 508 55 12 0 -8 0
60 500 52 15 0 0 0
60 500 49 18 0 8 0
60 508 46 21 0 0 0
60 508 43 24 0 8 0
60 516 40 27 0 -8 0
60 508 37 30 0 8 0
60 516 34 33 0 0 0
60 516 31 36 0 8 0
60 524 28 39 0 -8 0
60 516 25 42 0 8 0
60 524 22 45 0 0 0
60 524 19 48 0 -8 0
60 516 22 51 0 0 0
60 516 25 54 0 8 0
60 524 28 57 0 8 0
60 532 31 60 0 8 0
60 540 34 63 0 8 0
60 540 37 66 0 0 0
60 540 40 69 0 -8 0
60 532 43 72 0 0 0
60 532 46 75 0 -8 0
60 524 49 78 0 0 0
60 524 52 81 0 8 0
60 532 55 84 0 8 0
60 540 58 87 0 -8 0
60 532 61 90 0 8 0
60 540 64 93 0 8 0
60 540 67 96 0 0 0
60 540 70 99 0 -8 0
60 532 73 102 0 -8 0
60 524 76 105 0 0 0
60 524 79 108 0 8 0
60 532 82 111 8 8 0
68 540 85 114 0 8 0
68 540 88 117 0 0 0
68 540 91 120 8 0 0
76 540 94 123 0 8 0
76 540 97 126 0 8 0
76 540 100 129 8 -8 0
84 532 103 132 0 -8 0
84 524 106 135 8 -8 0
92 516 109 138 0 -8 0
92 508 112 141 0 -8 0
92 500 115 144 8 8 0
100 508 118 147 0 0 0
100 508 121 150 0 -8 0
100 500 124 153 8 -8 0
108 492 127 156 0 -8 0
108 484 130 159 8 -8 0
116 476 133 162 0 8 0
116 484 136 165 0 8 0
116 492 139 168 8 8 0
124 500 142 171 0 8 0
124 508 145 174 0 -8 0
124 500 148 177 8 -8 0
132 492 151 180 0 -8 0
132 484 154 183 8 -8 0
140 476 157 186 0 -8 0
140 468 160 189 0 8 0
140 476 163 192 8 8 0
148 484 166 195 0 0 0
148 484 169 198 0 -8 0
148 476 172 201 8 8 0
156 484 175 204 0 -8 0
156 476 178 207 8 0 0
164 476 181 210 0 8 0
164 484 184 213 0 8 0
164 492 187 216 8 8 0
172 500 190 219 0 -8 0
172 492 193 222 0 8 0
172 500 196 225 8 8 0
180 508 199 228 0 0 0
180 508 202 231 8 8 0
188 516 205 234 0 8 0
188 524 208 237 0 8 0
188 532 211 240 8 8 0
196 540 214 243 0 8 0
196 540 217 246 0 -8 0
196 532 220 249 8 8 0
204 540 223 252 0 -8 0
204 532 226 255 8 0 0
212 532 229 258 0 0 0
212 532 232 261 0 0 0
212 532 235 264 8 0 0
220 532 238 267 0 0 0
220 532 241 270 0 0 0
220 532 244 273 8 8 0
228 540 247 276 0 8 0
228 540 250 279 8 -8 0
236 532 253 282 0 -8 0
236 524 256 285 0 -8 0
236 516 259 288 8 8 0
244 524 262 291 0 0 0
244 524 265 294 0 -8 0
244 516 268 297 8 0 0
252 516 271 300 0 -8 0
252 508 274 303 8 -8 0
260 500 277 306 0 -8 0
260 492 280 309 0 0 0
260 492 283 312 8 8 0
268 500 286 315 0 0 0
268 500 289 318 0 0 0
268 500 292 321 8 0 0
276 500 295 324 0 -8 0
276 492 298 327 8 0 0
284 492 301 330 0 8 0
284 500 304 333 0 -8 0
284 492 307 336 8 -8 0
292 484 310 339 0 0 0
292 484 313 342 0 0 0
292 484 316 345 8 0 0
300 484 319 348 0 -8 0
300 476 322 351 8 8 0
308 484 325 354 0 8 0
308 492 328 357 0 -8 0
308 484 331 360 8 8 0
316 492 334 363 0 0 0
316 492 337 366 0 8 0
316 500 340 369 8 -8 0
324 492 343 372 0 0 0
324 492 346 375 8 -8 0
332 484 349 378 0 8 0
332 492 352 381 0 0 0
332 492 355 384 8 0 0
340 492 358 387 0 -8 0
340 484 361 390 0 -8 0
340 476 364 393 8 -8 0
348 468 367 396 0 -8 0
348 460 370 399 8 0 0
356 460 373 402 0 0 0
356 460 376 405 0 0 0
356 460 379 408 8 8 0
364 468 382 411 0 8 0
364 476 385 414 0 0 0
364 476 388 417 8 -8 0
372 468 391 420 0 8 0
372 476 394 423 8 8 0
380 484 397 426 0 -8 0
380 476 400 429 0 0 0
380 476 403 432 8 -8 0
388 468 406 435 0 8 0
388 476 409 438 0 8 0
388 484 412 441 8 8 0
396 492 415 444 0 -8 0
396 484 418 447 8 -8 0
404 476 421 450 0 0 0
404 476 424 453 0 -8 0
404 468 427 456 8 -8 0
412 460 430 459 0 8 0
412 468 433 462 0 0 0
412 468 436 465 8 8 0
420 476 439 468 0 0 0
420 476 442 471 8 -8 0
428 468 445 474 0 -8 0
428 460 448 477 0 -8 0
428 452 451 480 8 8 0
436 460 454 483 0 -8 0
436 452 457 486 0 0 0
436 452 460 489 8 8 0
444 460 463 492 0 -8 0
444 452 466 495 8 -8 0
452 444 469 498 0 0 0
452 444 472 501 0 0 0
452 444 475 504 8 -8 0
460 436 478 507 0 -8 0
460 428 481 510 0 -8 0
460 420 484 513 8 8 0
468 428 487 516 0 0 0
468 428 490 519 8 0 0
476 428 493 522 0 -8 0
476 420 496 525 0 8 0
476 428 499 528 8 -8 0
484 420 502 531 0 -8 0
484 412 505 534 0 -8 0
484 404 508 537 8 8 0
492 412 511 540 0 8 0
492 420 514 543 8 -8 0
500 412 517 546 0 8 0
500 420 520 549 0 0 0
500 420 523 552 8 8 0
508 428 526 555 0 -8 0
508 420 529 558 0 -8 0
508 412 532 561 8 0 0
516 412 535 564 0 -8 0
516 404 538 567 8 0 0
524 404 541 570 0 8 0
524 412 544 573 0 0 0
524 412 547 576 8 0 0
532 412 550 579 0 0 0
532 412 553 582 0 8 0
532 420 556 585 8 8 0
540 428 559 588 0 8 0
540 436 562 591 8 -8 0
540 428 565 588 0 0 0
540 428 568 585 0 0 0
540 428 571 582 0 0 0
540 428 574 579 0 0 0
540 428 577 576 0 0 0
540 428 580 573 0 0 0
540 428 583 570 0 -8 0
540 420 586 567 0 0 0
540 420 589 564 0 -8 0
540 412 592 561 0 8 0
540 420 595 558 0 8 0
540 428 598 555 0 8 0
540 436 601 552 0 0 0
540 436 604 549 0 0 0
540 436 607 546 0 0 0
540 436 610 543 0 -8 0
540 428 613 540 0 0 0
540 428 616 537 0 0 0
540 428 619 534 0 -8 0
540 420 622 531 0 0 0
540 420 625 528 0 0 0
540 420 628 525 0 8 0
540 428 631 522 0 0 0
540 428 634 519 0 8 0
540 436 637 516 0 0 0
540 436 640 513 0 8 0
540 444 643 510 0 -8 0
540 436 646 507 0 0 0
540 436 649 504 0 8 0
540 444 652 501 0 -8 0
540 436 655 498 0 -8 0
540 428 658 495 0 0 0
540 428 661 492 0 0 0
540 428 664 489 -8 8 0
532 436 667 486 0 -8 0
532 428 670 483 0 0 0
532 428 673 480 -8 8 0
524 436 676 477 0 8 0
524 444 679 474 0 8 0
524 452 682 471 -8 -8 0
516 444 685 468 0 0 0
516 444 688 465 -8 -8 0
508 436 691 462 0 0 0
508 436 694 459 0 0 0
508 436 697 456 -8 0 0
500 436 700 453 0 -8 0
500 428 703 450 0 8 0
500 436 706 447 -8 0 0
492 436 709 444 0 -8 0
492 428 712 441 -8 8 0
484 436 715 438 0 -8 0
484 428 718 435 0 8 0
484 436 721 432 -8 -8 0
476 428 724 429 0 -8 0
476 420 727 426 0 8 0
476 428 730 423 -8 0 0
468 428 733 420 0 8 0
468 436 736 417 -8 -8 0
460 428 739 414 0 8 0
460 436 742 411 0 -8 0
460 428 745 408 -8 0 0
452 428 748 405 0 -8 0
452 420 751 402 0 8 0
452 428 754 399 -8 0 0
444 428 757 396 0 -8 0
444 420 760 393 -8 8 0
436 428 763 390 0 8 0
436 436 766 387 0 8 0
436 444 769 384 -8 8 0
428 452 772 381 0 0 0
428 452 775 378 0 -8 0
428 444 778 375 -8 -8 0
420 436 781 372 0 0 1
420 436 781 372 0 0 1
420 436 781 372 0 0 1
420 436 781 372 0 0 1
420 436 781 372 0 0 1
