258 127 127 384 0 0 0
258 127 130 381 8 -8 0
266 119 133 378 8 0 0
274 119 136 375 8 0 0
282 119 139 372 8 0 0
290 119 142 369 8 0 0
298 119 145 366 8 8 0
306 127 148 363 8 0 0
314 127 151 360 0 -8 0
314 119 154 357 0 -8 0
314 111 157 354 0 0 0
314 111 160 351 0 -8 0
314 103 163 348 0 8 0
314 111 166 345 0 8 0
314 119 169 342 0 0 0
314 119 172 339 0 8 0
314 127 175 336 0 8 0
314 135 178 333 0 8 0
314 143 181 330 0 -8 0
314 135 184 327 0 8 0
314 143 187 324 0 0 0
314 143 190 321 0 8 0
314 151 193 318 0 0 0
314 151 196 315 0 -8 0
314 143 199 312 0 0 0
314 143 202 309 0 -8 0
314 135 205 306 0 -8 0
314 127 208 303 0 0 0
314 127 211 300 0 0 0
314 127 214 297 0 8 0
314 135 217 294 0 8 0
314 143 220 291 0 -8 0
314 135 223 288 0 0 0
314 135 226 285 0 8 0
314 143 229 282 0 0 0
314 143 232 279 0 -8 0
314 135 235 276 0 -8 0
314 127 238 273 0 0 0
314 127 241 270 0 8 0
314 135 244 267 0 -8 0
314 127 247 264 0 0 0
314 127 250 261 -8 0 0
306 127 253 258 0 8 0
306 135 256 255 -8 8 0
298 143 259 252 0 8 0
298 151 262 249 0 -8 0
298 143 265 246 -8 8 0
290 151 268 243 0 -8 0
290 143 271 240 0 8 0
290 151 274 237 -8 -8 0
282 143 277 234 0 0 0
282 143 280 231 -8 0 0
274 143 283 228 0 -8 0
274 135 286 225 0 0 0
274 135 289 222 -8 0 0
266 135 292 219 0 0 0
266 135 295 216 0 -8 0
266 127 298 213 -8 8 0
258 135 301 210 0 8 0
258 143 304 207 -8 -8 0
250 135 307 204 0 8 0
250 143 310 201 0 0 0
250 143 313 198 -8 -8 0
242 135 316 195 0 8 0
242 143 319 192 0 0 0
242 143 322 189 -8 0 0
234 143 325 186 0 -8 0
234 135 328 183 -8 0 0
226 135 331 180 0 -8 0
226 127 334 177 0 8 0
226 135 337 174 -8 8 0
218 143 340 171 0 0 0
218 143 343 168 0 0 0
218 143 346 165 -8 -8 0
210 135 349 162 0 -8 0
210 127 352 159 -8 -8 0
202 119 355 156 0 -8 0
202 111 358 153 0 8 0
202 119 361 150 -8 -8 0
194 111 364 147 0 -8 0
194 103 367 144 0 0 0
194 103 370 141 -8 -8 0
186 95 373 138 0 0 0
186 95 376 135 -8 -8 0
178 87 379 132 0 -8 0
178 79 382 129 0 -8 0
178 71 385 126 -8 8 0
170 79 388 123 0 0 0
170 79 391 120 0 0 0
170 79 394 117 -8 8 0
162 87 397 114 0 8 0
162 95 400 111 -8 0 0
154 95 403 108 0 8 0
154 103 406 105 0 8 0
154 111 409 102 -8 8 0
146 119 412 99 0 -8 0
146 111 415 96 0 -8 0
146 103 418 93 -8 0 0
138 103 421 90 0 -8 0
138 95 424 87 -8 -8 0
130 87 427 84 0 8 0
130 95 430 81 0 -8 0
130 87 433 78 -8 8 0
122 95 436 75 0 8 0
122 103 439 72 0 8 0
122 111 442 69 -8 8 0
114 119 445 66 0 0 0
114 119 448 63 -8 8 0
106 127 451 60 0 -8 0
106 119 454 57 0 0 0
106 119 457 54 -8 -8 0
98 111 460 51 0 0 0
98 111 463 48 0 8 0
98 119 466 45 -8 8 0
90 127 469 42 0 0 0
90 127 472 39 -8 8 0
82 135 475 36 0 8 0
82 143 478 33 0 8 0
82 151 481 30 -8 0 0
74 151 484 27 0 -8 0
74 143 487 24 0 0 0
74 143 490 21 -8 0 0
66 143 493 18 0 8 0
66 151 496 15 -8 0 0
60 151 499 12 0 -8 0
60 143 502 9 -8 8 0
60 151 505 12 0 8 0
60 159 508 15 0 0 0
60 159 511 18 0 8 0
60 167 514 21 0 0 0
60 167 517 24 0 8 0
60 175 520 27 0 8 0
60 183 523 30 0 8 0
60 191 526 33 0 0 0
60 191 529 36 0 8 0
60 199 532 39 0 -8 0
60 191 535 42 0 -8 0
60 183 538 45 0 -8 0
60 175 541 48 0 8 0
60 183 544 51 0 0 0
60 183 547 54 0 8 0
60 191 550 57 0 -8 0
60 183 553 60 0 0 0
60 183 556 63 0 8 0
60 191 559 66 0 -8 0
60 183 562 69 0 0 0
60 183 565 72 0 -8 0
60 175 568 75 0 0 0
60 175 571 78 0 8 0
60 183 574 81 0 8 0
60 191 577 84 0 8 0
60 199 580 87 0 -8 0
60 191 583 90 0 -8 0
60 183 586 93 0 -8 0
60 175 589 96 0 -8 0
60 167 592 99 0 0 0
60 167 595 102 0 8 0
60 175 598 105 0 -8 0
60 167 601 108 0 0 0
60 167 604 111 8 0 0
68 167 607 114 0 8 0
68 175 610 117 0 0 0
68 175 613 120 8 0 0
76 175 616 123 0 -8 0
76 167 619 126 0 0 0
76 167 622 129 8 8 0
84 175 625 132 0 -8 0
84 167 628 135 8 0 0
92 167 631 138 0 0 0
92 167 634 141 0 0 0
92 167 637 144 8 8 0
100 175 640 147 0 0 0
100 175 643 150 0 0 0
100 175 646 153 8 8 0
108 183 649 156 0 8 0
108 191 652 159 8 8 0
116 199 655 162 0 8 0
116 207 658 165 0 8 0
116 215 661 168 8 8 0
124 223 664 171 0 -8 0
124 215 667 174 0 -8 0
124 207 670 177 8 -8 0
132 199 673 180 0 -8 0
132 191 676 183 8 8 0
140 199 679 186 0 -8 0
140 191 682 189 0 8 0
140 199 685 192 8 8 0
148 207 688 195 0 -8 0
148 199 691 198 0 -8 0
148 191 694 201 8 -8 0
156 183 697 204 0 0 0
156 183 700 207 8 0 0
164 183 703 210 0 -8 0
164 175 706 213 0 8 0
164 183 709 216 8 0 0
172 183 712 219 0 0 0
172 183 715 222 0 -8 0
172 175 718 225 8 0 0
180 175 721 228 0 8 0
180 183 724 231 8 -8 0
188 175 727 234 0 0 0
188 175 730 237 0 0 0
188 175 733 240 8 8 0
196 183 736 243 0 8 0
196 191 739 246 0 0 0
196 191 742 249 8 8 0
204 199 745 252 0 -8 0
204 191 748 255 8 -8 0
212 183 751 258 0 8 0
212 191 754 261 0 -8 0
212 183 757 264 8 -8 0
220 175 760 267 0 0 0
220 175 763 270 0 -8 0
220 167 766 273 8 -8 0
228 159 769 276 0 8 0
228 167 772 279 8 0 0
236 167 775 282 0 0 0
236 167 778 285 0 0 0
236 167 781 288 0 0 1
236 167 781 288 0 0 1
236 167 781 288 0 0 1
236 167 781 288 0 0 1
236 167 781 288 0 0 1
