263 354 292 219 0 0 0
263 354 289 216 0 -8 0
263 346 286 213 0 -8 0
263 338 283 210 -8 -8 0
255 330 280 207 0 -8 0
255 322 277 204 -8 0 0
247 322 274 201 0 0 0
247 322 271 198 0 -8 0
247 314 268 195 -8 0 0
239 314 265 192 0 8 0
239 322 262 189 0 0 0
239 322 259 186 -8 -8 0
231 314 256 183 0 0 0
231 314 253 180 -8 8 0
223 322 250 177 0 0 0
223 322 247 174 0 0 0
223 322 244 171 -8 -8 0
215 314 241 168 0 0 0
215 314 238 165 0 0 0
215 314 235 162 -8 8 0
207 322 232 159 0 -8 0
207 314 229 156 -8 -8 0
199 306 226 153 0 0 0
199 306 223 150 0 8 0
199 314 220 147 -8 0 0
191 314 217 144 0 -8 0
191 306 214 141 0 -8 0
191 298 211 138 -8 8 0
183 306 208 135 0 8 0
183 314 205 132 -8 -8 0
175 306 202 129 0 -8 0
175 298 199 126 0 8 0
175 306 196 123 -8 0 0
167 306 193 120 0 -8 0
167 298 190 117 0 8 0
167 306 187 114 -8 8 0
159 314 184 111 0 8 0
159 322 181 108 -8 0 0
151 322 178 105 0 -8 0
151 314 175 102 0 -8 0
151 306 172 99 -8 8 0
143 314 169 96 0 -8 0
143 306 166 93 0 0 0
143 306 163 90 -8 0 0
135 306 160 87 0 8 0
135 314 157 84 -8 0 0
127 314 154 81 0 0 0
127 314 151 78 0 -8 0
127 306 148 75 -8 -8 0
119 298 145 72 0 0 0
119 298 142 69 0 8 0
119 306 139 66 -8 0 0
111 306 136 63 0 8 0
111 314 133 60 -8 -8 0
103 306 130 57 0 -8 0
103 298 127 54 0 -8 0
103 290 124 51 -8 0 0
95 290 121 48 0 0 0
95 290 118 45 0 8 0
95 298 115 42 -8 0 0
87 298 112 39 0 0 0
87 298 109 36 -8 0 0
79 298 106 33 0 -8 0
79 290 103 30 0 -8 0
79 282 100 27 -8 8 0
71 290 97 24 0 -8 0
71 282 94 21 0 0 0
71 282 91 18 -8 -8 0
63 274 88 15 0 -8 0
63 266 85 12 -8 -8 0
60 258 82 9 -8 8 0
60 266 79 12 0 -8 0
60 258 76 15 0 8 0
60 266 73 18 0 -8 0
60 258 70 21 0 0 0
60 258 67 24 0 -8 0
60 250 64 27 0 -8 0
60 242 61 30 0 -8 0
60 234 58 33 0 8 0
60 242 55 36 0 0 0
60 242 52 39 0 -8 0
60 234 49 42 0 -8 0
60 226 46 45 0 -8 0
60 218 43 48 0 0 0
60 218 40 51 0 8 0
60 226 37 54 0 -8 0
60 218 34 57 0 8 0
60 226 31 60 0 8 0
60 234 28 63 0 8 0
60 242 25 66 0 -8 0
60 234 22 69 0 8 0
60 242 19 72 0 8 0
60 250 22 75 0 -8 0
60 242 25 78 0 0 0
60 242 28 81 0 0 0
60 242 31 84 0 0 0
60 242 34 87 0 8 0
60 250 37 90 0 -8 0
60 242 40 93 0 8 0
60 250 43 96 0 -8 0
60 242 46 99 0 8 0
60 250 49 102 0 8 0
60 258 52 105 0 0 0
60 258 55 108 0 0 0
60 258 58 111 8 -8 0
68 250 61 114 0 -8 0
68 242 64 117 0 -8 0
68 234 67 120 8 8 0
76 242 70 123 0 8 0
76 250 73 126 0 -8 0
76 242 76 129 8 8 0
84 250 79 132 0 0 0
84 250 82 135 8 8 0
92 258 85 138 0 8 0
92 266 88 141 0 8 0
92 274 91 144 8 -8 0
100 266 94 147 0 8 0
100 274 97 150 0 8 0
100 282 100 153 8 -8 0
108 274 103 156 0 0 0
108 274 106 159 8 -8 0
116 266 109 162 0 8 0
116 274 112 165 0 8 0
116 282 115 168 8 8 0
124 290 118 171 0 -8 0
124 282 121 174 0 8 0
124 290 124 177 8 -8 0
132 282 127 180 0 -8 0
132 274 130 183 8 0 0
140 274 133 186 0 -8 0
140 266 136 189 0 8 0
140 274 139 192 8 8 0
148 282 142 195 0 -8 0
148 274 145 198 0 0 0
148 274 148 201 8 0 0
156 274 151 204 0 0 0
156 274 154 207 8 8 0
164 282 157 210 0 -8 0
164 274 160 213 0 -8 0
164 266 163 216 8 8 0
172 274 166 219 0 -8 0
172 266 169 222 0 -8 0
172 258 172 225 8 0 0
180 258 175 228 0 8 0
180 266 178 231 8 8 0
188 274 181 234 0 8 0
188 282 184 237 0 0 0
188 282 187 240 8 0 0
196 282 190 243 0 0 0
196 282 193 246 0 8 0
196 290 196 249 8 -8 0
204 282 199 252 0 -8 0
204 274 202 255 8 -8 0
212 266 205 258 0 8 0
212 274 208 261 0 -8 0
212 266 211 264 8 8 0
220 274 214 267 0 0 0
220 274 217 270 0 -8 0
220 266 220 273 8 8 0
228 274 223 276 0 -8 0
228 266 226 279 8 -8 0
236 258 229 282 0 8 0
236 266 232 285 0 0 0
236 266 235 288 8 8 0
244 274 238 291 0 0 0
244 274 241 294 0 -8 0
244 266 244 297 8 8 0
252 274 247 300 0 -8 0
252 266 250 303 8 8 0
260 274 253 306 0 -8 0
260 266 256 309 0 8 0
260 274 259 312 8 8 0
268 282 262 315 0 8 0
268 290 265 318 0 0 0
268 290 268 321 8 -8 0
276 282 271 324 0 0 0
276 282 274 327 8 0 0
284 282 277 330 0 -8 0
284 274 280 333 0 8 0
284 282 283 336 8 0 0
292 282 286 339 0 0 0
292 282 289 342 0 0 0
292 282 292 345 8 8 0
300 290 295 348 0 8 0
300 298 298 351 8 0 0
308 298 301 354 0 0 0
308 298 304 357 0 8 0
308 306 307 360 8 8 0
316 314 310 363 0 -8 0
316 306 313 366 0 -8 0
316 298 316 369 8 0 0
324 298 319 372 0 -8 0
324 290 322 375 8 8 0
332 298 325 378 0 -8 0
332 290 328 381 0 -8 0
332 282 331 384 8 8 0
340 290 334 387 0 -8 0
340 282 337 390 0 8 0
340 290 340 393 8 8 0
348 298 343 396 0 8 0
348 306 346 399 8 0 0
356 306 349 402 0 0 0
356 306 352 405 0 0 0
356 306 355 408 8 0 0
364 306 358 411 0 -8 0
364 298 361 414 0 0 0
364 298 364 417 8 -8 0
372 290 367 420 0 0 0
372 290 370 423 8 8 0
380 298 373 426 0 8 0
380 306 376 429 0 0 0
380 306 379 432 8 0 0
388 306 382 435 0 8 0
388 314 385 438 0 8 0
388 322 388 441 8 -8 0
396 314 391 444 0 8 0
396 322 394 447 8 -8 0
404 314 397 450 0 0 0
404 314 400 453 0 8 0
404 322 403 456 8 0 0
412 322 406 459 0 -8 0
412 314 409 462 0 8 0
412 322 412 465 8 -8 0
420 314 415 468 0 -8 0
420 306 418 471 8 -8 0
428 298 421 474 0 0 0
428 298 424 477 0 -8 0
428 290 427 480 8 8 0
436 298 430 483 0 8 0
436 306 433 486 0 8 0
436 314 436 489 8 -8 0
444 306 439 492 0 8 0
444 314 442 495 8 8 0
452 322 445 498 0 -8 0
452 314 448 501 0 8 0
452 322 451 504 8 -8 0
460 314 454 507 0 0 0
460 314 457 510 0 0 0
460 314 460 513 8 8 0
468 322 463 516 0 -8 0
468 314 466 519 8 -8 0
476 306 469 522 0 8 0
476 314 472 525 0 -8 0
476 306 475 528 8 0 0
484 306 478 531 0 0 0
484 306 481 534 0 0 0
484 306 484 537 8 8 0
492 314 487 540 0 8 0
492 322 490 543 8 0 0
500 322 493 546 0 8 0
500 330 496 549 0 0 0
500 330 499 552 8 -8 0
508 322 502 555 0 -8 0
508 314 505 558 0 0 0
508 314 508 561 8 -8 0
516 306 511 564 0 0 0
516 306 514 567 8 -8 0
524 298 517 570 0 0 0
524 298 520 573 0 0 0
524 298 523 576 8 0 0
532 298 526 579 0 0 0
532 298 529 582 0 0 0
532 298 532 585 8 8 0
540 306 535 588 0 8 0
540 314 538 591 8 8 0
540 322 541 588 0 -8 0
540 314 544 585 0 0 0
540 314 547 582 0 -8 0
540 306 550 579 0 -8 0
540 298 553 576 0 8 0
540 306 556 573 0 -8 0
540 298 559 570 0 0 0
540 298 562 567 0 -8 0
540 290 565 564 0 8 0
540 298 568 561 0 8 0
540 306 571 558 0 -8 0
540 298 574 555 0 8 0
540 306 577 552 0 0 0
540 306 580 549 0 -8 0
540 298 583 546 0 8 0
540 306 586 543 0 8 0
540 314 589 540 0 0 0
540 314 592 537 0 -8 0
540 306 595 534 0 8 0
540 314 598 531 0 8 0
540 322 601 528 0 -8 0
540 314 604 525 0 0 0
540 314 607 522 0 8 0
540 322 610 519 0 8 0
540 330 613 516 0 -8 0
540 322 616 513 0 0 0
540 322 619 510 0 -8 0
540 314 622 507 0 0 0
540 314 625 504 0 8 0
540 322 628 501 0 8 0
540 330 631 498 0 0 0
540 330 634 495 0 8 0
540 338 637 492 0 -8 0
540 330 640 489 -8 8 0
532 338 643 486 0 -8 0
532 330 646 483 0 8 0
532 338 649 480 -8 8 0
524 346 652 477 0 0 0
524 346 655 474 0 8 0
524 354 658 471 -8 8 0
516 362 661 468 0 8 0
516 370 664 465 -8 -8 0
508 362 667 462 0 0 0
508 362 670 459 0 0 0
508 362 673 456 -8 -8 0
500 354 676 453 0 0 0
500 354 679 450 0 8 0
500 362 682 447 -8 0 0
492 362 685 444 0 0 0
492 362 688 441 -8 8 0
484 370 691 438 0 8 0
484 378 694 435 0 -8 0
484 370 697 432 -8 0 0
476 370 700 429 0 8 0
476 378 703 426 0 -8 0
476 370 706 423 -8 -8 0
468 362 709 420 0 0 0
468 362 712 417 -8 -8 0
460 354 715 414 0 -8 0
460 346 718 411 0 -8 0
460 338 721 408 -8 -8 0
452 330 724 405 0 0 0
452 330 727 402 0 8 0
452 338 730 399 -8 -8 0
444 330 733 396 0 8 0
444 338 736 393 -8 8 0
436 346 739 390 0 8 0
436 354 742 387 0 -8 0
436 346 745 384 -8 -8 0
428 338 748 381 0 8 0
428 346 751 378 0 8 0
428 354 754 375 -8 -8 0
420 346 757 372 0 -8 0
420 338 760 369 -8 8 0
412 346 763 366 0 -8 0
412 338 766 363 0 -8 0
412 330 769 360 -8 0 0
404 330 772 357 0 0 0
404 330 775 354 0 -8 0
404 322 778 351 -8 -8 0
396 314 781 348 0 8 0
396 322 778 345 -8 0 0
388 322 775 342 0 0 0
388 322 772 339 0 8 0
388 330 769 336 -8 0 0
380 330 766 333 0 0 0
380 330 763 330 0 8 0
380 338 760 327 -8 8 0
372 346 757 324 0 -8 0
372 338 754 321 -8 0 0
364 338 751 318 0 0 0
364 338 748 315 0 -8 0
364 330 745 312 -8 -8 0
356 322 742 309 0 8 0
356 330 739 306 0 0 0
356 330 736 303 -8 0 0
348 330 733 300 0 -8 0
348 322 730 297 -8 8 0
340 330 727 294 0 8 0
340 338 724 291 0 0 0
340 338 721 288 -8 -8 0
332 330 718 285 0 0 0
332 330 715 282 0 -8 0
332 322 712 279 -8 8 0
324 330 709 276 0 8 0
324 338 706 273 -8 0 0
316 338 703 270 0 8 0
316 346 700 267 0 -8 0
316 338 697 264 -8 0 0
308 338 694 261 0 -8 0
308 330 691 258 0 0 0
308 330 688 255 -8 -8 0
300 322 685 252 0 0 0
300 322 682 249 -8 8 0
292 330 679 246 0 -8 0
292 322 676 243 0 8 0
292 330 673 240 -8 0 0
284 330 670 237 0 8 0
284 338 667 234 0 0 0
284 338 664 231 -8 -8 0
276 330 661 228 0 -8 0
276 322 658 225 -8 0 0
268 322 655 222 0 8 0
268 330 652 219 0 -8 0
268 322 649 216 -8 0 0
260 322 646 213 0 8 0
260 330 643 210 0 0 0
260 330 640 207 -8 -8 0
252 322 637 204 0 8 0
252 330 634 201 -8 -8 0
244 322 631 198 0 8 0
244 330 628 195 0 -8 0
244 322 625 192 -8 0 0
236 322 622 189 0 -8 0
236 314 619 186 0 8 0
236 322 616 183 -8 0 0
228 322 613 180 0 8 0
228 330 610 177 -8 0 0
220 330 607 174 0 -8 0
220 322 604 171 0 8 0
220 330 601 168 -8 0 0
212 330 598 165 0 0 0
212 330 595 162 0 0 0
212 330 592 159 -8 8 0
204 338 589 156 0 8 0
204 346 586 153 -8 8 0
196 354 583 150 0 0 0
196 354 580 147 0 0 0
196 354 577 144 -8 8 0
188 362 574 141 0 0 0
188 362 571 138 0 0 0
188 362 568 135 -8 8 0
180 370 565 132 0 8 0
180 378 562 129 -8 0 0
172 378 559 126 0 0 0
172 378 556 123 0 -8 0
172 370 553 120 -8 0 0
164 370 550 117 0 8 0
164 378 547 114 0 8 0
164 386 544 111 -8 -8 0
156 378 541 108 0 0 0
156 378 538 105 -8 -8 0
148 370 535 102 0 0 0
148 370 532 99 0 0 0
148 370 529 96 -8 8 0
140 378 526 93 0 8 0
140 386 523 90 0 -8 0
140 378 520 87 -8 0 0
132 378 517 84 0 8 0
132 386 514 81 -8 8 0
124 394 511 78 0 8 0
124 402 508 75 0 0 0
124 402 505 72 -8 8 0
116 410 502 69 0 -8 0
116 402 499 66 0 -8 0
116 394 496 63 -8 -8 0
108 386 493 60 0 8 0
108 394 490 57 -8 8 0
100 402 487 54 0 0 0
100 402 484 51 0 0 0
100 402 481 48 -8 0 0
92 402 478 45 0 8 0
92 410 475 42 0 8 0
92 418 472 39 -8 0 0
84 418 469 36 0 0 0
84 418 466 33 -8 -8 0
76 410 463 30 0 0 0
76 410 460 27 0 8 0
76 418 457 24 -8 -8 0
68 410 454 21 0 0 0
68 410 451 18 0 0 0
68 410 448 15 -8 0 0
60 410 445 12 0 -8 0
60 402 442 9 -8 0 0
60 402 439 12 0 -8 0
60 394 436 15 0 0 0
60 394 433 18 0 0 0
60 394 430 21 0 -8 0
60 386 427 24 0 -8 0
60 378 424 27 0 0 0
60 378 421 30 0 0 0
60 378 418 33 0 8 0
60 386 415 36 0 8 0
60 394 412 39 0 8 0
60 402 409 42 0 0 0
60 402 406 45 0 -8 0
60 394 403 48 0 8 0
60 402 400 51 0 -8 0
60 394 397 54 0 -8 0
60 386 394 57 0 0 0
60 386 391 60 0 -8 0
60 378 388 63 0 -8 0
60 370 385 66 0 0 0
60 370 382 69 0 -8 0
60 362 379 72 0 -8 0
60 354 376 75 0 0 0
60 354 373 78 0 -8 0
60 346 370 81 0 8 0
60 354 367 84 0 -8 0
60 346 364 87 0 -8 0
60 338 361 90 0 0 0
60 338 358 93 0 -8 0
60 330 355 96 0 -8 0
60 322 352 99 0 -8 0
60 314 349 102 0 8 0
60 322 346 105 0 -8 0
60 314 343 108 0 -8 0
60 306 340 111 8 0 0
68 306 337 114 0 -8 0
68 298 334 117 0 0 0
68 298 331 120 8 8 0
76 306 328 123 0 0 0
76 306 325 126 0 8 0
76 314 322 129 8 8 0
84 322 319 132 0 -8 0
84 314 316 135 8 0 0
92 314 313 138 0 0 0
92 314 310 141 0 0 0
92 314 307 144 8 0 0
100 314 304 147 0 8 0
100 322 301 150 0 8 0
100 330 298 153 8 8 0
108 338 295 156 0 0 0
108 338 292 159 8 8 0
116 346 289 162 0 0 0
116 346 286 165 0 -8 0
116 338 283 168 8 8 0
124 346 280 171 0 8 0
124 354 277 174 0 -8 0
124 346 274 177 8 -8 0
132 338 271 180 0 8 0
132 346 268 183 8 8 0
140 354 265 186 0 -8 0
140 346 262 189 0 0 0
140 346 259 192 8 8 0
148 354 256 195 0 8 0
148 362 253 198 0 0 0
148 362 250 201 8 -8 0
156 354 247 204 0 -8 0
156 346 244 207 8 8 0
164 354 241 210 0 8 0
164 362 238 213 0 0 0
164 362 235 216 8 0 0
172 362 232 219 0 8 0
172 370 229 222 0 0 0
172 370 226 225 8 8 0
180 378 223 228 0 -8 0
180 370 220 231 8 8 0
188 378 217 234 0 0 0
188 378 214 237 0 8 0
188 386 211 240 8 0 0
196 386 208 243 0 -8 0
196 378 205 246 0 -8 0
196 370 202 249 8 8 0
204 378 199 252 0 -8 0
204 370 196 255 8 -8 0
212 362 193 258 0 0 0
212 362 190 261 0 0 0
212 362 187 264 8 0 0
220 362 184 267 0 0 0
220 362 181 270 0 8 0
220 370 178 273 8 8 0
228 378 175 276 0 -8 0
228 370 172 279 8 8 0
236 378 169 282 0 8 0
236 386 166 285 0 0 0
236 386 163 288 8 8 0
244 394 160 291 0 8 0
244 402 157 294 0 0 0
244 402 154 297 8 -8 0
252 394 151 300 0 -8 0
252 386 148 303 8 0 0
260 386 145 306 0 0 0
260 386 142 309 0 8 0
260 394 139 312 8 -8 0
268 386 136 315 0 -8 0
268 378 133 318 0 0 0
268 378 130 321 8 8 0
276 386 127 324 0 0 0
276 386 124 327 8 0 0
284 386 121 330 0 8 0
284 394 118 333 0 8 0
284 402 115 336 8 8 0
292 410 112 339 0 8 0
292 418 109 342 0 0 0
292 418 106 345 8 -8 0
300 410 103 348 0 -8 0
300 402 100 351 8 8 0
308 410 97 354 0 0 0
308 410 94 357 0 8 0
308 418 91 360 8 -8 0
316 410 88 363 0 8 0
316 418 85 366 0 8 0
316 426 82 369 8 0 0
324 426 79 372 0 0 0
324 426 76 375 8 0 0
332 426 73 378 0 0 0
332 426 70 381 0 0 0
332 426 67 384 8 8 0
340 434 64 387 0 -8 0
340 426 61 390 0 8 0
340 434 58 393 8 -8 0
348 426 55 396 0 -8 0
348 418 52 399 8 8 0
356 426 49 402 0 0 0
356 426 46 405 0 0 0
356 426 43 408 8 8 0
364 434 40 411 0 8 0
364 442 37 414 0 0 0
364 442 34 417 8 8 0
372 450 31 420 0 0 0
372 450 28 423 8 8 0
380 458 25 426 0 8 0
380 466 22 429 0 0 0
380 466 19 432 0 0 1
380 466 19 432 0 0 1
380 466 19 432 0 0 1
380 466 19 432 0 0 1
380 466 19 432 0 0 1
