390 263 166 300 0 0 0
390 263 169 303 -8 0 0
382 263 172 306 -8 8 0
374 271 175 309 -8 8 0
366 279 178 312 -8 0 0
358 279 181 315 0 8 0
358 287 184 318 0 -8 0
358 279 187 321 0 0 0
358 279 190 324 0 0 0
358 279 193 327 0 0 0
358 279 196 330 0 -8 0
358 271 199 333 0 8 0
358 279 202 336 0 0 0
358 279 205 339 0 8 0
358 287 208 342 0 8 0
358 295 211 345 0 -8 0
358 287 214 348 0 0 0
358 287 217 351 0 8 0
358 295 220 354 0 8 0
358 303 223 357 0 0 0
358 303 226 360 0 0 0
358 303 229 363 0 8 0
358 311 232 366 0 8 0
358 319 235 369 0 -8 0
358 311 238 372 0 0 0
358 311 241 375 0 -8 0
358 303 244 378 0 -8 0
358 295 247 381 0 0 0
358 295 250 384 0 0 0
358 295 253 387 0 -8 0
358 287 256 390 0 8 0
358 295 259 393 0 -8 0
358 287 262 396 0 8 0
358 295 265 399 0 -8 0
358 287 268 402 0 0 0
358 287 271 405 0 8 0
358 295 274 408 0 8 0
358 303 277 411 8 -8 0
366 295 280 414 0 -8 0
366 287 283 417 8 0 0
374 287 286 420 0 0 0
374 287 289 423 0 -8 0
374 279 292 426 8 -8 0
382 271 295 429 0 -8 0
382 263 298 432 0 8 0
382 271 301 435 8 0 0
390 271 304 438 0 0 0
390 271 307 441 8 0 0
398 271 310 444 0 8 0
398 279 313 447 0 0 0
398 279 316 450 8 8 0
406 287 319 453 0 8 0
406 295 322 456 0 -8 0
406 287 325 459 8 -8 0
414 279 328 462 0 8 0
414 287 331 465 8 -8 0
422 279 334 468 0 0 0
422 279 337 471 0 0 0
422 279 340 474 8 8 0
430 287 343 477 0 0 0
430 287 346 480 0 8 0
430 295 349 483 8 -8 0
438 287 352 486 0 0 0
438 287 355 489 8 8 0
446 295 358 492 0 8 0
446 303 361 495 0 0 0
446 303 364 498 8 8 0
454 311 367 501 0 8 0
454 319 370 504 0 8 0
454 327 373 507 8 8 0
462 335 376 510 0 8 0
462 343 379 513 8 8 0
470 351 382 516 0 -8 0
470 343 385 519 0 -8 0
470 335 388 522 8 0 0
478 335 391 525 0 0 0
478 335 394 528 0 0 0
478 335 397 531 8 -8 0
486 327 400 534 0 0 0
486 327 403 537 8 0 0
494 327 406 540 0 0 0
494 327 409 543 0 8 0
494 335 412 546 8 -8 0
502 327 415 549 0 0 0
502 327 418 552 0 8 0
502 335 421 555 8 0 0
510 335 424 558 0 8 0
510 343 427 561 8 -8 0
518 335 430 564 0 8 0
518 343 433 567 0 8 0
518 351 436 570 8 8 0
526 359 439 573 0 8 0
526 367 442 576 0 -8 0
526 359 445 579 8 8 0
534 367 448 582 0 8 0
534 375 451 585 8 0 0
540 375 454 588 0 8 0
540 383 457 591 8 -8 0
540 375 460 588 0 0 0
540 375 463 585 0 -8 0
540 367 466 582 0 -8 0
540 359 469 579 0 -8 0
540 351 472 576 0 0 0
540 351 475 573 0 8 0
540 359 478 570 0 8 0
540 367 481 567 0 0 0
540 367 484 564 0 -8 0
540 359 487 561 0 -8 0
540 351 490 558 0 8 0
540 359 493 555 0 -8 0
540 351 496 552 0 -8 0
540 343 499 549 0 8 0
540 351 502 546 0 -8 0
540 343 505 543 0 0 0
540 343 508 540 0 -8 0
540 335 511 537 0 -8 0
540 327 514 534 0 -8 0
540 319 517 531 0 0 0
540 319 520 528 0 0 0
540 319 523 525 0 -8 0
540 311 526 522 0 -8 0
540 303 529 519 0 0 0
540 303 532 516 0 8 0
540 311 535 513 0 8 0
540 319 538 510 0 -8 0
540 311 541 507 0 0 0
540 311 544 504 0 8 0
540 319 547 501 0 8 0
540 327 550 498 0 8 0
540 335 553 495 0 -8 0
540 327 556 492 0 -8 0
540 319 559 489 -8 8 0
532 327 562 486 0 8 0
532 335 565 483 0 -8 0
532 327 568 480 -8 0 0
524 327 571 477 0 8 0
524 335 574 474 0 0 0
524 335 577 471 -8 0 0
516 335 580 468 0 8 0
516 343 583 465 -8 -8 0
508 335 586 462 0 0 0
508 335 589 459 0 8 0
508 343 592 456 -8 8 0
500 351 595 453 0 -8 0
500 343 598 450 0 8 0
500 351 601 447 -8 0 0
492 351 604 444 0 -8 0
492 343 607 441 -8 0 0
484 343 610 438 0 8 0
484 351 613 435 0 8 0
484 359 616 432 -8 8 0
476 367 619 429 0 8 0
476 375 622 426 0 8 0
476 383 625 423 -8 -8 0
468 375 628 420 0 8 0
468 383 631 417 -8 -8 0
460 375 634 414 0 0 0
460 375 637 411 0 8 0
460 383 640 408 -8 8 0
452 391 643 405 0 0 0
452 391 646 402 0 8 0
452 399 649 399 -8 -8 0
444 391 652 396 0 -8 0
444 383 655 393 -8 8 0
436 391 658 390 0 8 0
436 399 661 387 0 -8 0
436 391 664 384 -8 0 0
428 391 667 381 0 -8 0
428 383 670 378 0 0 0
428 383 673 375 -8 8 0
420 391 676 372 0 -8 0
420 383 679 369 -8 -8 0
412 375 682 366 0 0 0
412 375 685 363 0 0 0
412 375 688 360 -8 0 0
404 375 691 357 0 -8 0
404 367 694 354 0 -8 0
404 359 697 351 -8 8 0
396 367 700 348 0 0 0
396 367 703 345 -8 0 0
388 367 706 342 0 0 0
388 367 709 339 0 0 0
388 367 712 336 -8 -8 0
380 359 715 333 0 0 0
380 359 718 330 0 8 0
380 367 721 327 -8 -8 0
372 359 724 324 0 0 0
372 359 727 321 -8 0 0
364 359 730 318 0 0 0
364 359 733 315 0 8 0
364 367 736 312 -8 -8 0
356 359 739 309 0 0 0
356 359 742 306 0 -8 0
356 351 745 303 -8 0 0
348 351 748 300 0 -8 0
348 343 751 297 -8 8 0
340 351 754 294 0 0 0
340 351 757 291 0 0 0
340 351 760 288 -8 8 0
332 359 763 285 0 0 0
332 359 766 282 0 8 0
332 367 769 279 -8 -8 0
324 359 772 276 0 8 0
324 367 775 273 -8 -8 0
316 359 778 270 0 8 0
316 367 781 267 0 0 1
316 367 781 267 0 0 1
316 367 781 267 0 0 1
316 367 781 267 0 0 1
316 367 781 267 0 0 1
