117 540 418 432 0 0 0
117 540 415 429 8 -8 0
125 532 412 426 8 8 0
133 540 409 423 8 8 0
141 540 406 420 8 8 0
149 540 403 417 8 8 0
157 540 400 414 8 0 0
165 540 397 411 8 -8 0
173 532 394 408 8 8 0
181 540 391 405 8 -8 0
189 532 388 402 8 -8 0
197 524 385 399 8 0 0
205 524 382 396 8 0 0
213 524 379 393 8 8 0
221 532 376 390 8 -8 0
229 524 373 387 8 0 0
237 524 370 384 8 -8 0
245 516 367 381 8 8 0
253 524 364 378 8 0 0
261 524 361 375 8 -8 0
269 516 358 372 8 0 0
277 516 355 369 8 0 0
285 516 352 366 8 0 0
293 516 349 363 8 0 0
301 516 346 360 8 0 0
309 516 343 357 0 0 0
309 516 340 354 0 -8 0
309 508 337 351 0 -8 0
309 500 334 348 0 -8 0
309 492 331 345 0 8 0
309 500 328 342 0 0 0
309 500 325 339 0 8 0
309 508 322 336 0 0 0
309 508 319 333 0 -8 0
309 500 316 330 0 0 0
309 500 313 327 0 -8 0
309 492 310 324 0 8 0
309 500 307 321 0 8 0
309 508 304 318 0 8 0
309 516 301 315 0 8 0
309 524 298 312 0 -8 0
309 516 295 309 0 8 0
309 524 292 306 0 8 0
309 532 289 303 0 8 0
309 540 286 300 0 -8 0
309 532 283 297 0 8 0
309 540 280 294 0 0 0
309 540 277 291 0 0 0
309 540 274 288 0 0 0
309 540 271 285 0 8 0
309 540 268 282 0 8 0
309 540 265 279 0 8 0
309 540 262 276 0 8 0
309 540 259 273 0 8 0
309 540 256 270 0 -8 0
309 532 253 267 0 -8 0
309 524 250 264 0 8 0
309 532 247 261 0 -8 0
309 524 244 258 -8 8 0
301 532 241 255 0 8 0
301 540 238 252 0 0 0
301 540 235 249 -8 0 0
293 540 232 246 0 -8 0
293 532 229 243 0 -8 0
293 524 226 240 -8 0 0
285 524 223 237 0 0 0
285 524 220 234 -8 0 0
277 524 217 231 0 0 0
277 524 214 228 0 -8 0
277 516 211 225 -8 8 0
269 524 208 222 0 -8 0
269 516 205 219 0 8 0
269 524 202 216 -8 0 0
261 524 199 213 0 8 0
261 532 196 210 -8 0 0
253 532 193 207 0 -8 0
253 524 190 204 0 8 0
253 532 187 201 -8 0 0
245 532 184 198 0 0 0
245 532 181 195 0 0 0
245 532 178 192 -8 0 0
237 532 175 189 0 8 0
237 540 172 186 -8 8 0
229 540 169 183 0 0 0
229 540 166 180 0 8 0
229 540 163 177 -8 -8 0
221 532 160 174 0 8 0
221 540 157 171 0 -8 0
221 532 154 168 -8 0 0
213 532 151 165 0 -8 0
213 524 148 162 -8 -8 0
205 516 145 159 0 0 0
205 516 142 156 0 8 0
205 524 139 153 -8 0 0
197 524 136 150 0 8 0
197 532 133 147 0 8 0
197 540 130 144 -8 -8 0
189 532 127 141 0 0 0
189 532 124 138 -8 -8 0
181 524 121 135 0 8 0
181 532 118 132 0 0 0
181 532 115 129 -8 0 0
173 532 112 126 0 -8 0
173 524 109 123 0 -8 0
173 516 106 120 -8 -8 0
165 508 103 117 0 8 0
165 516 100 114 -8 0 0
157 516 97 111 0 -8 0
157 508 94 108 0 8 0
157 516 91 105 -8 -8 0
149 508 88 102 0 -8 0
149 500 85 99 0 8 0
149 508 82 96 -8 -8 0
141 500 79 93 0 -8 0
141 492 76 90 -8 0 0
133 492 73 87 0 -8 0
133 484 70 84 0 8 0
133 492 67 81 -8 8 0
125 500 64 78 0 0 0
125 500 61 75 0 -8 0
125 492 58 72 -8 -8 0
117 484 55 69 0 0 0
117 484 52 66 -8 -8 0
109 476 49 63 0 8 0
109 484 46 60 0 -8 0
109 476 43 57 -8 8 0
101 484 40 54 0 -8 0
101 476 37 51 0 -8 0
101 468 34 48 -8 8 0
93 476 31 45 0 8 0
93 484 28 42 -8 -8 0
85 476 25 39 0 -8 0
85 468 22 36 0 -8 0
85 460 19 33 0 0 1
85 460 19 33 0 0 1
85 460 19 33 0 0 1
85 460 19 33 0 0 1
85 460 19 33 0 0 1
