86 416 451 105 0 0 0
86 416 454 108 0 8 0
86 424 457 111 0 0 0
86 424 460 114 0 -8 0
86 416 463 117 0 8 0
86 424 466 120 0 -8 0
86 416 469 123 0 8 0
86 424 472 126 0 0 0
86 424 475 129 0 -8 0
86 416 478 132 0 -8 0
86 408 481 135 0 8 0
86 416 484 138 8 -8 0
94 408 487 141 0 0 0
94 408 490 144 0 -8 0
94 400 493 147 8 -8 0
102 392 496 150 0 -8 0
102 384 499 153 8 -8 0
110 376 502 156 0 -8 0
110 368 505 159 0 8 0
110 376 508 162 8 -8 0
118 368 511 165 0 0 0
118 368 514 168 0 8 0
118 376 517 171 8 8 0
126 384 520 174 0 8 0
126 392 523 177 8 -8 0
134 384 526 180 0 8 0
134 392 529 183 0 0 0
134 392 532 186 8 0 0
142 392 535 189 0 -8 0
142 384 538 192 0 0 0
142 384 541 195 8 -8 0
150 376 544 198 0 0 0
150 376 547 201 8 0 0
158 376 550 204 0 -8 0
158 368 553 207 0 8 0
158 376 556 210 8 8 0
166 384 559 213 0 8 0
166 392 562 216 0 0 0
166 392 565 219 8 0 0
174 392 568 222 0 8 0
174 400 571 225 8 8 0
182 408 574 228 0 0 0
182 408 577 231 0 8 0
182 416 580 234 8 8 0
190 424 583 237 0 0 0
190 424 586 240 0 0 0
190 424 589 243 8 8 0
198 432 592 246 0 -8 0
198 424 595 249 8 8 0
206 432 598 252 0 8 0
206 440 601 255 0 -8 0
206 432 604 258 8 0 0
214 432 607 261 0 8 0
214 440 610 264 0 0 0
214 440 613 267 8 0 0
222 440 616 270 0 -8 0
222 432 619 273 8 8 0
230 440 622 276 0 -8 0
230 432 625 279 0 0 0
230 432 628 282 8 0 0
238 432 631 285 0 -8 0
238 424 634 288 0 0 0
238 424 637 291 8 0 0
246 424 640 294 0 0 0
246 424 643 297 8 0 0
254 424 646 300 0 0 0
254 424 649 303 0 0 0
254 424 652 306 8 0 0
262 424 655 309 0 -8 0
262 416 658 312 0 0 0
262 416 661 315 8 0 0
270 416 664 318 0 8 0
270 424 667 321 8 -8 0
278 416 670 324 0 -8 0
278 408 673 327 0 -8 0
278 400 676 330 8 0 0
286 400 679 333 0 8 0
286 408 682 336 0 -8 0
286 400 685 339 8 -8 0
294 392 688 342 0 8 0
294 400 691 345 8 -8 0
302 392 694 348 0 0 0
302 392 697 351 0 8 0
302 400 700 354 8 0 0
310 400 703 357 0 8 0
310 408 706 360 0 -8 0
310 400 709 363 8 0 0
318 400 712 366 0 8 0
318 408 715 369 8 -8 0
326 400 718 372 0 8 0
326 408 721 375 0 0 0
326 408 724 378 8 -8 0
334 400 727 381 0 0 0
334 400 730 384 0 8 0
334 408 733 387 8 -8 0
342 400 736 390 0 8 0
342 408 739 393 8 -8 0
350 400 742 396 0 8 0
350 408 745 399 0 -8 0
350 400 748 402 8 -8 0
358 392 751 405 0 -8 0
358 384 754 408 0 8 0
358 392 757 411 8 0 0
366 392 760 414 0 -8 0
366 384 763 417 8 -8 0
374 376 766 420 0 0 0
374 376 769 423 0 8 0
374 384 772 426 8 8 0
382 392 775 429 0 0 0
382 392 778 432 0 8 0
382 400 781 435 8 0 0
390 400 778 438 0 8 0
390 408 775 441 8 8 0
398 416 772 444 0 -8 0
398 408 769 447 0 8 0
398 416 766 450 8 0 0
406 416 763 453 0 -8 0
406 408 760 456 0 -8 0
406 400 757 459 8 8 0
414 408 754 462 0 -8 0
414 400 751 465 8 0 0
422 400 748 468 0 -8 0
422 392 745 471 0 -8 0
422 384 742 474 8 8 0
430 392 739 477 0 -8 0
430 384 736 480 0 0 0
430 384 733 483 8 0 0
438 384 730 486 0 -8 0
438 376 727 489 8 0 0
446 376 724 492 0 -8 0
446 368 721 495 0 -8 0
446 360 718 498 8 0 0
454 360 715 501 0 8 0
454 368 712 504 0 8 0
454 376 709 507 8 8 0
462 384 706 510 0 0 0
462 384 703 513 8 8 0
470 392 700 516 0 0 0
470 392 697 519 0 8 0
470 400 694 522 8 -8 0
478 392 691 525 0 0 0
478 392 688 528 0 8 0
478 400 685 531 8 -8 0
486 392 682 534 0 -8 0
486 384 679 537 8 0 0
494 384 676 540 0 8 0
494 392 673 543 0 8 0
494 400 670 546 8 8 0
502 408 667 549 0 -8 0
502 400 664 552 0 0 0
502 400 661 555 8 -8 0
510 392 658 558 0 0 0
510 392 655 561 8 8 0
518 400 652 564 0 8 0
518 408 649 567 0 -8 0
518 400 646 570 8 0 0
526 400 643 573 0 8 0
526 408 640 576 0 -8 0
526 400 637 579 8 8 0
534 408 634 582 0 0 0
534 408 631 585 8 -8 0
540 400 628 588 0 0 0
540 400 625 591 8 0 0
540 400 622 588 0 0 0
540 400 619 585 0 8 0
540 408 616 582 0 8 0
540 416 613 579 0 0 0
540 416 610 576 0 8 0
540 424 607 573 0 -8 0
540 416 604 570 0 8 0
540 424 601 567 0 8 0
540 432 598 564 0 -8 0
540 424 595 561 0 0 0
540 424 592 558 0 0 0
540 424 589 555 0 8 0
540 432 586 552 0 0 0
540 432 583 549 0 8 0
540 440 580 546 0 -8 0
540 432 577 543 0 8 0
540 440 574 540 0 0 0
540 440 571 537 0 0 0
540 440 568 534 0 -8 0
540 432 565 531 0 -8 0
540 424 562 528 0 -8 0
540 416 559 525 0 0 0
540 416 556 522 0 -8 0
540 408 553 519 0 8 0
540 416 550 516 0 8 0
540 424 547 513 0 -8 0
540 416 544 510 0 -8 0
540 408 541 507 0 -8 0
540 400 538 504 0 0 0
540 400 535 501 0 -8 0
540 392 532 498 0 -8 0
540 384 529 495 0 8 0
540 392 526 492 0 -8 0
540 384 523 489 -8 0 0
532 384 520 486 0 0 0
532 384 517 483 0 0 0
532 384 514 480 -8 8 0
524 392 511 477 0 0 0
524 392 508 474 0 0 0
524 392 505 471 -8 0 0
516 392 502 468 0 0 0
516 392 499 465 -8 -8 0
508 384 496 462 0 8 0
508 392 493 459 0 -8 0
508 384 490 456 -8 -8 0
500 376 487 453 0 -8 0
500 368 484 450 0 0 0
500 368 481 447 -8 0 0
492 368 478 444 0 8 0
492 376 475 441 -8 0 0
484 376 472 438 0 -8 0
484 368 469 435 0 8 0
484 376 466 432 -8 -8 0
476 368 463 429 0 -8 0
476 360 460 426 0 -8 0
476 352 457 423 -8 0 0
468 352 454 420 0 0 0
468 352 451 417 -8 0 0
460 352 448 414 0 0 0
460 352 445 411 0 0 0
460 352 442 408 -8 0 0
452 352 439 405 0 -8 0
452 344 436 402 0 0 0
452 344 433 399 -8 8 0
444 352 430 396 0 8 0
444 360 427 393 -8 -8 0
436 352 424 390 0 -8 0
436 344 421 387 0 8 0
436 352 418 384 -8 -8 0
428 344 415 381 0 0 0
428 344 412 378 0 -8 0
428 336 409 375 -8 8 0
420 344 406 372 0 8 0
420 352 403 369 -8 -8 0
412 344 400 366 0 0 0
412 344 397 363 0 -8 0
412 336 394 360 -8 8 0
404 344 391 357 0 0 0
404 344 388 354 0 8 0
404 352 385 351 -8 8 0
396 360 382 348 0 8 0
396 368 379 345 -8 -8 0
388 360 376 342 0 0 0
388 360 373 339 0 -8 0
388 352 370 336 -8 0 0
380 352 367 333 0 0 0
380 352 364 330 0 8 0
380 360 361 327 -8 0 0
372 360 358 324 0 8 0
372 368 355 321 -8 0 0
364 368 352 318 0 -8 0
364 360 349 315 0 -8 0
364 352 346 312 -8 -8 0
356 344 343 309 0 -8 0
356 336 340 306 0 -8 0
356 328 337 303 -8 8 0
348 336 334 300 0 8 0
348 344 331 297 -8 8 0
340 352 328 294 0 8 0
340 360 325 291 0 8 0
340 368 322 288 -8 8 0
332 376 319 285 0 0 0
332 376 316 282 0 0 0
332 376 313 279 -8 -8 0
324 368 310 276 0 0 0
324 368 307 273 -8 8 0
316 376 304 270 0 0 0
316 376 301 267 0 8 0
316 384 298 264 -8 8 0
308 392 295 261 0 -8 0
308 384 292 258 0 0 0
308 384 289 255 -8 -8 0
300 376 286 252 0 0 0
300 376 283 249 -8 -8 0
292 368 280 246 0 0 0
292 368 277 243 0 -8 0
292 360 274 240 -8 0 0
284 360 271 237 0 -8 0
284 352 268 234 0 -8 0
284 344 265 231 -8 -8 0
276 336 262 228 0 -8 0
276 328 259 225 -8 0 0
268 328 256 222 0 -8 0
268 320 253 219 0 0 0
268 320 250 216 -8 -8 0
260 312 247 213 0 8 0
260 320 244 210 0 0 0
260 320 241 207 -8 -8 0
252 312 238 204 0 0 0
252 312 235 201 -8 -8 0
244 304 232 198 0 -8 0
244 296 229 195 0 0 0
244 296 226 192 -8 8 0
236 304 223 189 0 0 0
236 304 220 186 0 -8 0
236 296 217 183 -8 0 0
228 296 214 180 0 0 0
228 296 211 177 -8 -8 0
220 288 208 174 0 -8 0
220 280 205 171 0 0 0
220 280 202 168 -8 0 0
212 280 199 165 0 0 0
212 280 196 162 0 8 0
212 288 193 159 -8 8 0
204 296 190 156 0 0 0
204 296 187 153 -8 0 0
196 296 184 150 0 0 0
196 296 181 147 0 0 0
196 296 178 144 -8 8 0
188 304 175 141 0 8 0
188 312 172 138 0 8 0
188 320 169 135 -8 0 0
180 320 166 132 0 -8 0
180 312 163 129 -8 0 0
172 312 160 126 0 -8 0
172 304 157 123 0 -8 0
172 296 154 120 -8 8 0
164 304 151 117 0 8 0
164 312 148 114 0 8 0
164 320 145 111 -8 8 0
156 328 142 108 0 8 0
156 336 139 105 -8 -8 0
148 328 136 102 0 8 0
148 336 133 99 0 0 0
148 336 130 96 -8 -8 0
140 328 127 93 0 0 0
140 328 124 90 0 0 0
140 328 121 87 -8 0 0
132 328 118 84 0 -8 0
132 320 115 81 -8 0 0
124 320 112 78 0 0 0
124 320 109 75 0 -8 0
124 312 106 72 -8 0 0
116 312 103 69 0 8 0
116 320 100 66 0 0 0
116 320 97 63 -8 8 0
108 328 94 60 0 0 0
108 328 91 57 -8 -8 0
100 320 88 54 0 0 0
100 320 85 51 0 0 0
100 320 82 48 -8 8 0
92 328 79 45 0 -8 0
92 320 76 42 0 8 0
92 328 73 39 -8 -8 0
84 320 70 36 0 0 0
84 320 67 33 -8 0 0
76 320 64 30 0 0 0
76 320 61 27 0 -8 0
76 312 58 24 -8 -8 0
68 304 55 21 0 -8 0
68 296 52 18 0 8 0
68 304 49 15 -8 0 0
60 304 46 12 0 -8 0
60 296 43 9 -8 -8 0
60 288 40 12 0 0 0
60 288 37 15 0 -8 0
60 280 34 18 0 8 0
60 288 31 21 0 0 0
60 288 28 24 0 8 0
60 296 25 27 0 8 0
60 304 22 30 0 8 0
60 312 19 33 0 -8 0
60 304 22 36 0 8 0
60 312 25 39 0 8 0
60 320 28 42 0 8 0
60 328 31 45 0 8 0
60 336 34 48 0 0 0
60 336 37 51 0 -8 0
60 328 40 54 0 0 0
60 328 43 57 0 8 0
60 336 46 60 0 -8 0
60 328 49 63 0 8 0
60 336 52 66 0 -8 0
60 328 55 69 0 0 0
60 328 58 72 0 0 0
60 328 61 75 0 8 0
60 336 64 78 0 0 0
60 336 67 81 0 8 0
60 344 70 84 0 8 0
60 352 73 87 0 8 0
60 360 76 90 0 0 0
60 360 79 93 0 -8 0
60 352 82 96 0 -8 0
60 344 85 99 0 -8 0
60 336 88 102 0 0 0
60 336 91 105 0 0 0
60 336 94 108 0 0 0
60 336 97 111 8 -8 0
68 328 100 114 0 0 0
68 328 103 117 0 -8 0
68 320 106 120 8 0 0
76 320 109 123 0 8 0
76 328 112 126 0 0 0
76 328 115 129 8 8 0
84 336 118 132 0 0 0
84 336 121 135 8 8 0
92 344 124 138 0 -8 0
92 336 127 141 0 8 0
92 344 130 144 8 -8 0
100 336 133 147 0 -8 0
100 328 136 150 0 -8 0
100 320 139 153 8 -8 0
108 312 142 156 0 -8 0
108 304 145 159 8 0 0
116 304 148 162 0 -8 0
116 296 151 165 0 -8 0
116 288 154 168 8 8 0
124 296 157 171 0 -8 0
124 288 160 174 0 0 0
124 288 163 177 8 -8 0
132 280 166 180 0 -8 0
132 272 169 183 8 -8 0
140 264 172 186 0 8 0
140 272 175 189 0 0 0
140 272 178 192 8 8 0
148 280 181 195 0 -8 0
148 272 184 198 0 8 0
148 280 187 201 8 0 0
156 280 190 204 0 8 0
156 288 193 207 8 0 0
164 288 196 210 0 -8 0
164 280 199 213 0 -8 0
164 272 202 216 8 8 0
172 280 205 219 0 8 0
172 288 208 222 0 0 0
172 288 211 225 8 0 0
180 288 214 228 0 0 0
180 288 217 231 8 -8 0
188 280 220 234 0 8 0
188 288 223 237 0 8 0
188 296 226 240 8 -8 0
196 288 229 243 0 0 0
196 288 232 246 0 -8 0
196 280 235 249 8 0 0
204 280 238 252 0 0 0
204 280 241 255 8 8 0
212 288 244 258 0 -8 0
212 280 247 261 0 0 0
212 280 250 264 8 0 0
220 280 253 267 0 0 0
220 280 256 270 0 -8 0
220 272 259 273 8 -8 0
228 264 262 276 0 8 0
228 272 265 279 8 -8 0
236 264 268 282 0 -8 0
236 256 271 285 0 8 0
236 264 274 288 8 0 0
244 264 277 291 0 8 0
244 272 280 294 0 8 0
244 280 283 297 8 -8 0
252 272 286 300 0 8 0
252 280 289 303 8 -8 0
260 272 292 306 0 8 0
260 280 295 309 0 0 0
260 280 298 312 8 -8 0
268 272 301 315 0 0 0
268 272 304 318 0 8 0
268 280 307 321 8 -8 0
276 272 310 324 0 -8 0
276 264 313 327 8 -8 0
284 256 316 330 0 0 0
284 256 319 333 0 -8 0
284 248 322 336 8 0 0
292 248 325 339 0 -8 0
292 240 328 342 0 -8 0
292 232 331 345 8 -8 0
300 224 334 348 0 -8 0
300 216 337 351 8 0 0
308 216 340 354 0 -8 0
308 208 343 357 0 -8 0
308 200 346 360 8 8 0
316 208 349 363 0 8 0
316 216 352 366 0 8 0
316 224 355 369 8 -8 0
324 216 358 372 0 0 0
324 216 361 375 8 0 0
332 216 364 378 0 -8 0
332 208 367 381 0 0 0
332 208 370 384 8 8 0
340 216 373 387 0 8 0
340 224 376 390 0 8 0
340 232 379 393 8 0 0
348 232 382 396 0 0 0
348 232 385 399 8 0 0
356 232 388 402 0 0 0
356 232 391 405 0 -8 0
356 224 394 408 8 -8 0
364 216 397 411 0 8 0
364 224 400 414 0 8 0
364 232 403 417 8 -8 0
372 224 406 420 0 -8 0
372 216 409 423 8 0 0
380 216 412 426 0 -8 0
380 208 415 429 0 8 0
380 216 418 432 8 8 0
388 224 421 435 0 0 0
388 224 424 438 0 8 0
388 232 427 441 8 0 0
396 232 430 444 0 8 0
396 240 433 447 8 0 0
404 240 436 450 0 0 0
404 240 439 453 0 0 0
404 240 442 456 8 0 0
412 240 445 459 0 8 0
412 248 448 462 0 0 0
412 248 451 465 8 -8 0
420 240 454 468 0 0 0
420 240 457 471 8 -8 0
428 232 460 474 0 8 0
428 240 463 477 0 0 0
428 240 466 480 8 0 0
436 240 469 483 0 8 0
436 248 472 486 0 -8 0
436 240 475 489 8 0 0
444 240 478 492 0 0 0
444 240 481 495 8 -8 0
452 232 484 498 0 0 0
452 232 487 501 0 8 0
452 240 490 504 8 0 0
460 240 493 507 0 8 0
460 248 496 510 0 -8 0
460 240 499 513 8 8 0
468 248 502 516 0 8 0
468 256 505 519 8 0 0
476 256 508 522 0 -8 0
476 248 511 525 0 -8 0
476 240 514 528 8 8 0
484 248 517 531 0 -8 0
484 240 520 534 0 8 0
484 248 523 537 8 -8 0
492 240 526 540 0 -8 0
492 232 529 543 8 -8 0
500 224 532 546 0 -8 0
500 216 535 549 0 -8 0
500 208 538 552 8 -8 0
508 200 541 555 0 -8 0
508 192 544 558 0 -8 0
508 184 547 561 8 0 0
516 184 550 564 0 8 0
516 192 553 567 8 0 0
524 192 556 570 0 8 0
524 200 559 573 0 -8 0
524 192 562 576 8 8 0
532 200 565 579 0 0 0
532 200 568 582 0 0 0
532 200 571 585 8 0 0
540 200 574 588 0 8 0
540 208 577 591 8 -8 0
540 200 580 588 0 0 0
540 200 583 585 0 -8 0
540 192 586 582 0 -8 0
540 184 589 579 0 0 0
540 184 592 576 0 0 0
540 184 595 573 0 0 0
540 184 598 570 0 8 0
540 192 601 567 0 0 0
540 192 604 564 0 8 0
540 200 607 561 0 -8 0
540 192 610 558 0 8 0
540 200 613 555 0 -8 0
540 192 616 552 0 8 0
540 200 619 549 0 -8 0
540 192 622 546 0 -8 0
540 184 625 543 0 0 0
540 184 628 540 0 -8 0
540 176 631 537 0 -8 0
540 168 634 534 0 0 0
540 168 637 531 0 -8 0
540 160 640 528 0 0 0
540 160 643 525 0 0 0
540 160 646 522 0 0 0
540 160 649 519 0 8 0
540 168 652 516 0 0 0
540 168 655 513 0 8 0
540 176 658 510 0 0 0
540 176 661 507 0 8 0
540 184 664 504 0 -8 0
540 176 667 501 0 0 0
540 176 670 498 0 0 0
540 176 673 495 0 8 0
540 184 676 492 0 -8 0
540 176 679 489 -8 8 0
532 184 682 486 0 -8 0
532 176 685 483 0 0 0
532 176 688 480 -8 -8 0
524 168 691 477 0 8 0
524 176 694 474 0 0 0
524 176 697 471 -8 0 0
516 176 700 468 0 0 0
516 176 703 465 -8 0 0
508 176 706 462 0 8 0
508 184 709 459 0 8 0
508 192 712 456 -8 8 0
500 200 715 453 0 8 0
500 208 718 450 0 8 0
500 216 721 447 -8 0 0
492 216 724 444 0 8 0
492 224 727 441 -8 -8 0
484 216 730 438 0 0 0
484 216 733 435 0 8 0
484 224 736 432 -8 0 0
476 224 739 429 0 0 0
476 224 742 426 0 8 0
476 232 745 423 -8 0 0
468 232 748 420 0 0 0
468 232 751 417 -8 -8 0
460 224 754 414 0 0 0
460 224 757 411 0 -8 0
460 216 760 408 -8 0 0
452 216 763 405 0 0 0
452 216 766 402 0 8 0
452 224 769 399 -8 -8 0
444 216 772 396 0 8 0
444 224 775 393 -8 8 0
436 232 778 390 0 8 0
436 240 781 387 0 0 1
436 240 781 387 0 0 1
436 240 781 387 0 0 1
436 240 781 387 0 0 1
436 240 781 387 0 0 1
