438 436 193 189 0 0 0
438 436 190 192 -8 -8 0
430 428 187 195 -8 0 0
422 428 184 198 -8 -8 0
414 420 181 201 -8 -8 0
406 412 178 204 -8 -8 0
398 404 175 207 -8 0 0
390 404 172 210 -8 -8 0
382 396 169 213 -8 -8 0
374 388 166 216 -8 8 0
366 396 163 219 -8 -8 0
358 388 160 222 -8 -8 0
350 380 157 225 -8 0 0
342 380 154 228 -8 0 0
334 380 151 231 -8 -8 0
326 372 148 234 -8 0 0
318 372 145 237 -8 0 0
310 372 142 240 -8 0 0
302 372 139 243 -8 8 0
294 380 136 246 0 -8 0
294 372 133 249 0 0 0
294 372 130 252 0 8 0
294 380 127 255 0 8 0
294 388 124 258 0 0 0
294 388 121 261 0 -8 0
294 380 118 264 0 8 0
294 388 115 267 0 8 0
294 396 112 270 0 0 0
294 396 109 273 0 0 0
294 396 106 276 0 8 0
294 404 103 279 0 8 0
294 412 100 282 0 8 0
294 420 97 285 0 0 0
294 420 94 288 0 0 0
294 420 91 291 0 -8 0
294 412 88 294 0 -8 0
294 404 85 297 0 8 0
294 412 82 300 0 8 0
294 420 79 303 0 -8 0
294 412 76 306 0 -8 0
294 404 73 309 0 8 0
294 412 70 312 0 0 0
294 412 67 315 0 0 0
294 412 64 318 0 0 0
294 412 61 321 0 -8 0
294 404 58 324 0 8 0
294 412 55 327 0 -8 0
294 404 52 330 0 -8 0
294 396 49 333 0 -8 0
294 388 46 336 0 0 0
294 388 43 339 0 -8 0
294 380 40 342 0 0 0
294 380 37 345 8 -8 0
302 372 34 348 0 0 0
302 372 31 351 0 8 0
302 380 28 354 8 0 0
310 380 25 357 0 8 0
310 388 22 360 0 0 0
310 388 19 363 0 0 1
310 388 19 363 0 0 1
310 388 19 363 0 0 1
310 388 19 363 0 0 1
310 388 19 363 0 0 1
