238 90 265 207 0 0 0
238 90 268 210 0 0 0
238 90 271 213 0 -8 0
238 82 274 216 0 8 0
238 90 277 219 0 8 0
238 98 280 222 0 0 0
238 98 283 225 0 8 0
238 106 286 228 0 8 0
238 114 289 231 0 -8 0
238 106 292 234 0 8 0
238 114 295 237 0 8 0
238 122 298 240 0 -8 0
238 114 301 243 0 -8 0
238 106 304 246 0 0 0
238 106 307 249 0 0 0
238 106 310 252 0 -8 0
238 98 313 255 0 -8 0
238 90 316 258 0 8 0
238 98 319 261 0 8 0
238 106 322 264 0 -8 0
238 98 325 267 0 0 0
238 98 328 270 0 8 0
238 106 331 273 0 -8 0
238 98 334 276 0 8 0
238 106 337 279 0 -8 0
238 98 340 282 0 8 0
238 106 343 285 0 -8 0
238 98 346 288 0 8 0
238 106 349 291 8 0 0
246 106 352 294 0 0 0
246 106 355 297 8 -8 0
254 98 358 300 0 8 0
254 106 361 303 0 8 0
254 114 364 306 8 0 0
262 114 367 309 0 -8 0
262 106 370 312 0 0 0
262 106 373 315 8 8 0
270 114 376 318 0 0 0
270 114 379 321 8 -8 0
278 106 382 324 0 -8 0
278 98 385 327 0 0 0
278 98 388 330 8 0 0
286 98 391 333 0 -8 0
286 90 394 336 0 0 0
286 90 397 339 8 8 0
294 98 400 342 0 0 0
294 98 403 345 8 8 0
302 106 406 348 0 0 0
302 106 409 351 0 8 0
302 114 412 354 8 0 0
310 114 415 357 0 0 0
310 114 418 360 0 0 0
310 114 421 363 8 -8 0
318 106 424 366 0 0 0
318 106 427 369 8 8 0
326 114 430 372 0 -8 0
326 106 433 375 0 8 0
326 114 436 378 8 8 0
334 122 439 381 0 8 0
334 130 442 384 0 -8 0
334 122 445 387 8 0 0
342 122 448 390 0 0 0
342 122 451 393 8 -8 0
350 114 454 396 0 8 0
350 122 457 399 0 8 0
350 130 460 402 8 8 0
358 138 463 405 0 8 0
358 146 466 408 0 -8 0
358 138 469 411 8 0 0
366 138 472 414 0 0 0
366 138 475 417 8 -8 0
374 130 478 420 0 8 0
374 138 481 423 0 -8 0
374 130 484 426 8 8 0
382 138 487 429 0 -8 0
382 130 490 432 0 8 0
382 138 493 435 8 -8 0
390 130 496 438 0 8 0
390 138 499 441 8 -8 0
398 130 502 444 0 0 0
398 130 505 447 0 0 0
398 130 508 450 8 8 0
406 138 511 453 0 8 0
406 146 514 456 0 -8 0
406 138 517 459 8 -8 0
414 130 520 462 0 -8 0
414 122 523 465 8 -8 0
422 114 526 468 0 8 0
422 122 529 471 0 -8 0
422 114 532 474 8 8 0
430 122 535 477 0 8 0
430 130 538 480 0 8 0
430 138 541 483 8 8 0
438 146 544 486 0 -8 0
438 138 547 489 8 -8 0
446 130 550 492 0 8 0
446 138 553 495 0 0 0
446 138 556 498 8 8 0
454 146 559 501 0 -8 0
454 138 562 504 0 0 0
454 138 565 507 8 8 0
462 146 568 510 0 8 0
462 154 571 513 8 0 0
470 154 574 516 0 0 0
470 154 577 519 0 8 0
470 162 580 522 8 0 0
478 162 583 525 0 8 0
478 170 586 528 0 8 0
478 178 589 531 8 0 0
486 178 592 534 0 0 0
486 178 595 537 8 8 0
494 186 598 540 0 0 0
494 186 601 543 0 0 0
494 186 604 546 8 8 0
502 194 607 549 0 0 0
502 194 610 552 0 -8 0
502 186 613 555 8 8 0
510 194 616 558 0 -8 0
510 186 619 561 8 -8 0
518 178 622 564 0 -8 0
518 170 625 567 0 0 0
518 170 628 570 8 -8 0
526 162 631 573 0 0 0
526 162 634 576 0 0 0
526 162 637 579 8 8 0
534 170 640 582 0 0 0
534 170 643 585 8 -8 0
540 162 646 588 0 0 0
540 162 649 591 8 -8 0
540 154 652 588 0 8 0
540 162 655 585 0 -8 0
540 154 658 582 0 0 0
540 154 661 579 0 8 0
540 162 664 576 0 8 0
540 170 667 573 0 -8 0
540 162 670 570 0 0 0
540 162 673 567 0 0 0
540 162 676 564 0 -8 0
540 154 679 561 0 0 0
540 154 682 558 0 0 0
540 154 685 555 0 0 0
540 154 688 552 0 8 0
540 162 691 549 0 -8 0
540 154 694 546 0 8 0
540 162 697 543 0 8 0
540 170 700 540 0 8 0
540 178 703 537 0 8 0
540 186 706 534 0 8 0
540 194 709 531 0 0 0
540 194 712 528 0 -8 0
540 186 715 525 0 -8 0
540 178 718 522 0 0 0
540 178 721 519 0 0 0
540 178 724 516 0 8 0
540 186 727 513 0 -8 0
540 178 730 510 0 8 0
540 186 733 507 0 8 0
540 194 736 504 0 8 0
540 202 739 501 0 0 0
540 202 742 498 0 -8 0
540 194 745 495 0 8 0
540 202 748 492 0 -8 0
540 194 751 489 -8 -8 0
532 186 754 486 0 -8 0
532 178 757 483 0 -8 0
532 170 760 480 -8 8 0
524 178 763 477 0 -8 0
524 170 766 474 0 0 0
524 170 769 471 -8 8 0
516 178 772 468 0 8 0
516 186 775 465 -8 8 0
508 194 778 462 0 0 0
508 194 781 459 0 0 1
508 194 781 459 0 0 1
508 194 781 459 0 0 1
508 194 781 459 0 0 1
508 194 781 459 0 0 1
