140 490 541 426 0 0 0
140 490 538 429 8 -8 0
148 482 535 432 8 0 0
156 482 532 435 8 8 0
164 490 529 438 8 0 0
172 490 526 441 8 0 0
180 490 523 444 8 0 0
188 490 520 447 8 -8 0
196 482 517 450 8 -8 0
204 474 514 453 8 8 0
212 482 511 456 8 0 0
220 482 508 459 8 8 0
228 490 505 462 8 0 0
236 490 502 465 8 -8 0
244 482 499 468 8 8 0
252 490 496 471 8 8 0
260 498 493 474 8 0 0
268 498 490 477 8 -8 0
276 490 487 480 8 8 0
284 498 484 483 8 8 0
292 506 481 486 8 0 0
300 506 478 489 8 0 0
308 506 475 492 8 0 0
316 506 472 495 8 0 0
324 506 469 498 8 0 0
332 506 466 501 8 -8 0
340 498 463 504 8 8 0
348 506 460 507 8 0 0
356 506 457 510 8 -8 0
364 498 454 513 8 8 0
372 506 451 516 8 -8 0
380 498 448 519 8 0 0
388 498 445 522 8 8 0
396 506 442 525 8 0 0
404 506 439 528 8 0 0
412 506 436 531 8 8 0
420 514 433 534 8 -8 0
428 506 430 537 8 -8 0
436 498 427 540 8 -8 0
444 490 424 543 8 -8 0
452 482 421 546 8 0 0
460 482 418 549 8 8 0
468 490 415 552 8 -8 0
476 482 412 555 8 -8 0
484 474 409 558 8 0 0
492 474 406 561 8 0 0
500 474 403 564 8 8 0
508 482 400 567 8 0 0
516 482 397 570 8 8 0
524 490 394 573 0 8 0
524 498 391 576 8 -8 0
532 490 388 579 0 8 0
532 498 385 582 0 8 0
532 506 382 585 8 8 0
540 514 379 588 0 0 0
540 514 376 591 8 0 0
540 514 373 588 0 0 0
540 514 370 585 0 -8 0
540 506 367 582 0 -8 0
540 498 364 579 0 8 0
540 506 361 576 0 8 0
540 514 358 573 0 8 0
540 522 355 570 0 8 0
540 530 352 567 0 -8 0
540 522 349 564 0 8 0
540 530 346 561 0 -8 0
540 522 343 558 0 8 0
540 530 340 555 0 -8 0
540 522 337 552 0 0 0
540 522 334 549 0 8 0
540 530 331 546 0 8 0
540 538 328 543 0 0 0
540 538 325 540 0 8 0
540 540 322 537 0 -8 0
540 532 319 534 0 -8 0
540 524 316 531 0 -8 0
540 516 313 528 0 8 0
540 524 310 525 0 0 0
540 524 307 522 0 0 0
540 524 304 519 0 -8 0
540 516 301 516 0 -8 0
540 508 298 513 0 8 0
540 516 295 510 0 0 0
540 516 292 507 0 0 0
540 516 289 504 0 -8 0
540 508 286 501 0 8 0
540 516 283 498 0 0 0
540 516 280 495 0 8 0
540 524 277 492 0 0 0
540 524 274 489 -8 8 0
532 532 271 486 0 -8 0
532 524 268 483 0 8 0
532 532 265 480 -8 0 0
524 532 262 477 0 -8 0
524 524 259 474 0 8 0
524 532 256 471 -8 0 0
516 532 253 468 0 0 0
516 532 250 465 -8 -8 0
508 524 247 462 0 0 0
508 524 244 459 0 0 0
508 524 241 456 -8 -8 0
500 516 238 453 0 8 0
500 524 235 450 0 -8 0
500 516 232 447 -8 -8 0
492 508 229 444 0 0 0
492 508 226 441 -8 0 0
484 508 223 438 0 8 0
484 516 220 435 0 -8 0
484 508 217 432 -8 -8 0
476 500 214 429 0 0 0
476 500 211 426 0 8 0
476 508 208 423 -8 8 0
468 516 205 420 0 -8 0
468 508 202 417 -8 0 0
460 508 199 414 0 -8 0
460 500 196 411 0 -8 0
460 492 193 408 -8 8 0
452 500 190 405 0 8 0
452 508 187 402 0 8 0
452 516 184 399 -8 -8 0
444 508 181 396 0 8 0
444 516 178 393 -8 8 0
436 524 175 390 0 8 0
436 532 172 387 0 0 0
436 532 169 384 -8 -8 0
428 524 166 381 0 -8 0
428 516 163 378 0 8 0
428 524 160 375 -8 0 0
420 524 157 372 0 8 0
420 532 154 369 -8 8 0
412 540 151 366 0 -8 0
412 532 148 363 0 -8 0
412 524 145 360 -8 8 0
404 532 142 357 0 -8 0
404 524 139 354 0 8 0
404 532 136 351 -8 -8 0
396 524 133 348 0 -8 0
396 516 130 345 -8 -8 0
388 508 127 342 0 0 0
388 508 124 339 0 8 0
388 516 121 336 -8 -8 0
380 508 118 333 0 0 0
380 508 115 330 0 8 0
380 516 112 327 -8 0 0
372 516 109 324 0 8 0
372 524 106 321 -8 8 0
364 532 103 318 0 8 0
364 540 100 315 0 0 0
364 540 97 312 -8 0 0
356 540 94 309 0 8 0
356 540 91 306 0 0 0
356 540 88 303 -8 0 0
348 540 85 300 0 0 0
348 540 82 297 -8 -8 0
340 532 79 294 0 -8 0
340 524 76 291 0 -8 0
340 516 73 288 -8 -8 0
332 508 70 285 0 -8 0
332 500 67 282 0 0 0
332 500 64 279 -8 0 0
324 500 61 276 0 -8 0
324 492 58 273 -8 -8 0
316 484 55 270 0 -8 0
316 476 52 267 0 0 0
316 476 49 264 -8 8 0
308 484 46 261 0 -8 0
308 476 43 258 0 8 0
308 484 40 255 -8 -8 0
300 476 37 252 0 -8 0
300 468 34 249 -8 0 0
292 468 31 246 0 0 0
292 468 28 243 0 8 0
292 476 25 240 -8 8 0
284 484 22 237 0 0 0
284 484 19 234 0 8 0
284 492 22 231 -8 -8 0
276 484 25 228 0 8 0
276 492 28 225 -8 8 0
268 500 31 222 0 8 0
268 508 34 219 0 0 0
268 508 37 216 -8 0 0
260 508 40 213 0 8 0
260 516 43 210 0 -8 0
260 508 46 207 -8 8 0
252 516 49 204 0 0 0
252 516 52 201 -8 8 0
244 524 55 198 0 8 0
244 532 58 195 0 8 0
244 540 61 192 -8 8 0
236 540 64 189 0 -8 0
236 532 67 186 0 0 0
236 532 70 183 -8 0 0
228 532 73 180 0 -8 0
228 524 76 177 -8 -8 0
220 516 79 174 0 8 0
220 524 82 171 0 -8 0
220 516 85 168 -8 -8 0
212 508 88 165 0 -8 0
212 500 91 162 0 8 0
212 508 94 159 -8 -8 0
204 500 97 156 0 0 0
204 500 100 153 -8 0 0
196 500 103 150 0 -8 0
196 492 106 147 0 8 0
196 500 109 144 -8 8 0
188 508 112 141 0 8 0
188 516 115 138 0 8 0
188 524 118 135 -8 -8 0
180 516 121 132 0 8 0
180 524 124 129 -8 0 0
172 524 127 126 0 0 0
172 524 130 123 0 0 0
172 524 133 120 -8 0 0
164 524 136 117 0 8 0
164 532 139 114 0 -8 0
164 524 142 111 -8 8 0
156 532 145 108 0 8 0
156 540 148 105 -8 -8 0
148 532 151 102 0 8 0
148 540 154 99 0 0 0
148 540 157 96 -8 0 0
140 540 160 93 0 0 0
140 540 163 90 0 0 0
140 540 166 87 -8 8 0
132 540 169 84 0 0 0
132 540 172 81 -8 0 0
124 540 175 78 0 0 0
124 540 178 75 0 -8 0
124 532 181 72 -8 0 0
116 532 184 69 0 0 0
116 532 187 66 0 8 0
116 540 190 63 -8 0 0
108 540 193 60 0 -8 0
108 532 196 57 -8 0 0
100 532 199 54 0 8 0
100 540 202 51 0 0 0
100 540 205 48 -8 8 0
92 540 208 45 0 0 0
92 540 211 42 0 0 0
92 540 214 39 -8 0 0
84 540 217 36 0 8 0
84 540 220 33 -8 0 0
76 540 223 30 0 8 0
76 540 226 27 0 0 0
76 540 229 24 -8 -8 0
68 532 232 21 0 0 0
68 532 235 18 0 0 0
68 532 238 15 -8 8 0
60 540 241 12 0 -8 0
60 532 244 9 -8 8 0
60 540 247 12 0 8 0
60 540 250 15 0 -8 0
60 532 253 18 0 -8 0
60 524 256 21 0 0 0
60 524 259 24 0 0 0
60 524 262 27 0 8 0
60 532 265 30 0 -8 0
60 524 268 33 0 8 0
60 532 271 36 0 0 0
60 532 274 39 0 0 0
60 532 277 42 0 8 0
60 540 280 45 0 8 0
60 540 283 48 0 8 0
60 540 286 51 0 8 0
60 540 289 54 0 -8 0
60 532 292 57 0 -8 0
60 524 295 60 0 0 0
60 524 298 63 0 0 0
60 524 301 66 0 0 0
60 524 304 69 0 -8 0
60 516 307 72 0 -8 0
60 508 310 75 0 0 0
60 508 313 78 0 0 0
60 508 316 81 0 8 0
60 516 319 84 0 -8 0
60 508 322 87 0 0 0
60 508 325 90 0 0 0
60 508 328 93 0 -8 0
60 500 331 96 0 -8 0
60 492 334 99 0 0 0
60 492 337 102 0 8 0
60 500 340 105 0 -8 0
60 492 343 108 0 8 0
60 500 346 111 8 -8 0
68 492 349 114 0 0 0
68 492 352 117 0 8 0
68 500 355 120 8 -8 0
76 492 358 123 0 0 0
76 492 361 126 0 0 0
76 492 364 129 8 0 0
84 492 367 132 0 -8 0
84 484 370 135 8 -8 0
92 476 373 138 0 0 0
92 476 376 141 0 -8 0
92 468 379 144 8 0 0
100 468 382 147 0 -8 0
100 460 385 150 0 8 0
100 468 388 153 8 8 0
108 476 391 156 0 -8 0
108 468 394 159 8 8 0
116 476 397 162 0 -8 0
116 468 400 165 0 -8 0
116 460 403 168 8 -8 0
124 452 406 171 0 0 0
124 452 409 174 0 -8 0
124 444 412 177 8 0 0
132 444 415 180 0 -8 0
132 436 418 183 8 8 0
140 444 421 186 0 -8 0
140 436 424 189 0 -8 0
140 428 427 192 8 8 0
148 436 430 195 0 8 0
148 444 433 198 0 8 0
148 452 436 201 8 -8 0
156 444 439 204 0 8 0
156 452 442 207 8 0 0
164 452 445 210 0 -8 0
164 444 448 213 0 0 0
164 444 451 216 8 0 0
172 444 454 219 0 8 0
172 452 457 222 0 8 0
172 460 460 225 8 0 0
180 460 463 228 0 -8 0
180 452 466 231 8 8 0
188 460 469 234 0 8 0
188 468 472 237 0 -8 0
188 460 475 240 8 0 0
196 460 478 243 0 -8 0
196 452 481 246 0 -8 0
196 444 484 249 8 0 0
204 444 487 252 0 -8 0
204 436 490 255 8 0 0
212 436 493 258 0 0 0
212 436 496 261 0 0 0
212 436 499 264 8 8 0
220 444 502 267 0 8 0
220 452 505 270 0 8 0
220 460 508 273 8 0 0
228 460 511 276 0 0 0
228 460 514 279 8 8 0
236 468 517 282 0 -8 0
236 460 520 285 0 8 0
236 468 523 288 8 8 0
244 476 526 291 0 -8 0
244 468 529 294 0 8 0
244 476 532 297 8 0 0
252 476 535 300 0 0 0
252 476 538 303 8 -8 0
260 468 541 306 0 -8 0
260 460 544 309 0 -8 0
260 452 547 312 8 0 0
268 452 550 315 0 8 0
268 460 553 318 0 0 0
268 460 556 321 8 8 0
276 468 559 324 0 0 0
276 468 562 327 8 -8 0
284 460 565 330 0 8 0
284 468 568 333 0 8 0
284 476 571 336 8 8 0
292 484 574 339 0 8 0
292 492 577 342 0 8 0
292 500 580 345 8 -8 0
300 492 583 348 0 -8 0
300 484 586 351 8 0 0
308 484 589 354 0 0 0
308 484 592 357 0 -8 0
308 476 595 360 8 -8 0
316 468 598 363 0 0 0
316 468 601 366 0 8 0
316 476 604 369 8 -8 0
324 468 607 372 0 8 0
324 476 610 375 8 8 0
332 484 613 378 0 -8 0
332 476 616 381 0 0 0
332 476 619 384 8 8 0
340 484 622 387 0 0 0
340 484 625 390 0 8 0
340 492 628 393 8 0 0
348 492 631 396 0 0 0
348 492 634 399 8 -8 0
356 484 637 402 0 8 0
356 492 640 405 0 8 0
356 500 643 408 8 -8 0
364 492 646 411 0 0 0
364 492 649 414 0 0 0
364 492 652 417 8 0 0
372 492 655 420 0 8 0
372 500 658 423 8 0 0
380 500 661 426 0 -8 0
380 492 664 429 0 8 0
380 500 667 432 8 -8 0
388 492 670 435 0 0 0
388 492 673 438 0 0 0
388 492 676 441 8 -8 0
396 484 679 444 0 -8 0
396 476 682 447 8 0 0
404 476 685 450 0 0 0
404 476 688 453 0 -8 0
404 468 691 456 8 8 0
412 476 694 459 0 0 0
412 476 697 462 0 8 0
412 484 700 465 8 0 0
420 484 703 468 0 -8 0
420 476 706 471 8 0 0
428 476 709 474 0 8 0
428 484 712 477 0 0 0
428 484 715 480 8 8 0
436 492 718 483 0 -8 0
436 484 721 486 0 -8 0
436 476 724 489 8 8 0
444 484 727 492 0 -8 0
444 476 730 495 8 8 0
452 484 733 498 0 -8 0
452 476 736 501 0 8 0
452 484 739 504 8 8 0
460 492 742 507 0 -8 0
460 484 745 510 0 -8 0
460 476 748 513 8 -8 0
468 468 751 516 0 -8 0
468 460 754 519 8 0 0
476 460 757 522 0 -8 0
476 452 760 525 0 8 0
476 460 763 528 8 -8 0
484 452 766 531 0 0 0
484 452 769 534 0 8 0
484 460 772 537 8 0 0
492 460 775 540 0 0 0
492 460 778 543 8 0 0
500 460 781 546 0 0 1
500 460 781 546 0 0 1
500 460 781 546 0 0 1
500 460 781 546 0 0 1
500 460 781 546 0 0 1
