273 181 136 417 0 0 0
273 181 133 414 8 -8 0
281 173 130 411 8 8 0
289 181 127 408 8 0 0
297 181 124 405 8 0 0
305 181 121 402 8 0 0
313 181 118 399 8 8 0
321 189 115 396 8 8 0
329 197 112 393 8 8 0
337 205 109 390 8 -8 0
345 197 106 387 0 8 0
345 205 103 384 0 -8 0
345 197 100 381 0 0 0
345 197 97 378 0 -8 0
345 189 94 375 0 -8 0
345 181 91 372 0 8 0
345 189 88 369 0 -8 0
345 181 85 366 0 -8 0
345 173 82 363 0 0 0
345 173 79 360 0 -8 0
345 165 76 357 0 -8 0
345 157 73 354 0 -8 0
345 149 70 351 0 8 0
345 157 67 348 0 8 0
345 165 64 345 0 8 0
345 173 61 342 0 8 0
345 181 58 339 0 -8 0
345 173 55 336 0 0 0
345 173 52 333 0 8 0
345 181 49 330 0 8 0
345 189 46 327 0 0 0
345 189 43 324 0 8 0
345 197 40 321 0 8 0
345 205 37 318 0 -8 0
345 197 34 315 0 8 0
345 205 31 312 0 8 0
345 213 28 309 0 0 0
345 213 25 306 0 -8 0
345 205 22 303 0 0 0
345 205 19 300 0 -8 0
345 197 22 297 0 8 0
345 205 25 294 -8 0 0
337 205 28 291 0 -8 0
337 197 31 288 0 -8 0
337 189 34 285 -8 0 0
329 189 37 282 0 8 0
329 197 40 279 0 0 0
329 197 43 276 -8 8 0
321 205 46 273 0 0 0
321 205 49 270 -8 8 0
313 213 52 267 0 0 0
313 213 55 264 0 8 0
313 221 58 261 -8 8 0
305 229 61 258 0 0 0
305 229 64 255 0 8 0
305 237 67 252 -8 0 0
297 237 70 249 0 8 0
297 245 73 246 -8 8 0
289 253 76 243 0 0 0
289 253 79 240 0 0 0
289 253 82 237 -8 -8 0
281 245 85 234 0 -8 0
281 237 88 231 0 8 0
281 245 91 228 -8 -8 0
273 237 94 225 0 8 0
273 245 97 222 -8 8 0
265 253 100 219 0 0 0
265 253 103 216 0 0 0
265 253 106 213 -8 8 0
257 261 109 210 0 8 0
257 269 112 207 0 -8 0
257 261 115 204 -8 -8 0
249 253 118 201 0 8 0
249 261 121 198 -8 8 0
241 269 124 195 0 -8 0
241 261 127 192 0 0 0
241 261 130 189 -8 -8 0
233 253 133 186 0 8 0
233 261 136 183 0 0 0
233 261 139 180 -8 0 0
225 261 142 177 0 -8 0
225 253 145 174 -8 -8 0
217 245 148 171 0 8 0
217 253 151 168 0 0 0
217 253 154 165 -8 8 0
209 261 157 162 0 0 0
209 261 160 159 0 -8 0
209 253 163 156 -8 -8 0
201 245 166 153 0 8 0
201 253 169 150 -8 -8 0
193 245 172 147 0 8 0
193 253 175 144 0 8 0
193 261 178 141 -8 0 0
185 261 181 138 0 0 0
185 261 184 135 0 8 0
185 269 187 132 -8 0 0
177 269 190 129 0 8 0
177 277 193 126 -8 8 0
169 285 196 123 0 8 0
169 293 199 120 0 0 0
169 293 202 117 -8 0 0
161 293 205 114 0 0 0
161 293 208 111 0 8 0
161 301 211 108 -8 8 0
153 309 214 105 0 0 0
153 309 217 102 -8 -8 0
145 301 220 99 0 -8 0
145 293 223 96 0 -8 0
145 285 226 93 -8 8 0
137 293 229 90 0 -8 0
137 285 232 87 0 8 0
137 293 235 84 -8 0 0
129 293 238 81 0 0 0
129 293 241 78 -8 8 0
121 301 244 75 0 8 0
121 309 247 72 0 8 0
121 317 250 69 -8 0 0
113 317 253 66 0 8 0
113 325 256 63 0 -8 0
113 317 259 60 -8 8 0
105 325 262 57 0 8 0
105 333 265 54 -8 -8 0
97 325 268 51 0 -8 0
97 317 271 48 0 0 0
97 317 274 45 -8 8 0
89 325 277 42 0 8 0
89 333 280 39 0 -8 0
89 325 283 36 -8 8 0
81 333 286 33 0 -8 0
81 325 289 30 -8 -8 0
73 317 292 27 0 0 0
73 317 295 24 0 0 0
73 317 298 21 -8 0 0
65 317 301 18 0 0 0
65 317 304 15 0 8 0
65 325 307 12 -8 8 0
60 333 310 9 -8 -8 0
60 325 313 12 0 8 0
60 333 316 15 0 -8 0
60 325 319 18 0 8 0
60 333 322 21 0 -8 0
60 325 325 24 0 -8 0
60 317 328 27 0 -8 0
60 309 331 30 0 -8 0
60 301 334 33 0 8 0
60 309 337 36 0 8 0
60 317 340 39 0 0 0
60 317 343 42 0 0 0
60 317 346 45 0 0 0
60 317 349 48 0 0 0
60 317 352 51 0 8 0
60 325 355 54 0 -8 0
60 317 358 57 0 -8 0
60 309 361 60 0 -8 0
60 301 364 63 0 0 0
60 301 367 66 0 8 0
60 309 370 69 0 -8 0
60 301 373 72 0 8 0
60 309 376 75 0 0 0
60 309 379 78 0 -8 0
60 301 382 81 0 8 0
60 309 385 84 0 -8 0
60 301 388 87 0 0 0
60 301 391 90 0 8 0
60 309 394 93 0 0 0
60 309 397 96 0 0 0
60 309 400 99 0 8 0
60 317 403 102 0 -8 0
60 309 406 105 0 -8 0
60 301 409 108 0 8 0
60 309 412 111 8 -8 0
68 301 415 114 0 8 0
68 309 418 117 0 -8 0
68 301 421 120 8 0 0
76 301 424 123 0 0 0
76 301 427 126 0 0 0
76 301 430 129 8 8 0
84 309 433 132 0 0 0
84 309 436 135 8 8 0
92 317 439 138 0 -8 0
92 309 442 141 0 8 0
92 317 445 144 8 8 0
100 325 448 147 0 0 0
100 325 451 150 0 0 0
100 325 454 153 8 0 0
108 325 457 156 0 8 0
108 333 460 159 8 8 0
116 341 463 162 0 8 0
116 349 466 165 0 -8 0
116 341 469 168 8 -8 0
124 333 472 171 0 0 0
124 333 475 174 0 0 0
124 333 478 177 8 8 0
132 341 481 180 0 8 0
132 349 484 183 8 8 0
140 357 487 186 0 0 0
140 357 490 189 0 8 0
140 365 493 192 8 0 0
148 365 496 195 0 0 0
148 365 499 198 0 0 0
148 365 502 201 8 0 0
156 365 505 204 0 8 0
156 373 508 207 8 0 0
164 373 511 210 0 8 0
164 381 514 213 0 8 0
164 389 517 216 8 8 0
172 397 520 219 0 8 0
172 405 523 222 0 -8 0
172 397 526 225 8 8 0
180 405 529 228 0 0 0
180 405 532 231 8 -8 0
188 397 535 234 0 -8 0
188 389 538 237 0 0 0
188 389 541 240 8 0 0
196 389 544 243 0 8 0
196 397 547 246 0 8 0
196 405 550 249 8 8 0
204 413 553 252 0 -8 0
204 405 556 255 8 8 0
212 413 559 258 0 -8 0
212 405 562 261 0 8 0
212 413 565 264 8 8 0
220 421 568 267 0 8 0
220 429 571 270 0 -8 0
220 421 574 273 8 8 0
228 429 577 276 0 -8 0
228 421 580 279 8 8 0
236 429 583 282 0 -8 0
236 421 586 285 0 8 0
236 429 589 288 8 0 0
244 429 592 291 0 8 0
244 437 595 294 0 8 0
244 445 598 297 8 -8 0
252 437 601 300 0 0 0
252 437 604 303 8 8 0
260 445 607 306 0 8 0
260 453 610 309 0 8 0
260 461 613 312 8 0 0
268 461 616 315 0 -8 0
268 453 619 318 0 8 0
268 461 622 321 8 8 0
276 469 625 324 0 8 0
276 477 628 327 8 -8 0
284 469 631 330 0 0 0
284 469 634 333 0 8 0
284 477 637 336 8 -8 0
292 469 640 339 0 8 0
292 477 643 342 0 -8 0
292 469 646 345 8 8 0
300 477 649 348 0 0 0
300 477 652 351 8 -8 0
308 469 655 354 0 8 0
308 477 658 357 0 -8 0
308 469 661 360 8 -8 0
316 461 664 363 0 8 0
316 469 667 366 0 -8 0
316 461 670 369 8 0 0
324 461 673 372 0 0 0
324 461 676 375 8 8 0
332 469 679 378 0 -8 0
332 461 682 381 0 0 0
332 461 685 384 8 -8 0
340 453 688 387 0 -8 0
340 445 691 390 0 0 0
340 445 694 393 8 -8 0
348 437 697 396 0 0 0
348 437 700 399 8 8 0
356 445 703 402 0 8 0
356 453 706 405 0 0 0
356 453 709 408 8 8 0
364 461 712 411 0 8 0
364 469 715 414 0 -8 0
364 461 718 417 8 0 0
372 461 721 420 0 8 0
372 469 724 423 8 -8 0
380 461 727 426 0 -8 0
380 453 730 429 0 -8 0
380 445 733 432 8 0 0
388 445 736 435 0 8 0
388 453 739 438 0 -8 0
388 445 742 441 8 8 0
396 453 745 444 0 8 0
396 461 748 447 8 -8 0
404 453 751 450 0 0 0
404 453 754 453 0 8 0
404 461 757 456 8 -8 0
412 453 760 459 0 8 0
412 461 763 462 0 -8 0
412 453 766 465 8 8 0
420 461 769 468 0 8 0
420 469 772 471 8 -8 0
428 461 775 474 0 8 0
428 469 778 477 0 0 0
428 469 781 480 8 -8 0
436 461 778 483 0 8 0
436 469 775 486 0 -8 0
436 461 772 489 8 8 0
444 469 769 492 0 0 0
444 469 766 495 8 -8 0
452 461 763 498 0 0 0
452 461 760 501 0 -8 0
452 453 757 504 8 -8 0
460 445 754 507 0 8 0
460 453 751 510 0 -8 0
460 445 748 513 8 8 0
468 453 745 516 0 8 0
468 461 742 519 8 -8 0
476 453 739 522 0 8 0
476 461 736 525 0 8 0
476 469 733 528 8 8 0
484 477 730 531 0 8 0
484 485 727 534 0 8 0
484 493 724 537 8 -8 0
492 485 721 540 0 0 0
492 485 718 543 8 -8 0
500 477 715 546 0 -8 0
500 469 712 549 0 8 0
500 477 709 552 8 0 0
508 477 706 555 0 -8 0
508 469 703 558 0 -8 0
508 461 700 561 8 -8 0
516 453 697 564 0 0 0
516 453 694 567 8 8 0
524 461 691 570 0 8 0
524 469 688 573 0 0 0
524 469 685 576 8 -8 0
532 461 682 579 0 -8 0
532 453 679 582 0 8 0
532 461 676 585 8 8 0
540 469 673 588 0 0 0
540 469 670 591 8 -8 0
540 461 667 588 0 8 0
540 469 664 585 0 -8 0
540 461 661 582 0 8 0
540 469 658 579 0 0 0
540 469 655 576 0 8 0
540 477 652 573 0 8 0
540 485 649 570 0 8 0
540 493 646 567 0 0 0
540 493 643 564 0 -8 0
540 485 640 561 0 8 0
540 493 637 558 0 8 0
540 501 634 555 0 0 0
540 501 631 552 0 -8 0
540 493 628 549 0 0 0
540 493 625 546 0 8 0
540 501 622 543 0 -8 0
540 493 619 540 0 -8 0
540 485 616 537 0 8 0
540 493 613 534 0 -8 0
540 485 610 531 0 -8 0
540 477 607 528 0 8 0
540 485 604 525 0 0 0
540 485 601 522 0 8 0
540 493 598 519 0 0 0
540 493 595 516 0 -8 0
540 485 592 513 0 8 0
540 493 589 510 0 -8 0
540 485 586 507 0 8 0
540 493 583 504 0 8 0
540 501 580 501 0 8 0
540 509 577 498 0 8 0
540 517 574 495 0 0 0
540 517 571 492 0 8 0
540 525 568 489 -8 8 0
532 533 565 486 0 0 0
532 533 562 483 0 -8 0
532 525 559 480 -8 8 0
524 533 556 477 0 0 0
524 533 553 474 0 0 0
524 533 550 471 -8 -8 0
516 525 547 468 0 0 0
516 525 544 465 -8 8 0
508 533 541 462 0 -8 0
508 525 538 459 0 8 0
508 533 535 456 -8 0 0
500 533 532 453 0 0 0
500 533 529 450 0 -8 0
500 525 526 447 -8 0 0
492 525 523 444 0 0 0
492 525 520 441 -8 8 0
484 533 517 438 0 -8 0
484 525 514 435 0 -8 0
484 517 511 432 -8 8 0
476 525 508 429 0 0 0
476 525 505 426 0 8 0
476 533 502 423 -8 0 0
468 533 499 420 0 0 0
468 533 496 417 -8 0 0
460 533 493 414 0 0 0
460 533 490 411 0 -8 0
460 525 487 408 -8 8 0
452 533 484 405 0 8 0
452 540 481 402 0 8 0
452 540 478 399 -8 8 0
444 540 475 396 0 8 0
444 540 472 393 -8 8 0
436 540 469 390 0 8 0
436 540 466 387 0 -8 0
436 532 463 384 -8 -8 0
428 524 460 381 0 0 0
428 524 457 378 0 -8 0
428 516 454 375 -8 0 0
420 516 451 372 0 8 0
420 524 448 369 -8 -8 0
412 516 445 366 0 -8 0
412 508 442 363 0 -8 0
412 500 439 360 -8 8 0
404 508 436 357 0 8 0
404 516 433 354 0 -8 0
404 508 430 351 -8 0 0
396 508 427 348 0 -8 0
396 500 424 345 -8 -8 0
388 492 421 342 0 -8 0
388 484 418 339 0 0 0
388 484 415 336 -8 -8 0
380 476 412 333 0 -8 0
380 468 409 330 0 8 0
380 476 406 327 -8 -8 0
372 468 403 324 0 0 0
372 468 400 321 -8 -8 0
364 460 397 318 0 -8 0
364 452 394 315 0 8 0
364 460 391 312 -8 0 0
356 460 388 309 0 -8 0
356 452 385 306 0 -8 0
356 444 382 303 -8 8 0
348 452 379 300 0 8 0
348 460 376 297 -8 -8 0
340 452 373 294 0 -8 0
340 444 370 291 0 0 0
340 444 367 288 -8 -8 0
332 436 364 285 0 0 0
332 436 361 282 0 8 0
332 444 358 279 -8 -8 0
324 436 355 276 0 -8 0
324 428 352 273 -8 -8 0
316 420 349 270 0 -8 0
316 412 346 267 0 0 0
316 412 343 264 -8 -8 0
308 404 340 261 0 8 0
308 412 337 258 0 -8 0
308 404 334 255 -8 8 0
300 412 331 252 0 0 0
300 412 328 249 -8 8 0
292 420 325 246 0 -8 0
292 412 322 243 0 0 0
292 412 319 240 -8 -8 0
284 404 316 237 0 8 0
284 412 313 234 0 -8 0
284 404 310 231 -8 8 0
276 412 307 228 0 0 0
276 412 304 225 -8 8 0
268 420 301 222 0 8 0
268 428 298 219 0 8 0
268 436 295 216 -8 8 0
260 444 292 213 0 -8 0
260 436 289 210 0 0 0
260 436 286 207 -8 8 0
252 444 283 204 0 8 0
252 452 280 201 -8 8 0
244 460 277 198 0 -8 0
244 452 274 195 0 0 0
244 452 271 192 -8 8 0
236 460 268 189 0 -8 0
236 452 265 186 0 0 0
236 452 262 183 -8 -8 0
228 444 259 180 0 8 0
228 452 256 177 -8 0 0
220 452 253 174 0 0 0
220 452 250 171 0 8 0
220 460 247 168 -8 -8 0
212 452 244 165 0 0 0
212 452 241 162 0 -8 0
212 444 238 159 -8 0 0
204 444 235 156 0 0 0
204 444 232 153 -8 0 0
196 444 229 150 0 8 0
196 452 226 147 0 0 0
196 452 223 144 -8 8 0
188 460 220 141 0 -8 0
188 452 217 138 0 -8 0
188 444 214 135 -8 -8 0
180 436 211 132 0 0 0
180 436 208 129 -8 8 0
172 444 205 126 0 0 0
172 444 202 123 0 8 0
172 452 199 120 -8 8 0
164 460 196 117 0 8 0
164 468 193 114 0 -8 0
164 460 190 111 -8 0 0
156 460 187 108 0 -8 0
156 452 184 105 -8 8 0
148 460 181 102 0 -8 0
148 452 178 99 0 8 0
148 460 175 96 -8 -8 0
140 452 172 93 0 0 0
140 452 169 90 0 0 0
140 452 166 87 -8 -8 0
132 444 163 84 0 0 0
132 444 160 81 -8 0 0
124 444 157 78 0 0 0
124 444 154 75 0 0 0
124 444 151 72 -8 8 0
116 452 148 69 0 0 0
116 452 145 66 0 -8 0
116 444 142 63 -8 0 0
108 444 139 60 0 -8 0
108 436 136 57 -8 -8 0
100 428 133 54 0 0 0
100 428 130 51 0 0 0
100 428 127 48 -8 -8 0
92 420 124 45 0 8 0
92 428 121 42 0 0 0
92 428 118 39 -8 0 0
84 428 115 36 0 -8 0
84 420 112 33 -8 -8 0
76 412 109 30 0 8 0
76 420 106 27 0 0 0
76 420 103 24 -8 0 0
68 420 100 21 0 0 0
68 420 97 18 0 0 0
68 420 94 15 -8 8 0
60 428 91 12 0 0 0
60 428 88 9 -8 -8 0
60 420 85 12 0 0 0
60 420 82 15 0 0 0
60 420 79 18 0 0 0
60 420 76 21 0 8 0
60 428 73 24 0 -8 0
60 420 70 27 0 0 0
60 420 67 30 0 8 0
60 428 64 33 0 -8 0
60 420 61 36 0 8 0
60 428 58 39 0 8 0
60 436 55 42 0 -8 0
60 428 52 45 0 8 0
60 436 49 48 0 0 0
60 436 46 51 0 -8 0
60 428 43 54 0 0 0
60 428 40 57 0 8 0
60 436 37 60 0 0 0
60 436 34 63 0 0 0
60 436 31 66 0 0 0
60 436 28 69 0 0 0
60 436 25 72 0 -8 0
60 428 22 75 0 -8 0
60 420 19 78 0 -8 0
60 412 22 81 0 8 0
60 420 25 84 0 -8 0
60 412 28 87 0 8 0
60 420 31 90 0 8 0
60 428 34 93 0 -8 0
60 420 37 96 0 8 0
60 428 40 99 0 -8 0
60 420 43 102 0 -8 0
60 412 46 105 0 -8 0
60 404 49 108 0 -8 0
60 396 52 111 8 8 0
68 404 55 114 0 8 0
68 412 58 117 0 0 0
68 412 61 120 8 -8 0
76 404 64 123 0 -8 0
76 396 67 126 0 0 0
76 396 70 129 8 -8 0
84 388 73 132 0 8 0
84 396 76 135 8 -8 0
92 388 79 138 0 0 0
92 388 82 141 0 -8 0
92 380 85 144 8 -8 0
100 372 88 147 0 8 0
100 380 91 150 0 -8 0
100 372 94 153 8 -8 0
108 364 97 156 0 -8 0
108 356 100 159 8 0 0
116 356 103 162 0 0 0
116 356 106 165 0 -8 0
116 348 109 168 8 0 0
124 348 112 171 0 8 0
124 356 115 174 0 -8 0
124 348 118 177 8 8 0
132 356 121 180 0 0 0
132 356 124 183 8 8 0
140 364 127 186 0 8 0
140 372 130 189 0 -8 0
140 364 133 192 8 8 0
148 372 136 195 0 8 0
148 380 139 198 0 -8 0
148 372 142 201 8 -8 0
156 364 145 204 0 0 0
156 364 148 207 8 -8 0
164 356 151 210 0 -8 0
164 348 154 213 0 -8 0
164 340 157 216 8 8 0
172 348 160 219 0 8 0
172 356 163 222 0 -8 0
172 348 166 225 8 0 0
180 348 169 228 0 0 0
180 348 172 231 8 0 0
188 348 175 234 0 0 0
188 348 178 237 0 8 0
188 356 181 240 8 0 0
196 356 184 243 0 0 0
196 356 187 246 0 -8 0
196 348 190 249 8 0 0
204 348 193 252 0 0 0
204 348 196 255 8 0 0
212 348 199 258 0 -8 0
212 340 202 261 0 -8 0
212 332 205 264 8 0 0
220 332 208 267 0 0 0
220 332 211 270 0 0 0
220 332 214 273 8 8 0
228 340 217 276 0 -8 0
228 332 220 279 8 8 0
236 340 223 282 0 -8 0
236 332 226 285 0 0 0
236 332 229 288 8 -8 0
244 324 232 291 0 8 0
244 332 235 294 0 8 0
244 340 238 297 8 8 0
252 348 241 300 0 0 0
252 348 244 303 8 0 0
260 348 247 306 0 -8 0
260 340 250 309 0 0 0
260 340 253 312 8 0 0
268 340 256 315 0 0 0
268 340 259 318 0 -8 0
268 332 262 321 8 -8 0
276 324 265 324 0 -8 0
276 316 268 327 8 0 0
284 316 271 330 0 0 0
284 316 274 333 0 0 0
284 316 277 336 8 -8 0
292 308 280 339 0 8 0
292 316 283 342 0 0 0
292 316 286 345 8 -8 0
300 308 289 348 0 -8 0
300 300 292 351 8 8 0
308 308 295 354 0 8 0
308 316 298 357 0 8 0
308 324 301 360 8 0 0
316 324 304 363 0 8 0
316 332 307 366 0 8 0
316 340 310 369 8 -8 0
324 332 313 372 0 -8 0
324 324 316 375 8 8 0
332 332 319 378 0 0 0
332 332 322 381 0 0 0
332 332 325 384 8 8 0
340 340 328 387 0 -8 0
340 332 331 390 0 -8 0
340 324 334 393 8 -8 0
348 316 337 396 0 8 0
348 324 340 399 8 -8 0
356 316 343 402 0 -8 0
356 308 346 405 0 0 0
356 308 349 408 8 0 0
364 308 352 411 0 -8 0
364 300 355 414 0 -8 0
364 292 358 417 8 0 0
372 292 361 420 0 -8 0
372 284 364 423 8 8 0
380 292 367 426 0 8 0
380 300 370 429 0 -8 0
380 292 373 432 8 8 0
388 300 376 435 0 0 0
388 300 379 438 0 -8 0
388 292 382 441 8 8 0
396 300 385 444 0 8 0
396 308 388 447 8 -8 0
404 300 391 450 0 -8 0
404 292 394 453 0 0 0
404 292 397 456 8 8 0
412 300 400 459 0 -8 0
412 292 403 462 0 -8 0
412 284 406 465 8 8 0
420 292 409 468 0 0 0
420 292 412 471 8 8 0
428 300 415 474 0 8 0
428 308 418 477 0 0 0
428 308 421 480 8 -8 0
436 300 424 483 0 -8 0
436 292 427 486 0 8 0
436 300 430 489 8 -8 0
444 292 433 492 0 0 0
444 292 436 495 8 -8 0
452 284 439 498 0 -8 0
452 276 442 501 0 -8 0
452 268 445 504 8 8 0
460 276 448 507 0 0 0
460 276 451 510 0 0 0
460 276 454 513 8 0 0
468 276 457 516 0 -8 0
468 268 460 519 8 0 0
476 268 463 522 0 -8 0
476 260 466 525 0 -8 0
476 252 469 528 8 8 0
484 260 472 531 0 8 0
484 268 475 534 0 8 0
484 276 478 537 8 -8 0
492 268 481 540 0 8 0
492 276 484 543 8 -8 0
500 268 487 546 0 0 0
500 268 490 549 0 0 0
500 268 493 552 8 0 0
508 268 496 555 0 -8 0
508 260 499 558 0 0 0
508 260 502 561 8 8 0
516 268 505 564 0 8 0
516 276 508 567 8 -8 0
524 268 511 570 0 8 0
524 276 514 573 0 0 0
524 276 517 576 8 -8 0
532 268 520 579 0 -8 0
532 260 523 582 0 0 0
532 260 526 585 8 -8 0
540 252 529 588 0 -8 0
540 244 532 591 8 8 0
540 252 535 588 0 8 0
540 260 538 585 0 0 0
540 260 541 582 0 0 0
540 260 544 579 0 -8 0
540 252 547 576 0 0 0
540 252 550 573 0 0 0
540 252 553 570 0 0 0
540 252 556 567 0 0 0
540 252 559 564 0 0 0
540 252 562 561 0 8 0
540 260 565 558 0 0 0
540 260 568 555 0 -8 0
540 252 571 552 0 0 0
540 252 574 549 0 -8 0
540 244 577 546 0 -8 0
540 236 580 543 0 0 0
540 236 583 540 0 0 0
540 236 586 537 0 0 0
540 236 589 534 0 0 0
540 236 592 531 0 -8 0
540 228 595 528 0 8 0
540 236 598 525 0 8 0
540 244 601 522 0 0 0
540 244 604 519 0 0 0
540 244 607 516 0 -8 0
540 236 610 513 0 8 0
540 244 613 510 0 -8 0
540 236 616 507 0 -8 0
540 228 619 504 0 0 0
540 228 622 501 0 -8 0
540 220 625 498 0 -8 0
540 212 628 495 0 0 0
540 212 631 492 0 -8 0
540 204 634 489 -8 -8 0
532 196 637 486 0 0 0
532 196 640 483 0 8 0
532 204 643 480 -8 0 0
524 204 646 477 0 0 0
524 204 649 474 0 0 0
524 204 652 471 -8 8 0
516 212 655 468 0 8 0
516 220 658 465 -8 -8 0
508 212 661 462 0 8 0
508 220 664 459 0 0 0
508 220 667 456 -8 -8 0
500 212 670 453 0 -8 0
500 204 673 450 0 0 0
500 204 676 447 -8 -8 0
492 196 679 444 0 -8 0
492 188 682 441 -8 -8 0
484 180 685 438 0 8 0
484 188 688 435 0 -8 0
484 180 691 432 -8 8 0
476 188 694 429 0 0 0
476 188 697 426 0 0 0
476 188 700 423 -8 0 0
468 188 703 420 0 8 0
468 196 706 417 -8 8 0
460 204 709 414 0 8 0
460 212 712 411 0 -8 0
460 204 715 408 -8 8 0
452 212 718 405 0 8 0
452 220 721 402 0 -8 0
452 212 724 399 -8 0 0
444 212 727 396 0 8 0
444 220 730 393 -8 -8 0
436 212 733 390 0 0 0
436 212 736 387 0 -8 0
436 204 739 384 -8 0 0
428 204 742 381 0 0 0
428 204 745 378 0 -8 0
428 196 748 375 -8 0 0
420 196 751 372 0 -8 0
420 188 754 369 -8 8 0
412 196 757 366 0 -8 0
412 188 760 363 0 -8 0
412 180 763 360 -8 8 0
404 188 766 357 0 0 0
404 188 769 354 0 -8 0
404 180 772 351 -8 8 0
396 188 775 348 0 8 0
396 196 778 345 -8 8 0
388 204 781 342 0 0 1
388 204 781 342 0 0 1
388 204 781 342 0 0 1
388 204 781 342 0 0 1
388 204 781 342 0 0 1
