116 172 670 183 0 0 0
116 172 673 186 8 -8 0
124 164 676 189 8 8 0
132 172 679 192 8 8 0
140 180 682 195 8 -8 0
148 172 685 198 0 0 0
148 172 688 201 8 0 0
156 172 691 204 0 8 0
156 180 694 207 8 0 0
164 180 697 210 0 0 0
164 180 700 213 0 8 0
164 188 703 216 8 0 0
172 188 706 219 0 8 0
172 196 709 222 0 8 0
172 204 712 225 8 0 0
180 204 715 228 0 8 0
180 212 718 231 8 8 0
188 220 721 234 0 -8 0
188 212 724 237 0 8 0
188 220 727 240 8 8 0
196 228 730 243 0 0 0
196 228 733 246 0 0 0
196 228 736 249 8 8 0
204 236 739 252 0 -8 0
204 228 742 255 8 8 0
212 236 745 258 0 -8 0
212 228 748 261 0 -8 0
212 220 751 264 8 -8 0
220 212 754 267 0 0 0
220 212 757 270 0 -8 0
220 204 760 273 8 8 0
228 212 763 276 0 8 0
228 220 766 279 8 0 0
236 220 769 282 0 0 0
236 220 772 285 0 -8 0
236 212 775 288 8 0 0
244 212 778 291 0 -8 0
244 204 781 294 0 0 1
244 204 781 294 0 0 1
244 204 781 294 0 0 1
244 204 781 294 0 0 1
244 204 781 294 0 0 1
