347 474 610 405 0 0 0
347 474 607 402 8 0 0
355 474 604 399 0 0 0
355 474 601 396 0 -8 0
355 466 598 393 0 8 0
355 474 595 390 0 0 0
355 474 592 387 0 0 0
355 474 589 384 0 -8 0
355 466 586 381 0 -8 0
355 458 583 378 0 8 0
355 466 580 375 0 0 0
355 466 577 372 0 -8 0
355 458 574 369 0 -8 0
355 450 571 366 0 8 0
355 458 568 363 0 -8 0
355 450 565 360 0 0 0
355 450 562 357 0 0 0
355 450 559 354 0 -8 0
355 442 556 351 0 8 0
355 450 553 348 0 0 0
355 450 550 345 0 -8 0
355 442 547 342 0 8 0
355 450 544 339 0 0 0
355 450 541 336 0 -8 0
355 442 538 333 0 8 0
355 450 535 330 0 8 0
355 458 532 327 0 -8 0
355 450 529 324 0 0 0
355 450 526 321 0 -8 0
355 442 523 318 0 0 0
355 442 520 315 0 -8 0
355 434 517 312 0 -8 0
355 426 514 309 0 8 0
355 434 511 306 0 -8 0
355 426 508 303 -8 0 0
347 426 505 300 0 0 0
347 426 502 297 0 8 0
347 434 499 294 -8 0 0
339 434 496 291 0 -8 0
339 426 493 288 -8 0 0
331 426 490 285 0 0 0
331 426 487 282 0 8 0
331 434 484 279 -8 0 0
323 434 481 276 0 8 0
323 442 478 273 0 8 0
323 450 475 270 -8 8 0
315 458 472 267 0 -8 0
315 450 469 264 -8 0 0
307 450 466 261 0 8 0
307 458 463 258 0 0 0
307 458 460 255 -8 -8 0
299 450 457 252 0 0 0
299 450 454 249 0 8 0
299 458 451 246 -8 8 0
291 466 448 243 0 -8 0
291 458 445 240 -8 8 0
283 466 442 237 0 0 0
283 466 439 234 0 -8 0
283 458 436 231 -8 0 0
275 458 433 228 0 0 0
275 458 430 225 0 0 0
275 458 427 222 -8 -8 0
267 450 424 219 0 8 0
267 458 421 216 -8 8 0
259 466 418 213 0 0 0
259 466 415 210 0 8 0
259 474 412 207 -8 0 0
251 474 409 204 0 8 0
251 482 406 201 0 0 0
251 482 403 198 -8 8 0
243 490 400 195 0 0 0
243 490 397 192 -8 8 0
235 498 394 189 0 0 0
235 498 391 186 0 8 0
235 506 388 183 -8 0 0
227 506 385 180 0 8 0
227 514 382 177 0 0 0
227 514 379 174 -8 0 0
219 514 376 171 0 -8 0
219 506 373 168 -8 0 0
211 506 370 165 0 -8 0
211 498 367 162 0 -8 0
211 490 364 159 -8 8 0
203 498 361 156 0 8 0
203 506 358 153 0 8 0
203 514 355 150 -8 -8 0
195 506 352 147 0 0 0
195 506 349 144 -8 8 0
187 514 346 141 0 0 0
187 514 343 138 0 -8 0
187 506 340 135 -8 -8 0
179 498 337 132 0 0 0
179 498 334 129 0 0 0
179 498 331 126 -8 0 0
171 498 328 123 0 8 0
171 506 325 120 -8 -8 0
163 498 322 117 0 -8 0
163 490 319 114 0 -8 0
163 482 316 111 -8 8 0
155 490 313 108 0 0 0
155 490 310 105 0 -8 0
155 482 307 102 -8 -8 0
147 474 304 99 0 0 0
147 474 301 96 -8 -8 0
139 466 298 93 0 -8 0
139 458 295 90 0 -8 0
139 450 292 87 -8 -8 0
131 442 289 84 0 8 0
131 450 286 81 0 -8 0
131 442 283 78 -8 0 0
123 442 280 75 0 0 0
123 442 277 72 -8 -8 0
115 434 274 69 0 0 0
115 434 271 66 0 0 0
115 434 268 63 -8 8 0
107 442 265 60 0 0 0
107 442 262 57 0 8 0
107 450 259 54 -8 8 0
99 458 256 51 0 8 0
99 466 253 48 -8 8 0
91 474 250 45 0 -8 0
91 466 247 42 0 -8 0
91 458 244 39 -8 8 0
83 466 241 36 0 0 0
83 466 238 33 0 -8 0
83 458 235 30 -8 8 0
75 466 232 27 0 8 0
75 474 229 24 -8 0 0
67 474 226 21 0 -8 0
67 466 223 18 0 0 0
67 466 220 15 -8 -8 0
60 458 217 12 0 0 0
60 458 214 9 -8 8 0
60 466 211 12 0 -8 0
60 458 208 15 0 0 0
60 458 205 18 0 -8 0
60 450 202 21 0 0 0
60 450 199 24 0 0 0
60 450 196 27 0 -8 0
60 442 193 30 0 -8 0
60 434 190 33 0 -8 0
60 426 187 36 0 8 0
60 434 184 39 0 -8 0
60 426 181 42 0 0 0
60 426 178 45 0 8 0
60 434 175 48 0 -8 0
60 426 172 51 0 0 0
60 426 169 54 0 -8 0
60 418 166 57 0 -8 0
60 410 163 60 0 0 0
60 410 160 63 0 -8 0
60 402 157 66 0 -8 0
60 394 154 69 0 0 0
60 394 151 72 0 8 0
60 402 148 75 0 0 0
60 402 145 78 0 0 0
60 402 142 81 0 8 0
60 410 139 84 0 8 0
60 418 136 87 0 8 0
60 426 133 90 0 0 0
60 426 130 93 0 8 0
60 434 127 96 0 8 0
60 442 124 99 0 -8 0
60 434 121 102 0 0 0
60 434 118 105 0 0 0
60 434 115 108 0 8 0
60 442 112 111 8 -8 0
68 434 109 114 0 8 0
68 442 106 117 0 -8 0
68 434 103 120 8 0 0
76 434 100 123 0 8 0
76 442 97 126 0 8 0
76 450 94 129 8 0 0
84 450 91 132 0 -8 0
84 442 88 135 8 -8 0
92 434 85 138 0 8 0
92 442 82 141 0 0 0
92 442 79 144 8 0 0
100 442 76 147 0 0 0
100 442 73 150 0 0 0
100 442 70 153 8 0 0
108 442 67 156 0 0 0
108 442 64 159 8 0 0
116 442 61 162 0 0 0
116 442 58 165 0 8 0
116 450 55 168 8 0 0
124 450 52 171 0 8 0
124 458 49 174 0 -8 0
124 450 46 177 8 8 0
132 458 43 180 0 8 0
132 466 40 183 8 0 0
140 466 37 186 0 8 0
140 474 34 189 0 0 0
140 474 31 192 8 -8 0
148 466 28 195 0 0 0
148 466 25 198 0 -8 0
148 458 22 201 8 -8 0
156 450 19 204 0 -8 0
156 442 22 207 8 0 0
164 442 25 210 0 0 0
164 442 28 213 0 0 0
164 442 31 216 8 0 0
172 442 34 219 0 0 0
172 442 37 222 0 0 0
172 442 40 225 8 -8 0
180 434 43 228 0 -8 0
180 426 46 231 8 8 0
188 434 49 234 0 -8 0
188 426 52 237 0 0 0
188 426 55 240 8 0 0
196 426 58 243 0 -8 0
196 418 61 246 0 0 0
196 418 64 249 8 8 0
204 426 67 252 0 -8 0
204 418 70 255 8 -8 0
212 410 73 258 0 0 0
212 410 76 261 0 -8 0
212 402 79 264 8 -8 0
220 394 82 267 0 -8 0
220 386 85 270 0 0 0
220 386 88 273 8 -8 0
228 378 91 276 0 -8 0
228 370 94 279 8 0 0
236 370 97 282 0 -8 0
236 362 100 285 0 0 0
236 362 103 288 8 8 0
244 370 106 291 0 8 0
244 378 109 294 0 8 0
244 386 112 297 8 0 0
252 386 115 300 0 -8 0
252 378 118 303 8 0 0
260 378 121 306 0 -8 0
260 370 124 309 0 0 0
260 370 127 312 8 -8 0
268 362 130 315 0 -8 0
268 354 133 318 0 0 0
268 354 136 321 8 -8 0
276 346 139 324 0 0 0
276 346 142 327 8 8 0
284 354 145 330 0 8 0
284 362 148 333 0 8 0
284 370 151 336 8 8 0
292 378 154 339 0 8 0
292 386 157 342 0 8 0
292 394 160 345 8 8 0
300 402 163 348 0 8 0
300 410 166 351 8 8 0
308 418 169 354 0 0 0
308 418 172 357 0 -8 0
308 410 175 360 8 8 0
316 418 178 363 0 8 0
316 426 181 366 0 0 0
316 426 184 369 8 -8 0
324 418 187 372 0 0 0
324 418 190 375 8 8 0
332 426 193 378 0 8 0
332 434 196 381 0 0 0
332 434 199 384 8 0 0
340 434 202 387 0 8 0
340 442 205 390 0 -8 0
340 434 208 393 8 -8 0
348 426 211 396 0 0 0
348 426 214 399 8 8 0
356 434 217 402 0 8 0
356 442 220 405 0 -8 0
356 434 223 408 8 0 0
364 434 226 411 0 8 0
364 442 229 414 0 -8 0
364 434 232 417 8 0 0
372 434 235 420 0 8 0
372 442 238 423 8 8 0
380 450 241 426 0 -8 0
380 442 244 429 0 0 0
380 442 247 432 8 8 0
388 450 250 435 0 8 0
388 458 253 438 0 0 0
388 458 256 441 8 0 0
396 458 259 444 0 -8 0
396 450 262 447 8 8 0
404 458 265 450 0 -8 0
404 450 268 453 0 0 0
404 450 271 456 8 8 0
412 458 274 459 0 0 0
412 458 277 462 0 -8 0
412 450 280 465 8 0 0
420 450 283 468 0 8 0
420 458 286 471 8 8 0
428 466 289 474 0 0 0
428 466 292 477 0 -8 0
428 458 295 480 8 8 0
436 466 298 483 0 0 0
436 466 301 486 0 8 0
436 474 304 489 8 8 0
444 482 307 492 0 -8 0
444 474 310 495 8 8 0
452 482 313 498 0 -8 0
452 474 316 501 0 -8 0
452 466 319 504 8 8 0
460 474 322 507 0 0 0
460 474 325 510 0 8 0
460 482 328 513 8 -8 0
468 474 331 516 0 -8 0
468 466 334 519 8 8 0
476 474 337 522 0 -8 0
476 466 340 525 0 -8 0
476 458 343 528 8 8 0
484 466 346 531 0 0 0
484 466 349 534 0 8 0
484 474 352 537 8 8 0
492 482 355 540 0 8 0
492 490 358 543 8 -8 0
500 482 361 546 0 0 0
500 482 364 549 0 -8 0
500 474 367 552 8 -8 0
508 466 370 555 0 -8 0
508 458 373 558 0 -8 0
508 450 376 561 8 -8 0
516 442 379 564 0 8 0
516 450 382 567 8 8 0
524 458 385 570 0 8 0
524 466 388 573 0 0 0
524 466 391 576 8 -8 0
532 458 394 579 0 0 0
532 458 397 582 0 -8 0
532 450 400 585 8 8 0
540 458 403 588 0 0 0
540 458 406 591 8 8 0
540 466 409 588 0 -8 0
540 458 412 585 0 -8 0
540 450 415 582 0 0 0
540 450 418 579 0 8 0
540 458 421 576 0 0 0
540 458 424 573 0 0 0
540 458 427 570 0 -8 0
540 450 430 567 0 -8 0
540 442 433 564 0 0 0
540 442 436 561 0 -8 0
540 434 439 558 0 0 0
540 434 442 555 0 8 0
540 442 445 552 0 -8 0
540 434 448 549 0 8 0
540 442 451 546 0 0 0
540 442 454 543 0 8 0
540 450 457 540 0 0 0
540 450 460 537 0 0 0
540 450 463 534 0 -8 0
540 442 466 531 0 8 0
540 450 469 528 0 8 0
540 458 472 525 0 0 0
540 458 475 522 0 -8 0
540 450 478 519 0 8 0
540 458 481 516 0 8 0
540 466 484 513 0 -8 0
540 458 487 510 0 -8 0
540 450 490 507 0 0 0
540 450 493 504 0 0 0
540 450 496 501 0 8 0
540 458 499 498 0 8 0
540 466 502 495 0 8 0
540 474 505 492 0 -8 0
540 466 508 489 -8 8 0
532 474 511 486 0 -8 0
532 466 514 483 0 -8 0
532 458 517 480 -8 0 0
524 458 520 477 0 8 0
524 466 523 474 0 8 0
524 474 526 471 -8 -8 0
516 466 529 468 0 -8 0
516 458 532 465 -8 8 0
508 466 535 462 0 0 0
508 466 538 459 0 -8 0
508 458 541 456 -8 8 0
500 466 544 453 0 -8 0
500 458 547 450 0 -8 0
500 450 550 447 -8 -8 0
492 442 553 444 0 8 0
492 450 556 441 -8 8 0
484 458 559 438 0 8 0
484 466 562 435 0 8 0
484 474 565 432 -8 8 0
476 482 568 429 0 0 0
476 482 571 426 0 8 0
476 490 574 423 -8 -8 0
468 482 577 420 0 0 0
468 482 580 417 -8 8 0
460 490 583 414 0 -8 0
460 482 586 411 0 0 0
460 482 589 408 -8 -8 0
452 474 592 405 0 -8 0
452 466 595 402 0 0 0
452 466 598 399 -8 8 0
444 474 601 396 0 8 0
444 482 604 393 -8 0 0
436 482 607 390 0 -8 0
436 474 610 387 0 8 0
436 482 613 384 -8 0 0
428 482 616 381 0 -8 0
428 474 619 378 0 8 0
428 482 622 375 -8 -8 0
420 474 625 372 0 0 0
420 474 628 369 -8 0 0
412 474 631 366 0 0 0
412 474 634 363 0 -8 0
412 466 637 360 -8 8 0
404 474 640 357 0 0 0
404 474 643 354 0 -8 0
404 466 646 351 -8 8 0
396 474 649 348 0 0 0
396 474 652 345 -8 0 0
388 474 655 342 0 -8 0
388 466 658 339 0 8 0
388 474 661 336 -8 -8 0
380 466 664 333 0 -8 0
380 458 667 330 0 0 0
380 458 670 327 -8 0 0
372 458 673 324 0 -8 0
372 450 676 321 -8 8 0
364 458 679 318 0 8 0
364 466 682 315 0 -8 0
364 458 685 312 -8 0 0
356 458 688 309 0 8 0
356 466 691 306 0 -8 0
356 458 694 303 -8 0 0
348 458 697 300 0 0 0
348 458 700 297 -8 0 0
340 458 703 294 0 0 0
340 458 706 291 0 8 0
340 466 709 288 -8 0 0
332 466 712 285 0 8 0
332 474 715 282 0 8 0
332 482 718 279 -8 0 0
324 482 721 276 0 -8 0
324 474 724 273 -8 -8 0
316 466 727 270 0 8 0
316 474 730 267 0 0 0
316 474 733 264 -8 0 0
308 474 736 261 0 0 0
308 474 739 258 0 0 0
308 474 742 255 -8 8 0
300 482 745 252 0 -8 0
300 474 748 249 -8 0 0
292 474 751 246 0 -8 0
292 466 754 243 0 -8 0
292 458 757 240 -8 -8 0
284 450 760 237 0 -8 0
284 442 763 234 0 0 0
284 442 766 231 -8 0 0
276 442 769 228 0 8 0
276 450 772 225 -8 -8 0
268 442 775 222 0 -8 0
268 434 778 219 0 -8 0
268 426 781 216 0 0 1
268 426 781 216 0 0 1
268 426 781 216 0 0 1
268 426 781 216 0 0 1
268 426 781 216 0 0 1
