206 150 688 450 0 0 0
206 150 691 453 8 -8 0
214 142 694 456 8 8 0
222 150 697 459 8 -8 0
230 142 700 462 8 8 0
238 150 703 465 8 8 0
246 158 706 468 8 -8 0
254 150 709 471 8 -8 0
262 142 712 474 8 -8 0
270 134 715 477 8 -8 0
278 126 718 480 8 -8 0
286 118 721 483 8 8 0
294 126 724 486 8 0 0
302 126 727 489 8 0 0
310 126 730 492 8 -8 0
318 118 733 495 8 -8 0
326 110 736 498 8 0 0
334 110 739 501 8 8 0
342 118 742 504 8 0 0
350 118 745 507 8 -8 0
358 110 748 510 8 -8 0
366 102 751 513 8 -8 0
374 94 754 516 8 -8 0
382 86 757 519 8 -8 0
390 78 760 522 8 0 0
398 78 763 525 8 8 0
406 86 766 528 8 0 0
414 86 769 531 8 0 0
422 86 772 534 8 -8 0
430 78 775 537 8 -8 0
438 70 778 540 8 8 0
446 78 781 543 0 0 1
446 78 781 543 0 0 1
446 78 781 543 0 0 1
446 78 781 543 0 0 1
446 78 781 543 0 0 1
