79 106 697 243 0 0 0
79 106 700 240 8 8 0
87 114 703 237 8 0 0
95 114 706 234 8 0 0
103 114 709 231 8 8 0
111 122 712 228 8 0 0
119 122 715 225 8 8 0
127 130 718 222 8 0 0
135 130 721 219 8 8 0
143 138 724 216 8 8 0
151 146 727 213 8 0 0
159 146 730 210 8 -8 0
167 138 733 207 0 -8 0
167 130 736 204 0 0 0
167 130 739 201 0 0 0
167 130 742 198 0 0 0
167 130 745 195 0 -8 0
167 122 748 192 0 -8 0
167 114 751 189 0 -8 0
167 106 754 186 0 0 0
167 106 757 183 0 -8 0
167 98 760 180 0 0 0
167 98 763 177 0 8 0
167 106 766 174 0 -8 0
167 98 769 171 0 -8 0
167 90 772 168 0 -8 0
167 82 775 165 0 -8 0
167 74 778 162 0 8 0
167 82 781 159 0 0 1
167 82 781 159 0 0 1
167 82 781 159 0 0 1
167 82 781 159 0 0 1
167 82 781 159 0 0 1
