116 393 439 420 0 0 0
116 393 436 423 8 -8 0
124 385 433 426 8 0 0
132 385 430 429 8 -8 0
140 377 427 432 8 -8 0
148 369 424 435 8 0 0
156 369 421 438 8 0 0
164 369 418 441 8 -8 0
172 361 415 444 8 8 0
180 369 412 447 8 -8 0
188 361 409 450 8 8 0
196 369 406 453 8 0 0
204 369 403 456 8 8 0
212 377 400 459 8 0 0
220 377 397 462 8 0 0
228 377 394 465 8 -8 0
236 369 391 468 8 0 0
244 369 388 471 8 -8 0
252 361 385 474 8 8 0
260 369 382 477 8 -8 0
268 361 379 480 8 0 0
276 361 376 483 8 8 0
284 369 373 486 8 8 0
292 377 370 489 8 0 0
300 377 367 492 8 -8 0
308 369 364 495 8 -8 0
316 361 361 498 8 8 0
324 369 358 501 8 8 0
332 377 355 504 8 8 0
340 385 352 507 8 0 0
348 385 349 510 8 8 0
356 393 346 513 8 0 0
364 393 343 516 8 8 0
372 401 340 519 8 0 0
380 401 337 522 8 8 0
388 409 334 525 8 0 0
396 409 331 528 8 -8 0
404 401 328 531 8 -8 0
412 393 325 534 8 8 0
420 401 322 537 8 0 0
428 401 319 540 8 0 0
436 401 316 543 8 0 0
444 401 313 546 8 0 0
452 401 310 549 8 -8 0
460 393 307 552 8 0 0
468 393 304 555 8 -8 0
476 385 301 558 8 8 0
484 393 298 561 8 8 0
492 401 295 564 8 8 0
500 409 292 567 8 -8 0
508 401 289 570 8 0 0
516 401 286 573 8 -8 0
524 393 283 576 8 -8 0
532 385 280 579 0 -8 0
532 377 277 582 0 0 0
532 377 274 585 8 8 0
540 385 271 588 0 0 0
540 385 268 591 8 8 0
540 393 265 588 0 8 0
540 401 262 585 0 -8 0
540 393 259 582 0 0 0
540 393 256 579 0 8 0
540 401 253 576 0 8 0
540 409 250 573 0 8 0
540 417 247 570 0 8 0
540 425 244 567 0 8 0
540 433 241 564 0 -8 0
540 425 238 561 0 0 0
540 425 235 558 0 -8 0
540 417 232 555 0 8 0
540 425 229 552 0 8 0
540 433 226 549 0 8 0
540 441 223 546 0 0 0
540 441 220 543 0 8 0
540 449 217 540 0 0 0
540 449 214 537 0 0 0
540 449 211 534 0 0 0
540 449 208 531 0 -8 0
540 441 205 528 0 8 0
540 449 202 525 0 8 0
540 457 199 522 0 0 0
540 457 196 519 0 0 0
540 457 193 516 0 -8 0
540 449 190 513 0 0 0
540 449 187 510 0 0 0
540 449 184 507 0 -8 0
540 441 181 504 0 0 0
540 441 178 501 0 8 0
540 449 175 498 0 -8 0
540 441 172 495 0 8 0
540 449 169 492 0 8 0
540 457 166 489 -8 8 0
532 465 163 486 0 8 0
532 473 160 483 0 0 0
532 473 157 480 -8 -8 0
524 465 154 477 0 8 0
524 473 151 474 0 0 0
524 473 148 471 -8 0 0
516 473 145 468 0 8 0
516 481 142 465 -8 -8 0
508 473 139 462 0 -8 0
508 465 136 459 0 0 0
508 465 133 456 -8 -8 0
500 457 130 453 0 0 0
500 457 127 450 0 -8 0
500 449 124 447 -8 0 0
492 449 121 444 0 8 0
492 457 118 441 -8 8 0
484 465 115 438 0 -8 0
484 457 112 435 0 -8 0
484 449 109 432 -8 -8 0
476 441 106 429 0 -8 0
476 433 103 426 0 0 0
476 433 100 423 -8 0 0
468 433 97 420 0 8 0
468 441 94 417 -8 8 0
460 449 91 414 0 -8 0
460 441 88 411 0 0 0
460 441 85 408 -8 0 0
452 441 82 405 0 0 0
452 441 79 402 0 0 0
452 441 76 399 -8 0 0
444 441 73 396 0 -8 0
444 433 70 393 -8 8 0
436 441 67 390 0 8 0
436 449 64 387 0 0 0
436 449 61 384 -8 8 0
428 457 58 381 0 0 0
428 457 55 378 0 0 0
428 457 52 375 -8 -8 0
420 449 49 372 0 -8 0
420 441 46 369 -8 -8 0
412 433 43 366 0 -8 0
412 425 40 363 0 -8 0
412 417 37 360 -8 8 0
404 425 34 357 0 0 0
404 425 31 354 0 0 0
404 425 28 351 -8 -8 0
396 417 25 348 0 -8 0
396 409 22 345 -8 0 0
388 409 19 342 0 -8 0
388 401 22 339 0 0 0
388 401 25 336 -8 0 0
380 401 28 333 0 -8 0
380 393 31 330 0 0 0
380 393 34 327 -8 0 0
372 393 37 324 0 8 0
372 401 40 321 -8 8 0
364 409 43 318 0 8 0
364 417 46 315 0 -8 0
364 409 49 312 -8 8 0
356 417 52 309 0 8 0
356 425 55 306 0 0 0
356 425 58 303 -8 0 0
348 425 61 300 0 8 0
348 433 64 297 -8 -8 0
340 425 67 294 0 0 0
340 425 70 291 0 0 0
340 425 73 288 -8 -8 0
332 417 76 285 0 8 0
332 425 79 282 0 0 0
332 425 82 279 -8 8 0
324 433 85 276 0 8 0
324 441 88 273 -8 -8 0
316 433 91 270 0 8 0
316 441 94 267 0 8 0
316 449 97 264 -8 8 0
308 457 100 261 0 0 0
308 457 103 258 0 -8 0
308 449 106 255 -8 0 0
300 449 109 252 0 8 0
300 457 112 249 -8 0 0
292 457 115 246 0 -8 0
292 449 118 243 0 8 0
292 457 121 240 -8 0 0
284 457 124 237 0 -8 0
284 449 127 234 0 -8 0
284 441 130 231 -8 -8 0
276 433 133 228 0 0 0
276 433 136 225 -8 0 0
268 433 139 222 0 0 0
268 433 142 219 0 -8 0
268 425 145 216 -8 -8 0
260 417 148 213 0 8 0
260 425 151 210 0 0 0
260 425 154 207 -8 -8 0
252 417 157 204 0 8 0
252 425 160 201 -8 8 0
244 433 163 198 0 -8 0
244 425 166 195 0 -8 0
244 417 169 192 -8 0 0
236 417 172 189 0 -8 0
236 409 175 186 0 0 0
236 409 178 183 -8 8 0
228 417 181 180 0 0 0
228 417 184 177 -8 0 0
220 417 187 174 0 -8 0
220 409 190 171 0 0 0
220 409 193 168 -8 0 0
212 409 196 165 0 8 0
212 417 199 162 0 -8 0
212 409 202 159 -8 -8 0
204 401 205 156 0 8 0
204 409 208 153 -8 -8 0
196 401 211 150 0 -8 0
196 393 214 147 0 8 0
196 401 217 144 -8 8 0
188 409 220 141 0 0 0
188 409 223 138 0 -8 0
188 401 226 135 -8 0 0
180 401 229 132 0 8 0
180 409 232 129 -8 0 0
172 409 235 126 0 0 0
172 409 238 123 0 0 0
172 409 241 120 -8 8 0
164 417 244 117 0 -8 0
164 409 247 114 0 0 0
164 409 250 111 -8 0 0
156 409 253 108 0 -8 0
156 401 256 105 -8 8 0
148 409 259 102 0 8 0
148 417 262 99 0 -8 0
148 409 265 96 -8 8 0
140 417 268 93 0 8 0
140 425 271 90 0 0 0
140 425 274 87 -8 -8 0
132 417 277 84 0 -8 0
132 409 280 81 -8 8 0
124 417 283 78 0 0 0
124 417 286 75 0 -8 0
124 409 289 72 -8 8 0
116 417 292 69 0 -8 0
116 409 295 66 0 0 0
116 409 298 63 -8 -8 0
108 401 301 60 0 0 0
108 401 304 57 -8 8 0
100 409 307 54 0 -8 0
100 401 310 51 0 8 0
100 409 313 48 -8 -8 0
92 401 316 45 0 8 0
92 409 319 42 0 -8 0
92 401 322 39 -8 8 0
84 409 325 36 0 -8 0
84 401 328 33 -8 8 0
76 409 331 30 0 0 0
76 409 334 27 0 -8 0
76 401 337 24 -8 -8 0
68 393 340 21 0 -8 0
68 385 343 18 0 -8 0
68 377 346 15 -8 0 0
60 377 349 12 0 0 0
60 377 352 9 -8 8 0
60 385 355 12 0 0 0
60 385 358 15 0 0 0
60 385 361 18 0 0 0
60 385 364 21 0 0 0
60 385 367 24 0 -8 0
60 377 370 27 0 8 0
60 385 373 30 0 8 0
60 393 376 33 0 -8 0
60 385 379 36 0 0 0
60 385 382 39 0 0 0
60 385 385 42 0 0 0
60 385 388 45 0 -8 0
60 377 391 48 0 -8 0
60 369 394 51 0 -8 0
60 361 397 54 0 0 0
60 361 400 57 0 0 0
60 361 403 60 0 0 0
60 361 406 63 0 -8 0
60 353 409 66 0 0 0
60 353 412 69 0 0 0
60 353 415 72 0 8 0
60 361 418 75 0 8 0
60 369 421 78 0 0 0
60 369 424 81 0 8 0
60 377 427 84 0 8 0
60 385 430 87 0 0 0
60 385 433 90 0 0 0
60 385 436 93 0 0 0
60 385 439 96 0 -8 0
60 377 442 99 0 8 0
60 385 445 102 0 0 0
60 385 448 105 0 -8 0
60 377 451 108 0 -8 0
60 369 454 111 8 0 0
68 369 457 114 0 -8 0
68 361 460 117 0 0 0
68 361 463 120 8 0 0
76 361 466 123 0 0 0
76 361 469 126 0 0 0
76 361 472 129 8 8 0
84 369 475 132 0 0 0
84 369 478 135 8 -8 0
92 361 481 138 0 8 0
92 369 484 141 0 -8 0
92 361 487 144 8 8 0
100 369 490 147 0 0 0
100 369 493 150 0 -8 0
100 361 496 153 8 8 0
108 369 499 156 0 8 0
108 377 502 159 8 8 0
116 385 505 162 0 -8 0
116 377 508 165 0 -8 0
116 369 511 168 8 8 0
124 377 514 171 0 0 0
124 377 517 174 0 8 0
124 385 520 177 8 0 0
132 385 523 180 0 0 0
132 385 526 183 8 8 0
140 393 529 186 0 -8 0
140 385 532 189 0 0 0
140 385 535 192 8 -8 0
148 377 538 195 0 0 0
148 377 541 198 0 -8 0
148 369 544 201 8 -8 0
156 361 547 204 0 8 0
156 369 550 207 8 0 0
164 369 553 210 0 -8 0
164 361 556 213 0 0 0
164 361 559 216 8 -8 0
172 353 562 219 0 8 0
172 361 565 222 0 0 0
172 361 568 225 8 -8 0
180 353 571 228 0 -8 0
180 345 574 231 8 8 0
188 353 577 234 0 8 0
188 361 580 237 0 -8 0
188 353 583 240 8 -8 0
196 345 586 243 0 -8 0
196 337 589 246 0 8 0
196 345 592 249 8 -8 0
204 337 595 252 0 8 0
204 345 598 255 8 -8 0
212 337 601 258 0 -8 0
212 329 604 261 0 0 0
212 329 607 264 8 -8 0
220 321 610 267 0 8 0
220 329 613 270 0 8 0
220 337 616 273 8 -8 0
228 329 619 276 0 0 0
228 329 622 279 8 -8 0
236 321 625 282 0 8 0
236 329 628 285 0 0 0
236 329 631 288 8 8 0
244 337 634 291 0 -8 0
244 329 637 294 0 0 0
244 329 640 297 8 0 0
252 329 643 300 0 -8 0
252 321 646 303 8 -8 0
260 313 649 306 0 -8 0
260 305 652 309 0 8 0
260 313 655 312 8 -8 0
268 305 658 315 0 0 0
268 305 661 318 0 0 0
268 305 664 321 8 8 0
276 313 667 324 0 0 0
276 313 670 327 8 -8 0
284 305 673 330 0 0 0
284 305 676 333 0 -8 0
284 297 679 336 8 0 0
292 297 682 339 0 0 0
292 297 685 342 0 8 0
292 305 688 345 8 -8 0
300 297 691 348 0 -8 0
300 289 694 351 8 8 0
308 297 697 354 0 0 0
308 297 700 357 0 0 0
308 297 703 360 8 0 0
316 297 706 363 0 8 0
316 305 709 366 0 0 0
316 305 712 369 8 8 0
324 313 715 372 0 8 0
324 321 718 375 8 8 0
332 329 721 378 0 -8 0
332 321 724 381 0 8 0
332 329 727 384 8 8 0
340 337 730 387 0 0 0
340 337 733 390 0 0 0
340 337 736 393 8 8 0
348 345 739 396 0 0 0
348 345 742 399 8 8 0
356 353 745 402 0 8 0
356 361 748 405 0 8 0
356 369 751 408 8 0 0
364 369 754 411 0 -8 0
364 361 757 414 0 -8 0
364 353 760 417 8 8 0
372 361 763 420 0 8 0
372 369 766 423 8 0 0
380 369 769 426 0 0 0
380 369 772 429 0 0 0
380 369 775 432 8 0 0
388 369 778 435 0 0 0
388 369 781 438 0 0 1
388 369 781 438 0 0 1
388 369 781 438 0 0 1
388 369 781 438 0 0 1
388 369 781 438 0 0 1
