189 93 688 141 0 0 0
189 93 691 144 0 0 0
189 93 694 147 0 -8 0
189 85 697 150 0 -8 0
189 77 700 153 0 -8 0
189 69 703 156 0 0 0
189 69 706 159 0 -8 0
189 61 709 162 0 8 0
189 69 712 165 0 -8 0
189 61 715 168 0 -8 0
189 60 718 171 0 -8 0
189 60 721 174 0 0 0
189 60 724 177 0 8 0
189 68 727 180 0 -8 0
189 60 730 183 0 8 0
189 68 733 186 0 8 0
189 76 736 189 0 0 0
189 76 739 192 0 0 0
189 76 742 195 0 -8 0
189 68 745 198 0 8 0
189 76 748 201 0 -8 0
189 68 751 204 0 -8 0
189 60 754 207 0 8 0
189 68 757 210 0 0 0
189 68 760 213 0 -8 0
189 60 763 216 0 0 0
189 60 766 219 0 0 0
189 60 769 222 0 0 0
189 60 772 225 0 0 0
189 60 775 228 0 -8 0
189 60 778 231 0 8 0
189 68 781 234 0 0 1
189 68 781 234 0 0 1
189 68 781 234 0 0 1
189 68 781 234 0 0 1
189 68 781 234 0 0 1
