330 376 109 303 0 0 0
330 376 106 306 0 -8 0
330 368 103 309 0 8 0
330 376 100 312 0 8 0
330 384 97 315 0 0 0
330 384 94 318 0 8 0
330 392 91 321 0 0 0
330 392 88 324 0 -8 0
330 384 85 327 0 -8 0
330 376 82 330 0 8 0
330 384 79 333 0 8 0
330 392 76 336 0 -8 0
330 384 73 339 0 0 0
330 384 70 342 0 0 0
330 384 67 345 0 0 0
330 384 64 348 0 -8 0
330 376 61 351 0 8 0
330 384 58 354 0 -8 0
330 376 55 357 0 -8 0
330 368 52 360 0 8 0
330 376 49 363 0 -8 0
330 368 46 366 0 0 0
330 368 43 369 0 8 0
330 376 40 372 0 8 0
330 384 37 375 0 8 0
330 392 34 378 0 8 0
330 400 31 381 8 -8 0
338 392 28 384 0 8 0
338 400 25 387 0 -8 0
338 392 22 390 8 -8 0
346 384 19 393 0 -8 0
346 376 22 396 0 8 0
346 384 25 399 8 -8 0
354 376 28 402 0 -8 0
354 368 31 405 8 0 0
362 368 34 408 0 0 0
362 368 37 411 0 8 0
362 376 40 414 8 0 0
370 376 43 417 0 0 0
370 376 46 420 0 0 0
370 376 49 423 8 8 0
378 384 52 426 0 0 0
378 384 55 429 8 0 0
386 384 58 432 0 -8 0
386 376 61 435 0 8 0
386 384 64 438 8 0 0
394 384 67 441 0 -8 0
394 376 70 444 0 8 0
394 384 73 447 8 0 0
402 384 76 450 0 0 0
402 384 79 453 8 0 0
410 384 82 456 0 -8 0
410 376 85 459 0 8 0
410 384 88 462 8 0 0
418 384 91 465 0 -8 0
418 376 94 468 0 0 0
418 376 97 471 8 0 0
426 376 100 474 0 0 0
426 376 103 477 8 -8 0
434 368 106 480 0 -8 0
434 360 109 483 0 -8 0
434 352 112 486 8 -8 0
442 344 115 489 0 8 0
442 352 118 492 0 0 0
442 352 121 495 8 -8 0
450 344 124 498 0 -8 0
450 336 127 501 8 -8 0
458 328 130 504 0 8 0
458 336 133 507 0 -8 0
458 328 136 510 8 8 0
466 336 139 513 0 -8 0
466 328 142 516 0 -8 0
466 320 145 519 8 -8 0
474 312 148 522 0 8 0
474 320 151 525 8 8 0
482 328 154 528 0 8 0
482 336 157 531 0 8 0
482 344 160 534 8 8 0
490 352 163 537 0 8 0
490 360 166 540 0 -8 0
490 352 169 543 8 0 0
498 352 172 546 0 0 0
498 352 175 549 8 -8 0
506 344 178 552 0 0 0
506 344 181 555 0 -8 0
506 336 184 558 8 0 0
514 336 187 561 0 -8 0
514 328 190 564 0 8 0
514 336 193 567 8 -8 0
522 328 196 570 0 0 0
522 328 199 573 8 -8 0
530 320 202 576 0 -8 0
530 312 205 579 0 -8 0
530 304 208 582 8 8 0
538 312 211 585 0 8 0
538 320 214 588 0 0 0
538 320 217 591 8 0 0
540 320 220 588 0 8 0
540 328 223 585 0 0 0
540 328 226 582 0 8 0
540 336 229 579 0 -8 0
540 328 232 576 0 0 0
540 328 235 573 0 -8 0
540 320 238 570 0 0 0
540 320 241 567 0 8 0
540 328 244 564 0 -8 0
540 320 247 561 0 -8 0
540 312 250 558 0 -8 0
540 304 253 555 0 8 0
540 312 256 552 0 -8 0
540 304 259 549 0 8 0
540 312 262 546 0 -8 0
540 304 265 543 0 8 0
540 312 268 540 0 8 0
540 320 271 537 0 -8 0
540 312 274 534 0 8 0
540 320 277 531 0 8 0
540 328 280 528 0 8 0
540 336 283 525 0 8 0
540 344 286 522 0 8 0
540 352 289 519 0 8 0
540 360 292 516 0 -8 0
540 352 295 513 0 8 0
540 360 298 510 0 8 0
540 368 301 507 0 -8 0
540 360 304 504 0 0 0
540 360 307 501 0 8 0
540 368 310 498 0 -8 0
540 360 313 495 0 -8 0
540 352 316 492 0 8 0
540 360 319 489 -8 8 0
532 368 322 486 0 0 0
532 368 325 483 0 8 0
532 376 328 480 -8 8 0
524 384 331 477 0 0 0
524 384 334 474 0 0 0
524 384 337 471 -8 -8 0
516 376 340 468 0 0 0
516 376 343 465 -8 -8 0
508 368 346 462 0 8 0
508 376 349 459 0 -8 0
508 368 352 456 -8 -8 0
500 360 355 453 0 8 0
500 368 358 450 0 -8 0
500 360 361 447 -8 -8 0
492 352 364 444 0 8 0
492 360 367 441 -8 -8 0
484 352 370 438 0 -8 0
484 344 373 435 0 8 0
484 352 376 432 -8 8 0
476 360 379 429 0 -8 0
476 352 382 426 0 -8 0
476 344 385 423 -8 -8 0
468 336 388 420 0 8 0
468 344 391 417 -8 0 0
460 344 394 414 0 8 0
460 352 397 411 0 0 0
460 352 400 408 -8 -8 0
452 344 403 405 0 0 0
452 344 406 402 0 0 0
452 344 409 399 -8 8 0
444 352 412 396 0 0 0
444 352 415 393 -8 8 0
436 360 418 390 0 -8 0
436 352 421 387 0 8 0
436 360 424 384 -8 -8 0
428 352 427 381 0 0 0
428 352 430 378 0 -8 0
428 344 433 375 -8 -8 0
420 336 436 372 0 0 0
420 336 439 369 -8 0 0
412 336 442 366 0 0 0
412 336 445 363 0 0 0
412 336 448 360 -8 8 0
404 344 451 357 0 0 0
404 344 454 354 0 8 0
404 352 457 351 -8 0 0
396 352 460 348 0 -8 0
396 344 463 345 -8 -8 0
388 336 466 342 0 8 0
388 344 469 339 0 0 0
388 344 472 336 -8 0 0
380 344 475 333 0 0 0
380 344 478 330 0 0 0
380 344 481 327 -8 -8 0
372 336 484 324 0 0 0
372 336 487 321 -8 0 0
364 336 490 318 0 8 0
364 344 493 315 0 8 0
364 352 496 312 -8 -8 0
356 344 499 309 0 -8 0
356 336 502 306 0 0 0
356 336 505 303 -8 0 0
348 336 508 300 0 -8 0
348 328 511 297 -8 -8 0
340 320 514 294 0 8 0
340 328 517 291 0 8 0
340 336 520 288 -8 -8 0
332 328 523 285 0 0 0
332 328 526 282 0 8 0
332 336 529 279 -8 8 0
324 344 532 276 0 8 0
324 352 535 273 -8 -8 0
316 344 538 270 0 -8 0
316 336 541 267 0 -8 0
316 328 544 264 -8 -8 0
308 320 547 261 0 0 0
308 320 550 258 0 8 0
308 328 553 255 -8 -8 0
300 320 556 252 0 -8 0
300 312 559 249 -8 8 0
292 320 562 246 0 8 0
292 328 565 243 0 0 0
292 328 568 240 -8 0 0
284 328 571 237 0 0 0
284 328 574 234 0 8 0
284 336 577 231 -8 0 0
276 336 580 228 0 -8 0
276 328 583 225 -8 8 0
268 336 586 222 0 0 0
268 336 589 219 0 -8 0
268 328 592 216 -8 -8 0
260 320 595 213 0 -8 0
260 312 598 210 0 8 0
260 320 601 207 -8 8 0
252 328 604 204 0 0 0
252 328 607 201 -8 0 0
244 328 610 198 0 -8 0
244 320 613 195 0 0 0
244 320 616 192 -8 0 0
236 320 619 189 0 8 0
236 328 622 186 0 8 0
236 336 625 183 -8 0 0
228 336 628 180 0 8 0
228 344 631 177 -8 8 0
220 352 634 174 0 0 0
220 352 637 171 0 0 0
220 352 640 168 -8 -8 0
212 344 643 165 0 -8 0
212 336 646 162 0 8 0
212 344 649 159 -8 8 0
204 352 652 156 0 8 0
204 360 655 153 -8 0 0
196 360 658 150 0 -8 0
196 352 661 147 0 0 0
196 352 664 144 -8 8 0
188 360 667 141 0 0 0
188 360 670 138 0 0 0
188 360 673 135 -8 -8 0
180 352 676 132 0 8 0
180 360 679 129 -8 -8 0
172 352 682 126 0 8 0
172 360 685 123 0 8 0
172 368 688 120 -8 0 0
164 368 691 117 0 8 0
164 376 694 114 0 8 0
164 384 697 111 -8 8 0
156 392 700 108 0 0 0
156 392 703 105 -8 -8 0
148 384 706 102 0 -8 0
148 376 709 99 0 -8 0
148 368 712 96 -8 0 0
140 368 715 93 0 8 0
140 376 718 90 0 0 0
140 376 721 87 -8 0 0
132 376 724 84 0 8 0
132 384 727 81 -8 -8 0
124 376 730 78 0 8 0
124 384 733 75 0 -8 0
124 376 736 72 -8 -8 0
116 368 739 69 0 0 0
116 368 742 66 0 8 0
116 376 745 63 -8 8 0
108 384 748 60 0 0 0
108 384 751 57 -8 8 0
100 392 754 54 0 -8 0
100 384 757 51 0 8 0
100 392 760 48 -8 -8 0
92 384 763 45 0 0 0
92 384 766 42 0 8 0
92 392 769 39 -8 -8 0
84 384 772 36 0 0 0
84 384 775 33 -8 0 0
76 384 778 30 0 -8 0
76 376 781 27 0 0 1
76 376 781 27 0 0 1
76 376 781 27 0 0 1
76 376 781 27 0 0 1
76 376 781 27 0 0 1
