111 135 415 321 0 0 0
111 135 412 324 8 0 0
119 135 409 327 8 -8 0
127 127 406 330 8 0 0
135 127 403 333 8 8 0
143 135 400 336 8 -8 0
151 127 397 339 8 8 0
159 135 394 342 8 8 0
167 143 391 345 8 -8 0
175 135 388 348 8 8 0
183 143 385 351 8 0 0
191 143 382 354 8 8 0
199 151 379 357 8 0 0
207 151 376 360 8 -8 0
215 143 373 363 8 0 0
223 143 370 366 8 8 0
231 151 367 369 8 0 0
239 151 364 372 8 0 0
247 151 361 375 8 8 0
255 159 358 378 8 -8 0
263 151 355 381 8 0 0
271 151 352 384 8 8 0
279 159 349 387 8 -8 0
287 151 346 390 8 0 0
295 151 343 393 8 0 0
303 151 340 396 8 0 0
311 151 337 399 8 8 0
319 159 334 402 8 -8 0
327 151 331 405 8 0 0
335 151 328 408 8 0 0
343 151 325 411 8 -8 0
351 143 322 414 8 0 0
359 143 319 417 8 -8 0
367 135 316 420 8 8 0
375 143 313 423 0 -8 0
375 135 310 426 8 0 0
383 135 307 429 0 8 0
383 143 304 432 0 -8 0
383 135 301 435 8 -8 0
391 127 298 438 0 0 0
391 127 295 441 0 8 0
391 135 292 444 8 0 0
399 135 289 447 0 0 0
399 135 286 450 8 0 0
407 135 283 453 0 8 0
407 143 280 456 0 0 0
407 143 277 459 8 -8 0
415 135 274 462 0 8 0
415 143 271 465 0 8 0
415 151 268 468 8 0 0
423 151 265 471 0 0 0
423 151 262 474 8 0 0
431 151 259 477 0 8 0
431 159 256 480 0 8 0
431 167 253 483 8 -8 0
439 159 250 486 0 -8 0
439 151 247 489 0 -8 0
439 143 244 492 8 8 0
447 151 241 495 0 8 0
447 159 238 498 8 0 0
455 159 235 501 0 8 0
455 167 232 504 0 0 0
455 167 229 507 8 8 0
463 175 226 510 0 0 0
463 175 223 513 0 0 0
463 175 220 516 8 -8 0
471 167 217 519 0 -8 0
471 159 214 522 8 0 0
479 159 211 525 0 8 0
479 167 208 528 0 8 0
479 175 205 531 8 8 0
487 183 202 534 0 0 0
487 183 199 537 0 -8 0
487 175 196 540 8 -8 0
495 167 193 543 0 -8 0
495 159 190 546 8 0 0
503 159 187 549 0 -8 0
503 151 184 552 0 -8 0
503 143 181 555 8 0 0
511 143 178 558 0 0 0
511 143 175 561 0 0 0
511 143 172 564 8 -8 0
519 135 169 567 0 -8 0
519 127 166 570 8 8 0
527 135 163 573 0 0 0
527 135 160 576 0 -8 0
527 127 157 579 8 0 0
535 127 154 582 0 -8 0
535 119 151 585 0 8 0
535 127 148 588 8 8 0
540 135 145 591 8 -8 0
540 127 142 588 0 8 0
540 135 139 585 0 8 0
540 143 136 582 0 8 0
540 151 133 579 0 8 0
540 159 130 576 0 0 0
540 159 127 573 0 8 0
540 167 124 570 0 -8 0
540 159 121 567 0 0 0
540 159 118 564 0 -8 0
540 151 115 561 0 0 0
540 151 112 558 0 8 0
540 159 109 555 0 8 0
540 167 106 552 0 8 0
540 175 103 549 0 0 0
540 175 100 546 0 -8 0
540 167 97 543 0 8 0
540 175 94 540 0 8 0
540 183 91 537 0 8 0
540 191 88 534 0 0 0
540 191 85 531 0 0 0
540 191 82 528 0 0 0
540 191 79 525 0 0 0
540 191 76 522 0 8 0
540 199 73 519 0 -8 0
540 191 70 516 0 8 0
540 199 67 513 0 -8 0
540 191 64 510 0 0 0
540 191 61 507 0 -8 0
540 183 58 504 0 -8 0
540 175 55 501 0 8 0
540 183 52 498 0 8 0
540 191 49 495 0 -8 0
540 183 46 492 0 0 0
540 183 43 489 -8 8 0
532 191 40 486 0 -8 0
532 183 37 483 0 -8 0
532 175 34 480 -8 -8 0
524 167 31 477 0 -8 0
524 159 28 474 0 8 0
524 167 25 471 -8 0 0
516 167 22 468 0 -8 0
516 159 19 465 0 0 1
516 159 19 465 0 0 1
516 159 19 465 0 0 1
516 159 19 465 0 0 1
516 159 19 465 0 0 1
