384 482 388 420 0 0 0
384 482 385 423 0 -8 0
384 474 382 426 0 0 0
384 474 379 429 0 -8 0
384 466 376 432 0 0 0
384 466 373 435 8 0 0
392 466 370 438 0 0 0
392 466 367 441 0 0 0
392 466 364 444 8 -8 0
400 458 361 447 0 -8 0
400 450 358 450 0 -8 0
400 442 355 453 8 8 0
408 450 352 456 0 -8 0
408 442 349 459 8 -8 0
416 434 346 462 0 -8 0
416 426 343 465 0 -8 0
416 418 340 468 8 -8 0
424 410 337 471 0 -8 0
424 402 334 474 0 0 0
424 402 331 477 8 -8 0
432 394 328 480 0 -8 0
432 386 325 483 8 8 0
440 394 322 486 0 8 0
440 402 319 489 0 0 0
440 402 316 492 8 -8 0
448 394 313 495 0 0 0
448 394 310 498 0 -8 0
448 386 307 501 8 8 0
456 394 304 504 0 -8 0
456 386 301 507 8 0 0
464 386 298 510 0 -8 0
464 378 295 513 0 -8 0
464 370 292 516 8 8 0
472 378 289 519 0 8 0
472 386 286 522 0 0 0
472 386 283 525 8 0 0
480 386 280 528 0 -8 0
480 378 277 531 8 0 0
488 378 274 534 0 -8 0
488 370 271 537 0 8 0
488 378 268 540 8 0 0
496 378 265 543 0 8 0
496 386 262 546 0 8 0
496 394 259 549 8 0 0
504 394 256 552 0 8 0
504 402 253 555 8 8 0
512 410 250 558 0 8 0
512 418 247 561 0 0 0
512 418 244 564 8 0 0
520 418 241 567 0 8 0
520 426 238 570 0 -8 0
520 418 235 573 8 8 0
528 426 232 576 0 0 0
528 426 229 579 8 0 0
536 426 226 582 0 8 0
536 434 223 585 0 8 0
536 442 220 588 8 0 0
540 442 217 591 8 -8 0
540 434 214 588 0 0 0
540 434 211 585 0 0 0
540 434 208 582 0 -8 0
540 426 205 579 0 0 0
540 426 202 576 0 8 0
540 434 199 573 0 -8 0
540 426 196 570 0 -8 0
540 418 193 567 0 0 0
540 418 190 564 0 8 0
540 426 187 561 0 -8 0
540 418 184 558 0 0 0
540 418 181 555 0 8 0
540 426 178 552 0 8 0
540 434 175 549 0 0 0
540 434 172 546 0 8 0
540 442 169 543 0 -8 0
540 434 166 540 0 -8 0
540 426 163 537 0 0 0
540 426 160 534 0 0 0
540 426 157 531 0 -8 0
540 418 154 528 0 -8 0
540 410 151 525 0 -8 0
540 402 148 522 0 -8 0
540 394 145 519 0 0 0
540 394 142 516 0 8 0
540 402 139 513 0 -8 0
540 394 136 510 0 8 0
540 402 133 507 0 0 0
540 402 130 504 0 0 0
540 402 127 501 0 0 0
540 402 124 498 0 -8 0
540 394 121 495 0 -8 0
540 386 118 492 0 8 0
540 394 115 489 -8 0 0
532 394 112 486 0 8 0
532 402 109 483 0 0 0
532 402 106 480 -8 -8 0
524 394 103 477 0 8 0
524 402 100 474 0 0 0
524 402 97 471 -8 0 0
516 402 94 468 0 -8 0
516 394 91 465 -8 0 0
508 394 88 462 0 -8 0
508 386 85 459 0 8 0
508 394 82 456 -8 0 0
500 394 79 453 0 0 0
500 394 76 450 0 8 0
500 402 73 447 -8 -8 0
492 394 70 444 0 8 0
492 402 67 441 -8 8 0
484 410 64 438 0 0 0
484 410 61 435 0 8 0
484 418 58 432 -8 8 0
476 426 55 429 0 0 0
476 426 52 426 0 -8 0
476 418 49 423 -8 8 0
468 426 46 420 0 8 0
468 434 43 417 -8 -8 0
460 426 40 414 0 0 0
460 426 37 411 0 8 0
460 434 34 408 -8 0 0
452 434 31 405 0 -8 0
452 426 28 402 0 0 0
452 426 25 399 -8 8 0
444 434 22 396 0 -8 0
444 426 19 393 0 0 1
444 426 19 393 0 0 1
444 426 19 393 0 0 1
444 426 19 393 0 0 1
444 426 19 393 0 0 1
