529 352 574 273 0 0 0
529 352 571 270 -8 8 0
521 360 568 267 -8 8 0
513 368 565 264 -8 -8 0
505 360 562 261 -8 -8 0
497 352 559 258 -8 8 0
489 360 556 255 -8 8 0
481 368 553 252 -8 -8 0
473 360 550 249 -8 0 0
465 360 547 246 -8 0 0
457 360 544 243 -8 -8 0
449 352 541 240 -8 0 0
441 352 538 237 -8 -8 0
433 344 535 234 -8 0 0
425 344 532 231 -8 8 0
417 352 529 228 -8 0 0
409 352 526 225 -8 0 0
401 352 523 222 -8 0 0
393 352 520 219 -8 8 0
385 360 517 216 -8 8 0
377 368 514 213 -8 8 0
369 376 511 210 -8 0 0
361 376 508 207 -8 8 0
353 384 505 204 -8 0 0
345 384 502 201 -8 -8 0
337 376 499 198 -8 8 0
329 384 496 195 -8 8 0
321 392 493 192 -8 8 0
313 400 490 189 -8 -8 0
305 392 487 186 -8 8 0
297 400 484 183 -8 8 0
289 408 481 180 -8 0 0
281 408 478 177 -8 8 0
273 416 475 174 -8 0 0
265 416 472 171 -8 0 0
257 416 469 168 -8 8 0
249 424 466 165 -8 8 0
241 432 463 162 -8 8 0
233 440 460 159 -8 -8 0
225 432 457 156 -8 0 0
217 432 454 153 -8 -8 0
209 424 451 150 -8 -8 0
201 416 448 147 -8 8 0
193 424 445 144 0 0 0
193 424 442 141 -8 0 0
185 424 439 138 0 8 0
185 432 436 135 0 -8 0
185 424 433 132 -8 -8 0
177 416 430 129 0 -8 0
177 408 427 126 -8 8 0
169 416 424 123 0 8 0
169 424 421 120 0 8 0
169 432 418 117 -8 8 0
161 440 415 114 0 -8 0
161 432 412 111 0 8 0
161 440 409 108 -8 -8 0
153 432 406 105 0 -8 0
153 424 403 102 -8 8 0
145 432 400 99 0 0 0
145 432 397 96 0 0 0
145 432 394 93 -8 -8 0
137 424 391 90 0 0 0
137 424 388 87 0 -8 0
137 416 385 84 -8 8 0
129 424 382 81 0 -8 0
129 416 379 78 -8 -8 0
121 408 376 75 0 -8 0
121 400 373 72 0 -8 0
121 392 370 69 -8 -8 0
113 384 367 66 0 8 0
113 392 364 63 0 -8 0
113 384 361 60 -8 8 0
105 392 358 57 0 0 0
105 392 355 54 -8 -8 0
97 384 352 51 0 0 0
97 384 349 48 0 0 0
97 384 346 45 -8 -8 0
89 376 343 42 0 0 0
89 376 340 39 0 8 0
89 384 337 36 -8 -8 0
81 376 334 33 0 0 0
81 376 331 30 -8 -8 0
73 368 328 27 0 8 0
73 376 325 24 0 -8 0
73 368 322 21 -8 -8 0
65 360 319 18 0 0 0
65 360 316 15 0 0 0
65 360 313 12 -8 8 0
60 368 310 9 -8 8 0
60 376 307 12 0 -8 0
60 368 304 15 0 -8 0
60 360 301 18 0 0 0
60 360 298 21 0 -8 0
60 352 295 24 0 -8 0
60 344 292 27 0 0 0
60 344 289 30 0 8 0
60 352 286 33 0 -8 0
60 344 283 36 0 0 0
60 344 280 39 0 8 0
60 352 277 42 0 8 0
60 360 274 45 0 0 0
60 360 271 48 0 0 0
60 360 268 51 0 8 0
60 368 265 54 0 0 0
60 368 262 57 0 -8 0
60 360 259 60 0 0 0
60 360 256 63 0 0 0
60 360 253 66 0 -8 0
60 352 250 69 0 0 0
60 352 247 72 0 -8 0
60 344 244 75 0 0 0
60 344 241 78 0 8 0
60 352 238 81 0 8 0
60 360 235 84 0 8 0
60 368 232 87 0 8 0
60 376 229 90 0 -8 0
60 368 226 93 0 8 0
60 376 223 96 0 8 0
60 384 220 99 0 8 0
60 392 217 102 0 -8 0
60 384 214 105 0 8 0
60 392 211 108 0 8 0
60 400 208 111 8 0 0
68 400 205 114 0 -8 0
68 392 202 117 0 8 0
68 400 199 120 8 8 0
76 408 196 123 0 8 0
76 416 193 126 0 8 0
76 424 190 129 8 -8 0
84 416 187 132 0 -8 0
84 408 184 135 8 -8 0
92 400 181 138 0 -8 0
92 392 178 141 0 0 0
92 392 175 144 8 8 0
100 400 172 147 0 -8 0
100 392 169 150 0 -8 0
100 384 166 153 8 -8 0
108 376 163 156 0 8 0
108 384 160 159 8 -8 0
116 376 157 162 0 8 0
116 384 154 165 0 0 0
116 384 151 168 8 8 0
124 392 148 171 0 0 0
124 392 145 174 0 -8 0
124 384 142 177 8 -8 0
132 376 139 180 0 -8 0
132 368 136 183 8 -8 0
140 360 133 186 0 0 0
140 360 130 189 0 0 0
140 360 127 192 8 8 0
148 368 124 195 0 0 0
148 368 121 198 0 -8 0
148 360 118 201 8 8 0
156 368 115 204 0 0 0
156 368 112 207 8 8 0
164 376 109 210 0 0 0
164 376 106 213 0 0 0
164 376 103 216 8 -8 0
172 368 100 219 0 0 0
172 368 97 222 0 8 0
172 376 94 225 8 0 0
180 376 91 228 0 0 0
180 376 88 231 8 -8 0
188 368 85 234 0 0 0
188 368 82 237 0 8 0
188 376 79 240 8 8 0
196 384 76 243 0 -8 0
196 376 73 246 0 8 0
196 384 70 249 8 -8 0
204 376 67 252 0 -8 0
204 368 64 255 8 8 0
212 376 61 258 0 8 0
212 384 58 261 0 0 0
212 384 55 264 8 8 0
220 392 52 267 0 0 0
220 392 49 270 0 8 0
220 400 46 273 8 8 0
228 408 43 276 0 -8 0
228 400 40 279 8 0 0
236 400 37 282 0 8 0
236 408 34 285 0 8 0
236 416 31 288 8 -8 0
244 408 28 291 0 8 0
244 416 25 294 0 0 0
244 416 22 297 8 8 0
252 424 19 300 0 8 0
252 432 22 303 8 -8 0
260 424 25 306 0 0 0
260 424 28 309 0 8 0
260 432 31 312 8 8 0
268 440 34 315 0 8 0
268 448 37 318 0 8 0
268 456 40 321 8 0 0
276 456 43 324 0 8 0
276 464 46 327 8 0 0
284 464 49 330 0 8 0
284 472 52 333 0 0 0
284 472 55 336 8 0 0
292 472 58 339 0 8 0
292 480 61 342 0 0 0
292 480 64 345 8 0 0
300 480 67 348 0 8 0
300 488 70 351 8 -8 0
308 480 73 354 0 0 0
308 480 76 357 0 0 0
308 480 79 360 8 8 0
316 488 82 363 0 -8 0
316 480 85 366 0 -8 0
316 472 88 369 8 8 0
324 480 91 372 0 8 0
324 488 94 375 8 -8 0
332 480 97 378 0 0 0
332 480 100 381 0 8 0
332 488 103 384 8 0 0
340 488 106 387 0 8 0
340 496 109 390 0 0 0
340 496 112 393 8 0 0
348 496 115 396 0 0 0
348 496 118 399 8 -8 0
356 488 121 402 0 8 0
356 496 124 405 0 0 0
356 496 127 408 8 8 0
364 504 130 411 0 0 0
364 504 133 414 0 8 0
364 512 136 417 8 0 0
372 512 139 420 0 8 0
372 520 142 423 8 -8 0
380 512 145 426 0 0 0
380 512 148 429 0 0 0
380 512 151 432 8 8 0
388 520 154 435 0 8 0
388 528 157 438 0 8 0
388 536 160 441 8 0 0
396 536 163 444 0 8 0
396 540 166 447 8 -8 0
404 532 169 450 0 8 0
404 540 172 453 0 8 0
404 540 175 456 8 -8 0
412 532 178 459 0 -8 0
412 524 181 462 0 -8 0
412 516 184 465 8 0 0
420 516 187 468 0 0 0
420 516 190 471 8 -8 0
428 508 193 474 0 0 0
428 508 196 477 0 0 0
428 508 199 480 8 8 0
436 516 202 483 0 8 0
436 524 205 486 0 -8 0
436 516 208 489 8 8 0
444 524 211 492 0 8 0
444 532 214 495 8 -8 0
452 524 217 498 0 0 0
452 524 220 501 0 -8 0
452 516 223 504 8 8 0
460 524 226 507 0 -8 0
460 516 229 510 0 0 0
460 516 232 513 8 8 0
468 524 235 516 0 8 0
468 532 238 519 8 0 0
476 532 241 522 0 -8 0
476 524 244 525 0 -8 0
476 516 247 528 8 -8 0
484 508 250 531 0 -8 0
484 500 253 534 0 8 0
484 508 256 537 8 0 0
492 508 259 540 0 8 0
492 516 262 543 8 0 0
500 516 265 546 0 8 0
500 524 268 549 0 0 0
500 524 271 552 8 8 0
508 532 274 555 0 -8 0
508 524 277 558 0 8 0
508 532 280 561 8 -8 0
516 524 283 564 0 0 0
516 524 286 567 8 0 0
524 524 289 570 0 -8 0
524 516 292 573 0 -8 0
524 508 295 576 8 8 0
532 516 298 579 0 -8 0
532 508 301 582 0 8 0
532 516 304 585 8 8 0
540 524 307 588 0 -8 0
540 516 310 591 8 0 0
540 516 313 588 0 -8 0
540 508 316 585 0 8 0
540 516 319 582 0 8 0
540 524 322 579 0 -8 0
540 516 325 576 0 -8 0
540 508 328 573 0 8 0
540 516 331 570 0 0 0
540 516 334 567 0 -8 0
540 508 337 564 0 8 0
540 516 340 561 0 8 0
540 524 343 558 0 -8 0
540 516 346 555 0 -8 0
540 508 349 552 0 8 0
540 516 352 549 0 -8 0
540 508 355 546 0 -8 0
540 500 358 543 0 0 0
540 500 361 540 0 -8 0
540 492 364 537 0 -8 0
540 484 367 534 0 0 0
540 484 370 531 0 -8 0
540 476 373 528 0 0 0
540 476 376 525 0 -8 0
540 468 379 522 0 -8 0
540 460 382 519 0 8 0
540 468 385 516 0 -8 0
540 460 388 513 0 0 0
540 460 391 510 0 8 0
540 468 394 507 0 0 0
540 468 397 504 0 8 0
540 476 400 501 0 8 0
540 484 403 498 0 8 0
540 492 406 495 0 -8 0
540 484 409 492 0 8 0
540 492 412 489 -8 8 0
532 500 415 486 0 0 0
532 500 418 483 0 -8 0
532 492 421 480 -8 0 0
524 492 424 477 0 -8 0
524 484 427 474 0 -8 0
524 476 430 471 -8 -8 0
516 468 433 468 0 0 0
516 468 436 465 -8 -8 0
508 460 439 462 0 -8 0
508 452 442 459 0 -8 0
508 444 445 456 -8 0 0
500 444 448 453 0 0 0
500 444 451 450 0 -8 0
500 436 454 447 -8 0 0
492 436 457 444 0 -8 0
492 428 460 441 -8 8 0
484 436 463 438 0 -8 0
484 428 466 435 0 8 0
484 436 469 432 -8 -8 0
476 428 472 429 0 0 0
476 428 475 426 0 0 0
476 428 478 423 -8 0 0
468 428 481 420 0 8 0
468 436 484 417 -8 0 0
460 436 487 414 0 -8 0
460 428 490 411 0 8 0
460 436 493 408 -8 -8 0
452 428 496 405 0 -8 0
452 420 499 402 0 -8 0
452 412 502 399 -8 -8 0
444 404 505 396 0 0 0
444 404 508 393 -8 -8 0
436 396 511 390 0 -8 0
436 388 514 387 0 8 0
436 396 517 384 -8 0 0
428 396 520 381 0 -8 0
428 388 523 378 0 8 0
428 396 526 375 -8 0 0
420 396 529 372 0 0 0
420 396 532 369 -8 8 0
412 404 535 366 0 8 0
412 412 538 363 0 0 0
412 412 541 360 -8 -8 0
404 404 544 357 0 8 0
404 412 547 354 0 -8 0
404 404 550 351 -8 -8 0
396 396 553 348 0 8 0
396 404 556 345 -8 0 0
388 404 559 342 0 -8 0
388 396 562 339 0 0 0
388 396 565 336 -8 -8 0
380 388 568 333 0 -8 0
380 380 571 330 0 8 0
380 388 574 327 -8 8 0
372 396 577 324 0 8 0
372 404 580 321 -8 8 0
364 412 583 318 0 -8 0
364 404 586 315 0 0 0
364 404 589 312 -8 -8 0
356 396 592 309 0 0 0
356 396 595 306 0 0 0
356 396 598 303 -8 8 0
348 404 601 300 0 0 0
348 404 604 297 -8 8 0
340 412 607 294 0 -8 0
340 404 610 291 0 0 0
340 404 613 288 -8 -8 0
332 396 616 285 0 8 0
332 404 619 282 0 -8 0
332 396 622 279 -8 8 0
324 404 625 276 0 -8 0
324 396 628 273 -8 0 0
316 396 631 270 0 0 0
316 396 634 267 0 -8 0
316 388 637 264 -8 -8 0
308 380 640 261 0 0 0
308 380 643 258 0 0 0
308 380 646 255 -8 8 0
300 388 649 252 0 8 0
300 396 652 249 -8 -8 0
292 388 655 246 0 8 0
292 396 658 243 0 0 0
292 396 661 240 -8 0 0
284 396 664 237 0 -8 0
284 388 667 234 0 8 0
284 396 670 231 -8 -8 0
276 388 673 228 0 0 0
276 388 676 225 -8 -8 0
268 380 679 222 0 0 0
268 380 682 219 0 8 0
268 388 685 216 -8 0 0
260 388 688 213 0 0 0
260 388 691 210 0 -8 0
260 380 694 207 -8 8 0
252 388 697 204 0 0 0
252 388 700 201 -8 8 0
244 396 703 198 0 0 0
244 396 706 195 0 0 0
244 396 709 192 -8 -8 0
236 388 712 189 0 0 0
236 388 715 186 0 8 0
236 396 718 183 -8 8 0
228 404 721 180 0 -8 0
228 396 724 177 -8 -8 0
220 388 727 174 0 0 0
220 388 730 171 0 0 0
220 388 733 168 -8 -8 0
212 380 736 165 0 0 0
212 380 739 162 0 0 0
212 380 742 159 -8 0 0
204 380 745 156 0 0 0
204 380 748 153 -8 8 0
196 388 751 150 0 0 0
196 388 754 147 0 -8 0
196 380 757 144 -8 0 0
188 380 760 141 0 0 0
188 380 763 138 0 0 0
188 380 766 135 -8 -8 0
180 372 769 132 0 8 0
180 380 772 129 -8 0 0
172 380 775 126 0 -8 0
172 372 778 123 0 -8 0
172 364 781 120 0 0 1
172 364 781 120 0 0 1
172 364 781 120 0 0 1
172 364 781 120 0 0 1
172 364 781 120 0 0 1
