111 77 403 291 0 0 0
111 77 406 288 8 8 0
119 85 409 285 8 -8 0
127 77 412 282 8 0 0
135 77 415 279 8 -8 0
143 69 418 276 8 8 0
151 77 421 273 8 -8 0
159 69 424 270 8 8 0
167 77 427 267 8 0 0
175 77 430 264 8 -8 0
183 69 433 261 8 0 0
191 69 436 258 8 0 0
199 69 439 255 8 8 0
207 77 442 252 0 0 0
207 77 445 249 0 0 0
207 77 448 246 0 0 0
207 77 451 243 0 -8 0
207 69 454 240 0 8 0
207 77 457 237 0 0 0
207 77 460 234 0 0 0
207 77 463 231 0 -8 0
207 69 466 228 0 0 0
207 69 469 225 0 8 0
207 77 472 222 0 -8 0
207 69 475 219 0 8 0
207 77 478 216 0 -8 0
207 69 481 213 0 8 0
207 77 484 210 0 0 0
207 77 487 207 0 -8 0
207 69 490 204 0 0 0
207 69 493 201 0 -8 0
207 61 496 198 0 0 0
207 61 499 195 0 -8 0
207 60 502 192 0 0 0
207 60 505 189 0 0 0
207 60 508 186 0 -8 0
207 60 511 183 0 0 0
207 60 514 180 0 0 0
207 60 517 177 0 -8 0
207 60 520 174 0 -8 0
207 60 523 171 0 0 0
207 60 526 168 0 0 0
207 60 529 165 0 -8 0
207 60 532 162 0 -8 0
207 60 535 159 0 0 0
207 60 538 156 -8 8 0
199 68 541 153 0 8 0
199 76 544 150 0 8 0
199 84 547 147 -8 8 0
191 92 550 144 0 0 0
191 92 553 141 0 -8 0
191 84 556 138 -8 -8 0
183 76 559 135 0 0 0
183 76 562 132 -8 0 0
175 76 565 129 0 8 0
175 84 568 126 0 0 0
175 84 571 123 -8 -8 0
167 76 574 120 0 8 0
167 84 577 117 0 8 0
167 92 580 114 -8 0 0
159 92 583 111 0 0 0
159 92 586 108 -8 0 0
151 92 589 105 0 0 0
151 92 592 102 0 0 0
151 92 595 99 -8 0 0
143 92 598 96 0 -8 0
143 84 601 93 0 -8 0
143 76 604 90 -8 -8 0
135 68 607 87 0 0 0
135 68 610 84 -8 8 0
127 76 613 81 0 0 0
127 76 616 78 0 8 0
127 84 619 75 -8 8 0
119 92 622 72 0 8 0
119 100 625 69 0 8 0
119 108 628 66 -8 8 0
111 116 631 63 0 -8 0
111 108 634 60 -8 -8 0
103 100 637 57 0 8 0
103 108 640 54 0 -8 0
103 100 643 51 -8 8 0
95 108 646 48 0 0 0
95 108 649 45 0 8 0
95 116 652 42 -8 0 0
87 116 655 39 0 -8 0
87 108 658 36 -8 8 0
79 116 661 33 0 -8 0
79 108 664 30 0 0 0
79 108 667 27 -8 -8 0
71 100 670 24 0 -8 0
71 92 673 21 0 8 0
71 100 676 18 -8 8 0
63 108 679 15 0 -8 0
63 100 682 12 -8 8 0
60 108 685 9 -8 0 0
60 108 688 12 0 0 0
60 108 691 15 0 -8 0
60 100 694 18 0 -8 0
60 92 697 21 0 8 0
60 100 700 24 0 0 0
60 100 703 27 0 -8 0
60 92 706 30 0 -8 0
60 84 709 33 0 -8 0
60 76 712 36 0 -8 0
60 68 715 39 0 8 0
60 76 718 42 0 -8 0
60 68 721 45 0 -8 0
60 60 724 48 0 -8 0
60 60 727 51 0 8 0
60 68 730 54 0 0 0
60 68 733 57 0 0 0
60 68 736 60 0 0 0
60 68 739 63 0 -8 0
60 60 742 66 0 -8 0
60 60 745 69 0 0 0
60 60 748 72 0 8 0
60 68 751 75 0 -8 0
60 60 754 78 0 -8 0
60 60 757 81 0 8 0
60 68 760 84 0 0 0
60 68 763 87 0 8 0
60 76 766 90 0 0 0
60 76 769 93 0 -8 0
60 68 772 96 0 -8 0
60 60 775 99 0 -8 0
60 60 778 102 0 0 0
60 60 781 105 0 -8 0
60 60 778 108 0 0 0
60 60 775 111 8 0 0
68 60 772 114 0 8 0
68 68 769 117 0 0 0
68 68 766 120 8 8 0
76 76 763 123 0 -8 0
76 68 760 126 0 8 0
76 76 757 129 8 8 0
84 84 754 132 0 0 0
84 84 751 135 8 0 0
92 84 748 138 0 8 0
92 92 745 141 0 -8 0
92 84 742 144 8 0 0
100 84 739 147 0 8 0
100 92 736 150 0 0 0
100 92 733 153 8 0 0
108 92 730 156 0 -8 0
108 84 727 159 8 8 0
116 92 724 162 0 8 0
116 100 721 165 0 -8 0
116 92 718 168 8 -8 0
124 84 715 171 0 8 0
124 92 712 174 0 0 0
124 92 709 177 8 -8 0
132 84 706 180 0 -8 0
132 76 703 183 8 -8 0
140 68 700 186 0 0 0
140 68 697 189 0 -8 0
140 60 694 192 8 8 0
148 68 691 195 0 -8 0
148 60 688 198 0 0 0
148 60 685 201 8 -8 0
156 60 682 204 0 0 0
156 60 679 207 8 8 0
164 68 676 210 0 8 0
164 76 673 213 0 -8 0
164 68 670 216 8 8 0
172 76 667 219 0 8 0
172 84 664 222 0 8 0
172 92 661 225 8 8 0
180 100 658 228 0 0 0
180 100 655 231 8 8 0
188 108 652 234 0 8 0
188 116 649 237 0 -8 0
188 108 646 240 8 -8 0
196 100 643 243 0 8 0
196 108 640 246 0 8 0
196 116 637 249 8 8 0
204 124 634 252 0 8 0
204 132 631 255 8 8 0
212 140 628 258 0 -8 0
212 132 625 261 0 0 0
212 132 622 264 8 0 0
220 132 619 267 0 0 0
220 132 616 270 0 0 0
220 132 613 273 8 -8 0
228 124 610 276 0 8 0
228 132 607 279 8 -8 0
236 124 604 282 0 -8 0
236 116 601 285 0 8 0
236 124 598 288 8 0 0
244 124 595 291 0 8 0
244 132 592 294 0 8 0
244 140 589 297 8 8 0
252 148 586 300 0 8 0
252 156 583 303 8 -8 0
260 148 580 306 0 0 0
260 148 577 309 0 -8 0
260 140 574 312 8 -8 0
268 132 571 315 0 -8 0
268 124 568 318 0 -8 0
268 116 565 321 8 -8 0
276 108 562 324 0 0 0
276 108 559 327 8 0 0
284 108 556 330 0 8 0
284 116 553 333 0 8 0
284 124 550 336 8 -8 0
292 116 547 339 0 0 0
292 116 544 342 0 0 0
292 116 541 345 8 -8 0
300 108 538 348 0 8 0
300 116 535 351 8 -8 0
308 108 532 354 0 -8 0
308 100 529 357 0 0 0
308 100 526 360 8 8 0
316 108 523 363 0 -8 0
316 100 520 366 0 0 0
316 100 517 369 8 -8 0
324 92 514 372 0 8 0
324 100 511 375 8 8 0
332 108 508 378 0 8 0
332 116 505 381 0 -8 0
332 108 502 384 8 8 0
340 116 499 387 0 -8 0
340 108 496 390 0 8 0
340 116 493 393 8 0 0
348 116 490 396 0 8 0
348 124 487 399 8 8 0
356 132 484 402 0 0 0
356 132 481 405 0 0 0
356 132 478 408 8 0 0
364 132 475 411 0 8 0
364 140 472 414 0 0 0
364 140 469 417 8 0 0
372 140 466 420 0 0 0
372 140 463 423 8 -8 0
380 132 460 426 0 0 0
380 132 457 429 0 0 0
380 132 454 432 8 -8 0
388 124 451 435 0 8 0
388 132 448 438 0 -8 0
388 124 445 441 8 0 0
396 124 442 444 0 -8 0
396 116 439 447 8 -8 0
404 108 436 450 0 -8 0
404 100 433 453 0 8 0
404 108 430 456 8 -8 0
412 100 427 459 0 8 0
412 108 424 462 0 -8 0
412 100 421 465 8 0 0
420 100 418 468 0 -8 0
420 92 415 471 8 -8 0
428 84 412 474 0 -8 0
428 76 409 477 0 0 0
428 76 406 480 8 -8 0
436 68 403 483 0 8 0
436 76 400 486 0 8 0
436 84 397 489 8 8 0
444 92 394 492 0 -8 0
444 84 391 495 8 -8 0
452 76 388 498 0 -8 0
452 68 385 501 0 8 0
452 76 382 504 8 0 0
460 76 379 507 0 0 0
460 76 376 510 0 0 0
460 76 373 513 8 0 0
468 76 370 516 0 0 0
468 76 367 519 8 -8 0
476 68 364 522 0 -8 0
476 60 361 525 0 0 0
476 60 358 528 8 0 0
484 60 355 531 0 8 0
484 68 352 534 0 0 0
484 68 349 537 8 8 0
492 76 346 540 0 -8 0
492 68 343 543 8 0 0
500 68 340 546 0 -8 0
500 60 337 549 0 0 0
500 60 334 552 8 -8 0
508 60 331 555 0 -8 0
508 60 328 558 0 0 0
508 60 325 561 8 8 0
516 68 322 564 0 -8 0
516 60 319 567 8 0 0
524 60 316 570 0 0 0
524 60 313 573 0 -8 0
524 60 310 576 8 -8 0
532 60 307 579 0 0 0
532 60 304 582 0 8 0
532 68 301 585 8 8 0
540 76 298 588 0 0 0
540 76 295 591 8 0 0
540 76 292 588 0 8 0
540 84 289 585 0 0 0
540 84 286 582 0 -8 0
540 76 283 579 0 0 0
540 76 280 576 0 8 0
540 84 277 573 0 -8 0
540 76 274 570 0 8 0
540 84 271 567 0 8 0
540 92 268 564 0 0 0
540 92 265 561 0 -8 0
540 84 262 558 0 8 0
540 92 259 555 0 -8 0
540 84 256 552 0 8 0
540 92 253 549 0 8 0
540 100 250 546 0 -8 0
540 92 247 543 0 0 0
540 92 244 540 0 -8 0
540 84 241 537 0 0 0
540 84 238 534 0 8 0
540 92 235 531 0 -8 0
540 84 232 528 0 0 0
540 84 229 525 0 8 0
540 92 226 522 0 -8 0
540 84 223 519 0 8 0
540 92 220 516 0 -8 0
540 84 217 513 0 8 0
540 92 214 510 0 -8 0
540 84 211 507 0 8 0
540 92 208 504 0 0 0
540 92 205 501 0 0 0
540 92 202 498 0 0 0
540 92 199 495 0 8 0
540 100 196 492 0 8 0
540 108 193 489 -8 8 0
532 116 190 486 0 0 0
532 116 187 483 0 -8 0
532 108 184 480 -8 -8 0
524 100 181 477 0 -8 0
524 92 178 474 0 0 0
524 92 175 471 -8 0 0
516 92 172 468 0 0 0
516 92 169 465 -8 -8 0
508 84 166 462 0 -8 0
508 76 163 459 0 0 0
508 76 160 456 -8 8 0
500 84 157 453 0 0 0
500 84 154 450 0 -8 0
500 76 151 447 -8 0 0
492 76 148 444 0 -8 0
492 68 145 441 -8 -8 0
484 60 142 438 0 0 0
484 60 139 435 0 8 0
484 68 136 432 -8 -8 0
476 60 133 429 0 8 0
476 68 130 426 0 8 0
476 76 127 423 -8 -8 0
468 68 124 420 0 -8 0
468 60 121 417 -8 8 0
460 68 118 414 0 8 0
460 76 115 411 0 -8 0
460 68 112 408 -8 0 0
452 68 109 405 0 8 0
452 76 106 402 0 8 0
452 84 103 399 -8 8 0
444 92 100 396 0 8 0
444 100 97 393 -8 -8 0
436 92 94 390 0 0 0
436 92 91 387 0 -8 0
436 84 88 384 -8 -8 0
428 76 85 381 0 0 0
428 76 82 378 0 0 0
428 76 79 375 -8 -8 0
420 68 76 372 0 8 0
420 76 73 369 -8 0 0
412 76 70 366 0 0 0
412 76 67 363 0 8 0
412 84 64 360 -8 8 0
404 92 61 357 0 -8 0
404 84 58 354 0 8 0
404 92 55 351 -8 0 0
396 92 52 348 0 0 0
396 92 49 345 -8 -8 0
388 84 46 342 0 8 0
388 92 43 339 0 0 0
388 92 40 336 -8 8 0
380 100 37 333 0 0 0
380 100 34 330 0 8 0
380 108 31 327 -8 0 0
372 108 28 324 0 8 0
372 116 25 321 -8 -8 0
364 108 22 318 0 0 0
364 108 19 315 0 -8 0
364 100 22 312 -8 -8 0
356 92 25 309 0 8 0
356 100 28 306 0 8 0
356 108 31 303 -8 -8 0
348 100 34 300 0 -8 0
348 92 37 297 -8 8 0
340 100 40 294 0 -8 0
340 92 43 291 0 8 0
340 100 46 288 -8 -8 0
332 92 49 285 0 8 0
332 100 52 282 0 0 0
332 100 55 279 -8 -8 0
324 92 58 276 0 8 0
324 100 61 273 -8 -8 0
316 92 64 270 0 8 0
316 100 67 267 0 0 0
316 100 70 264 -8 -8 0
308 92 73 261 0 0 0
308 92 76 258 0 8 0
308 100 79 255 -8 -8 0
300 92 82 252 0 0 0
300 92 85 249 -8 0 0
292 92 88 246 0 -8 0
292 84 91 243 0 8 0
292 92 94 240 -8 -8 0
284 84 97 237 0 -8 0
284 76 100 234 0 8 0
284 84 103 231 -8 0 0
276 84 106 228 0 8 0
276 92 109 225 -8 -8 0
268 84 112 222 0 0 0
268 84 115 219 0 0 0
268 84 118 216 -8 -8 0
260 76 121 213 0 0 0
260 76 124 210 0 -8 0
260 68 127 207 -8 8 0
252 76 130 204 0 -8 0
252 68 133 201 -8 8 0
244 76 136 198 0 -8 0
244 68 139 195 0 8 0
244 76 142 192 -8 0 0
236 76 145 189 0 8 0
236 84 148 186 0 -8 0
236 76 151 183 -8 8 0
228 84 154 180 0 0 0
228 84 157 177 -8 -8 0
220 76 160 174 0 -8 0
220 68 163 171 0 0 0
220 68 166 168 -8 -8 0
212 60 169 165 0 0 0
212 60 172 162 0 -8 0
212 60 175 159 -8 8 0
204 68 178 156 0 0 0
204 68 181 153 -8 0 0
196 68 184 150 0 8 0
196 76 187 147 0 8 0
196 84 190 144 -8 -8 0
188 76 193 141 0 8 0
188 84 196 138 0 0 0
188 84 199 135 -8 -8 0
180 76 202 132 0 0 0
180 76 205 129 -8 0 0
172 76 208 126 0 8 0
172 84 211 123 0 8 0
172 92 214 120 -8 -8 0
164 84 217 117 0 8 0
164 92 220 114 0 0 0
164 92 223 111 -8 -8 0
156 84 226 108 0 8 0
156 92 229 105 -8 8 0
148 100 232 102 0 8 0
148 108 235 99 0 -8 0
148 100 238 96 -8 8 0
140 108 241 93 0 8 0
140 116 244 90 0 8 0
140 124 247 87 -8 0 0
132 124 250 84 0 8 0
132 132 253 81 -8 0 0
124 132 256 78 0 8 0
124 140 259 75 0 8 0
124 148 262 72 -8 8 0
116 156 265 69 0 0 0
116 156 268 66 0 8 0
116 164 271 63 -8 8 0
108 172 274 60 0 0 0
108 172 277 57 -8 0 0
100 172 280 54 0 0 0
100 172 283 51 0 0 0
100 172 286 48 -8 0 0
92 172 289 45 0 8 0
92 180 292 42 0 0 0
92 180 295 39 -8 -8 0
84 172 298 36 0 0 0
84 172 301 33 -8 0 0
76 172 304 30 0 -8 0
76 164 307 27 0 0 0
76 164 310 24 -8 -8 0
68 156 313 21 0 0 0
68 156 316 18 0 8 0
68 164 319 15 -8 0 0
60 164 322 12 0 0 0
60 164 325 9 -8 0 0
60 164 328 12 0 8 0
60 172 331 15 0 8 0
60 180 334 18 0 -8 0
60 172 337 21 0 0 0
60 172 340 24 0 -8 0
60 164 343 27 0 0 0
60 164 346 30 0 0 0
60 164 349 33 0 -8 0
60 156 352 36 0 -8 0
60 148 355 39 0 8 0
60 156 358 42 0 0 0
60 156 361 45 0 0 0
60 156 364 48 0 0 0
60 156 367 51 0 8 0
60 164 370 54 0 -8 0
60 156 373 57 0 0 0
60 156 376 60 0 0 0
60 156 379 63 0 8 0
60 164 382 66 0 -8 0
60 156 385 69 0 0 0
60 156 388 72 0 0 0
60 156 391 75 0 0 0
60 156 394 78 0 -8 0
60 148 397 81 0 8 0
60 156 400 84 0 -8 0
60 148 403 87 0 0 0
60 148 406 90 0 8 0
60 156 409 93 0 0 0
60 156 412 96 0 -8 0
60 148 415 99 0 8 0
60 156 418 102 0 -8 0
60 148 421 105 0 0 0
60 148 424 108 0 8 0
60 156 427 111 8 -8 0
68 148 430 114 0 -8 0
68 140 433 117 0 0 0
68 140 436 120 8 0 0
76 140 439 123 0 8 0
76 148 442 126 0 8 0
76 156 445 129 8 8 0
84 164 448 132 0 0 0
84 164 451 135 8 0 0
92 164 454 138 0 0 0
92 164 457 141 0 8 0
92 172 460 144 8 8 0
100 180 463 147 0 8 0
100 188 466 150 0 -8 0
100 180 469 153 8 8 0
108 188 472 156 0 -8 0
108 180 475 159 8 0 0
116 180 478 162 0 -8 0
116 172 481 165 0 8 0
116 180 484 168 8 -8 0
124 172 487 171 0 0 0
124 172 490 174 0 -8 0
124 164 493 177 8 -8 0
132 156 496 180 0 0 0
132 156 499 183 8 8 0
140 164 502 186 0 -8 0
140 156 505 189 0 0 0
140 156 508 192 8 0 0
148 156 511 195 0 0 0
148 156 514 198 0 -8 0
148 148 517 201 8 8 0
156 156 520 204 0 0 0
156 156 523 207 8 0 0
164 156 526 210 0 -8 0
164 148 529 213 0 8 0
164 156 532 216 8 0 0
172 156 535 219 0 0 0
172 156 538 222 0 8 0
172 164 541 225 8 8 0
180 172 544 228 0 8 0
180 180 547 231 8 -8 0
188 172 550 234 0 8 0
188 180 553 237 0 -8 0
188 172 556 240 8 8 0
196 180 559 243 0 8 0
196 188 562 246 0 -8 0
196 180 565 249 8 -8 0
204 172 568 252 0 0 0
204 172 571 255 8 8 0
212 180 574 258 0 8 0
212 188 577 261 0 0 0
212 188 580 264 8 0 0
220 188 583 267 0 0 0
220 188 586 270 0 0 0
220 188 589 273 8 -8 0
228 180 592 276 0 -8 0
228 172 595 279 8 8 0
236 180 598 282 0 8 0
236 188 601 285 0 0 0
236 188 604 288 8 -8 0
244 180 607 291 0 -8 0
244 172 610 294 0 8 0
244 180 613 297 8 0 0
252 180 616 300 0 8 0
252 188 619 303 8 8 0
260 196 622 306 0 8 0
260 204 625 309 0 8 0
260 212 628 312 8 0 0
268 212 631 315 0 0 0
268 212 634 318 0 0 0
268 212 637 321 8 -8 0
276 204 640 324 0 0 0
276 204 643 327 8 8 0
284 212 646 330 0 8 0
284 220 649 333 0 -8 0
284 212 652 336 8 0 0
292 212 655 339 0 -8 0
292 204 658 342 0 -8 0
292 196 661 345 8 8 0
300 204 664 348 0 8 0
300 212 667 351 8 -8 0
308 204 670 354 0 -8 0
308 196 673 357 0 0 0
308 196 676 360 8 -8 0
316 188 679 363 0 8 0
316 196 682 366 0 0 0
316 196 685 369 8 0 0
324 196 688 372 0 8 0
324 204 691 375 8 8 0
332 212 694 378 0 0 0
332 212 697 381 0 0 0
332 212 700 384 8 -8 0
340 204 703 387 0 8 0
340 212 706 390 0 -8 0
340 204 709 393 8 -8 0
348 196 712 396 0 -8 0
348 188 715 399 8 8 0
356 196 718 402 0 -8 0
356 188 721 405 0 -8 0
356 180 724 408 8 -8 0
364 172 727 411 0 -8 0
364 164 730 414 0 -8 0
364 156 733 417 8 -8 0
372 148 736 420 0 0 0
372 148 739 423 8 0 0
380 148 742 426 0 8 0
380 156 745 429 0 -8 0
380 148 748 432 8 0 0
388 148 751 435 0 -8 0
388 140 754 438 0 8 0
388 148 757 441 8 0 0
396 148 760 444 0 -8 0
396 140 763 447 8 -8 0
404 132 766 450 0 8 0
404 140 769 453 0 8 0
404 148 772 456 8 8 0
412 156 775 459 0 -8 0
412 148 778 462 0 -8 0
412 140 781 465 0 0 1
412 140 781 465 0 0 1
412 140 781 465 0 0 1
412 140 781 465 0 0 1
412 140 781 465 0 0 1
