455 369 670 300 0 0 0
455 369 667 303 -8 8 0
447 377 664 306 -8 -8 0
439 369 661 309 -8 8 0
431 377 658 312 -8 -8 0
423 369 655 315 -8 -8 0
415 361 652 318 -8 -8 0
407 353 649 321 -8 0 0
399 353 646 324 -8 8 0
391 361 643 327 -8 0 0
383 361 640 330 -8 0 0
375 361 637 333 0 8 0
375 369 634 336 0 0 0
375 369 631 339 0 8 0
375 377 628 342 0 -8 0
375 369 625 345 0 0 0
375 369 622 348 0 0 0
375 369 619 351 0 8 0
375 377 616 354 0 0 0
375 377 613 357 0 8 0
375 385 610 360 0 0 0
375 385 607 363 0 8 0
375 393 604 366 0 -8 0
375 385 601 369 0 0 0
375 385 598 372 0 8 0
375 393 595 375 0 -8 0
375 385 592 378 0 8 0
375 393 589 381 0 -8 0
375 385 586 384 0 8 0
375 393 583 387 0 8 0
375 401 580 390 0 0 0
375 401 577 393 0 0 0
375 401 574 396 0 0 0
375 401 571 399 0 -8 0
375 393 568 402 0 -8 0
375 385 565 405 0 -8 0
375 377 562 408 0 -8 0
375 369 559 411 0 8 0
375 377 556 414 0 0 0
375 377 553 417 0 0 0
375 377 550 420 0 0 0
375 377 547 423 0 -8 0
375 369 544 426 8 8 0
383 377 541 429 0 8 0
383 385 538 432 0 8 0
383 393 535 435 8 8 0
391 401 532 438 0 -8 0
391 393 529 441 0 8 0
391 401 526 444 8 8 0
399 409 523 447 0 8 0
399 417 520 450 8 0 0
407 417 517 453 0 0 0
407 417 514 456 0 -8 0
407 409 511 459 8 0 0
415 409 508 462 0 -8 0
415 401 505 465 0 8 0
415 409 502 468 8 0 0
423 409 499 471 0 8 0
423 417 496 474 8 -8 0
431 409 493 477 0 -8 0
431 401 490 480 0 0 0
431 401 487 483 8 8 0
439 409 484 486 0 8 0
439 417 481 489 0 0 0
439 417 478 492 8 -8 0
447 409 475 495 0 0 0
447 409 472 498 8 0 0
455 409 469 501 0 0 0
455 409 466 504 0 -8 0
455 401 463 507 8 8 0
463 409 460 510 0 -8 0
463 401 457 513 0 -8 0
463 393 454 516 8 -8 0
471 385 451 519 0 0 0
471 385 448 522 8 -8 0
479 377 445 525 0 0 0
479 377 442 528 0 8 0
479 385 439 531 8 -8 0
487 377 436 534 0 8 0
487 385 433 537 0 0 0
487 385 430 540 8 8 0
495 393 427 543 0 8 0
495 401 424 546 8 8 0
503 409 421 549 0 8 0
503 417 418 552 0 0 0
503 417 415 555 8 8 0
511 425 412 558 0 8 0
511 433 409 561 0 0 0
511 433 406 564 8 0 0
519 433 403 567 0 8 0
519 441 400 570 8 8 0
527 449 397 573 0 8 0
527 457 394 576 0 0 0
527 457 391 579 8 0 0
535 457 388 582 0 0 0
535 457 385 585 0 0 0
535 457 382 588 8 8 0
540 465 379 591 8 -8 0
540 457 376 588 0 0 0
540 457 373 585 0 8 0
540 465 370 582 0 0 0
540 465 367 579 0 0 0
540 465 364 576 0 8 0
540 473 361 573 0 0 0
540 473 358 570 0 0 0
540 473 355 567 0 8 0
540 481 352 564 0 -8 0
540 473 349 561 0 8 0
540 481 346 558 0 -8 0
540 473 343 555 0 0 0
540 473 340 552 0 8 0
540 481 337 549 0 -8 0
540 473 334 546 0 0 0
540 473 331 543 0 -8 0
540 465 328 540 0 0 0
540 465 325 537 0 -8 0
540 457 322 534 0 -8 0
540 449 319 531 0 0 0
540 449 316 528 0 8 0
540 457 313 525 0 -8 0
540 449 310 522 0 0 0
540 449 307 519 0 8 0
540 457 304 516 0 -8 0
540 449 301 513 0 8 0
540 457 298 510 0 8 0
540 465 295 507 0 8 0
540 473 292 504 0 -8 0
540 465 289 501 0 0 0
540 465 286 498 0 0 0
540 465 283 495 0 8 0
540 473 280 492 0 8 0
540 481 277 489 -8 -8 0
532 473 274 486 0 8 0
532 481 271 483 0 -8 0
532 473 268 480 -8 8 0
524 481 265 477 0 0 0
524 481 262 474 0 8 0
524 489 259 471 -8 -8 0
516 481 256 468 0 -8 0
516 473 253 465 -8 -8 0
508 465 250 462 0 8 0
508 473 247 459 0 0 0
508 473 244 456 -8 8 0
500 481 241 453 0 -8 0
500 473 238 450 0 0 0
500 473 235 447 -8 8 0
492 481 232 444 0 -8 0
492 473 229 441 -8 0 0
484 473 226 438 0 8 0
484 481 223 435 0 8 0
484 489 220 432 -8 0 0
476 489 217 429 0 8 0
476 497 214 426 0 -8 0
476 489 211 423 -8 -8 0
468 481 208 420 0 -8 0
468 473 205 417 -8 0 0
460 473 202 414 0 8 0
460 481 199 411 0 -8 0
460 473 196 408 -8 -8 0
452 465 193 405 0 -8 0
452 457 190 402 0 0 0
452 457 187 399 -8 -8 0
444 449 184 396 0 0 0
444 449 181 393 -8 -8 0
436 441 178 390 0 8 0
436 449 175 387 0 8 0
436 457 172 384 -8 8 0
428 465 169 381 0 0 0
428 465 166 378 0 0 0
428 465 163 375 -8 0 0
420 465 160 372 0 -8 0
420 457 157 369 -8 -8 0
412 449 154 366 0 0 0
412 449 151 363 0 8 0
412 457 148 360 -8 -8 0
404 449 145 357 0 8 0
404 457 142 354 0 8 0
404 465 139 351 -8 8 0
396 473 136 348 0 0 0
396 473 133 345 -8 0 0
388 473 130 342 0 0 0
388 473 127 339 0 8 0
388 481 124 336 -8 8 0
380 489 121 333 0 0 0
380 489 118 330 0 -8 0
380 481 115 327 -8 0 0
372 481 112 324 0 0 0
372 481 109 321 -8 8 0
364 489 106 318 0 -8 0
364 481 103 315 0 -8 0
364 473 100 312 -8 -8 0
356 465 97 309 0 0 0
356 465 94 306 0 -8 0
356 457 91 303 -8 -8 0
348 449 88 300 0 8 0
348 457 85 297 -8 -8 0
340 449 82 294 0 0 0
340 449 79 291 0 0 0
340 449 76 288 -8 0 0
332 449 73 285 0 8 0
332 457 70 282 0 8 0
332 465 67 279 -8 8 0
324 473 64 276 0 8 0
324 481 61 273 -8 0 0
316 481 58 270 0 0 0
316 481 55 267 0 -8 0
316 473 52 264 -8 0 0
308 473 49 261 0 0 0
308 473 46 258 0 8 0
308 481 43 255 -8 -8 0
300 473 40 252 0 8 0
300 481 37 249 -8 0 0
292 481 34 246 0 -8 0
292 473 31 243 0 8 0
292 481 28 240 -8 0 0
284 481 25 237 0 0 0
284 481 22 234 0 8 0
284 489 19 231 0 0 1
284 489 19 231 0 0 1
284 489 19 231 0 0 1
284 489 19 231 0 0 1
284 489 19 231 0 0 1
