485 491 181 363 0 0 0
485 491 184 366 -8 -8 0
477 483 187 369 -8 -8 0
469 475 190 372 -8 -8 0
461 467 193 375 -8 8 0
453 475 196 378 -8 -8 0
445 467 199 381 -8 0 0
437 467 202 384 -8 8 0
429 475 205 387 0 8 0
429 483 208 390 0 -8 0
429 475 211 393 0 -8 0
429 467 214 396 0 0 0
429 467 217 399 0 -8 0
429 459 220 402 0 0 0
429 459 223 405 0 0 0
429 459 226 408 0 -8 0
429 451 229 411 0 -8 0
429 443 232 414 0 -8 0
429 435 235 417 0 -8 0
429 427 238 420 0 -8 0
429 419 241 423 0 -8 0
429 411 244 426 0 8 0
429 419 247 429 0 8 0
429 427 250 432 0 0 0
429 427 253 435 0 -8 0
429 419 256 438 0 -8 0
429 411 259 441 0 8 0
429 419 262 444 0 0 0
429 419 265 447 0 0 0
429 419 268 450 0 0 0
429 419 271 453 0 8 0
429 427 274 456 0 0 0
429 427 277 459 0 8 0
429 435 280 462 0 -8 0
429 427 283 465 0 0 0
429 427 286 468 0 0 0
429 427 289 471 0 0 0
429 427 292 474 0 -8 0
429 419 295 477 0 8 0
429 427 298 480 8 0 0
437 427 301 483 0 8 0
437 435 304 486 0 8 0
437 443 307 489 8 0 0
445 443 310 492 0 -8 0
445 435 313 495 0 -8 0
445 427 316 498 8 0 0
453 427 319 501 0 -8 0
453 419 322 504 8 -8 0
461 411 325 507 0 0 0
461 411 328 510 0 -8 0
461 403 331 513 8 0 0
469 403 334 516 0 0 0
469 403 337 519 0 0 0
469 403 340 522 8 -8 0
477 395 343 525 0 -8 0
477 387 346 528 8 8 0
485 395 349 531 0 8 0
485 403 352 534 0 -8 0
485 395 355 537 8 0 0
493 395 358 540 0 0 0
493 395 361 543 0 -8 0
493 387 364 546 8 -8 0
501 379 367 549 0 0 0
501 379 370 552 8 -8 0
509 371 373 555 0 -8 0
509 363 376 558 0 0 0
509 363 379 561 8 0 0
517 363 382 564 0 -8 0
517 355 385 567 0 0 0
517 355 388 570 8 -8 0
525 347 391 573 0 -8 0
525 339 394 576 8 8 0
533 347 397 579 0 -8 0
533 339 400 582 0 -8 0
533 331 403 585 8 0 0
540 331 406 588 0 -8 0
540 323 409 591 8 8 0
540 331 412 588 0 8 0
540 339 415 585 0 -8 0
540 331 418 582 0 0 0
540 331 421 579 0 0 0
540 331 424 576 0 -8 0
540 323 427 573 0 8 0
540 331 430 570 0 0 0
540 331 433 567 0 -8 0
540 323 436 564 0 -8 0
540 315 439 561 0 8 0
540 323 442 558 0 -8 0
540 315 445 555 0 -8 0
540 307 448 552 0 8 0
540 315 451 549 0 0 0
540 315 454 546 0 8 0
540 323 457 543 0 8 0
540 331 460 540 0 8 0
540 339 463 537 0 8 0
540 347 466 534 0 0 0
540 347 469 531 0 -8 0
540 339 472 528 0 -8 0
540 331 475 525 0 0 0
540 331 478 522 0 0 0
540 331 481 519 0 -8 0
540 323 484 516 0 8 0
540 331 487 513 0 0 0
540 331 490 510 0 0 0
540 331 493 507 0 8 0
540 339 496 504 0 8 0
540 347 499 501 0 8 0
540 355 502 498 0 8 0
540 363 505 495 0 8 0
540 371 508 492 0 8 0
540 379 511 489 -8 8 0
532 387 514 486 0 8 0
532 395 517 483 0 0 0
532 395 520 480 -8 8 0
524 403 523 477 0 0 0
524 403 526 474 0 -8 0
524 395 529 471 -8 0 0
516 395 532 468 0 0 0
516 395 535 465 -8 -8 0
508 387 538 462 0 0 0
508 387 541 459 0 -8 0
508 379 544 456 -8 0 0
500 379 547 453 0 -8 0
500 371 550 450 0 8 0
500 379 553 447 -8 -8 0
492 371 556 444 0 0 0
492 371 559 441 -8 0 0
484 371 562 438 0 -8 0
484 363 565 435 0 0 0
484 363 568 432 -8 0 0
476 363 571 429 0 8 0
476 371 574 426 0 0 0
476 371 577 423 -8 -8 0
468 363 580 420 0 8 0
468 371 583 417 -8 8 0
460 379 586 414 0 -8 0
460 371 589 411 0 0 0
460 371 592 408 -8 -8 0
452 363 595 405 0 0 0
452 363 598 402 0 8 0
452 371 601 399 -8 8 0
444 379 604 396 0 -8 0
444 371 607 393 -8 -8 0
436 363 610 390 0 -8 0
436 355 613 387 0 -8 0
436 347 616 384 -8 8 0
428 355 619 381 0 0 0
428 355 622 378 0 8 0
428 363 625 375 -8 0 0
420 363 628 372 0 0 0
420 363 631 369 -8 8 0
412 371 634 366 0 -8 0
412 363 637 363 0 0 0
412 363 640 360 -8 8 0
404 371 643 357 0 0 0
404 371 646 354 0 0 0
404 371 649 351 -8 -8 0
396 363 652 348 0 0 0
396 363 655 345 -8 8 0
388 371 658 342 0 8 0
388 379 661 339 0 -8 0
388 371 664 336 -8 8 0
380 379 667 333 0 -8 0
380 371 670 330 0 8 0
380 379 673 327 -8 -8 0
372 371 676 324 0 -8 0
372 363 679 321 -8 0 0
364 363 682 318 0 -8 0
364 355 685 315 0 0 0
364 355 688 312 -8 8 0
356 363 691 309 0 -8 0
356 355 694 306 0 0 0
356 355 697 303 -8 -8 0
348 347 700 300 0 8 0
348 355 703 297 -8 0 0
340 355 706 294 0 8 0
340 363 709 291 0 8 0
340 371 712 288 -8 -8 0
332 363 715 285 0 0 0
332 363 718 282 0 0 0
332 363 721 279 -8 -8 0
324 355 724 276 0 -8 0
324 347 727 273 -8 8 0
316 355 730 270 0 -8 0
316 347 733 267 0 0 0
316 347 736 264 -8 0 0
308 347 739 261 0 -8 0
308 339 742 258 0 -8 0
308 331 745 255 -8 -8 0
300 323 748 252 0 0 0
300 323 751 249 -8 -8 0
292 315 754 246 0 -8 0
292 307 757 243 0 8 0
292 315 760 240 -8 -8 0
284 307 763 237 0 -8 0
284 299 766 234 0 0 0
284 299 769 231 -8 -8 0
276 291 772 228 0 0 0
276 291 775 225 -8 0 0
268 291 778 222 0 0 0
268 291 781 219 0 0 1
268 291 781 219 0 0 1
268 291 781 219 0 0 1
268 291 781 219 0 0 1
268 291 781 219 0 0 1
