462 439 169 399 0 0 0
462 439 166 396 -8 8 0
454 447 163 393 -8 8 0
446 455 160 390 -8 8 0
438 463 157 387 -8 0 0
430 463 154 384 0 0 0
430 463 151 381 0 0 0
430 463 148 378 -8 -8 0
422 455 145 375 0 8 0
422 463 142 372 0 8 0
422 471 139 369 -8 -8 0
414 463 136 366 0 0 0
414 463 133 363 -8 -8 0
406 455 130 360 0 0 0
406 455 127 357 0 -8 0
406 447 124 354 -8 -8 0
398 439 121 351 0 0 0
398 439 118 348 0 8 0
398 447 115 345 -8 -8 0
390 439 112 342 0 0 0
390 439 109 339 -8 -8 0
382 431 106 336 0 8 0
382 439 103 333 0 -8 0
382 431 100 330 -8 -8 0
374 423 97 327 0 0 0
374 423 94 324 0 -8 0
374 415 91 321 -8 -8 0
366 407 88 318 0 8 0
366 415 85 315 -8 8 0
358 423 82 312 0 -8 0
358 415 79 309 0 0 0
358 415 76 306 -8 -8 0
350 407 73 303 0 -8 0
350 399 70 300 0 0 0
350 399 67 297 -8 8 0
342 407 64 294 0 -8 0
342 399 61 291 -8 0 0
334 399 58 288 0 -8 0
334 391 55 285 0 -8 0
334 383 52 282 -8 0 0
326 383 49 279 0 0 0
326 383 46 276 0 -8 0
326 375 43 273 -8 8 0
318 383 40 270 0 8 0
318 391 37 267 -8 8 0
310 399 34 264 0 8 0
310 407 31 261 0 -8 0
310 399 28 258 -8 -8 0
302 391 25 255 0 0 0
302 391 22 252 0 8 0
302 399 19 249 0 0 1
302 399 19 249 0 0 1
302 399 19 249 0 0 1
302 399 19 249 0 0 1
302 399 19 249 0 0 1
