273 149 523 207 0 0 0
273 149 520 210 -8 0 0
265 149 517 213 -8 8 0
257 157 514 216 0 8 0
257 165 511 219 0 0 0
257 165 508 222 0 8 0
257 173 505 225 0 -8 0
257 165 502 228 0 -8 0
257 157 499 231 0 8 0
257 165 496 234 0 8 0
257 173 493 237 0 8 0
257 181 490 240 0 8 0
257 189 487 243 0 -8 0
257 181 484 246 0 8 0
257 189 481 249 0 -8 0
257 181 478 252 0 -8 0
257 173 475 255 0 8 0
257 181 472 258 0 0 0
257 181 469 261 0 0 0
257 181 466 264 0 -8 0
257 173 463 267 0 0 0
257 173 460 270 0 8 0
257 181 457 273 0 8 0
257 189 454 276 0 -8 0
257 181 451 279 0 -8 0
257 173 448 282 0 -8 0
257 165 445 285 0 8 0
257 173 442 288 0 8 0
257 181 439 291 0 -8 0
257 173 436 294 0 8 0
257 181 433 297 0 -8 0
257 173 430 300 0 -8 0
257 165 427 303 0 8 0
257 173 424 306 0 8 0
257 181 421 309 8 0 0
265 181 418 312 0 -8 0
265 173 415 315 0 -8 0
265 165 412 318 8 8 0
273 173 409 321 0 0 0
273 173 406 324 8 0 0
281 173 403 327 0 8 0
281 181 400 330 0 8 0
281 189 397 333 8 0 0
289 189 394 336 0 0 0
289 189 391 339 0 8 0
289 197 388 342 8 0 0
297 197 385 345 0 8 0
297 205 382 348 8 8 0
305 213 379 351 0 0 0
305 213 376 354 0 -8 0
305 205 373 357 8 -8 0
313 197 370 360 0 0 0
313 197 367 363 0 -8 0
313 189 364 366 8 -8 0
321 181 361 369 0 -8 0
321 173 358 372 8 0 0
329 173 355 375 0 8 0
329 181 352 378 0 8 0
329 189 349 381 8 -8 0
337 181 346 384 0 -8 0
337 173 343 387 0 8 0
337 181 340 390 8 -8 0
345 173 337 393 0 0 0
345 173 334 396 8 -8 0
353 165 331 399 0 8 0
353 173 328 402 0 0 0
353 173 325 405 8 8 0
361 181 322 408 0 8 0
361 189 319 411 0 8 0
361 197 316 414 8 0 0
369 197 313 417 0 -8 0
369 189 310 420 8 0 0
377 189 307 423 0 0 0
377 189 304 426 0 8 0
377 197 301 429 8 8 0
385 205 298 432 0 -8 0
385 197 295 435 0 8 0
385 205 292 438 8 0 0
393 205 289 441 0 -8 0
393 197 286 444 8 0 0
401 197 283 447 0 -8 0
401 189 280 450 0 8 0
401 197 277 453 8 -8 0
409 189 274 456 0 8 0
409 197 271 459 0 0 0
409 197 268 462 8 0 0
417 197 265 465 0 8 0
417 205 262 468 8 0 0
425 205 259 471 0 -8 0
425 197 256 474 0 8 0
425 205 253 477 8 0 0
433 205 250 480 0 0 0
433 205 247 483 0 8 0
433 213 244 486 8 0 0
441 213 241 489 0 0 0
441 213 238 492 8 8 0
449 221 235 495 0 0 0
449 221 232 498 0 -8 0
449 213 229 501 8 -8 0
457 205 226 504 0 8 0
457 213 223 507 0 -8 0
457 205 220 510 8 0 0
465 205 217 513 0 -8 0
465 197 214 516 8 8 0
473 205 211 519 0 -8 0
473 197 208 522 0 0 0
473 197 205 525 8 -8 0
481 189 202 528 0 -8 0
481 181 199 531 0 -8 0
481 173 196 534 8 -8 0
489 165 193 537 0 -8 0
489 157 190 540 8 8 0
497 165 187 543 0 -8 0
497 157 184 546 0 0 0
497 157 181 549 8 0 0
505 157 178 552 0 -8 0
505 149 175 555 0 8 0
505 157 172 558 8 -8 0
513 149 169 561 0 -8 0
513 141 166 564 8 8 0
521 149 163 567 0 0 0
521 149 160 570 0 -8 0
521 141 157 573 8 -8 0
529 133 154 576 0 8 0
529 141 151 579 0 0 0
529 141 148 582 8 8 0
537 149 145 585 0 -8 0
537 141 142 588 8 0 0
540 141 139 591 8 8 0
540 149 136 588 0 8 0
540 157 133 585 0 8 0
540 165 130 582 0 0 0
540 165 127 579 0 0 0
540 165 124 576 0 0 0
540 165 121 573 0 -8 0
540 157 118 570 0 -8 0
540 149 115 567 0 -8 0
540 141 112 564 0 -8 0
540 133 109 561 0 -8 0
540 125 106 558 0 -8 0
540 117 103 555 0 -8 0
540 109 100 552 0 8 0
540 117 97 549 0 8 0
540 125 94 546 0 -8 0
540 117 91 543 0 -8 0
540 109 88 540 0 0 0
540 109 85 537 0 0 0
540 109 82 534 0 0 0
540 109 79 531 0 -8 0
540 101 76 528 0 -8 0
540 93 73 525 0 -8 0
540 85 70 522 0 0 0
540 85 67 519 0 8 0
540 93 64 516 0 8 0
540 101 61 513 0 -8 0
540 93 58 510 0 8 0
540 101 55 507 0 0 0
540 101 52 504 0 -8 0
540 93 49 501 0 -8 0
540 85 46 498 0 0 0
540 85 43 495 0 8 0
540 93 40 492 0 0 0
540 93 37 489 -8 0 0
532 93 34 486 0 8 0
532 101 31 483 0 0 0
532 101 28 480 -8 8 0
524 109 25 477 0 -8 0
524 101 22 474 0 8 0
524 109 19 471 0 0 1
524 109 19 471 0 0 1
524 109 19 471 0 0 1
524 109 19 471 0 0 1
524 109 19 471 0 0 1
