101 253 472 135 0 0 0
101 253 469 138 0 0 0
101 253 466 141 0 0 0
101 253 463 144 0 -8 0
101 245 460 147 0 0 0
101 245 457 150 0 -8 0
101 237 454 153 8 -8 0
109 229 451 156 0 -8 0
109 221 448 159 0 0 0
109 221 445 162 8 0 0
117 221 442 165 0 0 0
117 221 439 168 8 0 0
125 221 436 171 0 0 0
125 221 433 174 0 8 0
125 229 430 177 8 -8 0
133 221 427 180 0 8 0
133 229 424 183 0 0 0
133 229 421 186 8 -8 0
141 221 418 189 0 0 0
141 221 415 192 8 0 0
149 221 412 195 0 8 0
149 229 409 198 0 8 0
149 237 406 201 8 8 0
157 245 403 204 0 0 0
157 245 400 207 0 0 0
157 245 397 210 8 0 0
165 245 394 213 0 0 0
165 245 391 216 8 -8 0
173 237 388 219 0 -8 0
173 229 385 222 0 8 0
173 237 382 225 8 -8 0
181 229 379 228 0 0 0
181 229 376 231 0 0 0
181 229 373 234 8 0 0
189 229 370 237 0 0 0
189 229 367 240 8 -8 0
197 221 364 243 0 -8 0
197 213 361 246 0 0 0
197 213 358 249 8 8 0
205 221 355 252 0 8 0
205 229 352 255 0 8 0
205 237 349 258 8 8 0
213 245 346 261 0 -8 0
213 237 343 264 8 0 0
221 237 340 267 0 8 0
221 245 337 270 0 0 0
221 245 334 273 8 8 0
229 253 331 276 0 -8 0
229 245 328 279 0 0 0
229 245 325 282 8 -8 0
237 237 322 285 0 0 0
237 237 319 288 8 0 0
245 237 316 291 0 -8 0
245 229 313 294 0 -8 0
245 221 310 297 8 0 0
253 221 307 300 0 0 0
253 221 304 303 0 8 0
253 229 301 306 8 0 0
261 229 298 309 0 -8 0
261 221 295 312 8 8 0
269 229 292 315 0 -8 0
269 221 289 318 0 8 0
269 229 286 321 8 -8 0
277 221 283 324 0 0 0
277 221 280 327 0 8 0
277 229 277 330 8 8 0
285 237 274 333 0 0 0
285 237 271 336 8 8 0
293 245 268 339 0 0 0
293 245 265 342 0 0 0
293 245 262 345 8 -8 0
301 237 259 348 0 8 0
301 245 256 351 0 -8 0
301 237 253 354 8 8 0
309 245 250 357 0 8 0
309 253 247 360 8 -8 0
317 245 244 363 0 0 0
317 245 241 366 0 0 0
317 245 238 369 8 0 0
325 245 235 372 0 0 0
325 245 232 375 0 -8 0
325 237 229 378 8 8 0
333 245 226 381 0 8 0
333 253 223 384 8 -8 0
341 245 220 387 0 8 0
341 253 217 390 0 8 0
341 261 214 393 8 8 0
349 269 211 396 0 -8 0
349 261 208 399 0 8 0
349 269 205 402 8 -8 0
357 261 202 405 0 0 0
357 261 199 408 8 -8 0
365 253 196 411 0 0 0
365 253 193 414 0 8 0
365 261 190 417 8 8 0
373 269 187 420 0 0 0
373 269 184 423 0 0 0
373 269 181 426 8 8 0
381 277 178 429 0 8 0
381 285 175 432 8 8 0
389 293 172 435 0 0 0
389 293 169 438 0 0 0
389 293 166 441 8 8 0
397 301 163 444 0 8 0
397 309 160 447 0 -8 0
397 301 157 450 8 -8 0
405 293 154 453 0 -8 0
405 285 151 456 8 -8 0
413 277 148 459 0 8 0
413 285 145 462 0 -8 0
413 277 142 465 8 0 0
421 277 139 468 0 -8 0
421 269 136 471 0 8 0
421 277 133 474 8 -8 0
429 269 130 477 0 8 0
429 277 127 480 8 8 0
437 285 124 483 0 0 0
437 285 121 486 0 -8 0
437 277 118 489 8 -8 0
445 269 115 492 0 -8 0
445 261 112 495 0 8 0
445 269 109 498 8 8 0
453 277 106 501 0 8 0
453 285 103 504 8 -8 0
461 277 100 507 0 8 0
461 285 97 510 0 -8 0
461 277 94 513 8 8 0
469 285 91 516 0 8 0
469 293 88 519 0 8 0
469 301 85 522 8 0 0
477 301 82 525 0 8 0
477 309 79 528 8 8 0
485 317 76 531 0 -8 0
485 309 73 534 0 -8 0
485 301 70 537 8 0 0
493 301 67 540 0 8 0
493 309 64 543 0 0 0
493 309 61 546 8 0 0
501 309 58 549 0 8 0
501 317 55 552 8 -8 0
509 309 52 555 0 8 0
509 317 49 558 0 8 0
509 325 46 561 8 -8 0
517 317 43 564 0 0 0
517 317 40 567 0 0 0
517 317 37 570 8 0 0
525 317 34 573 0 0 0
525 317 31 576 8 -8 0
533 309 28 579 0 8 0
533 317 25 582 0 -8 0
533 309 22 585 8 0 0
540 309 19 588 0 -8 0
540 301 22 591 8 8 0
540 309 25 588 0 -8 0
540 301 28 585 0 8 0
540 309 31 582 0 -8 0
540 301 34 579 0 -8 0
540 293 37 576 0 -8 0
540 285 40 573 0 0 0
540 285 43 570 0 8 0
540 293 46 567 0 -8 0
540 285 49 564 0 8 0
540 293 52 561 0 -8 0
540 285 55 558 0 0 0
540 285 58 555 0 0 0
540 285 61 552 0 -8 0
540 277 64 549 0 -8 0
540 269 67 546 0 0 0
540 269 70 543 0 -8 0
540 261 73 540 0 0 0
540 261 76 537 0 -8 0
540 253 79 534 0 8 0
540 261 82 531 0 0 0
540 261 85 528 0 -8 0
540 253 88 525 0 0 0
540 253 91 522 0 8 0
540 261 94 519 0 8 0
540 269 97 516 0 -8 0
540 261 100 513 0 0 0
540 261 103 510 0 0 0
540 261 106 507 0 -8 0
540 253 109 504 0 0 0
540 253 112 501 0 -8 0
540 245 115 498 0 8 0
540 253 118 495 0 -8 0
540 245 121 492 0 0 0
540 245 124 489 -8 0 0
532 245 127 486 0 0 0
532 245 130 483 0 0 0
532 245 133 480 -8 0 0
524 245 136 477 0 -8 0
524 237 139 474 0 8 0
524 245 142 471 -8 -8 0
516 237 145 468 0 0 0
516 237 148 465 -8 8 0
508 245 151 462 0 8 0
508 253 154 459 0 0 0
508 253 157 456 -8 0 0
500 253 160 453 0 -8 0
500 245 163 450 0 8 0
500 253 166 447 -8 8 0
492 261 169 444 0 0 0
492 261 172 441 -8 0 0
484 261 175 438 0 -8 0
484 253 178 435 0 0 0
484 253 181 432 -8 8 0
476 261 184 429 0 8 0
476 269 187 426 0 0 0
476 269 190 423 -8 -8 0
468 261 193 420 0 -8 0
468 253 196 417 -8 0 0
460 253 199 414 0 8 0
460 261 202 411 0 8 0
460 269 205 408 -8 -8 0
452 261 208 405 0 -8 0
452 253 211 402 0 8 0
452 261 214 399 -8 0 0
444 261 217 396 0 8 0
444 269 220 393 -8 0 0
436 269 223 390 0 -8 0
436 261 226 387 0 0 0
436 261 229 384 -8 8 0
428 269 232 381 0 0 0
428 269 235 378 0 8 0
428 277 238 375 -8 8 0
420 285 241 372 0 -8 0
420 277 244 369 -8 -8 0
412 269 247 366 0 0 0
412 269 250 363 0 8 0
412 277 253 360 -8 0 0
404 277 256 357 0 0 0
404 277 259 354 0 8 0
404 285 262 351 -8 -8 0
396 277 265 348 0 8 0
396 285 268 345 -8 8 0
388 293 271 342 0 -8 0
388 285 274 339 0 8 0
388 293 277 336 -8 8 0
380 301 280 333 0 0 0
380 301 283 330 0 0 0
380 301 286 327 -8 0 0
372 301 289 324 0 -8 0
372 293 292 321 -8 8 0
364 301 295 318 0 -8 0
364 293 298 315 0 -8 0
364 285 301 312 -8 0 0
356 285 304 309 0 -8 0
356 277 307 306 0 0 0
356 277 310 303 -8 -8 0
348 269 313 300 0 0 0
348 269 316 297 -8 -8 0
340 261 319 294 0 8 0
340 269 322 291 0 8 0
340 277 325 288 -8 -8 0
332 269 328 285 0 -8 0
332 261 331 282 0 8 0
332 269 334 279 -8 -8 0
324 261 337 276 0 8 0
324 269 340 273 -8 0 0
316 269 343 270 0 -8 0
316 261 346 267 0 -8 0
316 253 349 264 -8 8 0
308 261 352 261 0 8 0
308 269 355 258 0 -8 0
308 261 358 255 -8 8 0
300 269 361 252 0 0 0
300 269 364 249 -8 8 0
292 277 367 246 0 -8 0
292 269 370 243 0 -8 0
292 261 373 240 -8 8 0
284 269 376 237 0 8 0
284 277 379 234 0 0 0
284 277 382 231 -8 8 0
276 285 385 228 0 0 0
276 285 388 225 -8 8 0
268 293 391 222 0 0 0
268 293 394 219 0 8 0
268 301 397 216 -8 -8 0
260 293 400 213 0 -8 0
260 285 403 210 0 0 0
260 285 406 207 -8 -8 0
252 277 409 204 0 0 0
252 277 412 201 -8 -8 0
244 269 415 198 0 -8 0
244 261 418 195 0 0 0
244 261 421 192 -8 0 0
236 261 424 189 0 0 0
236 261 427 186 0 -8 0
236 253 430 183 -8 -8 0
228 245 433 180 0 0 0
228 245 436 177 -8 0 0
220 245 439 174 0 8 0
220 253 442 171 0 0 0
220 253 445 168 -8 -8 0
212 245 448 165 0 8 0
212 253 451 162 0 0 0
212 253 454 159 -8 0 0
204 253 457 156 0 -8 0
204 245 460 153 -8 -8 0
196 237 463 150 0 -8 0
196 229 466 147 0 -8 0
196 221 469 144 -8 8 0
188 229 472 141 0 0 0
188 229 475 138 0 0 0
188 229 478 135 -8 -8 0
180 221 481 132 0 0 0
180 221 484 129 -8 0 0
172 221 487 126 0 -8 0
172 213 490 123 0 0 0
172 213 493 120 -8 8 0
164 221 496 117 0 -8 0
164 213 499 114 0 0 0
164 213 502 111 -8 -8 0
156 205 505 108 0 8 0
156 213 508 105 -8 8 0
148 221 511 102 0 -8 0
148 213 514 99 0 8 0
148 221 517 96 -8 0 0
140 221 520 93 0 -8 0
140 213 523 90 0 0 0
140 213 526 87 -8 -8 0
132 205 529 84 0 0 0
132 205 532 81 -8 0 0
124 205 535 78 0 -8 0
124 197 538 75 0 8 0
124 205 541 72 -8 -8 0
116 197 544 69 0 0 0
116 197 547 66 0 0 0
116 197 550 63 -8 -8 0
108 189 553 60 0 0 0
108 189 556 57 -8 -8 0
100 181 559 54 0 0 0
100 181 562 51 0 0 0
100 181 565 48 -8 8 0
92 189 568 45 0 8 0
92 197 571 42 0 8 0
92 205 574 39 -8 -8 0
84 197 577 36 0 8 0
84 205 580 33 -8 8 0
76 213 583 30 0 0 0
76 213 586 27 0 8 0
76 221 589 24 -8 8 0
68 229 592 21 0 8 0
68 237 595 18 0 0 0
68 237 598 15 -8 0 0
60 237 601 12 0 -8 0
60 229 604 9 -8 -8 0
60 221 607 12 0 -8 0
60 213 610 15 0 0 0
60 213 613 18 0 -8 0
60 205 616 21 0 -8 0
60 197 619 24 0 -8 0
60 189 622 27 0 8 0
60 197 625 30 0 -8 0
60 189 628 33 0 8 0
60 197 631 36 0 -8 0
60 189 634 39 0 -8 0
60 181 637 42 0 8 0
60 189 640 45 0 0 0
60 189 643 48 0 -8 0
60 181 646 51 0 0 0
60 181 649 54 0 8 0
60 189 652 57 0 8 0
60 197 655 60 0 8 0
60 205 658 63 0 -8 0
60 197 661 66 0 0 0
60 197 664 69 0 8 0
60 205 667 72 0 0 0
60 205 670 75 0 0 0
60 205 673 78 0 8 0
60 213 676 81 0 8 0
60 221 679 84 0 0 0
60 221 682 87 0 0 0
60 221 685 90 0 8 0
60 229 688 93 0 0 0
60 229 691 96 0 8 0
60 237 694 99 0 8 0
60 245 697 102 0 -8 0
60 237 700 105 0 0 0
60 237 703 108 0 8 0
60 245 706 111 8 -8 0
68 237 709 114 0 8 0
68 245 712 117 0 8 0
68 253 715 120 8 8 0
76 261 718 123 0 -8 0
76 253 721 126 0 8 0
76 261 724 129 8 -8 0
84 253 727 132 0 8 0
84 261 730 135 8 -8 0
92 253 733 138 0 -8 0
92 245 736 141 0 -8 0
92 237 739 144 8 8 0
100 245 742 147 0 8 0
100 253 745 150 0 -8 0
100 245 748 153 8 8 0
108 253 751 156 0 -8 0
108 245 754 159 8 8 0
116 253 757 162 0 8 0
116 261 760 165 0 0 0
116 261 763 168 8 0 0
124 261 766 171 0 8 0
124 269 769 174 0 8 0
124 277 772 177 8 -8 0
132 269 775 180 0 0 0
132 269 778 183 8 -8 0
140 261 781 186 0 0 1
140 261 781 186 0 0 1
140 261 781 186 0 0 1
140 261 781 186 0 0 1
140 261 781 186 0 0 1
