63 302 367 369 0 0 0
63 302 370 366 8 0 0
71 302 373 363 8 0 0
79 302 376 360 8 0 0
87 302 379 357 8 8 0
95 310 382 354 8 0 0
103 310 385 351 8 8 0
111 318 388 348 8 8 0
119 326 391 345 8 8 0
127 334 394 342 8 8 0
135 342 397 339 8 8 0
143 350 400 336 8 -8 0
151 342 403 333 8 -8 0
159 334 406 330 8 -8 0
167 326 409 327 8 -8 0
175 318 412 324 8 -8 0
183 310 415 321 8 -8 0
191 302 418 318 8 -8 0
199 294 421 315 8 8 0
207 302 424 312 8 -8 0
215 294 427 309 8 -8 0
223 286 430 306 8 8 0
231 294 433 303 8 0 0
239 294 436 300 8 0 0
247 294 439 297 0 -8 0
247 286 442 294 0 8 0
247 294 445 291 0 8 0
247 302 448 288 0 8 0
247 310 451 285 0 -8 0
247 302 454 282 0 0 0
247 302 457 279 0 0 0
247 302 460 276 0 -8 0
247 294 463 273 0 0 0
247 294 466 270 0 0 0
247 294 469 267 0 0 0
247 294 472 264 0 -8 0
247 286 475 261 0 0 0
247 286 478 258 0 0 0
247 286 481 255 0 8 0
247 294 484 252 0 0 0
247 294 487 249 0 0 0
247 294 490 246 0 -8 0
247 286 493 243 0 8 0
247 294 496 240 0 8 0
247 302 499 237 0 8 0
247 310 502 234 0 0 0
247 310 505 231 0 -8 0
247 302 508 228 0 -8 0
247 294 511 225 0 8 0
247 302 514 222 0 0 0
247 302 517 219 0 8 0
247 310 520 216 0 8 0
247 318 523 213 0 8 0
247 326 526 210 0 8 0
247 334 529 207 0 -8 0
247 326 532 204 0 0 0
247 326 535 201 0 0 0
247 326 538 198 0 -8 0
247 318 541 195 -8 0 0
239 318 544 192 0 8 0
239 326 547 189 0 8 0
239 334 550 186 -8 0 0
231 334 553 183 0 0 0
231 334 556 180 -8 0 0
223 334 559 177 0 -8 0
223 326 562 174 0 0 0
223 326 565 171 -8 0 0
215 326 568 168 0 -8 0
215 318 571 165 0 0 0
215 318 574 162 -8 8 0
207 326 577 159 0 8 0
207 334 580 156 -8 -8 0
199 326 583 153 0 -8 0
199 318 586 150 0 0 0
199 318 589 147 -8 -8 0
191 310 592 144 0 -8 0
191 302 595 141 0 -8 0
191 294 598 138 -8 0 0
183 294 601 135 0 8 0
183 302 604 132 -8 8 0
175 310 607 129 0 8 0
175 318 610 126 0 -8 0
175 310 613 123 -8 0 0
167 310 616 120 0 8 0
167 318 619 117 0 -8 0
167 310 622 114 -8 -8 0
159 302 625 111 0 0 0
159 302 628 108 -8 0 0
151 302 631 105 0 8 0
151 310 634 102 0 -8 0
151 302 637 99 -8 8 0
143 310 640 96 0 -8 0
143 302 643 93 0 -8 0
143 294 646 90 -8 8 0
135 302 649 87 0 8 0
135 310 652 84 -8 -8 0
127 302 655 81 0 0 0
127 302 658 78 0 -8 0
127 294 661 75 -8 0 0
119 294 664 72 0 8 0
119 302 667 69 0 8 0
119 310 670 66 -8 0 0
111 310 673 63 0 -8 0
111 302 676 60 -8 -8 0
103 294 679 57 0 0 0
103 294 682 54 0 0 0
103 294 685 51 -8 -8 0
95 286 688 48 0 8 0
95 294 691 45 0 -8 0
95 286 694 42 -8 0 0
87 286 697 39 0 -8 0
87 278 700 36 -8 -8 0
79 270 703 33 0 0 0
79 270 706 30 0 8 0
79 278 709 27 -8 0 0
71 278 712 24 0 -8 0
71 270 715 21 0 -8 0
71 262 718 18 -8 0 0
63 262 721 15 0 0 0
63 262 724 12 -8 0 0
60 262 727 9 -8 -8 0
60 254 730 12 0 8 0
60 262 733 15 0 8 0
60 270 736 18 0 0 0
60 270 739 21 0 -8 0
60 262 742 24 0 -8 0
60 254 745 27 0 8 0
60 262 748 30 0 0 0
60 262 751 33 0 8 0
60 270 754 36 0 8 0
60 278 757 39 0 8 0
60 286 760 42 0 -8 0
60 278 763 45 0 -8 0
60 270 766 48 0 0 0
60 270 769 51 0 8 0
60 278 772 54 0 -8 0
60 270 775 57 0 0 0
60 270 778 60 0 0 0
60 270 781 63 0 0 1
60 270 781 63 0 0 1
60 270 781 63 0 0 1
60 270 781 63 0 0 1
60 270 781 63 0 0 1
