219 494 445 312 0 0 0
219 494 442 309 8 8 0
227 502 439 306 8 -8 0
235 494 436 303 8 -8 0
243 486 433 300 8 8 0
251 494 430 297 0 8 0
251 502 427 294 0 -8 0
251 494 424 291 0 0 0
251 494 421 288 0 8 0
251 502 418 285 0 8 0
251 510 415 282 0 -8 0
251 502 412 279 0 0 0
251 502 409 276 0 8 0
251 510 406 273 0 -8 0
251 502 403 270 0 8 0
251 510 400 267 0 8 0
251 518 397 264 0 0 0
251 518 394 261 0 8 0
251 526 391 258 0 0 0
251 526 388 255 0 -8 0
251 518 385 252 0 8 0
251 526 382 249 0 0 0
251 526 379 246 0 8 0
251 534 376 243 0 -8 0
251 526 373 240 0 -8 0
251 518 370 237 0 -8 0
251 510 367 234 0 0 0
251 510 364 231 0 8 0
251 518 361 228 0 8 0
251 526 358 225 0 0 0
251 526 355 222 0 0 0
251 526 352 219 0 -8 0
251 518 349 216 0 -8 0
251 510 346 213 0 -8 0
251 502 343 210 0 -8 0
251 494 340 207 0 0 0
251 494 337 204 0 -8 0
251 486 334 201 0 0 0
251 486 331 198 -8 0 0
243 486 328 195 0 0 0
243 486 325 192 -8 -8 0
235 478 322 189 0 8 0
235 486 319 186 0 -8 0
235 478 316 183 -8 0 0
227 478 313 180 0 8 0
227 486 310 177 0 -8 0
227 478 307 174 -8 8 0
219 486 304 171 0 8 0
219 494 301 168 -8 -8 0
211 486 298 165 0 0 0
211 486 295 162 0 -8 0
211 478 292 159 -8 8 0
203 486 289 156 0 8 0
203 494 286 153 0 8 0
203 502 283 150 -8 8 0
195 510 280 147 0 -8 0
195 502 277 144 -8 -8 0
187 494 274 141 0 8 0
187 502 271 138 0 8 0
187 510 268 135 -8 8 0
179 518 265 132 0 0 0
179 518 262 129 0 8 0
179 526 259 126 -8 0 0
171 526 256 123 0 -8 0
171 518 253 120 -8 8 0
163 526 250 117 0 8 0
163 534 247 114 0 -8 0
163 526 244 111 -8 -8 0
155 518 241 108 0 -8 0
155 510 238 105 0 0 0
155 510 235 102 -8 8 0
147 518 232 99 0 -8 0
147 510 229 96 -8 -8 0
139 502 226 93 0 8 0
139 510 223 90 0 -8 0
139 502 220 87 -8 8 0
131 510 217 84 0 0 0
131 510 214 81 0 -8 0
131 502 211 78 -8 -8 0
123 494 208 75 0 8 0
123 502 205 72 -8 8 0
115 510 202 69 0 0 0
115 510 199 66 0 -8 0
115 502 196 63 -8 -8 0
107 494 193 60 0 0 0
107 494 190 57 0 0 0
107 494 187 54 -8 8 0
99 502 184 51 0 -8 0
99 494 181 48 -8 -8 0
91 486 178 45 0 -8 0
91 478 175 42 0 8 0
91 486 172 39 -8 0 0
83 486 169 36 0 8 0
83 494 166 33 0 0 0
83 494 163 30 -8 0 0
75 494 160 27 0 0 0
75 494 157 24 -8 0 0
67 494 154 21 0 -8 0
67 486 151 18 0 0 0
67 486 148 15 -8 0 0
60 486 145 12 0 -8 0
60 478 142 9 -8 8 0
60 486 139 12 0 -8 0
60 478 136 15 0 -8 0
60 470 133 18 0 -8 0
60 462 130 21 0 8 0
60 470 127 24 0 8 0
60 478 124 27 0 0 0
60 478 121 30 0 0 0
60 478 118 33 0 -8 0
60 470 115 36 0 -8 0
60 462 112 39 0 -8 0
60 454 109 42 0 8 0
60 462 106 45 0 -8 0
60 454 103 48 0 -8 0
60 446 100 51 0 0 0
60 446 97 54 0 0 0
60 446 94 57 0 -8 0
60 438 91 60 0 0 0
60 438 88 63 0 -8 0
60 430 85 66 0 8 0
60 438 82 69 0 0 0
60 438 79 72 0 0 0
60 438 76 75 0 0 0
60 438 73 78 0 0 0
60 438 70 81 0 0 0
60 438 67 84 0 8 0
60 446 64 87 0 0 0
60 446 61 90 0 8 0
60 454 58 93 0 0 0
60 454 55 96 0 8 0
60 462 52 99 0 -8 0
60 454 49 102 0 8 0
60 462 46 105 0 8 0
60 470 43 108 0 -8 0
60 462 40 111 8 -8 0
68 454 37 114 0 0 0
68 454 34 117 0 -8 0
68 446 31 120 8 0 0
76 446 28 123 0 -8 0
76 438 25 126 0 0 0
76 438 22 129 8 0 0
84 438 19 132 0 8 0
84 446 22 135 8 8 0
92 454 25 138 0 -8 0
92 446 28 141 0 8 0
92 454 31 144 8 -8 0
100 446 34 147 0 -8 0
100 438 37 150 0 0 0
100 438 40 153 8 8 0
108 446 43 156 0 8 0
108 454 46 159 8 0 0
116 454 49 162 0 8 0
116 462 52 165 0 8 0
116 470 55 168 8 -8 0
124 462 58 171 0 -8 0
124 454 61 174 0 8 0
124 462 64 177 8 -8 0
132 454 67 180 0 8 0
132 462 70 183 8 0 0
140 462 73 186 0 -8 0
140 454 76 189 0 0 0
140 454 79 192 8 0 0
148 454 82 195 0 -8 0
148 446 85 198 0 -8 0
148 438 88 201 8 -8 0
156 430 91 204 0 8 0
156 438 94 207 8 8 0
164 446 97 210 0 0 0
164 446 100 213 0 8 0
164 454 103 216 8 -8 0
172 446 106 219 0 0 0
172 446 109 222 0 -8 0
172 438 112 225 8 8 0
180 446 115 228 0 8 0
180 454 118 231 8 0 0
188 454 121 234 0 0 0
188 454 124 237 0 -8 0
188 446 127 240 8 -8 0
196 438 130 243 0 -8 0
196 430 133 246 0 0 0
196 430 136 249 8 0 0
204 430 139 252 0 0 0
204 430 142 255 8 8 0
212 438 145 258 0 -8 0
212 430 148 261 0 8 0
212 438 151 264 8 0 0
220 438 154 267 0 8 0
220 446 157 270 0 0 0
220 446 160 273 8 -8 0
228 438 163 276 0 -8 0
228 430 166 279 8 0 0
236 430 169 282 0 0 0
236 430 172 285 0 -8 0
236 422 175 288 8 8 0
244 430 178 291 0 0 0
244 430 181 294 0 8 0
244 438 184 297 8 8 0
252 446 187 300 0 0 0
252 446 190 303 8 8 0
260 454 193 306 0 0 0
260 454 196 309 0 0 0
260 454 199 312 8 -8 0
268 446 202 315 0 8 0
268 454 205 318 0 -8 0
268 446 208 321 8 8 0
276 454 211 324 0 0 0
276 454 214 327 8 -8 0
284 446 217 330 0 8 0
284 454 220 333 0 -8 0
284 446 223 336 8 8 0
292 454 226 339 0 -8 0
292 446 229 342 0 8 0
292 454 232 345 8 0 0
300 454 235 348 0 -8 0
300 446 238 351 8 8 0
308 454 241 354 0 -8 0
308 446 244 357 0 -8 0
308 438 247 360 8 8 0
316 446 250 363 0 -8 0
316 438 253 366 0 0 0
316 438 256 369 8 8 0
324 446 259 372 0 8 0
324 454 262 375 8 -8 0
332 446 265 378 0 -8 0
332 438 268 381 0 8 0
332 446 271 384 8 0 0
340 446 274 387 0 -8 0
340 438 277 390 0 8 0
340 446 280 393 8 -8 0
348 438 283 396 0 8 0
348 446 286 399 8 8 0
356 454 289 402 0 8 0
356 462 292 405 0 8 0
356 470 295 408 8 -8 0
364 462 298 411 0 0 0
364 462 301 414 0 0 0
364 462 304 417 8 8 0
372 470 307 420 0 8 0
372 478 310 423 8 8 0
380 486 313 426 0 -8 0
380 478 316 429 0 0 0
380 478 319 432 8 -8 0
388 470 322 435 0 8 0
388 478 325 438 0 0 0
388 478 328 441 8 0 0
396 478 331 444 0 8 0
396 486 334 447 8 -8 0
404 478 337 450 0 0 0
404 478 340 453 0 0 0
404 478 343 456 8 0 0
412 478 346 459 0 -8 0
412 470 349 462 0 0 0
412 470 352 465 8 -8 0
420 462 355 468 0 -8 0
420 454 358 471 8 0 0
428 454 361 474 0 -8 0
428 446 364 477 0 8 0
428 454 367 480 8 -8 0
436 446 370 483 0 0 0
436 446 373 486 0 8 0
436 454 376 489 8 8 0
444 462 379 492 0 8 0
444 470 382 495 8 8 0
452 478 385 498 0 8 0
452 486 388 501 0 0 0
452 486 391 504 8 -8 0
460 478 394 507 0 0 0
460 478 397 510 0 0 0
460 478 400 513 8 -8 0
468 470 403 516 0 0 0
468 470 406 519 8 8 0
476 478 409 522 0 8 0
476 486 412 525 0 0 0
476 486 415 528 8 0 0
484 486 418 531 0 8 0
484 494 421 534 0 0 0
484 494 424 537 8 0 0
492 494 427 540 0 0 0
492 494 430 543 8 -8 0
500 486 433 546 0 0 0
500 486 436 549 0 8 0
500 494 439 552 8 -8 0
508 486 442 555 0 8 0
508 494 445 558 0 0 0
508 494 448 561 8 -8 0
516 486 451 564 0 0 0
516 486 454 567 8 -8 0
524 478 457 570 0 8 0
524 486 460 573 0 0 0
524 486 463 576 8 0 0
532 486 466 579 0 -8 0
532 478 469 582 0 0 0
532 478 472 585 8 0 0
540 478 475 588 0 8 0
540 486 478 591 8 8 0
540 494 481 588 0 8 0
540 502 484 585 0 8 0
540 510 487 582 0 -8 0
540 502 490 579 0 0 0
540 502 493 576 0 0 0
540 502 496 573 0 -8 0
540 494 499 570 0 -8 0
540 486 502 567 0 -8 0
540 478 505 564 0 -8 0
540 470 508 561 0 -8 0
540 462 511 558 0 8 0
540 470 514 555 0 8 0
540 478 517 552 0 -8 0
540 470 520 549 0 8 0
540 478 523 546 0 -8 0
540 470 526 543 0 8 0
540 478 529 540 0 -8 0
540 470 532 537 0 -8 0
540 462 535 534 0 8 0
540 470 538 531 0 -8 0
540 462 541 528 0 -8 0
540 454 544 525 0 8 0
540 462 547 522 0 -8 0
540 454 550 519 0 0 0
540 454 553 516 0 8 0
540 462 556 513 0 -8 0
540 454 559 510 0 0 0
540 454 562 507 0 0 0
540 454 565 504 0 -8 0
540 446 568 501 0 8 0
540 454 571 498 0 -8 0
540 446 574 495 0 -8 0
540 438 577 492 0 -8 0
540 430 580 489 -8 -8 0
532 422 583 486 0 0 0
532 422 586 483 0 0 0
532 422 589 480 -8 -8 0
524 414 592 477 0 8 0
524 422 595 474 0 8 0
524 430 598 471 -8 8 0
516 438 601 468 0 0 0
516 438 604 465 -8 0 0
508 438 607 462 0 8 0
508 446 610 459 0 0 0
508 446 613 456 -8 -8 0
500 438 616 453 0 0 0
500 438 619 450 0 8 0
500 446 622 447 -8 8 0
492 454 625 444 0 0 0
492 454 628 441 -8 0 0
484 454 631 438 0 8 0
484 462 634 435 0 8 0
484 470 637 432 -8 0 0
476 470 640 429 0 0 0
476 470 643 426 0 8 0
476 478 646 423 -8 8 0
468 486 649 420 0 8 0
468 494 652 417 -8 -8 0
460 486 655 414 0 -8 0
460 478 658 411 0 0 0
460 478 661 408 -8 -8 0
452 470 664 405 0 0 0
452 470 667 402 0 -8 0
452 462 670 399 -8 0 0
444 462 673 396 0 -8 0
444 454 676 393 -8 -8 0
436 446 679 390 0 0 0
436 446 682 387 0 8 0
436 454 685 384 -8 -8 0
428 446 688 381 0 -8 0
428 438 691 378 0 0 0
428 438 694 375 -8 -8 0
420 430 697 372 0 8 0
420 438 700 369 -8 -8 0
412 430 703 366 0 8 0
412 438 706 363 0 8 0
412 446 709 360 -8 -8 0
404 438 712 357 0 -8 0
404 430 715 354 0 0 0
404 430 718 351 -8 8 0
396 438 721 348 0 0 0
396 438 724 345 -8 0 0
388 438 727 342 0 8 0
388 446 730 339 0 0 0
388 446 733 336 -8 0 0
380 446 736 333 0 -8 0
380 438 739 330 0 8 0
380 446 742 327 -8 -8 0
372 438 745 324 0 8 0
372 446 748 321 -8 8 0
364 454 751 318 0 -8 0
364 446 754 315 0 0 0
364 446 757 312 -8 -8 0
356 438 760 309 0 -8 0
356 430 763 306 0 8 0
356 438 766 303 -8 8 0
348 446 769 300 0 0 0
348 446 772 297 -8 8 0
340 454 775 294 0 8 0
340 462 778 291 0 0 0
340 462 781 288 0 0 1
340 462 781 288 0 0 1
340 462 781 288 0 0 1
340 462 781 288 0 0 1
340 462 781 288 0 0 1
