351 419 619 303 0 0 0
351 419 616 300 -8 8 0
343 427 613 297 0 0 0
343 427 610 294 0 0 0
343 427 607 291 -8 8 0
335 435 604 288 0 8 0
335 443 601 285 0 8 0
335 451 598 282 -8 8 0
327 459 595 279 0 -8 0
327 451 592 276 -8 8 0
319 459 589 273 0 0 0
319 459 586 270 0 8 0
319 467 583 267 -8 -8 0
311 459 580 264 0 8 0
311 467 577 261 0 0 0
311 467 574 258 -8 0 0
303 467 571 255 0 0 0
303 467 568 252 -8 -8 0
295 459 565 249 0 8 0
295 467 562 246 0 0 0
295 467 559 243 -8 0 0
287 467 556 240 0 8 0
287 475 553 237 0 8 0
287 483 550 234 -8 0 0
279 483 547 231 0 8 0
279 491 544 228 -8 0 0
271 491 541 225 0 0 0
271 491 538 222 0 0 0
271 491 535 219 -8 0 0
263 491 532 216 0 0 0
263 491 529 213 0 -8 0
263 483 526 210 -8 8 0
255 491 523 207 0 0 0
255 491 520 204 -8 8 0
247 499 517 201 0 8 0
247 507 514 198 0 -8 0
247 499 511 195 -8 0 0
239 499 508 192 0 -8 0
239 491 505 189 0 -8 0
239 483 502 186 -8 -8 0
231 475 499 183 0 0 0
231 475 496 180 -8 8 0
223 483 493 177 0 0 0
223 483 490 174 0 -8 0
223 475 487 171 -8 0 0
215 475 484 168 0 8 0
215 483 481 165 0 -8 0
215 475 478 162 -8 -8 0
207 467 475 159 0 8 0
207 475 472 156 -8 0 0
199 475 469 153 0 8 0
199 483 466 150 0 -8 0
199 475 463 147 -8 8 0
191 483 460 144 0 8 0
191 491 457 141 0 8 0
191 499 454 138 -8 8 0
183 507 451 135 0 0 0
183 507 448 132 -8 0 0
175 507 445 129 0 0 0
175 507 442 126 0 0 0
175 507 439 123 -8 0 0
167 507 436 120 0 8 0
167 515 433 117 0 -8 0
167 507 430 114 -8 -8 0
159 499 427 111 0 8 0
159 507 424 108 -8 8 0
151 515 421 105 0 -8 0
151 507 418 102 0 0 0
151 507 415 99 -8 0 0
143 507 412 96 0 -8 0
143 499 409 93 0 -8 0
143 491 406 90 -8 8 0
135 499 403 87 0 0 0
135 499 400 84 -8 0 0
127 499 397 81 0 -8 0
127 491 394 78 0 0 0
127 491 391 75 -8 0 0
119 491 388 72 0 -8 0
119 483 385 69 0 -8 0
119 475 382 66 -8 0 0
111 475 379 63 0 -8 0
111 467 376 60 -8 0 0
103 467 373 57 0 -8 0
103 459 370 54 0 8 0
103 467 367 51 -8 0 0
95 467 364 48 0 8 0
95 475 361 45 0 8 0
95 483 358 42 -8 0 0
87 483 355 39 0 0 0
87 483 352 36 -8 -8 0
79 475 349 33 0 -8 0
79 467 346 30 0 0 0
79 467 343 27 -8 -8 0
71 459 340 24 0 -8 0
71 451 337 21 0 0 0
71 451 334 18 -8 8 0
63 459 331 15 0 0 0
63 459 328 12 -8 -8 0
60 451 325 9 -8 8 0
60 459 322 12 0 -8 0
60 451 319 15 0 0 0
60 451 316 18 0 8 0
60 459 313 21 0 -8 0
60 451 310 24 0 0 0
60 451 307 27 0 0 0
60 451 304 30 0 8 0
60 459 301 33 0 -8 0
60 451 298 36 0 -8 0
60 443 295 39 0 -8 0
60 435 292 42 0 8 0
60 443 289 45 0 8 0
60 451 286 48 0 -8 0
60 443 283 51 0 -8 0
60 435 280 54 0 8 0
60 443 277 57 0 -8 0
60 435 274 60 0 8 0
60 443 271 63 0 -8 0
60 435 268 66 0 0 0
60 435 265 69 0 8 0
60 443 262 72 0 0 0
60 443 259 75 0 8 0
60 451 256 78 0 8 0
60 459 253 81 0 0 0
60 459 250 84 0 8 0
60 467 247 87 0 -8 0
60 459 244 90 0 8 0
60 467 241 93 0 -8 0
60 459 238 96 0 8 0
60 467 235 99 0 0 0
60 467 232 102 0 -8 0
60 459 229 105 0 0 0
60 459 226 108 0 8 0
60 467 223 111 8 8 0
68 475 220 114 0 -8 0
68 467 217 117 0 -8 0
68 459 214 120 8 -8 0
76 451 211 123 0 8 0
76 459 208 126 0 0 0
76 459 205 129 8 0 0
84 459 202 132 0 8 0
84 467 199 135 8 -8 0
92 459 196 138 0 8 0
92 467 193 141 0 -8 0
92 459 190 144 8 -8 0
100 451 187 147 0 0 0
100 451 184 150 0 0 0
100 451 181 153 8 0 0
108 451 178 156 0 -8 0
108 443 175 159 8 8 0
116 451 172 162 0 8 0
116 459 169 165 0 -8 0
116 451 166 168 8 0 0
124 451 163 171 0 -8 0
124 443 160 174 0 -8 0
124 435 157 177 8 8 0
132 443 154 180 0 0 0
132 443 151 183 8 8 0
140 451 148 186 0 8 0
140 459 145 189 0 0 0
140 459 142 192 8 8 0
148 467 139 195 0 8 0
148 475 136 198 0 8 0
148 483 133 201 8 -8 0
156 475 130 204 0 0 0
156 475 127 207 8 0 0
164 475 124 210 0 0 0
164 475 121 213 0 0 0
164 475 118 216 8 -8 0
172 467 115 219 0 8 0
172 475 112 222 0 8 0
172 483 109 225 8 -8 0
180 475 106 228 0 -8 0
180 467 103 231 8 8 0
188 475 100 234 0 -8 0
188 467 97 237 0 -8 0
188 459 94 240 8 -8 0
196 451 91 243 0 -8 0
196 443 88 246 0 0 0
196 443 85 249 8 -8 0
204 435 82 252 0 0 0
204 435 79 255 8 0 0
212 435 76 258 0 -8 0
212 427 73 261 0 -8 0
212 419 70 264 8 8 0
220 427 67 267 0 8 0
220 435 64 270 0 0 0
220 435 61 273 8 0 0
228 435 58 276 0 8 0
228 443 55 279 8 0 0
236 443 52 282 0 8 0
236 451 49 285 0 0 0
236 451 46 288 8 8 0
244 459 43 291 0 0 0
244 459 40 294 0 0 0
244 459 37 297 8 0 0
252 459 34 300 0 0 0
252 459 31 303 8 0 0
260 459 28 306 0 8 0
260 467 25 309 0 0 0
260 467 22 312 8 -8 0
268 459 19 315 0 0 0
268 459 22 318 0 0 0
268 459 25 321 8 0 0
276 459 28 324 0 -8 0
276 451 31 327 8 -8 0
284 443 34 330 0 0 0
284 443 37 333 0 -8 0
284 435 40 336 8 8 0
292 443 43 339 0 8 0
292 451 46 342 0 8 0
292 459 49 345 8 -8 0
300 451 52 348 0 0 0
300 451 55 351 8 8 0
308 459 58 354 0 0 0
308 459 61 357 0 8 0
308 467 64 360 8 0 0
316 467 67 363 0 -8 0
316 459 70 366 0 0 0
316 459 73 369 8 -8 0
324 451 76 372 0 -8 0
324 443 79 375 8 -8 0
332 435 82 378 0 -8 0
332 427 85 381 0 8 0
332 435 88 384 8 0 0
340 435 91 387 0 0 0
340 435 94 390 0 -8 0
340 427 97 393 8 8 0
348 435 100 396 0 8 0
348 443 103 399 8 0 0
356 443 106 402 0 -8 0
356 435 109 405 0 8 0
356 443 112 408 8 -8 0
364 435 115 411 0 0 0
364 435 118 414 0 -8 0
364 427 121 417 8 -8 0
372 419 124 420 0 0 0
372 419 127 423 8 8 0
380 427 130 426 0 -8 0
380 419 133 429 0 0 0
380 419 136 432 8 0 0
388 419 139 435 0 -8 0
388 411 142 438 0 0 0
388 411 145 441 8 8 0
396 419 148 444 0 -8 0
396 411 151 447 8 -8 0
404 403 154 450 0 8 0
404 411 157 453 0 8 0
404 419 160 456 8 0 0
412 419 163 459 0 0 0
412 419 166 462 0 -8 0
412 411 169 465 8 -8 0
420 403 172 468 0 0 0
420 403 175 471 8 0 0
428 403 178 474 0 -8 0
428 395 181 477 0 0 0
428 395 184 480 8 -8 0
436 387 187 483 0 -8 0
436 379 190 486 0 -8 0
436 371 193 489 8 -8 0
444 363 196 492 0 8 0
444 371 199 495 8 0 0
452 371 202 498 0 8 0
452 379 205 501 0 -8 0
452 371 208 504 8 8 0
460 379 211 507 0 8 0
460 387 214 510 0 -8 0
460 379 217 513 8 0 0
468 379 220 516 0 -8 0
468 371 223 519 8 0 0
476 371 226 522 0 8 0
476 379 229 525 0 8 0
476 387 232 528 8 0 0
484 387 235 531 0 0 0
484 387 238 534 0 8 0
484 395 241 537 8 8 0
492 403 244 540 0 0 0
492 403 247 543 8 -8 0
500 395 250 546 0 8 0
500 403 253 549 0 8 0
500 411 256 552 8 8 0
508 419 259 555 0 -8 0
508 411 262 558 0 8 0
508 419 265 561 8 8 0
516 427 268 564 0 8 0
516 435 271 567 8 -8 0
524 427 274 570 0 8 0
524 435 277 573 0 8 0
524 443 280 576 8 0 0
532 443 283 579 0 8 0
532 451 286 582 0 0 0
532 451 289 585 8 0 0
540 451 292 588 0 -8 0
540 443 295 591 8 -8 0
540 435 298 588 0 -8 0
540 427 301 585 0 8 0
540 435 304 582 0 0 0
540 435 307 579 0 0 0
540 435 310 576 0 0 0
540 435 313 573 0 -8 0
540 427 316 570 0 0 0
540 427 319 567 0 0 0
540 427 322 564 0 -8 0
540 419 325 561 0 8 0
540 427 328 558 0 0 0
540 427 331 555 0 -8 0
540 419 334 552 0 -8 0
540 411 337 549 0 -8 0
540 403 340 546 0 0 0
540 403 343 543 0 -8 0
540 395 346 540 0 8 0
540 403 349 537 0 -8 0
540 395 352 534 0 8 0
540 403 355 531 0 8 0
540 411 358 528 0 -8 0
540 403 361 525 0 0 0
540 403 364 522 0 -8 0
540 395 367 519 0 8 0
540 403 370 516 0 8 0
540 411 373 513 0 8 0
540 419 376 510 0 -8 0
540 411 379 507 0 -8 0
540 403 382 504 0 -8 0
540 395 385 501 0 -8 0
540 387 388 498 0 -8 0
540 379 391 495 0 -8 0
540 371 394 492 0 -8 0
540 363 397 489 -8 -8 0
532 355 400 486 0 0 0
532 355 403 483 0 0 0
532 355 406 480 -8 0 0
524 355 409 477 0 -8 0
524 347 412 474 0 -8 0
524 339 415 471 -8 8 0
516 347 418 468 0 0 0
516 347 421 465 -8 8 0
508 355 424 462 0 -8 0
508 347 427 459 0 -8 0
508 339 430 456 -8 8 0
500 347 433 453 0 -8 0
500 339 436 450 0 8 0
500 347 439 447 -8 -8 0
492 339 442 444 0 -8 0
492 331 445 441 -8 8 0
484 339 448 438 0 0 0
484 339 451 435 0 0 0
484 339 454 432 -8 0 0
476 339 457 429 0 8 0
476 347 460 426 0 0 0
476 347 463 423 -8 0 0
468 347 466 420 0 0 0
468 347 469 417 -8 8 0
460 355 472 414 0 -8 0
460 347 475 411 0 0 0
460 347 478 408 -8 8 0
452 355 481 405 0 0 0
452 355 484 402 0 -8 0
452 347 487 399 -8 8 0
444 355 490 396 0 8 0
444 363 493 393 -8 0 0
436 363 496 390 0 0 0
436 363 499 387 0 -8 0
436 355 502 384 -8 8 0
428 363 505 381 0 -8 0
428 355 508 378 0 0 0
428 355 511 375 -8 8 0
420 363 514 372 0 -8 0
420 355 517 369 -8 -8 0
412 347 520 366 0 -8 0
412 339 523 363 0 8 0
412 347 526 360 -8 8 0
404 355 529 357 0 -8 0
404 347 532 354 0 0 0
404 347 535 351 -8 8 0
396 355 538 348 0 8 0
396 363 541 345 -8 -8 0
388 355 544 342 0 -8 0
388 347 547 339 0 0 0
388 347 550 336 -8 0 0
380 347 553 333 0 0 0
380 347 556 330 0 8 0
380 355 559 327 -8 -8 0
372 347 562 324 0 -8 0
372 339 565 321 -8 -8 0
364 331 568 318 0 8 0
364 339 571 315 0 -8 0
364 331 574 312 -8 0 0
356 331 577 309 0 8 0
356 339 580 306 0 0 0
356 339 583 303 -8 0 0
348 339 586 300 0 0 0
348 339 589 297 -8 0 0
340 339 592 294 0 8 0
340 347 595 291 0 -8 0
340 339 598 288 -8 -8 0
332 331 601 285 0 8 0
332 339 604 282 0 -8 0
332 331 607 279 -8 0 0
324 331 610 276 0 8 0
324 339 613 273 -8 -8 0
316 331 616 270 0 0 0
316 331 619 267 0 0 0
316 331 622 264 -8 8 0
308 339 625 261 0 -8 0
308 331 628 258 0 0 0
308 331 631 255 -8 -8 0
300 323 634 252 0 -8 0
300 315 637 249 -8 8 0
292 323 640 246 0 8 0
292 331 643 243 0 8 0
292 339 646 240 -8 8 0
284 347 649 237 0 8 0
284 355 652 234 0 0 0
284 355 655 231 -8 0 0
276 355 658 228 0 8 0
276 363 661 225 -8 8 0
268 371 664 222 0 8 0
268 379 667 219 0 -8 0
268 371 670 216 -8 8 0
260 379 673 213 0 8 0
260 387 676 210 0 8 0
260 395 679 207 -8 8 0
252 403 682 204 0 0 0
252 403 685 201 -8 -8 0
244 395 688 198 0 0 0
244 395 691 195 0 0 0
244 395 694 192 -8 -8 0
236 387 697 189 0 8 0
236 395 700 186 0 -8 0
236 387 703 183 -8 -8 0
228 379 706 180 0 0 0
228 379 709 177 -8 8 0
220 387 712 174 0 0 0
220 387 715 171 0 0 0
220 387 718 168 -8 0 0
212 387 721 165 0 8 0
212 395 724 162 0 8 0
212 403 727 159 -8 -8 0
204 395 730 156 0 -8 0
204 387 733 153 -8 -8 0
196 379 736 150 0 -8 0
196 371 739 147 0 -8 0
196 363 742 144 -8 -8 0
188 355 745 141 0 8 0
188 363 748 138 0 -8 0
188 355 751 135 -8 8 0
180 363 754 132 0 -8 0
180 355 757 129 -8 8 0
172 363 760 126 0 8 0
172 371 763 123 0 -8 0
172 363 766 120 -8 0 0
164 363 769 117 0 -8 0
164 355 772 114 0 8 0
164 363 775 111 -8 -8 0
156 355 778 108 0 0 0
156 355 781 105 0 0 1
156 355 781 105 0 0 1
156 355 781 105 0 0 1
156 355 781 105 0 0 1
156 355 781 105 0 0 1
