380 346 307 195 0 0 0
380 346 310 198 -8 8 0
372 354 313 201 -8 8 0
364 362 316 204 -8 8 0
356 370 319 207 -8 -8 0
348 362 322 210 -8 0 0
340 362 325 213 -8 8 0
332 370 328 216 -8 0 0
324 370 331 219 -8 -8 0
316 362 334 222 -8 -8 0
308 354 337 225 -8 0 0
300 354 340 228 -8 -8 0
292 346 343 231 -8 0 0
284 346 346 234 0 -8 0
284 338 349 237 0 0 0
284 338 352 240 0 -8 0
284 330 355 243 0 0 0
284 330 358 246 0 -8 0
284 322 361 249 0 0 0
284 322 364 252 0 -8 0
284 314 367 255 0 0 0
284 314 370 258 0 -8 0
284 306 373 261 0 8 0
284 314 376 264 0 0 0
284 314 379 267 0 -8 0
284 306 382 270 0 -8 0
284 298 385 273 0 -8 0
284 290 388 276 0 -8 0
284 282 391 279 0 8 0
284 290 394 282 0 8 0
284 298 397 285 0 0 0
284 298 400 288 0 -8 0
284 290 403 291 0 -8 0
284 282 406 294 0 -8 0
284 274 409 297 0 0 0
284 274 412 300 0 8 0
284 282 415 303 0 -8 0
284 274 418 306 0 0 0
284 274 421 309 0 0 0
284 274 424 312 0 -8 0
284 266 427 315 0 0 0
284 266 430 318 0 8 0
284 274 433 321 0 -8 0
284 266 436 324 0 -8 0
284 258 439 327 0 -8 0
284 250 442 330 0 8 0
284 258 445 333 0 0 0
284 258 448 336 8 -8 0
292 250 451 339 0 0 0
292 250 454 342 0 0 0
292 250 457 345 8 0 0
300 250 460 348 0 -8 0
300 242 463 351 8 0 0
308 242 466 354 0 -8 0
308 234 469 357 0 0 0
308 234 472 360 8 0 0
316 234 475 363 0 8 0
316 242 478 366 0 -8 0
316 234 481 369 8 0 0
324 234 484 372 0 -8 0
324 226 487 375 8 8 0
332 234 490 378 0 0 0
332 234 493 381 0 8 0
332 242 496 384 8 0 0
340 242 499 387 0 0 0
340 242 502 390 0 -8 0
340 234 505 393 8 -8 0
348 226 508 396 0 -8 0
348 218 511 399 8 -8 0
356 210 514 402 0 0 0
356 210 517 405 0 8 0
356 218 520 408 8 0 0
364 218 523 411 0 -8 0
364 210 526 414 0 -8 0
364 202 529 417 8 8 0
372 210 532 420 0 8 0
372 218 535 423 8 8 0
380 226 538 426 0 8 0
380 234 541 429 0 8 0
380 242 544 432 8 8 0
388 250 547 435 0 8 0
388 258 550 438 0 8 0
388 266 553 441 8 8 0
396 274 556 444 0 0 0
396 274 559 447 8 8 0
404 282 562 450 0 0 0
404 282 565 453 0 8 0
404 290 568 456 8 0 0
412 290 571 459 0 8 0
412 298 574 462 0 -8 0
412 290 577 465 8 8 0
420 298 580 468 0 8 0
420 306 583 471 8 0 0
428 306 586 474 0 -8 0
428 298 589 477 0 0 0
428 298 592 480 8 8 0
436 306 595 483 0 0 0
436 306 598 486 0 0 0
436 306 601 489 8 0 0
444 306 604 492 0 -8 0
444 298 607 495 8 0 0
452 298 610 498 0 0 0
452 298 613 501 0 0 0
452 298 616 504 8 -8 0
460 290 619 507 0 0 0
460 290 622 510 0 8 0
460 298 625 513 8 8 0
468 306 628 516 0 8 0
468 314 631 519 8 0 0
476 314 634 522 0 -8 0
476 306 637 525 0 -8 0
476 298 640 528 8 -8 0
484 290 643 531 0 -8 0
484 282 646 534 0 8 0
484 290 649 537 8 8 0
492 298 652 540 0 -8 0
492 290 655 543 8 -8 0
500 282 658 546 0 8 0
500 290 661 549 0 8 0
500 298 664 552 8 -8 0
508 290 667 555 0 0 0
508 290 670 558 0 0 0
508 290 673 561 8 0 0
516 290 676 564 0 0 0
516 290 679 567 8 -8 0
524 282 682 570 0 0 0
524 282 685 573 0 8 0
524 290 688 576 8 0 0
532 290 691 579 0 0 0
532 290 694 582 0 -8 0
532 282 697 585 8 -8 0
540 274 700 588 0 -8 0
540 266 703 591 8 0 0
540 266 706 588 0 0 0
540 266 709 585 0 -8 0
540 258 712 582 0 -8 0
540 250 715 579 0 -8 0
540 242 718 576 0 -8 0
540 234 721 573 0 8 0
540 242 724 570 0 0 0
540 242 727 567 0 8 0
540 250 730 564 0 8 0
540 258 733 561 0 0 0
540 258 736 558 0 0 0
540 258 739 555 0 8 0
540 266 742 552 0 -8 0
540 258 745 549 0 0 0
540 258 748 546 0 0 0
540 258 751 543 0 -8 0
540 250 754 540 0 0 0
540 250 757 537 0 8 0
540 258 760 534 0 -8 0
540 250 763 531 0 0 0
540 250 766 528 0 8 0
540 258 769 525 0 -8 0
540 250 772 522 0 0 0
540 250 775 519 0 8 0
540 258 778 516 0 0 0
540 258 781 513 0 0 1
540 258 781 513 0 0 1
540 258 781 513 0 0 1
540 258 781 513 0 0 1
540 258 781 513 0 0 1
