345 190 427 363 0 0 0
345 190 424 366 0 8 0
345 198 421 369 0 8 0
345 206 418 372 0 8 0
345 214 415 375 0 0 0
345 214 412 378 0 8 0
345 222 409 381 0 -8 0
345 214 406 384 0 8 0
345 222 403 387 0 -8 0
345 214 400 390 0 -8 0
345 206 397 393 0 0 0
345 206 394 396 8 8 0
353 214 391 399 0 0 0
353 214 388 402 0 0 0
353 214 385 405 8 -8 0
361 206 382 408 0 0 0
361 206 379 411 0 8 0
361 214 376 414 8 8 0
369 222 373 417 0 0 0
369 222 370 420 8 -8 0
377 214 367 423 0 8 0
377 222 364 426 0 0 0
377 222 361 429 8 8 0
385 230 358 432 0 -8 0
385 222 355 435 0 -8 0
385 214 352 438 8 -8 0
393 206 349 441 0 8 0
393 214 346 444 8 -8 0
401 206 343 447 0 -8 0
401 198 340 450 0 8 0
401 206 337 453 8 0 0
409 206 334 456 0 0 0
409 206 331 459 0 8 0
409 214 328 462 8 8 0
417 222 325 465 0 -8 0
417 214 322 468 8 0 0
425 214 319 471 0 8 0
425 222 316 474 0 8 0
425 230 313 477 8 8 0
433 238 310 480 0 0 0
433 238 307 483 0 -8 0
433 230 304 486 8 0 0
441 230 301 489 0 -8 0
441 222 298 492 8 -8 0
449 214 295 495 0 0 0
449 214 292 498 0 0 0
449 214 289 501 8 -8 0
457 206 286 504 0 -8 0
457 198 283 507 0 -8 0
457 190 280 510 8 0 0
465 190 277 513 0 8 0
465 198 274 516 8 -8 0
473 190 271 519 0 -8 0
473 182 268 522 0 8 0
473 190 265 525 8 0 0
481 190 262 528 0 8 0
481 198 259 531 0 0 0
481 198 256 534 8 0 0
489 198 253 537 0 0 0
489 198 250 540 8 0 0
497 198 247 543 0 -8 0
497 190 244 546 0 8 0
497 198 241 549 8 -8 0
505 190 238 552 0 -8 0
505 182 235 555 0 0 0
505 182 232 558 8 -8 0
513 174 229 561 0 0 0
513 174 226 564 8 0 0
521 174 223 567 0 0 0
521 174 220 570 0 8 0
521 182 217 573 8 0 0
529 182 214 576 0 8 0
529 190 211 579 0 -8 0
529 182 208 582 8 -8 0
537 174 205 585 0 8 0
537 182 202 588 8 8 0
540 190 199 591 8 -8 0
540 182 196 588 0 0 0
540 182 193 585 0 8 0
540 190 190 582 0 -8 0
540 182 187 579 0 0 0
540 182 184 576 0 -8 0
540 174 181 573 0 0 0
540 174 178 570 0 -8 0
540 166 175 567 0 0 0
540 166 172 564 0 -8 0
540 158 169 561 0 -8 0
540 150 166 558 0 8 0
540 158 163 555 0 -8 0
540 150 160 552 0 0 0
540 150 157 549 0 0 0
540 150 154 546 0 8 0
540 158 151 543 0 0 0
540 158 148 540 0 0 0
540 158 145 537 0 -8 0
540 150 142 534 0 -8 0
540 142 139 531 0 -8 0
540 134 136 528 0 0 0
540 134 133 525 0 8 0
540 142 130 522 0 0 0
540 142 127 519 0 0 0
540 142 124 516 0 0 0
540 142 121 513 0 0 0
540 142 118 510 0 0 0
540 142 115 507 0 0 0
540 142 112 504 0 0 0
540 142 109 501 0 0 0
540 142 106 498 0 8 0
540 150 103 495 0 -8 0
540 142 100 492 0 8 0
540 150 97 489 -8 0 0
532 150 94 486 0 0 0
532 150 91 483 0 -8 0
532 142 88 480 -8 -8 0
524 134 85 477 0 0 0
524 134 82 474 0 -8 0
524 126 79 471 -8 -8 0
516 118 76 468 0 -8 0
516 110 73 465 -8 -8 0
508 102 70 462 0 8 0
508 110 67 459 0 -8 0
508 102 64 456 -8 -8 0
500 94 61 453 0 0 0
500 94 58 450 0 -8 0
500 86 55 447 -8 0 0
492 86 52 444 0 -8 0
492 78 49 441 -8 8 0
484 86 46 438 0 -8 0
484 78 43 435 0 0 0
484 78 40 432 -8 0 0
476 78 37 429 0 0 0
476 78 34 426 0 0 0
476 78 31 423 -8 8 0
468 86 28 420 0 8 0
468 94 25 417 -8 0 0
460 94 22 414 0 0 0
460 94 19 411 0 -8 0
460 86 22 408 -8 -8 0
452 78 25 405 0 8 0
452 86 28 402 0 -8 0
452 78 31 399 -8 0 0
444 78 34 396 0 -8 0
444 70 37 393 -8 -8 0
436 62 40 390 0 0 0
436 62 43 387 0 8 0
436 70 46 384 -8 0 0
428 70 49 381 0 -8 0
428 62 52 378 0 8 0
428 70 55 375 -8 8 0
420 78 58 372 0 0 0
420 78 61 369 -8 -8 0
412 70 64 366 0 8 0
412 78 67 363 0 -8 0
412 70 70 360 -8 0 0
404 70 73 357 0 8 0
404 78 76 354 0 0 0
404 78 79 351 -8 8 0
396 86 82 348 0 -8 0
396 78 85 345 -8 -8 0
388 70 88 342 0 8 0
388 78 91 339 0 0 0
388 78 94 336 -8 0 0
380 78 97 333 0 8 0
380 86 100 330 0 0 0
380 86 103 327 -8 0 0
372 86 106 324 0 0 0
372 86 109 321 -8 0 0
364 86 112 318 0 -8 0
364 78 115 315 0 8 0
364 86 118 312 -8 0 0
356 86 121 309 0 -8 0
356 78 124 306 0 0 0
356 78 127 303 -8 8 0
348 86 130 300 0 0 0
348 86 133 297 -8 0 0
340 86 136 294 0 0 0
340 86 139 291 0 0 0
340 86 142 288 -8 8 0
332 94 145 285 0 8 0
332 102 148 282 0 8 0
332 110 151 279 -8 -8 0
324 102 154 276 0 8 0
324 110 157 273 -8 8 0
316 118 160 270 0 8 0
316 126 163 267 0 -8 0
316 118 166 264 -8 -8 0
308 110 169 261 0 0 0
308 110 172 258 0 -8 0
308 102 175 255 -8 8 0
300 110 178 252 0 -8 0
300 102 181 249 -8 0 0
292 102 184 246 0 -8 0
292 94 187 243 0 -8 0
292 86 190 240 -8 -8 0
284 78 193 237 0 -8 0
284 70 196 234 0 -8 0
284 62 199 231 -8 8 0
276 70 202 228 0 8 0
276 78 205 225 -8 8 0
268 86 208 222 0 -8 0
268 78 211 219 0 -8 0
268 70 214 216 -8 -8 0
260 62 217 213 0 0 0
260 62 220 210 0 8 0
260 70 223 207 -8 -8 0
252 62 226 204 0 0 0
252 62 229 201 -8 8 0
244 70 232 198 0 0 0
244 70 235 195 0 0 0
244 70 238 192 -8 -8 0
236 62 241 189 0 0 0
236 62 244 186 0 8 0
236 70 247 183 -8 -8 0
228 62 250 180 0 8 0
228 70 253 177 -8 8 0
220 78 256 174 0 8 0
220 86 259 171 0 8 0
220 94 262 168 -8 -8 0
212 86 265 165 0 -8 0
212 78 268 162 0 0 0
212 78 271 159 -8 0 0
204 78 274 156 0 8 0
204 86 277 153 -8 -8 0
196 78 280 150 0 0 0
196 78 283 147 0 0 0
196 78 286 144 -8 -8 0
188 70 289 141 0 -8 0
188 62 292 138 0 0 0
188 62 295 135 -8 -8 0
180 60 298 132 0 -8 0
180 60 301 129 -8 0 0
172 60 304 126 0 -8 0
172 60 307 123 0 0 0
172 60 310 120 -8 0 0
164 60 313 117 0 -8 0
164 60 316 114 0 -8 0
164 60 319 111 -8 0 0
156 60 322 108 0 -8 0
156 60 325 105 -8 8 0
148 68 328 102 0 8 0
148 76 331 99 0 0 0
148 76 334 96 -8 -8 0
140 68 337 93 0 0 0
140 68 340 90 0 8 0
140 76 343 87 -8 -8 0
132 68 346 84 0 8 0
132 76 349 81 -8 8 0
124 84 352 78 0 0 0
124 84 355 75 0 0 0
124 84 358 72 -8 0 0
116 84 361 69 0 0 0
116 84 364 66 0 8 0
116 92 367 63 -8 -8 0
108 84 370 60 0 8 0
108 92 373 57 -8 0 0
100 92 376 54 0 8 0
100 100 379 51 0 0 0
100 100 382 48 -8 -8 0
92 92 385 45 0 -8 0
92 84 388 42 0 0 0
92 84 391 39 -8 0 0
84 84 394 36 0 -8 0
84 76 397 33 -8 0 0
76 76 400 30 0 8 0
76 84 403 27 0 0 0
76 84 406 24 -8 -8 0
68 76 409 21 0 8 0
68 84 412 18 0 8 0
68 92 415 15 -8 8 0
60 100 418 12 0 0 0
60 100 421 9 -8 -8 0
60 92 424 12 0 0 0
60 92 427 15 0 8 0
60 100 430 18 0 8 0
60 108 433 21 0 0 0
60 108 436 24 0 8 0
60 116 439 27 0 0 0
60 116 442 30 0 8 0
60 124 445 33 0 8 0
60 132 448 36 0 -8 0
60 124 451 39 0 8 0
60 132 454 42 0 -8 0
60 124 457 45 0 -8 0
60 116 460 48 0 8 0
60 124 463 51 0 8 0
60 132 466 54 0 0 0
60 132 469 57 0 0 0
60 132 472 60 0 8 0
60 140 475 63 0 8 0
60 148 478 66 0 8 0
60 156 481 69 0 0 0
60 156 484 72 0 -8 0
60 148 487 75 0 0 0
60 148 490 78 0 0 0
60 148 493 81 0 8 0
60 156 496 84 0 8 0
60 164 499 87 0 -8 0
60 156 502 90 0 8 0
60 164 505 93 0 -8 0
60 156 508 96 0 8 0
60 164 511 99 0 0 0
60 164 514 102 0 8 0
60 172 517 105 0 8 0
60 180 520 108 0 0 0
60 180 523 111 8 -8 0
68 172 526 114 0 0 0
68 172 529 117 0 0 0
68 172 532 120 8 0 0
76 172 535 123 0 8 0
76 180 538 126 0 -8 0
76 172 541 129 8 8 0
84 180 544 132 0 -8 0
84 172 547 135 8 -8 0
92 164 550 138 0 8 0
92 172 553 141 0 0 0
92 172 556 144 8 -8 0
100 164 559 147 0 -8 0
100 156 562 150 0 0 0
100 156 565 153 8 8 0
108 164 568 156 0 -8 0
108 156 571 159 8 8 0
116 164 574 162 0 0 0
116 164 577 165 0 -8 0
116 156 580 168 8 8 0
124 164 583 171 0 8 0
124 172 586 174 0 -8 0
124 164 589 177 8 8 0
132 172 592 180 0 0 0
132 172 595 183 8 8 0
140 180 598 186 0 0 0
140 180 601 189 0 0 0
140 180 604 192 8 -8 0
148 172 607 195 0 -8 0
148 164 610 198 0 0 0
148 164 613 201 8 8 0
156 172 616 204 0 -8 0
156 164 619 207 8 8 0
164 172 622 210 0 8 0
164 180 625 213 0 8 0
164 188 628 216 8 0 0
172 188 631 219 0 0 0
172 188 634 222 0 8 0
172 196 637 225 8 8 0
180 204 640 228 0 0 0
180 204 643 231 8 -8 0
188 196 646 234 0 -8 0
188 188 649 237 0 -8 0
188 180 652 240 8 8 0
196 188 655 243 0 -8 0
196 180 658 246 0 0 0
196 180 661 249 8 0 0
204 180 664 252 0 8 0
204 188 667 255 8 -8 0
212 180 670 258 0 -8 0
212 172 673 261 0 -8 0
212 164 676 264 8 0 0
220 164 679 267 0 0 0
220 164 682 270 0 8 0
220 172 685 273 8 8 0
228 180 688 276 0 8 0
228 188 691 279 8 0 0
236 188 694 282 0 0 0
236 188 697 285 0 -8 0
236 180 700 288 8 8 0
244 188 703 291 0 0 0
244 188 706 294 0 8 0
244 196 709 297 8 8 0
252 204 712 300 0 8 0
252 212 715 303 8 -8 0
260 204 718 306 0 -8 0
260 196 721 309 0 8 0
260 204 724 312 8 8 0
268 212 727 315 0 -8 0
268 204 730 318 0 -8 0
268 196 733 321 8 -8 0
276 188 736 324 0 0 0
276 188 739 327 8 8 0
284 196 742 330 0 8 0
284 204 745 333 0 -8 0
284 196 748 336 8 -8 0
292 188 751 339 0 8 0
292 196 754 342 0 -8 0
292 188 757 345 8 0 0
300 188 760 348 0 0 0
300 188 763 351 8 -8 0
308 180 766 354 0 0 0
308 180 769 357 0 8 0
308 188 772 360 8 -8 0
316 180 775 363 0 0 0
316 180 778 366 0 -8 0
316 172 781 369 0 0 1
316 172 781 369 0 0 1
316 172 781 369 0 0 1
316 172 781 369 0 0 1
316 172 781 369 0 0 1
