373 396 637 267 0 0 0
373 396 640 270 -8 8 0
365 404 643 273 -8 0 0
357 404 646 276 -8 8 0
349 412 649 279 -8 8 0
341 420 652 282 -8 0 0
333 420 655 285 0 0 0
333 420 658 288 0 0 0
333 420 661 291 0 0 0
333 420 664 294 0 0 0
333 420 667 297 0 8 0
333 428 670 300 0 0 0
333 428 673 303 0 -8 0
333 420 676 306 0 -8 0
333 412 679 309 0 0 0
333 412 682 312 0 0 0
333 412 685 315 0 -8 0
333 404 688 318 0 0 0
333 404 691 321 0 0 0
333 404 694 324 0 -8 0
333 396 697 327 0 0 0
333 396 700 330 0 8 0
333 404 703 333 0 8 0
333 412 706 336 0 0 0
333 412 709 339 0 0 0
333 412 712 342 0 8 0
333 420 715 345 0 0 0
333 420 718 348 0 -8 0
333 412 721 351 0 8 0
333 420 724 354 0 8 0
333 428 727 357 0 -8 0
333 420 730 360 0 8 0
333 428 733 363 0 8 0
333 436 736 366 0 0 0
333 436 739 369 0 8 0
333 444 742 372 0 -8 0
333 436 745 375 0 -8 0
333 428 748 378 0 -8 0
333 420 751 381 0 8 0
333 428 754 384 8 -8 0
341 420 757 387 0 8 0
341 428 760 390 0 0 0
341 428 763 393 8 8 0
349 436 766 396 0 8 0
349 444 769 399 0 0 0
349 444 772 402 8 8 0
357 452 775 405 0 8 0
357 460 778 408 8 -8 0
365 452 781 411 0 -8 0
365 444 778 414 0 8 0
365 452 775 417 8 8 0
373 460 772 420 0 0 0
373 460 769 423 0 0 0
373 460 766 426 8 -8 0
381 452 763 429 0 -8 0
381 444 760 432 8 -8 0
389 436 757 435 0 -8 0
389 428 754 438 0 -8 0
389 420 751 441 8 8 0
397 428 748 444 0 -8 0
397 420 745 447 0 8 0
397 428 742 450 8 -8 0
405 420 739 453 0 -8 0
405 412 736 456 8 8 0
413 420 733 459 0 -8 0
413 412 730 462 0 8 0
413 420 727 465 8 0 0
421 420 724 468 0 8 0
421 428 721 471 0 -8 0
421 420 718 474 8 0 0
429 420 715 477 0 -8 0
429 412 712 480 8 -8 0
437 404 709 483 0 -8 0
437 396 706 486 0 -8 0
437 388 703 489 8 8 0
445 396 700 492 0 0 0
445 396 697 495 0 -8 0
445 388 694 498 8 -8 0
453 380 691 501 0 -8 0
453 372 688 504 8 0 0
461 372 685 507 0 0 0
461 372 682 510 0 8 0
461 380 679 513 8 -8 0
469 372 676 516 0 0 0
469 372 673 519 0 0 0
469 372 670 522 8 0 0
477 372 667 525 0 8 0
477 380 664 528 8 0 0
485 380 661 531 0 -8 0
485 372 658 534 0 -8 0
485 364 655 537 8 -8 0
493 356 652 540 0 8 0
493 364 649 543 0 0 0
493 364 646 546 8 8 0
501 372 643 549 0 -8 0
501 364 640 552 8 0 0
509 364 637 555 0 -8 0
509 356 634 558 0 0 0
509 356 631 561 8 -8 0
517 348 628 564 0 -8 0
517 340 625 567 0 -8 0
517 332 622 570 8 -8 0
525 324 619 573 0 8 0
525 332 616 576 8 -8 0
533 324 613 579 0 -8 0
533 316 610 582 0 8 0
533 324 607 585 8 8 0
540 332 604 588 0 8 0
540 340 601 591 8 8 0
540 348 598 588 0 -8 0
540 340 595 585 0 0 0
540 340 592 582 0 0 0
540 340 589 579 0 -8 0
540 332 586 576 0 0 0
540 332 583 573 0 8 0
540 340 580 570 0 8 0
540 348 577 567 0 0 0
540 348 574 564 0 8 0
540 356 571 561 0 8 0
540 364 568 558 0 8 0
540 372 565 555 0 8 0
540 380 562 552 0 8 0
540 388 559 549 0 0 0
540 388 556 546 0 0 0
540 388 553 543 0 8 0
540 396 550 540 0 8 0
540 404 547 537 0 -8 0
540 396 544 534 0 8 0
540 404 541 531 0 0 0
540 404 538 528 0 8 0
540 412 535 525 0 -8 0
540 404 532 522 0 0 0
540 404 529 519 0 -8 0
540 396 526 516 0 -8 0
540 388 523 513 0 -8 0
540 380 520 510 0 -8 0
540 372 517 507 0 8 0
540 380 514 504 0 -8 0
540 372 511 501 0 8 0
540 380 508 498 0 8 0
540 388 505 495 0 0 0
540 388 502 492 0 0 0
540 388 499 489 -8 0 0
532 388 496 486 0 -8 0
532 380 493 483 0 8 0
532 388 490 480 -8 0 0
524 388 487 477 0 0 0
524 388 484 474 0 -8 0
524 380 481 471 -8 8 0
516 388 478 468 0 8 0
516 396 475 465 -8 -8 0
508 388 472 462 0 0 0
508 388 469 459 0 0 0
508 388 466 456 -8 0 0
500 388 463 453 0 8 0
500 396 460 450 0 -8 0
500 388 457 447 -8 8 0
492 396 454 444 0 8 0
492 404 451 441 -8 -8 0
484 396 448 438 0 -8 0
484 388 445 435 0 0 0
484 388 442 432 -8 -8 0
476 380 439 429 0 -8 0
476 372 436 426 0 0 0
476 372 433 423 -8 -8 0
468 364 430 420 0 -8 0
468 356 427 417 -8 8 0
460 364 424 414 0 0 0
460 364 421 411 0 -8 0
460 356 418 408 -8 0 0
452 356 415 405 0 0 0
452 356 412 402 0 -8 0
452 348 409 399 -8 -8 0
444 340 406 396 0 0 0
444 340 403 393 -8 0 0
436 340 400 390 0 0 0
436 340 397 387 0 -8 0
436 332 394 384 -8 -8 0
428 324 391 381 0 -8 0
428 316 388 378 0 -8 0
428 308 385 375 -8 -8 0
420 300 382 372 0 -8 0
420 292 379 369 -8 0 0
412 292 376 366 0 8 0
412 300 373 363 0 0 0
412 300 370 360 -8 0 0
404 300 367 357 0 8 0
404 308 364 354 0 -8 0
404 300 361 351 -8 0 0
396 300 358 348 0 -8 0
396 292 355 345 -8 0 0
388 292 352 342 0 0 0
388 292 349 339 0 8 0
388 300 346 336 -8 -8 0
380 292 343 333 0 8 0
380 300 340 330 0 -8 0
380 292 337 327 -8 0 0
372 292 334 324 0 -8 0
372 284 331 321 -8 -8 0
364 276 328 318 0 -8 0
364 268 325 315 0 0 0
364 268 322 312 -8 0 0
356 268 319 309 0 -8 0
356 260 316 306 0 -8 0
356 252 313 303 -8 0 0
348 252 310 300 0 -8 0
348 244 307 297 -8 8 0
340 252 304 294 0 0 0
340 252 301 291 0 0 0
340 252 298 288 -8 0 0
332 252 295 285 0 8 0
332 260 292 282 0 8 0
332 268 289 279 -8 0 0
324 268 286 276 0 0 0
324 268 283 273 -8 8 0
316 276 280 270 0 -8 0
316 268 277 267 0 0 0
316 268 274 264 -8 8 0
308 276 271 261 0 8 0
308 284 268 258 0 8 0
308 292 265 255 -8 0 0
300 292 262 252 0 8 0
300 300 259 249 -8 -8 0
292 292 256 246 0 8 0
292 300 253 243 0 8 0
292 308 250 240 -8 0 0
284 308 247 237 0 -8 0
284 300 244 234 0 0 0
284 300 241 231 -8 0 0
276 300 238 228 0 8 0
276 308 235 225 -8 -8 0
268 300 232 222 0 0 0
268 300 229 219 0 -8 0
268 292 226 216 -8 -8 0
260 284 223 213 0 8 0
260 292 220 210 0 8 0
260 300 217 207 -8 0 0
252 300 214 204 0 -8 0
252 292 211 201 -8 0 0
244 292 208 198 0 8 0
244 300 205 195 0 8 0
244 308 202 192 -8 0 0
236 308 199 189 0 8 0
236 316 196 186 0 8 0
236 324 193 183 -8 0 0
228 324 190 180 0 8 0
228 332 187 177 -8 0 0
220 332 184 174 0 0 0
220 332 181 171 0 -8 0
220 324 178 168 -8 8 0
212 332 175 165 0 8 0
212 340 172 162 0 -8 0
212 332 169 159 -8 8 0
204 340 166 156 0 -8 0
204 332 163 153 -8 -8 0
196 324 160 150 0 -8 0
196 316 157 147 0 -8 0
196 308 154 144 -8 -8 0
188 300 151 141 0 0 0
188 300 148 138 0 -8 0
188 292 145 135 -8 -8 0
180 284 142 132 0 0 0
180 284 139 129 -8 -8 0
172 276 136 126 0 8 0
172 284 133 123 0 8 0
172 292 130 120 -8 8 0
164 300 127 117 0 0 0
164 300 124 114 0 8 0
164 308 121 111 -8 0 0
156 308 118 108 0 8 0
156 316 115 105 -8 8 0
148 324 112 102 0 8 0
148 332 109 99 0 -8 0
148 324 106 96 -8 0 0
140 324 103 93 0 -8 0
140 316 100 90 0 8 0
140 324 97 87 -8 0 0
132 324 94 84 0 -8 0
132 316 91 81 -8 -8 0
124 308 88 78 0 8 0
124 316 85 75 0 -8 0
124 308 82 72 -8 8 0
116 316 79 69 0 0 0
116 316 76 66 0 8 0
116 324 73 63 -8 8 0
108 332 70 60 0 8 0
108 340 67 57 -8 -8 0
100 332 64 54 0 -8 0
100 324 61 51 0 -8 0
100 316 58 48 -8 0 0
92 316 55 45 0 8 0
92 324 52 42 0 8 0
92 332 49 39 -8 8 0
84 340 46 36 0 -8 0
84 332 43 33 -8 -8 0
76 324 40 30 0 0 0
76 324 37 27 0 0 0
76 324 34 24 -8 8 0
68 332 31 21 0 8 0
68 340 28 18 0 0 0
68 340 25 15 -8 8 0
60 348 22 12 0 0 0
60 348 19 9 0 0 1
60 348 19 9 0 0 1
60 348 19 9 0 0 1
60 348 19 9 0 0 1
60 348 19 9 0 0 1
