117 249 205 357 0 0 0
117 249 208 354 8 -8 0
125 241 211 351 8 -8 0
133 233 214 348 8 8 0
141 241 217 345 8 -8 0
149 233 220 342 8 8 0
157 241 223 339 8 0 0
165 241 226 336 8 0 0
173 241 229 333 8 -8 0
181 233 232 330 8 0 0
189 233 235 327 8 0 0
197 233 238 324 8 8 0
205 241 241 321 8 -8 0
213 233 244 318 8 8 0
221 241 247 315 8 -8 0
229 233 250 312 8 8 0
237 241 253 309 8 -8 0
245 233 256 306 8 -8 0
253 225 259 303 0 0 0
253 225 262 300 0 8 0
253 233 265 297 0 8 0
253 241 268 294 0 8 0
253 249 271 291 0 -8 0
253 241 274 288 0 0 0
253 241 277 285 0 8 0
253 249 280 282 0 0 0
253 249 283 279 0 0 0
253 249 286 276 0 8 0
253 257 289 273 0 8 0
253 265 292 270 0 8 0
253 273 295 267 0 -8 0
253 265 298 264 0 8 0
253 273 301 261 0 -8 0
253 265 304 258 0 -8 0
253 257 307 255 0 8 0
253 265 310 252 0 -8 0
253 257 313 249 0 8 0
253 265 316 246 0 8 0
253 273 319 243 0 8 0
253 281 322 240 0 -8 0
253 273 325 237 0 -8 0
253 265 328 234 0 0 0
253 265 331 231 0 8 0
253 273 334 228 0 8 0
253 281 337 225 0 0 0
253 281 340 222 0 0 0
253 281 343 219 0 8 0
253 289 346 216 0 8 0
253 297 349 213 0 -8 0
253 289 352 210 0 -8 0
253 281 355 207 0 -8 0
253 273 358 204 0 -8 0
253 265 361 201 -8 -8 0
245 257 364 198 0 -8 0
245 249 367 195 0 8 0
245 257 370 192 -8 -8 0
237 249 373 189 0 -8 0
237 241 376 186 -8 0 0
229 241 379 183 0 0 0
229 241 382 180 0 -8 0
229 233 385 177 -8 0 0
221 233 388 174 0 8 0
221 241 391 171 0 0 0
221 241 394 168 -8 8 0
213 249 397 165 0 0 0
213 249 400 162 -8 8 0
205 257 403 159 0 8 0
205 265 406 156 0 8 0
205 273 409 153 -8 8 0
197 281 412 150 0 -8 0
197 273 415 147 0 8 0
197 281 418 144 -8 0 0
189 281 421 141 0 0 0
189 281 424 138 -8 8 0
181 289 427 135 0 0 0
181 289 430 132 0 8 0
181 297 433 129 -8 0 0
173 297 436 126 0 8 0
173 305 439 123 0 8 0
173 313 442 120 -8 8 0
165 321 445 117 0 8 0
165 329 448 114 -8 0 0
157 329 451 111 0 8 0
157 337 454 108 0 8 0
157 345 457 105 -8 -8 0
149 337 460 102 0 8 0
149 345 463 99 0 0 0
149 345 466 96 -8 -8 0
141 337 469 93 0 8 0
141 345 472 90 -8 8 0
133 353 475 87 0 8 0
133 361 478 84 0 8 0
133 369 481 81 -8 0 0
125 369 484 78 0 8 0
125 377 487 75 0 0 0
125 377 490 72 -8 8 0
117 385 493 69 0 0 0
117 385 496 66 -8 8 0
109 393 499 63 0 8 0
109 401 502 60 0 8 0
109 409 505 57 -8 8 0
101 417 508 54 0 -8 0
101 409 511 51 0 -8 0
101 401 514 48 -8 0 0
93 401 517 45 0 8 0
93 409 520 42 -8 8 0
85 417 523 39 0 8 0
85 425 526 36 0 0 0
85 425 529 33 -8 8 0
77 433 532 30 0 0 0
77 433 535 27 0 0 0
77 433 538 24 -8 0 0
69 433 541 21 0 8 0
69 441 544 18 -8 -8 0
61 433 547 15 0 0 0
61 433 550 12 0 0 0
61 433 553 9 -8 8 0
60 441 556 12 0 8 0
60 449 559 15 0 -8 0
60 441 562 18 0 8 0
60 449 565 21 0 -8 0
60 441 568 24 0 -8 0
60 433 571 27 0 8 0
60 441 574 30 0 -8 0
60 433 577 33 0 0 0
60 433 580 36 0 0 0
60 433 583 39 0 -8 0
60 425 586 42 0 -8 0
60 417 589 45 0 8 0
60 425 592 48 0 8 0
60 433 595 51 0 8 0
60 441 598 54 0 -8 0
60 433 601 57 0 8 0
60 441 604 60 0 8 0
60 449 607 63 0 -8 0
60 441 610 66 0 -8 0
60 433 613 69 0 8 0
60 441 616 72 0 0 0
60 441 619 75 0 -8 0
60 433 622 78 0 -8 0
60 425 625 81 0 -8 0
60 417 628 84 0 0 0
60 417 631 87 0 0 0
60 417 634 90 0 -8 0
60 409 637 93 0 -8 0
60 401 640 96 0 -8 0
60 393 643 99 0 8 0
60 401 646 102 0 0 0
60 401 649 105 0 0 0
60 401 652 108 0 0 0
60 401 655 111 8 0 0
68 401 658 114 0 8 0
68 409 661 117 0 0 0
68 409 664 120 8 0 0
76 409 667 123 0 -8 0
76 401 670 126 0 -8 0
76 393 673 129 8 -8 0
84 385 676 132 0 0 0
84 385 679 135 8 8 0
92 393 682 138 0 0 0
92 393 685 141 0 8 0
92 401 688 144 8 8 0
100 409 691 147 0 0 0
100 409 694 150 0 0 0
100 409 697 153 8 0 0
108 409 700 156 0 0 0
108 409 703 159 8 8 0
116 417 706 162 0 -8 0
116 409 709 165 0 0 0
116 409 712 168 8 -8 0
124 401 715 171 0 -8 0
124 393 718 174 0 0 0
124 393 721 177 8 -8 0
132 385 724 180 0 8 0
132 393 727 183 8 0 0
140 393 730 186 0 0 0
140 393 733 189 0 0 0
140 393 736 192 8 -8 0
148 385 739 195 0 8 0
148 393 742 198 0 8 0
148 401 745 201 8 0 0
156 401 748 204 0 0 0
156 401 751 207 8 0 0
164 401 754 210 0 0 0
164 401 757 213 0 -8 0
164 393 760 216 8 8 0
172 401 763 219 0 8 0
172 409 766 222 0 8 0
172 417 769 225 8 0 0
180 417 772 228 0 -8 0
180 409 775 231 8 -8 0
188 401 778 234 0 0 0
188 401 781 237 0 0 1
188 401 781 237 0 0 1
188 401 781 237 0 0 1
188 401 781 237 0 0 1
188 401 781 237 0 0 1
