146 334 427 171 0 0 0
146 334 424 174 0 0 0
146 334 421 177 0 -8 0
146 326 418 180 0 8 0
146 334 415 183 0 0 0
146 334 412 186 0 8 0
146 342 409 189 0 8 0
146 350 406 192 0 0 0
146 350 403 195 0 -8 0
146 342 400 198 8 8 0
154 350 397 201 0 -8 0
154 342 394 204 0 8 0
154 350 391 207 8 0 0
162 350 388 210 0 8 0
162 358 385 213 8 0 0
170 358 382 216 0 -8 0
170 350 379 219 0 0 0
170 350 376 222 8 8 0
178 358 373 225 0 8 0
178 366 370 228 0 -8 0
178 358 367 231 8 0 0
186 358 364 234 0 8 0
186 366 361 237 8 8 0
194 374 358 240 0 8 0
194 382 355 243 0 -8 0
194 374 352 246 8 -8 0
202 366 349 249 0 8 0
202 374 346 252 0 8 0
202 382 343 255 8 8 0
210 390 340 258 0 0 0
210 390 337 261 8 0 0
218 390 334 264 0 0 0
218 390 331 267 0 0 0
218 390 328 270 8 -8 0
226 382 325 273 0 0 0
226 382 322 276 0 8 0
226 390 319 279 8 8 0
234 398 316 282 0 0 0
234 398 313 285 8 -8 0
242 390 310 288 0 -8 0
242 382 307 291 0 -8 0
242 374 304 294 8 0 0
250 374 301 297 0 0 0
250 374 298 300 0 -8 0
250 366 295 303 8 -8 0
258 358 292 306 0 8 0
258 366 289 309 8 8 0
266 374 286 312 0 -8 0
266 366 283 315 0 -8 0
266 358 280 318 8 0 0
274 358 277 321 0 0 0
274 358 274 324 0 -8 0
274 350 271 327 8 -8 0
282 342 268 330 0 -8 0
282 334 265 333 8 8 0
290 342 262 336 0 8 0
290 350 259 339 0 0 0
290 350 256 342 8 0 0
298 350 253 345 0 0 0
298 350 250 348 0 8 0
298 358 247 351 8 -8 0
306 350 244 354 0 -8 0
306 342 241 357 8 0 0
314 342 238 360 0 8 0
314 350 235 363 0 0 0
314 350 232 366 8 -8 0
322 342 229 369 0 0 0
322 342 226 372 0 8 0
322 350 223 375 8 8 0
330 358 220 378 0 -8 0
330 350 217 381 8 8 0
338 358 214 384 0 0 0
338 358 211 387 0 0 0
338 358 208 390 8 8 0
346 366 205 393 0 8 0
346 374 202 396 0 -8 0
346 366 199 399 8 8 0
354 374 196 402 0 8 0
354 382 193 405 8 0 0
362 382 190 408 0 0 0
362 382 187 411 0 -8 0
362 374 184 414 8 8 0
370 382 181 417 0 0 0
370 382 178 420 0 -8 0
370 374 175 423 8 0 0
378 374 172 426 0 8 0
378 382 169 429 8 8 0
386 390 166 432 0 8 0
386 398 163 435 0 8 0
386 406 160 438 8 0 0
394 406 157 441 0 8 0
394 414 154 444 0 -8 0
394 406 151 447 8 0 0
402 406 148 450 0 8 0
402 414 145 453 8 0 0
410 414 142 456 0 8 0
410 422 139 459 0 -8 0
410 414 136 462 8 -8 0
418 406 133 465 0 0 0
418 406 130 468 0 0 0
418 406 127 471 8 -8 0
426 398 124 474 0 -8 0
426 390 121 477 8 -8 0
434 382 118 480 0 8 0
434 390 115 483 0 -8 0
434 382 112 486 8 0 0
442 382 109 489 0 8 0
442 390 106 492 0 -8 0
442 382 103 495 8 0 0
450 382 100 498 0 -8 0
450 374 97 501 8 8 0
458 382 94 504 0 0 0
458 382 91 507 0 0 0
458 382 88 510 8 -8 0
466 374 85 513 0 0 0
466 374 82 516 0 0 0
466 374 79 519 8 0 0
474 374 76 522 0 -8 0
474 366 73 525 8 -8 0
482 358 70 528 0 0 0
482 358 67 531 0 0 0
482 358 64 534 8 0 0
490 358 61 537 0 8 0
490 366 58 540 0 8 0
490 374 55 543 8 0 0
498 374 52 546 0 0 0
498 374 49 549 8 0 0
506 374 46 552 0 -8 0
506 366 43 555 0 -8 0
506 358 40 558 8 -8 0
514 350 37 561 0 -8 0
514 342 34 564 0 8 0
514 350 31 567 8 -8 0
522 342 28 570 0 -8 0
522 334 25 573 8 0 0
530 334 22 576 0 0 0
530 334 19 579 0 8 0
530 342 22 582 8 -8 0
538 334 25 585 0 8 0
538 342 28 588 0 0 0
538 342 31 591 8 0 0
540 342 34 588 0 8 0
540 350 37 585 0 8 0
540 358 40 582 0 0 0
540 358 43 579 0 8 0
540 366 46 576 0 8 0
540 374 49 573 0 8 0
540 382 52 570 0 0 0
540 382 55 567 0 0 0
540 382 58 564 0 8 0
540 390 61 561 0 8 0
540 398 64 558 0 0 0
540 398 67 555 0 -8 0
540 390 70 552 0 0 0
540 390 73 549 0 8 0
540 398 76 546 0 -8 0
540 390 79 543 0 -8 0
540 382 82 540 0 0 0
540 382 85 537 0 0 0
540 382 88 534 0 -8 0
540 374 91 531 0 8 0
540 382 94 528 0 8 0
540 390 97 525 0 -8 0
540 382 100 522 0 0 0
540 382 103 519 0 0 0
540 382 106 516 0 8 0
540 390 109 513 0 0 0
540 390 112 510 0 0 0
540 390 115 507 0 0 0
540 390 118 504 0 8 0
540 398 121 501 0 -8 0
540 390 124 498 0 8 0
540 398 127 495 0 -8 0
540 390 130 492 0 0 0
540 390 133 489 -8 0 0
532 390 136 486 0 0 0
532 390 139 483 0 0 0
532 390 142 480 -8 8 0
524 398 145 477 0 -8 0
524 390 148 474 0 8 0
524 398 151 471 -8 -8 0
516 390 154 468 0 0 0
516 390 157 465 -8 0 0
508 390 160 462 0 8 0
508 398 163 459 0 8 0
508 406 166 456 -8 8 0
500 414 169 453 0 8 0
500 422 172 450 0 -8 0
500 414 175 447 -8 8 0
492 422 178 444 0 -8 0
492 414 181 441 -8 -8 0
484 406 184 438 0 -8 0
484 398 187 435 0 -8 0
484 390 190 432 -8 -8 0
476 382 193 429 0 8 0
476 390 196 426 0 -8 0
476 382 199 423 -8 -8 0
468 374 202 420 0 0 0
468 374 205 417 -8 -8 0
460 366 208 414 0 8 0
460 374 211 411 0 8 0
460 382 214 408 -8 0 0
452 382 217 405 0 8 0
452 390 220 402 0 -8 0
452 382 223 399 -8 0 0
444 382 226 396 0 -8 0
444 374 229 393 -8 8 0
436 382 232 390 0 8 0
436 390 235 387 0 8 0
436 398 238 384 -8 0 0
428 398 241 381 0 8 0
428 406 244 378 0 8 0
428 414 247 375 -8 8 0
420 422 250 372 0 -8 0
420 414 253 369 -8 0 0
412 414 256 366 0 -8 0
412 406 259 363 0 8 0
412 414 262 360 -8 -8 0
404 406 265 357 0 8 0
404 414 268 354 0 -8 0
404 406 271 351 -8 -8 0
396 398 274 348 0 -8 0
396 390 277 345 -8 0 0
388 390 280 342 0 -8 0
388 382 283 339 0 0 0
388 382 286 336 -8 0 0
380 382 289 333 0 0 0
380 382 292 330 0 -8 0
380 374 295 327 -8 8 0
372 382 298 324 0 8 0
372 390 301 321 -8 0 0
364 390 304 318 0 8 0
364 398 307 315 0 8 0
364 406 310 312 -8 0 0
356 406 313 309 0 8 0
356 414 316 306 0 8 0
356 422 319 303 -8 8 0
348 430 322 300 0 -8 0
348 422 325 297 -8 8 0
340 430 328 294 0 0 0
340 430 331 291 0 8 0
340 438 334 288 -8 -8 0
332 430 337 285 0 8 0
332 438 340 282 0 -8 0
332 430 343 279 -8 -8 0
324 422 346 276 0 -8 0
324 414 349 273 -8 0 0
316 414 352 270 0 0 0
316 414 355 267 0 8 0
316 422 358 264 -8 8 0
308 430 361 261 0 -8 0
308 422 364 258 0 8 0
308 430 367 255 -8 8 0
300 438 370 252 0 -8 0
300 430 373 249 -8 8 0
292 438 376 246 0 -8 0
292 430 379 243 0 -8 0
292 422 382 240 -8 8 0
284 430 385 237 0 -8 0
284 422 388 234 0 -8 0
284 414 391 231 -8 8 0
276 422 394 228 0 -8 0
276 414 397 225 -8 0 0
268 414 400 222 0 0 0
268 414 403 219 0 8 0
268 422 406 216 -8 8 0
260 430 409 213 0 8 0
260 438 412 210 0 8 0
260 446 415 207 -8 0 0
252 446 418 204 0 8 0
252 454 421 201 -8 0 0
244 454 424 198 0 8 0
244 462 427 195 0 8 0
244 470 430 192 -8 0 0
236 470 433 189 0 -8 0
236 462 436 186 0 0 0
236 462 439 183 -8 8 0
228 470 442 180 0 0 0
228 470 445 177 -8 8 0
220 478 448 174 0 -8 0
220 470 451 171 0 -8 0
220 462 454 168 -8 0 0
212 462 457 165 0 0 0
212 462 460 162 0 -8 0
212 454 463 159 -8 -8 0
204 446 466 156 0 0 0
204 446 469 153 -8 -8 0
196 438 472 150 0 8 0
196 446 475 147 0 -8 0
196 438 478 144 -8 0 0
188 438 481 141 0 8 0
188 446 484 138 0 8 0
188 454 487 135 -8 -8 0
180 446 490 132 0 -8 0
180 438 493 129 -8 8 0
172 446 496 126 0 -8 0
172 438 499 123 0 -8 0
172 430 502 120 -8 0 0
164 430 505 117 0 -8 0
164 422 508 114 0 8 0
164 430 511 111 -8 -8 0
156 422 514 108 0 -8 0
156 414 517 105 -8 0 0
148 414 520 102 0 -8 0
148 406 523 99 0 0 0
148 406 526 96 -8 0 0
140 406 529 93 0 -8 0
140 398 532 90 0 0 0
140 398 535 87 -8 8 0
132 406 538 84 0 8 0
132 414 541 81 -8 -8 0
124 406 544 78 0 8 0
124 414 547 75 0 8 0
124 422 550 72 -8 8 0
116 430 553 69 0 -8 0
116 422 556 66 0 0 0
116 422 559 63 -8 8 0
108 430 562 60 0 8 0
108 438 565 57 -8 0 0
100 438 568 54 0 8 0
100 446 571 51 0 0 0
100 446 574 48 -8 -8 0
92 438 577 45 0 8 0
92 446 580 42 0 8 0
92 454 583 39 -8 0 0
84 454 586 36 0 8 0
84 462 589 33 -8 8 0
76 470 592 30 0 8 0
76 478 595 27 0 -8 0
76 470 598 24 -8 0 0
68 470 601 21 0 0 0
68 470 604 18 0 8 0
68 478 607 15 -8 8 0
60 486 610 12 0 -8 0
60 478 613 9 -8 8 0
60 486 616 12 0 8 0
60 494 619 15 0 -8 0
60 486 622 18 0 8 0
60 494 625 21 0 8 0
60 502 628 24 0 -8 0
60 494 631 27 0 -8 0
60 486 634 30 0 8 0
60 494 637 33 0 0 0
60 494 640 36 0 0 0
60 494 643 39 0 0 0
60 494 646 42 0 8 0
60 502 649 45 0 8 0
60 510 652 48 0 8 0
60 518 655 51 0 -8 0
60 510 658 54 0 8 0
60 518 661 57 0 8 0
60 526 664 60 0 0 0
60 526 667 63 0 -8 0
60 518 670 66 0 0 0
60 518 673 69 0 8 0
60 526 676 72 0 -8 0
60 518 679 75 0 0 0
60 518 682 78 0 8 0
60 526 685 81 0 -8 0
60 518 688 84 0 -8 0
60 510 691 87 0 8 0
60 518 694 90 0 -8 0
60 510 697 93 0 -8 0
60 502 700 96 0 0 0
60 502 703 99 0 -8 0
60 494 706 102 0 8 0
60 502 709 105 0 8 0
60 510 712 108 0 -8 0
60 502 715 111 8 0 0
68 502 718 114 0 8 0
68 510 721 117 0 0 0
68 510 724 120 8 0 0
76 510 727 123 0 8 0
76 518 730 126 0 0 0
76 518 733 129 8 -8 0
84 510 736 132 0 -8 0
84 502 739 135 8 0 0
92 502 742 138 0 -8 0
92 494 745 141 0 0 0
92 494 748 144 8 -8 0
100 486 751 147 0 8 0
100 494 754 150 0 0 0
100 494 757 153 8 8 0
108 502 760 156 0 -8 0
108 494 763 159 8 -8 0
116 486 766 162 0 0 0
116 486 769 165 0 -8 0
116 478 772 168 8 8 0
124 486 775 171 0 -8 0
124 478 778 174 0 8 0
124 486 781 177 0 0 1
124 486 781 177 0 0 1
124 486 781 177 0 0 1
124 486 781 177 0 0 1
124 486 781 177 0 0 1
