383 491 106 306 0 0 0
383 491 103 303 -8 0 0
375 491 100 300 -8 8 0
367 499 97 297 -8 8 0
359 507 94 294 -8 -8 0
351 499 91 291 -8 0 0
343 499 88 288 -8 -8 0
335 491 85 285 0 -8 0
335 483 82 282 -8 0 0
327 483 79 279 0 0 0
327 483 76 276 -8 0 0
319 483 73 273 0 8 0
319 491 70 270 0 0 0
319 491 67 267 -8 8 0
311 499 64 264 0 0 0
311 499 61 261 0 0 0
311 499 58 258 -8 8 0
303 507 55 255 0 0 0
303 507 52 252 -8 -8 0
295 499 49 249 0 -8 0
295 491 46 246 0 0 0
295 491 43 243 -8 0 0
287 491 40 240 0 8 0
287 499 37 237 0 -8 0
287 491 34 234 -8 0 0
279 491 31 231 0 8 0
279 499 28 228 -8 0 0
271 499 25 225 0 8 0
271 507 22 222 0 -8 0
271 499 19 219 0 0 1
271 499 19 219 0 0 1
271 499 19 219 0 0 1
271 499 19 219 0 0 1
271 499 19 219 0 0 1
