499 71 358 318 0 0 0
499 71 355 315 -8 0 0
491 71 352 312 -8 8 0
483 79 349 309 -8 8 0
475 87 346 306 -8 -8 0
467 79 343 303 -8 8 0
459 87 340 300 -8 8 0
451 95 337 297 -8 8 0
443 103 334 294 -8 -8 0
435 95 331 291 -8 8 0
427 103 328 288 -8 8 0
419 111 325 285 -8 -8 0
411 103 322 282 -8 0 0
403 103 319 279 -8 8 0
395 111 316 276 -8 8 0
387 119 313 273 -8 -8 0
379 111 310 270 -8 8 0
371 119 307 267 -8 8 0
363 127 304 264 -8 -8 0
355 119 301 261 -8 0 0
347 119 298 258 -8 0 0
339 119 295 255 -8 8 0
331 127 292 252 -8 -8 0
323 119 289 249 -8 8 0
315 127 286 246 -8 0 0
307 127 283 243 -8 8 0
299 135 280 240 -8 8 0
291 143 277 237 -8 -8 0
283 135 274 234 0 -8 0
283 127 271 231 -8 -8 0
275 119 268 228 0 -8 0
275 111 265 225 0 8 0
275 119 262 222 -8 8 0
267 127 259 219 0 8 0
267 135 256 216 -8 0 0
259 135 253 213 0 8 0
259 143 250 210 0 -8 0
259 135 247 207 -8 0 0
251 135 244 204 0 -8 0
251 127 241 201 0 8 0
251 135 238 198 -8 8 0
243 143 235 195 0 8 0
243 151 232 192 -8 8 0
235 159 229 189 0 0 0
235 159 226 186 0 0 0
235 159 223 183 -8 -8 0
227 151 220 180 0 8 0
227 159 217 177 0 -8 0
227 151 214 174 -8 0 0
219 151 211 171 0 0 0
219 151 208 168 -8 8 0
211 159 205 165 0 8 0
211 167 202 162 0 8 0
211 175 199 159 -8 -8 0
203 167 196 156 0 -8 0
203 159 193 153 0 0 0
203 159 190 150 -8 -8 0
195 151 187 147 0 8 0
195 159 184 144 -8 8 0
187 167 181 141 0 8 0
187 175 178 138 0 -8 0
187 167 175 135 -8 -8 0
179 159 172 132 0 8 0
179 167 169 129 0 -8 0
179 159 166 126 -8 -8 0
171 151 163 123 0 0 0
171 151 160 120 -8 8 0
163 159 157 117 0 8 0
163 167 154 114 0 8 0
163 175 151 111 -8 -8 0
155 167 148 108 0 -8 0
155 159 145 105 0 0 0
155 159 142 102 -8 8 0
147 167 139 99 0 8 0
147 175 136 96 -8 8 0
139 183 133 93 0 -8 0
139 175 130 90 0 8 0
139 183 127 87 -8 -8 0
131 175 124 84 0 8 0
131 183 121 81 0 8 0
131 191 118 78 -8 -8 0
123 183 115 75 0 -8 0
123 175 112 72 -8 0 0
115 175 109 69 0 0 0
115 175 106 66 0 -8 0
115 167 103 63 -8 -8 0
107 159 100 60 0 8 0
107 167 97 57 0 0 0
107 167 94 54 -8 8 0
99 175 91 51 0 8 0
99 183 88 48 -8 0 0
91 183 85 45 0 8 0
91 191 82 42 0 8 0
91 199 79 39 -8 -8 0
83 191 76 36 0 8 0
83 199 73 33 0 -8 0
83 191 70 30 -8 -8 0
75 183 67 27 0 -8 0
75 175 64 24 -8 -8 0
67 167 61 21 0 8 0
67 175 58 18 0 -8 0
67 167 55 15 -8 -8 0
60 159 52 12 0 8 0
60 167 49 9 -8 8 0
60 175 46 12 0 8 0
60 183 43 15 0 0 0
60 183 40 18 0 -8 0
60 175 37 21 0 8 0
60 183 34 24 0 -8 0
60 175 31 27 0 8 0
60 183 28 30 0 8 0
60 191 25 33 0 -8 0
60 183 22 36 0 -8 0
60 175 19 39 0 0 0
60 175 22 42 0 0 0
60 175 25 45 0 8 0
60 183 28 48 0 0 0
60 183 31 51 0 -8 0
60 175 34 54 0 0 0
60 175 37 57 0 8 0
60 183 40 60 0 8 0
60 191 43 63 0 -8 0
60 183 46 66 0 0 0
60 183 49 69 0 -8 0
60 175 52 72 0 0 0
60 175 55 75 0 8 0
60 183 58 78 0 -8 0
60 175 61 81 0 8 0
60 183 64 84 0 -8 0
60 175 67 87 0 0 0
60 175 70 90 0 0 0
60 175 73 93 0 0 0
60 175 76 96 0 8 0
60 183 79 99 0 8 0
60 191 82 102 0 8 0
60 199 85 105 0 -8 0
60 191 88 108 0 0 0
60 191 91 111 8 8 0
68 199 94 114 0 8 0
68 207 97 117 0 0 0
68 207 100 120 8 8 0
76 215 103 123 0 8 0
76 223 106 126 0 0 0
76 223 109 129 8 8 0
84 231 112 132 0 0 0
84 231 115 135 8 0 0
92 231 118 138 0 8 0
92 239 121 141 0 8 0
92 247 124 144 8 -8 0
100 239 127 147 0 0 0
100 239 130 150 0 8 0
100 247 133 153 8 0 0
108 247 136 156 0 8 0
108 255 139 159 8 8 0
116 263 142 162 0 -8 0
116 255 145 165 0 0 0
116 255 148 168 8 -8 0
124 247 151 171 0 0 0
124 247 154 174 0 0 0
124 247 157 177 8 0 0
132 247 160 180 0 0 0
132 247 163 183 8 0 0
140 247 166 186 0 -8 0
140 239 169 189 0 -8 0
140 231 172 192 8 -8 0
148 223 175 195 0 -8 0
148 215 178 198 0 -8 0
148 207 181 201 8 -8 0
156 199 184 204 0 0 0
156 199 187 207 8 0 0
164 199 190 210 0 8 0
164 207 193 213 0 -8 0
164 199 196 216 8 -8 0
172 191 199 219 0 0 0
172 191 202 222 0 0 0
172 191 205 225 8 -8 0
180 183 208 228 0 -8 0
180 175 211 231 8 8 0
188 183 214 234 0 8 0
188 191 217 237 0 -8 0
188 183 220 240 8 0 0
196 183 223 243 0 8 0
196 191 226 246 0 -8 0
196 183 229 249 8 0 0
204 183 232 252 0 0 0
204 183 235 255 8 0 0
212 183 238 258 0 -8 0
212 175 241 261 0 -8 0
212 167 244 264 8 0 0
220 167 247 267 0 0 0
220 167 250 270 0 8 0
220 175 253 273 8 8 0
228 183 256 276 0 0 0
228 183 259 279 8 0 0
236 183 262 282 0 0 0
236 183 265 285 0 0 0
236 183 268 288 8 -8 0
244 175 271 291 0 8 0
244 183 274 294 0 -8 0
244 175 277 297 8 -8 0
252 167 280 300 0 -8 0
252 159 283 303 8 0 0
260 159 286 306 0 -8 0
260 151 289 309 0 8 0
260 159 292 312 8 -8 0
268 151 295 315 0 8 0
268 159 298 318 0 8 0
268 167 301 321 8 8 0
276 175 304 324 0 0 0
276 175 307 327 8 0 0
284 175 310 330 0 0 0
284 175 313 333 0 -8 0
284 167 316 336 8 -8 0
292 159 319 339 0 0 0
292 159 322 342 0 -8 0
292 151 325 345 8 -8 0
300 143 328 348 0 8 0
300 151 331 351 8 0 0
308 151 334 354 0 8 0
308 159 337 357 0 -8 0
308 151 340 360 8 8 0
316 159 343 363 0 -8 0
316 151 346 366 0 0 0
316 151 349 369 8 0 0
324 151 352 372 0 0 0
324 151 355 375 8 8 0
332 159 358 378 0 -8 0
332 151 361 381 0 0 0
332 151 364 384 8 -8 0
340 143 367 387 0 8 0
340 151 370 390 0 -8 0
340 143 373 393 8 0 0
348 143 376 396 0 -8 0
348 135 379 399 8 0 0
356 135 382 402 0 8 0
356 143 385 405 0 8 0
356 151 388 408 8 8 0
364 159 391 411 0 -8 0
364 151 394 414 0 0 0
364 151 397 417 8 8 0
372 159 400 420 0 -8 0
372 151 403 423 8 8 0
380 159 406 426 0 8 0
380 167 409 429 0 8 0
380 175 412 432 8 -8 0
388 167 415 435 0 0 0
388 167 418 438 0 0 0
388 167 421 441 8 8 0
396 175 424 444 0 0 0
396 175 427 447 8 0 0
404 175 430 450 0 8 0
404 183 433 453 0 0 0
404 183 436 456 8 8 0
412 191 439 459 0 -8 0
412 183 442 462 0 0 0
412 183 445 465 8 8 0
420 191 448 468 0 -8 0
420 183 451 471 8 8 0
428 191 454 474 0 -8 0
428 183 457 477 0 0 0
428 183 460 480 8 -8 0
436 175 463 483 0 8 0
436 183 466 486 0 0 0
436 183 469 489 8 -8 0
444 175 472 492 0 8 0
444 183 475 495 8 -8 0
452 175 478 498 0 8 0
452 183 481 501 0 -8 0
452 175 484 504 8 0 0
460 175 487 507 0 0 0
460 175 490 510 0 -8 0
460 167 493 513 8 -8 0
468 159 496 516 0 8 0
468 167 499 519 8 0 0
476 167 502 522 0 0 0
476 167 505 525 0 0 0
476 167 508 528 8 0 0
484 167 511 531 0 0 0
484 167 514 534 0 8 0
484 175 517 537 8 -8 0
492 167 520 540 0 0 0
492 167 523 543 8 -8 0
500 159 526 546 0 8 0
500 167 529 549 0 -8 0
500 159 532 552 8 -8 0
508 151 535 555 0 0 0
508 151 538 558 0 8 0
508 159 541 561 8 0 0
516 159 544 564 0 8 0
516 167 547 567 8 0 0
524 167 550 570 0 -8 0
524 159 553 573 0 8 0
524 167 556 576 8 8 0
532 175 559 579 0 8 0
532 183 562 582 0 0 0
532 183 565 585 8 8 0
540 191 568 588 0 0 0
540 191 571 591 8 0 0
540 191 574 588 0 -8 0
540 183 577 585 0 0 0
540 183 580 582 0 8 0
540 191 583 579 0 0 0
540 191 586 576 0 -8 0
540 183 589 573 0 0 0
540 183 592 570 0 8 0
540 191 595 567 0 8 0
540 199 598 564 0 8 0
540 207 601 561 0 0 0
540 207 604 558 0 8 0
540 215 607 555 0 -8 0
540 207 610 552 0 -8 0
540 199 613 549 0 8 0
540 207 616 546 0 -8 0
540 199 619 543 0 8 0
540 207 622 540 0 -8 0
540 199 625 537 0 8 0
540 207 628 534 0 8 0
540 215 631 531 0 8 0
540 223 634 528 0 0 0
540 223 637 525 0 -8 0
540 215 640 522 0 0 0
540 215 643 519 0 -8 0
540 207 646 516 0 -8 0
540 199 649 513 0 -8 0
540 191 652 510 0 8 0
540 199 655 507 0 -8 0
540 191 658 504 0 8 0
540 199 661 501 0 -8 0
540 191 664 498 0 8 0
540 199 667 495 0 8 0
540 207 670 492 0 0 0
540 207 673 489 -8 -8 0
532 199 676 486 0 0 0
532 199 679 483 0 0 0
532 199 682 480 -8 0 0
524 199 685 477 0 8 0
524 207 688 474 0 0 0
524 207 691 471 -8 -8 0
516 199 694 468 0 0 0
516 199 697 465 -8 -8 0
508 191 700 462 0 0 0
508 191 703 459 0 8 0
508 199 706 456 -8 8 0
500 207 709 453 0 8 0
500 215 712 450 0 -8 0
500 207 715 447 -8 -8 0
492 199 718 444 0 -8 0
492 191 721 441 -8 -8 0
484 183 724 438 0 8 0
484 191 727 435 0 -8 0
484 183 730 432 -8 8 0
476 191 733 429 0 -8 0
476 183 736 426 0 8 0
476 191 739 423 -8 0 0
468 191 742 420 0 -8 0
468 183 745 417 -8 0 0
460 183 748 414 0 -8 0
460 175 751 411 0 8 0
460 183 754 408 -8 0 0
452 183 757 405 0 -8 0
452 175 760 402 0 -8 0
452 167 763 399 -8 8 0
444 175 766 396 0 0 0
444 175 769 393 -8 0 0
436 175 772 390 0 0 0
436 175 775 387 0 0 0
436 175 778 384 -8 -8 0
428 167 781 381 0 0 1
428 167 781 381 0 0 1
428 167 781 381 0 0 1
428 167 781 381 0 0 1
428 167 781 381 0 0 1
