496 492 226 243 0 0 0
496 492 223 240 -8 0 0
488 492 220 237 -8 0 0
480 492 217 234 -8 8 0
472 500 214 231 -8 8 0
464 508 211 228 -8 0 0
456 508 208 225 -8 -8 0
448 500 205 222 -8 0 0
440 500 202 219 -8 8 0
432 508 199 216 -8 -8 0
424 500 196 213 -8 8 0
416 508 193 210 -8 -8 0
408 500 190 207 -8 8 0
400 508 187 204 -8 8 0
392 516 184 201 -8 -8 0
384 508 181 198 -8 0 0
376 508 178 195 -8 0 0
368 508 175 192 -8 0 0
360 508 172 189 -8 -8 0
352 500 169 186 -8 0 0
344 500 166 183 -8 0 0
336 500 163 180 -8 8 0
328 508 160 177 -8 -8 0
320 500 157 174 -8 0 0
312 500 154 171 -8 0 0
304 500 151 168 -8 8 0
296 508 148 165 -8 8 0
288 516 145 162 -8 0 0
280 516 142 159 -8 0 0
272 516 139 156 -8 -8 0
264 508 136 153 -8 8 0
256 516 133 150 -8 -8 0
248 508 130 147 -8 8 0
240 516 127 144 -8 8 0
232 524 124 141 -8 8 0
224 532 121 138 -8 0 0
216 532 118 135 -8 -8 0
208 524 115 132 -8 0 0
200 524 112 129 -8 8 0
192 532 109 126 -8 0 0
184 532 106 123 -8 -8 0
176 524 103 120 -8 8 0
168 532 100 117 -8 -8 0
160 524 97 114 0 8 0
160 532 94 111 0 8 0
160 540 91 108 -8 -8 0
152 532 88 105 0 -8 0
152 524 85 102 0 0 0
152 524 82 99 -8 8 0
144 532 79 96 0 0 0
144 532 76 93 -8 -8 0
136 524 73 90 0 -8 0
136 516 70 87 0 8 0
136 524 67 84 -8 -8 0
128 516 64 81 0 0 0
128 516 61 78 0 0 0
128 516 58 75 -8 0 0
120 516 55 72 0 -8 0
120 508 52 69 -8 8 0
112 516 49 66 0 8 0
112 524 46 63 0 8 0
112 532 43 60 -8 0 0
104 532 40 57 0 0 0
104 532 37 54 0 8 0
104 540 34 51 -8 0 0
96 540 31 48 0 8 0
96 540 28 45 -8 0 0
88 540 25 42 0 0 0
88 540 22 39 0 -8 0
88 532 19 36 0 0 1
88 532 19 36 0 0 1
88 532 19 36 0 0 1
88 532 19 36 0 0 1
88 532 19 36 0 0 1
