76 284 466 339 0 0 0
76 284 463 336 8 -8 0
84 276 460 333 8 -8 0
92 268 457 330 8 8 0
100 276 454 327 8 0 0
108 276 451 324 8 8 0
116 284 448 321 8 -8 0
124 276 445 318 8 0 0
132 276 442 315 8 8 0
140 284 439 312 8 -8 0
148 276 436 309 8 -8 0
156 268 433 306 8 0 0
164 268 430 303 8 0 0
172 268 427 300 8 8 0
180 276 424 297 8 8 0
188 284 421 294 8 0 0
196 284 418 291 8 0 0
204 284 415 288 8 8 0
212 292 412 285 8 -8 0
220 284 409 282 8 0 0
228 284 406 279 8 0 0
236 284 403 276 0 0 0
236 284 400 273 0 8 0
236 292 397 270 0 0 0
236 292 394 267 0 -8 0
236 284 391 264 0 0 0
236 284 388 261 0 -8 0
236 276 385 258 0 8 0
236 284 382 255 0 8 0
236 292 379 252 0 -8 0
236 284 376 249 0 0 0
236 284 373 246 0 -8 0
236 276 370 243 0 0 0
236 276 367 240 0 0 0
236 276 364 237 0 8 0
236 284 361 234 0 -8 0
236 276 358 231 0 0 0
236 276 355 228 0 -8 0
236 268 352 225 0 8 0
236 276 349 222 0 0 0
236 276 346 219 0 8 0
236 284 343 216 0 8 0
236 292 340 213 0 8 0
236 300 337 210 0 0 0
236 300 334 207 0 8 0
236 308 331 204 0 8 0
236 316 328 201 0 0 0
236 316 325 198 0 0 0
236 316 322 195 0 8 0
236 324 319 192 0 0 0
236 324 316 189 0 0 0
236 324 313 186 0 0 0
236 324 310 183 -8 -8 0
228 316 307 180 0 0 0
228 316 304 177 -8 -8 0
220 308 301 174 0 8 0
220 316 298 171 0 -8 0
220 308 295 168 -8 8 0
212 316 292 165 0 -8 0
212 308 289 162 0 0 0
212 308 286 159 -8 8 0
204 316 283 156 0 8 0
204 324 280 153 -8 -8 0
196 316 277 150 0 8 0
196 324 274 147 0 -8 0
196 316 271 144 -8 -8 0
188 308 268 141 0 0 0
188 308 265 138 0 0 0
188 308 262 135 -8 -8 0
180 300 259 132 0 8 0
180 308 256 129 -8 8 0
172 316 253 126 0 -8 0
172 308 250 123 0 0 0
172 308 247 120 -8 -8 0
164 300 244 117 0 8 0
164 308 241 114 0 -8 0
164 300 238 111 -8 0 0
156 300 235 108 0 8 0
156 308 232 105 -8 8 0
148 316 229 102 0 -8 0
148 308 226 99 0 8 0
148 316 223 96 -8 0 0
140 316 220 93 0 8 0
140 324 217 90 0 0 0
140 324 214 87 -8 0 0
132 324 211 84 0 -8 0
132 316 208 81 -8 -8 0
124 308 205 78 0 -8 0
124 300 202 75 0 8 0
124 308 199 72 -8 0 0
116 308 196 69 0 8 0
116 316 193 66 0 -8 0
116 308 190 63 -8 8 0
108 316 187 60 0 8 0
108 324 184 57 -8 -8 0
100 316 181 54 0 0 0
100 316 178 51 0 -8 0
100 308 175 48 -8 0 0
92 308 172 45 0 0 0
92 308 169 42 0 0 0
92 308 166 39 -8 0 0
84 308 163 36 0 -8 0
84 300 160 33 -8 0 0
76 300 157 30 0 8 0
76 308 154 27 0 8 0
76 316 151 24 -8 -8 0
68 308 148 21 0 -8 0
68 300 145 18 0 -8 0
68 292 142 15 -8 0 0
60 292 139 12 0 8 0
60 300 136 9 -8 8 0
60 308 133 12 0 8 0
60 316 130 15 0 0 0
60 316 127 18 0 0 0
60 316 124 21 0 -8 0
60 308 121 24 0 -8 0
60 300 118 27 0 0 0
60 300 115 30 0 8 0
60 308 112 33 0 8 0
60 316 109 36 0 0 0
60 316 106 39 0 -8 0
60 308 103 42 0 0 0
60 308 100 45 0 -8 0
60 300 97 48 0 8 0
60 308 94 51 0 -8 0
60 300 91 54 0 -8 0
60 292 88 57 0 0 0
60 292 85 60 0 8 0
60 300 82 63 0 8 0
60 308 79 66 0 0 0
60 308 76 69 0 0 0
60 308 73 72 0 0 0
60 308 70 75 0 8 0
60 316 67 78 0 8 0
60 324 64 81 0 8 0
60 332 61 84 0 0 0
60 332 58 87 0 -8 0
60 324 55 90 0 -8 0
60 316 52 93 0 -8 0
60 308 49 96 0 0 0
60 308 46 99 0 -8 0
60 300 43 102 0 8 0
60 308 40 105 0 0 0
60 308 37 108 0 -8 0
60 300 34 111 8 0 0
68 300 31 114 0 8 0
68 308 28 117 0 0 0
68 308 25 120 8 -8 0
76 300 22 123 0 8 0
76 308 19 126 0 -8 0
76 300 22 129 8 -8 0
84 292 25 132 0 -8 0
84 284 28 135 8 8 0
92 292 31 138 0 8 0
92 300 34 141 0 0 0
92 300 37 144 8 0 0
100 300 40 147 0 0 0
100 300 43 150 0 0 0
100 300 46 153 8 0 0
108 300 49 156 0 -8 0
108 292 52 159 8 0 0
116 292 55 162 0 8 0
116 300 58 165 0 0 0
116 300 61 168 8 0 0
124 300 64 171 0 0 0
124 300 67 174 0 0 0
124 300 70 177 8 0 0
132 300 73 180 0 8 0
132 308 76 183 8 8 0
140 316 79 186 0 0 0
140 316 82 189 0 -8 0
140 308 85 192 8 -8 0
148 300 88 195 0 -8 0
148 292 91 198 0 0 0
148 292 94 201 8 0 0
156 292 97 204 0 -8 0
156 284 100 207 8 0 0
164 284 103 210 0 -8 0
164 276 106 213 0 -8 0
164 268 109 216 8 -8 0
172 260 112 219 0 -8 0
172 252 115 222 0 8 0
172 260 118 225 8 -8 0
180 252 121 228 0 8 0
180 260 124 231 8 8 0
188 268 127 234 0 0 0
188 268 130 237 0 -8 0
188 260 133 240 8 8 0
196 268 136 243 0 0 0
196 268 139 246 0 0 0
196 268 142 249 8 0 0
204 268 145 252 0 0 0
204 268 148 255 8 -8 0
212 260 151 258 0 -8 0
212 252 154 261 0 0 0
212 252 157 264 8 0 0
220 252 160 267 0 8 0
220 260 163 270 0 8 0
220 268 166 273 8 -8 0
228 260 169 276 0 -8 0
228 252 172 279 8 0 0
236 252 175 282 0 -8 0
236 244 178 285 0 0 0
236 244 181 288 8 0 0
244 244 184 291 0 -8 0
244 236 187 294 0 8 0
244 244 190 297 8 8 0
252 252 193 300 0 -8 0
252 244 196 303 8 0 0
260 244 199 306 0 0 0
260 244 202 309 0 -8 0
260 236 205 312 8 0 0
268 236 208 315 0 8 0
268 244 211 318 0 -8 0
268 236 214 321 8 8 0
276 244 217 324 0 -8 0
276 236 220 327 8 0 0
284 236 223 330 0 -8 0
284 228 226 333 0 0 0
284 228 229 336 8 -8 0
292 220 232 339 0 8 0
292 228 235 342 0 0 0
292 228 238 345 8 -8 0
300 220 241 348 0 0 0
300 220 244 351 8 -8 0
308 212 247 354 0 0 0
308 212 250 357 0 8 0
308 220 253 360 8 -8 0
316 212 256 363 0 0 0
316 212 259 366 0 8 0
316 220 262 369 8 8 0
324 228 265 372 0 8 0
324 236 268 375 8 0 0
332 236 271 378 0 -8 0
332 228 274 381 0 8 0
332 236 277 384 8 -8 0
340 228 280 387 0 8 0
340 236 283 390 0 -8 0
340 228 286 393 8 -8 0
348 220 289 396 0 -8 0
348 212 292 399 8 -8 0
356 204 295 402 0 8 0
356 212 298 405 0 0 0
356 212 301 408 8 -8 0
364 204 304 411 0 -8 0
364 196 307 414 0 0 0
364 196 310 417 8 0 0
372 196 313 420 0 0 0
372 196 316 423 8 0 0
380 196 319 426 0 -8 0
380 188 322 429 0 -8 0
380 180 325 432 8 8 0
388 188 328 435 0 -8 0
388 180 331 438 0 0 0
388 180 334 441 8 0 0
396 180 337 444 0 -8 0
396 172 340 447 8 8 0
404 180 343 450 0 8 0
404 188 346 453 0 0 0
404 188 349 456 8 8 0
412 196 352 459 0 0 0
412 196 355 462 0 0 0
412 196 358 465 8 0 0
420 196 361 468 0 0 0
420 196 364 471 8 0 0
428 196 367 474 0 8 0
428 204 370 477 0 8 0
428 212 373 480 8 -8 0
436 204 376 483 0 8 0
436 212 379 486 0 0 0
436 212 382 489 8 0 0
444 212 385 492 0 8 0
444 220 388 495 8 -8 0
452 212 391 498 0 8 0
452 220 394 501 0 8 0
452 228 397 504 8 8 0
460 236 400 507 0 0 0
460 236 403 510 0 -8 0
460 228 406 513 8 8 0
468 236 409 516 0 0 0
468 236 412 519 8 0 0
476 236 415 522 0 0 0
476 236 418 525 0 0 0
476 236 421 528 8 -8 0
484 228 424 531 0 -8 0
484 220 427 534 0 8 0
484 228 430 537 8 -8 0
492 220 433 540 0 -8 0
492 212 436 543 8 0 0
500 212 439 546 0 -8 0
500 204 442 549 0 8 0
500 212 445 552 8 -8 0
508 204 448 555 0 8 0
508 212 451 558 0 0 0
508 212 454 561 8 -8 0
516 204 457 564 0 8 0
516 212 460 567 8 0 0
524 212 463 570 0 -8 0
524 204 466 573 0 -8 0
524 196 469 576 8 8 0
532 204 472 579 0 8 0
532 212 475 582 0 8 0
532 220 478 585 8 -8 0
540 212 481 588 0 0 0
540 212 484 591 8 -8 0
540 204 487 588 0 -8 0
540 196 490 585 0 -8 0
540 188 493 582 0 8 0
540 196 496 579 0 8 0
540 204 499 576 0 0 0
540 204 502 573 0 8 0
540 212 505 570 0 0 0
540 212 508 567 0 8 0
540 220 511 564 0 0 0
540 220 514 561 0 -8 0
540 212 517 558 0 8 0
540 220 520 555 0 -8 0
540 212 523 552 0 0 0
540 212 526 549 0 -8 0
540 204 529 546 0 8 0
540 212 532 543 0 -8 0
540 204 535 540 0 -8 0
540 196 538 537 0 -8 0
540 188 541 534 0 8 0
540 196 544 531 0 8 0
540 204 547 528 0 -8 0
540 196 550 525 0 -8 0
540 188 553 522 0 0 0
540 188 556 519 0 -8 0
540 180 559 516 0 -8 0
540 172 562 513 0 0 0
540 172 565 510 0 0 0
540 172 568 507 0 -8 0
540 164 571 504 0 -8 0
540 156 574 501 0 -8 0
540 148 577 498 0 0 0
540 148 580 495 0 -8 0
540 140 583 492 0 0 0
540 140 586 489 -8 8 0
532 148 589 486 0 0 0
532 148 592 483 0 8 0
532 156 595 480 -8 0 0
524 156 598 477 0 8 0
524 164 601 474 0 0 0
524 164 604 471 -8 8 0
516 172 607 468 0 0 0
516 172 610 465 -8 0 0
508 172 613 462 0 8 0
508 180 616 459 0 8 0
508 188 619 456 -8 -8 0
500 180 622 453 0 0 0
500 180 625 450 0 8 0
500 188 628 447 -8 0 0
492 188 631 444 0 8 0
492 196 634 441 -8 8 0
484 204 637 438 0 -8 0
484 196 640 435 0 8 0
484 204 643 432 -8 -8 0
476 196 646 429 0 8 0
476 204 649 426 0 0 0
476 204 652 423 -8 8 0
468 212 655 420 0 -8 0
468 204 658 417 -8 -8 0
460 196 661 414 0 0 0
460 196 664 411 0 0 0
460 196 667 408 -8 -8 0
452 188 670 405 0 8 0
452 196 673 402 0 0 0
452 196 676 399 -8 8 0
444 204 679 396 0 -8 0
444 196 682 393 -8 8 0
436 204 685 390 0 0 0
436 204 688 387 0 0 0
436 204 691 384 -8 8 0
428 212 694 381 0 0 0
428 212 697 378 0 -8 0
428 204 700 375 -8 -8 0
420 196 703 372 0 -8 0
420 188 706 369 -8 0 0
412 188 709 366 0 0 0
412 188 712 363 0 -8 0
412 180 715 360 -8 0 0
404 180 718 357 0 -8 0
404 172 721 354 0 8 0
404 180 724 351 -8 0 0
396 180 727 348 0 0 0
396 180 730 345 -8 -8 0
388 172 733 342 0 8 0
388 180 736 339 0 -8 0
388 172 739 336 -8 8 0
380 180 742 333 0 8 0
380 188 745 330 0 -8 0
380 180 748 327 -8 8 0
372 188 751 324 0 0 0
372 188 754 321 -8 -8 0
364 180 757 318 0 8 0
364 188 760 315 0 8 0
364 196 763 312 -8 8 0
356 204 766 309 0 8 0
356 212 769 306 0 -8 0
356 204 772 303 -8 8 0
348 212 775 300 0 8 0
348 220 778 297 -8 8 0
340 228 781 294 0 0 1
340 228 781 294 0 0 1
340 228 781 294 0 0 1
340 228 781 294 0 0 1
340 228 781 294 0 0 1
