472 520 265 408 0 0 0
472 520 262 411 -8 0 0
464 520 259 414 0 8 0
464 528 256 417 0 0 0
464 528 253 420 0 -8 0
464 520 250 423 0 -8 0
464 512 247 426 0 0 0
464 512 244 429 0 0 0
464 512 241 432 0 8 0
464 520 238 435 0 -8 0
464 512 235 438 0 -8 0
464 504 232 441 0 0 0
464 504 229 444 0 -8 0
464 496 226 447 0 -8 0
464 488 223 450 0 8 0
464 496 220 453 0 -8 0
464 488 217 456 0 8 0
464 496 214 459 0 -8 0
464 488 211 462 0 8 0
464 496 208 465 0 8 0
464 504 205 468 0 -8 0
464 496 202 471 0 0 0
464 496 199 474 0 -8 0
464 488 196 477 0 -8 0
464 480 193 480 0 -8 0
464 472 190 483 0 -8 0
464 464 187 486 0 -8 0
464 456 184 489 0 8 0
464 464 181 492 0 8 0
464 472 178 495 0 8 0
464 480 175 498 0 8 0
464 488 172 501 0 0 0
464 488 169 504 0 -8 0
464 480 166 507 0 0 0
464 480 163 510 0 8 0
464 488 160 513 0 8 0
464 496 157 516 8 -8 0
472 488 154 519 0 8 0
472 496 151 522 0 -8 0
472 488 148 525 8 -8 0
480 480 145 528 0 8 0
480 488 142 531 8 8 0
488 496 139 534 0 -8 0
488 488 136 537 0 0 0
488 488 133 540 8 0 0
496 488 130 543 0 -8 0
496 480 127 546 0 8 0
496 488 124 549 8 8 0
504 496 121 552 0 -8 0
504 488 118 555 8 -8 0
512 480 115 558 0 0 0
512 480 112 561 0 8 0
512 488 109 564 8 0 0
520 488 106 567 0 -8 0
520 480 103 570 0 -8 0
520 472 100 573 8 0 0
528 472 97 576 0 0 0
528 472 94 579 8 0 0
536 472 91 582 0 -8 0
536 464 88 585 0 0 0
536 464 85 588 8 8 0
540 472 82 591 8 8 0
540 480 79 588 0 8 0
540 488 76 585 0 -8 0
540 480 73 582 0 0 0
540 480 70 579 0 0 0
540 480 67 576 0 -8 0
540 472 64 573 0 8 0
540 480 61 570 0 -8 0
540 472 58 567 0 -8 0
540 464 55 564 0 8 0
540 472 52 561 0 0 0
540 472 49 558 0 8 0
540 480 46 555 0 0 0
540 480 43 552 0 8 0
540 488 40 549 0 8 0
540 496 37 546 0 0 0
540 496 34 543 0 0 0
540 496 31 540 0 0 0
540 496 28 537 0 -8 0
540 488 25 534 0 -8 0
540 480 22 531 0 8 0
540 488 19 528 0 -8 0
540 480 22 525 0 -8 0
540 472 25 522 0 -8 0
540 464 28 519 0 8 0
540 472 31 516 0 0 0
540 472 34 513 0 0 0
540 472 37 510 0 8 0
540 480 40 507 0 8 0
540 488 43 504 0 8 0
540 496 46 501 0 8 0
540 504 49 498 0 -8 0
540 496 52 495 0 -8 0
540 488 55 492 0 8 0
540 496 58 489 -8 0 0
532 496 61 486 0 -8 0
532 488 64 483 0 0 0
532 488 67 480 -8 8 0
524 496 70 477 0 -8 0
524 488 73 474 0 8 0
524 496 76 471 -8 0 0
516 496 79 468 0 -8 0
516 488 82 465 -8 -8 0
508 480 85 462 0 8 0
508 488 88 459 0 -8 0
508 480 91 456 -8 8 0
500 488 94 453 0 -8 0
500 480 97 450 0 -8 0
500 472 100 447 -8 -8 0
492 464 103 444 0 0 0
492 464 106 441 -8 0 0
484 464 109 438 0 -8 0
484 456 112 435 0 8 0
484 464 115 432 -8 0 0
476 464 118 429 0 -8 0
476 456 121 426 0 0 0
476 456 124 423 -8 0 0
468 456 127 420 0 -8 0
468 448 130 417 -8 -8 0
460 440 133 414 0 -8 0
460 432 136 411 0 -8 0
460 424 139 408 -8 0 0
452 424 142 405 0 -8 0
452 416 145 402 0 8 0
452 424 148 399 -8 -8 0
444 416 151 396 0 0 0
444 416 154 393 -8 -8 0
436 408 157 390 0 8 0
436 416 160 387 0 0 0
436 416 163 384 -8 -8 0
428 408 166 381 0 0 0
428 408 169 378 0 -8 0
428 400 172 375 -8 -8 0
420 392 175 372 0 0 0
420 392 178 369 -8 8 0
412 400 181 366 0 0 0
412 400 184 363 0 0 0
412 400 187 360 -8 8 0
404 408 190 357 0 0 0
404 408 193 354 0 -8 0
404 400 196 351 -8 -8 0
396 392 199 348 0 8 0
396 400 202 345 -8 -8 0
388 392 205 342 0 -8 0
388 384 208 339 0 0 0
388 384 211 336 -8 8 0
380 392 214 333 0 -8 0
380 384 217 330 0 0 0
380 384 220 327 -8 8 0
372 392 223 324 0 0 0
372 392 226 321 -8 0 0
364 392 229 318 0 -8 0
364 384 232 315 0 -8 0
364 376 235 312 -8 8 0
356 384 238 309 0 8 0
356 392 241 306 0 0 0
356 392 244 303 -8 8 0
348 400 247 300 0 0 0
348 400 250 297 -8 8 0
340 408 253 294 0 -8 0
340 400 256 291 0 8 0
340 408 259 288 -8 -8 0
332 400 262 285 0 0 0
332 400 265 282 0 8 0
332 408 268 279 -8 8 0
324 416 271 276 0 0 0
324 416 274 273 -8 8 0
316 424 277 270 0 -8 0
316 416 280 267 0 8 0
316 424 283 264 -8 8 0
308 432 286 261 0 -8 0
308 424 289 258 0 0 0
308 424 292 255 -8 8 0
300 432 295 252 0 -8 0
300 424 298 249 -8 8 0
292 432 301 246 0 8 0
292 440 304 243 0 -8 0
292 432 307 240 -8 0 0
284 432 310 237 0 -8 0
284 424 313 234 0 8 0
284 432 316 231 -8 -8 0
276 424 319 228 0 0 0
276 424 322 225 -8 -8 0
268 416 325 222 0 0 0
268 416 328 219 0 0 0
268 416 331 216 -8 -8 0
260 408 334 213 0 0 0
260 408 337 210 0 -8 0
260 400 340 207 -8 -8 0
252 392 343 204 0 0 0
252 392 346 201 -8 0 0
244 392 349 198 0 0 0
244 392 352 195 0 -8 0
244 384 355 192 -8 8 0
236 392 358 189 0 8 0
236 400 361 186 0 0 0
236 400 364 183 -8 -8 0
228 392 367 180 0 8 0
228 400 370 177 -8 8 0
220 408 373 174 0 -8 0
220 400 376 171 0 0 0
220 400 379 168 -8 -8 0
212 392 382 165 0 -8 0
212 384 385 162 0 8 0
212 392 388 159 -8 0 0
204 392 391 156 0 8 0
204 400 394 153 -8 -8 0
196 392 397 150 0 0 0
196 392 400 147 0 -8 0
196 384 403 144 -8 -8 0
188 376 406 141 0 0 0
188 376 409 138 0 -8 0
188 368 412 135 -8 -8 0
180 360 415 132 0 0 0
180 360 418 129 -8 8 0
172 368 421 126 0 8 0
172 376 424 123 0 -8 0
172 368 427 120 -8 -8 0
164 360 430 117 0 8 0
164 368 433 114 0 -8 0
164 360 436 111 -8 0 0
156 360 439 108 0 -8 0
156 352 442 105 -8 8 0
148 360 445 102 0 -8 0
148 352 448 99 0 0 0
148 352 451 96 -8 -8 0
140 344 454 93 0 8 0
140 352 457 90 0 -8 0
140 344 460 87 -8 0 0
132 344 463 84 0 8 0
132 352 466 81 -8 -8 0
124 344 469 78 0 8 0
124 352 472 75 0 -8 0
124 344 475 72 -8 8 0
116 352 478 69 0 0 0
116 352 481 66 0 0 0
116 352 484 63 -8 0 0
108 352 487 60 0 -8 0
108 344 490 57 -8 0 0
100 344 493 54 0 -8 0
100 336 496 51 0 8 0
100 344 499 48 -8 8 0
92 352 502 45 0 0 0
92 352 505 42 0 8 0
92 360 508 39 -8 8 0
84 368 511 36 0 -8 0
84 360 514 33 -8 -8 0
76 352 517 30 0 8 0
76 360 520 27 0 -8 0
76 352 523 24 -8 8 0
68 360 526 21 0 0 0
68 360 529 18 0 0 0
68 360 532 15 -8 -8 0
60 352 535 12 0 0 0
60 352 538 9 -8 0 0
60 352 541 12 0 -8 0
60 344 544 15 0 8 0
60 352 547 18 0 -8 0
60 344 550 21 0 8 0
60 352 553 24 0 -8 0
60 344 556 27 0 -8 0
60 336 559 30 0 -8 0
60 328 562 33 0 -8 0
60 320 565 36 0 0 0
60 320 568 39 0 0 0
60 320 571 42 0 8 0
60 328 574 45 0 -8 0
60 320 577 48 0 8 0
60 328 580 51 0 8 0
60 336 583 54 0 -8 0
60 328 586 57 0 -8 0
60 320 589 60 0 8 0
60 328 592 63 0 8 0
60 336 595 66 0 0 0
60 336 598 69 0 8 0
60 344 601 72 0 8 0
60 352 604 75 0 -8 0
60 344 607 78 0 -8 0
60 336 610 81 0 0 0
60 336 613 84 0 -8 0
60 328 616 87 0 8 0
60 336 619 90 0 -8 0
60 328 622 93 0 0 0
60 328 625 96 0 8 0
60 336 628 99 0 -8 0
60 328 631 102 0 8 0
60 336 634 105 0 0 0
60 336 637 108 0 0 0
60 336 640 111 8 8 0
68 344 643 114 0 8 0
68 352 646 117 0 -8 0
68 344 649 120 8 0 0
76 344 652 123 0 0 0
76 344 655 126 0 8 0
76 352 658 129 8 -8 0
84 344 661 132 0 0 0
84 344 664 135 8 -8 0
92 336 667 138 0 -8 0
92 328 670 141 0 -8 0
92 320 673 144 8 0 0
100 320 676 147 0 0 0
100 320 679 150 0 -8 0
100 312 682 153 8 0 0
108 312 685 156 0 0 0
108 312 688 159 8 0 0
116 312 691 162 0 8 0
116 320 694 165 0 -8 0
116 312 697 168 8 8 0
124 320 700 171 0 8 0
124 328 703 174 0 8 0
124 336 706 177 8 0 0
132 336 709 180 0 -8 0
132 328 712 183 8 -8 0
140 320 715 186 0 0 0
140 320 718 189 0 8 0
140 328 721 192 8 8 0
148 336 724 195 0 0 0
148 336 727 198 0 8 0
148 344 730 201 8 -8 0
156 336 733 204 0 0 0
156 336 736 207 8 8 0
164 344 739 210 0 8 0
164 352 742 213 0 0 0
164 352 745 216 8 0 0
172 352 748 219 0 -8 0
172 344 751 222 0 -8 0
172 336 754 225 8 0 0
180 336 757 228 0 -8 0
180 328 760 231 8 -8 0
188 320 763 234 0 0 0
188 320 766 237 0 8 0
188 328 769 240 8 -8 0
196 320 772 243 0 8 0
196 328 775 246 0 8 0
196 336 778 249 8 8 0
204 344 781 252 0 0 1
204 344 781 252 0 0 1
204 344 781 252 0 0 1
204 344 781 252 0 0 1
204 344 781 252 0 0 1
