276 377 112 294 0 0 0
276 377 115 291 0 -8 0
276 369 118 288 0 8 0
276 377 121 285 0 -8 0
276 369 124 282 0 0 0
276 369 127 279 0 -8 0
276 361 130 276 0 -8 0
276 353 133 273 0 -8 0
276 345 136 270 0 -8 0
276 337 139 267 0 0 0
276 337 142 264 0 -8 0
276 329 145 261 0 0 0
276 329 148 258 0 8 0
276 337 151 255 0 0 0
276 337 154 252 0 0 0
276 337 157 249 0 0 0
276 337 160 246 0 -8 0
276 329 163 243 0 8 0
276 337 166 240 0 0 0
276 337 169 237 0 -8 0
276 329 172 234 0 0 0
276 329 175 231 0 -8 0
276 321 178 228 0 8 0
276 329 181 225 -8 -8 0
268 321 184 222 0 8 0
268 329 187 219 0 0 0
268 329 190 216 -8 -8 0
260 321 193 213 0 8 0
260 329 196 210 0 0 0
260 329 199 207 -8 -8 0
252 321 202 204 0 0 0
252 321 205 201 -8 -8 0
244 313 208 198 0 8 0
244 321 211 195 0 0 0
244 321 214 192 -8 8 0
236 329 217 189 0 0 0
236 329 220 186 0 -8 0
236 321 223 183 -8 8 0
228 329 226 180 0 0 0
228 329 229 177 -8 -8 0
220 321 232 174 0 -8 0
220 313 235 171 0 8 0
220 321 238 168 -8 -8 0
212 313 241 165 0 8 0
212 321 244 162 0 8 0
212 329 247 159 -8 0 0
204 329 250 156 0 8 0
204 337 253 153 -8 8 0
196 345 256 150 0 8 0
196 353 259 147 0 0 0
196 353 262 144 -8 8 0
188 361 265 141 0 8 0
188 369 268 138 0 0 0
188 369 271 135 -8 -8 0
180 361 274 132 0 -8 0
180 353 277 129 -8 -8 0
172 345 280 126 0 8 0
172 353 283 123 0 0 0
172 353 286 120 -8 0 0
164 353 289 117 0 0 0
164 353 292 114 0 -8 0
164 345 295 111 -8 -8 0
156 337 298 108 0 8 0
156 345 301 105 -8 -8 0
148 337 304 102 0 -8 0
148 329 307 99 0 0 0
148 329 310 96 -8 0 0
140 329 313 93 0 -8 0
140 321 316 90 0 -8 0
140 313 319 87 -8 -8 0
132 305 322 84 0 8 0
132 313 325 81 -8 0 0
124 313 328 78 0 -8 0
124 305 331 75 0 8 0
124 313 334 72 -8 -8 0
116 305 337 69 0 0 0
116 305 340 66 0 0 0
116 305 343 63 -8 -8 0
108 297 346 60 0 0 0
108 297 349 57 -8 -8 0
100 289 352 54 0 0 0
100 289 355 51 0 8 0
100 297 358 48 -8 8 0
92 305 361 45 0 0 0
92 305 364 42 0 -8 0
92 297 367 39 -8 8 0
84 305 370 36 0 0 0
84 305 373 33 -8 0 0
76 305 376 30 0 -8 0
76 297 379 27 0 -8 0
76 289 382 24 -8 -8 0
68 281 385 21 0 -8 0
68 273 388 18 0 0 0
68 273 391 15 -8 -8 0
60 265 394 12 0 -8 0
60 257 397 9 -8 8 0
60 265 400 12 0 -8 0
60 257 403 15 0 0 0
60 257 406 18 0 -8 0
60 249 409 21 0 0 0
60 249 412 24 0 0 0
60 249 415 27 0 0 0
60 249 418 30 0 8 0
60 257 421 33 0 0 0
60 257 424 36 0 8 0
60 265 427 39 0 8 0
60 273 430 42 0 -8 0
60 265 433 45 0 0 0
60 265 436 48 0 8 0
60 273 439 51 0 -8 0
60 265 442 54 0 0 0
60 265 445 57 0 -8 0
60 257 448 60 0 -8 0
60 249 451 63 0 8 0
60 257 454 66 0 8 0
60 265 457 69 0 -8 0
60 257 460 72 0 0 0
60 257 463 75 0 -8 0
60 249 466 78 0 8 0
60 257 469 81 0 0 0
60 257 472 84 0 8 0
60 265 475 87 0 8 0
60 273 478 90 0 0 0
60 273 481 93 0 8 0
60 281 484 96 0 0 0
60 281 487 99 0 0 0
60 281 490 102 0 -8 0
60 273 493 105 0 -8 0
60 265 496 108 0 -8 0
60 257 499 111 8 -8 0
68 249 502 114 0 0 0
68 249 505 117 0 0 0
68 249 508 120 8 -8 0
76 241 511 123 0 -8 0
76 233 514 126 0 8 0
76 241 517 129 8 8 0
84 249 520 132 0 8 0
84 257 523 135 8 0 0
92 257 526 138 0 -8 0
92 249 529 141 0 0 0
92 249 532 144 8 8 0
100 257 535 147 0 -8 0
100 249 538 150 0 8 0
100 257 541 153 8 8 0
108 265 544 156 0 8 0
108 273 547 159 8 8 0
116 281 550 162 0 8 0
116 289 553 165 0 -8 0
116 281 556 168 8 8 0
124 289 559 171 0 8 0
124 297 562 174 0 -8 0
124 289 565 177 8 0 0
132 289 568 180 0 0 0
132 289 571 183 8 0 0
140 289 574 186 0 0 0
140 289 577 189 0 0 0
140 289 580 192 8 8 0
148 297 583 195 0 8 0
148 305 586 198 0 -8 0
148 297 589 201 8 -8 0
156 289 592 204 0 -8 0
156 281 595 207 8 -8 0
164 273 598 210 0 -8 0
164 265 601 213 0 8 0
164 273 604 216 8 8 0
172 281 607 219 0 0 0
172 281 610 222 0 0 0
172 281 613 225 8 0 0
180 281 616 228 0 0 0
180 281 619 231 8 0 0
188 281 622 234 0 0 0
188 281 625 237 0 8 0
188 289 628 240 8 8 0
196 297 631 243 0 0 0
196 297 634 246 0 0 0
196 297 637 249 8 -8 0
204 289 640 252 0 0 0
204 289 643 255 8 8 0
212 297 646 258 0 -8 0
212 289 649 261 0 0 0
212 289 652 264 8 8 0
220 297 655 267 0 -8 0
220 289 658 270 0 0 0
220 289 661 273 8 -8 0
228 281 664 276 0 -8 0
228 273 667 279 8 -8 0
236 265 670 282 0 0 0
236 265 673 285 0 8 0
236 273 676 288 8 0 0
244 273 679 291 0 8 0
244 281 682 294 0 8 0
244 289 685 297 8 8 0
252 297 688 300 0 8 0
252 305 691 303 8 0 0
260 305 694 306 0 0 0
260 305 697 309 0 0 0
260 305 700 312 8 -8 0
268 297 703 315 0 -8 0
268 289 706 318 0 -8 0
268 281 709 321 8 8 0
276 289 712 324 0 -8 0
276 281 715 327 8 8 0
284 289 718 330 0 -8 0
284 281 721 333 0 0 0
284 281 724 336 8 -8 0
292 273 727 339 0 0 0
292 273 730 342 0 0 0
292 273 733 345 8 8 0
300 281 736 348 0 0 0
300 281 739 351 8 0 0
308 281 742 354 0 -8 0
308 273 745 357 0 0 0
308 273 748 360 8 -8 0
316 265 751 363 0 -8 0
316 257 754 366 0 0 0
316 257 757 369 8 0 0
324 257 760 372 0 0 0
324 257 763 375 8 -8 0
332 249 766 378 0 -8 0
332 241 769 381 0 8 0
332 249 772 384 8 8 0
340 257 775 387 0 0 0
340 257 778 390 0 0 0
340 257 781 393 0 0 1
340 257 781 393 0 0 1
340 257 781 393 0 0 1
340 257 781 393 0 0 1
340 257 781 393 0 0 1
