387 293 595 108 0 0 0
387 293 592 105 -8 0 0
379 293 589 102 -8 -8 0
371 285 586 99 -8 -8 0
363 277 583 96 -8 -8 0
355 269 580 93 -8 -8 0
347 261 577 90 -8 -8 0
339 253 574 87 -8 8 0
331 261 571 84 -8 -8 0
323 253 568 81 -8 8 0
315 261 565 78 -8 0 0
307 261 562 75 -8 -8 0
299 253 559 72 -8 -8 0
291 245 556 69 -8 -8 0
283 237 553 66 -8 8 0
275 245 550 63 -8 0 0
267 245 547 60 -8 8 0
259 253 544 57 -8 -8 0
251 245 541 54 -8 0 0
243 245 538 51 -8 0 0
235 245 535 48 -8 0 0
227 245 532 45 -8 -8 0
219 237 529 42 -8 0 0
211 237 526 39 -8 0 0
203 237 523 36 -8 0 0
195 237 520 33 -8 8 0
187 245 517 30 -8 8 0
179 253 514 27 -8 8 0
171 261 511 24 -8 -8 0
163 253 508 21 -8 0 0
155 253 505 18 -8 8 0
147 261 502 15 -8 8 0
139 269 499 12 -8 0 0
131 269 496 9 -8 -8 0
123 261 493 12 -8 8 0
115 269 490 15 -8 -8 0
107 261 487 18 -8 8 0
99 269 484 21 -8 0 0
91 269 481 24 -8 -8 0
83 261 478 27 -8 8 0
75 269 475 30 0 -8 0
75 261 472 33 0 8 0
75 269 469 36 0 0 0
75 269 466 39 0 8 0
75 277 463 42 0 0 0
75 277 460 45 0 0 0
75 277 457 48 0 0 0
75 277 454 51 0 0 0
75 277 451 54 0 -8 0
75 269 448 57 0 -8 0
75 261 445 60 0 0 0
75 261 442 63 0 0 0
75 261 439 66 0 8 0
75 269 436 69 0 0 0
75 269 433 72 0 -8 0
75 261 430 75 0 -8 0
75 253 427 78 0 0 0
75 253 424 81 0 8 0
75 261 421 84 0 -8 0
75 253 418 87 0 -8 0
75 245 415 90 0 -8 0
75 237 412 93 0 -8 0
75 229 409 96 0 0 0
75 229 406 99 0 8 0
75 237 403 102 0 -8 0
75 229 400 105 0 0 0
75 229 397 108 0 -8 0
75 221 394 111 0 0 0
75 221 391 114 0 0 0
75 221 388 117 0 -8 0
75 213 385 120 0 -8 0
75 205 382 123 0 0 0
75 205 379 126 8 0 0
83 205 376 129 0 0 0
83 205 373 132 0 0 0
83 205 370 135 8 8 0
91 213 367 138 0 -8 0
91 205 364 141 0 8 0
91 213 361 144 8 -8 0
99 205 358 147 0 0 0
99 205 355 150 8 -8 0
107 197 352 153 0 8 0
107 205 349 156 0 -8 0
107 197 346 159 8 8 0
115 205 343 162 0 8 0
115 213 340 165 0 0 0
115 213 337 168 8 8 0
123 221 334 171 0 0 0
123 221 331 174 8 8 0
131 229 328 177 0 8 0
131 237 325 180 0 -8 0
131 229 322 183 8 -8 0
139 221 319 186 0 8 0
139 229 316 189 0 -8 0
139 221 313 192 8 -8 0
147 213 310 195 0 0 0
147 213 307 198 8 0 0
155 213 304 201 0 0 0
155 213 301 204 0 8 0
155 221 298 207 8 8 0
163 229 295 210 0 -8 0
163 221 292 213 0 -8 0
163 213 289 216 8 0 0
171 213 286 219 0 8 0
171 221 283 222 8 8 0
179 229 280 225 0 0 0
179 229 277 228 0 8 0
179 237 274 231 8 -8 0
187 229 271 234 0 -8 0
187 221 268 237 0 0 0
187 221 265 240 8 -8 0
195 213 262 243 0 8 0
195 221 259 246 8 8 0
203 229 256 249 0 8 0
203 237 253 252 0 0 0
203 237 250 255 8 8 0
211 245 247 258 0 0 0
211 245 244 261 0 0 0
211 245 241 264 8 8 0
219 253 238 267 0 0 0
219 253 235 270 8 0 0
227 253 232 273 0 0 0
227 253 229 276 0 8 0
227 261 226 279 8 8 0
235 269 223 282 0 -8 0
235 261 220 285 0 -8 0
235 253 217 288 8 -8 0
243 245 214 291 0 -8 0
243 237 211 294 8 8 0
251 245 208 297 0 8 0
251 253 205 300 0 8 0
251 261 202 303 8 -8 0
259 253 199 306 0 -8 0
259 245 196 309 0 8 0
259 253 193 312 8 8 0
267 261 190 315 0 8 0
267 269 187 318 8 -8 0
275 261 184 321 0 8 0
275 269 181 324 0 -8 0
275 261 178 327 8 -8 0
283 253 175 330 0 -8 0
283 245 172 333 0 -8 0
283 237 169 336 8 0 0
291 237 166 339 0 0 0
291 237 163 342 8 0 0
299 237 160 345 0 -8 0
299 229 157 348 0 -8 0
299 221 154 351 8 8 0
307 229 151 354 0 0 0
307 229 148 357 0 -8 0
307 221 145 360 8 0 0
315 221 142 363 0 8 0
315 229 139 366 8 -8 0
323 221 136 369 0 -8 0
323 213 133 372 0 -8 0
323 205 130 375 8 0 0
331 205 127 378 0 8 0
331 213 124 381 0 8 0
331 221 121 384 8 -8 0
339 213 118 387 0 -8 0
339 205 115 390 8 -8 0
347 197 112 393 0 8 0
347 205 109 396 0 -8 0
347 197 106 399 8 0 0
355 197 103 402 0 0 0
355 197 100 405 0 0 0
355 197 97 408 8 -8 0
363 189 94 411 0 -8 0
363 181 91 414 8 8 0
371 189 88 417 0 8 0
371 197 85 420 0 8 0
371 205 82 423 8 -8 0
379 197 79 426 0 -8 0
379 189 76 429 0 -8 0
379 181 73 432 8 -8 0
387 173 70 435 0 0 0
387 173 67 438 8 -8 0
395 165 64 441 0 -8 0
395 157 61 444 0 -8 0
395 149 58 447 8 0 0
403 149 55 450 0 0 0
403 149 52 453 0 0 0
403 149 49 456 8 8 0
411 157 46 459 0 8 0
411 165 43 462 8 -8 0
419 157 40 465 0 -8 0
419 149 37 468 0 -8 0
419 141 34 471 8 -8 0
427 133 31 474 0 8 0
427 141 28 477 0 0 0
427 141 25 480 8 -8 0
435 133 22 483 0 0 0
435 133 19 486 0 0 1
435 133 19 486 0 0 1
435 133 19 486 0 0 1
435 133 19 486 0 0 1
435 133 19 486 0 0 1
