453 488 469 453 0 0 0
453 488 472 450 0 -8 0
453 480 475 447 0 -8 0
453 472 478 444 0 -8 0
453 464 481 441 0 0 0
453 464 484 438 0 8 0
453 472 487 435 0 0 0
453 472 490 432 0 -8 0
453 464 493 429 0 8 0
453 472 496 426 0 8 0
453 480 499 423 0 0 0
453 480 502 420 0 0 0
453 480 505 417 0 0 0
453 480 508 414 0 0 0
453 480 511 411 0 8 0
453 488 514 408 0 -8 0
453 480 517 405 0 8 0
453 488 520 402 -8 0 0
445 488 523 399 0 0 0
445 488 526 396 0 0 0
445 488 529 393 -8 0 0
437 488 532 390 0 8 0
437 496 535 387 0 -8 0
437 488 538 384 -8 0 0
429 488 541 381 0 0 0
429 488 544 378 -8 0 0
421 488 547 375 0 -8 0
421 480 550 372 0 -8 0
421 472 553 369 -8 0 0
413 472 556 366 0 8 0
413 480 559 363 0 -8 0
413 472 562 360 -8 8 0
405 480 565 357 0 8 0
405 488 568 354 -8 0 0
397 488 571 351 0 -8 0
397 480 574 348 0 -8 0
397 472 577 345 -8 0 0
389 472 580 342 0 -8 0
389 464 583 339 0 -8 0
389 456 586 336 -8 8 0
381 464 589 333 0 -8 0
381 456 592 330 -8 -8 0
373 448 595 327 0 8 0
373 456 598 324 0 -8 0
373 448 601 321 -8 8 0
365 456 604 318 0 8 0
365 464 607 315 0 8 0
365 472 610 312 -8 0 0
357 472 613 309 0 0 0
357 472 616 306 -8 0 0
349 472 619 303 0 0 0
349 472 622 300 0 0 0
349 472 625 297 -8 -8 0
341 464 628 294 0 0 0
341 464 631 291 0 8 0
341 472 634 288 -8 8 0
333 480 637 285 0 8 0
333 488 640 282 -8 0 0
325 488 643 279 0 8 0
325 496 646 276 0 8 0
325 504 649 273 -8 0 0
317 504 652 270 0 0 0
317 504 655 267 0 -8 0
317 496 658 264 -8 0 0
309 496 661 261 0 0 0
309 496 664 258 -8 8 0
301 504 667 255 0 8 0
301 512 670 252 0 0 0
301 512 673 249 -8 8 0
293 520 676 246 0 8 0
293 528 679 243 0 8 0
293 536 682 240 -8 -8 0
285 528 685 237 0 8 0
285 536 688 234 -8 -8 0
277 528 691 231 0 8 0
277 536 694 228 0 -8 0
277 528 697 225 -8 -8 0
269 520 700 222 0 8 0
269 528 703 219 0 8 0
269 536 706 216 -8 -8 0
261 528 709 213 0 8 0
261 536 712 210 -8 8 0
253 540 715 207 0 -8 0
253 532 718 204 0 0 0
253 532 721 201 -8 0 0
245 532 724 198 0 -8 0
245 524 727 195 0 8 0
245 532 730 192 -8 0 0
237 532 733 189 0 0 0
237 532 736 186 -8 8 0
229 540 739 183 0 -8 0
229 532 742 180 0 -8 0
229 524 745 177 -8 0 0
221 524 748 174 0 8 0
221 532 751 171 0 -8 0
221 524 754 168 -8 8 0
213 532 757 165 0 8 0
213 540 760 162 -8 8 0
205 540 763 159 0 0 0
205 540 766 156 0 8 0
205 540 769 153 -8 0 0
197 540 772 150 0 8 0
197 540 775 147 0 8 0
197 540 778 144 -8 8 0
189 540 781 141 0 0 1
189 540 781 141 0 0 1
189 540 781 141 0 0 1
189 540 781 141 0 0 1
189 540 781 141 0 0 1
