253 361 154 267 0 0 0
253 361 157 270 0 8 0
253 369 160 273 0 0 0
253 369 163 276 0 -8 0
253 361 166 279 0 0 0
253 361 169 282 0 8 0
253 369 172 285 0 0 0
253 369 175 288 0 8 0
253 377 178 291 0 -8 0
253 369 181 294 0 0 0
253 369 184 297 0 0 0
253 369 187 300 0 -8 0
253 361 190 303 0 0 0
253 361 193 306 8 -8 0
261 353 196 309 0 8 0
261 361 199 312 8 0 0
269 361 202 315 0 -8 0
269 353 205 318 0 -8 0
269 345 208 321 8 -8 0
277 337 211 324 0 -8 0
277 329 214 327 0 -8 0
277 321 217 330 8 0 0
285 321 220 333 0 8 0
285 329 223 336 8 0 0
293 329 226 339 0 8 0
293 337 229 342 0 8 0
293 345 232 345 8 0 0
301 345 235 348 0 0 0
301 345 238 351 0 -8 0
301 337 241 354 8 0 0
309 337 244 357 0 0 0
309 337 247 360 8 8 0
317 345 250 363 0 0 0
317 345 253 366 0 8 0
317 353 256 369 8 0 0
325 353 259 372 0 8 0
325 361 262 375 0 -8 0
325 353 265 378 8 0 0
333 353 268 381 0 -8 0
333 345 271 384 8 -8 0
341 337 274 387 0 -8 0
341 329 277 390 0 0 0
341 329 280 393 8 8 0
349 337 283 396 0 0 0
349 337 286 399 0 -8 0
349 329 289 402 8 -8 0
357 321 292 405 0 0 0
357 321 295 408 8 0 0
365 321 298 411 0 0 0
365 321 301 414 0 0 0
365 321 304 417 8 8 0
373 329 307 420 0 -8 0
373 321 310 423 0 8 0
373 329 313 426 8 -8 0
381 321 316 429 0 -8 0
381 313 319 432 8 0 0
389 313 322 435 0 8 0
389 321 325 438 0 8 0
389 329 328 441 8 -8 0
397 321 331 444 0 -8 0
397 313 334 447 0 8 0
397 321 337 450 8 -8 0
405 313 340 453 0 -8 0
405 305 343 456 8 0 0
413 305 346 459 0 -8 0
413 297 349 462 0 0 0
413 297 352 465 8 -8 0
421 289 355 468 0 -8 0
421 281 358 471 0 8 0
421 289 361 474 8 -8 0
429 281 364 477 0 8 0
429 289 367 480 8 -8 0
437 281 370 483 0 8 0
437 289 373 486 0 8 0
437 297 376 489 8 -8 0
445 289 379 492 0 8 0
445 297 382 495 0 0 0
445 297 385 498 8 0 0
453 297 388 501 0 8 0
453 305 391 504 8 -8 0
461 297 394 507 0 -8 0
461 289 397 510 0 8 0
461 297 400 513 8 0 0
469 297 403 516 0 0 0
469 297 406 519 0 0 0
469 297 409 522 8 8 0
477 305 412 525 0 0 0
477 305 415 528 8 0 0
485 305 418 531 0 -8 0
485 297 421 534 0 0 0
485 297 424 537 8 0 0
493 297 427 540 0 8 0
493 305 430 543 0 -8 0
493 297 433 546 8 0 0
501 297 436 549 0 8 0
501 305 439 552 8 0 0
509 305 442 555 0 0 0
509 305 445 558 0 8 0
509 313 448 561 8 8 0
517 321 451 564 0 0 0
517 321 454 567 0 8 0
517 329 457 570 8 0 0
525 329 460 573 0 8 0
525 337 463 576 8 -8 0
533 329 466 579 0 -8 0
533 321 469 582 0 0 0
533 321 472 585 8 -8 0
540 313 475 588 0 8 0
540 321 478 591 8 0 0
540 321 481 588 0 -8 0
540 313 484 585 0 0 0
540 313 487 582 0 8 0
540 321 490 579 0 8 0
540 329 493 576 0 8 0
540 337 496 573 0 8 0
540 345 499 570 0 -8 0
540 337 502 567 0 -8 0
540 329 505 564 0 -8 0
540 321 508 561 0 8 0
540 329 511 558 0 0 0
540 329 514 555 0 8 0
540 337 517 552 0 -8 0
540 329 520 549 0 8 0
540 337 523 546 0 0 0
540 337 526 543 0 8 0
540 345 529 540 0 8 0
540 353 532 537 0 8 0
540 361 535 534 0 -8 0
540 353 538 531 0 -8 0
540 345 541 528 0 0 0
540 345 544 525 0 -8 0
540 337 547 522 0 -8 0
540 329 550 519 0 8 0
540 337 553 516 0 0 0
540 337 556 513 0 -8 0
540 329 559 510 0 0 0
540 329 562 507 0 -8 0
540 321 565 504 0 8 0
540 329 568 501 0 -8 0
540 321 571 498 0 8 0
540 329 574 495 0 0 0
540 329 577 492 0 0 0
540 329 580 489 -8 -8 0
532 321 583 486 0 -8 0
532 313 586 483 0 -8 0
532 305 589 480 -8 8 0
524 313 592 477 0 -8 0
524 305 595 474 0 8 0
524 313 598 471 -8 8 0
516 321 601 468 0 0 0
516 321 604 465 -8 0 0
508 321 607 462 0 8 0
508 329 610 459 0 8 0
508 337 613 456 -8 0 0
500 337 616 453 0 8 0
500 345 619 450 0 8 0
500 353 622 447 -8 -8 0
492 345 625 444 0 0 0
492 345 628 441 -8 8 0
484 353 631 438 0 0 0
484 353 634 435 0 0 0
484 353 637 432 -8 8 0
476 361 640 429 0 0 0
476 361 643 426 0 8 0
476 369 646 423 -8 0 0
468 369 649 420 0 -8 0
468 361 652 417 -8 -8 0
460 353 655 414 0 0 0
460 353 658 411 0 -8 0
460 345 661 408 -8 0 0
452 345 664 405 0 8 0
452 353 667 402 0 -8 0
452 345 670 399 -8 8 0
444 353 673 396 0 0 0
444 353 676 393 -8 0 0
436 353 679 390 0 0 0
436 353 682 387 0 0 0
436 353 685 384 -8 0 0
428 353 688 381 0 8 0
428 361 691 378 0 0 0
428 361 694 375 -8 8 0
420 369 697 372 0 8 0
420 377 700 369 -8 0 0
412 377 703 366 0 0 0
412 377 706 363 0 -8 0
412 369 709 360 -8 -8 0
404 361 712 357 0 0 0
404 361 715 354 0 0 0
404 361 718 351 -8 0 0
396 361 721 348 0 0 0
396 361 724 345 -8 -8 0
388 353 727 342 0 -8 0
388 345 730 339 0 8 0
388 353 733 336 -8 0 0
380 353 736 333 0 0 0
380 353 739 330 0 8 0
380 361 742 327 -8 -8 0
372 353 745 324 0 -8 0
372 345 748 321 -8 0 0
364 345 751 318 0 -8 0
364 337 754 315 0 8 0
364 345 757 312 -8 8 0
356 353 760 309 0 8 0
356 361 763 306 0 8 0
356 369 766 303 -8 0 0
348 369 769 300 0 0 0
348 369 772 297 -8 8 0
340 377 775 294 0 0 0
340 377 778 291 0 0 0
340 377 781 288 0 0 1
340 377 781 288 0 0 1
340 377 781 288 0 0 1
340 377 781 288 0 0 1
340 377 781 288 0 0 1
