169 245 325 396 0 0 0
169 245 328 399 8 -8 0
177 237 331 402 8 0 0
185 237 334 405 8 0 0
193 237 337 408 8 -8 0
201 229 340 411 8 0 0
209 229 343 414 8 -8 0
217 221 346 417 8 0 0
225 221 349 420 8 -8 0
233 213 352 423 8 0 0
241 213 355 426 8 8 0
249 221 358 429 8 -8 0
257 213 361 432 8 -8 0
265 205 364 435 8 0 0
273 205 367 438 8 8 0
281 213 370 441 8 8 0
289 221 373 444 8 8 0
297 229 376 447 8 -8 0
305 221 379 450 8 8 0
313 229 382 453 8 8 0
321 237 385 456 8 -8 0
329 229 388 459 8 0 0
337 229 391 462 8 0 0
345 229 394 465 8 8 0
353 237 397 468 8 8 0
361 245 400 471 8 8 0
369 253 403 474 8 -8 0
377 245 406 477 8 8 0
385 253 409 480 8 8 0
393 261 412 483 8 0 0
401 261 415 486 8 -8 0
409 253 418 489 8 0 0
417 253 421 492 8 8 0
425 261 424 495 8 0 0
433 261 427 498 8 8 0
441 269 430 501 8 -8 0
449 261 433 504 8 0 0
457 261 436 507 0 -8 0
457 253 439 510 8 0 0
465 253 442 513 0 8 0
465 261 445 516 8 8 0
473 269 448 519 0 -8 0
473 261 451 522 0 0 0
473 261 454 525 8 0 0
481 261 457 528 0 8 0
481 269 460 531 0 -8 0
481 261 463 534 8 0 0
489 261 466 537 0 -8 0
489 253 469 540 8 0 0
497 253 472 543 0 -8 0
497 245 475 546 0 0 0
497 245 478 549 8 8 0
505 253 481 552 0 0 0
505 253 484 555 0 8 0
505 261 487 558 8 -8 0
513 253 490 561 0 0 0
513 253 493 564 8 8 0
521 261 496 567 0 0 0
521 261 499 570 0 -8 0
521 253 502 573 8 0 0
529 253 505 576 0 0 0
529 253 508 579 0 -8 0
529 245 511 582 8 -8 0
537 237 514 585 0 -8 0
537 229 517 588 8 0 0
540 229 520 591 8 0 0
540 229 523 588 0 8 0
540 237 526 585 0 8 0
540 245 529 582 0 0 0
540 245 532 579 0 0 0
540 245 535 576 0 0 0
540 245 538 573 0 0 0
540 245 541 570 0 8 0
540 253 544 567 0 0 0
540 253 547 564 0 -8 0
540 245 550 561 0 0 0
540 245 553 558 0 0 0
540 245 556 555 0 0 0
540 245 559 552 0 0 0
540 245 562 549 0 -8 0
540 237 565 546 0 8 0
540 245 568 543 0 0 0
540 245 571 540 0 8 0
540 253 574 537 0 0 0
540 253 577 534 0 -8 0
540 245 580 531 0 -8 0
540 237 583 528 0 -8 0
540 229 586 525 0 -8 0
540 221 589 522 0 -8 0
540 213 592 519 0 8 0
540 221 595 516 0 8 0
540 229 598 513 0 0 0
540 229 601 510 0 -8 0
540 221 604 507 0 0 0
540 221 607 504 0 8 0
540 229 610 501 0 0 0
540 229 613 498 0 8 0
540 237 616 495 0 0 0
540 237 619 492 0 0 0
540 237 622 489 -8 8 0
532 245 625 486 0 8 0
532 253 628 483 0 0 0
532 253 631 480 -8 8 0
524 261 634 477 0 0 0
524 261 637 474 0 -8 0
524 253 640 471 -8 8 0
516 261 643 468 0 8 0
516 269 646 465 -8 0 0
508 269 649 462 0 -8 0
508 261 652 459 0 -8 0
508 253 655 456 -8 0 0
500 253 658 453 0 0 0
500 253 661 450 0 8 0
500 261 664 447 -8 8 0
492 269 667 444 0 -8 0
492 261 670 441 -8 0 0
484 261 673 438 0 8 0
484 269 676 435 0 0 0
484 269 679 432 -8 -8 0
476 261 682 429 0 8 0
476 269 685 426 0 0 0
476 269 688 423 -8 8 0
468 277 691 420 0 0 0
468 277 694 417 -8 0 0
460 277 697 414 0 -8 0
460 269 700 411 0 0 0
460 269 703 408 -8 0 0
452 269 706 405 0 8 0
452 277 709 402 0 -8 0
452 269 712 399 -8 8 0
444 277 715 396 0 8 0
444 285 718 393 -8 8 0
436 293 721 390 0 -8 0
436 285 724 387 0 -8 0
436 277 727 384 -8 -8 0
428 269 730 381 0 0 0
428 269 733 378 0 -8 0
428 261 736 375 -8 0 0
420 261 739 372 0 8 0
420 269 742 369 -8 0 0
412 269 745 366 0 0 0
412 269 748 363 0 8 0
412 277 751 360 -8 -8 0
404 269 754 357 0 -8 0
404 261 757 354 0 -8 0
404 253 760 351 -8 -8 0
396 245 763 348 0 8 0
396 253 766 345 -8 -8 0
388 245 769 342 0 8 0
388 253 772 339 0 -8 0
388 245 775 336 -8 8 0
380 253 778 333 0 8 0
380 261 781 330 0 0 1
380 261 781 330 0 0 1
380 261 781 330 0 0 1
380 261 781 330 0 0 1
380 261 781 330 0 0 1
