148 239 442 354 0 0 0
148 239 445 357 8 8 0
156 247 448 360 8 -8 0
164 239 451 363 8 -8 0
172 231 454 366 8 8 0
180 239 457 369 8 -8 0
188 231 460 372 8 -8 0
196 223 463 375 8 8 0
204 231 466 378 8 0 0
212 231 469 381 8 8 0
220 239 472 384 8 8 0
228 247 475 387 8 -8 0
236 239 478 390 8 8 0
244 247 481 393 8 0 0
252 247 484 396 8 8 0
260 255 487 399 8 8 0
268 263 490 402 8 -8 0
276 255 493 405 8 8 0
284 263 496 408 8 8 0
292 271 499 411 8 8 0
300 279 502 414 8 0 0
308 279 505 417 8 8 0
316 287 508 420 8 8 0
324 295 511 423 8 0 0
332 295 514 426 8 0 0
340 295 517 429 8 8 0
348 303 520 432 8 -8 0
356 295 523 435 8 0 0
364 295 526 438 8 0 0
372 295 529 441 8 8 0
380 303 532 444 8 -8 0
388 295 535 447 8 0 0
396 295 538 450 8 -8 0
404 287 541 453 0 -8 0
404 279 544 456 8 -8 0
412 271 547 459 0 0 0
412 271 550 462 0 0 0
412 271 553 465 8 8 0
420 279 556 468 0 0 0
420 279 559 471 8 0 0
428 279 562 474 0 -8 0
428 271 565 477 0 -8 0
428 263 568 480 8 8 0
436 271 571 483 0 -8 0
436 263 574 486 0 0 0
436 263 577 489 8 0 0
444 263 580 492 0 0 0
444 263 583 495 8 8 0
452 271 586 498 0 -8 0
452 263 589 501 0 -8 0
452 255 592 504 8 -8 0
460 247 595 507 0 0 0
460 247 598 510 0 8 0
460 255 601 513 8 0 0
468 255 604 516 0 0 0
468 255 607 519 8 -8 0
476 247 610 522 0 8 0
476 255 613 525 0 -8 0
476 247 616 528 8 0 0
484 247 619 531 0 -8 0
484 239 622 534 0 8 0
484 247 625 537 8 8 0
492 255 628 540 0 0 0
492 255 631 543 8 8 0
500 263 634 546 0 0 0
500 263 637 549 0 0 0
500 263 640 552 8 8 0
508 271 643 555 0 -8 0
508 263 646 558 0 0 0
508 263 649 561 8 8 0
516 271 652 564 0 0 0
516 271 655 567 8 -8 0
524 263 658 570 0 8 0
524 271 661 573 0 -8 0
524 263 664 576 8 8 0
532 271 667 579 0 8 0
532 279 670 582 0 0 0
532 279 673 585 8 0 0
540 279 676 588 0 8 0
540 287 679 591 8 8 0
540 295 682 588 0 0 0
540 295 685 585 0 0 0
540 295 688 582 0 0 0
540 295 691 579 0 0 0
540 295 694 576 0 8 0
540 303 697 573 0 0 0
540 303 700 570 0 -8 0
540 295 703 567 0 -8 0
540 287 706 564 0 -8 0
540 279 709 561 0 8 0
540 287 712 558 0 -8 0
540 279 715 555 0 0 0
540 279 718 552 0 -8 0
540 271 721 549 0 -8 0
540 263 724 546 0 -8 0
540 255 727 543 0 8 0
540 263 730 540 0 -8 0
540 255 733 537 0 -8 0
540 247 736 534 0 -8 0
540 239 739 531 0 8 0
540 247 742 528 0 0 0
540 247 745 525 0 -8 0
540 239 748 522 0 8 0
540 247 751 519 0 8 0
540 255 754 516 0 0 0
540 255 757 513 0 0 0
540 255 760 510 0 0 0
540 255 763 507 0 0 0
540 255 766 504 0 0 0
540 255 769 501 0 -8 0
540 247 772 498 0 0 0
540 247 775 495 0 -8 0
540 239 778 492 0 8 0
540 247 781 489 0 0 1
540 247 781 489 0 0 1
540 247 781 489 0 0 1
540 247 781 489 0 0 1
540 247 781 489 0 0 1
