268 470 130 420 0 0 0
268 470 127 423 8 0 0
276 470 124 426 8 0 0
284 470 121 429 8 -8 0
292 462 118 432 8 -8 0
300 454 115 435 8 -8 0
308 446 112 438 8 -8 0
316 438 109 441 8 8 0
324 446 106 444 8 8 0
332 454 103 447 8 -8 0
340 446 100 450 8 -8 0
348 438 97 453 8 -8 0
356 430 94 456 8 -8 0
364 422 91 459 8 0 0
372 422 88 462 8 0 0
380 422 85 465 8 8 0
388 430 82 468 8 8 0
396 438 79 471 8 -8 0
404 430 76 474 8 -8 0
412 422 73 477 8 0 0
420 422 70 480 8 -8 0
428 414 67 483 8 -8 0
436 406 64 486 0 0 0
436 406 61 489 8 8 0
444 414 58 492 0 8 0
444 422 55 495 8 8 0
452 430 52 498 0 8 0
452 438 49 501 0 8 0
452 446 46 504 8 -8 0
460 438 43 507 0 8 0
460 446 40 510 0 0 0
460 446 37 513 8 0 0
468 446 34 516 0 0 0
468 446 31 519 8 -8 0
476 438 28 522 0 -8 0
476 430 25 525 0 0 0
476 430 22 528 8 0 0
484 430 19 531 0 -8 0
484 422 22 534 0 -8 0
484 414 25 537 8 8 0
492 422 28 540 0 8 0
492 430 31 543 8 8 0
500 438 34 546 0 8 0
500 446 37 549 0 8 0
500 454 40 552 8 0 0
508 454 43 555 0 -8 0
508 446 46 558 0 -8 0
508 438 49 561 8 -8 0
516 430 52 564 0 -8 0
516 422 55 567 8 -8 0
524 414 58 570 0 0 0
524 414 61 573 0 8 0
524 422 64 576 8 8 0
532 430 67 579 0 8 0
532 438 70 582 0 0 0
532 438 73 585 8 -8 0
540 430 76 588 0 8 0
540 438 79 591 8 0 0
540 438 82 588 0 0 0
540 438 85 585 0 8 0
540 446 88 582 0 8 0
540 454 91 579 0 8 0
540 462 94 576 0 0 0
540 462 97 573 0 0 0
540 462 100 570 0 -8 0
540 454 103 567 0 -8 0
540 446 106 564 0 8 0
540 454 109 561 0 -8 0
540 446 112 558 0 8 0
540 454 115 555 0 -8 0
540 446 118 552 0 -8 0
540 438 121 549 0 8 0
540 446 124 546 0 8 0
540 454 127 543 0 0 0
540 454 130 540 0 0 0
540 454 133 537 0 8 0
540 462 136 534 0 8 0
540 470 139 531 0 0 0
540 470 142 528 0 8 0
540 478 145 525 0 0 0
540 478 148 522 0 8 0
540 486 151 519 0 -8 0
540 478 154 516 0 -8 0
540 470 157 513 0 8 0
540 478 160 510 0 8 0
540 486 163 507 0 0 0
540 486 166 504 0 8 0
540 494 169 501 0 0 0
540 494 172 498 0 8 0
540 502 175 495 0 0 0
540 502 178 492 0 8 0
540 510 181 489 -8 0 0
532 510 184 486 0 0 0
532 510 187 483 0 -8 0
532 502 190 480 -8 8 0
524 510 193 477 0 8 0
524 518 196 474 0 0 0
524 518 199 471 -8 8 0
516 526 202 468 0 0 0
516 526 205 465 -8 -8 0
508 518 208 462 0 -8 0
508 510 211 459 0 8 0
508 518 214 456 -8 8 0
500 526 217 453 0 0 0
500 526 220 450 0 0 0
500 526 223 447 -8 8 0
492 534 226 444 0 -8 0
492 526 229 441 -8 -8 0
484 518 232 438 0 -8 0
484 510 235 435 0 -8 0
484 502 238 432 -8 8 0
476 510 241 429 0 0 0
476 510 244 426 0 8 0
476 518 247 423 -8 8 0
468 526 250 420 0 8 0
468 534 253 417 -8 8 0
460 540 256 414 0 8 0
460 540 259 411 0 8 0
460 540 262 408 -8 -8 0
452 532 265 405 0 0 0
452 532 268 402 0 -8 0
452 524 271 399 -8 0 0
444 524 274 396 0 0 0
444 524 277 393 -8 -8 0
436 516 280 390 0 8 0
436 524 283 387 0 0 0
436 524 286 384 -8 -8 0
428 516 289 381 0 0 0
428 516 292 378 0 8 0
428 524 295 375 -8 8 0
420 532 298 372 0 0 0
420 532 301 369 -8 -8 0
412 524 304 366 0 0 0
412 524 307 363 0 8 0
412 532 310 360 -8 0 0
404 532 313 357 0 0 0
404 532 316 354 0 8 0
404 540 319 351 -8 0 0
396 540 322 348 0 8 0
396 540 325 345 -8 8 0
388 540 328 342 0 -8 0
388 532 331 339 0 -8 0
388 524 334 336 -8 8 0
380 532 337 333 0 0 0
380 532 340 330 0 -8 0
380 524 343 327 -8 0 0
372 524 346 324 0 -8 0
372 516 349 321 -8 8 0
364 524 352 318 0 -8 0
364 516 355 315 0 -8 0
364 508 358 312 -8 -8 0
356 500 361 309 0 8 0
356 508 364 306 0 8 0
356 516 367 303 -8 0 0
348 516 370 300 0 8 0
348 524 373 297 -8 -8 0
340 516 376 294 0 0 0
340 516 379 291 0 8 0
340 524 382 288 -8 0 0
332 524 385 285 0 -8 0
332 516 388 282 0 -8 0
332 508 391 279 -8 8 0
324 516 394 276 0 8 0
324 524 397 273 -8 0 0
316 524 400 270 0 -8 0
316 516 403 267 0 0 0
316 516 406 264 -8 -8 0
308 508 409 261 0 8 0
308 516 412 258 0 0 0
308 516 415 255 -8 0 0
300 516 418 252 0 8 0
300 524 421 249 -8 8 0
292 532 424 246 0 0 0
292 532 427 243 0 8 0
292 540 430 240 -8 8 0
284 540 433 237 0 0 0
284 540 436 234 0 8 0
284 540 439 231 -8 -8 0
276 532 442 228 0 0 0
276 532 445 225 -8 0 0
268 532 448 222 0 -8 0
268 524 451 219 0 8 0
268 532 454 216 -8 0 0
260 532 457 213 0 0 0
260 532 460 210 0 -8 0
260 524 463 207 -8 -8 0
252 516 466 204 0 0 0
252 516 469 201 -8 0 0
244 516 472 198 0 -8 0
244 508 475 195 0 -8 0
244 500 478 192 -8 0 0
236 500 481 189 0 -8 0
236 492 484 186 0 8 0
236 500 487 183 -8 8 0
228 508 490 180 0 -8 0
228 500 493 177 -8 8 0
220 508 496 174 0 8 0
220 516 499 171 0 -8 0
220 508 502 168 -8 -8 0
212 500 505 165 0 -8 0
212 492 508 162 0 -8 0
212 484 511 159 -8 0 0
204 484 514 156 0 8 0
204 492 517 153 -8 8 0
196 500 520 150 0 8 0
196 508 523 147 0 8 0
196 516 526 144 -8 -8 0
188 508 529 141 0 0 0
188 508 532 138 0 8 0
188 516 535 135 -8 -8 0
180 508 538 132 0 -8 0
180 500 541 129 -8 0 0
172 500 544 126 0 8 0
172 508 547 123 0 -8 0
172 500 550 120 -8 -8 0
164 492 553 117 0 -8 0
164 484 556 114 0 8 0
164 492 559 111 -8 0 0
156 492 562 108 0 -8 0
156 484 565 105 -8 -8 0
148 476 568 102 0 0 0
148 476 571 99 0 0 0
148 476 574 96 -8 0 0
140 476 577 93 0 8 0
140 484 580 90 0 8 0
140 492 583 87 -8 -8 0
132 484 586 84 0 8 0
132 492 589 81 -8 8 0
124 500 592 78 0 8 0
124 508 595 75 0 0 0
124 508 598 72 -8 8 0
116 516 601 69 0 -8 0
116 508 604 66 0 0 0
116 508 607 63 -8 0 0
108 508 610 60 0 0 0
108 508 613 57 -8 -8 0
100 500 616 54 0 -8 0
100 492 619 51 0 8 0
100 500 622 48 -8 8 0
92 508 625 45 0 -8 0
92 500 628 42 0 0 0
92 500 631 39 -8 -8 0
84 492 634 36 0 0 0
84 492 637 33 -8 0 0
76 492 640 30 0 0 0
76 492 643 27 0 8 0
76 500 646 24 -8 -8 0
68 492 649 21 0 8 0
68 500 652 18 0 0 0
68 500 655 15 -8 -8 0
60 492 658 12 0 8 0
60 500 661 9 -8 0 0
60 500 664 12 0 8 0
60 508 667 15 0 -8 0
60 500 670 18 0 0 0
60 500 673 21 0 0 0
60 500 676 24 0 -8 0
60 492 679 27 0 0 0
60 492 682 30 0 0 0
60 492 685 33 0 8 0
60 500 688 36 0 -8 0
60 492 691 39 0 8 0
60 500 694 42 0 -8 0
60 492 697 45 0 0 0
60 492 700 48 0 -8 0
60 484 703 51 0 8 0
60 492 706 54 0 -8 0
60 484 709 57 0 8 0
60 492 712 60 0 0 0
60 492 715 63 0 -8 0
60 484 718 66 0 0 0
60 484 721 69 0 8 0
60 492 724 72 0 -8 0
60 484 727 75 0 8 0
60 492 730 78 0 8 0
60 500 733 81 0 -8 0
60 492 736 84 0 8 0
60 500 739 87 0 0 0
60 500 742 90 0 -8 0
60 492 745 93 0 -8 0
60 484 748 96 0 0 0
60 484 751 99 0 -8 0
60 476 754 102 0 -8 0
60 468 757 105 0 8 0
60 476 760 108 0 -8 0
60 468 763 111 8 8 0
68 476 766 114 0 8 0
68 484 769 117 0 -8 0
68 476 772 120 8 8 0
76 484 775 123 0 8 0
76 492 778 126 0 -8 0
76 484 781 129 0 0 1
76 484 781 129 0 0 1
76 484 781 129 0 0 1
76 484 781 129 0 0 1
76 484 781 129 0 0 1
