435 241 457 426 0 0 0
435 241 454 429 0 8 0
435 249 451 432 0 -8 0
435 241 448 435 0 8 0
435 249 445 438 0 0 0
435 249 442 441 0 0 0
435 249 439 444 0 0 0
435 249 436 447 0 -8 0
435 241 433 450 0 0 0
435 241 430 453 0 -8 0
435 233 427 456 0 0 0
435 233 424 459 0 8 0
435 241 421 462 0 0 0
435 241 418 465 0 8 0
435 249 415 468 0 8 0
435 257 412 471 0 8 0
435 265 409 474 0 8 0
435 273 406 477 0 -8 0
435 265 403 480 0 0 0
435 265 400 483 0 0 0
435 265 397 486 8 8 0
443 273 394 489 0 8 0
443 281 391 492 0 -8 0
443 273 388 495 8 -8 0
451 265 385 498 0 8 0
451 273 382 501 0 -8 0
451 265 379 504 8 8 0
459 273 376 507 0 0 0
459 273 373 510 8 0 0
467 273 370 513 0 8 0
467 281 367 516 0 8 0
467 289 364 519 8 8 0
475 297 361 522 0 8 0
475 305 358 525 0 -8 0
475 297 355 528 8 -8 0
483 289 352 531 0 -8 0
483 281 349 534 8 -8 0
491 273 346 537 0 -8 0
491 265 343 540 0 -8 0
491 257 340 543 8 0 0
499 257 337 546 0 -8 0
499 249 334 549 0 0 0
499 249 331 552 8 0 0
507 249 328 555 0 -8 0
507 241 325 558 8 -8 0
515 233 322 561 0 -8 0
515 225 319 564 0 0 0
515 225 316 567 8 0 0
523 225 313 570 0 8 0
523 233 310 573 0 8 0
523 241 307 576 8 8 0
531 249 304 579 0 -8 0
531 241 301 582 8 8 0
539 249 298 585 0 -8 0
539 241 295 588 0 8 0
539 249 292 591 8 -8 0
540 241 289 588 0 8 0
540 249 286 585 0 0 0
540 249 283 582 0 8 0
540 257 280 579 0 0 0
540 257 277 576 0 8 0
540 265 274 573 0 0 0
540 265 271 570 0 0 0
540 265 268 567 0 0 0
540 265 265 564 0 8 0
540 273 262 561 0 8 0
540 281 259 558 0 -8 0
540 273 256 555 0 8 0
540 281 253 552 0 0 0
540 281 250 549 0 8 0
540 289 247 546 0 0 0
540 289 244 543 0 0 0
540 289 241 540 0 8 0
540 297 238 537 0 0 0
540 297 235 534 0 -8 0
540 289 232 531 0 8 0
540 297 229 528 0 -8 0
540 289 226 525 0 8 0
540 297 223 522 0 0 0
540 297 220 519 0 8 0
540 305 217 516 0 -8 0
540 297 214 513 0 -8 0
540 289 211 510 0 8 0
540 297 208 507 0 -8 0
540 289 205 504 0 -8 0
540 281 202 501 0 -8 0
540 273 199 498 0 8 0
540 281 196 495 0 -8 0
540 273 193 492 0 -8 0
540 265 190 489 -8 0 0
532 265 187 486 0 8 0
532 273 184 483 0 -8 0
532 265 181 480 -8 8 0
524 273 178 477 0 -8 0
524 265 175 474 0 -8 0
524 257 172 471 -8 0 0
516 257 169 468 0 0 0
516 257 166 465 -8 0 0
508 257 163 462 0 0 0
508 257 160 459 0 -8 0
508 249 157 456 -8 -8 0
500 241 154 453 0 0 0
500 241 151 450 0 0 0
500 241 148 447 -8 0 0
492 241 145 444 0 -8 0
492 233 142 441 -8 -8 0
484 225 139 438 0 0 0
484 225 136 435 0 -8 0
484 217 133 432 -8 -8 0
476 209 130 429 0 8 0
476 217 127 426 0 -8 0
476 209 124 423 -8 8 0
468 217 121 420 0 -8 0
468 209 118 417 -8 -8 0
460 201 115 414 0 8 0
460 209 112 411 0 0 0
460 209 109 408 -8 -8 0
452 201 106 405 0 0 0
452 201 103 402 0 0 0
452 201 100 399 -8 0 0
444 201 97 396 0 0 0
444 201 94 393 -8 8 0
436 209 91 390 0 -8 0
436 201 88 387 0 -8 0
436 193 85 384 -8 0 0
428 193 82 381 0 -8 0
428 185 79 378 0 -8 0
428 177 76 375 -8 0 0
420 177 73 372 0 -8 0
420 169 70 369 -8 8 0
412 177 67 366 0 -8 0
412 169 64 363 0 8 0
412 177 61 360 -8 8 0
404 185 58 357 0 8 0
404 193 55 354 0 0 0
404 193 52 351 -8 -8 0
396 185 49 348 0 -8 0
396 177 46 345 -8 -8 0
388 169 43 342 0 -8 0
388 161 40 339 0 0 0
388 161 37 336 -8 -8 0
380 153 34 333 0 0 0
380 153 31 330 0 8 0
380 161 28 327 -8 -8 0
372 153 25 324 0 0 0
372 153 22 321 -8 8 0
364 161 19 318 0 -8 0
364 153 22 315 0 0 0
364 153 25 312 -8 0 0
356 153 28 309 0 -8 0
356 145 31 306 0 8 0
356 153 34 303 -8 -8 0
348 145 37 300 0 -8 0
348 137 40 297 -8 8 0
340 145 43 294 0 8 0
340 153 46 291 0 8 0
340 161 49 288 -8 0 0
332 161 52 285 0 0 0
332 161 55 282 0 0 0
332 161 58 279 -8 -8 0
324 153 61 276 0 -8 0
324 145 64 273 -8 -8 0
316 137 67 270 0 8 0
316 145 70 267 0 0 0
316 145 73 264 -8 8 0
308 153 76 261 0 8 0
308 161 79 258 0 8 0
308 169 82 255 -8 0 0
300 169 85 252 0 8 0
300 177 88 249 -8 -8 0
292 169 91 246 0 -8 0
292 161 94 243 0 0 0
292 161 97 240 -8 -8 0
284 153 100 237 0 8 0
284 161 103 234 0 -8 0
284 153 106 231 -8 0 0
276 153 109 228 0 0 0
276 153 112 225 -8 8 0
268 161 115 222 0 -8 0
268 153 118 219 0 -8 0
268 145 121 216 -8 0 0
260 145 124 213 0 8 0
260 153 127 210 0 0 0
260 153 130 207 -8 8 0
252 161 133 204 0 -8 0
252 153 136 201 -8 0 0
244 153 139 198 0 8 0
244 161 142 195 0 -8 0
244 153 145 192 -8 8 0
236 161 148 189 0 0 0
236 161 151 186 0 -8 0
236 153 154 183 -8 -8 0
228 145 157 180 0 8 0
228 153 160 177 -8 -8 0
220 145 163 174 0 -8 0
220 137 166 171 0 -8 0
220 129 169 168 -8 0 0
212 129 172 165 0 0 0
212 129 175 162 0 0 0
212 129 178 159 -8 -8 0
204 121 181 156 0 -8 0
204 113 184 153 -8 0 0
196 113 187 150 0 0 0
196 113 190 147 0 -8 0
196 105 193 144 -8 0 0
188 105 196 141 0 -8 0
188 97 199 138 0 -8 0
188 89 202 135 -8 -8 0
180 81 205 132 0 -8 0
180 73 208 129 -8 -8 0
172 65 211 126 0 8 0
172 73 214 123 0 8 0
172 81 217 120 -8 8 0
164 89 220 117 0 8 0
164 97 223 114 0 0 0
164 97 226 111 -8 8 0
156 105 229 108 0 8 0
156 113 232 105 -8 0 0
148 113 235 102 0 0 0
148 113 238 99 0 8 0
148 121 241 96 -8 0 0
140 121 244 93 0 8 0
140 129 247 90 0 0 0
140 129 250 87 -8 0 0
132 129 253 84 0 -8 0
132 121 256 81 -8 0 0
124 121 259 78 0 -8 0
124 113 262 75 0 0 0
124 113 265 72 -8 -8 0
116 105 268 69 0 -8 0
116 97 271 66 0 8 0
116 105 274 63 -8 8 0
108 113 277 60 0 0 0
108 113 280 57 -8 8 0
100 121 283 54 0 -8 0
100 113 286 51 0 -8 0
100 105 289 48 -8 8 0
92 113 292 45 0 -8 0
92 105 295 42 0 8 0
92 113 298 39 -8 -8 0
84 105 301 36 0 8 0
84 113 304 33 -8 8 0
76 121 307 30 0 -8 0
76 113 310 27 0 -8 0
76 105 313 24 -8 -8 0
68 97 316 21 0 0 0
68 97 319 18 0 -8 0
68 89 322 15 -8 8 0
60 97 325 12 0 -8 0
60 89 328 9 -8 0 0
60 89 331 12 0 0 0
60 89 334 15 0 0 0
60 89 337 18 0 0 0
60 89 340 21 0 -8 0
60 81 343 24 0 0 0
60 81 346 27 0 8 0
60 89 349 30 0 8 0
60 97 352 33 0 -8 0
60 89 355 36 0 8 0
60 97 358 39 0 8 0
60 105 361 42 0 0 0
60 105 364 45 0 8 0
60 113 367 48 0 8 0
60 121 370 51 0 -8 0
60 113 373 54 0 0 0
60 113 376 57 0 -8 0
60 105 379 60 0 0 0
60 105 382 63 0 8 0
60 113 385 66 0 -8 0
60 105 388 69 0 0 0
60 105 391 72 0 8 0
60 113 394 75 0 -8 0
60 105 397 78 0 8 0
60 113 400 81 0 -8 0
60 105 403 84 0 -8 0
60 97 406 87 0 8 0
60 105 409 90 0 8 0
60 113 412 93 0 -8 0
60 105 415 96 0 -8 0
60 97 418 99 0 8 0
60 105 421 102 0 -8 0
60 97 424 105 0 -8 0
60 89 427 108 0 0 0
60 89 430 111 8 8 0
68 97 433 114 0 -8 0
68 89 436 117 0 -8 0
68 81 439 120 8 0 0
76 81 442 123 0 0 0
76 81 445 126 0 8 0
76 89 448 129 8 -8 0
84 81 451 132 0 -8 0
84 73 454 135 8 0 0
92 73 457 138 0 -8 0
92 65 460 141 0 0 0
92 65 463 144 8 0 0
100 65 466 147 0 0 0
100 65 469 150 0 -8 0
100 60 472 153 8 8 0
108 68 475 156 0 8 0
108 76 478 159 8 -8 0
116 68 481 162 0 0 0
116 68 484 165 0 -8 0
116 60 487 168 8 8 0
124 68 490 171 0 -8 0
124 60 493 174 0 0 0
124 60 496 177 8 -8 0
132 60 499 180 0 8 0
132 68 502 183 8 -8 0
140 60 505 186 0 0 0
140 60 508 189 0 0 0
140 60 511 192 8 8 0
148 68 514 195 0 -8 0
148 60 517 198 0 8 0
148 68 520 201 8 -8 0
156 60 523 204 0 -8 0
156 60 526 207 8 0 0
164 60 529 210 0 0 0
164 60 532 213 0 8 0
164 68 535 216 8 -8 0
172 60 538 219 0 0 0
172 60 541 222 0 0 0
172 60 544 225 8 -8 0
180 60 547 228 0 -8 0
180 60 550 231 8 0 0
188 60 553 234 0 0 0
188 60 556 237 0 8 0
188 68 559 240 8 -8 0
196 60 562 243 0 0 0
196 60 565 246 0 8 0
196 68 568 249 8 0 0
204 68 571 252 0 0 0
204 68 574 255 8 8 0
212 76 577 258 0 -8 0
212 68 580 261 0 0 0
212 68 583 264 8 0 0
220 68 586 267 0 8 0
220 76 589 270 0 -8 0
220 68 592 273 8 -8 0
228 60 595 276 0 8 0
228 68 598 279 8 0 0
236 68 601 282 0 8 0
236 76 604 285 0 -8 0
236 68 607 288 8 -8 0
244 60 610 291 0 8 0
244 68 613 294 0 -8 0
244 60 616 297 8 0 0
252 60 619 300 0 -8 0
252 60 622 303 8 0 0
260 60 625 306 0 0 0
260 60 628 309 0 8 0
260 68 631 312 8 0 0
268 68 634 315 0 -8 0
268 60 637 318 0 0 0
268 60 640 321 8 0 0
276 60 643 324 0 8 0
276 68 646 327 8 -8 0
284 60 649 330 0 -8 0
284 60 652 333 0 -8 0
284 60 655 336 8 8 0
292 68 658 339 0 -8 0
292 60 661 342 0 8 0
292 68 664 345 8 -8 0
300 60 667 348 0 -8 0
300 60 670 351 8 8 0
308 68 673 354 0 0 0
308 68 676 357 0 0 0
308 68 679 360 8 0 0
316 68 682 363 0 8 0
316 76 685 366 0 0 0
316 76 688 369 8 0 0
324 76 691 372 0 8 0
324 84 694 375 8 8 0
332 92 697 378 0 8 0
332 100 700 381 0 8 0
332 108 703 384 8 -8 0
340 100 706 387 0 -8 0
340 92 709 390 0 0 0
340 92 712 393 8 -8 0
348 84 715 396 0 0 0
348 84 718 399 8 8 0
356 92 721 402 0 -8 0
356 84 724 405 0 -8 0
356 76 727 408 8 0 0
364 76 730 411 0 8 0
364 84 733 414 0 8 0
364 92 736 417 8 8 0
372 100 739 420 0 8 0
372 108 742 423 8 -8 0
380 100 745 426 0 8 0
380 108 748 429 0 8 0
380 116 751 432 8 -8 0
388 108 754 435 0 0 0
388 108 757 438 0 0 0
388 108 760 441 8 8 0
396 116 763 444 0 0 0
396 116 766 447 8 0 0
404 116 769 450 0 -8 0
404 108 772 453 0 -8 0
404 100 775 456 8 0 0
412 100 778 459 0 0 0
412 100 781 462 0 0 1
412 100 781 462 0 0 1
412 100 781 462 0 0 1
412 100 781 462 0 0 1
412 100 781 462 0 0 1
