520 425 115 384 0 0 0
520 425 112 381 -8 0 0
512 425 109 378 -8 0 0
504 425 106 375 -8 -8 0
496 417 103 372 -8 0 0
488 417 100 369 -8 0 0
480 417 97 366 -8 0 0
472 417 94 363 -8 0 0
464 417 91 360 -8 0 0
456 417 88 357 -8 0 0
448 417 85 354 -8 8 0
440 425 82 351 -8 8 0
432 433 79 348 -8 0 0
424 433 76 345 -8 0 0
416 433 73 342 -8 -8 0
408 425 70 339 -8 8 0
400 433 67 336 -8 0 0
392 433 64 333 -8 0 0
384 433 61 330 -8 -8 0
376 425 58 327 0 0 0
376 425 55 324 -8 8 0
368 433 52 321 0 0 0
368 433 49 318 0 0 0
368 433 46 315 -8 8 0
360 441 43 312 0 -8 0
360 433 40 309 -8 -8 0
352 425 37 306 0 0 0
352 425 34 303 0 0 0
352 425 31 300 -8 -8 0
344 417 28 297 0 0 0
344 417 25 294 0 8 0
344 425 22 291 -8 -8 0
336 417 19 288 0 0 0
336 417 22 285 -8 -8 0
328 409 25 282 0 -8 0
328 401 28 279 0 0 0
328 401 31 276 -8 0 0
320 401 34 273 0 8 0
320 409 37 270 0 -8 0
320 401 40 267 -8 -8 0
312 393 43 264 0 0 0
312 393 46 261 -8 0 0
304 393 49 258 0 8 0
304 401 52 255 0 0 0
304 401 55 252 -8 8 0
296 409 58 249 0 8 0
296 417 61 246 0 0 0
296 417 64 243 -8 -8 0
288 409 67 240 0 0 0
288 409 70 237 -8 8 0
280 417 73 234 0 0 0
280 417 76 231 0 0 0
280 417 79 228 -8 8 0
272 425 82 225 0 8 0
272 433 85 222 0 8 0
272 441 88 219 -8 8 0
264 449 91 216 0 0 0
264 449 94 213 -8 -8 0
256 441 97 210 0 -8 0
256 433 100 207 0 -8 0
256 425 103 204 -8 -8 0
248 417 106 201 0 -8 0
248 409 109 198 0 -8 0
248 401 112 195 -8 8 0
240 409 115 192 0 8 0
240 417 118 189 -8 8 0
232 425 121 186 0 0 0
232 425 124 183 0 8 0
232 433 127 180 -8 0 0
224 433 130 177 0 0 0
224 433 133 174 0 -8 0
224 425 136 171 -8 8 0
216 433 139 168 0 0 0
216 433 142 165 -8 8 0
208 441 145 162 0 8 0
208 449 148 159 0 -8 0
208 441 151 156 -8 0 0
200 441 154 153 0 -8 0
200 433 157 150 0 8 0
200 441 160 147 -8 8 0
192 449 163 144 0 8 0
192 457 166 141 -8 -8 0
184 449 169 138 0 -8 0
184 441 172 135 0 -8 0
184 433 175 132 -8 0 0
176 433 178 129 0 0 0
176 433 181 126 0 8 0
176 441 184 123 -8 0 0
168 441 187 120 0 -8 0
168 433 190 117 -8 0 0
160 433 193 114 0 8 0
160 441 196 111 0 0 0
160 441 199 108 -8 -8 0
152 433 202 105 0 8 0
152 441 205 102 0 0 0
152 441 208 99 -8 8 0
144 449 211 96 0 -8 0
144 441 214 93 -8 0 0
136 441 217 90 0 0 0
136 441 220 87 0 0 0
136 441 223 84 -8 -8 0
128 433 226 81 0 8 0
128 441 229 78 0 8 0
128 449 232 75 -8 0 0
120 449 235 72 0 0 0
120 449 238 69 -8 0 0
112 449 241 66 0 0 0
112 449 244 63 0 -8 0
112 441 247 60 -8 -8 0
104 433 250 57 0 0 0
104 433 253 54 0 8 0
104 441 256 51 -8 0 0
96 441 259 48 0 0 0
96 441 262 45 -8 8 0
88 449 265 42 0 8 0
88 457 268 39 0 0 0
88 457 271 36 -8 0 0
80 457 274 33 0 0 0
80 457 277 30 0 0 0
80 457 280 27 -8 -8 0
72 449 283 24 0 -8 0
72 441 286 21 -8 0 0
64 441 289 18 0 0 0
64 441 292 15 0 8 0
64 449 295 12 -8 0 0
60 449 298 9 -8 0 0
60 449 301 12 0 0 0
60 449 304 15 0 -8 0
60 441 307 18 0 0 0
60 441 310 21 0 0 0
60 441 313 24 0 8 0
60 449 316 27 0 8 0
60 457 319 30 0 8 0
60 465 322 33 0 8 0
60 473 325 36 0 8 0
60 481 328 39 0 8 0
60 489 331 42 0 8 0
60 497 334 45 0 0 0
60 497 337 48 0 8 0
60 505 340 51 0 -8 0
60 497 343 54 0 0 0
60 497 346 57 0 -8 0
60 489 349 60 0 8 0
60 497 352 63 0 -8 0
60 489 355 66 0 -8 0
60 481 358 69 0 0 0
60 481 361 72 0 0 0
60 481 364 75 0 8 0
60 489 367 78 0 8 0
60 497 370 81 0 0 0
60 497 373 84 0 0 0
60 497 376 87 0 -8 0
60 489 379 90 0 0 0
60 489 382 93 0 -8 0
60 481 385 96 0 8 0
60 489 388 99 0 0 0
60 489 391 102 0 8 0
60 497 394 105 0 0 0
60 497 397 108 0 -8 0
60 489 400 111 8 0 0
68 489 403 114 0 0 0
68 489 406 117 0 8 0
68 497 409 120 8 -8 0
76 489 412 123 0 -8 0
76 481 415 126 0 -8 0
76 473 418 129 8 8 0
84 481 421 132 0 -8 0
84 473 424 135 8 -8 0
92 465 427 138 0 -8 0
92 457 430 141 0 -8 0
92 449 433 144 8 -8 0
100 441 436 147 0 0 0
100 441 439 150 0 -8 0
100 433 442 153 8 8 0
108 441 445 156 0 -8 0
108 433 448 159 8 8 0
116 441 451 162 0 8 0
116 449 454 165 0 8 0
116 457 457 168 8 0 0
124 457 460 171 0 8 0
124 465 463 174 0 8 0
124 473 466 177 8 0 0
132 473 469 180 0 0 0
132 473 472 183 8 -8 0
140 465 475 186 0 8 0
140 473 478 189 0 0 0
140 473 481 192 8 0 0
148 473 484 195 0 8 0
148 481 487 198 0 -8 0
148 473 490 201 8 8 0
156 481 493 204 0 0 0
156 481 496 207 8 -8 0
164 473 499 210 0 0 0
164 473 502 213 0 -8 0
164 465 505 216 8 8 0
172 473 508 219 0 0 0
172 473 511 222 0 -8 0
172 465 514 225 8 8 0
180 473 517 228 0 -8 0
180 465 520 231 8 -8 0
188 457 523 234 0 0 0
188 457 526 237 0 -8 0
188 449 529 240 8 8 0
196 457 532 243 0 8 0
196 465 535 246 0 0 0
196 465 538 249 8 8 0
204 473 541 252 0 8 0
204 481 544 255 8 0 0
212 481 547 258 0 -8 0
212 473 550 261 0 8 0
212 481 553 264 8 -8 0
220 473 556 267 0 0 0
220 473 559 270 0 -8 0
220 465 562 273 8 -8 0
228 457 565 276 0 0 0
228 457 568 279 8 8 0
236 465 571 282 0 -8 0
236 457 574 285 0 -8 0
236 449 577 288 8 8 0
244 457 580 291 0 0 0
244 457 583 294 0 8 0
244 465 586 297 8 0 0
252 465 589 300 0 0 0
252 465 592 303 8 -8 0
260 457 595 306 0 8 0
260 465 598 309 0 0 0
260 465 601 312 8 0 0
268 465 604 315 0 0 0
268 465 607 318 0 8 0
268 473 610 321 8 0 0
276 473 613 324 0 8 0
276 481 616 327 8 0 0
284 481 619 330 0 -8 0
284 473 622 333 0 8 0
284 481 625 336 8 0 0
292 481 628 339 0 0 0
292 481 631 342 0 0 0
292 481 634 345 8 8 0
300 489 637 348 0 0 0
300 489 640 351 8 8 0
308 497 643 354 0 0 0
308 497 646 357 0 8 0
308 505 649 360 8 -8 0
316 497 652 363 0 0 0
316 497 655 366 0 -8 0
316 489 658 369 8 0 0
324 489 661 372 0 0 0
324 489 664 375 8 8 0
332 497 667 378 0 -8 0
332 489 670 381 0 -8 0
332 481 673 384 8 -8 0
340 473 676 387 0 8 0
340 481 679 390 0 -8 0
340 473 682 393 8 0 0
348 473 685 396 0 8 0
348 481 688 399 8 -8 0
356 473 691 402 0 -8 0
356 465 694 405 0 8 0
356 473 697 408 8 8 0
364 481 700 411 0 0 0
364 481 703 414 0 8 0
364 489 706 417 8 0 0
372 489 709 420 0 -8 0
372 481 712 423 8 -8 0
380 473 715 426 0 8 0
380 481 718 429 0 -8 0
380 473 721 432 8 -8 0
388 465 724 435 0 -8 0
388 457 727 438 0 0 0
388 457 730 441 8 0 0
396 457 733 444 0 8 0
396 465 736 447 8 0 0
404 465 739 450 0 0 0
404 465 742 453 0 8 0
404 473 745 456 8 -8 0
412 465 748 459 0 -8 0
412 457 751 462 0 8 0
412 465 754 465 8 -8 0
420 457 757 468 0 0 0
420 457 760 471 8 8 0
428 465 763 474 0 0 0
428 465 766 477 0 0 0
428 465 769 480 8 8 0
436 473 772 483 0 -8 0
436 465 775 486 0 -8 0
436 457 778 489 8 8 0
444 465 781 492 0 8 0
444 473 778 495 8 8 0
452 481 775 498 0 -8 0
452 473 772 501 0 0 0
452 473 769 504 8 0 0
460 473 766 507 0 0 0
460 473 763 510 0 0 0
460 473 760 513 8 0 0
468 473 757 516 0 0 0
468 473 754 519 8 -8 0
476 465 751 522 0 0 0
476 465 748 525 0 0 0
476 465 745 528 8 -8 0
484 457 742 531 0 8 0
484 465 739 534 0 -8 0
484 457 736 537 8 8 0
492 465 733 540 0 -8 0
492 457 730 543 8 -8 0
500 449 727 546 0 -8 0
500 441 724 549 0 8 0
500 449 721 552 8 0 0
508 449 718 555 0 8 0
508 457 715 558 0 8 0
508 465 712 561 8 8 0
516 473 709 564 0 -8 0
516 465 706 567 8 -8 0
524 457 703 570 0 8 0
524 465 700 573 0 0 0
524 465 697 576 8 0 0
532 465 694 579 0 8 0
532 473 691 582 0 -8 0
532 465 688 585 8 8 0
540 473 685 588 0 8 0
540 481 682 591 8 -8 0
540 473 679 588 0 -8 0
540 465 676 585 0 0 0
540 465 673 582 0 -8 0
540 457 670 579 0 -8 0
540 449 667 576 0 -8 0
540 441 664 573 0 8 0
540 449 661 570 0 0 0
540 449 658 567 0 -8 0
540 441 655 564 0 0 0
540 441 652 561 0 0 0
540 441 649 558 0 -8 0
540 433 646 555 0 0 0
540 433 643 552 0 0 0
540 433 640 549 0 8 0
540 441 637 546 0 0 0
540 441 634 543 0 0 0
540 441 631 540 0 8 0
540 449 628 537 0 0 0
540 449 625 534 0 0 0
540 449 622 531 0 0 0
540 449 619 528 0 0 0
540 449 616 525 0 -8 0
540 441 613 522 0 -8 0
540 433 610 519 0 0 0
540 433 607 516 0 0 0
540 433 604 513 0 8 0
540 441 601 510 0 0 0
540 441 598 507 0 0 0
540 441 595 504 0 -8 0
540 433 592 501 0 0 0
540 433 589 498 0 -8 0
540 425 586 495 0 -8 0
540 417 583 492 0 0 0
540 417 580 489 -8 8 0
532 425 577 486 0 -8 0
532 417 574 483 0 -8 0
532 409 571 480 -8 0 0
524 409 568 477 0 8 0
524 417 565 474 0 0 0
524 417 562 471 -8 -8 0
516 409 559 468 0 8 0
516 417 556 465 -8 -8 0
508 409 553 462 0 -8 0
508 401 550 459 0 -8 0
508 393 547 456 -8 -8 0
500 385 544 453 0 0 0
500 385 541 450 0 8 0
500 393 538 447 -8 0 0
492 393 535 444 0 0 0
492 393 532 441 -8 8 0
484 401 529 438 0 8 0
484 409 526 435 0 0 0
484 409 523 432 -8 8 0
476 417 520 429 0 8 0
476 425 517 426 0 0 0
476 425 514 423 -8 8 0
468 433 511 420 0 -8 0
468 425 508 417 -8 8 0
460 433 505 414 0 0 0
460 433 502 411 0 -8 0
460 425 499 408 -8 0 0
452 425 496 405 0 8 0
452 433 493 402 0 0 0
452 433 490 399 -8 8 0
444 441 487 396 0 -8 0
444 433 484 393 -8 0 0
436 433 481 390 0 8 0
436 441 478 387 0 0 0
436 441 475 384 -8 -8 0
428 433 472 381 0 -8 0
428 425 469 378 0 8 0
428 433 466 375 -8 8 0
420 441 463 372 0 0 0
420 441 460 369 -8 -8 0
412 433 457 366 0 -8 0
412 425 454 363 0 0 0
412 425 451 360 -8 0 0
404 425 448 357 0 0 0
404 425 445 354 0 0 0
404 425 442 351 -8 -8 0
396 417 439 348 0 8 0
396 425 436 345 -8 -8 0
388 417 433 342 0 8 0
388 425 430 339 0 0 0
388 425 427 336 -8 -8 0
380 417 424 333 0 0 0
380 417 421 330 0 0 0
380 417 418 327 -8 -8 0
372 409 415 324 0 0 0
372 409 412 321 -8 0 0
364 409 409 318 0 0 0
364 409 406 315 0 -8 0
364 401 403 312 -8 0 0
356 401 400 309 0 -8 0
356 393 397 306 0 -8 0
356 385 394 303 -8 0 0
348 385 391 300 0 -8 0
348 377 388 297 -8 8 0
340 385 385 294 0 8 0
340 393 382 291 0 0 0
340 393 379 288 -8 -8 0
332 385 376 285 0 0 0
332 385 373 282 0 -8 0
332 377 370 279 -8 -8 0
324 369 367 276 0 0 0
324 369 364 273 -8 0 0
316 369 361 270 0 8 0
316 377 358 267 0 0 0
316 377 355 264 -8 0 0
308 377 352 261 0 -8 0
308 369 349 258 0 -8 0
308 361 346 255 -8 0 0
300 361 343 252 0 8 0
300 369 340 249 -8 0 0
292 369 337 246 0 0 0
292 369 334 243 0 0 0
292 369 331 240 -8 0 0
284 369 328 237 0 0 0
284 369 325 234 0 8 0
284 377 322 231 -8 0 0
276 377 319 228 0 -8 0
276 369 316 225 -8 0 0
268 369 313 222 0 0 0
268 369 310 219 0 8 0
268 377 307 216 -8 -8 0
260 369 304 213 0 8 0
260 377 301 210 0 -8 0
260 369 298 207 -8 0 0
252 369 295 204 0 0 0
252 369 292 201 -8 0 0
244 369 289 198 0 8 0
244 377 286 195 0 0 0
244 377 283 192 -8 8 0
236 385 280 189 0 -8 0
236 377 277 186 0 -8 0
236 369 274 183 -8 8 0
228 377 271 180 0 -8 0
228 369 268 177 -8 0 0
220 369 265 174 0 8 0
220 377 262 171 0 8 0
220 385 259 168 -8 8 0
212 393 256 165 0 -8 0
212 385 253 162 0 -8 0
212 377 250 159 -8 8 0
204 385 247 156 0 8 0
204 393 244 153 -8 8 0
196 401 241 150 0 -8 0
196 393 238 147 0 -8 0
196 385 235 144 -8 0 0
188 385 232 141 0 8 0
188 393 229 138 0 -8 0
188 385 226 135 -8 -8 0
180 377 223 132 0 0 0
180 377 220 129 -8 0 0
172 377 217 126 0 -8 0
172 369 214 123 0 8 0
172 377 211 120 -8 0 0
164 377 208 117 0 8 0
164 385 205 114 0 0 0
164 385 202 111 -8 8 0
156 393 199 108 0 8 0
156 401 196 105 -8 8 0
148 409 193 102 0 0 0
148 409 190 99 0 8 0
148 417 187 96 -8 0 0
140 417 184 93 0 8 0
140 425 181 90 0 -8 0
140 417 178 87 -8 0 0
132 417 175 84 0 0 0
132 417 172 81 -8 -8 0
124 409 169 78 0 -8 0
124 401 166 75 0 8 0
124 409 163 72 -8 0 0
116 409 160 69 0 -8 0
116 401 157 66 0 0 0
116 401 154 63 -8 0 0
108 401 151 60 0 -8 0
108 393 148 57 -8 8 0
100 401 145 54 0 -8 0
100 393 142 51 0 8 0
100 401 139 48 -8 -8 0
92 393 136 45 0 8 0
92 401 133 42 0 0 0
92 401 130 39 -8 -8 0
84 393 127 36 0 0 0
84 393 124 33 -8 0 0
76 393 121 30 0 8 0
76 401 118 27 0 8 0
76 409 115 24 -8 8 0
68 417 112 21 0 0 0
68 417 109 18 0 8 0
68 425 106 15 -8 0 0
60 425 103 12 0 8 0
60 433 100 9 -8 8 0
60 441 97 12 0 -8 0
60 433 94 15 0 0 0
60 433 91 18 0 -8 0
60 425 88 21 0 0 0
60 425 85 24 0 8 0
60 433 82 27 0 8 0
60 441 79 30 0 0 0
60 441 76 33 0 0 0
60 441 73 36 0 -8 0
60 433 70 39 0 0 0
60 433 67 42 0 8 0
60 441 64 45 0 0 0
60 441 61 48 0 -8 0
60 433 58 51 0 -8 0
60 425 55 54 0 -8 0
60 417 52 57 0 -8 0
60 409 49 60 0 8 0
60 417 46 63 0 0 0
60 417 43 66 0 -8 0
60 409 40 69 0 0 0
60 409 37 72 0 0 0
60 409 34 75 0 -8 0
60 401 31 78 0 -8 0
60 393 28 81 0 0 0
60 393 25 84 0 -8 0
60 385 22 87 0 0 0
60 385 19 90 0 8 0
60 393 22 93 0 -8 0
60 385 25 96 0 0 0
60 385 28 99 0 -8 0
60 377 31 102 0 0 0
60 377 34 105 0 0 0
60 377 37 108 0 0 0
60 377 40 111 8 0 0
68 377 43 114 0 -8 0
68 369 46 117 0 -8 0
68 361 49 120 8 0 0
76 361 52 123 0 8 0
76 369 55 126 0 0 0
76 369 58 129 8 8 0
84 377 61 132 0 8 0
84 385 64 135 8 8 0
92 393 67 138 0 -8 0
92 385 70 141 0 -8 0
92 377 73 144 8 8 0
100 385 76 147 0 -8 0
100 377 79 150 0 0 0
100 377 82 153 8 0 0
108 377 85 156 0 -8 0
108 369 88 159 8 -8 0
116 361 91 162 0 -8 0
116 353 94 165 0 8 0
116 361 97 168 8 8 0
124 369 100 171 0 8 0
124 377 103 174 0 0 0
124 377 106 177 8 -8 0
132 369 109 180 0 0 0
132 369 112 183 8 0 0
140 369 115 186 0 -8 0
140 361 118 189 0 -8 0
140 353 121 192 8 -8 0
148 345 124 195 0 8 0
148 353 127 198 0 -8 0
148 345 130 201 8 8 0
156 353 133 204 0 0 0
156 353 136 207 8 -8 0
164 345 139 210 0 8 0
164 353 142 213 0 -8 0
164 345 145 216 8 0 0
172 345 148 219 0 -8 0
172 337 151 222 0 0 0
172 337 154 225 8 -8 0
180 329 157 228 0 0 0
180 329 160 231 8 -8 0
188 321 163 234 0 0 0
188 321 166 237 0 8 0
188 329 169 240 8 -8 0
196 321 172 243 0 8 0
196 329 175 246 0 8 0
196 337 178 249 8 0 0
204 337 181 252 0 0 0
204 337 184 255 8 -8 0
212 329 187 258 0 0 0
212 329 190 261 0 0 0
212 329 193 264 8 0 0
220 329 196 267 0 8 0
220 337 199 270 0 -8 0
220 329 202 273 8 8 0
228 337 205 276 0 8 0
228 345 208 279 8 0 0
236 345 211 282 0 0 0
236 345 214 285 0 -8 0
236 337 217 288 8 -8 0
244 329 220 291 0 8 0
244 337 223 294 0 -8 0
244 329 226 297 8 0 0
252 329 229 300 0 0 0
252 329 232 303 8 0 0
260 329 235 306 0 0 0
260 329 238 309 0 0 0
260 329 241 312 8 -8 0
268 321 244 315 0 8 0
268 329 247 318 0 -8 0
268 321 250 321 8 8 0
276 329 253 324 0 0 0
276 329 256 327 8 -8 0
284 321 259 330 0 -8 0
284 313 262 333 0 0 0
284 313 265 336 8 0 0
292 313 268 339 0 -8 0
292 305 271 342 0 0 0
292 305 274 345 8 0 0
300 305 277 348 0 0 0
300 305 280 351 8 8 0
308 313 283 354 0 8 0
308 321 286 357 0 8 0
308 329 289 360 8 -8 0
316 321 292 363 0 0 0
316 321 295 366 0 0 0
316 321 298 369 8 8 0
324 329 301 372 0 8 0
324 337 304 375 8 -8 0
332 329 307 378 0 -8 0
332 321 310 381 0 0 0
332 321 313 384 8 8 0
340 329 316 387 0 0 0
340 329 319 390 0 0 0
340 329 322 393 8 -8 0
348 321 325 396 0 -8 0
348 313 328 399 8 0 0
356 313 331 402 0 0 0
356 313 334 405 0 -8 0
356 305 337 408 8 0 0
364 305 340 411 0 -8 0
364 297 343 414 0 0 0
364 297 346 417 8 8 0
372 305 349 420 0 -8 0
372 297 352 423 8 0 0
380 297 355 426 0 0 0
380 297 358 429 0 -8 0
380 289 361 432 8 8 0
388 297 364 435 0 8 0
388 305 367 438 0 8 0
388 313 370 441 8 8 0
396 321 373 444 0 8 0
396 329 376 447 8 8 0
404 337 379 450 0 8 0
404 345 382 453 0 8 0
404 353 385 456 8 0 0
412 353 388 459 0 0 0
412 353 391 462 0 8 0
412 361 394 465 8 0 0
420 361 397 468 0 -8 0
420 353 400 471 8 0 0
428 353 403 474 0 0 0
428 353 406 477 0 -8 0
428 345 409 480 8 -8 0
436 337 412 483 0 -8 0
436 329 415 486 0 -8 0
436 321 418 489 8 -8 0
444 313 421 492 0 8 0
444 321 424 495 8 -8 0
452 313 427 498 0 -8 0
452 305 430 501 0 8 0
452 313 433 504 8 0 0
460 313 436 507 0 0 0
460 313 439 510 0 -8 0
460 305 442 513 8 -8 0
468 297 445 516 0 -8 0
468 289 448 519 8 0 0
476 289 451 522 0 0 0
476 289 454 525 0 0 0
476 289 457 528 8 -8 0
484 281 460 531 0 8 0
484 289 463 534 0 8 0
484 297 466 537 8 -8 0
492 289 469 540 0 8 0
492 297 472 543 8 8 0
500 305 475 546 0 0 0
500 305 478 549 0 -8 0
500 297 481 552 8 0 0
508 297 484 555 0 8 0
508 305 487 558 0 -8 0
508 297 490 561 8 0 0
516 297 493 564 0 -8 0
516 289 496 567 8 8 0
524 297 499 570 0 -8 0
524 289 502 573 0 8 0
524 297 505 576 8 0 0
532 297 508 579 0 0 0
532 297 511 582 0 -8 0
532 289 514 585 8 8 0
540 297 517 588 0 8 0
540 305 520 591 8 0 0
540 305 523 588 0 8 0
540 313 526 585 0 8 0
540 321 529 582 0 -8 0
540 313 532 579 0 8 0
540 321 535 576 0 8 0
540 329 538 573 0 -8 0
540 321 541 570 0 -8 0
540 313 544 567 0 -8 0
540 305 547 564 0 -8 0
540 297 550 561 0 8 0
540 305 553 558 0 -8 0
540 297 556 555 0 8 0
540 305 559 552 0 8 0
540 313 562 549 0 8 0
540 321 565 546 0 8 0
540 329 568 543 0 -8 0
540 321 571 540 0 8 0
540 329 574 537 0 8 0
540 337 577 534 0 -8 0
540 329 580 531 0 8 0
540 337 583 528 0 0 0
540 337 586 525 0 -8 0
540 329 589 522 0 8 0
540 337 592 519 0 0 0
540 337 595 516 0 0 0
540 337 598 513 0 0 0
540 337 601 510 0 8 0
540 345 604 507 0 -8 0
540 337 607 504 0 0 0
540 337 610 501 0 0 0
540 337 613 498 0 0 0
540 337 616 495 0 -8 0
540 329 619 492 0 8 0
540 337 622 489 -8 0 0
532 337 625 486 0 0 0
532 337 628 483 0 0 0
532 337 631 480 -8 -8 0
524 329 634 477 0 0 0
524 329 637 474 0 0 0
524 329 640 471 -8 0 0
516 329 643 468 0 8 0
516 337 646 465 -8 -8 0
508 329 649 462 0 -8 0
508 321 652 459 0 -8 0
508 313 655 456 -8 8 0
500 321 658 453 0 8 0
500 329 661 450 0 -8 0
500 321 664 447 -8 -8 0
492 313 667 444 0 0 0
492 313 670 441 -8 -8 0
484 305 673 438 0 -8 0
484 297 676 435 0 -8 0
484 289 679 432 -8 -8 0
476 281 682 429 0 -8 0
476 273 685 426 0 8 0
476 281 688 423 -8 8 0
468 289 691 420 0 0 0
468 289 694 417 -8 8 0
460 297 697 414 0 -8 0
460 289 700 411 0 -8 0
460 281 703 408 -8 0 0
452 281 706 405 0 -8 0
452 273 709 402 0 -8 0
452 265 712 399 -8 0 0
444 265 715 396 0 0 0
444 265 718 393 -8 0 0
436 265 721 390 0 0 0
436 265 724 387 0 0 0
436 265 727 384 -8 -8 0
428 257 730 381 0 0 0
428 257 733 378 0 8 0
428 265 736 375 -8 -8 0
420 257 739 372 0 -8 0
420 249 742 369 -8 0 0
412 249 745 366 0 8 0
412 257 748 363 0 -8 0
412 249 751 360 -8 -8 0
404 241 754 357 0 0 0
404 241 757 354 0 -8 0
404 233 760 351 -8 -8 0
396 225 763 348 0 0 0
396 225 766 345 -8 0 0
388 225 769 342 0 8 0
388 233 772 339 0 8 0
388 241 775 336 -8 0 0
380 241 778 333 0 0 0
380 241 781 330 0 0 1
380 241 781 330 0 0 1
380 241 781 330 0 0 1
380 241 781 330 0 0 1
380 241 781 330 0 0 1
