315 421 136 273 0 0 0
315 421 139 276 0 0 0
315 421 142 279 0 -8 0
315 413 145 282 0 -8 0
315 405 148 285 0 0 0
315 405 151 288 0 -8 0
315 397 154 291 0 -8 0
315 389 157 294 0 8 0
315 397 160 297 0 -8 0
315 389 163 300 0 -8 0
315 381 166 303 0 0 0
315 381 169 306 0 -8 0
315 373 172 309 0 0 0
315 373 175 312 0 8 0
315 381 178 315 0 8 0
315 389 181 318 0 8 0
315 397 184 321 0 0 0
315 397 187 324 0 0 0
315 397 190 327 0 0 0
315 397 193 330 0 -8 0
315 389 196 333 0 8 0
315 397 199 336 0 0 0
315 397 202 339 0 8 0
315 405 205 342 0 0 0
315 405 208 345 0 -8 0
315 397 211 348 0 0 0
315 397 214 351 0 8 0
315 405 217 354 0 0 0
315 405 220 357 0 0 0
315 405 223 360 0 -8 0
315 397 226 363 0 -8 0
315 389 229 366 8 -8 0
323 381 232 369 0 0 0
323 381 235 372 0 -8 0
323 373 238 375 8 8 0
331 381 241 378 0 0 0
331 381 244 381 0 8 0
331 389 247 384 8 -8 0
339 381 250 387 0 -8 0
339 373 253 390 8 -8 0
347 365 256 393 0 -8 0
347 357 259 396 0 -8 0
347 349 262 399 8 -8 0
355 341 265 402 0 0 0
355 341 268 405 0 -8 0
355 333 271 408 8 0 0
363 333 274 411 0 8 0
363 341 277 414 8 -8 0
371 333 280 417 0 0 0
371 333 283 420 0 -8 0
371 325 286 423 8 -8 0
379 317 289 426 0 0 0
379 317 292 429 0 0 0
379 317 295 432 8 8 0
387 325 298 435 0 0 0
387 325 301 438 8 0 0
395 325 304 441 0 -8 0
395 317 307 444 0 -8 0
395 309 310 447 8 0 0
403 309 313 450 0 0 0
403 309 316 453 0 0 0
403 309 319 456 8 -8 0
411 301 322 459 0 8 0
411 309 325 462 8 0 0
419 309 328 465 0 -8 0
419 301 331 468 0 -8 0
419 293 334 471 8 -8 0
427 285 337 474 0 -8 0
427 277 340 477 0 8 0
427 285 343 480 8 -8 0
435 277 346 483 0 8 0
435 285 349 486 8 8 0
443 293 352 489 0 8 0
443 301 355 492 0 0 0
443 301 358 495 8 8 0
451 309 361 498 0 8 0
451 317 364 501 0 0 0
451 317 367 504 8 0 0
459 317 370 507 0 8 0
459 325 373 510 8 8 0
467 333 376 513 0 0 0
467 333 379 516 0 -8 0
467 325 382 519 8 -8 0
475 317 385 522 0 8 0
475 325 388 525 0 0 0
475 325 391 528 8 -8 0
483 317 394 531 0 -8 0
483 309 397 534 8 0 0
491 309 400 537 0 0 0
491 309 403 540 0 8 0
491 317 406 543 8 8 0
499 325 409 546 0 -8 0
499 317 412 549 0 8 0
499 325 415 552 8 0 0
507 325 418 555 0 -8 0
507 317 421 558 8 -8 0
515 309 424 561 0 0 0
515 309 427 564 0 -8 0
515 301 430 567 8 0 0
523 301 433 570 0 0 0
523 301 436 573 0 -8 0
523 293 439 576 8 8 0
531 301 442 579 0 -8 0
531 293 445 582 8 0 0
539 293 448 585 0 0 0
539 293 451 588 0 8 0
539 301 454 591 8 0 0
540 301 457 588 0 0 0
540 301 460 585 0 0 0
540 301 463 582 0 -8 0
540 293 466 579 0 -8 0
540 285 469 576 0 -8 0
540 277 472 573 0 0 0
540 277 475 570 0 -8 0
540 269 478 567 0 0 0
540 269 481 564 0 0 0
540 269 484 561 0 -8 0
540 261 487 558 0 0 0
540 261 490 555 0 0 0
540 261 493 552 0 8 0
540 269 496 549 0 0 0
540 269 499 546 0 -8 0
540 261 502 543 0 8 0
540 269 505 540 0 8 0
540 277 508 537 0 0 0
540 277 511 534 0 8 0
540 285 514 531 0 0 0
540 285 517 528 0 -8 0
540 277 520 525 0 8 0
540 285 523 522 0 8 0
540 293 526 519 0 -8 0
540 285 529 516 0 -8 0
540 277 532 513 0 8 0
540 285 535 510 0 0 0
540 285 538 507 0 8 0
540 293 541 504 0 0 0
540 293 544 501 0 0 0
540 293 547 498 0 0 0
540 293 550 495 0 0 0
540 293 553 492 0 0 0
540 293 556 489 -8 8 0
532 301 559 486 0 8 0
532 309 562 483 0 -8 0
532 301 565 480 -8 8 0
524 309 568 477 0 0 0
524 309 571 474 0 0 0
524 309 574 471 -8 8 0
516 317 577 468 0 -8 0
516 309 580 465 -8 8 0
508 317 583 462 0 -8 0
508 309 586 459 0 8 0
508 317 589 456 -8 8 0
500 325 592 453 0 -8 0
500 317 595 450 0 8 0
500 325 598 447 -8 -8 0
492 317 601 444 0 8 0
492 325 604 441 -8 8 0
484 333 607 438 0 0 0
484 333 610 435 0 0 0
484 333 613 432 -8 -8 0
476 325 616 429 0 -8 0
476 317 619 426 0 8 0
476 325 622 423 -8 0 0
468 325 625 420 0 -8 0
468 317 628 417 -8 0 0
460 317 631 414 0 0 0
460 317 634 411 0 8 0
460 325 637 408 -8 0 0
452 325 640 405 0 8 0
452 333 643 402 0 -8 0
452 325 646 399 -8 -8 0
444 317 649 396 0 8 0
444 325 652 393 -8 8 0
436 333 655 390 0 8 0
436 341 658 387 0 8 0
436 349 661 384 -8 -8 0
428 341 664 381 0 -8 0
428 333 667 378 0 0 0
428 333 670 375 -8 -8 0
420 325 673 372 0 8 0
420 333 676 369 -8 8 0
412 341 679 366 0 8 0
412 349 682 363 0 0 0
412 349 685 360 -8 0 0
404 349 688 357 0 0 0
404 349 691 354 0 0 0
404 349 694 351 -8 -8 0
396 341 697 348 0 -8 0
396 333 700 345 -8 0 0
388 333 703 342 0 8 0
388 341 706 339 0 -8 0
388 333 709 336 -8 8 0
380 341 712 333 0 -8 0
380 333 715 330 0 0 0
380 333 718 327 -8 -8 0
372 325 721 324 0 -8 0
372 317 724 321 -8 -8 0
364 309 727 318 0 -8 0
364 301 730 315 0 8 0
364 309 733 312 -8 -8 0
356 301 736 309 0 8 0
356 309 739 306 0 0 0
356 309 742 303 -8 -8 0
348 301 745 300 0 0 0
348 301 748 297 -8 0 0
340 301 751 294 0 8 0
340 309 754 291 0 -8 0
340 301 757 288 -8 -8 0
332 293 760 285 0 8 0
332 301 763 282 0 -8 0
332 293 766 279 -8 0 0
324 293 769 276 0 0 0
324 293 772 273 -8 8 0
316 301 775 270 0 -8 0
316 293 778 267 0 -8 0
316 285 781 264 -8 8 0
308 293 778 261 0 8 0
308 301 775 258 0 -8 0
308 293 772 255 -8 8 0
300 301 769 252 0 0 0
300 301 766 249 -8 0 0
292 301 763 246 0 -8 0
292 293 760 243 0 8 0
292 301 757 240 -8 8 0
284 309 754 237 0 0 0
284 309 751 234 0 8 0
284 317 748 231 -8 0 0
276 317 745 228 0 -8 0
276 309 742 225 -8 0 0
268 309 739 222 0 -8 0
268 301 736 219 0 8 0
268 309 733 216 -8 0 0
260 309 730 213 0 -8 0
260 301 727 210 0 8 0
260 309 724 207 -8 0 0
252 309 721 204 0 0 0
252 309 718 201 -8 0 0
244 309 715 198 0 8 0
244 317 712 195 0 0 0
244 317 709 192 -8 -8 0
236 309 706 189 0 -8 0
236 301 703 186 0 -8 0
236 293 700 183 -8 -8 0
228 285 697 180 0 8 0
228 293 694 177 -8 -8 0
220 285 691 174 0 8 0
220 293 688 171 0 -8 0
220 285 685 168 -8 0 0
212 285 682 165 0 -8 0
212 277 679 162 0 0 0
212 277 676 159 -8 8 0
204 285 673 156 0 8 0
204 293 670 153 -8 -8 0
196 285 667 150 0 -8 0
196 277 664 147 0 8 0
196 285 661 144 -8 8 0
188 293 658 141 0 0 0
188 293 655 138 0 0 0
188 293 652 135 -8 0 0
180 293 649 132 0 -8 0
180 285 646 129 -8 8 0
172 293 643 126 0 8 0
172 301 640 123 0 8 0
172 309 637 120 -8 -8 0
164 301 634 117 0 8 0
164 309 631 114 0 8 0
164 317 628 111 -8 0 0
156 317 625 108 0 -8 0
156 309 622 105 -8 0 0
148 309 619 102 0 0 0
148 309 616 99 0 0 0
148 309 613 96 -8 0 0
140 309 610 93 0 8 0
140 317 607 90 0 8 0
140 325 604 87 -8 8 0
132 333 601 84 0 0 0
132 333 598 81 -8 0 0
124 333 595 78 0 -8 0
124 325 592 75 0 0 0
124 325 589 72 -8 -8 0
116 317 586 69 0 -8 0
116 309 583 66 0 8 0
116 317 580 63 -8 -8 0
108 309 577 60 0 0 0
108 309 574 57 -8 -8 0
100 301 571 54 0 -8 0
100 293 568 51 0 8 0
100 301 565 48 -8 -8 0
92 293 562 45 0 -8 0
92 285 559 42 0 8 0
92 293 556 39 -8 -8 0
84 285 553 36 0 -8 0
84 277 550 33 -8 8 0
76 285 547 30 0 0 0
76 285 544 27 0 -8 0
76 277 541 24 -8 0 0
68 277 538 21 0 0 0
68 277 535 18 0 0 0
68 277 532 15 -8 0 0
60 277 529 12 0 8 0
60 285 526 9 -8 0 0
60 285 523 12 0 -8 0
60 277 520 15 0 0 0
60 277 517 18 0 0 0
60 277 514 21 0 -8 0
60 269 511 24 0 -8 0
60 261 508 27 0 8 0
60 269 505 30 0 0 0
60 269 502 33 0 -8 0
60 261 499 36 0 0 0
60 261 496 39 0 8 0
60 269 493 42 0 -8 0
60 261 490 45 0 -8 0
60 253 487 48 0 0 0
60 253 484 51 0 8 0
60 261 481 54 0 8 0
60 269 478 57 0 -8 0
60 261 475 60 0 0 0
60 261 472 63 0 8 0
60 269 469 66 0 8 0
60 277 466 69 0 -8 0
60 269 463 72 0 8 0
60 277 460 75 0 0 0
60 277 457 78 0 -8 0
60 269 454 81 0 0 0
60 269 451 84 0 8 0
60 277 448 87 0 8 0
60 285 445 90 0 -8 0
60 277 442 93 0 8 0
60 285 439 96 0 0 0
60 285 436 99 0 0 0
60 285 433 102 0 -8 0
60 277 430 105 0 0 0
60 277 427 108 0 0 0
60 277 424 111 8 0 0
68 277 421 114 0 -8 0
68 269 418 117 0 8 0
68 277 415 120 8 0 0
76 277 412 123 0 0 0
76 277 409 126 0 0 0
76 277 406 129 8 0 0
84 277 403 132 0 0 0
84 277 400 135 8 -8 0
92 269 397 138 0 0 0
92 269 394 141 0 8 0
92 277 391 144 8 -8 0
100 269 388 147 0 8 0
100 277 385 150 0 -8 0
100 269 382 153 8 8 0
108 277 379 156 0 8 0
108 285 376 159 8 -8 0
116 277 373 162 0 -8 0
116 269 370 165 0 8 0
116 277 367 168 8 -8 0
124 269 364 171 0 8 0
124 277 361 174 0 -8 0
124 269 358 177 8 -8 0
132 261 355 180 0 0 0
132 261 352 183 8 0 0
140 261 349 186 0 -8 0
140 253 346 189 0 0 0
140 253 343 192 8 0 0
148 253 340 195 0 -8 0
148 245 337 198 0 -8 0
148 237 334 201 8 -8 0
156 229 331 204 0 -8 0
156 221 328 207 8 -8 0
164 213 325 210 0 8 0
164 221 322 213 0 0 0
164 221 319 216 8 0 0
172 221 316 219 0 8 0
172 229 313 222 0 8 0
172 237 310 225 8 -8 0
180 229 307 228 0 0 0
180 229 304 231 8 0 0
188 229 301 234 0 -8 0
188 221 298 237 0 -8 0
188 213 295 240 8 0 0
196 213 292 243 0 0 0
196 213 289 246 0 8 0
196 221 286 249 8 8 0
204 229 283 252 0 8 0
204 237 280 255 8 8 0
212 245 277 258 0 8 0
212 253 274 261 0 -8 0
212 245 271 264 8 -8 0
220 237 268 267 0 0 0
220 237 265 270 0 8 0
220 245 262 273 8 8 0
228 253 259 276 0 0 0
228 253 256 279 8 0 0
236 253 253 282 0 0 0
236 253 250 285 0 8 0
236 261 247 288 8 0 0
244 261 244 291 0 0 0
244 261 241 294 0 -8 0
244 253 238 297 8 0 0
252 253 235 300 0 -8 0
252 245 232 303 8 -8 0
260 237 229 306 0 0 0
260 237 226 309 0 0 0
260 237 223 312 8 8 0
268 245 220 315 0 0 0
268 245 217 318 0 0 0
268 245 214 321 8 -8 0
276 237 211 324 0 0 0
276 237 208 327 8 8 0
284 245 205 330 0 8 0
284 253 202 333 0 0 0
284 253 199 336 8 -8 0
292 245 196 339 0 -8 0
292 237 193 342 0 0 0
292 237 190 345 8 0 0
300 237 187 348 0 8 0
300 245 184 351 8 0 0
308 245 181 354 0 0 0
308 245 178 357 0 0 0
308 245 175 360 8 8 0
316 253 172 363 0 -8 0
316 245 169 366 0 -8 0
316 237 166 369 8 -8 0
324 229 163 372 0 0 0
324 229 160 375 8 8 0
332 237 157 378 0 0 0
332 237 154 381 0 8 0
332 245 151 384 8 -8 0
340 237 148 387 0 -8 0
340 229 145 390 0 8 0
340 237 142 393 8 -8 0
348 229 139 396 0 0 0
348 229 136 399 8 -8 0
356 221 133 402 0 0 0
356 221 130 405 0 -8 0
356 213 127 408 8 8 0
364 221 124 411 0 0 0
364 221 121 414 0 0 0
364 221 118 417 8 -8 0
372 213 115 420 0 8 0
372 221 112 423 8 8 0
380 229 109 426 0 0 0
380 229 106 429 0 8 0
380 237 103 432 8 8 0
388 245 100 435 0 8 0
388 253 97 438 0 -8 0
388 245 94 441 8 8 0
396 253 91 444 0 8 0
396 261 88 447 8 0 0
404 261 85 450 0 0 0
404 261 82 453 0 -8 0
404 253 79 456 8 -8 0
412 245 76 459 0 8 0
412 253 73 462 0 8 0
412 261 70 465 8 8 0
420 269 67 468 0 0 0
420 269 64 471 8 -8 0
428 261 61 474 0 0 0
428 261 58 477 0 -8 0
428 253 55 480 8 0 0
436 253 52 483 0 -8 0
436 245 49 486 0 0 0
436 245 46 489 8 0 0
444 245 43 492 0 0 0
444 245 40 495 8 -8 0
452 237 37 498 0 -8 0
452 229 34 501 0 0 0
452 229 31 504 8 0 0
460 229 28 507 0 -8 0
460 221 25 510 0 0 0
460 221 22 513 8 8 0
468 229 19 516 0 8 0
468 237 22 519 8 0 0
476 237 25 522 0 0 0
476 237 28 525 0 8 0
476 245 31 528 8 8 0
484 253 34 531 0 -8 0
484 245 37 534 0 8 0
484 253 40 537 8 8 0
492 261 43 540 0 8 0
492 269 46 543 8 -8 0
500 261 49 546 0 0 0
500 261 52 549 0 -8 0
500 253 55 552 8 0 0
508 253 58 555 0 -8 0
508 245 61 558 0 8 0
508 253 64 561 8 8 0
516 261 67 564 0 8 0
516 269 70 567 8 8 0
524 277 73 570 0 8 0
524 285 76 573 0 0 0
524 285 79 576 8 -8 0
532 277 82 579 0 -8 0
532 269 85 582 0 0 0
532 269 88 585 8 -8 0
540 261 91 588 0 8 0
540 269 94 591 8 8 0
540 277 97 588 0 8 0
540 285 100 585 0 -8 0
540 277 103 582 0 -8 0
540 269 106 579 0 8 0
540 277 109 576 0 -8 0
540 269 112 573 0 8 0
540 277 115 570 0 -8 0
540 269 118 567 0 0 0
540 269 121 564 0 8 0
540 277 124 561 0 8 0
540 285 127 558 0 8 0
540 293 130 555 0 0 0
540 293 133 552 0 -8 0
540 285 136 549 0 8 0
540 293 139 546 0 0 0
540 293 142 543 0 8 0
540 301 145 540 0 0 0
540 301 148 537 0 -8 0
540 293 151 534 0 0 0
540 293 154 531 0 8 0
540 301 157 528 0 8 0
540 309 160 525 0 -8 0
540 301 163 522 0 0 0
540 301 166 519 0 8 0
540 309 169 516 0 -8 0
540 301 172 513 0 -8 0
540 293 175 510 0 8 0
540 301 178 507 0 0 0
540 301 181 504 0 8 0
540 309 184 501 0 8 0
540 317 187 498 0 -8 0
540 309 190 495 0 0 0
540 309 193 492 0 -8 0
540 301 196 489 -8 8 0
532 309 199 486 0 8 0
532 317 202 483 0 0 0
532 317 205 480 -8 -8 0
524 309 208 477 0 8 0
524 317 211 474 0 8 0
524 325 214 471 -8 -8 0
516 317 217 468 0 8 0
516 325 220 465 -8 0 0
508 325 223 462 0 0 0
508 325 226 459 0 8 0
508 333 229 456 -8 8 0
500 341 232 453 0 -8 0
500 333 235 450 0 -8 0
500 325 238 447 -8 -8 0
492 317 241 444 0 8 0
492 325 244 441 -8 -8 0
484 317 247 438 0 8 0
484 325 250 435 0 0 0
484 325 253 432 -8 -8 0
476 317 256 429 0 0 0
476 317 259 426 0 8 0
476 325 262 423 -8 -8 0
468 317 265 420 0 8 0
468 325 268 417 -8 8 0
460 333 271 414 0 8 0
460 341 274 411 0 -8 0
460 333 277 408 -8 0 0
452 333 280 405 0 0 0
452 333 283 402 0 -8 0
452 325 286 399 -8 -8 0
444 317 289 396 0 0 0
444 317 292 393 -8 8 0
436 325 295 390 0 8 0
436 333 298 387 0 8 0
436 341 301 384 -8 0 0
428 341 304 381 0 -8 0
428 333 307 378 0 8 0
428 341 310 375 -8 8 0
420 349 313 372 0 0 0
420 349 316 369 -8 0 0
412 349 319 366 0 8 0
412 357 322 363 0 8 0
412 365 325 360 -8 0 0
404 365 328 357 0 -8 0
404 357 331 354 0 0 0
404 357 334 351 -8 0 0
396 357 337 348 0 8 0
396 365 340 345 -8 -8 0
388 357 343 342 0 0 0
388 357 346 339 0 -8 0
388 349 349 336 -8 8 0
380 357 352 333 0 0 0
380 357 355 330 0 0 0
380 357 358 327 -8 -8 0
372 349 361 324 0 -8 0
372 341 364 321 -8 8 0
364 349 367 318 0 0 0
364 349 370 315 0 8 0
364 357 373 312 -8 8 0
356 365 376 309 0 0 0
356 365 379 306 0 0 0
356 365 382 303 -8 0 0
348 365 385 300 0 -8 0
348 357 388 297 -8 8 0
340 365 391 294 0 0 0
340 365 394 291 0 0 0
340 365 397 288 -8 -8 0
332 357 400 285 0 0 0
332 357 403 282 0 8 0
332 365 406 279 -8 8 0
324 373 409 276 0 0 0
324 373 412 273 -8 -8 0
316 365 415 270 0 -8 0
316 357 418 267 0 0 0
316 357 421 264 -8 8 0
308 365 424 261 0 0 0
308 365 427 258 0 0 0
308 365 430 255 -8 8 0
300 373 433 252 0 8 0
300 381 436 249 -8 8 0
292 389 439 246 0 -8 0
292 381 442 243 0 8 0
292 389 445 240 -8 -8 0
284 381 448 237 0 0 0
284 381 451 234 0 8 0
284 389 454 231 -8 -8 0
276 381 457 228 0 -8 0
276 373 460 225 -8 0 0
268 373 463 222 0 8 0
268 381 466 219 0 8 0
268 389 469 216 -8 0 0
260 389 472 213 0 -8 0
260 381 475 210 0 0 0
260 381 478 207 -8 0 0
252 381 481 204 0 -8 0
252 373 484 201 -8 -8 0
244 365 487 198 0 -8 0
244 357 490 195 0 0 0
244 357 493 192 -8 8 0
236 365 496 189 0 8 0
236 373 499 186 0 8 0
236 381 502 183 -8 0 0
228 381 505 180 0 0 0
228 381 508 177 -8 8 0
220 389 511 174 0 -8 0
220 381 514 171 0 8 0
220 389 517 168 -8 8 0
212 397 520 165 0 0 0
212 397 523 162 0 8 0
212 405 526 159 -8 8 0
204 413 529 156 0 -8 0
204 405 532 153 -8 8 0
196 413 535 150 0 8 0
196 421 538 147 0 0 0
196 421 541 144 -8 0 0
188 421 544 141 0 0 0
188 421 547 138 0 -8 0
188 413 550 135 -8 0 0
180 413 553 132 0 0 0
180 413 556 129 -8 8 0
172 421 559 126 0 8 0
172 429 562 123 0 0 0
172 429 565 120 -8 -8 0
164 421 568 117 0 0 0
164 421 571 114 0 0 0
164 421 574 111 -8 -8 0
156 413 577 108 0 0 0
156 413 580 105 -8 -8 0
148 405 583 102 0 0 0
148 405 586 99 0 8 0
148 413 589 96 -8 8 0
140 421 592 93 0 -8 0
140 413 595 90 0 8 0
140 421 598 87 -8 0 0
132 421 601 84 0 0 0
132 421 604 81 -8 -8 0
124 413 607 78 0 8 0
124 421 610 75 0 0 0
124 421 613 72 -8 0 0
116 421 616 69 0 8 0
116 429 619 66 0 -8 0
116 421 622 63 -8 -8 0
108 413 625 60 0 8 0
108 421 628 57 -8 -8 0
100 413 631 54 0 -8 0
100 405 634 51 0 8 0
100 413 637 48 -8 -8 0
92 405 640 45 0 0 0
92 405 643 42 0 0 0
92 405 646 39 -8 -8 0
84 397 649 36 0 -8 0
84 389 652 33 -8 -8 0
76 381 655 30 0 8 0
76 389 658 27 0 8 0
76 397 661 24 -8 -8 0
68 389 664 21 0 8 0
68 397 667 18 0 -8 0
68 389 670 15 -8 0 0
60 389 673 12 0 0 0
60 389 676 9 -8 -8 0
60 381 679 12 0 0 0
60 381 682 15 0 -8 0
60 373 685 18 0 8 0
60 381 688 21 0 0 0
60 381 691 24 0 8 0
60 389 694 27 0 -8 0
60 381 697 30 0 0 0
60 381 700 33 0 0 0
60 381 703 36 0 8 0
60 389 706 39 0 8 0
60 397 709 42 0 0 0
60 397 712 45 0 -8 0
60 389 715 48 0 0 0
60 389 718 51 0 8 0
60 397 721 54 0 -8 0
60 389 724 57 0 8 0
60 397 727 60 0 -8 0
60 389 730 63 0 -8 0
60 381 733 66 0 -8 0
60 373 736 69 0 -8 0
60 365 739 72 0 -8 0
60 357 742 75 0 -8 0
60 349 745 78 0 0 0
60 349 748 81 0 -8 0
60 341 751 84 0 8 0
60 349 754 87 0 8 0
60 357 757 90 0 8 0
60 365 760 93 0 0 0
60 365 763 96 0 8 0
60 373 766 99 0 0 0
60 373 769 102 0 -8 0
60 365 772 105 0 8 0
60 373 775 108 0 -8 0
60 365 778 111 8 -8 0
68 357 781 114 0 0 1
68 357 781 114 0 0 1
68 357 781 114 0 0 1
68 357 781 114 0 0 1
68 357 781 114 0 0 1
