338 64 139 348 0 0 0
338 64 142 345 0 0 0
338 64 145 342 0 -8 0
338 60 148 339 0 0 0
338 60 151 336 0 8 0
338 68 154 333 0 -8 0
338 60 157 330 0 0 0
338 60 160 327 0 8 0
338 68 163 324 0 -8 0
338 60 166 321 0 -8 0
338 60 169 318 0 -8 0
338 60 172 315 0 -8 0
338 60 175 312 0 0 0
338 60 178 309 0 -8 0
338 60 181 306 0 0 0
338 60 184 303 0 8 0
338 68 187 300 0 -8 0
338 60 190 297 0 -8 0
338 60 193 294 0 0 0
338 60 196 291 0 0 0
338 60 199 288 0 8 0
338 68 202 285 -8 8 0
330 76 205 282 0 -8 0
330 68 208 279 -8 0 0
322 68 211 276 0 8 0
322 76 214 273 0 -8 0
322 68 217 270 -8 8 0
314 76 220 267 0 -8 0
314 68 223 264 0 8 0
314 76 226 261 -8 8 0
306 84 229 258 0 8 0
306 92 232 255 -8 -8 0
298 84 235 252 0 0 0
298 84 238 249 0 0 0
298 84 241 246 -8 8 0
290 92 244 243 0 0 0
290 92 247 240 0 -8 0
290 84 250 237 -8 -8 0
282 76 253 234 0 8 0
282 84 256 231 -8 0 0
274 84 259 228 0 -8 0
274 76 262 225 0 8 0
274 84 265 222 -8 8 0
266 92 268 219 0 -8 0
266 84 271 216 0 -8 0
266 76 274 213 -8 8 0
258 84 277 210 0 0 0
258 84 280 207 -8 0 0
250 84 283 204 0 8 0
250 92 286 201 0 -8 0
250 84 289 198 -8 -8 0
242 76 292 195 0 -8 0
242 68 295 192 0 -8 0
242 60 298 189 -8 8 0
234 68 301 186 0 0 0
234 68 304 183 -8 0 0
226 68 307 180 0 0 0
226 68 310 177 0 -8 0
226 60 313 174 -8 8 0
218 68 316 171 0 0 0
218 68 319 168 0 0 0
218 68 322 165 -8 0 0
210 68 325 162 0 8 0
210 76 328 159 -8 -8 0
202 68 331 156 0 8 0
202 76 334 153 0 8 0
202 84 337 150 -8 0 0
194 84 340 147 0 8 0
194 92 343 144 0 8 0
194 100 346 141 -8 -8 0
186 92 349 138 0 0 0
186 92 352 135 -8 8 0
178 100 355 132 0 0 0
178 100 358 129 0 -8 0
178 92 361 126 -8 -8 0
170 84 364 123 0 8 0
170 92 367 120 0 -8 0
170 84 370 117 -8 -8 0
162 76 373 114 0 8 0
162 84 376 111 -8 0 0
154 84 379 108 0 0 0
154 84 382 105 0 -8 0
154 76 385 102 -8 -8 0
146 68 388 99 0 -8 0
146 60 391 96 0 8 0
146 68 394 93 -8 0 0
138 68 397 90 0 -8 0
138 60 400 87 -8 8 0
130 68 403 84 0 0 0
130 68 406 81 0 0 0
130 68 409 78 -8 8 0
122 76 412 75 0 8 0
122 84 415 72 0 0 0
122 84 418 69 -8 -8 0
114 76 421 66 0 0 0
114 76 424 63 -8 0 0
106 76 427 60 0 0 0
106 76 430 57 0 8 0
106 84 433 54 -8 0 0
98 84 436 51 0 0 0
98 84 439 48 0 8 0
98 92 442 45 -8 8 0
90 100 445 42 0 -8 0
90 92 448 39 -8 0 0
82 92 451 36 0 8 0
82 100 454 33 0 -8 0
82 92 457 30 -8 8 0
74 100 460 27 0 0 0
74 100 463 24 0 0 0
74 100 466 21 -8 0 0
66 100 469 18 0 8 0
66 108 472 15 -8 0 0
60 108 475 12 0 -8 0
60 100 478 9 -8 8 0
60 108 481 12 0 -8 0
60 100 484 15 0 0 0
60 100 487 18 0 -8 0
60 92 490 21 0 0 0
60 92 493 24 0 -8 0
60 84 496 27 0 8 0
60 92 499 30 0 0 0
60 92 502 33 0 8 0
60 100 505 36 0 0 0
60 100 508 39 0 0 0
60 100 511 42 0 -8 0
60 92 514 45 0 0 0
60 92 517 48 0 -8 0
60 84 520 51 0 8 0
60 92 523 54 0 0 0
60 92 526 57 0 0 0
60 92 529 60 0 0 0
60 92 532 63 0 8 0
60 100 535 66 0 8 0
60 108 538 69 0 -8 0
60 100 541 72 0 -8 0
60 92 544 75 0 -8 0
60 84 547 78 0 8 0
60 92 550 81 0 8 0
60 100 553 84 0 0 0
60 100 556 87 0 -8 0
60 92 559 90 0 0 0
60 92 562 93 0 -8 0
60 84 565 96 0 -8 0
60 76 568 99 0 -8 0
60 68 571 102 0 0 0
60 68 574 105 0 8 0
60 76 577 108 0 -8 0
60 68 580 111 8 -8 0
68 60 583 114 0 -8 0
68 60 586 117 0 0 0
68 60 589 120 8 0 0
76 60 592 123 0 0 0
76 60 595 126 0 8 0
76 68 598 129 8 -8 0
84 60 601 132 0 -8 0
84 60 604 135 8 8 0
92 68 607 138 0 0 0
92 68 610 141 0 -8 0
92 60 613 144 8 8 0
100 68 616 147 0 -8 0
100 60 619 150 0 -8 0
100 60 622 153 8 0 0
108 60 625 156 0 8 0
108 68 628 159 8 0 0
116 68 631 162 0 -8 0
116 60 634 165 0 -8 0
116 60 637 168 8 8 0
124 68 640 171 0 8 0
124 76 643 174 0 8 0
124 84 646 177 8 8 0
132 92 649 180 0 8 0
132 100 652 183 8 -8 0
140 92 655 186 0 0 0
140 92 658 189 0 8 0
140 100 661 192 8 0 0
148 100 664 195 0 -8 0
148 92 667 198 0 0 0
148 92 670 201 8 -8 0
156 84 673 204 0 0 0
156 84 676 207 8 -8 0
164 76 679 210 0 0 0
164 76 682 213 0 0 0
164 76 685 216 8 -8 0
172 68 688 219 0 -8 0
172 60 691 222 0 -8 0
172 60 694 225 8 8 0
180 68 697 228 0 0 0
180 68 700 231 8 8 0
188 76 703 234 0 -8 0
188 68 706 237 0 -8 0
188 60 709 240 8 8 0
196 68 712 243 0 -8 0
196 60 715 246 0 0 0
196 60 718 249 8 -8 0
204 60 721 252 0 -8 0
204 60 724 255 8 0 0
212 60 727 258 0 -8 0
212 60 730 261 0 8 0
212 68 733 264 8 0 0
220 68 736 267 0 -8 0
220 60 739 270 0 8 0
220 68 742 273 8 -8 0
228 60 745 276 0 0 0
228 60 748 279 8 8 0
236 68 751 282 0 0 0
236 68 754 285 0 0 0
236 68 757 288 8 -8 0
244 60 760 291 0 8 0
244 68 763 294 0 0 0
244 68 766 297 8 0 0
252 68 769 300 0 8 0
252 76 772 303 8 0 0
260 76 775 306 0 0 0
260 76 778 309 0 -8 0
260 68 781 312 0 0 1
260 68 781 312 0 0 1
260 68 781 312 0 0 1
260 68 781 312 0 0 1
260 68 781 312 0 0 1
