222 366 103 447 0 0 0
222 366 106 444 8 8 0
230 374 109 441 8 8 0
238 382 112 438 8 -8 0
246 374 115 435 8 -8 0
254 366 118 432 8 -8 0
262 358 121 429 8 -8 0
270 350 124 426 8 -8 0
278 342 127 423 8 -8 0
286 334 130 420 8 8 0
294 342 133 417 8 -8 0
302 334 136 414 8 0 0
310 334 139 411 8 8 0
318 342 142 408 8 8 0
326 350 145 405 8 8 0
334 358 148 402 8 0 0
342 358 151 399 8 0 0
350 358 154 396 0 -8 0
350 350 157 393 0 -8 0
350 342 160 390 0 8 0
350 350 163 387 0 0 0
350 350 166 384 0 -8 0
350 342 169 381 0 -8 0
350 334 172 378 0 8 0
350 342 175 375 0 0 0
350 342 178 372 0 0 0
350 342 181 369 0 0 0
350 342 184 366 0 8 0
350 350 187 363 0 8 0
350 358 190 360 0 8 0
350 366 193 357 0 0 0
350 366 196 354 0 8 0
350 374 199 351 0 8 0
350 382 202 348 0 8 0
350 390 205 345 0 8 0
350 398 208 342 0 0 0
350 398 211 339 0 8 0
350 406 214 336 0 8 0
350 414 217 333 0 -8 0
350 406 220 330 0 -8 0
350 398 223 327 0 0 0
350 398 226 324 0 0 0
350 398 229 321 0 -8 0
350 390 232 318 0 -8 0
350 382 235 315 0 0 0
350 382 238 312 0 -8 0
350 374 241 309 0 8 0
350 382 244 306 0 8 0
350 390 247 303 0 -8 0
350 382 250 300 0 8 0
350 390 253 297 -8 -8 0
342 382 256 294 0 -8 0
342 374 259 291 -8 -8 0
334 366 262 288 0 -8 0
334 358 265 285 0 -8 0
334 350 268 282 -8 0 0
326 350 271 279 0 -8 0
326 342 274 276 0 8 0
326 350 277 273 -8 8 0
318 358 280 270 0 -8 0
318 350 283 267 -8 -8 0
310 342 286 264 0 -8 0
310 334 289 261 0 0 0
310 334 292 258 -8 -8 0
302 326 295 255 0 -8 0
302 318 298 252 0 8 0
302 326 301 249 -8 8 0
294 334 304 246 0 0 0
294 334 307 243 -8 0 0
286 334 310 240 0 -8 0
286 326 313 237 0 8 0
286 334 316 234 -8 -8 0
278 326 319 231 0 8 0
278 334 322 228 0 0 0
278 334 325 225 -8 0 0
270 334 328 222 0 0 0
270 334 331 219 -8 0 0
262 334 334 216 0 0 0
262 334 337 213 0 -8 0
262 326 340 210 -8 -8 0
254 318 343 207 0 0 0
254 318 346 204 0 -8 0
254 310 349 201 -8 8 0
246 318 352 198 0 8 0
246 326 355 195 -8 8 0
238 334 358 192 0 0 0
238 334 361 189 0 -8 0
238 326 364 186 -8 -8 0
230 318 367 183 0 0 0
230 318 370 180 0 -8 0
230 310 373 177 -8 -8 0
222 302 376 174 0 0 0
222 302 379 171 -8 8 0
214 310 382 168 0 0 0
214 310 385 165 0 8 0
214 318 388 162 -8 -8 0
206 310 391 159 0 0 0
206 310 394 156 0 -8 0
206 302 397 153 -8 0 0
198 302 400 150 0 0 0
198 302 403 147 -8 8 0
190 310 406 144 0 0 0
190 310 409 141 0 8 0
190 318 412 138 -8 0 0
182 318 415 135 0 8 0
182 326 418 132 0 8 0
182 334 421 129 -8 8 0
174 342 424 126 0 0 0
174 342 427 123 -8 -8 0
166 334 430 120 0 0 0
166 334 433 117 0 8 0
166 342 436 114 -8 8 0
158 350 439 111 0 -8 0
158 342 442 108 0 -8 0
158 334 445 105 -8 8 0
150 342 448 102 0 -8 0
150 334 451 99 -8 8 0
142 342 454 96 0 -8 0
142 334 457 93 0 0 0
142 334 460 90 -8 -8 0
134 326 463 87 0 8 0
134 334 466 84 0 0 0
134 334 469 81 -8 0 0
126 334 472 78 0 8 0
126 342 475 75 -8 -8 0
118 334 478 72 0 0 0
118 334 481 69 0 0 0
118 334 484 66 -8 0 0
110 334 487 63 0 -8 0
110 326 490 60 0 8 0
110 334 493 57 -8 -8 0
102 326 496 54 0 8 0
102 334 499 51 -8 -8 0
94 326 502 48 0 8 0
94 334 505 45 0 -8 0
94 326 508 42 -8 -8 0
86 318 511 39 0 8 0
86 326 514 36 0 8 0
86 334 517 33 -8 8 0
78 342 520 30 0 8 0
78 350 523 27 -8 -8 0
70 342 526 24 0 0 0
70 342 529 21 0 0 0
70 342 532 18 -8 0 0
62 342 535 15 0 8 0
62 350 538 12 0 0 0
62 350 541 9 -8 8 0
60 358 544 12 0 0 0
60 358 547 15 0 8 0
60 366 550 18 0 0 0
60 366 553 21 0 -8 0
60 358 556 24 0 -8 0
60 350 559 27 0 0 0
60 350 562 30 0 8 0
60 358 565 33 0 8 0
60 366 568 36 0 -8 0
60 358 571 39 0 8 0
60 366 574 42 0 8 0
60 374 577 45 0 8 0
60 382 580 48 0 0 0
60 382 583 51 0 -8 0
60 374 586 54 0 8 0
60 382 589 57 0 8 0
60 390 592 60 0 8 0
60 398 595 63 0 0 0
60 398 598 66 0 8 0
60 406 601 69 0 0 0
60 406 604 72 0 -8 0
60 398 607 75 0 0 0
60 398 610 78 0 0 0
60 398 613 81 0 -8 0
60 390 616 84 0 0 0
60 390 619 87 0 -8 0
60 382 622 90 0 8 0
60 390 625 93 0 8 0
60 398 628 96 0 -8 0
60 390 631 99 0 8 0
60 398 634 102 0 8 0
60 406 637 105 0 8 0
60 414 640 108 0 0 0
60 414 643 111 8 8 0
68 422 646 114 0 -8 0
68 414 649 117 0 8 0
68 422 652 120 8 0 0
76 422 655 123 0 -8 0
76 414 658 126 0 8 0
76 422 661 129 8 0 0
84 422 664 132 0 8 0
84 430 667 135 8 8 0
92 438 670 138 0 8 0
92 446 673 141 0 0 0
92 446 676 144 8 0 0
100 446 679 147 0 0 0
100 446 682 150 0 -8 0
100 438 685 153 8 -8 0
108 430 688 156 0 0 0
108 430 691 159 8 0 0
116 430 694 162 0 8 0
116 438 697 165 0 0 0
116 438 700 168 8 8 0
124 446 703 171 0 0 0
124 446 706 174 0 -8 0
124 438 709 177 8 -8 0
132 430 712 180 0 0 0
132 430 715 183 8 -8 0
140 422 718 186 0 -8 0
140 414 721 189 0 -8 0
140 406 724 192 8 0 0
148 406 727 195 0 8 0
148 414 730 198 0 -8 0
148 406 733 201 8 -8 0
156 398 736 204 0 0 0
156 398 739 207 8 8 0
164 406 742 210 0 0 0
164 406 745 213 0 -8 0
164 398 748 216 8 8 0
172 406 751 219 0 8 0
172 414 754 222 0 0 0
172 414 757 225 8 8 0
180 422 760 228 0 0 0
180 422 763 231 8 8 0
188 430 766 234 0 0 0
188 430 769 237 0 8 0
188 438 772 240 8 -8 0
196 430 775 243 0 8 0
196 438 778 246 0 8 0
196 446 781 249 0 0 1
196 446 781 249 0 0 1
196 446 781 249 0 0 1
196 446 781 249 0 0 1
196 446 781 249 0 0 1
