468 180 163 300 0 0 0
468 180 160 303 -8 0 0
460 180 157 306 -8 0 0
452 180 154 309 -8 0 0
444 180 151 312 -8 8 0
436 188 148 315 -8 8 0
428 196 145 318 -8 8 0
420 204 142 321 -8 8 0
412 212 139 324 -8 -8 0
404 204 136 327 -8 8 0
396 212 133 330 -8 -8 0
388 204 130 333 -8 8 0
380 212 127 336 0 0 0
380 212 124 339 0 -8 0
380 204 121 342 0 8 0
380 212 118 345 0 -8 0
380 204 115 348 0 0 0
380 204 112 351 0 0 0
380 204 109 354 0 0 0
380 204 106 357 0 8 0
380 212 103 360 0 -8 0
380 204 100 363 0 0 0
380 204 97 366 0 0 0
380 204 94 369 0 -8 0
380 196 91 372 0 8 0
380 204 88 375 0 0 0
380 204 85 378 0 8 0
380 212 82 381 0 -8 0
380 204 79 384 0 0 0
380 204 76 387 0 -8 0
380 196 73 390 0 8 0
380 204 70 393 0 8 0
380 212 67 396 0 0 0
380 212 64 399 0 0 0
380 212 61 402 0 0 0
380 212 58 405 0 0 0
380 212 55 408 0 0 0
380 212 52 411 0 -8 0
380 204 49 414 0 8 0
380 212 46 417 0 0 0
380 212 43 420 0 8 0
380 220 40 423 0 -8 0
380 212 37 426 0 0 0
380 212 34 429 0 -8 0
380 204 31 432 8 0 0
388 204 28 435 0 8 0
388 212 25 438 0 -8 0
388 204 22 441 8 -8 0
396 196 19 444 0 -8 0
396 188 22 447 8 -8 0
404 180 25 450 0 0 0
404 180 28 453 0 0 0
404 180 31 456 8 0 0
412 180 34 459 0 -8 0
412 172 37 462 0 8 0
412 180 40 465 8 -8 0
420 172 43 468 0 -8 0
420 164 46 471 8 8 0
428 172 49 474 0 -8 0
428 164 52 477 0 -8 0
428 156 55 480 8 -8 0
436 148 58 483 0 -8 0
436 140 61 486 0 0 0
436 140 64 489 8 -8 0
444 132 67 492 0 -8 0
444 124 70 495 8 -8 0
452 116 73 498 0 -8 0
452 108 76 501 0 0 0
452 108 79 504 8 8 0
460 116 82 507 0 -8 0
460 108 85 510 0 0 0
460 108 88 513 8 8 0
468 116 91 516 0 8 0
468 124 94 519 8 -8 0
476 116 97 522 0 8 0
476 124 100 525 0 0 0
476 124 103 528 8 8 0
484 132 106 531 0 -8 0
484 124 109 534 0 8 0
484 132 112 537 8 0 0
492 132 115 540 0 8 0
492 140 118 543 8 0 0
500 140 121 546 0 0 0
500 140 124 549 0 8 0
500 148 127 552 8 0 0
508 148 130 555 0 -8 0
508 140 133 558 0 8 0
508 148 136 561 8 0 0
516 148 139 564 0 0 0
516 148 142 567 8 0 0
524 148 145 570 0 8 0
524 156 148 573 0 0 0
524 156 151 576 8 -8 0
532 148 154 579 0 -8 0
532 140 157 582 0 -8 0
532 132 160 585 8 -8 0
540 124 163 588 0 -8 0
540 116 166 591 8 0 0
540 116 169 588 0 0 0
540 116 172 585 0 8 0
540 124 175 582 0 8 0
540 132 178 579 0 8 0
540 140 181 576 0 -8 0
540 132 184 573 0 -8 0
540 124 187 570 0 8 0
540 132 190 567 0 0 0
540 132 193 564 0 0 0
540 132 196 561 0 0 0
540 132 199 558 0 8 0
540 140 202 555 0 8 0
540 148 205 552 0 0 0
540 148 208 549 0 -8 0
540 140 211 546 0 8 0
540 148 214 543 0 -8 0
540 140 217 540 0 0 0
540 140 220 537 0 -8 0
540 132 223 534 0 -8 0
540 124 226 531 0 0 0
540 124 229 528 0 -8 0
540 116 232 525 0 8 0
540 124 235 522 0 -8 0
540 116 238 519 0 0 0
540 116 241 516 0 0 0
540 116 244 513 0 8 0
540 124 247 510 0 0 0
540 124 250 507 0 8 0
540 132 253 504 0 0 0
540 132 256 501 0 8 0
540 140 259 498 0 8 0
540 148 262 495 0 -8 0
540 140 265 492 0 8 0
540 148 268 489 -8 8 0
532 156 271 486 0 0 0
532 156 274 483 0 8 0
532 164 277 480 -8 0 0
524 164 280 477 0 -8 0
524 156 283 474 0 -8 0
524 148 286 471 -8 8 0
516 156 289 468 0 -8 0
516 148 292 465 -8 -8 0
508 140 295 462 0 -8 0
508 132 298 459 0 0 0
508 132 301 456 -8 0 0
500 132 304 453 0 8 0
500 140 307 450 0 -8 0
500 132 310 447 -8 8 0
492 140 313 444 0 -8 0
492 132 316 441 -8 8 0
484 140 319 438 0 0 0
484 140 322 435 0 8 0
484 148 325 432 -8 -8 0
476 140 328 429 0 0 0
476 140 331 426 0 0 0
476 140 334 423 -8 -8 0
468 132 337 420 0 0 0
468 132 340 417 -8 8 0
460 140 343 414 0 8 0
460 148 346 411 0 8 0
460 156 349 408 -8 8 0
452 164 352 405 0 -8 0
452 156 355 402 0 0 0
452 156 358 399 -8 8 0
444 164 361 396 0 8 0
444 172 364 393 -8 8 0
436 180 367 390 0 -8 0
436 172 370 387 0 8 0
436 180 373 384 -8 -8 0
428 172 376 381 0 0 0
428 172 379 378 0 -8 0
428 164 382 375 -8 8 0
420 172 385 372 0 0 0
420 172 388 369 -8 8 0
412 180 391 366 0 -8 0
412 172 394 363 0 8 0
412 180 397 360 -8 8 0
404 188 400 357 0 8 0
404 196 403 354 0 -8 0
404 188 406 351 -8 8 0
396 196 409 348 0 8 0
396 204 412 345 -8 8 0
388 212 415 342 0 0 0
388 212 418 339 0 -8 0
388 204 421 336 -8 8 0
380 212 424 333 0 8 0
380 220 427 330 0 0 0
380 220 430 327 -8 0 0
372 220 433 324 0 -8 0
372 212 436 321 -8 -8 0
364 204 439 318 0 -8 0
364 196 442 315 0 -8 0
364 188 445 312 -8 0 0
356 188 448 309 0 8 0
356 196 451 306 0 8 0
356 204 454 303 -8 0 0
348 204 457 300 0 0 0
348 204 460 297 -8 0 0
340 204 463 294 0 0 0
340 204 466 291 0 -8 0
340 196 469 288 -8 -8 0
332 188 472 285 0 0 0
332 188 475 282 0 0 0
332 188 478 279 -8 0 0
324 188 481 276 0 0 0
324 188 484 273 -8 -8 0
316 180 487 270 0 -8 0
316 172 490 267 0 0 0
316 172 493 264 -8 8 0
308 180 496 261 0 0 0
308 180 499 258 0 8 0
308 188 502 255 -8 -8 0
300 180 505 252 0 8 0
300 188 508 249 -8 8 0
292 196 511 246 0 0 0
292 196 514 243 0 0 0
292 196 517 240 -8 8 0
284 204 520 237 0 8 0
284 212 523 234 0 0 0
284 212 526 231 -8 8 0
276 220 529 228 0 8 0
276 228 532 225 -8 -8 0
268 220 535 222 0 -8 0
268 212 538 219 0 -8 0
268 204 541 216 -8 0 0
260 204 544 213 0 -8 0
260 196 547 210 0 0 0
260 196 550 207 -8 0 0
252 196 553 204 0 0 0
252 196 556 201 -8 0 0
244 196 559 198 0 -8 0
244 188 562 195 0 -8 0
244 180 565 192 -8 -8 0
236 172 568 189 0 -8 0
236 164 571 186 0 0 0
236 164 574 183 -8 0 0
228 164 577 180 0 0 0
228 164 580 177 -8 -8 0
220 156 583 174 0 -8 0
220 148 586 171 0 0 0
220 148 589 168 -8 0 0
212 148 592 165 0 -8 0
212 140 595 162 0 -8 0
212 132 598 159 -8 8 0
204 140 601 156 0 -8 0
204 132 604 153 -8 8 0
196 140 607 150 0 -8 0
196 132 610 147 0 8 0
196 140 613 144 -8 8 0
188 148 616 141 0 0 0
188 148 619 138 0 8 0
188 156 622 135 -8 0 0
180 156 625 132 0 8 0
180 164 628 129 -8 -8 0
172 156 631 126 0 -8 0
172 148 634 123 0 8 0
172 156 637 120 -8 0 0
164 156 640 117 0 0 0
164 156 643 114 0 -8 0
164 148 646 111 -8 0 0
156 148 649 108 0 -8 0
156 140 652 105 -8 -8 0
148 132 655 102 0 0 0
148 132 658 99 0 8 0
148 140 661 96 -8 8 0
140 148 664 93 0 -8 0
140 140 667 90 0 -8 0
140 132 670 87 -8 8 0
132 140 673 84 0 -8 0
132 132 676 81 -8 -8 0
124 124 679 78 0 0 0
124 124 682 75 0 8 0
124 132 685 72 -8 -8 0
116 124 688 69 0 0 0
116 124 691 66 0 -8 0
116 116 694 63 -8 -8 0
108 108 697 60 0 -8 0
108 100 700 57 -8 0 0
100 100 703 54 0 8 0
100 108 706 51 0 8 0
100 116 709 48 -8 -8 0
92 108 712 45 0 0 0
92 108 715 42 0 -8 0
92 100 718 39 -8 8 0
84 108 721 36 0 8 0
84 116 724 33 -8 -8 0
76 108 727 30 0 8 0
76 116 730 27 0 0 0
76 116 733 24 -8 -8 0
68 108 736 21 0 0 0
68 108 739 18 0 -8 0
68 100 742 15 -8 8 0
60 108 745 12 0 -8 0
60 100 748 9 -8 8 0
60 108 751 12 0 8 0
60 116 754 15 0 -8 0
60 108 757 18 0 8 0
60 116 760 21 0 -8 0
60 108 763 24 0 8 0
60 116 766 27 0 8 0
60 124 769 30 0 -8 0
60 116 772 33 0 0 0
60 116 775 36 0 -8 0
60 108 778 39 0 0 0
60 108 781 42 0 0 1
60 108 781 42 0 0 1
60 108 781 42 0 0 1
60 108 781 42 0 0 1
60 108 781 42 0 0 1
