75 369 349 318 0 0 0
75 369 352 321 8 -8 0
83 361 355 324 8 0 0
91 361 358 327 8 -8 0
99 353 361 330 8 0 0
107 353 364 333 8 8 0
115 361 367 336 8 -8 0
123 353 370 339 8 0 0
131 353 373 342 8 -8 0
139 345 376 345 8 8 0
147 353 379 348 8 -8 0
155 345 382 351 8 -8 0
163 337 385 354 8 -8 0
171 329 388 357 8 0 0
179 329 391 360 8 0 0
187 329 394 363 8 -8 0
195 321 397 366 8 0 0
203 321 400 369 8 -8 0
211 313 403 372 8 -8 0
219 305 406 375 8 -8 0
227 297 409 378 8 0 0
235 297 412 381 8 8 0
243 305 415 384 8 8 0
251 313 418 387 8 0 0
259 313 421 390 8 8 0
267 321 424 393 8 0 0
275 321 427 396 8 0 0
283 321 430 399 8 -8 0
291 313 433 402 8 0 0
299 313 436 405 8 -8 0
307 305 439 408 8 8 0
315 313 442 411 8 0 0
323 313 445 414 8 8 0
331 321 448 417 8 0 0
339 321 451 420 8 8 0
347 329 454 423 8 8 0
355 337 457 426 8 8 0
363 345 460 429 8 -8 0
371 337 463 432 8 -8 0
379 329 466 435 8 8 0
387 337 469 438 8 -8 0
395 329 472 441 0 -8 0
395 321 475 444 0 0 0
395 321 478 447 8 8 0
403 329 481 450 0 8 0
403 337 484 453 0 -8 0
403 329 487 456 8 -8 0
411 321 490 459 0 0 0
411 321 493 462 8 0 0
419 321 496 465 0 0 0
419 321 499 468 0 0 0
419 321 502 471 8 0 0
427 321 505 474 0 8 0
427 329 508 477 0 0 0
427 329 511 480 8 0 0
435 329 514 483 0 0 0
435 329 517 486 8 8 0
443 337 520 489 0 -8 0
443 329 523 492 0 0 0
443 329 526 495 8 0 0
451 329 529 498 0 0 0
451 329 532 501 0 0 0
451 329 535 504 8 0 0
459 329 538 507 0 0 0
459 329 541 510 8 8 0
467 337 544 513 0 8 0
467 345 547 516 0 -8 0
467 337 550 519 8 -8 0
475 329 553 522 0 0 0
475 329 556 525 0 -8 0
475 321 559 528 8 -8 0
483 313 562 531 0 8 0
483 321 565 534 8 -8 0
491 313 568 537 0 -8 0
491 305 571 540 0 -8 0
491 297 574 543 8 0 0
499 297 577 546 0 0 0
499 297 580 549 0 -8 0
499 289 583 552 8 8 0
507 297 586 555 0 -8 0
507 289 589 558 8 -8 0
515 281 592 561 0 -8 0
515 273 595 564 0 0 0
515 273 598 567 8 8 0
523 281 601 570 0 8 0
523 289 604 573 0 0 0
523 289 607 576 8 8 0
531 297 610 579 0 8 0
531 305 613 582 8 -8 0
539 297 616 585 0 0 0
539 297 619 588 0 -8 0
539 289 622 591 8 -8 0
540 281 625 588 0 -8 0
540 273 628 585 0 0 0
540 273 631 582 0 -8 0
540 265 634 579 0 8 0
540 273 637 576 0 -8 0
540 265 640 573 0 8 0
540 273 643 570 0 8 0
540 281 646 567 0 0 0
540 281 649 564 0 -8 0
540 273 652 561 0 -8 0
540 265 655 558 0 0 0
540 265 658 555 0 0 0
540 265 661 552 0 8 0
540 273 664 549 0 0 0
540 273 667 546 0 0 0
540 273 670 543 0 0 0
540 273 673 540 0 -8 0
540 265 676 537 0 -8 0
540 257 679 534 0 -8 0
540 249 682 531 0 -8 0
540 241 685 528 0 -8 0
540 233 688 525 0 8 0
540 241 691 522 0 0 0
540 241 694 519 0 8 0
540 249 697 516 0 0 0
540 249 700 513 0 -8 0
540 241 703 510 0 0 0
540 241 706 507 0 -8 0
540 233 709 504 0 -8 0
540 225 712 501 0 -8 0
540 217 715 498 0 8 0
540 225 718 495 0 -8 0
540 217 721 492 0 -8 0
540 209 724 489 -8 -8 0
532 201 727 486 0 0 0
532 201 730 483 0 8 0
532 209 733 480 -8 8 0
524 217 736 477 0 -8 0
524 209 739 474 0 8 0
524 217 742 471 -8 8 0
516 225 745 468 0 0 0
516 225 748 465 -8 8 0
508 233 751 462 0 8 0
508 241 754 459 0 -8 0
508 233 757 456 -8 8 0
500 241 760 453 0 -8 0
500 233 763 450 0 -8 0
500 225 766 447 -8 8 0
492 233 769 444 0 8 0
492 241 772 441 -8 0 0
484 241 775 438 0 8 0
484 249 778 435 0 8 0
484 257 781 432 0 0 1
484 257 781 432 0 0 1
484 257 781 432 0 0 1
484 257 781 432 0 0 1
484 257 781 432 0 0 1
