472 94 427 174 0 0 0
472 94 424 177 -8 8 0
464 102 421 180 -8 8 0
456 110 418 183 -8 0 0
448 110 415 186 -8 8 0
440 118 412 189 -8 0 0
432 118 409 192 -8 8 0
424 126 406 195 -8 -8 0
416 118 403 198 -8 -8 0
408 110 400 201 -8 0 0
400 110 397 204 -8 8 0
392 118 394 207 -8 -8 0
384 110 391 210 -8 0 0
376 110 388 213 -8 0 0
368 110 385 216 -8 8 0
360 118 382 219 -8 -8 0
352 110 379 222 -8 8 0
344 118 376 225 -8 8 0
336 126 373 228 -8 -8 0
328 118 370 231 -8 0 0
320 118 367 234 -8 8 0
312 126 364 237 -8 0 0
304 126 361 240 -8 8 0
296 134 358 243 -8 0 0
288 134 355 246 0 -8 0
288 126 352 249 0 8 0
288 134 349 252 0 8 0
288 142 346 255 0 8 0
288 150 343 258 0 0 0
288 150 340 261 0 8 0
288 158 337 264 0 8 0
288 166 334 267 0 -8 0
288 158 331 270 0 8 0
288 166 328 273 0 -8 0
288 158 325 276 0 0 0
288 158 322 279 0 -8 0
288 150 319 282 0 0 0
288 150 316 285 0 -8 0
288 142 313 288 0 8 0
288 150 310 291 0 -8 0
288 142 307 294 0 8 0
288 150 304 297 0 -8 0
288 142 301 300 0 8 0
288 150 298 303 0 -8 0
288 142 295 306 0 8 0
288 150 292 309 0 0 0
288 150 289 312 0 -8 0
288 142 286 315 0 -8 0
288 134 283 318 0 0 0
288 134 280 321 0 0 0
288 134 277 324 0 -8 0
288 126 274 327 0 -8 0
288 118 271 330 0 8 0
288 126 268 333 0 -8 0
288 118 265 336 0 8 0
288 126 262 339 8 0 0
296 126 259 342 0 8 0
296 134 256 345 0 8 0
296 142 253 348 8 8 0
304 150 250 351 0 0 0
304 150 247 354 0 8 0
304 158 244 357 8 -8 0
312 150 241 360 0 -8 0
312 142 238 363 8 -8 0
320 134 235 366 0 0 0
320 134 232 369 0 8 0
320 142 229 372 8 0 0
328 142 226 375 0 -8 0
328 134 223 378 0 -8 0
328 126 220 381 8 8 0
336 134 217 384 0 8 0
336 142 214 387 8 8 0
344 150 211 390 0 8 0
344 158 208 393 0 8 0
344 166 205 396 8 0 0
352 166 202 399 0 0 0
352 166 199 402 0 8 0
352 174 196 405 8 -8 0
360 166 193 408 0 -8 0
360 158 190 411 8 0 0
368 158 187 414 0 -8 0
368 150 184 417 0 8 0
368 158 181 420 8 8 0
376 166 178 423 0 8 0
376 174 175 426 0 8 0
376 182 172 429 8 8 0
384 190 169 432 0 0 0
384 190 166 435 8 -8 0
392 182 163 438 0 -8 0
392 174 160 441 0 0 0
392 174 157 444 8 0 0
400 174 154 447 0 -8 0
400 166 151 450 0 -8 0
400 158 148 453 8 -8 0
408 150 145 456 0 -8 0
408 142 142 459 8 0 0
416 142 139 462 0 0 0
416 142 136 465 0 8 0
416 150 133 468 8 -8 0
424 142 130 471 0 -8 0
424 134 127 474 0 8 0
424 142 124 477 8 8 0
432 150 121 480 0 -8 0
432 142 118 483 8 8 0
440 150 115 486 0 0 0
440 150 112 489 0 0 0
440 150 109 492 8 0 0
448 150 106 495 0 8 0
448 158 103 498 0 -8 0
448 150 100 501 8 8 0
456 158 97 504 0 0 0
456 158 94 507 8 -8 0
464 150 91 510 0 8 0
464 158 88 513 0 -8 0
464 150 85 516 8 -8 0
472 142 82 519 0 8 0
472 150 79 522 0 0 0
472 150 76 525 8 -8 0
480 142 73 528 0 8 0
480 150 70 531 8 0 0
488 150 67 534 0 0 0
488 150 64 537 0 0 0
488 150 61 540 8 -8 0
496 142 58 543 0 -8 0
496 134 55 546 0 -8 0
496 126 52 549 8 0 0
504 126 49 552 0 -8 0
504 118 46 555 8 -8 0
512 110 43 558 0 0 0
512 110 40 561 0 -8 0
512 102 37 564 8 8 0
520 110 34 567 0 -8 0
520 102 31 570 0 0 0
520 102 28 573 8 8 0
528 110 25 576 0 0 0
528 110 22 579 8 8 0
536 118 19 582 0 0 0
536 118 22 585 0 0 0
536 118 25 588 8 -8 0
540 110 28 591 8 8 0
540 118 31 588 0 8 0
540 126 34 585 0 -8 0
540 118 37 582 0 8 0
540 126 40 579 0 -8 0
540 118 43 576 0 -8 0
540 110 46 573 0 0 0
540 110 49 570 0 -8 0
540 102 52 567 0 -8 0
540 94 55 564 0 8 0
540 102 58 561 0 -8 0
540 94 61 558 0 -8 0
540 86 64 555 0 0 0
540 86 67 552 0 -8 0
540 78 70 549 0 8 0
540 86 73 546 0 8 0
540 94 76 543 0 8 0
540 102 79 540 0 0 0
540 102 82 537 0 0 0
540 102 85 534 0 8 0
540 110 88 531 0 -8 0
540 102 91 528 0 8 0
540 110 94 525 0 0 0
540 110 97 522 0 -8 0
540 102 100 519 0 0 0
540 102 103 516 0 8 0
540 110 106 513 0 -8 0
540 102 109 510 0 8 0
540 110 112 507 0 -8 0
540 102 115 504 0 0 0
540 102 118 501 0 -8 0
540 94 121 498 0 0 0
540 94 124 495 0 0 0
540 94 127 492 0 -8 0
540 86 130 489 -8 -8 0
532 78 133 486 0 8 0
532 86 136 483 0 -8 0
532 78 139 480 -8 -8 0
524 70 142 477 0 -8 0
524 62 145 474 0 -8 0
524 60 148 471 -8 0 0
516 60 151 468 0 0 0
516 60 154 465 -8 8 0
508 68 157 462 0 0 0
508 68 160 459 0 8 0
508 76 163 456 -8 -8 0
500 68 166 453 0 -8 0
500 60 169 450 0 -8 0
500 60 172 447 -8 -8 0
492 60 175 444 0 0 0
492 60 178 441 -8 8 0
484 68 181 438 0 8 0
484 76 184 435 0 0 0
484 76 187 432 -8 0 0
476 76 190 429 0 0 0
476 76 193 426 0 -8 0
476 68 196 423 -8 -8 0
468 60 199 420 0 0 0
468 60 202 417 -8 -8 0
460 60 205 414 0 -8 0
460 60 208 411 0 8 0
460 68 211 408 -8 0 0
452 68 214 405 0 0 0
452 68 217 402 0 -8 0
452 60 220 399 -8 0 0
444 60 223 396 0 0 0
444 60 226 393 -8 8 0
436 68 229 390 0 -8 0
436 60 232 387 0 8 0
436 68 235 384 -8 -8 0
428 60 238 381 0 0 0
428 60 241 378 0 0 0
428 60 244 375 -8 8 0
420 68 247 372 0 0 0
420 68 250 369 -8 -8 0
412 60 253 366 0 -8 0
412 60 256 363 0 -8 0
412 60 259 360 -8 8 0
404 68 262 357 0 8 0
404 76 265 354 0 8 0
404 84 268 351 -8 -8 0
396 76 271 348 0 8 0
396 84 274 345 -8 0 0
388 84 277 342 0 0 0
388 84 280 339 0 -8 0
388 76 283 336 -8 8 0
380 84 286 333 0 8 0
380 92 289 330 0 8 0
380 100 292 327 -8 8 0
372 108 295 324 0 0 0
372 108 298 321 -8 -8 0
364 100 301 318 0 8 0
364 108 304 315 0 -8 0
364 100 307 312 -8 8 0
356 108 310 309 0 0 0
356 108 313 306 0 8 0
356 116 316 303 -8 -8 0
348 108 319 300 0 -8 0
348 100 322 297 -8 8 0
340 108 325 294 0 -8 0
340 100 328 291 0 -8 0
340 92 331 288 -8 0 0
332 92 334 285 0 -8 0
332 84 337 282 0 8 0
332 92 340 279 -8 -8 0
324 84 343 276 0 0 0
324 84 346 273 -8 0 0
316 84 349 270 0 8 0
316 92 352 267 0 8 0
316 100 355 264 -8 -8 0
308 92 358 261 0 8 0
308 100 361 258 0 -8 0
308 92 364 255 -8 0 0
300 92 367 252 0 -8 0
300 84 370 249 -8 0 0
292 84 373 246 0 8 0
292 92 376 243 0 -8 0
292 84 379 240 -8 -8 0
284 76 382 237 0 8 0
284 84 385 234 0 8 0
284 92 388 231 -8 0 0
276 92 391 228 0 0 0
276 92 394 225 -8 -8 0
268 84 397 222 0 0 0
268 84 400 219 0 8 0
268 92 403 216 -8 0 0
260 92 406 213 0 -8 0
260 84 409 210 0 -8 0
260 76 412 207 -8 -8 0
252 68 415 204 0 0 0
252 68 418 201 -8 -8 0
244 60 421 198 0 8 0
244 68 424 195 0 -8 0
244 60 427 192 -8 8 0
236 68 430 189 0 0 0
236 68 433 186 0 -8 0
236 60 436 183 -8 -8 0
228 60 439 180 0 0 0
228 60 442 177 -8 8 0
220 68 445 174 0 0 0
220 68 448 171 0 -8 0
220 60 451 168 -8 0 0
212 60 454 165 0 0 0
212 60 457 162 0 8 0
212 68 460 159 -8 0 0
204 68 463 156 0 8 0
204 76 466 153 -8 -8 0
196 68 469 150 0 8 0
196 76 472 147 0 -8 0
196 68 475 144 -8 0 0
188 68 478 141 0 0 0
188 68 481 138 0 0 0
188 68 484 135 -8 -8 0
180 60 487 132 0 8 0
180 68 490 129 -8 -8 0
172 60 493 126 0 0 0
172 60 496 123 0 0 0
172 60 499 120 -8 8 0
164 68 502 117 0 0 0
164 68 505 114 0 -8 0
164 60 508 111 -8 -8 0
156 60 511 108 0 8 0
156 68 514 105 -8 8 0
148 76 517 102 0 8 0
148 84 520 99 0 8 0
148 92 523 96 -8 0 0
140 92 526 93 0 0 0
140 92 529 90 0 8 0
140 100 532 87 -8 0 0
132 100 535 84 0 -8 0
132 92 538 81 -8 8 0
124 100 541 78 0 -8 0
124 92 544 75 0 -8 0
124 84 547 72 -8 8 0
116 92 550 69 0 0 0
116 92 553 66 0 0 0
116 92 556 63 -8 0 0
108 92 559 60 0 0 0
108 92 562 57 -8 0 0
100 92 565 54 0 8 0
100 100 568 51 0 8 0
100 108 571 48 -8 8 0
92 116 574 45 0 8 0
92 124 577 42 0 0 0
92 124 580 39 -8 0 0
84 124 583 36 0 8 0
84 132 586 33 -8 0 0
76 132 589 30 0 8 0
76 140 592 27 0 0 0
76 140 595 24 -8 8 0
68 148 598 21 0 0 0
68 148 601 18 0 0 0
68 148 604 15 -8 0 0
60 148 607 12 0 0 0
60 148 610 9 -8 -8 0
60 140 613 12 0 -8 0
60 132 616 15 0 8 0
60 140 619 18 0 0 0
60 140 622 21 0 0 0
60 140 625 24 0 8 0
60 148 628 27 0 -8 0
60 140 631 30 0 -8 0
60 132 634 33 0 -8 0
60 124 637 36 0 0 0
60 124 640 39 0 8 0
60 132 643 42 0 8 0
60 140 646 45 0 8 0
60 148 649 48 0 0 0
60 148 652 51 0 0 0
60 148 655 54 0 8 0
60 156 658 57 0 0 0
60 156 661 60 0 8 0
60 164 664 63 0 8 0
60 172 667 66 0 8 0
60 180 670 69 0 0 0
60 180 673 72 0 8 0
60 188 676 75 0 8 0
60 196 679 78 0 0 0
60 196 682 81 0 0 0
60 196 685 84 0 0 0
60 196 688 87 0 -8 0
60 188 691 90 0 -8 0
60 180 694 93 0 8 0
60 188 697 96 0 8 0
60 196 700 99 0 0 0
60 196 703 102 0 8 0
60 204 706 105 0 -8 0
60 196 709 108 0 -8 0
60 188 712 111 8 -8 0
68 180 715 114 0 -8 0
68 172 718 117 0 8 0
68 180 721 120 8 0 0
76 180 724 123 0 8 0
76 188 727 126 0 8 0
76 196 730 129 8 8 0
84 204 733 132 0 0 0
84 204 736 135 8 0 0
92 204 739 138 0 8 0
92 212 742 141 0 8 0
92 220 745 144 8 8 0
100 228 748 147 0 0 0
100 228 751 150 0 -8 0
100 220 754 153 8 -8 0
108 212 757 156 0 8 0
108 220 760 159 8 -8 0
116 212 763 162 0 8 0
116 220 766 165 0 0 0
116 220 769 168 8 0 0
124 220 772 171 0 8 0
124 228 775 174 0 -8 0
124 220 778 177 8 8 0
132 228 781 180 0 -8 0
132 220 778 183 8 0 0
140 220 775 186 0 0 0
140 220 772 189 0 0 0
140 220 769 192 8 0 0
148 220 766 195 0 8 0
148 228 763 198 0 0 0
148 228 760 201 8 -8 0
156 220 757 204 0 0 0
156 220 754 207 8 0 0
164 220 751 210 0 0 0
164 220 748 213 0 -8 0
164 212 745 216 8 0 0
172 212 742 219 0 -8 0
172 204 739 222 0 0 0
172 204 736 225 8 8 0
180 212 733 228 0 8 0
180 220 730 231 8 0 0
188 220 727 234 0 8 0
188 228 724 237 0 0 0
188 228 721 240 8 -8 0
196 220 718 243 0 8 0
196 228 715 246 0 0 0
196 228 712 249 8 -8 0
204 220 709 252 0 -8 0
204 212 706 255 8 8 0
212 220 703 258 0 8 0
212 228 700 261 0 0 0
212 228 697 264 8 0 0
220 228 694 267 0 0 0
220 228 691 270 0 -8 0
220 220 688 273 8 -8 0
228 212 685 276 0 8 0
228 220 682 279 8 8 0
236 228 679 282 0 8 0
236 236 676 285 0 8 0
236 244 673 288 8 -8 0
244 236 670 291 0 8 0
244 244 667 294 0 0 0
244 244 664 297 8 8 0
252 252 661 300 0 -8 0
252 244 658 303 8 -8 0
260 236 655 306 0 8 0
260 244 652 309 0 -8 0
260 236 649 312 8 8 0
268 244 646 315 0 8 0
268 252 643 318 0 -8 0
268 244 640 321 8 8 0
276 252 637 324 0 0 0
276 252 634 327 8 -8 0
284 244 631 330 0 8 0
284 252 628 333 0 8 0
284 260 625 336 8 -8 0
292 252 622 339 0 -8 0
292 244 619 342 0 -8 0
292 236 616 345 8 -8 0
300 228 613 348 0 -8 0
300 220 610 351 8 -8 0
308 212 607 354 0 0 0
308 212 604 357 0 0 0
308 212 601 360 8 8 0
316 220 598 363 0 -8 0
316 212 595 366 0 0 0
316 212 592 369 8 -8 0
324 204 589 372 0 0 0
324 204 586 375 8 8 0
332 212 583 378 0 -8 0
332 204 580 381 0 -8 0
332 196 577 384 8 8 0
340 204 574 387 0 0 0
340 204 571 390 0 -8 0
340 196 568 393 8 8 0
348 204 565 396 0 8 0
348 212 562 399 8 0 0
356 212 559 402 0 -8 0
356 204 556 405 0 -8 0
356 196 553 408 8 8 0
364 204 550 411 0 -8 0
364 196 547 414 0 8 0
364 204 544 417 8 0 0
372 204 541 420 0 8 0
372 212 538 423 8 8 0
380 220 535 426 0 0 0
380 220 532 429 0 -8 0
380 212 529 432 8 -8 0
388 204 526 435 0 -8 0
388 196 523 438 0 8 0
388 204 520 441 8 -8 0
396 196 517 444 0 0 0
396 196 514 447 8 0 0
404 196 511 450 0 0 0
404 196 508 453 0 8 0
404 204 505 456 8 -8 0
412 196 502 459 0 8 0
412 204 499 462 0 0 0
412 204 496 465 8 -8 0
420 196 493 468 0 -8 0
420 188 490 471 8 8 0
428 196 487 474 0 -8 0
428 188 484 477 0 8 0
428 196 481 480 8 0 0
436 196 478 483 0 8 0
436 204 475 486 0 8 0
436 212 472 489 8 0 0
444 212 469 492 0 -8 0
444 204 466 495 8 0 0
452 204 463 498 0 0 0
452 204 460 501 0 0 0
452 204 457 504 8 0 0
460 204 454 507 0 0 0
460 204 451 510 0 0 0
460 204 448 513 8 -8 0
468 196 445 516 0 -8 0
468 188 442 519 8 0 0
476 188 439 522 0 8 0
476 196 436 525 0 8 0
476 204 433 528 8 -8 0
484 196 430 531 0 8 0
484 204 427 534 0 -8 0
484 196 424 537 8 8 0
492 204 421 540 0 0 0
492 204 418 543 8 -8 0
500 196 415 546 0 -8 0
500 188 412 549 0 8 0
500 196 409 552 8 -8 0
508 188 406 555 0 8 0
508 196 403 558 0 -8 0
508 188 400 561 8 8 0
516 196 397 564 0 -8 0
516 188 394 567 8 0 0
524 188 391 570 0 0 0
524 188 388 573 0 0 0
524 188 385 576 8 -8 0
532 180 382 579 0 0 0
532 180 379 582 0 -8 0
532 172 376 585 8 -8 0
540 164 373 588 0 -8 0
540 156 370 591 8 -8 0
540 148 367 588 0 0 0
540 148 364 585 0 8 0
540 156 361 582 0 -8 0
540 148 358 579 0 8 0
540 156 355 576 0 0 0
540 156 352 573 0 8 0
540 164 349 570 0 8 0
540 172 346 567 0 -8 0
540 164 343 564 0 -8 0
540 156 340 561 0 -8 0
540 148 337 558 0 0 0
540 148 334 555 0 0 0
540 148 331 552 0 8 0
540 156 328 549 0 0 0
540 156 325 546 0 8 0
540 164 322 543 0 0 0
540 164 319 540 0 8 0
540 172 316 537 0 8 0
540 180 313 534 0 -8 0
540 172 310 531 0 -8 0
540 164 307 528 0 0 0
540 164 304 525 0 -8 0
540 156 301 522 0 8 0
540 164 298 519 0 8 0
540 172 295 516 0 8 0
540 180 292 513 0 -8 0
540 172 289 510 0 -8 0
540 164 286 507 0 8 0
540 172 283 504 0 0 0
540 172 280 501 0 0 0
540 172 277 498 0 8 0
540 180 274 495 0 -8 0
540 172 271 492 0 -8 0
540 164 268 489 -8 8 0
532 172 265 486 0 8 0
532 180 262 483 0 8 0
532 188 259 480 -8 8 0
524 196 256 477 0 -8 0
524 188 253 474 0 0 0
524 188 250 471 -8 0 0
516 188 247 468 0 -8 0
516 180 244 465 -8 -8 0
508 172 241 462 0 0 0
508 172 238 459 0 8 0
508 180 235 456 -8 -8 0
500 172 232 453 0 -8 0
500 164 229 450 0 0 0
500 164 226 447 -8 -8 0
492 156 223 444 0 8 0
492 164 220 441 -8 8 0
484 172 217 438 0 8 0
484 180 214 435 0 8 0
484 188 211 432 -8 -8 0
476 180 208 429 0 0 0
476 180 205 426 0 0 0
476 180 202 423 -8 -8 0
468 172 199 420 0 0 0
468 172 196 417 -8 -8 0
460 164 193 414 0 8 0
460 172 190 411 0 8 0
460 180 187 408 -8 -8 0
452 172 184 405 0 -8 0
452 164 181 402 0 0 0
452 164 178 399 -8 0 0
444 164 175 396 0 8 0
444 172 172 393 -8 -8 0
436 164 169 390 0 0 0
436 164 166 387 0 8 0
436 172 163 384 -8 8 0
428 180 160 381 0 0 0
428 180 157 378 0 0 0
428 180 154 375 -8 8 0
420 188 151 372 0 8 0
420 196 148 369 -8 0 0
412 196 145 366 0 8 0
412 204 142 363 0 0 0
412 204 139 360 -8 8 0
404 212 136 357 0 -8 0
404 204 133 354 0 8 0
404 212 130 351 -8 8 0
396 220 127 348 0 -8 0
396 212 124 345 -8 -8 0
388 204 121 342 0 -8 0
388 196 118 339 0 8 0
388 204 115 336 -8 -8 0
380 196 112 333 0 8 0
380 204 109 330 0 -8 0
380 196 106 327 -8 0 0
372 196 103 324 0 -8 0
372 188 100 321 -8 8 0
364 196 97 318 0 8 0
364 204 94 315 0 8 0
364 212 91 312 -8 0 0
356 212 88 309 0 0 0
356 212 85 306 0 8 0
356 220 82 303 -8 8 0
348 228 79 300 0 -8 0
348 220 76 297 -8 0 0
340 220 73 294 0 0 0
340 220 70 291 0 -8 0
340 212 67 288 -8 -8 0
332 204 64 285 0 -8 0
332 196 61 282 0 8 0
332 204 58 279 -8 8 0
324 212 55 276 0 8 0
324 220 52 273 -8 8 0
316 228 49 270 0 0 0
316 228 46 267 0 0 0
316 228 43 264 -8 0 0
308 228 40 261 0 8 0
308 236 37 258 0 -8 0
308 228 34 255 -8 8 0
300 236 31 252 0 0 0
300 236 28 249 -8 -8 0
292 228 25 246 0 -8 0
292 220 22 243 0 8 0
292 228 19 240 0 0 1
292 228 19 240 0 0 1
292 228 19 240 0 0 1
292 228 19 240 0 0 1
292 228 19 240 0 0 1
