119 272 388 303 0 0 0
119 272 385 306 8 -8 0
127 264 382 309 8 0 0
135 264 379 312 8 0 0
143 264 376 315 8 -8 0
151 256 373 318 8 -8 0
159 248 370 321 8 -8 0
167 240 367 324 8 0 0
175 240 364 327 8 8 0
183 248 361 330 8 -8 0
191 240 358 333 8 -8 0
199 232 355 336 8 8 0
207 240 352 339 8 -8 0
215 232 349 342 8 8 0
223 240 346 345 8 8 0
231 248 343 348 8 8 0
239 256 340 351 8 0 0
247 256 337 354 8 0 0
255 256 334 357 8 0 0
263 256 331 360 8 0 0
271 256 328 363 8 0 0
279 256 325 366 8 -8 0
287 248 322 369 8 0 0
295 248 319 372 8 8 0
303 256 316 375 8 -8 0
311 248 313 378 8 8 0
319 256 310 381 8 8 0
327 264 307 384 8 0 0
335 264 304 387 8 -8 0
343 256 301 390 0 8 0
343 264 298 393 0 8 0
343 272 295 396 8 8 0
351 280 292 399 0 -8 0
351 272 289 402 8 8 0
359 280 286 405 0 8 0
359 288 283 408 0 -8 0
359 280 280 411 8 8 0
367 288 277 414 0 0 0
367 288 274 417 0 -8 0
367 280 271 420 8 8 0
375 288 268 423 0 8 0
375 296 265 426 8 0 0
383 296 262 429 0 0 0
383 296 259 432 0 8 0
383 304 256 435 8 -8 0
391 296 253 438 0 -8 0
391 288 250 441 0 8 0
391 296 247 444 8 0 0
399 296 244 447 0 -8 0
399 288 241 450 8 -8 0
407 280 238 453 0 8 0
407 288 235 456 0 -8 0
407 280 232 459 8 8 0
415 288 229 462 0 -8 0
415 280 226 465 0 8 0
415 288 223 468 8 -8 0
423 280 220 471 0 0 0
423 280 217 474 8 8 0
431 288 214 477 0 -8 0
431 280 211 480 0 0 0
431 280 208 483 8 0 0
439 280 205 486 0 0 0
439 280 202 489 0 -8 0
439 272 199 492 8 -8 0
447 264 196 495 0 8 0
447 272 193 498 8 -8 0
455 264 190 501 0 8 0
455 272 187 504 0 -8 0
455 264 184 507 8 -8 0
463 256 181 510 0 8 0
463 264 178 513 0 8 0
463 272 175 516 8 -8 0
471 264 172 519 0 -8 0
471 256 169 522 8 0 0
479 256 166 525 0 0 0
479 256 163 528 0 -8 0
479 248 160 531 8 0 0
487 248 157 534 0 0 0
487 248 154 537 0 -8 0
487 240 151 540 8 0 0
495 240 148 543 0 8 0
495 248 145 546 8 -8 0
503 240 142 549 0 0 0
503 240 139 552 0 8 0
503 248 136 555 8 8 0
511 256 133 558 0 0 0
511 256 130 561 0 -8 0
511 248 127 564 8 0 0
519 248 124 567 0 -8 0
519 240 121 570 8 0 0
527 240 118 573 0 0 0
527 240 115 576 0 -8 0
527 232 112 579 8 0 0
535 232 109 582 0 0 0
535 232 106 585 0 -8 0
535 224 103 588 8 -8 0
540 216 100 591 8 0 0
540 216 97 588 0 -8 0
540 208 94 585 0 -8 0
540 200 91 582 0 -8 0
540 192 88 579 0 8 0
540 200 85 576 0 -8 0
540 192 82 573 0 0 0
540 192 79 570 0 8 0
540 200 76 567 0 0 0
540 200 73 564 0 -8 0
540 192 70 561 0 8 0
540 200 67 558 0 0 0
540 200 64 555 0 0 0
540 200 61 552 0 -8 0
540 192 58 549 0 0 0
540 192 55 546 0 -8 0
540 184 52 543 0 -8 0
540 176 49 540 0 0 0
540 176 46 537 0 -8 0
540 168 43 534 0 0 0
540 168 40 531 0 8 0
540 176 37 528 0 0 0
540 176 34 525 0 0 0
540 176 31 522 0 -8 0
540 168 28 519 0 0 0
540 168 25 516 0 -8 0
540 160 22 513 0 -8 0
540 152 19 510 0 -8 0
540 144 22 507 0 0 0
540 144 25 504 0 0 0
540 144 28 501 0 -8 0
540 136 31 498 0 -8 0
540 128 34 495 0 -8 0
540 120 37 492 0 0 0
540 120 40 489 -8 8 0
532 128 43 486 0 8 0
532 136 46 483 0 0 0
532 136 49 480 -8 -8 0
524 128 52 477 0 -8 0
524 120 55 474 0 8 0
524 128 58 471 -8 8 0
516 136 61 468 0 0 0
516 136 64 465 -8 -8 0
508 128 67 462 0 0 0
508 128 70 459 0 -8 0
508 120 73 456 -8 0 0
500 120 76 453 0 -8 0
500 112 79 450 0 -8 0
500 104 82 447 -8 0 0
492 104 85 444 0 0 0
492 104 88 441 -8 0 0
484 104 91 438 0 8 0
484 112 94 435 0 -8 0
484 104 97 432 -8 0 0
476 104 100 429 0 8 0
476 112 103 426 0 8 0
476 120 106 423 -8 8 0
468 128 109 420 0 -8 0
468 120 112 417 -8 -8 0
460 112 115 414 0 -8 0
460 104 118 411 0 0 0
460 104 121 408 -8 -8 0
452 96 124 405 0 -8 0
452 88 127 402 0 0 0
452 88 130 399 -8 8 0
444 96 133 396 0 -8 0
444 88 136 393 -8 -8 0
436 80 139 390 0 8 0
436 88 142 387 0 0 0
436 88 145 384 -8 0 0
428 88 148 381 0 0 0
428 88 151 378 0 0 0
428 88 154 375 -8 0 0
420 88 157 372 0 -8 0
420 80 160 369 -8 0 0
412 80 163 366 0 -8 0
412 72 166 363 0 -8 0
412 64 169 360 -8 0 0
404 64 172 357 0 8 0
404 72 175 354 0 8 0
404 80 178 351 -8 -8 0
396 72 181 348 0 0 0
396 72 184 345 -8 8 0
388 80 187 342 0 8 0
388 88 190 339 0 8 0
388 96 193 336 -8 8 0
380 104 196 333 0 8 0
380 112 199 330 0 -8 0
380 104 202 327 -8 8 0
372 112 205 324 0 -8 0
372 104 208 321 -8 -8 0
364 96 211 318 0 -8 0
364 88 214 315 0 -8 0
364 80 217 312 -8 0 0
356 80 220 309 0 -8 0
356 72 223 306 0 -8 0
356 64 226 303 -8 -8 0
348 60 229 300 0 0 0
348 60 232 297 -8 0 0
340 60 235 294 0 8 0
340 68 238 291 0 0 0
340 68 241 288 -8 8 0
332 76 244 285 0 -8 0
332 68 247 282 0 0 0
332 68 250 279 -8 -8 0
324 60 253 276 0 8 0
324 68 256 273 -8 8 0
316 76 259 270 0 8 0
316 84 262 267 0 8 0
316 92 265 264 -8 0 0
308 92 268 261 0 0 0
308 92 271 258 0 0 0
308 92 274 255 -8 0 0
300 92 277 252 0 0 0
300 92 280 249 -8 8 0
292 100 283 246 0 -8 0
292 92 286 243 0 8 0
292 100 289 240 -8 8 0
284 108 292 237 0 8 0
284 116 295 234 0 8 0
284 124 298 231 -8 0 0
276 124 301 228 0 0 0
276 124 304 225 -8 8 0
268 132 307 222 0 8 0
268 140 310 219 0 0 0
268 140 313 216 -8 0 0
260 140 316 213 0 8 0
260 148 319 210 0 8 0
260 156 322 207 -8 8 0
252 164 325 204 0 8 0
252 172 328 201 -8 8 0
244 180 331 198 0 -8 0
244 172 334 195 0 8 0
244 180 337 192 -8 -8 0
236 172 340 189 0 0 0
236 172 343 186 0 0 0
236 172 346 183 -8 8 0
228 180 349 180 0 0 0
228 180 352 177 -8 0 0
220 180 355 174 0 -8 0
220 172 358 171 0 -8 0
220 164 361 168 -8 8 0
212 172 364 165 0 8 0
212 180 367 162 0 -8 0
212 172 370 159 -8 8 0
204 180 373 156 0 0 0
204 180 376 153 -8 -8 0
196 172 379 150 0 0 0
196 172 382 147 0 8 0
196 180 385 144 -8 0 0
188 180 388 141 0 8 0
188 188 391 138 0 0 0
188 188 394 135 -8 0 0
180 188 397 132 0 0 0
180 188 400 129 -8 0 0
172 188 403 126 0 0 0
172 188 406 123 0 -8 0
172 180 409 120 -8 -8 0
164 172 412 117 0 -8 0
164 164 415 114 0 0 0
164 164 418 111 -8 8 0
156 172 421 108 0 8 0
156 180 424 105 -8 8 0
148 188 427 102 0 8 0
148 196 430 99 0 8 0
148 204 433 96 -8 -8 0
140 196 436 93 0 8 0
140 204 439 90 0 8 0
140 212 442 87 -8 0 0
132 212 445 84 0 8 0
132 220 448 81 -8 0 0
124 220 451 78 0 -8 0
124 212 454 75 0 -8 0
124 204 457 72 -8 8 0
116 212 460 69 0 0 0
116 212 463 66 0 0 0
116 212 466 63 -8 -8 0
108 204 469 60 0 -8 0
108 196 472 57 -8 -8 0
100 188 475 54 0 0 0
100 188 478 51 0 8 0
100 196 481 48 -8 -8 0
92 188 484 45 0 0 0
92 188 487 42 0 0 0
92 188 490 39 -8 -8 0
84 180 493 36 0 8 0
84 188 496 33 -8 8 0
76 196 499 30 0 -8 0
76 188 502 27 0 -8 0
76 180 505 24 -8 -8 0
68 172 508 21 0 8 0
68 180 511 18 0 -8 0
68 172 514 15 -8 8 0
60 180 517 12 0 0 0
60 180 520 9 -8 0 0
60 180 523 12 0 0 0
60 180 526 15 0 -8 0
60 172 529 18 0 0 0
60 172 532 21 0 -8 0
60 164 535 24 0 8 0
60 172 538 27 0 -8 0
60 164 541 30 0 0 0
60 164 544 33 0 8 0
60 172 547 36 0 8 0
60 180 550 39 0 -8 0
60 172 553 42 0 0 0
60 172 556 45 0 -8 0
60 164 559 48 0 8 0
60 172 562 51 0 -8 0
60 164 565 54 0 -8 0
60 156 568 57 0 -8 0
60 148 571 60 0 -8 0
60 140 574 63 0 -8 0
60 132 577 66 0 8 0
60 140 580 69 0 8 0
60 148 583 72 0 8 0
60 156 586 75 0 8 0
60 164 589 78 0 0 0
60 164 592 81 0 8 0
60 172 595 84 0 -8 0
60 164 598 87 0 0 0
60 164 601 90 0 -8 0
60 156 604 93 0 -8 0
60 148 607 96 0 -8 0
60 140 610 99 0 -8 0
60 132 613 102 0 8 0
60 140 616 105 0 8 0
60 148 619 108 0 0 0
60 148 622 111 8 8 0
68 156 625 114 0 -8 0
68 148 628 117 0 8 0
68 156 631 120 8 -8 0
76 148 634 123 0 8 0
76 156 637 126 0 0 0
76 156 640 129 8 8 0
84 164 643 132 0 0 0
84 164 646 135 8 0 0
92 164 649 138 0 -8 0
92 156 652 141 0 8 0
92 164 655 144 8 -8 0
100 156 658 147 0 -8 0
100 148 661 150 0 -8 0
100 140 664 153 8 -8 0
108 132 667 156 0 -8 0
108 124 670 159 8 0 0
116 124 673 162 0 0 0
116 124 676 165 0 -8 0
116 116 679 168 8 0 0
124 116 682 171 0 -8 0
124 108 685 174 0 8 0
124 116 688 177 8 8 0
132 124 691 180 0 0 0
132 124 694 183 8 8 0
140 132 697 186 0 8 0
140 140 700 189 0 8 0
140 148 703 192 8 -8 0
148 140 706 195 0 8 0
148 148 709 198 0 8 0
148 156 712 201 8 8 0
156 164 715 204 0 -8 0
156 156 718 207 8 0 0
164 156 721 210 0 0 0
164 156 724 213 0 -8 0
164 148 727 216 8 -8 0
172 140 730 219 0 8 0
172 148 733 222 0 -8 0
172 140 736 225 8 -8 0
180 132 739 228 0 8 0
180 140 742 231 8 8 0
188 148 745 234 0 0 0
188 148 748 237 0 -8 0
188 140 751 240 8 0 0
196 140 754 243 0 8 0
196 148 757 246 0 -8 0
196 140 760 249 8 8 0
204 148 763 252 0 -8 0
204 140 766 255 8 8 0
212 148 769 258 0 -8 0
212 140 772 261 0 0 0
212 140 775 264 8 -8 0
220 132 778 267 0 0 0
220 132 781 270 0 0 1
220 132 781 270 0 0 1
220 132 781 270 0 0 1
220 132 781 270 0 0 1
220 132 781 270 0 0 1
