375 527 493 105 0 0 0
375 527 490 102 -8 -8 0
367 519 487 99 -8 0 0
359 519 484 96 -8 0 0
351 519 481 93 -8 0 0
343 519 478 90 -8 -8 0
335 511 475 87 -8 8 0
327 519 472 84 -8 8 0
319 527 469 81 -8 0 0
311 527 466 78 -8 8 0
303 535 463 75 -8 0 0
295 535 460 72 -8 8 0
287 540 457 69 -8 0 0
279 540 454 66 -8 8 0
271 540 451 63 -8 0 0
263 540 448 60 -8 8 0
255 540 445 57 -8 8 0
247 540 442 54 -8 -8 0
239 532 439 51 -8 8 0
231 540 436 48 -8 8 0
223 540 433 45 -8 8 0
215 540 430 42 -8 8 0
207 540 427 39 -8 -8 0
199 532 424 36 -8 -8 0
191 524 421 33 -8 -8 0
183 516 418 30 -8 -8 0
175 508 415 27 -8 -8 0
167 500 412 24 -8 -8 0
159 492 409 21 -8 8 0
151 500 406 18 -8 0 0
143 500 403 15 -8 -8 0
135 492 400 12 -8 -8 0
127 484 397 9 -8 8 0
119 492 394 12 -8 -8 0
111 484 391 15 -8 8 0
103 492 388 18 -8 0 0
95 492 385 21 -8 -8 0
87 484 382 24 -8 -8 0
79 476 379 27 -8 -8 0
71 468 376 30 0 0 0
71 468 373 33 0 0 0
71 468 370 36 0 8 0
71 476 367 39 0 0 0
71 476 364 42 0 0 0
71 476 361 45 0 8 0
71 484 358 48 0 8 0
71 492 355 51 0 8 0
71 500 352 54 0 8 0
71 508 349 57 0 -8 0
71 500 346 60 0 -8 0
71 492 343 63 0 -8 0
71 484 340 66 0 0 0
71 484 337 69 0 -8 0
71 476 334 72 0 8 0
71 484 331 75 0 8 0
71 492 328 78 0 0 0
71 492 325 81 0 8 0
71 500 322 84 0 0 0
71 500 319 87 0 0 0
71 500 316 90 0 8 0
71 508 313 93 0 0 0
71 508 310 96 0 8 0
71 516 307 99 0 -8 0
71 508 304 102 0 0 0
71 508 301 105 0 8 0
71 516 298 108 0 -8 0
71 508 295 111 0 -8 0
71 500 292 114 0 0 0
71 500 289 117 0 0 0
71 500 286 120 0 0 0
71 500 283 123 8 -8 0
79 492 280 126 0 8 0
79 500 277 129 0 -8 0
79 492 274 132 8 0 0
87 492 271 135 0 0 0
87 492 268 138 8 0 0
95 492 265 141 0 0 0
95 492 262 144 0 -8 0
95 484 259 147 8 -8 0
103 476 256 150 0 0 0
103 476 253 153 0 8 0
103 484 250 156 8 8 0
111 492 247 159 0 0 0
111 492 244 162 8 0 0
119 492 241 165 0 0 0
119 492 238 168 0 8 0
119 500 235 171 8 8 0
127 508 232 174 0 -8 0
127 500 229 177 0 0 0
127 500 226 180 8 -8 0
135 492 223 183 0 8 0
135 500 220 186 8 8 0
143 508 217 189 0 8 0
143 516 214 192 0 0 0
143 516 211 195 8 0 0
151 516 208 198 0 8 0
151 524 205 201 0 8 0
151 532 202 204 8 0 0
159 532 199 207 0 -8 0
159 524 196 210 8 -8 0
167 516 193 213 0 0 0
167 516 190 216 0 -8 0
167 508 187 219 8 -8 0
175 500 184 222 0 8 0
175 508 181 225 0 0 0
175 508 178 228 8 8 0
183 516 175 231 0 -8 0
183 508 172 234 8 8 0
191 516 169 237 0 0 0
191 516 166 240 0 -8 0
191 508 163 243 8 -8 0
199 500 160 246 0 -8 0
199 492 157 249 0 8 0
199 500 154 252 8 0 0
207 500 151 255 0 0 0
207 500 148 258 8 0 0
215 500 145 261 0 -8 0
215 492 142 264 0 -8 0
215 484 139 267 8 -8 0
223 476 136 270 0 0 0
223 476 133 273 0 8 0
223 484 130 276 8 0 0
231 484 127 279 0 -8 0
231 476 124 282 8 -8 0
239 468 121 285 0 0 0
239 468 118 288 0 0 0
239 468 115 291 8 0 0
247 468 112 294 0 -8 0
247 460 109 297 0 0 0
247 460 106 300 8 8 0
255 468 103 303 0 -8 0
255 460 100 306 8 8 0
263 468 97 309 0 0 0
263 468 94 312 0 8 0
263 476 91 315 8 0 0
271 476 88 318 0 8 0
271 484 85 321 0 0 0
271 484 82 324 8 8 0
279 492 79 327 0 -8 0
279 484 76 330 8 -8 0
287 476 73 333 0 0 0
287 476 70 336 0 0 0
287 476 67 339 8 -8 0
295 468 64 342 0 -8 0
295 460 61 345 0 0 0
295 460 58 348 8 -8 0
303 452 55 351 0 -8 0
303 444 52 354 8 8 0
311 452 49 357 0 8 0
311 460 46 360 0 0 0
311 460 43 363 8 8 0
319 468 40 366 0 0 0
319 468 37 369 0 0 0
319 468 34 372 8 -8 0
327 460 31 375 0 0 0
327 460 28 378 8 8 0
335 468 25 381 0 -8 0
335 460 22 384 0 -8 0
335 452 19 387 0 0 1
335 452 19 387 0 0 1
335 452 19 387 0 0 1
335 452 19 387 0 0 1
335 452 19 387 0 0 1
