491 177 151 414 0 0 0
491 177 148 411 -8 -8 0
483 169 145 408 -8 8 0
475 177 142 405 -8 8 0
467 185 139 402 -8 0 0
459 185 136 399 -8 8 0
451 193 133 396 -8 8 0
443 201 130 393 0 8 0
443 209 127 390 -8 8 0
435 217 124 387 0 0 0
435 217 121 384 -8 8 0
427 225 118 381 0 0 0
427 225 115 378 0 8 0
427 233 112 375 -8 8 0
419 241 109 372 0 0 0
419 241 106 369 0 0 0
419 241 103 366 -8 0 0
411 241 100 363 0 -8 0
411 233 97 360 -8 8 0
403 241 94 357 0 0 0
403 241 91 354 0 -8 0
403 233 88 351 -8 0 0
395 233 85 348 0 -8 0
395 225 82 345 0 8 0
395 233 79 342 -8 -8 0
387 225 76 339 0 8 0
387 233 73 336 -8 -8 0
379 225 70 333 0 8 0
379 233 67 330 0 8 0
379 241 64 327 -8 0 0
371 241 61 324 0 0 0
371 241 58 321 0 8 0
371 249 55 318 -8 0 0
363 249 52 315 0 0 0
363 249 49 312 -8 0 0
355 249 46 309 0 8 0
355 257 43 306 0 -8 0
355 249 40 303 -8 0 0
347 249 37 300 0 0 0
347 249 34 297 0 -8 0
347 241 31 294 -8 8 0
339 249 28 291 0 0 0
339 249 25 288 -8 0 0
331 249 22 285 0 8 0
331 257 19 282 0 -8 0
331 249 22 279 -8 -8 0
323 241 25 276 0 0 0
323 241 28 273 0 0 0
323 241 31 270 -8 0 0
315 241 34 267 0 -8 0
315 233 37 264 -8 8 0
307 241 40 261 0 -8 0
307 233 43 258 0 0 0
307 233 46 255 -8 -8 0
299 225 49 252 0 8 0
299 233 52 249 0 0 0
299 233 55 246 -8 -8 0
291 225 58 243 0 0 0
291 225 61 240 -8 8 0
283 233 64 237 0 -8 0
283 225 67 234 0 0 0
283 225 70 231 -8 0 0
275 225 73 228 0 0 0
275 225 76 225 0 -8 0
275 217 79 222 -8 0 0
267 217 82 219 0 8 0
267 225 85 216 -8 -8 0
259 217 88 213 0 -8 0
259 209 91 210 0 -8 0
259 201 94 207 -8 8 0
251 209 97 204 0 -8 0
251 201 100 201 0 8 0
251 209 103 198 -8 8 0
243 217 106 195 0 8 0
243 225 109 192 -8 0 0
235 225 112 189 0 8 0
235 233 115 186 0 0 0
235 233 118 183 -8 0 0
227 233 121 180 0 0 0
227 233 124 177 0 -8 0
227 225 127 174 -8 0 0
219 225 130 171 0 0 0
219 225 133 168 -8 8 0
211 233 136 165 0 0 0
211 233 139 162 0 -8 0
211 225 142 159 -8 0 0
203 225 145 156 0 -8 0
203 217 148 153 0 0 0
203 217 151 150 -8 0 0
195 217 154 147 0 8 0
195 225 157 144 -8 8 0
187 233 160 141 0 -8 0
187 225 163 138 0 -8 0
187 217 166 135 -8 8 0
179 225 169 132 0 0 0
179 225 172 129 0 -8 0
179 217 175 126 -8 0 0
171 217 178 123 0 0 0
171 217 181 120 -8 -8 0
163 209 184 117 0 -8 0
163 201 187 114 0 0 0
163 201 190 111 -8 -8 0
155 193 193 108 0 8 0
155 201 196 105 0 0 0
155 201 199 102 -8 8 0
147 209 202 99 0 0 0
147 209 205 96 -8 8 0
139 217 208 93 0 0 0
139 217 211 90 0 -8 0
139 209 214 87 -8 -8 0
131 201 217 84 0 0 0
131 201 220 81 0 -8 0
131 193 223 78 -8 0 0
123 193 226 75 0 8 0
123 201 229 72 -8 0 0
115 201 232 69 0 -8 0
115 193 235 66 0 0 0
115 193 238 63 -8 0 0
107 193 241 60 0 8 0
107 201 244 57 0 8 0
107 209 247 54 -8 0 0
99 209 250 51 0 0 0
99 209 253 48 -8 8 0
91 217 256 45 0 0 0
91 217 259 42 0 8 0
91 225 262 39 -8 -8 0
83 217 265 36 0 8 0
83 225 268 33 0 0 0
83 225 271 30 -8 0 0
75 225 274 27 0 -8 0
75 217 277 24 -8 8 0
67 225 280 21 0 8 0
67 233 283 18 0 -8 0
67 225 286 15 -8 0 0
60 225 289 12 0 0 0
60 225 292 9 -8 8 0
60 233 295 12 0 -8 0
60 225 298 15 0 0 0
60 225 301 18 0 -8 0
60 217 304 21 0 0 0
60 217 307 24 0 -8 0
60 209 310 27 0 0 0
60 209 313 30 0 0 0
60 209 316 33 0 0 0
60 209 319 36 0 0 0
60 209 322 39 0 0 0
60 209 325 42 0 0 0
60 209 328 45 0 0 0
60 209 331 48 0 0 0
60 209 334 51 0 8 0
60 217 337 54 0 8 0
60 225 340 57 0 0 0
60 225 343 60 0 8 0
60 233 346 63 0 8 0
60 241 349 66 0 0 0
60 241 352 69 0 0 0
60 241 355 72 0 0 0
60 241 358 75 0 -8 0
60 233 361 78 0 8 0
60 241 364 81 0 0 0
60 241 367 84 0 8 0
60 249 370 87 0 -8 0
60 241 373 90 0 0 0
60 241 376 93 0 -8 0
60 233 379 96 0 8 0
60 241 382 99 0 8 0
60 249 385 102 0 -8 0
60 241 388 105 0 -8 0
60 233 391 108 0 -8 0
60 225 394 111 8 8 0
68 233 397 114 0 0 0
68 233 400 117 0 8 0
68 241 403 120 8 0 0
76 241 406 123 0 8 0
76 249 409 126 0 8 0
76 257 412 129 8 -8 0
84 249 415 132 0 8 0
84 257 418 135 8 0 0
92 257 421 138 0 8 0
92 265 424 141 0 -8 0
92 257 427 144 8 8 0
100 265 430 147 0 8 0
100 273 433 150 0 8 0
100 281 436 153 8 8 0
108 289 439 156 0 0 0
108 289 442 159 8 8 0
116 297 445 162 0 -8 0
116 289 448 165 0 0 0
116 289 451 168 8 8 0
124 297 454 171 0 -8 0
124 289 457 174 0 -8 0
124 281 460 177 8 -8 0
132 273 463 180 0 8 0
132 281 466 183 8 -8 0
140 273 469 186 0 -8 0
140 265 472 189 0 8 0
140 273 475 192 8 8 0
148 281 478 195 0 0 0
148 281 481 198 0 -8 0
148 273 484 201 8 -8 0
156 265 487 204 0 8 0
156 273 490 207 8 0 0
164 273 493 210 0 0 0
164 273 496 213 0 0 0
164 273 499 216 8 8 0
172 281 502 219 0 -8 0
172 273 505 222 0 0 0
172 273 508 225 8 -8 0
180 265 511 228 0 -8 0
180 257 514 231 8 8 0
188 265 517 234 0 0 0
188 265 520 237 0 8 0
188 273 523 240 8 0 0
196 273 526 243 0 0 0
196 273 529 246 0 8 0
196 281 532 249 8 8 0
204 289 535 252 0 8 0
204 297 538 255 8 -8 0
212 289 541 258 0 -8 0
212 281 544 261 0 8 0
212 289 547 264 8 -8 0
220 281 550 267 0 8 0
220 289 553 270 0 8 0
220 297 556 273 8 8 0
228 305 559 276 0 8 0
228 313 562 279 8 0 0
236 313 565 282 0 -8 0
236 305 568 285 0 0 0
236 305 571 288 8 -8 0
244 297 574 291 0 8 0
244 305 577 294 0 8 0
244 313 580 297 8 -8 0
252 305 583 300 0 8 0
252 313 586 303 8 0 0
260 313 589 306 0 -8 0
260 305 592 309 0 8 0
260 313 595 312 8 8 0
268 321 598 315 0 -8 0
268 313 601 318 0 8 0
268 321 604 321 8 -8 0
276 313 607 324 0 -8 0
276 305 610 327 8 8 0
284 313 613 330 0 -8 0
284 305 616 333 0 0 0
284 305 619 336 8 0 0
292 305 622 339 0 -8 0
292 297 625 342 0 8 0
292 305 628 345 8 0 0
300 305 631 348 0 0 0
300 305 634 351 8 -8 0
308 297 637 354 0 0 0
308 297 640 357 0 -8 0
308 289 643 360 8 8 0
316 297 646 363 0 8 0
316 305 649 366 0 0 0
316 305 652 369 8 -8 0
324 297 655 372 0 8 0
324 305 658 375 8 0 0
332 305 661 378 0 -8 0
332 297 664 381 0 8 0
332 305 667 384 8 8 0
340 313 670 387 0 0 0
340 313 673 390 0 -8 0
340 305 676 393 8 -8 0
348 297 679 396 0 -8 0
348 289 682 399 8 0 0
356 289 685 402 0 0 0
356 289 688 405 0 8 0
356 297 691 408 8 -8 0
364 289 694 411 0 -8 0
364 281 697 414 0 -8 0
364 273 700 417 8 -8 0
372 265 703 420 0 0 0
372 265 706 423 8 -8 0
380 257 709 426 0 -8 0
380 249 712 429 0 8 0
380 257 715 432 8 8 0
388 265 718 435 0 8 0
388 273 721 438 0 8 0
388 281 724 441 8 0 0
396 281 727 444 0 0 0
396 281 730 447 8 -8 0
404 273 733 450 0 8 0
404 281 736 453 0 0 0
404 281 739 456 8 -8 0
412 273 742 459 0 0 0
412 273 745 462 0 8 0
412 281 748 465 8 8 0
420 289 751 468 0 -8 0
420 281 754 471 8 0 0
428 281 757 474 0 0 0
428 281 760 477 0 0 0
428 281 763 480 8 -8 0
436 273 766 483 0 -8 0
436 265 769 486 0 0 0
436 265 772 489 8 -8 0
444 257 775 492 0 -8 0
444 249 778 495 8 -8 0
452 241 781 498 0 0 1
452 241 781 498 0 0 1
452 241 781 498 0 0 1
452 241 781 498 0 0 1
452 241 781 498 0 0 1
