143 84 181 144 0 0 0
143 84 184 141 0 0 0
143 84 187 138 0 8 0
143 92 190 135 0 -8 0
143 84 193 132 0 0 0
143 84 196 129 0 8 0
143 92 199 126 0 0 0
143 92 202 123 0 0 0
143 92 205 120 0 8 0
143 100 208 117 0 -8 0
143 92 211 114 0 0 0
143 92 214 111 0 0 0
143 92 217 108 0 0 0
143 92 220 105 0 8 0
143 100 223 102 0 -8 0
143 92 226 99 0 -8 0
143 84 229 96 0 8 0
143 92 232 93 0 0 0
143 92 235 90 -8 0 0
135 92 238 87 0 8 0
135 100 241 84 -8 0 0
127 100 244 81 0 8 0
127 108 247 78 0 0 0
127 108 250 75 -8 0 0
119 108 253 72 0 8 0
119 116 256 69 0 8 0
119 124 259 66 -8 8 0
111 132 262 63 0 8 0
111 140 265 60 -8 0 0
103 140 268 57 0 0 0
103 140 271 54 0 -8 0
103 132 274 51 -8 -8 0
95 124 277 48 0 0 0
95 124 280 45 0 -8 0
95 116 283 42 -8 8 0
87 124 286 39 0 0 0
87 124 289 36 -8 -8 0
79 116 292 33 0 0 0
79 116 295 30 0 8 0
79 124 298 27 -8 8 0
71 132 301 24 0 -8 0
71 124 304 21 0 0 0
71 124 307 18 -8 0 0
63 124 310 15 0 0 0
63 124 313 12 -8 8 0
60 132 316 9 -8 8 0
60 140 319 12 0 0 0
60 140 322 15 0 8 0
60 148 325 18 0 8 0
60 156 328 21 0 -8 0
60 148 331 24 0 -8 0
60 140 334 27 0 0 0
60 140 337 30 0 -8 0
60 132 340 33 0 8 0
60 140 343 36 0 -8 0
60 132 346 39 0 0 0
60 132 349 42 0 -8 0
60 124 352 45 0 0 0
60 124 355 48 0 8 0
60 132 358 51 0 8 0
60 140 361 54 0 8 0
60 148 364 57 0 -8 0
60 140 367 60 0 0 0
60 140 370 63 0 8 0
60 148 373 66 0 8 0
60 156 376 69 0 8 0
60 164 379 72 0 -8 0
60 156 382 75 0 -8 0
60 148 385 78 0 8 0
60 156 388 81 0 0 0
60 156 391 84 0 -8 0
60 148 394 87 0 8 0
60 156 397 90 0 0 0
60 156 400 93 0 8 0
60 164 403 96 0 8 0
60 172 406 99 0 0 0
60 172 409 102 0 0 0
60 172 412 105 0 0 0
60 172 415 108 0 0 0
60 172 418 111 8 0 0
68 172 421 114 0 8 0
68 180 424 117 0 8 0
68 188 427 120 8 0 0
76 188 430 123 0 0 0
76 188 433 126 0 8 0
76 196 436 129 8 0 0
84 196 439 132 0 8 0
84 204 442 135 8 0 0
92 204 445 138 0 0 0
92 204 448 141 0 8 0
92 212 451 144 8 0 0
100 212 454 147 0 -8 0
100 204 457 150 0 8 0
100 212 460 153 8 8 0
108 220 463 156 0 -8 0
108 212 466 159 8 0 0
116 212 469 162 0 8 0
116 220 472 165 0 0 0
116 220 475 168 8 8 0
124 228 478 171 0 8 0
124 236 481 174 0 -8 0
124 228 484 177 8 0 0
132 228 487 180 0 8 0
132 236 490 183 8 8 0
140 244 493 186 0 -8 0
140 236 496 189 0 0 0
140 236 499 192 8 -8 0
148 228 502 195 0 -8 0
148 220 505 198 0 0 0
148 220 508 201 8 0 0
156 220 511 204 0 0 0
156 220 514 207 8 -8 0
164 212 517 210 0 8 0
164 220 520 213 0 8 0
164 228 523 216 8 -8 0
172 220 526 219 0 0 0
172 220 529 222 0 0 0
172 220 532 225 8 8 0
180 228 535 228 0 8 0
180 236 538 231 8 -8 0
188 228 541 234 0 8 0
188 236 544 237 0 8 0
188 244 547 240 8 8 0
196 252 550 243 0 8 0
196 260 553 246 0 8 0
196 268 556 249 8 8 0
204 276 559 252 0 8 0
204 284 562 255 8 0 0
212 284 565 258 0 0 0
212 284 568 261 0 0 0
212 284 571 264 8 -8 0
220 276 574 267 0 -8 0
220 268 577 270 0 -8 0
220 260 580 273 8 8 0
228 268 583 276 0 -8 0
228 260 586 279 8 0 0
236 260 589 282 0 -8 0
236 252 592 285 0 8 0
236 260 595 288 8 0 0
244 260 598 291 0 0 0
244 260 601 294 0 8 0
244 268 604 297 8 0 0
252 268 607 300 0 8 0
252 276 610 303 8 -8 0
260 268 613 306 0 8 0
260 276 616 309 0 0 0
260 276 619 312 8 8 0
268 284 622 315 0 0 0
268 284 625 318 0 8 0
268 292 628 321 8 0 0
276 292 631 324 0 0 0
276 292 634 327 8 8 0
284 300 637 330 0 8 0
284 308 640 333 0 0 0
284 308 643 336 8 -8 0
292 300 646 339 0 8 0
292 308 649 342 0 0 0
292 308 652 345 8 0 0
300 308 655 348 0 8 0
300 316 658 351 8 0 0
308 316 661 354 0 0 0
308 316 664 357 0 -8 0
308 308 667 360 8 8 0
316 316 670 363 0 0 0
316 316 673 366 0 8 0
316 324 676 369 8 -8 0
324 316 679 372 0 0 0
324 316 682 375 8 -8 0
332 308 685 378 0 0 0
332 308 688 381 0 0 0
332 308 691 384 8 0 0
340 308 694 387 0 8 0
340 316 697 390 0 -8 0
340 308 700 393 8 8 0
348 316 703 396 0 8 0
348 324 706 399 8 -8 0
356 316 709 402 0 8 0
356 324 712 405 0 8 0
356 332 715 408 8 8 0
364 340 718 411 0 8 0
364 348 721 414 0 0 0
364 348 724 417 8 8 0
372 356 727 420 0 8 0
372 364 730 423 8 8 0
380 372 733 426 0 8 0
380 380 736 429 0 0 0
380 380 739 432 8 -8 0
388 372 742 435 0 -8 0
388 364 745 438 0 -8 0
388 356 748 441 8 8 0
396 364 751 444 0 8 0
396 372 754 447 8 -8 0
404 364 757 450 0 -8 0
404 356 760 453 0 -8 0
404 348 763 456 8 0 0
412 348 766 459 0 -8 0
412 340 769 462 0 8 0
412 348 772 465 8 -8 0
420 340 775 468 0 8 0
420 348 778 471 8 -8 0
428 340 781 474 0 0 1
428 340 781 474 0 0 1
428 340 781 474 0 0 1
428 340 781 474 0 0 1
428 340 781 474 0 0 1
