333 192 670 306 0 0 0
333 192 673 309 0 8 0
333 200 676 312 0 -8 0
333 192 679 315 0 -8 0
333 184 682 318 0 8 0
333 192 685 321 0 0 0
333 192 688 324 0 8 0
333 200 691 327 0 0 0
333 200 694 330 0 0 0
333 200 697 333 0 8 0
333 208 700 336 0 0 0
333 208 703 339 0 8 0
333 216 706 342 0 0 0
333 216 709 345 0 0 0
333 216 712 348 0 8 0
333 224 715 351 0 8 0
333 232 718 354 0 8 0
333 240 721 357 0 8 0
333 248 724 360 0 -8 0
333 240 727 363 0 8 0
333 248 730 366 0 8 0
333 256 733 369 0 -8 0
333 248 736 372 0 0 0
333 248 739 375 0 8 0
333 256 742 378 0 -8 0
333 248 745 381 0 8 0
333 256 748 384 8 0 0
341 256 751 387 0 0 0
341 256 754 390 0 -8 0
341 248 757 393 8 -8 0
349 240 760 396 0 -8 0
349 232 763 399 0 -8 0
349 224 766 402 8 8 0
357 232 769 405 0 -8 0
357 224 772 408 8 0 0
365 224 775 411 0 -8 0
365 216 778 414 0 8 0
365 224 781 417 0 0 1
365 224 781 417 0 0 1
365 224 781 417 0 0 1
365 224 781 417 0 0 1
365 224 781 417 0 0 1
