260 445 316 381 0 0 0
260 445 313 378 8 0 0
268 445 310 375 8 8 0
276 453 307 372 8 0 0
284 453 304 369 8 -8 0
292 445 301 366 8 8 0
300 453 298 363 8 -8 0
308 445 295 360 8 0 0
316 445 292 357 0 0 0
316 445 289 354 0 8 0
316 453 286 351 0 8 0
316 461 283 348 0 8 0
316 469 280 345 0 8 0
316 477 277 342 0 0 0
316 477 274 339 0 8 0
316 485 271 336 0 0 0
316 485 268 333 0 0 0
316 485 265 330 0 8 0
316 493 262 327 0 -8 0
316 485 259 324 0 0 0
316 485 256 321 0 -8 0
316 477 253 318 0 -8 0
316 469 250 315 0 -8 0
316 461 247 312 0 -8 0
316 453 244 309 0 -8 0
316 445 241 306 0 0 0
316 445 238 303 0 0 0
316 445 235 300 0 -8 0
316 437 232 297 0 0 0
316 437 229 294 0 -8 0
316 429 226 291 0 -8 0
316 421 223 288 0 0 0
316 421 220 285 0 0 0
316 421 217 282 0 0 0
316 421 214 279 0 8 0
316 429 211 276 0 0 0
316 429 208 273 0 0 0
316 429 205 270 0 8 0
316 437 202 267 0 0 0
316 437 199 264 -8 0 0
308 437 196 261 0 8 0
308 445 193 258 0 -8 0
308 437 190 255 -8 0 0
300 437 187 252 0 8 0
300 445 184 249 -8 8 0
292 453 181 246 0 -8 0
292 445 178 243 0 -8 0
292 437 175 240 -8 0 0
284 437 172 237 0 -8 0
284 429 169 234 0 8 0
284 437 166 231 -8 -8 0
276 429 163 228 0 8 0
276 437 160 225 -8 0 0
268 437 157 222 0 8 0
268 445 154 219 0 -8 0
268 437 151 216 -8 8 0
260 445 148 213 0 8 0
260 453 145 210 0 0 0
260 453 142 207 -8 0 0
252 453 139 204 0 -8 0
252 445 136 201 -8 -8 0
244 437 133 198 0 -8 0
244 429 130 195 0 -8 0
244 421 127 192 -8 0 0
236 421 124 189 0 8 0
236 429 121 186 0 -8 0
236 421 118 183 -8 8 0
228 429 115 180 0 -8 0
228 421 112 177 -8 0 0
220 421 109 174 0 8 0
220 429 106 171 0 8 0
220 437 103 168 -8 -8 0
212 429 100 165 0 -8 0
212 421 97 162 0 0 0
212 421 94 159 -8 0 0
204 421 91 156 0 -8 0
204 413 88 153 -8 8 0
196 421 85 150 0 -8 0
196 413 82 147 0 0 0
196 413 79 144 -8 8 0
188 421 76 141 0 8 0
188 429 73 138 0 8 0
188 437 70 135 -8 -8 0
180 429 67 132 0 -8 0
180 421 64 129 -8 0 0
172 421 61 126 0 -8 0
172 413 58 123 0 8 0
172 421 55 120 -8 8 0
164 429 52 117 0 8 0
164 437 49 114 0 8 0
164 445 46 111 -8 -8 0
156 437 43 108 0 -8 0
156 429 40 105 -8 0 0
148 429 37 102 0 -8 0
148 421 34 99 0 0 0
148 421 31 96 -8 8 0
140 429 28 93 0 -8 0
140 421 25 90 0 8 0
140 429 22 87 -8 8 0
132 437 19 84 0 -8 0
132 429 22 81 -8 8 0
124 437 25 78 0 8 0
124 445 28 75 0 -8 0
124 437 31 72 -8 -8 0
116 429 34 69 0 -8 0
116 421 37 66 0 -8 0
116 413 40 63 -8 0 0
108 413 43 60 0 -8 0
108 405 46 57 -8 8 0
100 413 49 54 0 8 0
100 421 52 51 0 -8 0
100 413 55 48 -8 8 0
92 421 58 45 0 -8 0
92 413 61 42 0 -8 0
92 405 64 39 -8 0 0
84 405 67 36 0 0 0
84 405 70 33 -8 0 0
76 405 73 30 0 0 0
76 405 76 27 0 -8 0
76 397 79 24 -8 8 0
68 405 82 21 0 -8 0
68 397 85 18 0 8 0
68 405 88 15 -8 -8 0
60 397 91 12 0 -8 0
60 389 94 9 -8 8 0
60 397 97 12 0 0 0
60 397 100 15 0 8 0
60 405 103 18 0 8 0
60 413 106 21 0 8 0
60 421 109 24 0 8 0
60 429 112 27 0 0 0
60 429 115 30 0 -8 0
60 421 118 33 0 -8 0
60 413 121 36 0 8 0
60 421 124 39 0 8 0
60 429 127 42 0 0 0
60 429 130 45 0 8 0
60 437 133 48 0 8 0
60 445 136 51 0 8 0
60 453 139 54 0 0 0
60 453 142 57 0 8 0
60 461 145 60 0 8 0
60 469 148 63 0 8 0
60 477 151 66 0 0 0
60 477 154 69 0 8 0
60 485 157 72 0 8 0
60 493 160 75 0 -8 0
60 485 163 78 0 8 0
60 493 166 81 0 0 0
60 493 169 84 0 8 0
60 501 172 87 0 8 0
60 509 175 90 0 0 0
60 509 178 93 0 8 0
60 517 181 96 0 8 0
60 525 184 99 0 8 0
60 533 187 102 0 0 0
60 533 190 105 0 -8 0
60 525 193 108 0 0 0
60 525 196 111 8 0 0
68 525 199 114 0 0 0
68 525 202 117 0 8 0
68 533 205 120 8 0 0
76 533 208 123 0 8 0
76 540 211 126 0 0 0
76 540 214 129 8 0 0
84 540 217 132 0 0 0
84 540 220 135 8 0 0
92 540 223 138 0 0 0
92 540 226 141 0 8 0
92 540 229 144 8 -8 0
100 532 232 147 0 -8 0
100 524 235 150 0 8 0
100 532 238 153 8 8 0
108 540 241 156 0 -8 0
108 532 244 159 8 -8 0
116 524 247 162 0 8 0
116 532 250 165 0 -8 0
116 524 253 168 8 8 0
124 532 256 171 0 0 0
124 532 259 174 0 -8 0
124 524 262 177 8 0 0
132 524 265 180 0 -8 0
132 516 268 183 8 8 0
140 524 271 186 0 0 0
140 524 274 189 0 -8 0
140 516 277 192 8 -8 0
148 508 280 195 0 8 0
148 516 283 198 0 -8 0
148 508 286 201 8 0 0
156 508 289 204 0 0 0
156 508 292 207 8 -8 0
164 500 295 210 0 -8 0
164 492 298 213 0 -8 0
164 484 301 216 8 0 0
172 484 304 219 0 8 0
172 492 307 222 0 -8 0
172 484 310 225 8 -8 0
180 476 313 228 0 0 0
180 476 316 231 8 8 0
188 484 319 234 0 0 0
188 484 322 237 0 -8 0
188 476 325 240 8 0 0
196 476 328 243 0 -8 0
196 468 331 246 0 -8 0
196 460 334 249 8 -8 0
204 452 337 252 0 -8 0
204 444 340 255 8 8 0
212 452 343 258 0 0 0
212 452 346 261 0 0 0
212 452 349 264 8 8 0
220 460 352 267 0 0 0
220 460 355 270 0 0 0
220 460 358 273 8 0 0
228 460 361 276 0 8 0
228 468 364 279 8 0 0
236 468 367 282 0 0 0
236 468 370 285 0 -8 0
236 460 373 288 8 -8 0
244 452 376 291 0 0 0
244 452 379 294 0 8 0
244 460 382 297 8 -8 0
252 452 385 300 0 -8 0
252 444 388 303 8 8 0
260 452 391 306 0 8 0
260 460 394 309 0 8 0
260 468 397 312 8 -8 0
268 460 400 315 0 8 0
268 468 403 318 0 -8 0
268 460 406 321 8 8 0
276 468 409 324 0 -8 0
276 460 412 327 8 8 0
284 468 415 330 0 0 0
284 468 418 333 0 8 0
284 476 421 336 8 8 0
292 484 424 339 0 0 0
292 484 427 342 0 8 0
292 492 430 345 8 -8 0
300 484 433 348 0 8 0
300 492 436 351 8 -8 0
308 484 439 354 0 -8 0
308 476 442 357 0 0 0
308 476 445 360 8 8 0
316 484 448 363 0 -8 0
316 476 451 366 0 0 0
316 476 454 369 8 -8 0
324 468 457 372 0 0 0
324 468 460 375 8 8 0
332 476 463 378 0 8 0
332 484 466 381 0 8 0
332 492 469 384 8 0 0
340 492 472 387 0 0 0
340 492 475 390 0 8 0
340 500 478 393 8 0 0
348 500 481 396 0 -8 0
348 492 484 399 8 8 0
356 500 487 402 0 8 0
356 508 490 405 0 0 0
356 508 493 408 8 -8 0
364 500 496 411 0 8 0
364 508 499 414 0 -8 0
364 500 502 417 8 -8 0
372 492 505 420 0 -8 0
372 484 508 423 8 -8 0
380 476 511 426 0 -8 0
380 468 514 429 0 -8 0
380 460 517 432 8 -8 0
388 452 520 435 0 0 0
388 452 523 438 0 8 0
388 460 526 441 8 -8 0
396 452 529 444 0 -8 0
396 444 532 447 8 8 0
404 452 535 450 0 8 0
404 460 538 453 0 8 0
404 468 541 456 8 8 0
412 476 544 459 0 0 0
412 476 547 462 0 -8 0
412 468 550 465 8 0 0
420 468 553 468 0 8 0
420 476 556 471 8 0 0
428 476 559 474 0 -8 0
428 468 562 477 0 -8 0
428 460 565 480 8 0 0
436 460 568 483 0 0 0
436 460 571 486 0 8 0
436 468 574 489 8 -8 0
444 460 577 492 0 -8 0
444 452 580 495 8 0 0
452 452 583 498 0 8 0
452 460 586 501 0 0 0
452 460 589 504 8 -8 0
460 452 592 507 0 -8 0
460 444 595 510 0 -8 0
460 436 598 513 8 0 0
468 436 601 516 0 0 0
468 436 604 519 8 0 0
476 436 607 522 0 -8 0
476 428 610 525 0 8 0
476 436 613 528 8 -8 0
484 428 616 531 0 0 0
484 428 619 534 0 0 0
484 428 622 537 8 8 0
492 436 625 540 0 8 0
492 444 628 543 8 -8 0
500 436 631 546 0 0 0
500 436 634 549 0 0 0
500 436 637 552 8 0 0
508 436 640 555 0 0 0
508 436 643 558 0 0 0
508 436 646 561 8 0 0
516 436 649 564 0 -8 0
516 428 652 567 8 8 0
524 436 655 570 0 -8 0
524 428 658 573 0 -8 0
524 420 661 576 8 0 0
532 420 664 579 0 0 0
532 420 667 582 0 -8 0
532 412 670 585 8 0 0
540 412 673 588 0 -8 0
540 404 676 591 8 0 0
540 404 679 588 0 -8 0
540 396 682 585 0 -8 0
540 388 685 582 0 -8 0
540 380 688 579 0 -8 0
540 372 691 576 0 0 0
540 372 694 573 0 8 0
540 380 697 570 0 8 0
540 388 700 567 0 0 0
540 388 703 564 0 -8 0
540 380 706 561 0 -8 0
540 372 709 558 0 -8 0
540 364 712 555 0 0 0
540 364 715 552 0 -8 0
540 356 718 549 0 -8 0
540 348 721 546 0 8 0
540 356 724 543 0 -8 0
540 348 727 540 0 -8 0
540 340 730 537 0 0 0
540 340 733 534 0 0 0
540 340 736 531 0 -8 0
540 332 739 528 0 8 0
540 340 742 525 0 -8 0
540 332 745 522 0 -8 0
540 324 748 519 0 0 0
540 324 751 516 0 0 0
540 324 754 513 0 0 0
540 324 757 510 0 0 0
540 324 760 507 0 0 0
540 324 763 504 0 0 0
540 324 766 501 0 -8 0
540 316 769 498 0 0 0
540 316 772 495 0 -8 0
540 308 775 492 0 -8 0
540 300 778 489 -8 8 0
532 308 781 486 0 0 1
532 308 781 486 0 0 1
532 308 781 486 0 0 1
532 308 781 486 0 0 1
532 308 781 486 0 0 1
