281 361 592 270 0 0 0
281 361 595 273 0 0 0
281 361 598 276 0 8 0
281 369 601 279 0 8 0
281 377 604 282 0 8 0
281 385 607 285 0 8 0
281 393 610 288 0 -8 0
281 385 613 291 0 0 0
281 385 616 294 0 -8 0
281 377 619 297 0 0 0
281 377 622 300 0 -8 0
281 369 625 303 0 0 0
281 369 628 306 0 0 0
281 369 631 309 0 -8 0
281 361 634 312 0 8 0
281 369 637 315 0 0 0
281 369 640 318 0 8 0
281 377 643 321 0 -8 0
281 369 646 324 0 8 0
281 377 649 327 0 0 0
281 377 652 330 0 8 0
281 385 655 333 8 0 0
289 385 658 336 0 0 0
289 385 661 339 0 8 0
289 393 664 342 8 -8 0
297 385 667 345 0 -8 0
297 377 670 348 8 -8 0
305 369 673 351 0 8 0
305 377 676 354 0 -8 0
305 369 679 357 8 0 0
313 369 682 360 0 -8 0
313 361 685 363 0 -8 0
313 353 688 366 8 0 0
321 353 691 369 0 8 0
321 361 694 372 8 8 0
329 369 697 375 0 0 0
329 369 700 378 0 0 0
329 369 703 381 8 -8 0
337 361 706 384 0 8 0
337 369 709 387 0 0 0
337 369 712 390 8 -8 0
345 361 715 393 0 0 0
345 361 718 396 8 8 0
353 369 721 399 0 8 0
353 377 724 402 0 8 0
353 385 727 405 8 8 0
361 393 730 408 0 8 0
361 401 733 411 0 -8 0
361 393 736 414 8 0 0
369 393 739 417 0 8 0
369 401 742 420 8 0 0
377 401 745 423 0 -8 0
377 393 748 426 0 0 0
377 393 751 429 8 -8 0
385 385 754 432 0 0 0
385 385 757 435 0 -8 0
385 377 760 438 8 -8 0
393 369 763 441 0 0 0
393 369 766 444 8 0 0
401 369 769 447 0 8 0
401 377 772 450 0 -8 0
401 369 775 453 8 -8 0
409 361 778 456 0 8 0
409 369 781 459 0 0 1
409 369 781 459 0 0 1
409 369 781 459 0 0 1
409 369 781 459 0 0 1
409 369 781 459 0 0 1
