317 220 229 144 0 0 0
317 220 226 147 -8 0 0
309 220 223 150 -8 8 0
301 228 220 153 -8 -8 0
293 220 217 156 -8 -8 0
285 212 214 159 -8 0 0
277 212 211 162 -8 0 0
269 212 208 165 -8 -8 0
261 204 205 168 -8 0 0
253 204 202 171 -8 0 0
245 204 199 174 -8 8 0
237 212 196 177 -8 0 0
229 212 193 180 0 0 0
229 212 190 183 0 8 0
229 220 187 186 0 0 0
229 220 184 189 0 8 0
229 228 181 192 0 -8 0
229 220 178 195 0 -8 0
229 212 175 198 0 -8 0
229 204 172 201 0 -8 0
229 196 169 204 0 -8 0
229 188 166 207 0 8 0
229 196 163 210 0 0 0
229 196 160 213 0 0 0
229 196 157 216 0 8 0
229 204 154 219 0 0 0
229 204 151 222 0 0 0
229 204 148 225 0 0 0
229 204 145 228 0 0 0
229 204 142 231 0 8 0
229 212 139 234 0 0 0
229 212 136 237 0 -8 0
229 204 133 240 0 8 0
229 212 130 243 0 8 0
229 220 127 246 0 8 0
229 228 124 249 0 -8 0
229 220 121 252 0 0 0
229 220 118 255 0 0 0
229 220 115 258 0 0 0
229 220 112 261 0 8 0
229 228 109 264 0 8 0
229 236 106 267 0 -8 0
229 228 103 270 0 0 0
229 228 100 273 0 -8 0
229 220 97 276 0 8 0
229 228 94 279 0 0 0
229 228 91 282 8 -8 0
237 220 88 285 0 0 0
237 220 85 288 8 -8 0
245 212 82 291 0 8 0
245 220 79 294 0 -8 0
245 212 76 297 8 0 0
253 212 73 300 0 -8 0
253 204 70 303 0 0 0
253 204 67 306 8 8 0
261 212 64 309 0 0 0
261 212 61 312 8 -8 0
269 204 58 315 0 0 0
269 204 55 318 0 -8 0
269 196 52 321 8 8 0
277 204 49 324 0 0 0
277 204 46 327 0 8 0
277 212 43 330 8 -8 0
285 204 40 333 0 -8 0
285 196 37 336 8 -8 0
293 188 34 339 0 0 0
293 188 31 342 0 -8 0
293 180 28 345 8 0 0
301 180 25 348 0 8 0
301 188 22 351 0 8 0
301 196 19 354 0 0 1
301 196 19 354 0 0 1
301 196 19 354 0 0 1
301 196 19 354 0 0 1
301 196 19 354 0 0 1
