445 423 232 285 0 0 0
445 423 235 282 -8 -8 0
437 415 238 279 -8 0 0
429 415 241 276 -8 0 0
421 415 244 273 -8 -8 0
413 407 247 270 -8 -8 0
405 399 250 267 -8 -8 0
397 391 253 264 -8 -8 0
389 383 256 261 -8 -8 0
381 375 259 258 -8 8 0
373 383 262 255 -8 8 0
365 391 265 252 -8 0 0
357 391 268 249 -8 0 0
349 391 271 246 -8 -8 0
341 383 274 243 -8 -8 0
333 375 277 240 -8 8 0
325 383 280 237 -8 8 0
317 391 283 234 -8 8 0
309 399 286 231 -8 0 0
301 399 289 228 -8 8 0
293 407 292 225 -8 -8 0
285 399 295 222 -8 8 0
277 407 298 219 -8 0 0
269 407 301 216 -8 -8 0
261 399 304 213 0 0 0
261 399 307 210 -8 -8 0
253 391 310 207 0 -8 0
253 383 313 204 0 -8 0
253 375 316 201 -8 0 0
245 375 319 198 0 0 0
245 375 322 195 0 0 0
245 375 325 192 -8 8 0
237 383 328 189 0 -8 0
237 375 331 186 -8 -8 0
229 367 334 183 0 -8 0
229 359 337 180 0 8 0
229 367 340 177 -8 8 0
221 375 343 174 0 -8 0
221 367 346 171 0 0 0
221 367 349 168 -8 0 0
213 367 352 165 0 0 0
213 367 355 162 -8 0 0
205 367 358 159 0 0 0
205 367 361 156 0 8 0
205 375 364 153 -8 0 0
197 375 367 150 0 8 0
197 383 370 147 0 0 0
197 383 373 144 -8 8 0
189 391 376 141 0 0 0
189 391 379 138 -8 0 0
181 391 382 135 0 0 0
181 391 385 132 0 8 0
181 399 388 129 -8 -8 0
173 391 391 126 0 0 0
173 391 394 123 0 -8 0
173 383 397 120 -8 0 0
165 383 400 117 0 -8 0
165 375 403 114 -8 8 0
157 383 406 111 0 0 0
157 383 409 108 0 0 0
157 383 412 105 -8 0 0
149 383 415 102 0 0 0
149 383 418 99 0 0 0
149 383 421 96 -8 -8 0
141 375 424 93 0 8 0
141 383 427 90 -8 -8 0
133 375 430 87 0 0 0
133 375 433 84 0 -8 0
133 367 436 81 -8 8 0
125 375 439 78 0 0 0
125 375 442 75 0 8 0
125 383 445 72 -8 8 0
117 391 448 69 0 0 0
117 391 451 66 -8 8 0
109 399 454 63 0 -8 0
109 391 457 60 0 -8 0
109 383 460 57 -8 0 0
101 383 463 54 0 -8 0
101 375 466 51 0 8 0
101 383 469 48 -8 0 0
93 383 472 45 0 -8 0
93 375 475 42 -8 8 0
85 383 478 39 0 8 0
85 391 481 36 0 8 0
85 399 484 33 -8 -8 0
77 391 487 30 0 -8 0
77 383 490 27 0 0 0
77 383 493 24 -8 0 0
69 383 496 21 0 -8 0
69 375 499 18 -8 8 0
61 383 502 15 0 0 0
61 383 505 12 0 8 0
61 391 508 9 -8 -8 0
60 383 511 12 0 -8 0
60 375 514 15 0 8 0
60 383 517 18 0 0 0
60 383 520 21 0 -8 0
60 375 523 24 0 8 0
60 383 526 27 0 -8 0
60 375 529 30 0 8 0
60 383 532 33 0 0 0
60 383 535 36 0 0 0
60 383 538 39 0 8 0
60 391 541 42 0 -8 0
60 383 544 45 0 8 0
60 391 547 48 0 -8 0
60 383 550 51 0 -8 0
60 375 553 54 0 8 0
60 383 556 57 0 0 0
60 383 559 60 0 8 0
60 391 562 63 0 8 0
60 399 565 66 0 -8 0
60 391 568 69 0 0 0
60 391 571 72 0 -8 0
60 383 574 75 0 -8 0
60 375 577 78 0 0 0
60 375 580 81 0 0 0
60 375 583 84 0 8 0
60 383 586 87 0 0 0
60 383 589 90 0 8 0
60 391 592 93 0 8 0
60 399 595 96 0 8 0
60 407 598 99 0 0 0
60 407 601 102 0 0 0
60 407 604 105 0 -8 0
60 399 607 108 0 0 0
60 399 610 111 8 -8 0
68 391 613 114 0 -8 0
68 383 616 117 0 0 0
68 383 619 120 8 -8 0
76 375 622 123 0 8 0
76 383 625 126 0 8 0
76 391 628 129 8 -8 0
84 383 631 132 0 8 0
84 391 634 135 8 8 0
92 399 637 138 0 -8 0
92 391 640 141 0 8 0
92 399 643 144 8 -8 0
100 391 646 147 0 -8 0
100 383 649 150 0 0 0
100 383 652 153 8 8 0
108 391 655 156 0 0 0
108 391 658 159 8 -8 0
116 383 661 162 0 8 0
116 391 664 165 0 -8 0
116 383 667 168 8 -8 0
124 375 670 171 0 -8 0
124 367 673 174 0 0 0
124 367 676 177 8 8 0
132 375 679 180 0 -8 0
132 367 682 183 8 0 0
140 367 685 186 0 8 0
140 375 688 189 0 -8 0
140 367 691 192 8 0 0
148 367 694 195 0 8 0
148 375 697 198 0 0 0
148 375 700 201 8 -8 0
156 367 703 204 0 0 0
156 367 706 207 8 0 0
164 367 709 210 0 -8 0
164 359 712 213 0 -8 0
164 351 715 216 8 8 0
172 359 718 219 0 -8 0
172 351 721 222 0 -8 0
172 343 724 225 8 0 0
180 343 727 228 0 8 0
180 351 730 231 8 0 0
188 351 733 234 0 0 0
188 351 736 237 0 0 0
188 351 739 240 8 0 0
196 351 742 243 0 0 0
196 351 745 246 0 8 0
196 359 748 249 8 8 0
204 367 751 252 0 -8 0
204 359 754 255 8 8 0
212 367 757 258 0 -8 0
212 359 760 261 0 8 0
212 367 763 264 8 -8 0
220 359 766 267 0 -8 0
220 351 769 270 0 8 0
220 359 772 273 8 8 0
228 367 775 276 0 -8 0
228 359 778 279 8 0 0
236 359 781 282 0 0 1
236 359 781 282 0 0 1
236 359 781 282 0 0 1
236 359 781 282 0 0 1
236 359 781 282 0 0 1
