142 337 334 441 0 0 0
142 337 331 438 8 8 0
150 345 328 435 8 0 0
158 345 325 432 8 0 0
166 345 322 429 8 0 0
174 345 319 426 8 0 0
182 345 316 423 8 8 0
190 353 313 420 8 -8 0
198 345 310 417 8 0 0
206 345 307 414 8 0 0
214 345 304 411 8 0 0
222 345 301 408 8 8 0
230 353 298 405 8 8 0
238 361 295 402 8 0 0
246 361 292 399 8 0 0
254 361 289 396 8 0 0
262 361 286 393 8 0 0
270 361 283 390 8 0 0
278 361 280 387 8 0 0
286 361 277 384 8 -8 0
294 353 274 381 8 0 0
302 353 271 378 8 0 0
310 353 268 375 8 0 0
318 353 265 372 8 -8 0
326 345 262 369 0 -8 0
326 337 259 366 0 0 0
326 337 256 363 0 -8 0
326 329 253 360 0 0 0
326 329 250 357 0 -8 0
326 321 247 354 0 0 0
326 321 244 351 0 -8 0
326 313 241 348 0 8 0
326 321 238 345 0 8 0
326 329 235 342 0 8 0
326 337 232 339 0 8 0
326 345 229 336 0 0 0
326 345 226 333 0 -8 0
326 337 223 330 0 -8 0
326 329 220 327 0 -8 0
326 321 217 324 0 0 0
326 321 214 321 0 0 0
326 321 211 318 0 0 0
326 321 208 315 0 0 0
326 321 205 312 0 8 0
326 329 202 309 0 -8 0
326 321 199 306 0 8 0
326 329 196 303 0 -8 0
326 321 193 300 0 0 0
326 321 190 297 0 -8 0
326 313 187 294 0 8 0
326 321 184 291 0 8 0
326 329 181 288 0 8 0
326 337 178 285 0 0 0
326 337 175 282 0 0 0
326 337 172 279 0 8 0
326 345 169 276 0 0 0
326 345 166 273 -8 0 0
318 345 163 270 0 -8 0
318 337 160 267 -8 -8 0
310 329 157 264 0 8 0
310 337 154 261 0 0 0
310 337 151 258 -8 8 0
302 345 148 255 0 0 0
302 345 145 252 0 0 0
302 345 142 249 -8 8 0
294 353 139 246 0 8 0
294 361 136 243 -8 -8 0
286 353 133 240 0 0 0
286 353 130 237 0 0 0
286 353 127 234 -8 0 0
278 353 124 231 0 0 0
278 353 121 228 0 0 0
278 353 118 225 -8 0 0
270 353 115 222 0 0 0
270 353 112 219 -8 8 0
262 361 109 216 0 8 0
262 369 106 213 0 8 0
262 377 103 210 -8 8 0
254 385 100 207 0 0 0
254 385 97 204 0 8 0
254 393 94 201 -8 -8 0
246 385 91 198 0 0 0
246 385 88 195 -8 -8 0
238 377 85 192 0 -8 0
238 369 82 189 0 -8 0
238 361 79 186 -8 0 0
230 361 76 183 0 -8 0
230 353 73 180 0 8 0
230 361 70 177 -8 -8 0
222 353 67 174 0 0 0
222 353 64 171 -8 8 0
214 361 61 168 0 -8 0
214 353 58 165 0 0 0
214 353 55 162 -8 0 0
206 353 52 159 0 -8 0
206 345 49 156 0 0 0
206 345 46 153 -8 -8 0
198 337 43 150 0 -8 0
198 329 40 147 -8 -8 0
190 321 37 144 0 8 0
190 329 34 141 0 8 0
190 337 31 138 -8 0 0
182 337 28 135 0 -8 0
182 329 25 132 0 0 0
182 329 22 129 -8 -8 0
174 321 19 126 0 -8 0
174 313 22 123 -8 -8 0
166 305 25 120 0 -8 0
166 297 28 117 0 8 0
166 305 31 114 -8 8 0
158 313 34 111 0 0 0
158 313 37 108 0 8 0
158 321 40 105 -8 0 0
150 321 43 102 0 -8 0
150 313 46 99 -8 -8 0
142 305 49 96 0 0 0
142 305 52 93 0 0 0
142 305 55 90 -8 0 0
134 305 58 87 0 8 0
134 313 61 84 0 0 0
134 313 64 81 -8 -8 0
126 305 67 78 0 8 0
126 313 70 75 -8 8 0
118 321 73 72 0 0 0
118 321 76 69 0 0 0
118 321 79 66 -8 -8 0
110 313 82 63 0 -8 0
110 305 85 60 0 8 0
110 313 88 57 -8 0 0
102 313 91 54 0 -8 0
102 305 94 51 -8 8 0
94 313 97 48 0 -8 0
94 305 100 45 0 8 0
94 313 103 42 -8 -8 0
86 305 106 39 0 -8 0
86 297 109 36 0 8 0
86 305 112 33 -8 8 0
78 313 115 30 0 8 0
78 321 118 27 -8 8 0
70 329 121 24 0 0 0
70 329 124 21 0 -8 0
70 321 127 18 -8 8 0
62 329 130 15 0 8 0
62 337 133 12 0 0 0
62 337 136 9 -8 0 0
60 337 139 12 0 0 0
60 337 142 15 0 -8 0
60 329 145 18 0 0 0
60 329 148 21 0 0 0
60 329 151 24 0 0 0
60 329 154 27 0 8 0
60 337 157 30 0 -8 0
60 329 160 33 0 -8 0
60 321 163 36 0 -8 0
60 313 166 39 0 0 0
60 313 169 42 0 -8 0
60 305 172 45 0 -8 0
60 297 175 48 0 -8 0
60 289 178 51 0 8 0
60 297 181 54 0 8 0
60 305 184 57 0 0 0
60 305 187 60 0 8 0
60 313 190 63 0 8 0
60 321 193 66 0 -8 0
60 313 196 69 0 0 0
60 313 199 72 0 0 0
60 313 202 75 0 8 0
60 321 205 78 0 8 0
60 329 208 81 0 0 0
60 329 211 84 0 -8 0
60 321 214 87 0 0 0
60 321 217 90 0 -8 0
60 313 220 93 0 8 0
60 321 223 96 0 -8 0
60 313 226 99 0 0 0
60 313 229 102 0 0 0
60 313 232 105 0 0 0
60 313 235 108 0 8 0
60 321 238 111 8 8 0
68 329 241 114 0 0 0
68 329 244 117 0 -8 0
68 321 247 120 8 8 0
76 329 250 123 0 0 0
76 329 253 126 0 -8 0
76 321 256 129 8 8 0
84 329 259 132 0 0 0
84 329 262 135 8 -8 0
92 321 265 138 0 -8 0
92 313 268 141 0 -8 0
92 305 271 144 8 8 0
100 313 274 147 0 0 0
100 313 277 150 0 0 0
100 313 280 153 8 -8 0
108 305 283 156 0 0 0
108 305 286 159 8 -8 0
116 297 289 162 0 -8 0
116 289 292 165 0 8 0
116 297 295 168 8 8 0
124 305 298 171 0 -8 0
124 297 301 174 0 0 0
124 297 304 177 8 8 0
132 305 307 180 0 -8 0
132 297 310 183 8 -8 0
140 289 313 186 0 0 0
140 289 316 189 0 -8 0
140 281 319 192 8 -8 0
148 273 322 195 0 -8 0
148 265 325 198 0 8 0
148 273 328 201 8 -8 0
156 265 331 204 0 -8 0
156 257 334 207 8 8 0
164 265 337 210 0 -8 0
164 257 340 213 0 8 0
164 265 343 216 8 0 0
172 265 346 219 0 0 0
172 265 349 222 0 -8 0
172 257 352 225 8 8 0
180 265 355 228 0 -8 0
180 257 358 231 8 0 0
188 257 361 234 0 -8 0
188 249 364 237 0 0 0
188 249 367 240 8 -8 0
196 241 370 243 0 -8 0
196 233 373 246 0 -8 0
196 225 376 249 8 8 0
204 233 379 252 0 8 0
204 241 382 255 8 0 0
212 241 385 258 0 -8 0
212 233 388 261 0 0 0
212 233 391 264 8 0 0
220 233 394 267 0 8 0
220 241 397 270 0 0 0
220 241 400 273 8 8 0
228 249 403 276 0 8 0
228 257 406 279 8 0 0
236 257 409 282 0 8 0
236 265 412 285 0 -8 0
236 257 415 288 8 0 0
244 257 418 291 0 8 0
244 265 421 294 0 -8 0
244 257 424 297 8 -8 0
252 249 427 300 0 8 0
252 257 430 303 8 0 0
260 257 433 306 0 0 0
260 257 436 309 0 0 0
260 257 439 312 8 8 0
268 265 442 315 0 0 0
268 265 445 318 0 8 0
268 273 448 321 8 -8 0
276 265 451 324 0 0 0
276 265 454 327 8 0 0
284 265 457 330 0 0 0
284 265 460 333 0 8 0
284 273 463 336 8 8 0
292 281 466 339 0 0 0
292 281 469 342 0 8 0
292 289 472 345 8 8 0
300 297 475 348 0 -8 0
300 289 478 351 8 8 0
308 297 481 354 0 -8 0
308 289 484 357 0 -8 0
308 281 487 360 8 -8 0
316 273 490 363 0 0 0
316 273 493 366 0 -8 0
316 265 496 369 8 0 0
324 265 499 372 0 -8 0
324 257 502 375 8 -8 0
332 249 505 378 0 8 0
332 257 508 381 0 -8 0
332 249 511 384 8 8 0
340 257 514 387 0 0 0
340 257 517 390 0 8 0
340 265 520 393 8 -8 0
348 257 523 396 0 -8 0
348 249 526 399 8 -8 0
356 241 529 402 0 8 0
356 249 532 405 0 -8 0
356 241 535 408 8 -8 0
364 233 538 411 0 8 0
364 241 541 414 0 -8 0
364 233 544 417 8 -8 0
372 225 547 420 0 -8 0
372 217 550 423 8 -8 0
380 209 553 426 0 -8 0
380 201 556 429 0 -8 0
380 193 559 432 8 0 0
388 193 562 435 0 8 0
388 201 565 438 0 0 0
388 201 568 441 8 -8 0
396 193 571 444 0 -8 0
396 185 574 447 8 0 0
404 185 577 450 0 -8 0
404 177 580 453 0 -8 0
404 169 583 456 8 0 0
412 169 586 459 0 0 0
412 169 589 462 0 0 0
412 169 592 465 8 0 0
420 169 595 468 0 -8 0
420 161 598 471 8 0 0
428 161 601 474 0 8 0
428 169 604 477 0 -8 0
428 161 607 480 8 8 0
436 169 610 483 0 -8 0
436 161 613 486 0 -8 0
436 153 616 489 8 8 0
444 161 619 492 0 8 0
444 169 622 495 8 8 0
452 177 625 498 0 8 0
452 185 628 501 0 0 0
452 185 631 504 8 -8 0
460 177 634 507 0 -8 0
460 169 637 510 0 8 0
460 177 640 513 8 8 0
468 185 643 516 0 0 0
468 185 646 519 8 8 0
476 193 649 522 0 8 0
476 201 652 525 0 0 0
476 201 655 528 8 8 0
484 209 658 531 0 -8 0
484 201 661 534 0 8 0
484 209 664 537 8 8 0
492 217 667 540 0 8 0
492 225 670 543 8 -8 0
500 217 673 546 0 8 0
500 225 676 549 0 8 0
500 233 679 552 8 0 0
508 233 682 555 0 -8 0
508 225 685 558 0 8 0
508 233 688 561 8 8 0
516 241 691 564 0 0 0
516 241 694 567 8 8 0
524 249 697 570 0 8 0
524 257 700 573 0 8 0
524 265 703 576 8 0 0
532 265 706 579 0 -8 0
532 257 709 582 0 -8 0
532 249 712 585 8 8 0
540 257 715 588 0 8 0
540 265 718 591 8 0 0
540 265 721 588 0 8 0
540 273 724 585 0 8 0
540 281 727 582 0 0 0
540 281 730 579 0 -8 0
540 273 733 576 0 0 0
540 273 736 573 0 8 0
540 281 739 570 0 8 0
540 289 742 567 0 -8 0
540 281 745 564 0 8 0
540 289 748 561 0 8 0
540 297 751 558 0 8 0
540 305 754 555 0 -8 0
540 297 757 552 0 0 0
540 297 760 549 0 8 0
540 305 763 546 0 8 0
540 313 766 543 0 0 0
540 313 769 540 0 8 0
540 321 772 537 0 8 0
540 329 775 534 0 -8 0
540 321 778 531 0 -8 0
540 313 781 528 0 0 1
540 313 781 528 0 0 1
540 313 781 528 0 0 1
540 313 781 528 0 0 1
540 313 781 528 0 0 1
