115 527 565 393 0 0 0
115 527 568 390 8 -8 0
123 519 571 387 8 8 0
131 527 574 384 8 0 0
139 527 577 381 8 -8 0
147 519 580 378 8 0 0
155 519 583 375 8 0 0
163 519 586 372 8 8 0
171 527 589 369 8 8 0
179 535 592 366 8 8 0
187 540 595 363 8 0 0
195 540 598 360 8 0 0
203 540 601 357 8 8 0
211 540 604 354 8 8 0
219 540 607 351 8 0 0
227 540 610 348 8 8 0
235 540 613 345 8 -8 0
243 532 616 342 8 0 0
251 532 619 339 8 0 0
259 532 622 336 8 0 0
267 532 625 333 8 -8 0
275 524 628 330 8 8 0
283 532 631 327 0 0 0
283 532 634 324 0 8 0
283 540 637 321 0 0 0
283 540 640 318 0 8 0
283 540 643 315 0 8 0
283 540 646 312 0 -8 0
283 532 649 309 0 8 0
283 540 652 306 0 0 0
283 540 655 303 0 0 0
283 540 658 300 0 0 0
283 540 661 297 0 -8 0
283 532 664 294 0 8 0
283 540 667 291 0 0 0
283 540 670 288 0 0 0
283 540 673 285 0 -8 0
283 532 676 282 0 8 0
283 540 679 279 0 -8 0
283 532 682 276 0 0 0
283 532 685 273 0 -8 0
283 524 688 270 0 -8 0
283 516 691 267 0 0 0
283 516 694 264 0 8 0
283 524 697 261 0 0 0
283 524 700 258 0 8 0
283 532 703 255 0 0 0
283 532 706 252 0 8 0
283 540 709 249 0 0 0
283 540 712 246 0 -8 0
283 532 715 243 0 8 0
283 540 718 240 0 0 0
283 540 721 237 0 0 0
283 540 724 234 0 0 0
283 540 727 231 -8 -8 0
275 532 730 228 0 -8 0
275 524 733 225 0 -8 0
275 516 736 222 -8 -8 0
267 508 739 219 0 -8 0
267 500 742 216 -8 0 0
259 500 745 213 0 0 0
259 500 748 210 0 -8 0
259 492 751 207 -8 8 0
251 500 754 204 0 -8 0
251 492 757 201 0 0 0
251 492 760 198 -8 -8 0
243 484 763 195 0 0 0
243 484 766 192 -8 8 0
235 492 769 189 0 0 0
235 492 772 186 0 0 0
235 492 775 183 -8 8 0
227 500 778 180 0 8 0
227 508 781 177 0 0 1
227 508 781 177 0 0 1
227 508 781 177 0 0 1
227 508 781 177 0 0 1
227 508 781 177 0 0 1
