240 78 586 492 0 0 0
240 78 583 495 8 8 0
248 86 580 498 8 -8 0
256 78 577 501 8 0 0
264 78 574 504 8 0 0
272 78 571 507 8 0 0
280 78 568 510 8 8 0
288 86 565 513 8 0 0
296 86 562 516 8 8 0
304 94 559 519 8 -8 0
312 86 556 522 8 0 0
320 86 553 525 8 0 0
328 86 550 528 8 8 0
336 94 547 531 8 0 0
344 94 544 534 8 0 0
352 94 541 537 8 8 0
360 102 538 540 8 0 0
368 102 535 543 8 8 0
376 110 532 546 8 -8 0
384 102 529 549 8 0 0
392 102 526 552 8 -8 0
400 94 523 555 8 0 0
408 94 520 558 8 8 0
416 102 517 561 8 8 0
424 110 514 564 8 8 0
432 118 511 567 8 -8 0
440 110 508 570 8 0 0
448 110 505 573 8 0 0
456 110 502 576 8 8 0
464 118 499 579 8 8 0
472 126 496 582 8 0 0
480 126 493 585 8 0 0
488 126 490 588 8 0 0
496 126 487 591 8 8 0
504 134 484 588 8 8 0
512 142 481 585 8 0 0
520 142 478 582 8 -8 0
528 134 475 579 8 8 0
536 142 472 576 0 0 0
536 142 469 573 0 -8 0
536 134 466 570 0 0 0
536 134 463 567 0 0 0
536 134 460 564 0 -8 0
536 126 457 561 0 -8 0
536 118 454 558 0 -8 0
536 110 451 555 0 0 0
536 110 448 552 0 0 0
536 110 445 549 0 -8 0
536 102 442 546 0 0 0
536 102 439 543 0 8 0
536 110 436 540 0 0 0
536 110 433 537 0 -8 0
536 102 430 534 0 8 0
536 110 427 531 0 8 0
536 118 424 528 0 -8 0
536 110 421 525 0 8 0
536 118 418 522 0 8 0
536 126 415 519 0 -8 0
536 118 412 516 0 0 0
536 118 409 513 0 -8 0
536 110 406 510 0 8 0
536 118 403 507 0 8 0
536 126 400 504 0 8 0
536 134 397 501 0 8 0
536 142 394 498 0 0 0
536 142 391 495 0 0 0
536 142 388 492 0 8 0
536 150 385 489 0 -8 0
536 142 382 486 0 0 0
536 142 379 483 -8 0 0
528 142 376 480 0 0 0
528 142 373 477 -8 -8 0
520 134 370 474 0 0 0
520 134 367 471 0 0 0
520 134 364 468 -8 8 0
512 142 361 465 0 -8 0
512 134 358 462 0 0 0
512 134 355 459 -8 0 0
504 134 352 456 0 8 0
504 142 349 453 -8 0 0
496 142 346 450 0 0 0
496 142 343 447 0 0 0
496 142 340 444 -8 8 0
488 150 337 441 0 -8 0
488 142 334 438 0 8 0
488 150 331 435 -8 8 0
480 158 328 432 0 0 0
480 158 325 429 -8 -8 0
472 150 322 426 0 8 0
472 158 319 423 0 8 0
472 166 316 420 -8 8 0
464 174 313 417 0 0 0
464 174 310 414 0 -8 0
464 166 307 411 -8 8 0
456 174 304 408 0 -8 0
456 166 301 405 -8 0 0
448 166 298 402 0 0 0
448 166 295 399 0 -8 0
448 158 292 396 -8 8 0
440 166 289 393 0 0 0
440 166 286 390 0 -8 0
440 158 283 387 -8 8 0
432 166 280 384 0 -8 0
432 158 277 381 -8 -8 0
424 150 274 378 0 -8 0
424 142 271 375 0 -8 0
424 134 268 372 -8 8 0
416 142 265 369 0 -8 0
416 134 262 366 0 8 0
416 142 259 363 -8 8 0
408 150 256 360 0 8 0
408 158 253 357 -8 8 0
400 166 250 354 0 -8 0
400 158 247 351 0 -8 0
400 150 244 348 -8 -8 0
392 142 241 345 0 8 0
392 150 238 342 0 8 0
392 158 235 339 -8 0 0
384 158 232 336 0 -8 0
384 150 229 333 -8 8 0
376 158 226 330 0 8 0
376 166 223 327 0 -8 0
376 158 220 324 -8 8 0
368 166 217 321 0 8 0
368 174 214 318 0 8 0
368 182 211 315 -8 8 0
360 190 208 312 0 8 0
360 198 205 309 -8 8 0
352 206 202 306 0 0 0
352 206 199 303 0 8 0
352 214 196 300 -8 8 0
344 222 193 297 0 8 0
344 230 190 294 0 8 0
344 238 187 291 -8 0 0
336 238 184 288 0 8 0
336 246 181 285 -8 -8 0
328 238 178 282 0 -8 0
328 230 175 279 0 8 0
328 238 172 276 -8 -8 0
320 230 169 273 0 -8 0
320 222 166 270 0 8 0
320 230 163 267 -8 0 0
312 230 160 264 0 -8 0
312 222 157 261 -8 0 0
304 222 154 258 0 0 0
304 222 151 255 0 -8 0
304 214 148 252 -8 -8 0
296 206 145 249 0 8 0
296 214 142 246 0 -8 0
296 206 139 243 -8 0 0
288 206 136 240 0 8 0
288 214 133 237 -8 8 0
280 222 130 234 0 -8 0
280 214 127 231 0 8 0
280 222 124 228 -8 0 0
272 222 121 225 0 0 0
272 222 118 222 0 -8 0
272 214 115 219 -8 0 0
264 214 112 216 0 -8 0
264 206 109 213 -8 0 0
256 206 106 210 0 0 0
256 206 103 207 0 -8 0
256 198 100 204 -8 8 0
248 206 97 201 0 8 0
248 214 94 198 0 8 0
248 222 91 195 -8 -8 0
240 214 88 192 0 0 0
240 214 85 189 -8 8 0
232 222 82 186 0 0 0
232 222 79 183 0 8 0
232 230 76 180 -8 -8 0
224 222 73 177 0 -8 0
224 214 70 174 0 8 0
224 222 67 171 -8 0 0
216 222 64 168 0 0 0
216 222 61 165 -8 8 0
208 230 58 162 0 -8 0
208 222 55 159 0 -8 0
208 214 52 156 -8 0 0
200 214 49 153 0 0 0
200 214 46 150 0 -8 0
200 206 43 147 -8 0 0
192 206 40 144 0 8 0
192 214 37 141 -8 0 0
184 214 34 138 0 8 0
184 222 31 135 0 -8 0
184 214 28 132 -8 -8 0
176 206 25 129 0 -8 0
176 198 22 126 0 8 0
176 206 19 123 0 0 1
176 206 19 123 0 0 1
176 206 19 123 0 0 1
176 206 19 123 0 0 1
176 206 19 123 0 0 1
