321 453 658 261 0 0 0
321 453 661 264 -8 8 0
313 461 664 267 0 0 0
313 461 667 270 0 8 0
313 469 670 273 0 8 0
313 477 673 276 0 0 0
313 477 676 279 0 0 0
313 477 679 282 0 0 0
313 477 682 285 0 8 0
313 485 685 288 0 -8 0
313 477 688 291 0 -8 0
313 469 691 294 0 0 0
313 469 694 297 0 0 0
313 469 697 300 0 0 0
313 469 700 303 0 -8 0
313 461 703 306 0 0 0
313 461 706 309 0 8 0
313 469 709 312 0 8 0
313 477 712 315 0 8 0
313 485 715 318 0 -8 0
313 477 718 321 0 8 0
313 485 721 324 0 -8 0
313 477 724 327 0 0 0
313 477 727 330 0 0 0
313 477 730 333 0 -8 0
313 469 733 336 0 0 0
313 469 736 339 0 8 0
313 477 739 342 0 8 0
313 485 742 345 0 -8 0
313 477 745 348 0 8 0
313 485 748 351 0 0 0
313 485 751 354 0 -8 0
313 477 754 357 0 0 0
313 477 757 360 0 0 0
313 477 760 363 0 8 0
313 485 763 366 8 0 0
321 485 766 369 0 -8 0
321 477 769 372 8 8 0
329 485 772 375 0 -8 0
329 477 775 378 0 0 0
329 477 778 381 8 -8 0
337 469 781 384 0 0 1
337 469 781 384 0 0 1
337 469 781 384 0 0 1
337 469 781 384 0 0 1
337 469 781 384 0 0 1
