213 253 556 438 0 0 0
213 253 553 441 8 0 0
221 253 550 444 8 8 0
229 261 547 447 8 0 0
237 261 544 450 8 -8 0
245 253 541 453 8 0 0
253 253 538 456 8 0 0
261 253 535 459 8 -8 0
269 245 532 462 8 8 0
277 253 529 465 8 0 0
285 253 526 468 8 -8 0
293 245 523 471 8 0 0
301 245 520 474 8 8 0
309 253 517 477 8 0 0
317 253 514 480 8 0 0
325 253 511 483 8 0 0
333 253 508 486 8 8 0
341 261 505 489 8 8 0
349 269 502 492 8 0 0
357 269 499 495 8 0 0
365 269 496 498 8 8 0
373 277 493 501 8 -8 0
381 269 490 504 8 0 0
389 269 487 507 8 -8 0
397 261 484 510 8 -8 0
405 253 481 513 8 0 0
413 253 478 516 8 0 0
421 253 475 519 8 -8 0
429 245 472 522 8 8 0
437 253 469 525 8 0 0
445 253 466 528 8 0 0
453 253 463 531 8 -8 0
461 245 460 534 8 -8 0
469 237 457 537 8 8 0
477 245 454 540 8 8 0
485 253 451 543 8 -8 0
493 245 448 546 8 -8 0
501 237 445 549 0 0 0
501 237 442 552 8 8 0
509 245 439 555 0 8 0
509 253 436 558 0 -8 0
509 245 433 561 8 8 0
517 253 430 564 0 0 0
517 253 427 567 0 -8 0
517 245 424 570 8 0 0
525 245 421 573 0 -8 0
525 237 418 576 8 0 0
533 237 415 579 0 8 0
533 245 412 582 0 -8 0
533 237 409 585 8 8 0
540 245 406 588 0 8 0
540 253 403 591 8 0 0
540 253 400 588 0 8 0
540 261 397 585 0 -8 0
540 253 394 582 0 0 0
540 253 391 579 0 -8 0
540 245 388 576 0 8 0
540 253 385 573 0 -8 0
540 245 382 570 0 0 0
540 245 379 567 0 8 0
540 253 376 564 0 8 0
540 261 373 561 0 -8 0
540 253 370 558 0 -8 0
540 245 367 555 0 8 0
540 253 364 552 0 0 0
540 253 361 549 0 0 0
540 253 358 546 0 8 0
540 261 355 543 0 8 0
540 269 352 540 0 -8 0
540 261 349 537 0 0 0
540 261 346 534 0 8 0
540 269 343 531 0 0 0
540 269 340 528 0 -8 0
540 261 337 525 0 -8 0
540 253 334 522 0 0 0
540 253 331 519 0 -8 0
540 245 328 516 0 8 0
540 253 325 513 0 8 0
540 261 322 510 0 0 0
540 261 319 507 0 0 0
540 261 316 504 0 -8 0
540 253 313 501 0 -8 0
540 245 310 498 0 -8 0
540 237 307 495 0 8 0
540 245 304 492 0 -8 0
540 237 301 489 -8 8 0
532 245 298 486 0 -8 0
532 237 295 483 0 0 0
532 237 292 480 -8 -8 0
524 229 289 477 0 0 0
524 229 286 474 0 8 0
524 237 283 471 -8 0 0
516 237 280 468 0 0 0
516 237 277 465 -8 0 0
508 237 274 462 0 8 0
508 245 271 459 0 -8 0
508 237 268 456 -8 0 0
500 237 265 453 0 -8 0
500 229 262 450 0 8 0
500 237 259 447 -8 8 0
492 245 256 444 0 8 0
492 253 253 441 -8 -8 0
484 245 250 438 0 0 0
484 245 247 435 0 8 0
484 253 244 432 -8 -8 0
476 245 241 429 0 -8 0
476 237 238 426 0 8 0
476 245 235 423 -8 0 0
468 245 232 420 0 8 0
468 253 229 417 -8 0 0
460 253 226 414 0 8 0
460 261 223 411 0 0 0
460 261 220 408 -8 -8 0
452 253 217 405 0 8 0
452 261 214 402 0 0 0
452 261 211 399 -8 -8 0
444 253 208 396 0 0 0
444 253 205 393 -8 0 0
436 253 202 390 0 8 0
436 261 199 387 0 8 0
436 269 196 384 -8 8 0
428 277 193 381 0 -8 0
428 269 190 378 0 0 0
428 269 187 375 -8 0 0
420 269 184 372 0 8 0
420 277 181 369 -8 8 0
412 285 178 366 0 -8 0
412 277 175 363 0 -8 0
412 269 172 360 -8 8 0
404 277 169 357 0 -8 0
404 269 166 354 0 -8 0
404 261 163 351 -8 0 0
396 261 160 348 0 8 0
396 269 157 345 -8 8 0
388 277 154 342 0 0 0
388 277 151 339 0 -8 0
388 269 148 336 -8 0 0
380 269 145 333 0 8 0
380 277 142 330 0 0 0
380 277 139 327 -8 -8 0
372 269 136 324 0 -8 0
372 261 133 321 -8 -8 0
364 253 130 318 0 0 0
364 253 127 315 0 -8 0
364 245 124 312 -8 0 0
356 245 121 309 0 8 0
356 253 118 306 0 8 0
356 261 115 303 -8 0 0
348 261 112 300 0 0 0
348 261 109 297 -8 8 0
340 269 106 294 0 -8 0
340 261 103 291 0 -8 0
340 253 100 288 -8 -8 0
332 245 97 285 0 8 0
332 253 94 282 0 0 0
332 253 91 279 -8 0 0
324 253 88 276 0 8 0
324 261 85 273 -8 0 0
316 261 82 270 0 0 0
316 261 79 267 0 -8 0
316 253 76 264 -8 8 0
308 261 73 261 0 8 0
308 269 70 258 0 -8 0
308 261 67 255 -8 0 0
300 261 64 252 0 -8 0
300 253 61 249 -8 -8 0
292 245 58 246 0 0 0
292 245 55 243 0 0 0
292 245 52 240 -8 -8 0
284 237 49 237 0 -8 0
284 229 46 234 0 0 0
284 229 43 231 -8 0 0
276 229 40 228 0 0 0
276 229 37 225 -8 8 0
268 237 34 222 0 0 0
268 237 31 219 0 -8 0
268 229 28 216 -8 0 0
260 229 25 213 0 8 0
260 237 22 210 0 -8 0
260 229 19 207 0 0 1
260 229 19 207 0 0 1
260 229 19 207 0 0 1
260 229 19 207 0 0 1
260 229 19 207 0 0 1
