369 130 295 423 0 0 0
369 130 292 420 8 -8 0
377 122 289 417 0 -8 0
377 114 286 414 0 8 0
377 122 283 411 0 -8 0
377 114 280 408 0 0 0
377 114 277 405 0 0 0
377 114 274 402 0 -8 0
377 106 271 399 0 -8 0
377 98 268 396 0 8 0
377 106 265 393 0 0 0
377 106 262 390 0 8 0
377 114 259 387 0 8 0
377 122 256 384 0 0 0
377 122 253 381 0 -8 0
377 114 250 378 0 8 0
377 122 247 375 0 0 0
377 122 244 372 0 8 0
377 130 241 369 0 -8 0
377 122 238 366 0 0 0
377 122 235 363 0 0 0
377 122 232 360 0 0 0
377 122 229 357 0 -8 0
377 114 226 354 0 0 0
377 114 223 351 0 0 0
377 114 220 348 0 0 0
377 114 217 345 0 -8 0
377 106 214 342 0 -8 0
377 98 211 339 0 -8 0
377 90 208 336 0 -8 0
377 82 205 333 0 8 0
377 90 202 330 0 -8 0
377 82 199 327 0 8 0
377 90 196 324 -8 0 0
369 90 193 321 0 -8 0
369 82 190 318 -8 0 0
361 82 187 315 0 8 0
361 90 184 312 0 8 0
361 98 181 309 -8 8 0
353 106 178 306 0 0 0
353 106 175 303 0 8 0
353 114 172 300 -8 -8 0
345 106 169 297 0 0 0
345 106 166 294 -8 8 0
337 114 163 291 0 0 0
337 114 160 288 0 -8 0
337 106 157 285 -8 -8 0
329 98 154 282 0 0 0
329 98 151 279 0 8 0
329 106 148 276 -8 8 0
321 114 145 273 0 8 0
321 122 142 270 -8 0 0
313 122 139 267 0 -8 0
313 114 136 264 0 -8 0
313 106 133 261 -8 8 0
305 114 130 258 0 8 0
305 122 127 255 0 8 0
305 130 124 252 -8 -8 0
297 122 121 249 0 0 0
297 122 118 246 -8 0 0
289 122 115 243 0 8 0
289 130 112 240 0 8 0
289 138 109 237 -8 8 0
281 146 106 234 0 0 0
281 146 103 231 0 8 0
281 154 100 228 -8 8 0
273 162 97 225 0 -8 0
273 154 94 222 -8 0 0
265 154 91 219 0 -8 0
265 146 88 216 0 -8 0
265 138 85 213 -8 -8 0
257 130 82 210 0 -8 0
257 122 79 207 0 8 0
257 130 76 204 -8 0 0
249 130 73 201 0 0 0
249 130 70 198 -8 8 0
241 138 67 195 0 -8 0
241 130 64 192 0 -8 0
241 122 61 189 -8 0 0
233 122 58 186 0 -8 0
233 114 55 183 0 8 0
233 122 52 180 -8 0 0
225 122 49 177 0 -8 0
225 114 46 174 -8 -8 0
217 106 43 171 0 0 0
217 106 40 168 0 8 0
217 114 37 165 -8 0 0
209 114 34 162 0 0 0
209 114 31 159 0 0 0
209 114 28 156 -8 0 0
201 114 25 153 0 8 0
201 122 22 150 -8 8 0
193 130 19 147 0 0 0
193 130 22 144 0 -8 0
193 122 25 141 -8 0 0
185 122 28 138 0 0 0
185 122 31 135 0 0 0
185 122 34 132 -8 0 0
177 122 37 129 0 8 0
177 130 40 126 -8 -8 0
169 122 43 123 0 -8 0
169 114 46 120 0 0 0
169 114 49 117 -8 0 0
161 114 52 114 0 0 0
161 114 55 111 0 0 0
161 114 58 108 -8 8 0
153 122 61 105 0 8 0
153 130 64 102 -8 0 0
145 130 67 99 0 8 0
145 138 70 96 0 0 0
145 138 73 93 -8 -8 0
137 130 76 90 0 8 0
137 138 79 87 0 -8 0
137 130 82 84 -8 0 0
129 130 85 81 0 8 0
129 138 88 78 -8 -8 0
121 130 91 75 0 -8 0
121 122 94 72 0 8 0
121 130 97 69 -8 -8 0
113 122 100 66 0 -8 0
113 114 103 63 0 8 0
113 122 106 60 -8 0 0
105 122 109 57 0 0 0
105 122 112 54 -8 -8 0
97 114 115 51 0 -8 0
97 106 118 48 0 -8 0
97 98 121 45 -8 8 0
89 106 124 42 0 0 0
89 106 127 39 0 -8 0
89 98 130 36 -8 0 0
81 98 133 33 0 8 0
81 106 136 30 -8 8 0
73 114 139 27 0 0 0
73 114 142 24 0 -8 0
73 106 145 21 -8 0 0
65 106 148 18 0 8 0
65 114 151 15 0 0 0
65 114 154 12 -8 0 0
60 114 157 9 -8 -8 0
60 106 160 12 0 -8 0
60 98 163 15 0 -8 0
60 90 166 18 0 -8 0
60 82 169 21 0 8 0
60 90 172 24 0 0 0
60 90 175 27 0 8 0
60 98 178 30 0 -8 0
60 90 181 33 0 0 0
60 90 184 36 0 8 0
60 98 187 39 0 8 0
60 106 190 42 0 -8 0
60 98 193 45 0 -8 0
60 90 196 48 0 8 0
60 98 199 51 0 -8 0
60 90 202 54 0 0 0
60 90 205 57 0 8 0
60 98 208 60 0 0 0
60 98 211 63 0 -8 0
60 90 214 66 0 -8 0
60 82 217 69 0 8 0
60 90 220 72 0 0 0
60 90 223 75 0 0 0
60 90 226 78 0 0 0
60 90 229 81 0 -8 0
60 82 232 84 0 8 0
60 90 235 87 0 8 0
60 98 238 90 0 8 0
60 106 241 93 0 8 0
60 114 244 96 0 -8 0
60 106 247 99 0 8 0
60 114 250 102 0 -8 0
60 106 253 105 0 8 0
60 114 256 108 0 8 0
60 122 259 111 8 -8 0
68 114 262 114 0 0 0
68 114 265 117 0 -8 0
68 106 268 120 8 0 0
76 106 271 123 0 -8 0
76 98 274 126 0 -8 0
76 90 277 129 8 0 0
84 90 280 132 0 -8 0
84 82 283 135 8 0 0
92 82 286 138 0 0 0
92 82 289 141 0 -8 0
92 74 292 144 8 -8 0
100 66 295 147 0 8 0
100 74 298 150 0 8 0
100 82 301 153 8 0 0
108 82 304 156 0 0 0
108 82 307 159 8 -8 0
116 74 310 162 0 8 0
116 82 313 165 0 -8 0
116 74 316 168 8 -8 0
124 66 319 171 0 0 0
124 66 322 174 0 0 0
124 66 325 177 8 -8 0
132 60 328 180 0 0 0
132 60 331 183 8 0 0
140 60 334 186 0 0 0
140 60 337 189 0 -8 0
140 60 340 192 8 8 0
148 68 343 195 0 8 0
148 76 346 198 0 0 0
148 76 349 201 8 -8 0
156 68 352 204 0 -8 0
156 60 355 207 8 8 0
164 68 358 210 0 8 0
164 76 361 213 0 -8 0
164 68 364 216 8 0 0
172 68 367 219 0 -8 0
172 60 370 222 0 8 0
172 68 373 225 8 8 0
180 76 376 228 0 8 0
180 84 379 231 8 -8 0
188 76 382 234 0 0 0
188 76 385 237 0 8 0
188 84 388 240 8 8 0
196 92 391 243 0 0 0
196 92 394 246 0 0 0
196 92 397 249 8 -8 0
204 84 400 252 0 0 0
204 84 403 255 8 0 0
212 84 406 258 0 0 0
212 84 409 261 0 -8 0
212 76 412 264 8 8 0
220 84 415 267 0 8 0
220 92 418 270 0 -8 0
220 84 421 273 8 0 0
228 84 424 276 0 0 0
228 84 427 279 8 8 0
236 92 430 282 0 8 0
236 100 433 285 0 -8 0
236 92 436 288 8 8 0
244 100 439 291 0 0 0
244 100 442 294 0 0 0
244 100 445 297 8 0 0
252 100 448 300 0 8 0
252 108 451 303 8 8 0
260 116 454 306 0 0 0
260 116 457 309 0 -8 0
260 108 460 312 8 0 0
268 108 463 315 0 8 0
268 116 466 318 0 0 0
268 116 469 321 8 8 0
276 124 472 324 0 0 0
276 124 475 327 8 -8 0
284 116 478 330 0 8 0
284 124 481 333 0 0 0
284 124 484 336 8 -8 0
292 116 487 339 0 -8 0
292 108 490 342 0 8 0
292 116 493 345 8 8 0
300 124 496 348 0 8 0
300 132 499 351 8 -8 0
308 124 502 354 0 0 0
308 124 505 357 0 0 0
308 124 508 360 8 8 0
316 132 511 363 0 -8 0
316 124 514 366 0 8 0
316 132 517 369 8 -8 0
324 124 520 372 0 8 0
324 132 523 375 8 -8 0
332 124 526 378 0 0 0
332 124 529 381 0 0 0
332 124 532 384 8 0 0
340 124 535 387 0 0 0
340 124 538 390 0 0 0
340 124 541 393 8 0 0
348 124 544 396 0 0 0
348 124 547 399 8 -8 0
356 116 550 402 0 0 0
356 116 553 405 0 8 0
356 124 556 408 8 0 0
364 124 559 411 0 0 0
364 124 562 414 0 0 0
364 124 565 417 8 0 0
372 124 568 420 0 8 0
372 132 571 423 8 -8 0
380 124 574 426 0 8 0
380 132 577 429 0 8 0
380 140 580 432 8 8 0
388 148 583 435 0 0 0
388 148 586 438 0 0 0
388 148 589 441 8 8 0
396 156 592 444 0 8 0
396 164 595 447 8 0 0
404 164 598 450 0 8 0
404 172 601 453 0 -8 0
404 164 604 456 8 0 0
412 164 607 459 0 0 0
412 164 610 462 0 -8 0
412 156 613 465 8 0 0
420 156 616 468 0 0 0
420 156 619 471 8 0 0
428 156 622 474 0 -8 0
428 148 625 477 0 0 0
428 148 628 480 8 8 0
436 156 631 483 0 0 0
436 156 634 486 0 0 0
436 156 637 489 8 -8 0
444 148 640 492 0 8 0
444 156 643 495 8 0 0
452 156 646 498 0 8 0
452 164 649 501 0 8 0
452 172 652 504 8 -8 0
460 164 655 507 0 8 0
460 172 658 510 0 -8 0
460 164 661 513 8 -8 0
468 156 664 516 0 -8 0
468 148 667 519 8 0 0
476 148 670 522 0 0 0
476 148 673 525 0 -8 0
476 140 676 528 8 8 0
484 148 679 531 0 -8 0
484 140 682 534 0 8 0
484 148 685 537 8 -8 0
492 140 688 540 0 0 0
492 140 691 543 8 8 0
500 148 694 546 0 -8 0
500 140 697 549 0 0 0
500 140 700 552 8 0 0
508 140 703 555 0 8 0
508 148 706 558 0 0 0
508 148 709 561 8 8 0
516 156 712 564 0 0 0
516 156 715 567 8 0 0
524 156 718 570 0 0 0
524 156 721 573 0 0 0
524 156 724 576 8 -8 0
532 148 727 579 0 -8 0
532 140 730 582 0 0 0
532 140 733 585 8 0 0
540 140 736 588 0 0 0
540 140 739 591 8 8 0
540 148 742 588 0 0 0
540 148 745 585 0 0 0
540 148 748 582 0 8 0
540 156 751 579 0 8 0
540 164 754 576 0 -8 0
540 156 757 573 0 8 0
540 164 760 570 0 -8 0
540 156 763 567 0 -8 0
540 148 766 564 0 0 0
540 148 769 561 0 -8 0
540 140 772 558 0 -8 0
540 132 775 555 0 8 0
540 140 778 552 0 0 0
540 140 781 549 0 0 1
540 140 781 549 0 0 1
540 140 781 549 0 0 1
540 140 781 549 0 0 1
540 140 781 549 0 0 1
