270 401 274 138 0 0 0
270 401 277 135 -8 0 0
262 401 280 132 -8 -8 0
254 393 283 129 -8 8 0
246 401 286 126 -8 -8 0
238 393 289 123 -8 0 0
230 393 292 120 -8 8 0
222 401 295 117 -8 8 0
214 409 298 114 -8 0 0
206 409 301 111 -8 -8 0
198 401 304 108 -8 -8 0
190 393 307 105 -8 8 0
182 401 310 102 -8 -8 0
174 393 313 99 -8 -8 0
166 385 316 96 -8 -8 0
158 377 319 93 -8 -8 0
150 369 322 90 -8 0 0
142 369 325 87 -8 -8 0
134 361 328 84 0 -8 0
134 353 331 81 -8 0 0
126 353 334 78 0 8 0
126 361 337 75 -8 8 0
118 369 340 72 0 8 0
118 377 343 69 0 -8 0
118 369 346 66 -8 0 0
110 369 349 63 0 -8 0
110 361 352 60 0 -8 0
110 353 355 57 -8 0 0
102 353 358 54 0 0 0
102 353 361 51 -8 8 0
94 361 364 48 0 0 0
94 361 367 45 0 -8 0
94 353 370 42 -8 -8 0
86 345 373 39 0 -8 0
86 337 376 36 0 -8 0
86 329 379 33 -8 -8 0
78 321 382 30 0 -8 0
78 313 385 27 -8 0 0
70 313 388 24 0 -8 0
70 305 391 21 0 0 0
70 305 394 18 -8 0 0
62 305 397 15 0 0 0
62 305 400 12 0 0 0
62 305 403 9 -8 -8 0
60 297 406 12 0 0 0
60 297 409 15 0 -8 0
60 289 412 18 0 8 0
60 297 415 21 0 0 0
60 297 418 24 0 0 0
60 297 421 27 0 8 0
60 305 424 30 0 -8 0
60 297 427 33 0 0 0
60 297 430 36 0 -8 0
60 289 433 39 0 8 0
60 297 436 42 0 -8 0
60 289 439 45 0 8 0
60 297 442 48 0 8 0
60 305 445 51 0 0 0
60 305 448 54 0 -8 0
60 297 451 57 0 -8 0
60 289 454 60 0 0 0
60 289 457 63 0 -8 0
60 281 460 66 0 0 0
60 281 463 69 0 -8 0
60 273 466 72 0 -8 0
60 265 469 75 0 0 0
60 265 472 78 0 -8 0
60 257 475 81 0 8 0
60 265 478 84 0 0 0
60 265 481 87 0 0 0
60 265 484 90 0 0 0
60 265 487 93 0 -8 0
60 257 490 96 0 8 0
60 265 493 99 0 -8 0
60 257 496 102 0 8 0
60 265 499 105 0 -8 0
60 257 502 108 0 -8 0
60 249 505 111 8 -8 0
68 241 508 114 0 0 0
68 241 511 117 0 -8 0
68 233 514 120 8 8 0
76 241 517 123 0 0 0
76 241 520 126 0 8 0
76 249 523 129 8 -8 0
84 241 526 132 0 8 0
84 249 529 135 8 8 0
92 257 532 138 0 0 0
92 257 535 141 0 -8 0
92 249 538 144 8 8 0
100 257 541 147 0 -8 0
100 249 544 150 0 0 0
100 249 547 153 8 -8 0
108 241 550 156 0 8 0
108 249 553 159 8 8 0
116 257 556 162 0 8 0
116 265 559 165 0 -8 0
116 257 562 168 8 -8 0
124 249 565 171 0 8 0
124 257 568 174 0 0 0
124 257 571 177 8 8 0
132 265 574 180 0 0 0
132 265 577 183 8 -8 0
140 257 580 186 0 0 0
140 257 583 189 0 -8 0
140 249 586 192 8 0 0
148 249 589 195 0 -8 0
148 241 592 198 0 -8 0
148 233 595 201 8 0 0
156 233 598 204 0 0 0
156 233 601 207 8 0 0
164 233 604 210 0 8 0
164 241 607 213 0 8 0
164 249 610 216 8 0 0
172 249 613 219 0 8 0
172 257 616 222 0 0 0
172 257 619 225 8 -8 0
180 249 622 228 0 -8 0
180 241 625 231 8 0 0
188 241 628 234 0 0 0
188 241 631 237 0 8 0
188 249 634 240 8 -8 0
196 241 637 243 0 -8 0
196 233 640 246 0 -8 0
196 225 643 249 8 8 0
204 233 646 252 0 8 0
204 241 649 255 8 -8 0
212 233 652 258 0 8 0
212 241 655 261 0 0 0
212 241 658 264 8 0 0
220 241 661 267 0 8 0
220 249 664 270 0 -8 0
220 241 667 273 8 8 0
228 249 670 276 0 -8 0
228 241 673 279 8 0 0
236 241 676 282 0 0 0
236 241 679 285 0 -8 0
236 233 682 288 8 0 0
244 233 685 291 0 -8 0
244 225 688 294 0 -8 0
244 217 691 297 8 8 0
252 225 694 300 0 0 0
252 225 697 303 8 0 0
260 225 700 306 0 0 0
260 225 703 309 0 -8 0
260 217 706 312 8 -8 0
268 209 709 315 0 -8 0
268 201 712 318 0 8 0
268 209 715 321 8 0 0
276 209 718 324 0 -8 0
276 201 721 327 8 8 0
284 209 724 330 0 -8 0
284 201 727 333 0 8 0
284 209 730 336 8 0 0
292 209 733 339 0 0 0
292 209 736 342 0 8 0
292 217 739 345 8 0 0
300 217 742 348 0 0 0
300 217 745 351 8 0 0
308 217 748 354 0 0 0
308 217 751 357 0 8 0
308 225 754 360 8 -8 0
316 217 757 363 0 -8 0
316 209 760 366 0 -8 0
316 201 763 369 8 0 0
324 201 766 372 0 0 0
324 201 769 375 8 -8 0
332 193 772 378 0 -8 0
332 185 775 381 0 -8 0
332 177 778 384 8 8 0
340 185 781 387 0 0 1
340 185 781 387 0 0 1
340 185 781 387 0 0 1
340 185 781 387 0 0 1
340 185 781 387 0 0 1
