157 394 565 231 0 0 0
157 394 568 234 8 0 0
165 394 571 237 8 -8 0
173 386 574 240 8 8 0
181 394 577 243 8 -8 0
189 386 580 246 8 8 0
197 394 583 249 8 0 0
205 394 586 252 0 -8 0
205 386 589 255 0 -8 0
205 378 592 258 8 8 0
213 386 595 261 0 8 0
213 394 598 264 8 0 0
221 394 601 267 0 -8 0
221 386 604 270 0 0 0
221 386 607 273 8 0 0
229 386 610 276 0 8 0
229 394 613 279 0 8 0
229 402 616 282 8 -8 0
237 394 619 285 0 8 0
237 402 622 288 8 0 0
245 402 625 291 0 8 0
245 410 628 294 0 8 0
245 418 631 297 8 -8 0
253 410 634 300 0 8 0
253 418 637 303 0 8 0
253 426 640 306 8 -8 0
261 418 643 309 0 -8 0
261 410 646 312 8 8 0
269 418 649 315 0 8 0
269 426 652 318 0 0 0
269 426 655 321 8 -8 0
277 418 658 324 0 8 0
277 426 661 327 0 0 0
277 426 664 330 8 0 0
285 426 667 333 0 -8 0
285 418 670 336 8 -8 0
293 410 673 339 0 8 0
293 418 676 342 0 8 0
293 426 679 345 8 -8 0
301 418 682 348 0 8 0
301 426 685 351 0 0 0
301 426 688 354 8 0 0
309 426 691 357 0 0 0
309 426 694 360 8 -8 0
317 418 697 363 0 -8 0
317 410 700 366 0 8 0
317 418 703 369 8 -8 0
325 410 706 372 0 8 0
325 418 709 375 0 8 0
325 426 712 378 8 -8 0
333 418 715 381 0 0 0
333 418 718 384 8 -8 0
341 410 721 387 0 8 0
341 418 724 390 0 8 0
341 426 727 393 8 -8 0
349 418 730 396 0 8 0
349 426 733 399 0 0 0
349 426 736 402 8 8 0
357 434 739 405 0 8 0
357 442 742 408 8 0 0
365 442 745 411 0 -8 0
365 434 748 414 0 0 0
365 434 751 417 8 -8 0
373 426 754 420 0 0 0
373 426 757 423 0 0 0
373 426 760 426 8 8 0
381 434 763 429 0 8 0
381 442 766 432 8 0 0
389 442 769 435 0 0 0
389 442 772 438 0 -8 0
389 434 775 441 8 -8 0
397 426 778 444 0 8 0
397 434 781 447 0 -8 0
397 426 778 450 8 -8 0
405 418 775 453 0 8 0
405 426 772 456 8 -8 0
413 418 769 459 0 0 0
413 418 766 462 0 8 0
413 426 763 465 8 8 0
421 434 760 468 0 0 0
421 434 757 471 0 0 0
421 434 754 474 8 0 0
429 434 751 477 0 0 0
429 434 748 480 8 -8 0
437 426 745 483 0 0 0
437 426 742 486 0 -8 0
437 418 739 489 8 0 0
445 418 736 492 0 0 0
445 418 733 495 0 -8 0
445 410 730 498 8 0 0
453 410 727 501 0 0 0
453 410 724 504 8 -8 0
461 402 721 507 0 -8 0
461 394 718 510 0 -8 0
461 386 715 513 8 -8 0
469 378 712 516 0 8 0
469 386 709 519 0 -8 0
469 378 706 522 8 -8 0
477 370 703 525 0 0 0
477 370 700 528 8 -8 0
485 362 697 531 0 8 0
485 370 694 534 0 0 0
485 370 691 537 8 0 0
493 370 688 540 0 8 0
493 378 685 543 0 -8 0
493 370 682 546 8 8 0
501 378 679 549 0 8 0
501 386 676 552 8 -8 0
509 378 673 555 0 -8 0
509 370 670 558 0 -8 0
509 362 667 561 8 8 0
517 370 664 564 0 8 0
517 378 661 567 0 0 0
517 378 658 570 8 0 0
525 378 655 573 0 0 0
525 378 652 576 8 -8 0
533 370 649 579 0 8 0
533 378 646 582 0 8 0
533 386 643 585 8 0 0
540 386 640 588 0 -8 0
540 378 637 591 8 -8 0
540 370 634 588 0 8 0
540 378 631 585 0 -8 0
540 370 628 582 0 -8 0
540 362 625 579 0 -8 0
540 354 622 576 0 -8 0
540 346 619 573 0 8 0
540 354 616 570 0 8 0
540 362 613 567 0 8 0
540 370 610 564 0 0 0
540 370 607 561 0 -8 0
540 362 604 558 0 0 0
540 362 601 555 0 8 0
540 370 598 552 0 0 0
540 370 595 549 0 0 0
540 370 592 546 0 0 0
540 370 589 543 0 0 0
540 370 586 540 0 -8 0
540 362 583 537 0 -8 0
540 354 580 534 0 0 0
540 354 577 531 0 8 0
540 362 574 528 0 0 0
540 362 571 525 0 0 0
540 362 568 522 0 8 0
540 370 565 519 0 0 0
540 370 562 516 0 -8 0
540 362 559 513 0 -8 0
540 354 556 510 0 -8 0
540 346 553 507 0 8 0
540 354 550 504 0 0 0
540 354 547 501 0 0 0
540 354 544 498 0 0 0
540 354 541 495 0 -8 0
540 346 538 492 0 -8 0
540 338 535 489 -8 -8 0
532 330 532 486 0 8 0
532 338 529 483 0 0 0
532 338 526 480 -8 8 0
524 346 523 477 0 8 0
524 354 520 474 0 -8 0
524 346 517 471 -8 8 0
516 354 514 468 0 8 0
516 362 511 465 -8 -8 0
508 354 508 462 0 0 0
508 354 505 459 0 0 0
508 354 502 456 -8 8 0
500 362 499 453 0 -8 0
500 354 496 450 0 -8 0
500 346 493 447 -8 8 0
492 354 490 444 0 8 0
492 362 487 441 -8 -8 0
484 354 484 438 0 0 0
484 354 481 435 0 8 0
484 362 478 432 -8 8 0
476 370 475 429 0 8 0
476 378 472 426 0 -8 0
476 370 469 423 -8 0 0
468 370 466 420 0 8 0
468 378 463 417 -8 -8 0
460 370 460 414 0 -8 0
460 362 457 411 0 0 0
460 362 454 408 -8 8 0
452 370 451 405 0 8 0
452 378 448 402 0 0 0
452 378 445 399 -8 -8 0
444 370 442 396 0 8 0
444 378 439 393 -8 0 0
436 378 436 390 0 8 0
436 386 433 387 0 0 0
436 386 430 384 -8 -8 0
428 378 427 381 0 -8 0
428 370 424 378 0 0 0
428 370 421 375 -8 0 0
420 370 418 372 0 8 0
420 378 415 369 -8 0 0
412 378 412 366 0 8 0
412 386 409 363 0 8 0
412 394 406 360 -8 0 0
404 394 403 357 0 -8 0
404 386 400 354 0 8 0
404 394 397 351 -8 0 0
396 394 394 348 0 0 0
396 394 391 345 -8 -8 0
388 386 388 342 0 0 0
388 386 385 339 0 0 0
388 386 382 336 -8 8 0
380 394 379 333 0 -8 0
380 386 376 330 0 8 0
380 394 373 327 -8 0 0
372 394 370 324 0 0 0
372 394 367 321 -8 0 0
364 394 364 318 0 8 0
364 402 361 315 0 8 0
364 410 358 312 -8 0 0
356 410 355 309 0 -8 0
356 402 352 306 0 0 0
356 402 349 303 -8 -8 0
348 394 346 300 0 8 0
348 402 343 297 -8 8 0
340 410 340 294 0 8 0
340 418 337 291 0 -8 0
340 410 334 288 -8 8 0
332 418 331 285 0 -8 0
332 410 328 282 0 -8 0
332 402 325 279 -8 -8 0
324 394 322 276 0 0 0
324 394 319 273 -8 8 0
316 402 316 270 0 0 0
316 402 313 267 0 8 0
316 410 310 264 -8 0 0
308 410 307 261 0 0 0
308 410 304 258 0 8 0
308 418 301 255 -8 0 0
300 418 298 252 0 -8 0
300 410 295 249 -8 0 0
292 410 292 246 0 8 0
292 418 289 243 0 8 0
292 426 286 240 -8 -8 0
284 418 283 237 0 8 0
284 426 280 234 0 -8 0
284 418 277 231 -8 -8 0
276 410 274 228 0 8 0
276 418 271 225 -8 8 0
268 426 268 222 0 -8 0
268 418 265 219 0 0 0
268 418 262 216 -8 -8 0
260 410 259 213 0 -8 0
260 402 256 210 0 -8 0
260 394 253 207 -8 -8 0
252 386 250 204 0 8 0
252 394 247 201 -8 0 0
244 394 244 198 0 0 0
244 394 241 195 0 0 0
244 394 238 192 -8 0 0
236 394 235 189 0 8 0
236 402 232 186 0 8 0
236 410 229 183 -8 8 0
228 418 226 180 0 -8 0
228 410 223 177 -8 0 0
220 410 220 174 0 8 0
220 418 217 171 0 8 0
220 426 214 168 -8 -8 0
212 418 211 165 0 8 0
212 426 208 162 0 -8 0
212 418 205 159 -8 0 0
204 418 202 156 0 0 0
204 418 199 153 -8 8 0
196 426 196 150 0 8 0
196 434 193 147 0 -8 0
196 426 190 144 -8 -8 0
188 418 187 141 0 8 0
188 426 184 138 0 -8 0
188 418 181 135 -8 8 0
180 426 178 132 0 0 0
180 426 175 129 -8 0 0
172 426 172 126 0 0 0
172 426 169 123 0 8 0
172 434 166 120 -8 -8 0
164 426 163 117 0 8 0
164 434 160 114 0 -8 0
164 426 157 111 -8 -8 0
156 418 154 108 0 0 0
156 418 151 105 -8 0 0
148 418 148 102 0 8 0
148 426 145 99 0 -8 0
148 418 142 96 -8 0 0
140 418 139 93 0 0 0
140 418 136 90 0 0 0
140 418 133 87 -8 -8 0
132 410 130 84 0 8 0
132 418 127 81 -8 8 0
124 426 124 78 0 -8 0
124 418 121 75 0 -8 0
124 410 118 72 -8 8 0
116 418 115 69 0 0 0
116 418 112 66 0 0 0
116 418 109 63 -8 0 0
108 418 106 60 0 -8 0
108 410 103 57 -8 0 0
100 410 100 54 0 0 0
100 410 97 51 0 0 0
100 410 94 48 -8 -8 0
92 402 91 45 0 0 0
92 402 88 42 0 0 0
92 402 85 39 -8 0 0
84 402 82 36 0 8 0
84 410 79 33 -8 0 0
76 410 76 30 0 8 0
76 418 73 27 0 -8 0
76 410 70 24 -8 0 0
68 410 67 21 0 0 0
68 410 64 18 0 -8 0
68 402 61 15 -8 0 0
60 402 58 12 0 0 0
60 402 55 9 -8 8 0
60 410 52 12 0 -8 0
60 402 49 15 0 -8 0
60 394 46 18 0 -8 0
60 386 43 21 0 0 0
60 386 40 24 0 8 0
60 394 37 27 0 -8 0
60 386 34 30 0 8 0
60 394 31 33 0 8 0
60 402 28 36 0 0 0
60 402 25 39 0 -8 0
60 394 22 42 0 8 0
60 402 19 45 0 8 0
60 410 22 48 0 -8 0
60 402 25 51 0 -8 0
60 394 28 54 0 0 0
60 394 31 57 0 0 0
60 394 34 60 0 -8 0
60 386 37 63 0 8 0
60 394 40 66 0 0 0
60 394 43 69 0 -8 0
60 386 46 72 0 -8 0
60 378 49 75 0 -8 0
60 370 52 78 0 8 0
60 378 55 81 0 -8 0
60 370 58 84 0 0 0
60 370 61 87 0 0 0
60 370 64 90 0 8 0
60 378 67 93 0 8 0
60 386 70 96 0 8 0
60 394 73 99 0 8 0
60 402 76 102 0 0 0
60 402 79 105 0 0 0
60 402 82 108 0 -8 0
60 394 85 111 8 -8 0
68 386 88 114 0 8 0
68 394 91 117 0 0 0
68 394 94 120 8 -8 0
76 386 97 123 0 -8 0
76 378 100 126 0 -8 0
76 370 103 129 8 -8 0
84 362 106 132 0 -8 0
84 354 109 135 8 8 0
92 362 112 138 0 8 0
92 370 115 141 0 8 0
92 378 118 144 8 8 0
100 386 121 147 0 -8 0
100 378 124 150 0 8 0
100 386 127 153 8 0 0
108 386 130 156 0 -8 0
108 378 133 159 8 8 0
116 386 136 162 0 0 0
116 386 139 165 0 -8 0
116 378 142 168 8 -8 0
124 370 145 171 0 -8 0
124 362 148 174 0 -8 0
124 354 151 177 8 8 0
132 362 154 180 0 -8 0
132 354 157 183 8 0 0
140 354 160 186 0 8 0
140 362 163 189 0 8 0
140 370 166 192 8 -8 0
148 362 169 195 0 8 0
148 370 172 198 0 0 0
148 370 175 201 8 8 0
156 378 178 204 0 -8 0
156 370 181 207 8 -8 0
164 362 184 210 0 8 0
164 370 187 213 0 -8 0
164 362 190 216 8 -8 0
172 354 193 219 0 8 0
172 362 196 222 0 8 0
172 370 199 225 8 -8 0
180 362 202 228 0 -8 0
180 354 205 231 8 0 0
188 354 208 234 0 0 0
188 354 211 237 0 -8 0
188 346 214 240 8 8 0
196 354 217 243 0 8 0
196 362 220 246 0 8 0
196 370 223 249 8 8 0
204 378 226 252 0 8 0
204 386 229 255 8 0 0
212 386 232 258 0 0 0
212 386 235 261 0 8 0
212 394 238 264 8 8 0
220 402 241 267 0 0 0
220 402 244 270 0 8 0
220 410 247 273 8 8 0
228 418 250 276 0 -8 0
228 410 253 279 8 8 0
236 418 256 282 0 0 0
236 418 259 285 0 8 0
236 426 262 288 8 0 0
244 426 265 291 0 0 0
244 426 268 294 0 0 0
244 426 271 297 8 -8 0
252 418 274 300 0 -8 0
252 410 277 303 8 -8 0
260 402 280 306 0 0 0
260 402 283 309 0 -8 0
260 394 286 312 8 8 0
268 402 289 315 0 0 0
268 402 292 318 0 8 0
268 410 295 321 8 -8 0
276 402 298 324 0 -8 0
276 394 301 327 8 8 0
284 402 304 330 0 8 0
284 410 307 333 0 0 0
284 410 310 336 8 -8 0
292 402 313 339 0 8 0
292 410 316 342 0 8 0
292 418 319 345 8 -8 0
300 410 322 348 0 -8 0
300 402 325 351 8 0 0
308 402 328 354 0 0 0
308 402 331 357 0 -8 0
308 394 334 360 8 -8 0
316 386 337 363 0 8 0
316 394 340 366 0 0 0
316 394 343 369 8 0 0
324 394 346 372 0 0 0
324 394 349 375 8 -8 0
332 386 352 378 0 8 0
332 394 355 381 0 0 0
332 394 358 384 8 -8 0
340 386 361 387 0 -8 0
340 378 364 390 0 0 0
340 378 367 393 8 8 0
348 386 370 396 0 8 0
348 394 373 399 8 8 0
356 402 376 402 0 0 0
356 402 379 405 0 0 0
356 402 382 408 8 -8 0
364 394 385 411 0 8 0
364 402 388 414 0 8 0
364 410 391 417 8 0 0
372 410 394 420 0 0 0
372 410 397 423 8 0 0
380 410 400 426 0 -8 0
380 402 403 429 0 -8 0
380 394 406 432 8 -8 0
388 386 409 435 0 -8 0
388 378 412 438 0 8 0
388 386 415 441 8 0 0
396 386 418 444 0 -8 0
396 378 421 447 8 0 0
404 378 424 450 0 8 0
404 386 427 453 0 -8 0
404 378 430 456 8 -8 0
412 370 433 459 0 8 0
412 378 436 462 0 -8 0
412 370 439 465 8 8 0
420 378 442 468 0 -8 0
420 370 445 471 8 -8 0
428 362 448 474 0 0 0
428 362 451 477 0 0 0
428 362 454 480 8 0 0
436 362 457 483 0 0 0
436 362 460 486 0 8 0
436 370 463 489 8 8 0
444 378 466 492 0 8 0
444 386 469 495 8 -8 0
452 378 472 498 0 -8 0
452 370 475 501 0 -8 0
452 362 478 504 8 0 0
460 362 481 507 0 -8 0
460 354 484 510 0 0 0
460 354 487 513 8 0 0
468 354 490 516 0 0 0
468 354 493 519 8 -8 0
476 346 496 522 0 0 0
476 346 499 525 0 8 0
476 354 502 528 8 0 0
484 354 505 531 0 8 0
484 362 508 534 0 8 0
484 370 511 537 8 0 0
492 370 514 540 0 0 0
492 370 517 543 8 0 0
500 370 520 546 0 -8 0
500 362 523 549 0 -8 0
500 354 526 552 8 8 0
508 362 529 555 0 8 0
508 370 532 558 0 0 0
508 370 535 561 8 0 0
516 370 538 564 0 0 0
516 370 541 567 8 -8 0
524 362 544 570 0 -8 0
524 354 547 573 0 -8 0
524 346 550 576 8 0 0
532 346 553 579 0 8 0
532 354 556 582 0 8 0
532 362 559 585 8 8 0
540 370 562 588 0 8 0
540 378 565 591 8 -8 0
540 370 568 588 0 0 0
540 370 571 585 0 0 0
540 370 574 582 0 8 0
540 378 577 579 0 -8 0
540 370 580 576 0 0 0
540 370 583 573 0 -8 0
540 362 586 570 0 0 0
540 362 589 567 0 0 0
540 362 592 564 0 8 0
540 370 595 561 0 0 0
540 370 598 558 0 -8 0
540 362 601 555 0 8 0
540 370 604 552 0 -8 0
540 362 607 549 0 -8 0
540 354 610 546 0 -8 0
540 346 613 543 0 0 0
540 346 616 540 0 0 0
540 346 619 537 0 -8 0
540 338 622 534 0 0 0
540 338 625 531 0 -8 0
540 330 628 528 0 0 0
540 330 631 525 0 -8 0
540 322 634 522 0 0 0
540 322 637 519 0 0 0
540 322 640 516 0 0 0
540 322 643 513 0 0 0
540 322 646 510 0 0 0
540 322 649 507 0 8 0
540 330 652 504 0 8 0
540 338 655 501 0 0 0
540 338 658 498 0 8 0
540 346 661 495 0 -8 0
540 338 664 492 0 0 0
540 338 667 489 -8 -8 0
532 330 670 486 0 8 0
532 338 673 483 0 8 0
532 346 676 480 -8 -8 0
524 338 679 477 0 -8 0
524 330 682 474 0 0 0
524 330 685 471 -8 -8 0
516 322 688 468 0 -8 0
516 314 691 465 -8 0 0
508 314 694 462 0 8 0
508 322 697 459 0 -8 0
508 314 700 456 -8 8 0
500 322 703 453 0 0 0
500 322 706 450 0 0 0
500 322 709 447 -8 0 0
492 322 712 444 0 8 0
492 330 715 441 -8 -8 0
484 322 718 438 0 -8 0
484 314 721 435 0 -8 0
484 306 724 432 -8 -8 0
476 298 727 429 0 8 0
476 306 730 426 0 8 0
476 314 733 423 -8 0 0
468 314 736 420 0 8 0
468 322 739 417 -8 0 0
460 322 742 414 0 -8 0
460 314 745 411 0 0 0
460 314 748 408 -8 -8 0
452 306 751 405 0 -8 0
452 298 754 402 0 -8 0
452 290 757 399 -8 -8 0
444 282 760 396 0 -8 0
444 274 763 393 -8 -8 0
436 266 766 390 0 -8 0
436 258 769 387 0 0 0
436 258 772 384 -8 0 0
428 258 775 381 0 -8 0
428 250 778 378 0 0 0
428 250 781 375 0 0 1
428 250 781 375 0 0 1
428 250 781 375 0 0 1
428 250 781 375 0 0 1
428 250 781 375 0 0 1
