530 486 448 228 0 0 0
530 486 445 225 -8 -8 0
522 478 442 222 -8 0 0
514 478 439 219 -8 -8 0
506 470 436 216 -8 8 0
498 478 433 213 -8 0 0
490 478 430 210 -8 0 0
482 478 427 207 -8 -8 0
474 470 424 204 -8 8 0
466 478 421 201 -8 0 0
458 478 418 198 -8 0 0
450 478 415 195 -8 0 0
442 478 412 192 -8 8 0
434 486 409 189 -8 0 0
426 486 406 186 -8 -8 0
418 478 403 183 -8 0 0
410 478 400 180 -8 -8 0
402 470 397 177 -8 0 0
394 470 394 174 -8 -8 0
386 462 391 171 -8 0 0
378 462 388 168 -8 0 0
370 462 385 165 -8 -8 0
362 454 382 162 -8 8 0
354 462 379 159 -8 8 0
346 470 376 156 -8 -8 0
338 462 373 153 -8 0 0
330 462 370 150 -8 -8 0
322 454 367 147 -8 8 0
314 462 364 144 -8 -8 0
306 454 361 141 -8 8 0
298 462 358 138 -8 8 0
290 470 355 135 -8 8 0
282 478 352 132 -8 0 0
274 478 349 129 -8 8 0
266 486 346 126 -8 -8 0
258 478 343 123 -8 0 0
250 478 340 120 -8 -8 0
242 470 337 117 -8 8 0
234 478 334 114 -8 8 0
226 486 331 111 -8 0 0
218 486 328 108 -8 8 0
210 494 325 105 -8 -8 0
202 486 322 102 -8 -8 0
194 478 319 99 -8 8 0
186 486 316 96 -8 0 0
178 486 313 93 -8 8 0
170 494 310 90 -8 -8 0
162 486 307 87 -8 0 0
154 486 304 84 -8 8 0
146 494 301 81 -8 8 0
138 502 298 78 -8 -8 0
130 494 295 75 -8 8 0
122 502 292 72 0 -8 0
122 494 289 69 -8 8 0
114 502 286 66 0 -8 0
114 494 283 63 -8 -8 0
106 486 280 60 0 8 0
106 494 277 57 0 8 0
106 502 274 54 -8 0 0
98 502 271 51 0 0 0
98 502 268 48 0 0 0
98 502 265 45 -8 8 0
90 510 262 42 0 8 0
90 518 259 39 -8 8 0
82 526 256 36 0 -8 0
82 518 253 33 0 0 0
82 518 250 30 -8 0 0
74 518 247 27 0 8 0
74 526 244 24 0 -8 0
74 518 241 21 -8 -8 0
66 510 238 18 0 -8 0
66 502 235 15 -8 0 0
60 502 232 12 0 8 0
60 510 229 9 -8 0 0
60 510 226 12 0 0 0
60 510 223 15 0 -8 0
60 502 220 18 0 0 0
60 502 217 21 0 -8 0
60 494 214 24 0 -8 0
60 486 211 27 0 0 0
60 486 208 30 0 -8 0
60 478 205 33 0 8 0
60 486 202 36 0 -8 0
60 478 199 39 0 0 0
60 478 196 42 0 -8 0
60 470 193 45 0 0 0
60 470 190 48 0 8 0
60 478 187 51 0 0 0
60 478 184 54 0 -8 0
60 470 181 57 0 0 0
60 470 178 60 0 8 0
60 478 175 63 0 8 0
60 486 172 66 0 8 0
60 494 169 69 0 -8 0
60 486 166 72 0 -8 0
60 478 163 75 0 8 0
60 486 160 78 0 -8 0
60 478 157 81 0 8 0
60 486 154 84 0 8 0
60 494 151 87 0 -8 0
60 486 148 90 0 -8 0
60 478 145 93 0 -8 0
60 470 142 96 0 8 0
60 478 139 99 0 -8 0
60 470 136 102 0 0 0
60 470 133 105 0 8 0
60 478 130 108 0 8 0
60 486 127 111 8 -8 0
68 478 124 114 0 -8 0
68 470 121 117 0 -8 0
68 462 118 120 8 -8 0
76 454 115 123 0 0 0
76 454 112 126 0 8 0
76 462 109 129 8 0 0
84 462 106 132 0 8 0
84 470 103 135 8 8 0
92 478 100 138 0 -8 0
92 470 97 141 0 -8 0
92 462 94 144 8 8 0
100 470 91 147 0 0 0
100 470 88 150 0 -8 0
100 462 85 153 8 8 0
108 470 82 156 0 -8 0
108 462 79 159 8 0 0
116 462 76 162 0 -8 0
116 454 73 165 0 0 0
116 454 70 168 8 0 0
124 454 67 171 0 8 0
124 462 64 174 0 0 0
124 462 61 177 8 0 0
132 462 58 180 0 8 0
132 470 55 183 8 0 0
140 470 52 186 0 0 0
140 470 49 189 0 8 0
140 478 46 192 8 8 0
148 486 43 195 0 8 0
148 494 40 198 0 8 0
148 502 37 201 8 8 0
156 510 34 204 0 -8 0
156 502 31 207 8 -8 0
164 494 28 210 0 8 0
164 502 25 213 0 0 0
164 502 22 216 8 0 0
172 502 19 219 0 -8 0
172 494 22 222 0 0 0
172 494 25 225 8 8 0
180 502 28 228 0 0 0
180 502 31 231 8 -8 0
188 494 34 234 0 0 0
188 494 37 237 0 -8 0
188 486 40 240 8 0 0
196 486 43 243 0 8 0
196 494 46 246 0 0 0
196 494 49 249 8 0 0
204 494 52 252 0 8 0
204 502 55 255 8 8 0
212 510 58 258 0 8 0
212 518 61 261 0 8 0
212 526 64 264 8 -8 0
220 518 67 267 0 0 0
220 518 70 270 0 -8 0
220 510 73 273 8 0 0
228 510 76 276 0 8 0
228 518 79 279 8 8 0
236 526 82 282 0 8 0
236 534 85 285 0 -8 0
236 526 88 288 8 0 0
244 526 91 291 0 0 0
244 526 94 294 0 -8 0
244 518 97 297 8 0 0
252 518 100 300 0 0 0
252 518 103 303 8 -8 0
260 510 106 306 0 8 0
260 518 109 309 0 8 0
260 526 112 312 8 -8 0
268 518 115 315 0 -8 0
268 510 118 318 0 0 0
268 510 121 321 8 -8 0
276 502 124 324 0 8 0
276 510 127 327 8 8 0
284 518 130 330 0 8 0
284 526 133 333 0 0 0
284 526 136 336 8 0 0
292 526 139 339 0 8 0
292 534 142 342 0 0 0
292 534 145 345 8 -8 0
300 526 148 348 0 8 0
300 534 151 351 8 -8 0
308 526 154 354 0 8 0
308 534 157 357 0 -8 0
308 526 160 360 8 0 0
316 526 163 363 0 0 0
316 526 166 366 0 -8 0
316 518 169 369 8 -8 0
324 510 172 372 0 0 0
324 510 175 375 8 -8 0
332 502 178 378 0 8 0
332 510 181 381 0 0 0
332 510 184 384 8 8 0
340 518 187 387 0 -8 0
340 510 190 390 0 8 0
340 518 193 393 8 -8 0
348 510 196 396 0 8 0
348 518 199 399 8 -8 0
356 510 202 402 0 8 0
356 518 205 405 0 -8 0
356 510 208 408 8 0 0
364 510 211 411 0 0 0
364 510 214 414 0 8 0
364 518 217 417 8 -8 0
372 510 220 420 0 -8 0
372 502 223 423 8 -8 0
380 494 226 426 0 8 0
380 502 229 429 0 8 0
380 510 232 432 8 -8 0
388 502 235 435 0 8 0
388 510 238 438 0 8 0
388 518 241 441 8 -8 0
396 510 244 444 0 8 0
396 518 247 447 8 8 0
404 526 250 450 0 8 0
404 534 253 453 0 -8 0
404 526 256 456 8 8 0
412 534 259 459 0 -8 0
412 526 262 462 0 8 0
412 534 265 465 8 0 0
420 534 268 468 0 -8 0
420 526 271 471 8 8 0
428 534 274 474 0 8 0
428 540 277 477 0 0 0
428 540 280 480 8 0 0
436 540 283 483 0 0 0
436 540 286 486 0 8 0
436 540 289 489 8 -8 0
444 532 292 492 0 8 0
444 540 295 495 8 0 0
452 540 298 498 0 -8 0
452 532 301 501 0 0 0
452 532 304 504 8 -8 0
460 524 307 507 0 8 0
460 532 310 510 0 8 0
460 540 313 513 8 -8 0
468 532 316 516 0 0 0
468 532 319 519 8 -8 0
476 524 322 522 0 -8 0
476 516 325 525 0 0 0
476 516 328 528 8 -8 0
484 508 331 531 0 8 0
484 516 334 534 0 8 0
484 524 337 537 8 8 0
492 532 340 540 0 -8 0
492 524 343 543 8 8 0
500 532 346 546 0 0 0
500 532 349 549 0 -8 0
500 524 352 552 8 8 0
508 532 355 555 0 -8 0
508 524 358 558 0 -8 0
508 516 361 561 8 8 0
516 524 364 564 0 -8 0
516 516 367 567 8 8 0
524 524 370 570 0 -8 0
524 516 373 573 0 0 0
524 516 376 576 8 8 0
532 524 379 579 0 8 0
532 532 382 582 0 8 0
532 540 385 585 8 -8 0
540 532 388 588 0 8 0
540 540 391 591 8 8 0
540 540 394 588 0 0 0
540 540 397 585 0 8 0
540 540 400 582 0 8 0
540 540 403 579 0 0 0
540 540 406 576 0 -8 0
540 532 409 573 0 0 0
540 532 412 570 0 0 0
540 532 415 567 0 0 0
540 532 418 564 0 8 0
540 540 421 561 0 -8 0
540 532 424 558 0 0 0
540 532 427 555 0 -8 0
540 524 430 552 0 0 0
540 524 433 549 0 -8 0
540 516 436 546 0 0 0
540 516 439 543 0 -8 0
540 508 442 540 0 -8 0
540 500 445 537 0 -8 0
540 492 448 534 0 -8 0
540 484 451 531 0 0 0
540 484 454 528 0 0 0
540 484 457 525 0 0 0
540 484 460 522 0 -8 0
540 476 463 519 0 0 0
540 476 466 516 0 -8 0
540 468 469 513 0 -8 0
540 460 472 510 0 0 0
540 460 475 507 0 -8 0
540 452 478 504 0 8 0
540 460 481 501 0 8 0
540 468 484 498 0 0 0
540 468 487 495 0 8 0
540 476 490 492 0 -8 0
540 468 493 489 -8 8 0
532 476 496 486 0 0 0
532 476 499 483 0 -8 0
532 468 502 480 -8 0 0
524 468 505 477 0 -8 0
524 460 508 474 0 8 0
524 468 511 471 -8 -8 0
516 460 514 468 0 8 0
516 468 517 465 -8 8 0
508 476 520 462 0 8 0
508 484 523 459 0 -8 0
508 476 526 456 -8 -8 0
500 468 529 453 0 8 0
500 476 532 450 0 8 0
500 484 535 447 -8 8 0
492 492 538 444 0 8 0
492 500 541 441 -8 8 0
484 508 544 438 0 0 0
484 508 547 435 0 0 0
484 508 550 432 -8 8 0
476 516 553 429 0 -8 0
476 508 556 426 0 0 0
476 508 559 423 -8 8 0
468 516 562 420 0 8 0
468 524 565 417 -8 -8 0
460 516 568 414 0 -8 0
460 508 571 411 0 8 0
460 516 574 408 -8 8 0
452 524 577 405 0 8 0
452 532 580 402 0 0 0
452 532 583 399 -8 -8 0
444 524 586 396 0 8 0
444 532 589 393 -8 -8 0
436 524 592 390 0 0 0
436 524 595 387 0 -8 0
436 516 598 384 -8 8 0
428 524 601 381 0 0 0
428 524 604 378 0 0 0
428 524 607 375 -8 0 0
420 524 610 372 0 8 0
420 532 613 369 -8 0 0
412 532 616 366 0 -8 0
412 524 619 363 0 -8 0
412 516 622 360 -8 8 0
404 524 625 357 0 8 0
404 532 628 354 0 8 0
404 540 631 351 -8 -8 0
396 532 634 348 0 8 0
396 540 637 345 -8 8 0
388 540 640 342 0 -8 0
388 532 643 339 0 -8 0
388 524 646 336 -8 8 0
380 532 649 333 0 -8 0
380 524 652 330 0 0 0
380 524 655 327 -8 8 0
372 532 658 324 0 -8 0
372 524 661 321 -8 8 0
364 532 664 318 0 -8 0
364 524 667 315 0 -8 0
364 516 670 312 -8 8 0
356 524 673 309 0 8 0
356 532 676 306 0 0 0
356 532 679 303 -8 8 0
348 540 682 300 0 8 0
348 540 685 297 -8 -8 0
340 532 688 294 0 8 0
340 540 691 291 0 8 0
340 540 694 288 -8 -8 0
332 532 697 285 0 -8 0
332 524 700 282 0 8 0
332 532 703 279 -8 -8 0
324 524 706 276 0 -8 0
324 516 709 273 -8 8 0
316 524 712 270 0 -8 0
316 516 715 267 0 -8 0
316 508 718 264 -8 0 0
308 508 721 261 0 0 0
308 508 724 258 0 8 0
308 516 727 255 -8 0 0
300 516 730 252 0 0 0
300 516 733 249 -8 0 0
292 516 736 246 0 0 0
292 516 739 243 0 8 0
292 524 742 240 -8 0 0
284 524 745 237 0 0 0
284 524 748 234 0 8 0
284 532 751 231 -8 8 0
276 540 754 228 0 8 0
276 540 757 225 -8 8 0
268 540 760 222 0 0 0
268 540 763 219 0 8 0
268 540 766 216 -8 -8 0
260 532 769 213 0 -8 0
260 524 772 210 0 8 0
260 532 775 207 -8 -8 0
252 524 778 204 0 0 0
252 524 781 201 0 0 1
252 524 781 201 0 0 1
252 524 781 201 0 0 1
252 524 781 201 0 0 1
252 524 781 201 0 0 1
