92 487 469 264 0 0 0
92 487 472 261 8 -8 0
100 479 475 258 8 -8 0
108 471 478 255 8 0 0
116 471 481 252 8 0 0
124 471 484 249 8 -8 0
132 463 487 246 8 8 0
140 471 490 243 8 0 0
148 471 493 240 8 0 0
156 471 496 237 8 0 0
164 471 499 234 8 8 0
172 479 502 231 8 -8 0
180 471 505 228 0 0 0
180 471 508 225 0 0 0
180 471 511 222 0 8 0
180 479 514 219 0 -8 0
180 471 517 216 0 0 0
180 471 520 213 0 -8 0
180 463 523 210 0 8 0
180 471 526 207 0 0 0
180 471 529 204 0 8 0
180 479 532 201 0 0 0
180 479 535 198 0 0 0
180 479 538 195 0 0 0
180 479 541 192 0 0 0
180 479 544 189 0 0 0
180 479 547 186 0 0 0
180 479 550 183 0 8 0
180 487 553 180 0 -8 0
180 479 556 177 0 -8 0
180 471 559 174 0 -8 0
180 463 562 171 0 -8 0
180 455 565 168 0 -8 0
180 447 568 165 0 8 0
180 455 571 162 0 8 0
180 463 574 159 0 -8 0
180 455 577 156 0 0 0
180 455 580 153 0 -8 0
180 447 583 150 0 8 0
180 455 586 147 0 0 0
180 455 589 144 0 0 0
180 455 592 141 0 8 0
180 463 595 138 0 8 0
180 471 598 135 0 8 0
180 479 601 132 0 0 0
180 479 604 129 -8 -8 0
172 471 607 126 0 8 0
172 479 610 123 0 -8 0
172 471 613 120 -8 8 0
164 479 616 117 0 8 0
164 487 619 114 0 8 0
164 495 622 111 -8 -8 0
156 487 625 108 0 -8 0
156 479 628 105 -8 8 0
148 487 631 102 0 0 0
148 487 634 99 0 -8 0
148 479 637 96 -8 0 0
140 479 640 93 0 8 0
140 487 643 90 0 0 0
140 487 646 87 -8 -8 0
132 479 649 84 0 0 0
132 479 652 81 -8 8 0
124 487 655 78 0 -8 0
124 479 658 75 0 -8 0
124 471 661 72 -8 8 0
116 479 664 69 0 8 0
116 487 667 66 0 0 0
116 487 670 63 -8 0 0
108 487 673 60 0 0 0
108 487 676 57 -8 0 0
100 487 679 54 0 -8 0
100 479 682 51 0 0 0
100 479 685 48 -8 -8 0
92 471 688 45 0 8 0
92 479 691 42 0 8 0
92 487 694 39 -8 0 0
84 487 697 36 0 8 0
84 495 700 33 -8 -8 0
76 487 703 30 0 -8 0
76 479 706 27 0 -8 0
76 471 709 24 -8 8 0
68 479 712 21 0 0 0
68 479 715 18 0 8 0
68 487 718 15 -8 0 0
60 487 721 12 0 -8 0
60 479 724 9 -8 -8 0
60 471 727 12 0 0 0
60 471 730 15 0 8 0
60 479 733 18 0 8 0
60 487 736 21 0 -8 0
60 479 739 24 0 0 0
60 479 742 27 0 0 0
60 479 745 30 0 -8 0
60 471 748 33 0 0 0
60 471 751 36 0 8 0
60 479 754 39 0 -8 0
60 471 757 42 0 8 0
60 479 760 45 0 -8 0
60 471 763 48 0 8 0
60 479 766 51 0 -8 0
60 471 769 54 0 8 0
60 479 772 57 0 0 0
60 479 775 60 0 0 0
60 479 778 63 0 8 0
60 487 781 66 0 0 1
60 487 781 66 0 0 1
60 487 781 66 0 0 1
60 487 781 66 0 0 1
60 487 781 66 0 0 1
