359 432 352 312 0 0 0
359 432 355 315 0 0 0
359 432 358 318 0 0 0
359 432 361 321 0 8 0
359 440 364 324 0 -8 0
359 432 367 327 0 -8 0
359 424 370 330 0 0 0
359 424 373 333 0 8 0
359 432 376 336 0 8 0
359 440 379 339 0 -8 0
359 432 382 342 0 0 0
359 432 385 345 0 0 0
359 432 388 348 0 -8 0
359 424 391 351 0 0 0
359 424 394 354 0 -8 0
359 416 397 357 0 -8 0
359 408 400 360 0 8 0
359 416 403 363 0 8 0
359 424 406 366 0 8 0
359 432 409 369 0 -8 0
359 424 412 372 0 8 0
359 432 415 375 0 8 0
359 440 418 378 0 -8 0
359 432 421 381 0 8 0
359 440 424 384 0 0 0
359 440 427 387 0 0 0
359 440 430 390 0 0 0
359 440 433 393 0 -8 0
359 432 436 396 0 0 0
359 432 439 399 0 -8 0
359 424 442 402 0 0 0
359 424 445 405 0 8 0
359 432 448 408 0 0 0
359 432 451 411 8 8 0
367 440 454 414 0 -8 0
367 432 457 417 0 -8 0
367 424 460 420 8 8 0
375 432 463 423 0 0 0
375 432 466 426 8 -8 0
383 424 469 429 0 -8 0
383 416 472 432 0 -8 0
383 408 475 435 8 -8 0
391 400 478 438 0 0 0
391 400 481 441 0 0 0
391 400 484 444 8 8 0
399 408 487 447 0 -8 0
399 400 490 450 8 -8 0
407 392 493 453 0 0 0
407 392 496 456 0 0 0
407 392 499 459 8 -8 0
415 384 502 462 0 0 0
415 384 505 465 0 0 0
415 384 508 468 8 -8 0
423 376 511 471 0 8 0
423 384 514 474 8 0 0
431 384 517 477 0 -8 0
431 376 520 480 0 0 0
431 376 523 483 8 0 0
439 376 526 486 0 0 0
439 376 529 489 0 0 0
439 376 532 492 8 8 0
447 384 535 495 0 0 0
447 384 538 498 8 -8 0
455 376 541 501 0 8 0
455 384 544 504 0 0 0
455 384 547 507 8 -8 0
463 376 550 510 0 -8 0
463 368 553 513 0 0 0
463 368 556 516 8 0 0
471 368 559 519 0 8 0
471 376 562 522 8 0 0
479 376 565 525 0 0 0
479 376 568 528 0 0 0
479 376 571 531 8 8 0
487 384 574 534 0 -8 0
487 376 577 537 0 0 0
487 376 580 540 8 0 0
495 376 583 543 0 0 0
495 376 586 546 8 0 0
503 376 589 549 0 8 0
503 384 592 552 0 8 0
503 392 595 555 8 0 0
511 392 598 558 0 0 0
511 392 601 561 0 0 0
511 392 604 564 8 8 0
519 400 607 567 0 0 0
519 400 610 570 8 -8 0
527 392 613 573 0 0 0
527 392 616 576 0 0 0
527 392 619 579 8 8 0
535 400 622 582 0 0 0
535 400 625 585 0 -8 0
535 392 628 588 8 -8 0
540 384 631 591 8 0 0
540 384 634 588 0 0 0
540 384 637 585 0 8 0
540 392 640 582 0 -8 0
540 384 643 579 0 8 0
540 392 646 576 0 0 0
540 392 649 573 0 0 0
540 392 652 570 0 8 0
540 400 655 567 0 8 0
540 408 658 564 0 -8 0
540 400 661 561 0 -8 0
540 392 664 558 0 8 0
540 400 667 555 0 0 0
540 400 670 552 0 0 0
540 400 673 549 0 8 0
540 408 676 546 0 8 0
540 416 679 543 0 -8 0
540 408 682 540 0 -8 0
540 400 685 537 0 -8 0
540 392 688 534 0 -8 0
540 384 691 531 0 8 0
540 392 694 528 0 8 0
540 400 697 525 0 -8 0
540 392 700 522 0 -8 0
540 384 703 519 0 -8 0
540 376 706 516 0 -8 0
540 368 709 513 0 0 0
540 368 712 510 0 -8 0
540 360 715 507 0 8 0
540 368 718 504 0 8 0
540 376 721 501 0 -8 0
540 368 724 498 0 0 0
540 368 727 495 0 8 0
540 376 730 492 0 8 0
540 384 733 489 -8 -8 0
532 376 736 486 0 8 0
532 384 739 483 0 8 0
532 392 742 480 -8 -8 0
524 384 745 477 0 8 0
524 392 748 474 0 0 0
524 392 751 471 -8 8 0
516 400 754 468 0 -8 0
516 392 757 465 -8 0 0
508 392 760 462 0 -8 0
508 384 763 459 0 -8 0
508 376 766 456 -8 8 0
500 384 769 453 0 0 0
500 384 772 450 0 8 0
500 392 775 447 -8 0 0
492 392 778 444 0 8 0
492 400 781 441 -8 8 0
484 408 778 438 0 0 0
484 408 775 435 0 8 0
484 416 772 432 -8 0 0
476 416 769 429 0 8 0
476 424 766 426 0 8 0
476 432 763 423 -8 0 0
468 432 760 420 0 0 0
468 432 757 417 -8 8 0
460 440 754 414 0 -8 0
460 432 751 411 0 8 0
460 440 748 408 -8 -8 0
452 432 745 405 0 8 0
452 440 742 402 0 8 0
452 448 739 399 -8 0 0
444 448 736 396 0 8 0
444 456 733 393 -8 0 0
436 456 730 390 0 -8 0
436 448 727 387 0 8 0
436 456 724 384 -8 -8 0
428 448 721 381 0 0 0
428 448 718 378 0 8 0
428 456 715 375 -8 -8 0
420 448 712 372 0 -8 0
420 440 709 369 -8 0 0
412 440 706 366 0 0 0
412 440 703 363 0 -8 0
412 432 700 360 -8 8 0
404 440 697 357 0 0 0
404 440 694 354 0 0 0
404 440 691 351 -8 0 0
396 440 688 348 0 8 0
396 448 685 345 -8 -8 0
388 440 682 342 0 8 0
388 448 679 339 0 -8 0
388 440 676 336 -8 -8 0
380 432 673 333 0 0 0
380 432 670 330 0 8 0
380 440 667 327 -8 0 0
372 440 664 324 0 8 0
372 448 661 321 -8 -8 0
364 440 658 318 0 -8 0
364 432 655 315 0 -8 0
364 424 652 312 -8 0 0
356 424 649 309 0 -8 0
356 416 646 306 0 0 0
356 416 643 303 -8 -8 0
348 408 640 300 0 -8 0
348 400 637 297 -8 -8 0
340 392 634 294 0 -8 0
340 384 631 291 0 0 0
340 384 628 288 -8 -8 0
332 376 625 285 0 0 0
332 376 622 282 0 0 0
332 376 619 279 -8 0 0
324 376 616 276 0 8 0
324 384 613 273 -8 -8 0
316 376 610 270 0 -8 0
316 368 607 267 0 0 0
316 368 604 264 -8 0 0
308 368 601 261 0 -8 0
308 360 598 258 0 -8 0
308 352 595 255 -8 0 0
300 352 592 252 0 8 0
300 360 589 249 -8 0 0
292 360 586 246 0 8 0
292 368 583 243 0 -8 0
292 360 580 240 -8 0 0
284 360 577 237 0 8 0
284 368 574 234 0 8 0
284 376 571 231 -8 0 0
276 376 568 228 0 -8 0
276 368 565 225 -8 0 0
268 368 562 222 0 8 0
268 376 559 219 0 8 0
268 384 556 216 -8 8 0
260 392 553 213 0 -8 0
260 384 550 210 0 -8 0
260 376 547 207 -8 0 0
252 376 544 204 0 0 0
252 376 541 201 -8 8 0
244 384 538 198 0 -8 0
244 376 535 195 0 -8 0
244 368 532 192 -8 0 0
236 368 529 189 0 0 0
236 368 526 186 0 8 0
236 376 523 183 -8 -8 0
228 368 520 180 0 0 0
228 368 517 177 -8 0 0
220 368 514 174 0 0 0
220 368 511 171 0 -8 0
220 360 508 168 -8 0 0
212 360 505 165 0 8 0
212 368 502 162 0 0 0
212 368 499 159 -8 0 0
204 368 496 156 0 -8 0
204 360 493 153 -8 8 0
196 368 490 150 0 8 0
196 376 487 147 0 0 0
196 376 484 144 -8 0 0
188 376 481 141 0 0 0
188 376 478 138 0 8 0
188 384 475 135 -8 0 0
180 384 472 132 0 -8 0
180 376 469 129 -8 -8 0
172 368 466 126 0 8 0
172 376 463 123 0 0 0
172 376 460 120 -8 -8 0
164 368 457 117 0 0 0
164 368 454 114 0 -8 0
164 360 451 111 -8 0 0
156 360 448 108 0 8 0
156 368 445 105 -8 0 0
148 368 442 102 0 8 0
148 376 439 99 0 -8 0
148 368 436 96 -8 0 0
140 368 433 93 0 -8 0
140 360 430 90 0 0 0
140 360 427 87 -8 0 0
132 360 424 84 0 -8 0
132 352 421 81 -8 -8 0
124 344 418 78 0 -8 0
124 336 415 75 0 -8 0
124 328 412 72 -8 -8 0
116 320 409 69 0 -8 0
116 312 406 66 0 8 0
116 320 403 63 -8 0 0
108 320 400 60 0 -8 0
108 312 397 57 -8 -8 0
100 304 394 54 0 -8 0
100 296 391 51 0 8 0
100 304 388 48 -8 -8 0
92 296 385 45 0 -8 0
92 288 382 42 0 0 0
92 288 379 39 -8 8 0
84 296 376 36 0 0 0
84 296 373 33 -8 -8 0
76 288 370 30 0 -8 0
76 280 367 27 0 -8 0
76 272 364 24 -8 -8 0
68 264 361 21 0 -8 0
68 256 358 18 0 8 0
68 264 355 15 -8 0 0
60 264 352 12 0 -8 0
60 256 349 9 -8 0 0
60 256 346 12 0 0 0
60 256 343 15 0 0 0
60 256 340 18 0 0 0
60 256 337 21 0 -8 0
60 248 334 24 0 8 0
60 256 331 27 0 -8 0
60 248 328 30 0 0 0
60 248 325 33 0 -8 0
60 240 322 36 0 -8 0
60 232 319 39 0 0 0
60 232 316 42 0 8 0
60 240 313 45 0 -8 0
60 232 310 48 0 0 0
60 232 307 51 0 8 0
60 240 304 54 0 -8 0
60 232 301 57 0 0 0
60 232 298 60 0 8 0
60 240 295 63 0 -8 0
60 232 292 66 0 0 0
60 232 289 69 0 8 0
60 240 286 72 0 0 0
60 240 283 75 0 0 0
60 240 280 78 0 8 0
60 248 277 81 0 8 0
60 256 274 84 0 -8 0
60 248 271 87 0 0 0
60 248 268 90 0 0 0
60 248 265 93 0 -8 0
60 240 262 96 0 -8 0
60 232 259 99 0 8 0
60 240 256 102 0 0 0
60 240 253 105 0 -8 0
60 232 250 108 0 -8 0
60 224 247 111 8 8 0
68 232 244 114 0 8 0
68 240 241 117 0 0 0
68 240 238 120 8 0 0
76 240 235 123 0 0 0
76 240 232 126 0 8 0
76 248 229 129 8 8 0
84 256 226 132 0 8 0
84 264 223 135 8 -8 0
92 256 220 138 0 -8 0
92 248 217 141 0 8 0
92 256 214 144 8 8 0
100 264 211 147 0 8 0
100 272 208 150 0 0 0
100 272 205 153 8 -8 0
108 264 202 156 0 -8 0
108 256 199 159 8 8 0
116 264 196 162 0 8 0
116 272 193 165 0 8 0
116 280 190 168 8 0 0
124 280 187 171 0 -8 0
124 272 184 174 0 8 0
124 280 181 177 8 8 0
132 288 178 180 0 8 0
132 296 175 183 8 0 0
140 296 172 186 0 8 0
140 304 169 189 0 8 0
140 312 166 192 8 0 0
148 312 163 195 0 -8 0
148 304 160 198 0 0 0
148 304 157 201 8 8 0
156 312 154 204 0 8 0
156 320 151 207 8 0 0
164 320 148 210 0 -8 0
164 312 145 213 0 8 0
164 320 142 216 8 -8 0
172 312 139 219 0 8 0
172 320 136 222 0 0 0
172 320 133 225 8 0 0
180 320 130 228 0 -8 0
180 312 127 231 8 8 0
188 320 124 234 0 -8 0
188 312 121 237 0 -8 0
188 304 118 240 8 8 0
196 312 115 243 0 0 0
196 312 112 246 0 8 0
196 320 109 249 8 8 0
204 328 106 252 0 0 0
204 328 103 255 8 -8 0
212 320 100 258 0 -8 0
212 312 97 261 0 0 0
212 312 94 264 8 8 0
220 320 91 267 0 0 0
220 320 88 270 0 8 0
220 328 85 273 8 0 0
228 328 82 276 0 -8 0
228 320 79 279 8 8 0
236 328 76 282 0 0 0
236 328 73 285 0 0 0
236 328 70 288 8 0 0
244 328 67 291 0 0 0
244 328 64 294 0 -8 0
244 320 61 297 8 8 0
252 328 58 300 0 -8 0
252 320 55 303 8 -8 0
260 312 52 306 0 -8 0
260 304 49 309 0 0 0
260 304 46 312 8 8 0
268 312 43 315 0 8 0
268 320 40 318 0 0 0
268 320 37 321 8 -8 0
276 312 34 324 0 -8 0
276 304 31 327 8 0 0
284 304 28 330 0 0 0
284 304 25 333 0 0 0
284 304 22 336 8 8 0
292 312 19 339 0 8 0
292 320 22 342 0 -8 0
292 312 25 345 8 8 0
300 320 28 348 0 0 0
300 320 31 351 8 -8 0
308 312 34 354 0 -8 0
308 304 37 357 0 0 0
308 304 40 360 8 0 0
316 304 43 363 0 8 0
316 312 46 366 0 8 0
316 320 49 369 8 -8 0
324 312 52 372 0 -8 0
324 304 55 375 8 0 0
332 304 58 378 0 0 0
332 304 61 381 0 8 0
332 312 64 384 8 0 0
340 312 67 387 0 8 0
340 320 70 390 0 8 0
340 328 73 393 8 0 0
348 328 76 396 0 0 0
348 328 79 399 8 0 0
356 328 82 402 0 0 0
356 328 85 405 0 -8 0
356 320 88 408 8 0 0
364 320 91 411 0 0 0
364 320 94 414 0 -8 0
364 312 97 417 8 8 0
372 320 100 420 0 0 0
372 320 103 423 8 -8 0
380 312 106 426 0 0 0
380 312 109 429 0 0 0
380 312 112 432 8 -8 0
388 304 115 435 0 -8 0
388 296 118 438 0 -8 0
388 288 121 441 8 0 0
396 288 124 444 0 8 0
396 296 127 447 8 0 0
404 296 130 450 0 0 0
404 296 133 453 0 0 0
404 296 136 456 8 -8 0
412 288 139 459 0 -8 0
412 280 142 462 0 0 0
412 280 145 465 8 0 0
420 280 148 468 0 8 0
420 288 151 471 8 0 0
428 288 154 474 0 0 0
428 288 157 477 0 8 0
428 296 160 480 8 0 0
436 296 163 483 0 -8 0
436 288 166 486 0 8 0
436 296 169 489 8 -8 0
444 288 172 492 0 0 0
444 288 175 495 8 8 0
452 296 178 498 0 -8 0
452 288 181 501 0 0 0
452 288 184 504 8 -8 0
460 280 187 507 0 8 0
460 288 190 510 0 8 0
460 296 193 513 8 -8 0
468 288 196 516 0 -8 0
468 280 199 519 8 -8 0
476 272 202 522 0 8 0
476 280 205 525 0 0 0
476 280 208 528 8 8 0
484 288 211 531 0 -8 0
484 280 214 534 0 -8 0
484 272 217 537 8 0 0
492 272 220 540 0 -8 0
492 264 223 543 8 8 0
500 272 226 546 0 8 0
500 280 229 549 0 -8 0
500 272 232 552 8 -8 0
508 264 235 555 0 -8 0
508 256 238 558 0 8 0
508 264 241 561 8 8 0
516 272 244 564 0 -8 0
516 264 247 567 8 -8 0
524 256 250 570 0 -8 0
524 248 253 573 0 0 0
524 248 256 576 8 8 0
532 256 259 579 0 0 0
532 256 262 582 0 -8 0
532 248 265 585 8 0 0
540 248 268 588 0 0 0
540 248 271 591 8 -8 0
540 240 274 588 0 8 0
540 248 277 585 0 8 0
540 256 280 582 0 0 0
540 256 283 579 0 0 0
540 256 286 576 0 8 0
540 264 289 573 0 0 0
540 264 292 570 0 8 0
540 272 295 567 0 8 0
540 280 298 564 0 0 0
540 280 301 561 0 -8 0
540 272 304 558 0 8 0
540 280 307 555 0 0 0
540 280 310 552 0 0 0
540 280 313 549 0 0 0
540 280 316 546 0 -8 0
540 272 319 543 0 -8 0
540 264 322 540 0 8 0
540 272 325 537 0 0 0
540 272 328 534 0 8 0
540 280 331 531 0 0 0
540 280 334 528 0 0 0
540 280 337 525 0 -8 0
540 272 340 522 0 8 0
540 280 343 519 0 8 0
540 288 346 516 0 0 0
540 288 349 513 0 -8 0
540 280 352 510 0 -8 0
540 272 355 507 0 8 0
540 280 358 504 0 0 0
540 280 361 501 0 0 0
540 280 364 498 0 -8 0
540 272 367 495 0 0 0
540 272 370 492 0 8 0
540 280 373 489 -8 8 0
532 288 376 486 0 0 0
532 288 379 483 0 8 0
532 296 382 480 -8 8 0
524 304 385 477 0 -8 0
524 296 388 474 0 0 0
524 296 391 471 -8 -8 0
516 288 394 468 0 -8 0
516 280 397 465 -8 8 0
508 288 400 462 0 -8 0
508 280 403 459 0 0 0
508 280 406 456 -8 -8 0
500 272 409 453 0 0 0
500 272 412 450 0 8 0
500 280 415 447 -8 8 0
492 288 418 444 0 -8 0
492 280 421 441 -8 8 0
484 288 424 438 0 -8 0
484 280 427 435 0 -8 0
484 272 430 432 -8 -8 0
476 264 433 429 0 8 0
476 272 436 426 0 8 0
476 280 439 423 -8 0 0
468 280 442 420 0 -8 0
468 272 445 417 -8 -8 0
460 264 448 414 0 -8 0
460 256 451 411 0 0 0
460 256 454 408 -8 0 0
452 256 457 405 0 8 0
452 264 460 402 0 8 0
452 272 463 399 -8 -8 0
444 264 466 396 0 8 0
444 272 469 393 -8 0 0
436 272 472 390 0 -8 0
436 264 475 387 0 0 0
436 264 478 384 -8 8 0
428 272 481 381 0 0 0
428 272 484 378 0 0 0
428 272 487 375 -8 -8 0
420 264 490 372 0 8 0
420 272 493 369 -8 -8 0
412 264 496 366 0 8 0
412 272 499 363 0 0 0
412 272 502 360 -8 8 0
404 280 505 357 0 8 0
404 288 508 354 0 0 0
404 288 511 351 -8 0 0
396 288 514 348 0 0 0
396 288 517 345 -8 -8 0
388 280 520 342 0 8 0
388 288 523 339 0 -8 0
388 280 526 336 -8 0 0
380 280 529 333 0 8 0
380 288 532 330 0 0 0
380 288 535 327 -8 8 0
372 296 538 324 0 0 0
372 296 541 321 -8 0 0
364 296 544 318 0 0 0
364 296 547 315 0 -8 0
364 288 550 312 -8 8 0
356 296 553 309 0 -8 0
356 288 556 306 0 0 0
356 288 559 303 -8 -8 0
348 280 562 300 0 -8 0
348 272 565 297 -8 -8 0
340 264 568 294 0 0 0
340 264 571 291 0 8 0
340 272 574 288 -8 -8 0
332 264 577 285 0 -8 0
332 256 580 282 0 8 0
332 264 583 279 -8 0 0
324 264 586 276 0 8 0
324 272 589 273 -8 8 0
316 280 592 270 0 -8 0
316 272 595 267 0 0 0
316 272 598 264 -8 8 0
308 280 601 261 0 0 0
308 280 604 258 0 0 0
308 280 607 255 -8 0 0
300 280 610 252 0 0 0
300 280 613 249 -8 -8 0
292 272 616 246 0 -8 0
292 264 619 243 0 8 0
292 272 622 240 -8 0 0
284 272 625 237 0 8 0
284 280 628 234 0 0 0
284 280 631 231 -8 0 0
276 280 634 228 0 8 0
276 288 637 225 -8 8 0
268 296 640 222 0 8 0
268 304 643 219 0 -8 0
268 296 646 216 -8 0 0
260 296 649 213 0 8 0
260 304 652 210 0 -8 0
260 296 655 207 -8 -8 0
252 288 658 204 0 8 0
252 296 661 201 -8 0 0
244 296 664 198 0 -8 0
244 288 667 195 0 8 0
244 296 670 192 -8 8 0
236 304 673 189 0 0 0
236 304 676 186 0 8 0
236 312 679 183 -8 -8 0
228 304 682 180 0 -8 0
228 296 685 177 -8 8 0
220 304 688 174 0 0 0
220 304 691 171 0 -8 0
220 296 694 168 -8 -8 0
212 288 697 165 0 8 0
212 296 700 162 0 0 0
212 296 703 159 -8 0 0
204 296 706 156 0 0 0
204 296 709 153 -8 8 0
196 304 712 150 0 8 0
196 312 715 147 0 8 0
196 320 718 144 -8 -8 0
188 312 721 141 0 8 0
188 320 724 138 0 -8 0
188 312 727 135 -8 8 0
180 320 730 132 0 0 0
180 320 733 129 -8 -8 0
172 312 736 126 0 -8 0
172 304 739 123 0 -8 0
172 296 742 120 -8 0 0
164 296 745 117 0 8 0
164 304 748 114 0 0 0
164 304 751 111 -8 -8 0
156 296 754 108 0 8 0
156 304 757 105 -8 0 0
148 304 760 102 0 -8 0
148 296 763 99 0 -8 0
148 288 766 96 -8 0 0
140 288 769 93 0 8 0
140 296 772 90 0 -8 0
140 288 775 87 -8 8 0
132 296 778 84 0 8 0
132 304 781 81 0 0 1
132 304 781 81 0 0 1
132 304 781 81 0 0 1
132 304 781 81 0 0 1
132 304 781 81 0 0 1
