489 271 463 495 0 0 0
489 271 460 498 0 8 0
489 279 457 501 0 0 0
489 279 454 504 0 0 0
489 279 451 507 0 -8 0
489 271 448 510 0 0 0
489 271 445 513 0 8 0
489 279 442 516 0 8 0
489 287 439 519 0 -8 0
489 279 436 522 0 8 0
489 287 433 525 0 -8 0
489 279 430 528 0 -8 0
489 271 427 531 0 8 0
489 279 424 534 0 -8 0
489 271 421 537 0 0 0
489 271 418 540 8 0 0
497 271 415 543 0 8 0
497 279 412 546 0 8 0
497 287 409 549 8 0 0
505 287 406 552 0 -8 0
505 279 403 555 0 -8 0
505 271 400 558 8 -8 0
513 263 397 561 0 8 0
513 271 394 564 8 -8 0
521 263 391 567 0 8 0
521 271 388 570 0 0 0
521 271 385 573 8 8 0
529 279 382 576 0 -8 0
529 271 379 579 0 8 0
529 279 376 582 8 8 0
537 287 373 585 0 8 0
537 295 370 588 8 8 0
540 303 367 591 8 8 0
540 311 364 588 0 0 0
540 311 361 585 0 -8 0
540 303 358 582 0 0 0
540 303 355 579 0 8 0
540 311 352 576 0 -8 0
540 303 349 573 0 -8 0
540 295 346 570 0 8 0
540 303 343 567 0 0 0
540 303 340 564 0 -8 0
540 295 337 561 0 8 0
540 303 334 558 0 -8 0
540 295 331 555 0 0 0
540 295 328 552 0 -8 0
540 287 325 549 0 -8 0
540 279 322 546 0 8 0
540 287 319 543 0 8 0
540 295 316 540 0 0 0
540 295 313 537 0 8 0
540 303 310 534 0 0 0
540 303 307 531 0 8 0
540 311 304 528 0 8 0
540 319 301 525 0 -8 0
540 311 298 522 0 0 0
540 311 295 519 0 8 0
540 319 292 516 0 0 0
540 319 289 513 0 -8 0
540 311 286 510 0 -8 0
540 303 283 507 0 8 0
540 311 280 504 0 8 0
540 319 277 501 0 -8 0
540 311 274 498 0 8 0
540 319 271 495 0 0 0
540 319 268 492 0 -8 0
540 311 265 489 -8 8 0
532 319 262 486 0 0 0
532 319 259 483 0 0 0
532 319 256 480 -8 -8 0
524 311 253 477 0 8 0
524 319 250 474 0 0 0
524 319 247 471 -8 0 0
516 319 244 468 0 8 0
516 327 241 465 -8 -8 0
508 319 238 462 0 8 0
508 327 235 459 0 -8 0
508 319 232 456 -8 0 0
500 319 229 453 0 0 0
500 319 226 450 0 -8 0
500 311 223 447 -8 0 0
492 311 220 444 0 0 0
492 311 217 441 -8 8 0
484 319 214 438 0 8 0
484 327 211 435 0 8 0
484 335 208 432 -8 0 0
476 335 205 429 0 8 0
476 343 202 426 0 8 0
476 351 199 423 -8 -8 0
468 343 196 420 0 8 0
468 351 193 417 -8 8 0
460 359 190 414 0 -8 0
460 351 187 411 0 0 0
460 351 184 408 -8 0 0
452 351 181 405 0 8 0
452 359 178 402 0 -8 0
452 351 175 399 -8 8 0
444 359 172 396 0 0 0
444 359 169 393 -8 -8 0
436 351 166 390 0 8 0
436 359 163 387 0 -8 0
436 351 160 384 -8 0 0
428 351 157 381 0 0 0
428 351 154 378 0 -8 0
428 343 151 375 -8 0 0
420 343 148 372 0 8 0
420 351 145 369 -8 8 0
412 359 142 366 0 -8 0
412 351 139 363 0 -8 0
412 343 136 360 -8 -8 0
404 335 133 357 0 0 0
404 335 130 354 0 0 0
404 335 127 351 -8 -8 0
396 327 124 348 0 8 0
396 335 121 345 -8 -8 0
388 327 118 342 0 8 0
388 335 115 339 0 -8 0
388 327 112 336 -8 0 0
380 327 109 333 0 -8 0
380 319 106 330 0 8 0
380 327 103 327 -8 -8 0
372 319 100 324 0 8 0
372 327 97 321 -8 0 0
364 327 94 318 0 0 0
364 327 91 315 0 0 0
364 327 88 312 -8 0 0
356 327 85 309 0 -8 0
356 319 82 306 0 8 0
356 327 79 303 -8 -8 0
348 319 76 300 0 -8 0
348 311 73 297 -8 0 0
340 311 70 294 0 0 0
340 311 67 291 0 8 0
340 319 64 288 -8 -8 0
332 311 61 285 0 8 0
332 319 58 282 0 0 0
332 319 55 279 -8 -8 0
324 311 52 276 0 -8 0
324 303 49 273 -8 -8 0
316 295 46 270 0 8 0
316 303 43 267 0 8 0
316 311 40 264 -8 8 0
308 319 37 261 0 8 0
308 327 34 258 0 0 0
308 327 31 255 -8 0 0
300 327 28 252 0 8 0
300 335 25 249 -8 -8 0
292 327 22 246 0 -8 0
292 319 19 243 0 0 0
292 319 22 240 -8 -8 0
284 311 25 237 0 0 0
284 311 28 234 0 8 0
284 319 31 231 -8 8 0
276 327 34 228 0 -8 0
276 319 37 225 -8 0 0
268 319 40 222 0 0 0
268 319 43 219 0 -8 0
268 311 46 216 -8 -8 0
260 303 49 213 0 8 0
260 311 52 210 0 0 0
260 311 55 207 -8 0 0
252 311 58 204 0 -8 0
252 303 61 201 -8 8 0
244 311 64 198 0 -8 0
244 303 67 195 0 0 0
244 303 70 192 -8 0 0
236 303 73 189 0 0 0
236 303 76 186 0 8 0
236 311 79 183 -8 0 0
228 311 82 180 0 -8 0
228 303 85 177 -8 8 0
220 311 88 174 0 8 0
220 319 91 171 0 -8 0
220 311 94 168 -8 0 0
212 311 97 165 0 0 0
212 311 100 162 0 -8 0
212 303 103 159 -8 -8 0
204 295 106 156 0 8 0
204 303 109 153 -8 0 0
196 303 112 150 0 0 0
196 303 115 147 0 8 0
196 311 118 144 -8 0 0
188 311 121 141 0 -8 0
188 303 124 138 0 0 0
188 303 127 135 -8 -8 0
180 295 130 132 0 -8 0
180 287 133 129 -8 0 0
172 287 136 126 0 8 0
172 295 139 123 0 0 0
172 295 142 120 -8 8 0
164 303 145 117 0 -8 0
164 295 148 114 0 -8 0
164 287 151 111 -8 0 0
156 287 154 108 0 8 0
156 295 157 105 -8 8 0
148 303 160 102 0 0 0
148 303 163 99 0 8 0
148 311 166 96 -8 8 0
140 319 169 93 0 0 0
140 319 172 90 0 0 0
140 319 175 87 -8 8 0
132 327 178 84 0 0 0
132 327 181 81 -8 0 0
124 327 184 78 0 8 0
124 335 187 75 0 8 0
124 343 190 72 -8 8 0
116 351 193 69 0 0 0
116 351 196 66 0 -8 0
116 343 199 63 -8 8 0
108 351 202 60 0 8 0
108 359 205 57 -8 0 0
100 359 208 54 0 0 0
100 359 211 51 0 8 0
100 367 214 48 -8 0 0
92 367 217 45 0 8 0
92 375 220 42 0 0 0
92 375 223 39 -8 8 0
84 383 226 36 0 8 0
84 391 229 33 -8 -8 0
76 383 232 30 0 -8 0
76 375 235 27 0 -8 0
76 367 238 24 -8 8 0
68 375 241 21 0 0 0
68 375 244 18 0 0 0
68 375 247 15 -8 0 0
60 375 250 12 0 -8 0
60 367 253 9 -8 -8 0
60 359 256 12 0 0 0
60 359 259 15 0 8 0
60 367 262 18 0 0 0
60 367 265 21 0 8 0
60 375 268 24 0 -8 0
60 367 271 27 0 0 0
60 367 274 30 0 8 0
60 375 277 33 0 8 0
60 383 280 36 0 -8 0
60 375 283 39 0 -8 0
60 367 286 42 0 -8 0
60 359 289 45 0 0 0
60 359 292 48 0 8 0
60 367 295 51 0 -8 0
60 359 298 54 0 8 0
60 367 301 57 0 0 0
60 367 304 60 0 -8 0
60 359 307 63 0 8 0
60 367 310 66 0 0 0
60 367 313 69 0 8 0
60 375 316 72 0 8 0
60 383 319 75 0 0 0
60 383 322 78 0 8 0
60 391 325 81 0 -8 0
60 383 328 84 0 -8 0
60 375 331 87 0 -8 0
60 367 334 90 0 0 0
60 367 337 93 0 -8 0
60 359 340 96 0 8 0
60 367 343 99 0 8 0
60 375 346 102 0 0 0
60 375 349 105 0 -8 0
60 367 352 108 0 -8 0
60 359 355 111 8 -8 0
68 351 358 114 0 0 0
68 351 361 117 0 8 0
68 359 364 120 8 0 0
76 359 367 123 0 8 0
76 367 370 126 0 -8 0
76 359 373 129 8 -8 0
84 351 376 132 0 -8 0
84 343 379 135 8 0 0
92 343 382 138 0 -8 0
92 335 385 141 0 8 0
92 343 388 144 8 0 0
100 343 391 147 0 8 0
100 351 394 150 0 -8 0
100 343 397 153 8 -8 0
108 335 400 156 0 8 0
108 343 403 159 8 0 0
116 343 406 162 0 8 0
116 351 409 165 0 -8 0
116 343 412 168 8 0 0
124 343 415 171 0 8 0
124 351 418 174 0 0 0
124 351 421 177 8 0 0
132 351 424 180 0 8 0
132 359 427 183 8 -8 0
140 351 430 186 0 0 0
140 351 433 189 0 8 0
140 359 436 192 8 0 0
148 359 439 195 0 8 0
148 367 442 198 0 -8 0
148 359 445 201 8 0 0
156 359 448 204 0 -8 0
156 351 451 207 8 0 0
164 351 454 210 0 -8 0
164 343 457 213 0 0 0
164 343 460 216 8 -8 0
172 335 463 219 0 -8 0
172 327 466 222 0 8 0
172 335 469 225 8 -8 0
180 327 472 228 0 0 0
180 327 475 231 8 8 0
188 335 478 234 0 -8 0
188 327 481 237 0 0 0
188 327 484 240 8 0 0
196 327 487 243 0 0 0
196 327 490 246 0 8 0
196 335 493 249 8 8 0
204 343 496 252 0 -8 0
204 335 499 255 8 0 0
212 335 502 258 0 8 0
212 343 505 261 0 -8 0
212 335 508 264 8 -8 0
220 327 511 267 0 -8 0
220 319 514 270 0 8 0
220 327 517 273 8 0 0
228 327 520 276 0 8 0
228 335 523 279 8 -8 0
236 327 526 282 0 -8 0
236 319 529 285 0 0 0
236 319 532 288 8 0 0
244 319 535 291 0 0 0
244 319 538 294 0 0 0
244 319 541 297 8 -8 0
252 311 544 300 0 -8 0
252 303 547 303 8 0 0
260 303 550 306 0 0 0
260 303 553 309 0 -8 0
260 295 556 312 8 8 0
268 303 559 315 0 -8 0
268 295 562 318 0 0 0
268 295 565 321 8 8 0
276 303 568 324 0 0 0
276 303 571 327 8 8 0
284 311 574 330 0 8 0
284 319 577 333 0 0 0
284 319 580 336 8 -8 0
292 311 583 339 0 0 0
292 311 586 342 0 -8 0
292 303 589 345 8 8 0
300 311 592 348 0 8 0
300 319 595 351 8 0 0
308 319 598 354 0 0 0
308 319 601 357 0 -8 0
308 311 604 360 8 8 0
316 319 607 363 0 0 0
316 319 610 366 0 -8 0
316 311 613 369 8 8 0
324 319 616 372 0 0 0
324 319 619 375 8 0 0
332 319 622 378 0 8 0
332 327 625 381 0 0 0
332 327 628 384 8 0 0
340 327 631 387 0 8 0
340 335 634 390 0 -8 0
340 327 637 393 8 8 0
348 335 640 396 0 0 0
348 335 643 399 8 -8 0
356 327 646 402 0 0 0
356 327 649 405 0 -8 0
356 319 652 408 8 0 0
364 319 655 411 0 8 0
364 327 658 414 0 0 0
364 327 661 417 8 8 0
372 335 664 420 0 8 0
372 343 667 423 8 8 0
380 351 670 426 0 0 0
380 351 673 429 0 8 0
380 359 676 432 8 0 0
388 359 679 435 0 -8 0
388 351 682 438 0 8 0
388 359 685 441 8 0 0
396 359 688 444 0 -8 0
396 351 691 447 8 0 0
404 351 694 450 0 0 0
404 351 697 453 0 0 0
404 351 700 456 8 -8 0
412 343 703 459 0 8 0
412 351 706 462 0 8 0
412 359 709 465 8 8 0
420 367 712 468 0 -8 0
420 359 715 471 8 0 0
428 359 718 474 0 8 0
428 367 721 477 0 -8 0
428 359 724 480 8 8 0
436 367 727 483 0 8 0
436 375 730 486 0 0 0
436 375 733 489 8 8 0
444 383 736 492 0 0 0
444 383 739 495 8 8 0
452 391 742 498 0 -8 0
452 383 745 501 0 0 0
452 383 748 504 8 -8 0
460 375 751 507 0 0 0
460 375 754 510 0 8 0
460 383 757 513 8 -8 0
468 375 760 516 0 8 0
468 383 763 519 8 0 0
476 383 766 522 0 -8 0
476 375 769 525 0 0 0
476 375 772 528 8 0 0
484 375 775 531 0 0 0
484 375 778 534 0 0 0
484 375 781 537 0 0 1
484 375 781 537 0 0 1
484 375 781 537 0 0 1
484 375 781 537 0 0 1
484 375 781 537 0 0 1
