278 475 538 411 0 0 0
278 475 541 408 8 8 0
286 483 544 405 8 -8 0
294 475 547 402 8 8 0
302 483 550 399 8 -8 0
310 475 553 396 8 -8 0
318 467 556 393 8 0 0
326 467 559 390 8 -8 0
334 459 562 387 8 -8 0
342 451 565 384 0 0 0
342 451 568 381 0 8 0
342 459 571 378 0 8 0
342 467 574 375 0 8 0
342 475 577 372 0 0 0
342 475 580 369 0 0 0
342 475 583 366 0 -8 0
342 467 586 363 0 -8 0
342 459 589 360 0 -8 0
342 451 592 357 0 0 0
342 451 595 354 0 -8 0
342 443 598 351 0 -8 0
342 435 601 348 0 -8 0
342 427 604 345 0 8 0
342 435 607 342 0 8 0
342 443 610 339 0 0 0
342 443 613 336 0 0 0
342 443 616 333 0 0 0
342 443 619 330 0 8 0
342 451 622 327 0 8 0
342 459 625 324 0 0 0
342 459 628 321 0 0 0
342 459 631 318 0 8 0
342 467 634 315 0 8 0
342 475 637 312 0 0 0
342 475 640 309 0 0 0
342 475 643 306 0 0 0
342 475 646 303 0 8 0
342 483 649 300 0 -8 0
342 475 652 297 0 -8 0
342 467 655 294 0 0 0
342 467 658 291 -8 0 0
334 467 661 288 0 0 0
334 467 664 285 0 -8 0
334 459 667 282 -8 8 0
326 467 670 279 0 0 0
326 467 673 276 0 8 0
326 475 676 273 -8 -8 0
318 467 679 270 0 8 0
318 475 682 267 -8 0 0
310 475 685 264 0 8 0
310 483 688 261 0 -8 0
310 475 691 258 -8 8 0
302 483 694 255 0 8 0
302 491 697 252 0 -8 0
302 483 700 249 -8 -8 0
294 475 703 246 0 0 0
294 475 706 243 -8 0 0
286 475 709 240 0 -8 0
286 467 712 237 0 8 0
286 475 715 234 -8 8 0
278 483 718 231 0 -8 0
278 475 721 228 0 -8 0
278 467 724 225 -8 8 0
270 475 727 222 0 -8 0
270 467 730 219 -8 0 0
262 467 733 216 0 0 0
262 467 736 213 0 -8 0
262 459 739 210 -8 8 0
254 467 742 207 0 0 0
254 467 745 204 0 -8 0
254 459 748 201 -8 0 0
246 459 751 198 0 -8 0
246 451 754 195 -8 8 0
238 459 757 192 0 0 0
238 459 760 189 0 -8 0
238 451 763 186 -8 8 0
230 459 766 183 0 0 0
230 459 769 180 0 0 0
230 459 772 177 -8 8 0
222 467 775 174 0 -8 0
222 459 778 171 -8 0 0
214 459 781 168 0 0 1
214 459 781 168 0 0 1
214 459 781 168 0 0 1
214 459 781 168 0 0 1
214 459 781 168 0 0 1
