332 94 139 360 0 0 0
332 94 142 363 0 -8 0
332 86 145 366 0 8 0
332 94 148 369 0 -8 0
332 86 151 372 0 0 0
332 86 154 375 0 -8 0
332 78 157 378 0 -8 0
332 70 160 381 0 0 0
332 70 163 384 8 -8 0
340 62 166 387 0 -8 0
340 60 169 390 0 0 0
340 60 172 393 8 8 0
348 68 175 396 0 8 0
348 76 178 399 8 0 0
356 76 181 402 0 -8 0
356 68 184 405 0 0 0
356 68 187 408 8 8 0
364 76 190 411 0 8 0
364 84 193 414 0 0 0
364 84 196 417 8 -8 0
372 76 199 420 0 -8 0
372 68 202 423 8 -8 0
380 60 205 426 0 0 0
380 60 208 429 0 0 0
380 60 211 432 8 -8 0
388 60 214 435 0 8 0
388 68 217 438 0 -8 0
388 60 220 441 8 8 0
396 68 223 444 0 8 0
396 76 226 447 8 -8 0
404 68 229 450 0 8 0
404 76 232 453 0 0 0
404 76 235 456 8 0 0
412 76 238 459 0 8 0
412 84 241 462 0 -8 0
412 76 244 465 8 8 0
420 84 247 468 0 8 0
420 92 250 471 8 -8 0
428 84 253 474 0 -8 0
428 76 256 477 0 -8 0
428 68 259 480 8 8 0
436 76 262 483 0 -8 0
436 68 265 486 0 -8 0
436 60 268 489 8 8 0
444 68 271 492 0 -8 0
444 60 274 495 8 8 0
452 68 277 498 0 -8 0
452 60 280 501 0 0 0
452 60 283 504 8 -8 0
460 60 286 507 0 8 0
460 68 289 510 0 0 0
460 68 292 513 8 8 0
468 76 295 516 0 -8 0
468 68 298 519 8 -8 0
476 60 301 522 0 8 0
476 68 304 525 0 8 0
476 76 307 528 8 8 0
484 84 310 531 0 -8 0
484 76 313 534 0 -8 0
484 68 316 537 8 0 0
492 68 319 540 0 0 0
492 68 322 543 8 0 0
500 68 325 546 0 8 0
500 76 328 549 0 8 0
500 84 331 552 8 0 0
508 84 334 555 0 8 0
508 92 337 558 0 0 0
508 92 340 561 8 -8 0
516 84 343 564 0 0 0
516 84 346 567 8 8 0
524 92 349 570 0 8 0
524 100 352 573 0 8 0
524 108 355 576 8 8 0
532 116 358 579 0 0 0
532 116 361 582 0 8 0
532 124 364 585 8 -8 0
540 116 367 588 0 0 0
540 116 370 591 8 8 0
540 124 373 588 0 8 0
540 132 376 585 0 8 0
540 140 379 582 0 8 0
540 148 382 579 0 -8 0
540 140 385 576 0 -8 0
540 132 388 573 0 8 0
540 140 391 570 0 0 0
540 140 394 567 0 0 0
540 140 397 564 0 8 0
540 148 400 561 0 8 0
540 156 403 558 0 8 0
540 164 406 555 0 -8 0
540 156 409 552 0 -8 0
540 148 412 549 0 8 0
540 156 415 546 0 8 0
540 164 418 543 0 0 0
540 164 421 540 0 0 0
540 164 424 537 0 -8 0
540 156 427 534 0 -8 0
540 148 430 531 0 8 0
540 156 433 528 0 -8 0
540 148 436 525 0 -8 0
540 140 439 522 0 0 0
540 140 442 519 0 0 0
540 140 445 516 0 0 0
540 140 448 513 0 -8 0
540 132 451 510 0 8 0
540 140 454 507 0 0 0
540 140 457 504 0 -8 0
540 132 460 501 0 -8 0
540 124 463 498 0 8 0
540 132 466 495 0 8 0
540 140 469 492 0 0 0
540 140 472 489 -8 -8 0
532 132 475 486 0 8 0
532 140 478 483 0 -8 0
532 132 481 480 -8 -8 0
524 124 484 477 0 8 0
524 132 487 474 0 8 0
524 140 490 471 -8 -8 0
516 132 493 468 0 8 0
516 140 496 465 -8 -8 0
508 132 499 462 0 0 0
508 132 502 459 0 8 0
508 140 505 456 -8 8 0
500 148 508 453 0 0 0
500 148 511 450 0 0 0
500 148 514 447 -8 -8 0
492 140 517 444 0 0 0
492 140 520 441 -8 8 0
484 148 523 438 0 0 0
484 148 526 435 0 8 0
484 156 529 432 -8 0 0
476 156 532 429 0 8 0
476 164 535 426 0 -8 0
476 156 538 423 -8 8 0
468 164 541 420 0 8 0
468 172 544 417 -8 8 0
460 180 547 414 0 0 0
460 180 550 411 0 -8 0
460 172 553 408 -8 8 0
452 180 556 405 0 0 0
452 180 559 402 0 0 0
452 180 562 399 -8 -8 0
444 172 565 396 0 0 0
444 172 568 393 -8 8 0
436 180 571 390 0 -8 0
436 172 574 387 0 -8 0
436 164 577 384 -8 -8 0
428 156 580 381 0 -8 0
428 148 583 378 0 8 0
428 156 586 375 -8 8 0
420 164 589 372 0 8 0
420 172 592 369 -8 -8 0
412 164 595 366 0 -8 0
412 156 598 363 0 0 0
412 156 601 360 -8 0 0
404 156 604 357 0 -8 0
404 148 607 354 0 8 0
404 156 610 351 -8 8 0
396 164 613 348 0 0 0
396 164 616 345 -8 8 0
388 172 619 342 0 -8 0
388 164 622 339 0 8 0
388 172 625 336 -8 0 0
380 172 628 333 0 8 0
380 180 631 330 0 0 0
380 180 634 327 -8 8 0
372 188 637 324 0 0 0
372 188 640 321 -8 8 0
364 196 643 318 0 -8 0
364 188 646 315 0 -8 0
364 180 649 312 -8 0 0
356 180 652 309 0 8 0
356 188 655 306 0 -8 0
356 180 658 303 -8 -8 0
348 172 661 300 0 8 0
348 180 664 297 -8 8 0
340 188 667 294 0 -8 0
340 180 670 291 0 -8 0
340 172 673 288 -8 -8 0
332 164 676 285 0 -8 0
332 156 679 282 0 0 0
332 156 682 279 -8 0 0
324 156 685 276 0 8 0
324 164 688 273 -8 8 0
316 172 691 270 0 8 0
316 180 694 267 0 8 0
316 188 697 264 -8 0 0
308 188 700 261 0 8 0
308 196 703 258 0 -8 0
308 188 706 255 -8 0 0
300 188 709 252 0 -8 0
300 180 712 249 -8 0 0
292 180 715 246 0 -8 0
292 172 718 243 0 -8 0
292 164 721 240 -8 8 0
284 172 724 237 0 8 0
284 180 727 234 0 8 0
284 188 730 231 -8 0 0
276 188 733 228 0 0 0
276 188 736 225 -8 -8 0
268 180 739 222 0 8 0
268 188 742 219 0 8 0
268 196 745 216 -8 0 0
260 196 748 213 0 0 0
260 196 751 210 0 8 0
260 204 754 207 -8 0 0
252 204 757 204 0 0 0
252 204 760 201 -8 -8 0
244 196 763 198 0 -8 0
244 188 766 195 0 8 0
244 196 769 192 -8 -8 0
236 188 772 189 0 -8 0
236 180 775 186 0 0 0
236 180 778 183 -8 -8 0
228 172 781 180 0 8 0
228 180 778 177 -8 8 0
220 188 775 174 0 -8 0
220 180 772 171 0 8 0
220 188 769 168 -8 -8 0
212 180 766 165 0 -8 0
212 172 763 162 0 0 0
212 172 760 159 -8 -8 0
204 164 757 156 0 -8 0
204 156 754 153 -8 8 0
196 164 751 150 0 0 0
196 164 748 147 0 -8 0
196 156 745 144 -8 0 0
188 156 742 141 0 -8 0
188 148 739 138 0 -8 0
188 140 736 135 -8 0 0
180 140 733 132 0 8 0
180 148 730 129 -8 0 0
172 148 727 126 0 -8 0
172 140 724 123 0 8 0
172 148 721 120 -8 8 0
164 156 718 117 0 0 0
164 156 715 114 0 -8 0
164 148 712 111 -8 -8 0
156 140 709 108 0 0 0
156 140 706 105 -8 0 0
148 140 703 102 0 -8 0
148 132 700 99 0 0 0
148 132 697 96 -8 0 0
140 132 694 93 0 0 0
140 132 691 90 0 8 0
140 140 688 87 -8 0 0
132 140 685 84 0 8 0
132 148 682 81 -8 -8 0
124 140 679 78 0 0 0
124 140 676 75 0 0 0
124 140 673 72 -8 8 0
116 148 670 69 0 -8 0
116 140 667 66 0 -8 0
116 132 664 63 -8 0 0
108 132 661 60 0 -8 0
108 124 658 57 -8 8 0
100 132 655 54 0 0 0
100 132 652 51 0 0 0
100 132 649 48 -8 8 0
92 140 646 45 0 0 0
92 140 643 42 0 0 0
92 140 640 39 -8 8 0
84 148 637 36 0 -8 0
84 140 634 33 -8 -8 0
76 132 631 30 0 8 0
76 140 628 27 0 0 0
76 140 625 24 -8 -8 0
68 132 622 21 0 8 0
68 140 619 18 0 0 0
68 140 616 15 -8 0 0
60 140 613 12 0 -8 0
60 132 610 9 -8 8 0
60 140 607 12 0 8 0
60 148 604 15 0 0 0
60 148 601 18 0 0 0
60 148 598 21 0 -8 0
60 140 595 24 0 0 0
60 140 592 27 0 0 0
60 140 589 30 0 -8 0
60 132 586 33 0 0 0
60 132 583 36 0 0 0
60 132 580 39 0 -8 0
60 124 577 42 0 -8 0
60 116 574 45 0 -8 0
60 108 571 48 0 0 0
60 108 568 51 0 0 0
60 108 565 54 0 8 0
60 116 562 57 0 8 0
60 124 559 60 0 8 0
60 132 556 63 0 0 0
60 132 553 66 0 8 0
60 140 550 69 0 8 0
60 148 547 72 0 -8 0
60 140 544 75 0 0 0
60 140 541 78 0 8 0
60 148 538 81 0 -8 0
60 140 535 84 0 -8 0
60 132 532 87 0 8 0
60 140 529 90 0 8 0
60 148 526 93 0 -8 0
60 140 523 96 0 -8 0
60 132 520 99 0 -8 0
60 124 517 102 0 -8 0
60 116 514 105 0 8 0
60 124 511 108 0 0 0
60 124 508 111 8 -8 0
68 116 505 114 0 -8 0
68 108 502 117 0 8 0
68 116 499 120 8 -8 0
76 108 496 123 0 8 0
76 116 493 126 0 -8 0
76 108 490 129 8 0 0
84 108 487 132 0 -8 0
84 100 484 135 8 8 0
92 108 481 138 0 0 0
92 108 478 141 0 -8 0
92 100 475 144 8 -8 0
100 92 472 147 0 0 0
100 92 469 150 0 0 0
100 92 466 153 8 8 0
108 100 463 156 0 -8 0
108 92 460 159 8 -8 0
116 84 457 162 0 -8 0
116 76 454 165 0 0 0
116 76 451 168 8 0 0
124 76 448 171 0 8 0
124 84 445 174 0 0 0
124 84 442 177 8 -8 0
132 76 439 180 0 -8 0
132 68 436 183 8 8 0
140 76 433 186 0 0 0
140 76 430 189 0 -8 0
140 68 427 192 8 8 0
148 76 424 195 0 0 0
148 76 421 198 0 0 0
148 76 418 201 8 8 0
156 84 415 204 0 0 0
156 84 412 207 8 -8 0
164 76 409 210 0 0 0
164 76 406 213 0 -8 0
164 68 403 216 8 0 0
172 68 400 219 0 -8 0
172 60 397 222 0 0 0
172 60 394 225 8 -8 0
180 60 391 228 0 0 0
180 60 388 231 8 8 0
188 68 385 234 0 -8 0
188 60 382 237 0 0 0
188 60 379 240 8 8 0
196 68 376 243 0 0 0
196 68 373 246 0 -8 0
196 60 370 249 8 0 0
204 60 367 252 0 8 0
204 68 364 255 8 0 0
212 68 361 258 0 0 0
212 68 358 261 0 -8 0
212 60 355 264 8 8 0
220 68 352 267 0 8 0
220 76 349 270 0 -8 0
220 68 346 273 8 8 0
228 76 343 276 0 8 0
228 84 340 279 8 -8 0
236 76 337 282 0 0 0
236 76 334 285 0 0 0
236 76 331 288 8 0 0
244 76 328 291 0 0 0
244 76 325 294 0 -8 0
244 68 322 297 8 0 0
252 68 319 300 0 -8 0
252 60 316 303 8 0 0
260 60 313 306 0 -8 0
260 60 310 309 0 0 0
260 60 307 312 8 -8 0
268 60 304 315 0 -8 0
268 60 301 318 0 8 0
268 68 298 321 8 0 0
276 68 295 324 0 0 0
276 68 292 327 8 -8 0
284 60 289 330 0 8 0
284 68 286 333 0 8 0
284 76 283 336 8 -8 0
292 68 280 339 0 -8 0
292 60 277 342 0 -8 0
292 60 274 345 8 8 0
300 68 271 348 0 -8 0
300 60 268 351 8 0 0
308 60 265 354 0 -8 0
308 60 262 357 0 0 0
308 60 259 360 8 8 0
316 68 256 363 0 8 0
316 76 253 366 0 -8 0
316 68 250 369 8 8 0
324 76 247 372 0 0 0
324 76 244 375 8 8 0
332 84 241 378 0 -8 0
332 76 238 381 0 -8 0
332 68 235 384 8 8 0
340 76 232 387 0 -8 0
340 68 229 390 0 8 0
340 76 226 393 8 8 0
348 84 223 396 0 8 0
348 92 220 399 8 -8 0
356 84 217 402 0 0 0
356 84 214 405 0 8 0
356 92 211 408 8 0 0
364 92 208 411 0 0 0
364 92 205 414 0 0 0
364 92 202 417 8 -8 0
372 84 199 420 0 8 0
372 92 196 423 8 8 0
380 100 193 426 0 -8 0
380 92 190 429 0 -8 0
380 84 187 432 8 8 0
388 92 184 435 0 0 0
388 92 181 438 0 8 0
388 100 178 441 8 -8 0
396 92 175 444 0 0 0
396 92 172 447 8 -8 0
404 84 169 450 0 -8 0
404 76 166 453 0 0 0
404 76 163 456 8 8 0
412 84 160 459 0 8 0
412 92 157 462 0 8 0
412 100 154 465 8 8 0
420 108 151 468 0 8 0
420 116 148 471 8 8 0
428 124 145 474 0 -8 0
428 116 142 477 0 -8 0
428 108 139 480 8 -8 0
436 100 136 483 0 -8 0
436 92 133 486 0 0 0
436 92 130 489 8 -8 0
444 84 127 492 0 -8 0
444 76 124 495 8 -8 0
452 68 121 498 0 0 0
452 68 118 501 0 8 0
452 76 115 504 8 -8 0
460 68 112 507 0 -8 0
460 60 109 510 0 8 0
460 68 106 513 8 -8 0
468 60 103 516 0 0 0
468 60 100 519 8 0 0
476 60 97 522 0 0 0
476 60 94 525 0 0 0
476 60 91 528 8 -8 0
484 60 88 531 0 8 0
484 68 85 534 0 -8 0
484 60 82 537 8 8 0
492 68 79 540 0 8 0
492 76 76 543 8 -8 0
500 68 73 546 0 -8 0
500 60 70 549 0 0 0
500 60 67 552 8 -8 0
508 60 64 555 0 -8 0
508 60 61 558 0 -8 0
508 60 58 561 8 0 0
516 60 55 564 0 0 0
516 60 52 567 8 8 0
524 68 49 570 0 8 0
524 76 46 573 0 -8 0
524 68 43 576 8 -8 0
532 60 40 579 0 0 0
532 60 37 582 0 8 0
532 68 34 585 8 8 0
540 76 31 588 0 8 0
540 84 28 591 8 8 0
540 92 25 588 0 -8 0
540 84 22 585 0 8 0
540 92 19 582 0 0 0
540 92 22 579 0 0 0
540 92 25 576 0 8 0
540 100 28 573 0 0 0
540 100 31 570 0 -8 0
540 92 34 567 0 0 0
540 92 37 564 0 8 0
540 100 40 561 0 -8 0
540 92 43 558 0 -8 0
540 84 46 555 0 8 0
540 92 49 552 0 0 0
540 92 52 549 0 0 0
540 92 55 546 0 -8 0
540 84 58 543 0 8 0
540 92 61 540 0 8 0
540 100 64 537 0 -8 0
540 92 67 534 0 0 0
540 92 70 531 0 -8 0
540 84 73 528 0 0 0
540 84 76 525 0 -8 0
540 76 79 522 0 -8 0
540 68 82 519 0 0 0
540 68 85 516 0 0 0
540 68 88 513 0 8 0
540 76 91 510 0 0 0
540 76 94 507 0 0 0
540 76 97 504 0 0 0
540 76 100 501 0 0 0
540 76 103 498 0 0 0
540 76 106 495 0 0 0
540 76 109 492 0 -8 0
540 68 112 489 -8 -8 0
532 60 115 486 0 0 0
532 60 118 483 0 0 0
532 60 121 480 -8 -8 0
524 60 124 477 0 0 0
524 60 127 474 0 0 0
524 60 130 471 -8 -8 0
516 60 133 468 0 8 0
516 68 136 465 -8 0 0
508 68 139 462 0 0 0
508 68 142 459 0 -8 0
508 60 145 456 -8 0 0
500 60 148 453 0 -8 0
500 60 151 450 0 0 0
500 60 154 447 -8 -8 0
492 60 157 444 0 -8 0
492 60 160 441 -8 0 0
484 60 163 438 0 0 0
484 60 166 435 0 -8 0
484 60 169 432 -8 8 0
476 68 172 429 0 0 0
476 68 175 426 0 8 0
476 76 178 423 -8 0 0
468 76 181 420 0 0 0
468 76 184 417 -8 0 0
460 76 187 414 0 -8 0
460 68 190 411 0 0 0
460 68 193 408 -8 0 0
452 68 196 405 0 8 0
452 76 199 402 0 8 0
452 84 202 399 -8 -8 0
444 76 205 396 0 8 0
444 84 208 393 -8 8 0
436 92 211 390 0 8 0
436 100 214 387 0 8 0
436 108 217 384 -8 8 0
428 116 220 381 0 -8 0
428 108 223 378 0 8 0
428 116 226 375 -8 0 0
420 116 229 372 0 -8 0
420 108 232 369 -8 0 0
412 108 235 366 0 8 0
412 116 238 363 0 -8 0
412 108 241 360 -8 -8 0
404 100 244 357 0 -8 0
404 92 247 354 0 -8 0
404 84 250 351 -8 8 0
396 92 253 348 0 0 0
396 92 256 345 -8 0 0
388 92 259 342 0 8 0
388 100 262 339 0 -8 0
388 92 265 336 -8 -8 0
380 84 268 333 0 -8 0
380 76 271 330 0 8 0
380 84 274 327 -8 0 0
372 84 277 324 0 -8 0
372 76 280 321 -8 0 0
364 76 283 318 0 -8 0
364 68 286 315 0 -8 0
364 60 289 312 -8 -8 0
356 60 292 309 0 -8 0
356 60 295 306 0 -8 0
356 60 298 303 -8 -8 0
348 60 301 300 0 0 0
348 60 304 297 -8 0 0
340 60 307 294 0 -8 0
340 60 310 291 0 0 0
340 60 313 288 -8 -8 0
332 60 316 285 0 0 0
332 60 319 282 0 -8 0
332 60 322 279 -8 0 0
324 60 325 276 0 -8 0
324 60 328 273 -8 -8 0
316 60 331 270 0 -8 0
316 60 334 267 0 -8 0
316 60 337 264 -8 -8 0
308 60 340 261 0 8 0
308 68 343 258 0 -8 0
308 60 346 255 -8 -8 0
300 60 349 252 0 0 0
300 60 352 249 -8 -8 0
292 60 355 246 0 8 0
292 68 358 243 0 8 0
292 76 361 240 -8 0 0
284 76 364 237 0 8 0
284 84 367 234 0 0 0
284 84 370 231 -8 0 0
276 84 373 228 0 -8 0
276 76 376 225 -8 -8 0
268 68 379 222 0 -8 0
268 60 382 219 0 0 0
268 60 385 216 -8 8 0
260 68 388 213 0 8 0
260 76 391 210 0 -8 0
260 68 394 207 -8 -8 0
252 60 397 204 0 -8 0
252 60 400 201 -8 -8 0
244 60 403 198 0 8 0
244 68 406 195 0 -8 0
244 60 409 192 -8 8 0
236 68 412 189 0 -8 0
236 60 415 186 0 8 0
236 68 418 183 -8 8 0
228 76 421 180 0 -8 0
228 68 424 177 -8 -8 0
220 60 427 174 0 0 0
220 60 430 171 0 8 0
220 68 433 168 -8 0 0
212 68 436 165 0 -8 0
212 60 439 162 0 0 0
212 60 442 159 -8 8 0
204 68 445 156 0 -8 0
204 60 448 153 -8 8 0
196 68 451 150 0 -8 0
196 60 454 147 0 0 0
196 60 457 144 -8 -8 0
188 60 460 141 0 -8 0
188 60 463 138 0 8 0
188 68 466 135 -8 -8 0
180 60 469 132 0 -8 0
180 60 472 129 -8 0 0
172 60 475 126 0 0 0
172 60 478 123 0 8 0
172 68 481 120 -8 0 0
164 68 484 117 0 8 0
164 76 487 114 0 -8 0
164 68 490 111 -8 -8 0
156 60 493 108 0 -8 0
156 60 496 105 -8 -8 0
148 60 499 102 0 8 0
148 68 502 99 0 -8 0
148 60 505 96 -8 -8 0
140 60 508 93 0 -8 0
140 60 511 90 0 8 0
140 68 514 87 -8 0 0
132 68 517 84 0 -8 0
132 60 520 81 -8 0 0
124 60 523 78 0 0 0
124 60 526 75 0 -8 0
124 60 529 72 -8 -8 0
116 60 532 69 0 8 0
116 68 535 66 0 8 0
116 76 538 63 -8 8 0
108 84 541 60 0 8 0
108 92 544 57 -8 8 0
100 100 547 54 0 0 0
100 100 550 51 0 8 0
100 108 553 48 -8 0 0
92 108 556 45 0 -8 0
92 100 559 42 0 8 0
92 108 562 39 -8 0 0
84 108 565 36 0 0 0
84 108 568 33 -8 8 0
76 116 571 30 0 8 0
76 124 574 27 0 8 0
76 132 577 24 -8 0 0
68 132 580 21 0 8 0
68 140 583 18 0 8 0
68 148 586 15 -8 0 0
60 148 589 12 0 8 0
60 156 592 9 -8 8 0
60 164 595 12 0 8 0
60 172 598 15 0 0 0
60 172 601 18 0 -8 0
60 164 604 21 0 8 0
60 172 607 24 0 8 0
60 180 610 27 0 -8 0
60 172 613 30 0 8 0
60 180 616 33 0 0 0
60 180 619 36 0 -8 0
60 172 622 39 0 0 0
60 172 625 42 0 -8 0
60 164 628 45 0 0 0
60 164 631 48 0 0 0
60 164 634 51 0 8 0
60 172 637 54 0 8 0
60 180 640 57 0 8 0
60 188 643 60 0 -8 0
60 180 646 63 0 8 0
60 188 649 66 0 8 0
60 196 652 69 0 0 0
60 196 655 72 0 -8 0
60 188 658 75 0 -8 0
60 180 661 78 0 8 0
60 188 664 81 0 8 0
60 196 667 84 0 0 0
60 196 670 87 0 0 0
60 196 673 90 0 8 0
60 204 676 93 0 -8 0
60 196 679 96 0 0 0
60 196 682 99 0 -8 0
60 188 685 102 0 0 0
60 188 688 105 0 0 0
60 188 691 108 0 -8 0
60 180 694 111 8 8 0
68 188 697 114 0 -8 0
68 180 700 117 0 8 0
68 188 703 120 8 -8 0
76 180 706 123 0 8 0
76 188 709 126 0 -8 0
76 180 712 129 8 -8 0
84 172 715 132 0 0 0
84 172 718 135 8 -8 0
92 164 721 138 0 0 0
92 164 724 141 0 0 0
92 164 727 144 8 -8 0
100 156 730 147 0 -8 0
100 148 733 150 0 0 0
100 148 736 153 8 0 0
108 148 739 156 0 -8 0
108 140 742 159 8 0 0
116 140 745 162 0 -8 0
116 132 748 165 0 0 0
116 132 751 168 8 -8 0
124 124 754 171 0 8 0
124 132 757 174 0 8 0
124 140 760 177 8 0 0
132 140 763 180 0 0 0
132 140 766 183 8 -8 0
140 132 769 186 0 8 0
140 140 772 189 0 0 0
140 140 775 192 8 0 0
148 140 778 195 0 0 0
148 140 781 198 0 0 1
148 140 781 198 0 0 1
148 140 781 198 0 0 1
148 140 781 198 0 0 1
148 140 781 198 0 0 1
