96 301 301 228 0 0 0
96 301 304 225 8 -8 0
104 293 307 222 8 -8 0
112 285 310 219 8 8 0
120 293 313 216 8 8 0
128 301 316 213 8 0 0
136 301 319 210 8 -8 0
144 293 322 207 8 0 0
152 293 325 204 8 -8 0
160 285 328 201 0 0 0
160 285 331 198 0 -8 0
160 277 334 195 0 8 0
160 285 337 192 0 -8 0
160 277 340 189 0 8 0
160 285 343 186 0 -8 0
160 277 346 183 0 8 0
160 285 349 180 0 8 0
160 293 352 177 0 -8 0
160 285 355 174 0 -8 0
160 277 358 171 0 -8 0
160 269 361 168 0 0 0
160 269 364 165 0 0 0
160 269 367 162 0 -8 0
160 261 370 159 0 -8 0
160 253 373 156 0 8 0
160 261 376 153 0 -8 0
160 253 379 150 0 -8 0
160 245 382 147 0 -8 0
160 237 385 144 0 -8 0
160 229 388 141 0 8 0
160 237 391 138 0 -8 0
160 229 394 135 0 -8 0
160 221 397 132 0 8 0
160 229 400 129 0 8 0
160 237 403 126 0 8 0
160 245 406 123 0 -8 0
160 237 409 120 0 -8 0
160 229 412 117 0 0 0
160 229 415 114 0 0 0
160 229 418 111 0 8 0
160 237 421 108 -8 -8 0
152 229 424 105 0 8 0
152 237 427 102 0 0 0
152 237 430 99 -8 8 0
144 245 433 96 0 0 0
144 245 436 93 -8 8 0
136 253 439 90 0 8 0
136 261 442 87 0 -8 0
136 253 445 84 -8 -8 0
128 245 448 81 0 -8 0
128 237 451 78 0 -8 0
128 229 454 75 -8 8 0
120 237 457 72 0 -8 0
120 229 460 69 -8 8 0
112 237 463 66 0 8 0
112 245 466 63 0 -8 0
112 237 469 60 -8 -8 0
104 229 472 57 0 8 0
104 237 475 54 0 0 0
104 237 478 51 -8 8 0
96 245 481 48 0 0 0
96 245 484 45 -8 0 0
88 245 487 42 0 0 0
88 245 490 39 0 8 0
88 253 493 36 -8 8 0
80 261 496 33 0 8 0
80 269 499 30 0 8 0
80 277 502 27 -8 8 0
72 285 505 24 0 -8 0
72 277 508 21 -8 -8 0
64 269 511 18 0 8 0
64 277 514 15 0 0 0
64 277 517 12 -8 -8 0
60 269 520 9 -8 -8 0
60 261 523 12 0 -8 0
60 253 526 15 0 0 0
60 253 529 18 0 -8 0
60 245 532 21 0 0 0
60 245 535 24 0 -8 0
60 237 538 27 0 0 0
60 237 541 30 0 0 0
60 237 544 33 0 0 0
60 237 547 36 0 -8 0
60 229 550 39 0 -8 0
60 221 553 42 0 8 0
60 229 556 45 0 8 0
60 237 559 48 0 0 0
60 237 562 51 0 0 0
60 237 565 54 0 8 0
60 245 568 57 0 -8 0
60 237 571 60 0 8 0
60 245 574 63 0 -8 0
60 237 577 66 0 0 0
60 237 580 69 0 0 0
60 237 583 72 0 8 0
60 245 586 75 0 0 0
60 245 589 78 0 8 0
60 253 592 81 0 8 0
60 261 595 84 0 8 0
60 269 598 87 0 -8 0
60 261 601 90 0 8 0
60 269 604 93 0 -8 0
60 261 607 96 0 0 0
60 261 610 99 0 0 0
60 261 613 102 0 -8 0
60 253 616 105 0 8 0
60 261 619 108 0 8 0
60 269 622 111 8 -8 0
68 261 625 114 0 8 0
68 269 628 117 0 8 0
68 277 631 120 8 8 0
76 285 634 123 0 0 0
76 285 637 126 0 -8 0
76 277 640 129 8 0 0
84 277 643 132 0 -8 0
84 269 646 135 8 8 0
92 277 649 138 0 8 0
92 285 652 141 0 -8 0
92 277 655 144 8 -8 0
100 269 658 147 0 -8 0
100 261 661 150 0 8 0
100 269 664 153 8 0 0
108 269 667 156 0 8 0
108 277 670 159 8 -8 0
116 269 673 162 0 -8 0
116 261 676 165 0 0 0
116 261 679 168 8 -8 0
124 253 682 171 0 -8 0
124 245 685 174 0 -8 0
124 237 688 177 8 -8 0
132 229 691 180 0 -8 0
132 221 694 183 8 -8 0
140 213 697 186 0 0 0
140 213 700 189 0 8 0
140 221 703 192 8 8 0
148 229 706 195 0 0 0
148 229 709 198 0 0 0
148 229 712 201 8 8 0
156 237 715 204 0 -8 0
156 229 718 207 8 0 0
164 229 721 210 0 8 0
164 237 724 213 0 0 0
164 237 727 216 8 8 0
172 245 730 219 0 8 0
172 253 733 222 0 -8 0
172 245 736 225 8 0 0
180 245 739 228 0 0 0
180 245 742 231 8 -8 0
188 237 745 234 0 8 0
188 245 748 237 0 -8 0
188 237 751 240 8 -8 0
196 229 754 243 0 0 0
196 229 757 246 0 8 0
196 237 760 249 8 0 0
204 237 763 252 0 8 0
204 245 766 255 8 -8 0
212 237 769 258 0 0 0
212 237 772 261 0 0 0
212 237 775 264 8 0 0
220 237 778 267 0 -8 0
220 229 781 270 0 -8 0
220 221 778 273 8 8 0
228 229 775 276 0 0 0
228 229 772 279 8 -8 0
236 221 769 282 0 0 0
236 221 766 285 0 0 0
236 221 763 288 8 8 0
244 229 760 291 0 -8 0
244 221 757 294 0 0 0
244 221 754 297 8 -8 0
252 213 751 300 0 8 0
252 221 748 303 8 -8 0
260 213 745 306 0 -8 0
260 205 742 309 0 0 0
260 205 739 312 8 8 0
268 213 736 315 0 8 0
268 221 733 318 0 0 0
268 221 730 321 8 8 0
276 229 727 324 0 -8 0
276 221 724 327 8 8 0
284 229 721 330 0 8 0
284 237 718 333 0 0 0
284 237 715 336 8 -8 0
292 229 712 339 0 8 0
292 237 709 342 0 0 0
292 237 706 345 8 -8 0
300 229 703 348 0 -8 0
300 221 700 351 8 -8 0
308 213 697 354 0 0 0
308 213 694 357 0 -8 0
308 205 691 360 8 -8 0
316 197 688 363 0 -8 0
316 189 685 366 0 -8 0
316 181 682 369 8 0 0
324 181 679 372 0 0 0
324 181 676 375 8 8 0
332 189 673 378 0 0 0
332 189 670 381 0 0 0
332 189 667 384 8 0 0
340 189 664 387 0 -8 0
340 181 661 390 0 8 0
340 189 658 393 8 8 0
348 197 655 396 0 8 0
348 205 652 399 8 8 0
356 213 649 402 0 0 0
356 213 646 405 0 -8 0
356 205 643 408 8 0 0
364 205 640 411 0 8 0
364 213 637 414 0 8 0
364 221 634 417 8 8 0
372 229 631 420 0 0 0
372 229 628 423 8 8 0
380 237 625 426 0 0 0
380 237 622 429 0 8 0
380 245 619 432 8 8 0
388 253 616 435 0 8 0
388 261 613 438 0 -8 0
388 253 610 441 8 -8 0
396 245 607 444 0 0 0
396 245 604 447 8 8 0
404 253 601 450 0 8 0
404 261 598 453 0 8 0
404 269 595 456 8 8 0
412 277 592 459 0 -8 0
412 269 589 462 0 -8 0
412 261 586 465 8 0 0
420 261 583 468 0 8 0
420 269 580 471 8 -8 0
428 261 577 474 0 8 0
428 269 574 477 0 8 0
428 277 571 480 8 -8 0
436 269 568 483 0 0 0
436 269 565 486 0 8 0
436 277 562 489 8 8 0
444 285 559 492 0 8 0
444 293 556 495 8 8 0
452 301 553 498 0 8 0
452 309 550 501 0 -8 0
452 301 547 504 8 0 0
460 301 544 507 0 8 0
460 309 541 510 0 0 0
460 309 538 513 8 8 0
468 317 535 516 0 0 0
468 317 532 519 8 8 0
476 325 529 522 0 0 0
476 325 526 525 0 -8 0
476 317 523 528 8 -8 0
484 309 520 531 0 -8 0
484 301 517 534 0 0 0
484 301 514 537 8 -8 0
492 293 511 540 0 8 0
492 301 508 543 8 8 0
500 309 505 546 0 8 0
500 317 502 549 0 -8 0
500 309 499 552 8 8 0
508 317 496 555 0 0 0
508 317 493 558 0 -8 0
508 309 490 561 8 0 0
516 309 487 564 0 0 0
516 309 484 567 8 0 0
524 309 481 570 0 8 0
524 317 478 573 0 8 0
524 325 475 576 8 8 0
532 333 472 579 0 8 0
532 341 469 582 0 8 0
532 349 466 585 8 -8 0
540 341 463 588 0 8 0
540 349 460 591 8 8 0
540 357 457 588 0 8 0
540 365 454 585 0 8 0
540 373 451 582 0 -8 0
540 365 448 579 0 0 0
540 365 445 576 0 -8 0
540 357 442 573 0 0 0
540 357 439 570 0 8 0
540 365 436 567 0 0 0
540 365 433 564 0 0 0
540 365 430 561 0 0 0
540 365 427 558 0 8 0
540 373 424 555 0 -8 0
540 365 421 552 0 8 0
540 373 418 549 0 0 0
540 373 415 546 0 0 0
540 373 412 543 0 -8 0
540 365 409 540 0 8 0
540 373 406 537 0 8 0
540 381 403 534 0 8 0
540 389 400 531 0 8 0
540 397 397 528 0 0 0
540 397 394 525 0 0 0
540 397 391 522 0 -8 0
540 389 388 519 0 8 0
540 397 385 516 0 0 0
540 397 382 513 0 0 0
540 397 379 510 0 0 0
540 397 376 507 0 8 0
540 405 373 504 0 8 0
540 413 370 501 0 0 0
540 413 367 498 0 -8 0
540 405 364 495 0 0 0
540 405 361 492 0 8 0
540 413 358 489 -8 -8 0
532 405 355 486 0 8 0
532 413 352 483 0 8 0
532 421 349 480 -8 -8 0
524 413 346 477 0 0 0
524 413 343 474 0 8 0
524 421 340 471 -8 0 0
516 421 337 468 0 0 0
516 421 334 465 -8 8 0
508 429 331 462 0 -8 0
508 421 328 459 0 -8 0
508 413 325 456 -8 0 0
500 413 322 453 0 8 0
500 421 319 450 0 8 0
500 429 316 447 -8 8 0
492 437 313 444 0 -8 0
492 429 310 441 -8 -8 0
484 421 307 438 0 8 0
484 429 304 435 0 0 0
484 429 301 432 -8 8 0
476 437 298 429 0 0 0
476 437 295 426 0 -8 0
476 429 292 423 -8 8 0
468 437 289 420 0 8 0
468 445 286 417 -8 0 0
460 445 283 414 0 8 0
460 453 280 411 0 0 0
460 453 277 408 -8 -8 0
452 445 274 405 0 -8 0
452 437 271 402 0 -8 0
452 429 268 399 -8 -8 0
444 421 265 396 0 -8 0
444 413 262 393 -8 8 0
436 421 259 390 0 8 0
436 429 256 387 0 -8 0
436 421 253 384 -8 -8 0
428 413 250 381 0 -8 0
428 405 247 378 0 0 0
428 405 244 375 -8 0 0
420 405 241 372 0 0 0
420 405 238 369 -8 0 0
412 405 235 366 0 8 0
412 413 232 363 0 8 0
412 421 229 360 -8 -8 0
404 413 226 357 0 0 0
404 413 223 354 0 8 0
404 421 220 351 -8 8 0
396 429 217 348 0 -8 0
396 421 214 345 -8 8 0
388 429 211 342 0 8 0
388 437 208 339 0 -8 0
388 429 205 336 -8 0 0
380 429 202 333 0 -8 0
380 421 199 330 0 8 0
380 429 196 327 -8 -8 0
372 421 193 324 0 0 0
372 421 190 321 -8 -8 0
364 413 187 318 0 8 0
364 421 184 315 0 -8 0
364 413 181 312 -8 8 0
356 421 178 309 0 0 0
356 421 175 306 0 8 0
356 429 172 303 -8 0 0
348 429 169 300 0 0 0
348 429 166 297 -8 0 0
340 429 163 294 0 0 0
340 429 160 291 0 0 0
340 429 157 288 -8 0 0
332 429 154 285 0 0 0
332 429 151 282 0 8 0
332 437 148 279 -8 8 0
324 445 145 276 0 0 0
324 445 142 273 -8 -8 0
316 437 139 270 0 0 0
316 437 136 267 0 -8 0
316 429 133 264 -8 8 0
308 437 130 261 0 -8 0
308 429 127 258 0 -8 0
308 421 124 255 -8 8 0
300 429 121 252 0 -8 0
300 421 118 249 -8 -8 0
292 413 115 246 0 -8 0
292 405 112 243 0 0 0
292 405 109 240 -8 0 0
284 405 106 237 0 8 0
284 413 103 234 0 -8 0
284 405 100 231 -8 8 0
276 413 97 228 0 0 0
276 413 94 225 -8 0 0
268 413 91 222 0 8 0
268 421 88 219 0 -8 0
268 413 85 216 -8 0 0
260 413 82 213 0 0 0
260 413 79 210 0 8 0
260 421 76 207 -8 -8 0
252 413 73 204 0 -8 0
252 405 70 201 -8 -8 0
244 397 67 198 0 0 0
244 397 64 195 0 -8 0
244 389 61 192 -8 8 0
236 397 58 189 0 8 0
236 405 55 186 0 0 0
236 405 52 183 -8 -8 0
228 397 49 180 0 8 0
228 405 46 177 -8 8 0
220 413 43 174 0 8 0
220 421 40 171 0 -8 0
220 413 37 168 -8 8 0
212 421 34 165 0 0 0
212 421 31 162 0 0 0
212 421 28 159 -8 -8 0
204 413 25 156 0 0 0
204 413 22 153 -8 0 0
196 413 19 150 0 -8 0
196 405 22 147 0 8 0
196 413 25 144 -8 -8 0
188 405 28 141 0 8 0
188 413 31 138 0 8 0
188 421 34 135 -8 8 0
180 429 37 132 0 0 0
180 429 40 129 -8 -8 0
172 421 43 126 0 8 0
172 429 46 123 0 0 0
172 429 49 120 -8 0 0
164 429 52 117 0 -8 0
164 421 55 114 0 0 0
164 421 58 111 -8 0 0
156 421 61 108 0 8 0
156 429 64 105 -8 8 0
148 437 67 102 0 -8 0
148 429 70 99 0 8 0
148 437 73 96 -8 -8 0
140 429 76 93 0 0 0
140 429 79 90 0 0 0
140 429 82 87 -8 -8 0
132 421 85 84 0 8 0
132 429 88 81 -8 0 0
124 429 91 78 0 8 0
124 437 94 75 0 0 0
124 437 97 72 -8 -8 0
116 429 100 69 0 8 0
116 437 103 66 0 -8 0
116 429 106 63 -8 8 0
108 437 109 60 0 0 0
108 437 112 57 -8 8 0
100 445 115 54 0 8 0
100 453 118 51 0 0 0
100 453 121 48 -8 -8 0
92 445 124 45 0 0 0
92 445 127 42 0 0 0
92 445 130 39 -8 8 0
84 453 133 36 0 8 0
84 461 136 33 -8 0 0
76 461 139 30 0 0 0
76 461 142 27 0 0 0
76 461 145 24 -8 0 0
68 461 148 21 0 8 0
68 469 151 18 0 -8 0
68 461 154 15 -8 0 0
60 461 157 12 0 -8 0
60 453 160 9 -8 0 0
60 453 163 12 0 0 0
60 453 166 15 0 -8 0
60 445 169 18 0 -8 0
60 437 172 21 0 0 0
60 437 175 24 0 -8 0
60 429 178 27 0 0 0
60 429 181 30 0 8 0
60 437 184 33 0 8 0
60 445 187 36 0 0 0
60 445 190 39 0 -8 0
60 437 193 42 0 -8 0
60 429 196 45 0 0 0
60 429 199 48 0 8 0
60 437 202 51 0 -8 0
60 429 205 54 0 -8 0
60 421 208 57 0 8 0
60 429 211 60 0 0 0
60 429 214 63 0 8 0
60 437 217 66 0 0 0
60 437 220 69 0 -8 0
60 429 223 72 0 0 0
60 429 226 75 0 0 0
60 429 229 78 0 8 0
60 437 232 81 0 8 0
60 445 235 84 0 8 0
60 453 238 87 0 -8 0
60 445 241 90 0 8 0
60 453 244 93 0 8 0
60 461 247 96 0 -8 0
60 453 250 99 0 -8 0
60 445 253 102 0 0 0
60 445 256 105 0 0 0
60 445 259 108 0 -8 0
60 437 262 111 8 0 0
68 437 265 114 0 0 0
68 437 268 117 0 8 0
68 445 271 120 8 0 0
76 445 274 123 0 8 0
76 453 277 126 0 8 0
76 461 280 129 8 8 0
84 469 283 132 0 0 0
84 469 286 135 8 8 0
92 477 289 138 0 8 0
92 485 292 141 0 -8 0
92 477 295 144 8 -8 0
100 469 298 147 0 -8 0
100 461 301 150 0 8 0
100 469 304 153 8 -8 0
108 461 307 156 0 -8 0
108 453 310 159 8 8 0
116 461 313 162 0 0 0
116 461 316 165 0 8 0
116 469 319 168 8 0 0
124 469 322 171 0 8 0
124 477 325 174 0 0 0
124 477 328 177 8 0 0
132 477 331 180 0 0 0
132 477 334 183 8 0 0
140 477 337 186 0 -8 0
140 469 340 189 0 -8 0
140 461 343 192 8 8 0
148 469 346 195 0 8 0
148 477 349 198 0 -8 0
148 469 352 201 8 8 0
156 477 355 204 0 0 0
156 477 358 207 8 -8 0
164 469 361 210 0 8 0
164 477 364 213 0 -8 0
164 469 367 216 8 8 0
172 477 370 219 0 8 0
172 485 373 222 0 0 0
172 485 376 225 8 8 0
180 493 379 228 0 8 0
180 501 382 231 8 8 0
188 509 385 234 0 0 0
188 509 388 237 0 -8 0
188 501 391 240 8 0 0
196 501 394 243 0 0 0
196 501 397 246 0 8 0
196 509 400 249 8 -8 0
204 501 403 252 0 8 0
204 509 406 255 8 0 0
212 509 409 258 0 -8 0
212 501 412 261 0 8 0
212 509 415 264 8 -8 0
220 501 418 267 0 8 0
220 509 421 270 0 0 0
220 509 424 273 8 8 0
228 517 427 276 0 8 0
228 525 430 279 8 0 0
236 525 433 282 0 0 0
236 525 436 285 0 8 0
236 533 439 288 8 0 0
244 533 442 291 0 8 0
244 540 445 294 0 0 0
244 540 448 297 8 8 0
252 540 451 300 0 -8 0
252 532 454 303 8 0 0
260 532 457 306 0 0 0
260 532 460 309 0 0 0
260 532 463 312 8 -8 0
268 524 466 315 0 8 0
268 532 469 318 0 0 0
268 532 472 321 8 0 0
276 532 475 324 0 0 0
276 532 478 327 8 -8 0
284 524 481 330 0 0 0
284 524 484 333 0 -8 0
284 516 487 336 8 8 0
292 524 490 339 0 -8 0
292 516 493 342 0 0 0
292 516 496 345 8 0 0
300 516 499 348 0 0 0
300 516 502 351 8 8 0
308 524 505 354 0 0 0
308 524 508 357 0 8 0
308 532 511 360 8 0 0
316 532 514 363 0 -8 0
316 524 517 366 0 0 0
316 524 520 369 8 0 0
324 524 523 372 0 8 0
324 532 526 375 8 0 0
332 532 529 378 0 8 0
332 540 532 381 0 0 0
332 540 535 384 8 8 0
340 540 538 387 0 8 0
340 540 541 390 0 -8 0
340 532 544 393 8 -8 0
348 524 547 396 0 8 0
348 532 550 399 8 8 0
356 540 553 402 0 8 0
356 540 556 405 0 8 0
356 540 559 408 8 0 0
364 540 562 411 0 8 0
364 540 565 414 0 -8 0
364 532 568 417 8 -8 0
372 524 571 420 0 8 0
372 532 574 423 8 -8 0
380 524 577 426 0 0 0
380 524 580 429 0 0 0
380 524 583 432 8 -8 0
388 516 586 435 0 8 0
388 524 589 438 0 -8 0
388 516 592 441 8 0 0
396 516 595 444 0 -8 0
396 508 598 447 8 0 0
404 508 601 450 0 0 0
404 508 604 453 0 8 0
404 516 607 456 8 -8 0
412 508 610 459 0 8 0
412 516 613 462 0 -8 0
412 508 616 465 8 0 0
420 508 619 468 0 8 0
420 516 622 471 8 0 0
428 516 625 474 0 8 0
428 524 628 477 0 -8 0
428 516 631 480 8 0 0
436 516 634 483 0 8 0
436 524 637 486 0 0 0
436 524 640 489 8 -8 0
444 516 643 492 0 -8 0
444 508 646 495 8 -8 0
452 500 649 498 0 0 0
452 500 652 501 0 8 0
452 508 655 504 8 0 0
460 508 658 507 0 -8 0
460 500 661 510 0 -8 0
460 492 664 513 8 0 0
468 492 667 516 0 -8 0
468 484 670 519 8 8 0
476 492 673 522 0 -8 0
476 484 676 525 0 8 0
476 492 679 528 8 8 0
484 500 682 531 0 -8 0
484 492 685 534 0 0 0
484 492 688 537 8 0 0
492 492 691 540 0 0 0
492 492 694 543 8 0 0
500 492 697 546 0 0 0
500 492 700 549 0 -8 0
500 484 703 552 8 0 0
508 484 706 555 0 -8 0
508 476 709 558 0 -8 0
508 468 712 561 8 -8 0
516 460 715 564 0 8 0
516 468 718 567 8 8 0
524 476 721 570 0 0 0
524 476 724 573 0 0 0
524 476 727 576 8 -8 0
532 468 730 579 0 -8 0
532 460 733 582 0 -8 0
532 452 736 585 8 0 0
540 452 739 588 0 0 0
540 452 742 591 8 -8 0
540 444 745 588 0 -8 0
540 436 748 585 0 8 0
540 444 751 582 0 8 0
540 452 754 579 0 0 0
540 452 757 576 0 -8 0
540 444 760 573 0 -8 0
540 436 763 570 0 0 0
540 436 766 567 0 -8 0
540 428 769 564 0 0 0
540 428 772 561 0 -8 0
540 420 775 558 0 8 0
540 428 778 555 0 0 0
540 428 781 552 0 0 1
540 428 781 552 0 0 1
540 428 781 552 0 0 1
540 428 781 552 0 0 1
540 428 781 552 0 0 1
