461 130 262 447 0 0 0
461 130 259 444 0 -8 0
461 122 256 441 0 8 0
461 130 253 438 0 -8 0
461 122 250 435 0 8 0
461 130 247 432 0 8 0
461 138 244 429 0 0 0
461 138 241 426 0 -8 0
461 130 238 423 0 -8 0
461 122 235 420 0 8 0
461 130 232 417 0 0 0
461 130 229 414 0 0 0
461 130 226 411 0 -8 0
461 122 223 408 -8 -8 0
453 114 220 405 0 -8 0
453 106 217 402 -8 8 0
445 114 214 399 0 -8 0
445 106 211 396 0 0 0
445 106 208 393 -8 -8 0
437 98 205 390 0 -8 0
437 90 202 387 0 -8 0
437 82 199 384 -8 0 0
429 82 196 381 0 8 0
429 90 193 378 -8 0 0
421 90 190 375 0 8 0
421 98 187 372 0 0 0
421 98 184 369 -8 0 0
413 98 181 366 0 0 0
413 98 178 363 0 0 0
413 98 175 360 -8 8 0
405 106 172 357 0 0 0
405 106 169 354 -8 8 0
397 114 166 351 0 8 0
397 122 163 348 0 0 0
397 122 160 345 -8 8 0
389 130 157 342 0 8 0
389 138 154 339 0 8 0
389 146 151 336 -8 -8 0
381 138 148 333 0 -8 0
381 130 145 330 -8 8 0
373 138 142 327 0 0 0
373 138 139 324 0 0 0
373 138 136 321 -8 0 0
365 138 133 318 0 -8 0
365 130 130 315 0 0 0
365 130 127 312 -8 0 0
357 130 124 309 0 8 0
357 138 121 306 -8 8 0
349 146 118 303 0 0 0
349 146 115 300 0 8 0
349 154 112 297 -8 8 0
341 162 109 294 0 8 0
341 170 106 291 0 -8 0
341 162 103 288 -8 0 0
333 162 100 285 0 -8 0
333 154 97 282 -8 0 0
325 154 94 279 0 0 0
325 154 91 276 0 0 0
325 154 88 273 -8 8 0
317 162 85 270 0 0 0
317 162 82 267 0 -8 0
317 154 79 264 -8 0 0
309 154 76 261 0 -8 0
309 146 73 258 -8 8 0
301 154 70 255 0 -8 0
301 146 67 252 0 0 0
301 146 64 249 -8 -8 0
293 138 61 246 0 -8 0
293 130 58 243 0 8 0
293 138 55 240 -8 0 0
285 138 52 237 0 8 0
285 146 49 234 -8 8 0
277 154 46 231 0 0 0
277 154 43 228 0 8 0
277 162 40 225 -8 -8 0
269 154 37 222 0 0 0
269 154 34 219 0 0 0
269 154 31 216 -8 -8 0
261 146 28 213 0 8 0
261 154 25 210 -8 0 0
253 154 22 207 0 0 0
253 154 19 204 0 -8 0
253 146 22 201 -8 0 0
245 146 25 198 0 0 0
245 146 28 195 0 -8 0
245 138 31 192 -8 -8 0
237 130 34 189 0 -8 0
237 122 37 186 -8 -8 0
229 114 40 183 0 8 0
229 122 43 180 0 0 0
229 122 46 177 -8 8 0
221 130 49 174 0 -8 0
221 122 52 171 0 8 0
221 130 55 168 -8 8 0
213 138 58 165 0 0 0
213 138 61 162 -8 0 0
205 138 64 159 0 -8 0
205 130 67 156 0 8 0
205 138 70 153 -8 -8 0
197 130 73 150 0 8 0
197 138 76 147 0 0 0
197 138 79 144 -8 -8 0
189 130 82 141 0 0 0
189 130 85 138 -8 -8 0
181 122 88 135 0 -8 0
181 114 91 132 0 8 0
181 122 94 129 -8 0 0
173 122 97 126 0 -8 0
173 114 100 123 0 -8 0
173 106 103 120 -8 0 0
165 106 106 117 0 8 0
165 114 109 114 -8 8 0
157 122 112 111 0 -8 0
157 114 115 108 0 8 0
157 122 118 105 -8 -8 0
149 114 121 102 0 8 0
149 122 124 99 0 0 0
149 122 127 96 -8 0 0
141 122 130 93 0 8 0
141 130 133 90 -8 0 0
133 130 136 87 0 8 0
133 138 139 84 0 8 0
133 146 142 81 -8 -8 0
125 138 145 78 0 0 0
125 138 148 75 0 8 0
125 146 151 72 -8 8 0
117 154 154 69 0 8 0
117 162 157 66 -8 0 0
109 162 160 63 0 0 0
109 162 163 60 0 -8 0
109 154 166 57 -8 0 0
101 154 169 54 0 8 0
101 162 172 51 0 0 0
101 162 175 48 -8 -8 0
93 154 178 45 0 0 0
93 154 181 42 -8 8 0
85 162 184 39 0 -8 0
85 154 187 36 0 -8 0
85 146 190 33 -8 8 0
77 154 193 30 0 0 0
77 154 196 27 0 0 0
77 154 199 24 -8 0 0
69 154 202 21 0 -8 0
69 146 205 18 -8 8 0
61 154 208 15 0 8 0
61 162 211 12 0 -8 0
61 154 214 9 -8 -8 0
60 146 217 12 0 -8 0
60 138 220 15 0 0 0
60 138 223 18 0 8 0
60 146 226 21 0 -8 0
60 138 229 24 0 0 0
60 138 232 27 0 8 0
60 146 235 30 0 8 0
60 154 238 33 0 0 0
60 154 241 36 0 0 0
60 154 244 39 0 8 0
60 162 247 42 0 0 0
60 162 250 45 0 8 0
60 170 253 48 0 8 0
60 178 256 51 0 8 0
60 186 259 54 0 8 0
60 194 262 57 0 -8 0
60 186 265 60 0 0 0
60 186 268 63 0 -8 0
60 178 271 66 0 0 0
60 178 274 69 0 -8 0
60 170 277 72 0 -8 0
60 162 280 75 0 8 0
60 170 283 78 0 -8 0
60 162 286 81 0 0 0
60 162 289 84 0 -8 0
60 154 292 87 0 -8 0
60 146 295 90 0 8 0
60 154 298 93 0 8 0
60 162 301 96 0 8 0
60 170 304 99 0 8 0
60 178 307 102 0 0 0
60 178 310 105 0 0 0
60 178 313 108 0 0 0
60 178 316 111 8 -8 0
68 170 319 114 0 -8 0
68 162 322 117 0 -8 0
68 154 325 120 8 -8 0
76 146 328 123 0 0 0
76 146 331 126 0 0 0
76 146 334 129 8 8 0
84 154 337 132 0 0 0
84 154 340 135 8 8 0
92 162 343 138 0 -8 0
92 154 346 141 0 8 0
92 162 349 144 8 -8 0
100 154 352 147 0 -8 0
100 146 355 150 0 -8 0
100 138 358 153 8 8 0
108 146 361 156 0 0 0
108 146 364 159 8 0 0
116 146 367 162 0 -8 0
116 138 370 165 0 0 0
116 138 373 168 8 8 0
124 146 376 171 0 -8 0
124 138 379 174 0 -8 0
124 130 382 177 8 0 0
132 130 385 180 0 -8 0
132 122 388 183 8 -8 0
140 114 391 186 0 8 0
140 122 394 189 0 0 0
140 122 397 192 8 0 0
148 122 400 195 0 8 0
148 130 403 198 0 -8 0
148 122 406 201 8 8 0
156 130 409 204 0 -8 0
156 122 412 207 8 8 0
164 130 415 210 0 0 0
164 130 418 213 0 8 0
164 138 421 216 8 0 0
172 138 424 219 0 0 0
172 138 427 222 0 -8 0
172 130 430 225 8 0 0
180 130 433 228 0 0 0
180 130 436 231 8 -8 0
188 122 439 234 0 0 0
188 122 442 237 0 8 0
188 130 445 240 8 -8 0
196 122 448 243 0 0 0
196 122 451 246 0 0 0
196 122 454 249 8 -8 0
204 114 457 252 0 -8 0
204 106 460 255 8 8 0
212 114 463 258 0 8 0
212 122 466 261 0 8 0
212 130 469 264 8 0 0
220 130 472 267 0 -8 0
220 122 475 270 0 -8 0
220 114 478 273 8 -8 0
228 106 481 276 0 8 0
228 114 484 279 8 0 0
236 114 487 282 0 8 0
236 122 490 285 0 -8 0
236 114 493 288 8 -8 0
244 106 496 291 0 -8 0
244 98 499 294 0 0 0
244 98 502 297 8 8 0
252 106 505 300 0 -8 0
252 98 508 303 8 0 0
260 98 511 306 0 -8 0
260 90 514 309 0 -8 0
260 82 517 312 8 8 0
268 90 520 315 0 0 0
268 90 523 318 0 0 0
268 90 526 321 8 -8 0
276 82 529 324 0 -8 0
276 74 532 327 8 8 0
284 82 535 330 0 0 0
284 82 538 333 0 -8 0
284 74 541 336 8 0 0
292 74 544 339 0 8 0
292 82 547 342 0 -8 0
292 74 550 345 8 8 0
300 82 553 348 0 -8 0
300 74 556 351 8 -8 0
308 66 559 354 0 8 0
308 74 562 357 0 0 0
308 74 565 360 8 8 0
316 82 568 363 0 0 0
316 82 571 366 0 0 0
316 82 574 369 8 8 0
324 90 577 372 0 8 0
324 98 580 375 8 0 0
332 98 583 378 0 -8 0
332 90 586 381 0 8 0
332 98 589 384 8 0 0
340 98 592 387 0 8 0
340 106 595 390 0 8 0
340 114 598 393 8 8 0
348 122 601 396 0 8 0
348 130 604 399 8 8 0
356 138 607 402 0 8 0
356 146 610 405 0 0 0
356 146 613 408 8 8 0
364 154 616 411 0 0 0
364 154 619 414 0 8 0
364 162 622 417 8 8 0
372 170 625 420 0 8 0
372 178 628 423 8 0 0
380 178 631 426 0 0 0
380 178 634 429 0 8 0
380 186 637 432 8 -8 0
388 178 640 435 0 0 0
388 178 643 438 0 8 0
388 186 646 441 8 0 0
396 186 649 444 0 0 0
396 186 652 447 8 8 0
404 194 655 450 0 0 0
404 194 658 453 0 -8 0
404 186 661 456 8 -8 0
412 178 664 459 0 8 0
412 186 667 462 0 0 0
412 186 670 465 8 -8 0
420 178 673 468 0 -8 0
420 170 676 471 8 -8 0
428 162 679 474 0 8 0
428 170 682 477 0 -8 0
428 162 685 480 8 -8 0
436 154 688 483 0 -8 0
436 146 691 486 0 0 0
436 146 694 489 8 0 0
444 146 697 492 0 -8 0
444 138 700 495 8 -8 0
452 130 703 498 0 0 0
452 130 706 501 0 -8 0
452 122 709 504 8 0 0
460 122 712 507 0 -8 0
460 114 715 510 0 -8 0
460 106 718 513 8 -8 0
468 98 721 516 0 0 0
468 98 724 519 8 -8 0
476 90 727 522 0 8 0
476 98 730 525 0 8 0
476 106 733 528 8 -8 0
484 98 736 531 0 8 0
484 106 739 534 0 8 0
484 114 742 537 8 0 0
492 114 745 540 0 8 0
492 122 748 543 8 -8 0
500 114 751 546 0 8 0
500 122 754 549 0 8 0
500 130 757 552 8 -8 0
508 122 760 555 0 0 0
508 122 763 558 0 -8 0
508 114 766 561 8 0 0
516 114 769 564 0 8 0
516 122 772 567 8 0 0
524 122 775 570 0 8 0
524 130 778 573 0 -8 0
524 122 781 576 0 0 1
524 122 781 576 0 0 1
524 122 781 576 0 0 1
524 122 781 576 0 0 1
524 122 781 576 0 0 1
