162 139 424 249 0 0 0
162 139 421 246 8 0 0
170 139 418 243 8 0 0
178 139 415 240 8 8 0
186 147 412 237 8 -8 0
194 139 409 234 0 -8 0
194 131 406 231 0 0 0
194 131 403 228 0 -8 0
194 123 400 225 0 -8 0
194 115 397 222 0 8 0
194 123 394 219 0 8 0
194 131 391 216 0 -8 0
194 123 388 213 0 8 0
194 131 385 210 0 -8 0
194 123 382 207 0 8 0
194 131 379 204 0 -8 0
194 123 376 201 0 8 0
194 131 373 198 0 -8 0
194 123 370 195 0 -8 0
194 115 367 192 0 0 0
194 115 364 189 0 -8 0
194 107 361 186 0 8 0
194 115 358 183 0 -8 0
194 107 355 180 0 -8 0
194 99 352 177 0 -8 0
194 91 349 174 0 0 0
194 91 346 171 0 0 0
194 91 343 168 0 8 0
194 99 340 165 0 8 0
194 107 337 162 0 0 0
194 107 334 159 0 8 0
194 115 331 156 0 8 0
194 123 328 153 0 -8 0
194 115 325 150 0 8 0
194 123 322 147 0 -8 0
194 115 319 144 0 0 0
194 115 316 141 -8 -8 0
186 107 313 138 0 -8 0
186 99 310 135 -8 8 0
178 107 307 132 0 0 0
178 107 304 129 0 8 0
178 115 301 126 -8 8 0
170 123 298 123 0 0 0
170 123 295 120 0 -8 0
170 115 292 117 -8 -8 0
162 107 289 114 0 0 0
162 107 286 111 -8 -8 0
154 99 283 108 0 -8 0
154 91 280 105 0 8 0
154 99 277 102 -8 8 0
146 107 274 99 0 8 0
146 115 271 96 0 8 0
146 123 268 93 -8 0 0
138 123 265 90 0 0 0
138 123 262 87 -8 8 0
130 131 259 84 0 8 0
130 139 256 81 0 0 0
130 139 253 78 -8 0 0
122 139 250 75 0 -8 0
122 131 247 72 0 8 0
122 139 244 69 -8 8 0
114 147 241 66 0 8 0
114 155 238 63 -8 -8 0
106 147 235 60 0 -8 0
106 139 232 57 0 8 0
106 147 229 54 -8 8 0
98 155 226 51 0 0 0
98 155 223 48 0 0 0
98 155 220 45 -8 8 0
90 163 217 42 0 8 0
90 171 214 39 -8 -8 0
82 163 211 36 0 0 0
82 163 208 33 0 8 0
82 171 205 30 -8 8 0
74 179 202 27 0 -8 0
74 171 199 24 0 8 0
74 179 196 21 -8 8 0
66 187 193 18 0 -8 0
66 179 190 15 -8 0 0
60 179 187 12 0 8 0
60 187 184 9 -8 -8 0
60 179 181 12 0 8 0
60 187 178 15 0 0 0
60 187 175 18 0 -8 0
60 179 172 21 0 8 0
60 187 169 24 0 -8 0
60 179 166 27 0 8 0
60 187 163 30 0 0 0
60 187 160 33 0 8 0
60 195 157 36 0 8 0
60 203 154 39 0 -8 0
60 195 151 42 0 8 0
60 203 148 45 0 -8 0
60 195 145 48 0 0 0
60 195 142 51 0 -8 0
60 187 139 54 0 8 0
60 195 136 57 0 0 0
60 195 133 60 0 0 0
60 195 130 63 0 -8 0
60 187 127 66 0 8 0
60 195 124 69 0 8 0
60 203 121 72 0 -8 0
60 195 118 75 0 8 0
60 203 115 78 0 8 0
60 211 112 81 0 0 0
60 211 109 84 0 -8 0
60 203 106 87 0 0 0
60 203 103 90 0 -8 0
60 195 100 93 0 8 0
60 203 97 96 0 0 0
60 203 94 99 0 -8 0
60 195 91 102 0 8 0
60 203 88 105 0 0 0
60 203 85 108 0 0 0
60 203 82 111 8 -8 0
68 195 79 114 0 8 0
68 203 76 117 0 8 0
68 211 73 120 8 8 0
76 219 70 123 0 -8 0
76 211 67 126 0 8 0
76 219 64 129 8 -8 0
84 211 61 132 0 0 0
84 211 58 135 8 0 0
92 211 55 138 0 8 0
92 219 52 141 0 8 0
92 227 49 144 8 8 0
100 235 46 147 0 0 0
100 235 43 150 0 -8 0
100 227 40 153 8 0 0
108 227 37 156 0 -8 0
108 219 34 159 8 8 0
116 227 31 162 0 8 0
116 235 28 165 0 0 0
116 235 25 168 8 -8 0
124 227 22 171 0 8 0
124 235 19 174 0 0 0
124 235 22 177 8 0 0
132 235 25 180 0 8 0
132 243 28 183 8 0 0
140 243 31 186 0 0 0
140 243 34 189 0 0 0
140 243 37 192 8 -8 0
148 235 40 195 0 -8 0
148 227 43 198 0 8 0
148 235 46 201 8 -8 0
156 227 49 204 0 0 0
156 227 52 207 8 -8 0
164 219 55 210 0 -8 0
164 211 58 213 0 8 0
164 219 61 216 8 -8 0
172 211 64 219 0 0 0
172 211 67 222 0 0 0
172 211 70 225 8 0 0
180 211 73 228 0 -8 0
180 203 76 231 8 8 0
188 211 79 234 0 8 0
188 219 82 237 0 -8 0
188 211 85 240 8 0 0
196 211 88 243 0 0 0
196 211 91 246 0 8 0
196 219 94 249 8 0 0
204 219 97 252 0 8 0
204 227 100 255 8 0 0
212 227 103 258 0 -8 0
212 219 106 261 0 0 0
212 219 109 264 8 8 0
220 227 112 267 0 0 0
220 227 115 270 0 8 0
220 235 118 273 8 -8 0
228 227 121 276 0 -8 0
228 219 124 279 8 -8 0
236 211 127 282 0 0 0
236 211 130 285 0 8 0
236 219 133 288 8 -8 0
244 211 136 291 0 -8 0
244 203 139 294 0 -8 0
244 195 142 297 8 0 0
252 195 145 300 0 0 0
252 195 148 303 8 0 0
260 195 151 306 0 8 0
260 203 154 309 0 0 0
260 203 157 312 8 0 0
268 203 160 315 0 -8 0
268 195 163 318 0 0 0
268 195 166 321 8 8 0
276 203 169 324 0 -8 0
276 195 172 327 8 8 0
284 203 175 330 0 8 0
284 211 178 333 0 0 0
284 211 181 336 8 0 0
292 211 184 339 0 0 0
292 211 187 342 0 8 0
292 219 190 345 8 0 0
300 219 193 348 0 0 0
300 219 196 351 8 8 0
308 227 199 354 0 -8 0
308 219 202 357 0 8 0
308 227 205 360 8 -8 0
316 219 208 363 0 -8 0
316 211 211 366 0 0 0
316 211 214 369 8 0 0
324 211 217 372 0 -8 0
324 203 220 375 8 0 0
332 203 223 378 0 8 0
332 211 226 381 0 0 0
332 211 229 384 8 8 0
340 219 232 387 0 0 0
340 219 235 390 0 -8 0
340 211 238 393 8 -8 0
348 203 241 396 0 -8 0
348 195 244 399 8 8 0
356 203 247 402 0 0 0
356 203 250 405 0 0 0
356 203 253 408 8 8 0
364 211 256 411 0 -8 0
364 203 259 414 0 -8 0
364 195 262 417 8 -8 0
372 187 265 420 0 0 0
372 187 268 423 8 0 0
380 187 271 426 0 0 0
380 187 274 429 0 0 0
380 187 277 432 8 8 0
388 195 280 435 0 8 0
388 203 283 438 0 -8 0
388 195 286 441 8 0 0
396 195 289 444 0 -8 0
396 187 292 447 8 0 0
404 187 295 450 0 -8 0
404 179 298 453 0 0 0
404 179 301 456 8 0 0
412 179 304 459 0 -8 0
412 171 307 462 0 -8 0
412 163 310 465 8 0 0
420 163 313 468 0 0 0
420 163 316 471 8 8 0
428 171 319 474 0 0 0
428 171 322 477 0 8 0
428 179 325 480 8 -8 0
436 171 328 483 0 0 0
436 171 331 486 0 -8 0
436 163 334 489 8 0 0
444 163 337 492 0 8 0
444 171 340 495 8 8 0
452 179 343 498 0 0 0
452 179 346 501 0 0 0
452 179 349 504 8 -8 0
460 171 352 507 0 -8 0
460 163 355 510 0 0 0
460 163 358 513 8 -8 0
468 155 361 516 0 0 0
468 155 364 519 8 8 0
476 163 367 522 0 -8 0
476 155 370 525 0 8 0
476 163 373 528 8 8 0
484 171 376 531 0 8 0
484 179 379 534 0 8 0
484 187 382 537 8 8 0
492 195 385 540 0 0 0
492 195 388 543 8 8 0
500 203 391 546 0 0 0
500 203 394 549 0 -8 0
500 195 397 552 8 -8 0
508 187 400 555 0 -8 0
508 179 403 558 0 -8 0
508 171 406 561 8 8 0
516 179 409 564 0 8 0
516 187 412 567 8 0 0
524 187 415 570 0 -8 0
524 179 418 573 0 -8 0
524 171 421 576 8 8 0
532 179 424 579 0 8 0
532 187 427 582 0 0 0
532 187 430 585 8 0 0
540 187 433 588 0 -8 0
540 179 436 591 8 8 0
540 187 439 588 0 -8 0
540 179 442 585 0 8 0
540 187 445 582 0 0 0
540 187 448 579 0 -8 0
540 179 451 576 0 0 0
540 179 454 573 0 8 0
540 187 457 570 0 -8 0
540 179 460 567 0 8 0
540 187 463 564 0 0 0
540 187 466 561 0 -8 0
540 179 469 558 0 8 0
540 187 472 555 0 0 0
540 187 475 552 0 0 0
540 187 478 549 0 -8 0
540 179 481 546 0 -8 0
540 171 484 543 0 0 0
540 171 487 540 0 0 0
540 171 490 537 0 -8 0
540 163 493 534 0 -8 0
540 155 496 531 0 -8 0
540 147 499 528 0 0 0
540 147 502 525 0 8 0
540 155 505 522 0 8 0
540 163 508 519 0 0 0
540 163 511 516 0 -8 0
540 155 514 513 0 0 0
540 155 517 510 0 -8 0
540 147 520 507 0 0 0
540 147 523 504 0 -8 0
540 139 526 501 0 -8 0
540 131 529 498 0 8 0
540 139 532 495 0 0 0
540 139 535 492 0 8 0
540 147 538 489 -8 -8 0
532 139 541 486 0 0 0
532 139 544 483 0 -8 0
532 131 547 480 -8 -8 0
524 123 550 477 0 8 0
524 131 553 474 0 -8 0
524 123 556 471 -8 8 0
516 131 559 468 0 8 0
516 139 562 465 -8 8 0
508 147 565 462 0 8 0
508 155 568 459 0 -8 0
508 147 571 456 -8 0 0
500 147 574 453 0 0 0
500 147 577 450 0 0 0
500 147 580 447 -8 -8 0
492 139 583 444 0 8 0
492 147 586 441 -8 -8 0
484 139 589 438 0 -8 0
484 131 592 435 0 -8 0
484 123 595 432 -8 8 0
476 131 598 429 0 -8 0
476 123 601 426 0 8 0
476 131 604 423 -8 -8 0
468 123 607 420 0 0 0
468 123 610 417 -8 8 0
460 131 613 414 0 0 0
460 131 616 411 0 0 0
460 131 619 408 -8 0 0
452 131 622 405 0 8 0
452 139 625 402 0 0 0
452 139 628 399 -8 0 0
444 139 631 396 0 0 0
444 139 634 393 -8 0 0
436 139 637 390 0 0 0
436 139 640 387 0 8 0
436 147 643 384 -8 0 0
428 147 646 381 0 -8 0
428 139 649 378 0 8 0
428 147 652 375 -8 8 0
420 155 655 372 0 0 0
420 155 658 369 -8 -8 0
412 147 661 366 0 8 0
412 155 664 363 0 -8 0
412 147 667 360 -8 -8 0
404 139 670 357 0 0 0
404 139 673 354 0 8 0
404 147 676 351 -8 -8 0
396 139 679 348 0 0 0
396 139 682 345 -8 -8 0
388 131 685 342 0 0 0
388 131 688 339 0 -8 0
388 123 691 336 -8 -8 0
380 115 694 333 0 -8 0
380 107 697 330 0 0 0
380 107 700 327 -8 -8 0
372 99 703 324 0 0 0
372 99 706 321 -8 0 0
364 99 709 318 0 8 0
364 107 712 315 0 8 0
364 115 715 312 -8 0 0
356 115 718 309 0 0 0
356 115 721 306 0 0 0
356 115 724 303 -8 -8 0
348 107 727 300 0 8 0
348 115 730 297 -8 8 0
340 123 733 294 0 0 0
340 123 736 291 0 0 0
340 123 739 288 -8 0 0
332 123 742 285 0 -8 0
332 115 745 282 0 8 0
332 123 748 279 -8 0 0
324 123 751 276 0 8 0
324 131 754 273 -8 0 0
316 131 757 270 0 -8 0
316 123 760 267 0 8 0
316 131 763 264 -8 8 0
308 139 766 261 0 -8 0
308 131 769 258 0 -8 0
308 123 772 255 -8 -8 0
300 115 775 252 0 0 0
300 115 778 249 -8 8 0
292 123 781 246 0 0 1
292 123 781 246 0 0 1
292 123 781 246 0 0 1
292 123 781 246 0 0 1
292 123 781 246 0 0 1
