177 326 556 321 0 0 0
177 326 559 324 8 8 0
185 334 562 327 8 0 0
193 334 565 330 8 0 0
201 334 568 333 8 8 0
209 342 571 336 8 -8 0
217 334 574 339 8 0 0
225 334 577 342 8 0 0
233 334 580 345 8 -8 0
241 326 583 348 8 8 0
249 334 586 351 8 -8 0
257 326 589 354 8 8 0
265 334 592 357 8 -8 0
273 326 595 360 8 0 0
281 326 598 363 8 -8 0
289 318 601 366 8 0 0
297 318 604 369 8 8 0
305 326 607 372 8 8 0
313 334 610 375 8 -8 0
321 326 613 378 8 8 0
329 334 616 381 8 -8 0
337 326 619 384 0 -8 0
337 318 622 387 0 -8 0
337 310 625 390 8 8 0
345 318 628 393 0 -8 0
345 310 631 396 8 8 0
353 318 634 399 0 0 0
353 318 637 402 0 8 0
353 326 640 405 8 -8 0
361 318 643 408 0 -8 0
361 310 646 411 0 -8 0
361 302 649 414 8 -8 0
369 294 652 417 0 0 0
369 294 655 420 8 8 0
377 302 658 423 0 0 0
377 302 661 426 0 8 0
377 310 664 429 8 0 0
385 310 667 432 0 0 0
385 310 670 435 0 -8 0
385 302 673 438 8 8 0
393 310 676 441 0 0 0
393 310 679 444 8 0 0
401 310 682 447 0 0 0
401 310 685 450 0 0 0
401 310 688 453 8 8 0
409 318 691 456 0 -8 0
409 310 694 459 0 0 0
409 310 697 462 8 8 0
417 318 700 465 0 -8 0
417 310 703 468 8 0 0
425 310 706 471 0 0 0
425 310 709 474 0 8 0
425 318 712 477 8 -8 0
433 310 715 480 0 8 0
433 318 718 483 0 0 0
433 318 721 486 8 0 0
441 318 724 489 0 8 0
441 326 727 492 8 0 0
449 326 730 495 0 0 0
449 326 733 498 0 0 0
449 326 736 501 8 -8 0
457 318 739 504 0 0 0
457 318 742 507 0 0 0
457 318 745 510 8 0 0
465 318 748 513 0 8 0
465 326 751 516 8 8 0
473 334 754 519 0 8 0
473 342 757 522 0 -8 0
473 334 760 525 8 0 0
481 334 763 528 0 -8 0
481 326 766 531 0 -8 0
481 318 769 534 8 8 0
489 326 772 537 0 -8 0
489 318 775 540 8 8 0
497 326 778 543 0 0 0
497 326 781 546 0 0 1
497 326 781 546 0 0 1
497 326 781 546 0 0 1
497 326 781 546 0 0 1
497 326 781 546 0 0 1
