505 307 142 345 0 0 0
505 307 145 342 -8 8 0
497 315 148 339 -8 -8 0
489 307 151 336 -8 8 0
481 315 154 333 -8 -8 0
473 307 157 330 -8 -8 0
465 299 160 327 -8 -8 0
457 291 163 324 -8 8 0
449 299 166 321 -8 0 0
441 299 169 318 -8 0 0
433 299 172 315 -8 -8 0
425 291 175 312 -8 0 0
417 291 178 309 -8 -8 0
409 283 181 306 -8 8 0
401 291 184 303 -8 8 0
393 299 187 300 -8 0 0
385 299 190 297 -8 0 0
377 299 193 294 -8 -8 0
369 291 196 291 -8 8 0
361 299 199 288 -8 0 0
353 299 202 285 -8 8 0
345 307 205 282 -8 0 0
337 307 208 279 -8 0 0
329 307 211 276 -8 8 0
321 315 214 273 0 8 0
321 323 217 270 -8 -8 0
313 315 220 267 0 -8 0
313 307 223 264 0 0 0
313 307 226 261 -8 0 0
305 307 229 258 0 -8 0
305 299 232 255 0 -8 0
305 291 235 252 -8 -8 0
297 283 238 249 0 8 0
297 291 241 246 -8 0 0
289 291 244 243 0 0 0
289 291 247 240 0 -8 0
289 283 250 237 -8 8 0
281 291 253 234 0 8 0
281 299 256 231 0 8 0
281 307 259 228 -8 8 0
273 315 262 225 0 0 0
273 315 265 222 -8 0 0
265 315 268 219 0 0 0
265 315 271 216 0 8 0
265 323 274 213 -8 8 0
257 331 277 210 0 0 0
257 331 280 207 0 8 0
257 339 283 204 -8 0 0
249 339 286 201 0 0 0
249 339 289 198 -8 8 0
241 347 292 195 0 -8 0
241 339 295 192 0 0 0
241 339 298 189 -8 0 0
233 339 301 186 0 0 0
233 339 304 183 0 0 0
233 339 307 180 -8 0 0
225 339 310 177 0 0 0
225 339 313 174 -8 8 0
217 347 316 171 0 0 0
217 347 319 168 0 -8 0
217 339 322 165 -8 0 0
209 339 325 162 0 8 0
209 347 328 159 0 0 0
209 347 331 156 -8 0 0
201 347 334 153 0 -8 0
201 339 337 150 -8 0 0
193 339 340 147 0 0 0
193 339 343 144 0 -8 0
193 331 346 141 -8 -8 0
185 323 349 138 0 0 0
185 323 352 135 0 0 0
185 323 355 132 -8 8 0
177 331 358 129 0 -8 0
177 323 361 126 -8 -8 0
169 315 364 123 0 8 0
169 323 367 120 0 -8 0
169 315 370 117 -8 0 0
161 315 373 114 0 -8 0
161 307 376 111 0 8 0
161 315 379 108 -8 8 0
153 323 382 105 0 8 0
153 331 385 102 -8 0 0
145 331 388 99 0 -8 0
145 323 391 96 0 8 0
145 331 394 93 -8 8 0
137 339 397 90 0 -8 0
137 331 400 87 0 -8 0
137 323 403 84 -8 0 0
129 323 406 81 0 0 0
129 323 409 78 -8 -8 0
121 315 412 75 0 8 0
121 323 415 72 0 8 0
121 331 418 69 -8 8 0
113 339 421 66 0 -8 0
113 331 424 63 0 0 0
113 331 427 60 -8 0 0
105 331 430 57 0 8 0
105 339 433 54 -8 -8 0
97 331 436 51 0 -8 0
97 323 439 48 0 -8 0
97 315 442 45 -8 0 0
89 315 445 42 0 8 0
89 323 448 39 0 -8 0
89 315 451 36 -8 -8 0
81 307 454 33 0 8 0
81 315 457 30 -8 -8 0
73 307 460 27 0 8 0
73 315 463 24 0 8 0
73 323 466 21 -8 0 0
65 323 469 18 0 0 0
65 323 472 15 0 8 0
65 331 475 12 -8 0 0
60 331 478 9 -8 8 0
60 339 481 12 0 8 0
60 347 484 15 0 -8 0
60 339 487 18 0 8 0
60 347 490 21 0 0 0
60 347 493 24 0 8 0
60 355 496 27 0 -8 0
60 347 499 30 0 -8 0
60 339 502 33 0 -8 0
60 331 505 36 0 -8 0
60 323 508 39 0 8 0
60 331 511 42 0 0 0
60 331 514 45 0 0 0
60 331 517 48 0 0 0
60 331 520 51 0 8 0
60 339 523 54 0 8 0
60 347 526 57 0 8 0
60 355 529 60 0 0 0
60 355 532 63 0 0 0
60 355 535 66 0 0 0
60 355 538 69 0 0 0
60 355 541 72 0 -8 0
60 347 544 75 0 0 0
60 347 547 78 0 0 0
60 347 550 81 0 0 0
60 347 553 84 0 8 0
60 355 556 87 0 -8 0
60 347 559 90 0 8 0
60 355 562 93 0 0 0
60 355 565 96 0 0 0
60 355 568 99 0 8 0
60 363 571 102 0 8 0
60 371 574 105 0 8 0
60 379 577 108 0 -8 0
60 371 580 111 8 8 0
68 379 583 114 0 8 0
68 387 586 117 0 -8 0
68 379 589 120 8 0 0
76 379 592 123 0 0 0
76 379 595 126 0 0 0
76 379 598 129 8 0 0
84 379 601 132 0 8 0
84 387 604 135 8 0 0
92 387 607 138 0 0 0
92 387 610 141 0 0 0
92 387 613 144 8 -8 0
100 379 616 147 0 8 0
100 387 619 150 0 8 0
100 395 622 153 8 8 0
108 403 625 156 0 -8 0
108 395 628 159 8 8 0
116 403 631 162 0 8 0
116 411 634 165 0 -8 0
116 403 637 168 8 -8 0
124 395 640 171 0 8 0
124 403 643 174 0 8 0
124 411 646 177 8 8 0
132 419 649 180 0 0 0
132 419 652 183 8 8 0
140 427 655 186 0 8 0
140 435 658 189 0 8 0
140 443 661 192 8 0 0
148 443 664 195 0 8 0
148 451 667 198 0 0 0
148 451 670 201 8 0 0
156 451 673 204 0 8 0
156 459 676 207 8 -8 0
164 451 679 210 0 -8 0
164 443 682 213 0 8 0
164 451 685 216 8 -8 0
172 443 688 219 0 8 0
172 451 691 222 0 8 0
172 459 694 225 8 -8 0
180 451 697 228 0 -8 0
180 443 700 231 8 8 0
188 451 703 234 0 -8 0
188 443 706 237 0 0 0
188 443 709 240 8 -8 0
196 435 712 243 0 -8 0
196 427 715 246 0 -8 0
196 419 718 249 8 0 0
204 419 721 252 0 -8 0
204 411 724 255 8 -8 0
212 403 727 258 0 0 0
212 403 730 261 0 8 0
212 411 733 264 8 -8 0
220 403 736 267 0 8 0
220 411 739 270 0 0 0
220 411 742 273 8 0 0
228 411 745 276 0 8 0
228 419 748 279 8 0 0
236 419 751 282 0 -8 0
236 411 754 285 0 -8 0
236 403 757 288 8 -8 0
244 395 760 291 0 0 0
244 395 763 294 0 0 0
244 395 766 297 8 8 0
252 403 769 300 0 8 0
252 411 772 303 8 -8 0
260 403 775 306 0 8 0
260 411 778 309 0 0 0
260 411 781 312 0 0 1
260 411 781 312 0 0 1
260 411 781 312 0 0 1
260 411 781 312 0 0 1
260 411 781 312 0 0 1
