264 309 517 279 0 0 0
264 309 520 276 0 8 0
264 317 523 273 0 -8 0
264 309 526 270 0 -8 0
264 301 529 267 0 0 0
264 301 532 264 0 8 0
264 309 535 261 0 0 0
264 309 538 258 0 -8 0
264 301 541 255 0 8 0
264 309 544 252 0 8 0
264 317 547 249 0 -8 0
264 309 550 246 0 0 0
264 309 553 243 0 -8 0
264 301 556 240 0 0 0
264 301 559 237 0 -8 0
264 293 562 234 0 8 0
264 301 565 231 0 -8 0
264 293 568 228 0 8 0
264 301 571 225 0 8 0
264 309 574 222 0 0 0
264 309 577 219 0 -8 0
264 301 580 216 0 0 0
264 301 583 213 -8 -8 0
256 293 586 210 0 -8 0
256 285 589 207 0 -8 0
256 277 592 204 -8 8 0
248 285 595 201 0 -8 0
248 277 598 198 0 -8 0
248 269 601 195 -8 8 0
240 277 604 192 0 0 0
240 277 607 189 -8 8 0
232 285 610 186 0 8 0
232 293 613 183 0 8 0
232 301 616 180 -8 8 0
224 309 619 177 0 8 0
224 317 622 174 0 0 0
224 317 625 171 -8 -8 0
216 309 628 168 0 -8 0
216 301 631 165 -8 8 0
208 309 634 162 0 -8 0
208 301 637 159 0 -8 0
208 293 640 156 -8 8 0
200 301 643 153 0 8 0
200 309 646 150 0 8 0
200 317 649 147 -8 0 0
192 317 652 144 0 -8 0
192 309 655 141 -8 0 0
184 309 658 138 0 8 0
184 317 661 135 0 -8 0
184 309 664 132 -8 8 0
176 317 667 129 0 -8 0
176 309 670 126 0 8 0
176 317 673 123 -8 0 0
168 317 676 120 0 8 0
168 325 679 117 -8 8 0
160 333 682 114 0 8 0
160 341 685 111 0 8 0
160 349 688 108 -8 8 0
152 357 691 105 0 -8 0
152 349 694 102 0 0 0
152 349 697 99 -8 0 0
144 349 700 96 0 0 0
144 349 703 93 -8 -8 0
136 341 706 90 0 -8 0
136 333 709 87 0 -8 0
136 325 712 84 -8 0 0
128 325 715 81 0 0 0
128 325 718 78 0 8 0
128 333 721 75 -8 -8 0
120 325 724 72 0 -8 0
120 317 727 69 -8 8 0
112 325 730 66 0 0 0
112 325 733 63 0 8 0
112 333 736 60 -8 0 0
104 333 739 57 0 0 0
104 333 742 54 0 0 0
104 333 745 51 -8 8 0
96 341 748 48 0 -8 0
96 333 751 45 -8 0 0
88 333 754 42 0 -8 0
88 325 757 39 0 8 0
88 333 760 36 -8 -8 0
80 325 763 33 0 0 0
80 325 766 30 0 0 0
80 325 769 27 -8 0 0
72 325 772 24 0 0 0
72 325 775 21 -8 -8 0
64 317 778 18 0 -8 0
64 309 781 15 0 0 1
64 309 781 15 0 0 1
64 309 781 15 0 0 1
64 309 781 15 0 0 1
64 309 781 15 0 0 1
