523 408 352 153 0 0 0
523 408 349 156 -8 0 0
515 408 346 159 -8 8 0
507 416 343 162 -8 8 0
499 424 340 165 -8 8 0
491 432 337 168 -8 0 0
483 432 334 171 -8 -8 0
475 424 331 174 -8 -8 0
467 416 328 177 -8 -8 0
459 408 325 180 -8 0 0
451 408 322 183 -8 -8 0
443 400 319 186 -8 8 0
435 408 316 189 -8 -8 0
427 400 313 192 -8 0 0
419 400 310 195 -8 8 0
411 408 307 198 -8 8 0
403 416 304 201 -8 8 0
395 424 301 204 -8 0 0
387 424 298 207 -8 8 0
379 432 295 210 -8 8 0
371 440 292 213 -8 8 0
363 448 289 216 -8 -8 0
355 440 286 219 -8 0 0
347 440 283 222 -8 0 0
339 440 280 225 -8 -8 0
331 432 277 228 -8 8 0
323 440 274 231 -8 8 0
315 448 271 234 -8 -8 0
307 440 268 237 -8 8 0
299 448 265 240 -8 -8 0
291 440 262 243 0 -8 0
291 432 259 246 0 8 0
291 440 256 249 0 8 0
291 448 253 252 0 -8 0
291 440 250 255 0 0 0
291 440 247 258 0 0 0
291 440 244 261 0 -8 0
291 432 241 264 0 0 0
291 432 238 267 0 0 0
291 432 235 270 0 -8 0
291 424 232 273 0 -8 0
291 416 229 276 0 8 0
291 424 226 279 0 0 0
291 424 223 282 0 0 0
291 424 220 285 0 0 0
291 424 217 288 0 -8 0
291 416 214 291 0 -8 0
291 408 211 294 0 8 0
291 416 208 297 0 0 0
291 416 205 300 0 8 0
291 424 202 303 0 -8 0
291 416 199 306 0 8 0
291 424 196 309 0 8 0
291 432 193 312 0 -8 0
291 424 190 315 0 8 0
291 432 187 318 0 0 0
291 432 184 321 0 -8 0
291 424 181 324 0 -8 0
291 416 178 327 0 0 0
291 416 175 330 0 8 0
291 424 172 333 0 0 0
291 424 169 336 0 8 0
291 432 166 339 0 -8 0
291 424 163 342 8 -8 0
299 416 160 345 0 0 0
299 416 157 348 0 -8 0
299 408 154 351 8 0 0
307 408 151 354 0 8 0
307 416 148 357 0 8 0
307 424 145 360 8 0 0
315 424 142 363 0 0 0
315 424 139 366 8 8 0
323 432 136 369 0 8 0
323 440 133 372 0 0 0
323 440 130 375 8 8 0
331 448 127 378 0 0 0
331 448 124 381 0 0 0
331 448 121 384 8 8 0
339 456 118 387 0 8 0
339 464 115 390 8 8 0
347 472 112 393 0 0 0
347 472 109 396 0 8 0
347 480 106 399 8 -8 0
355 472 103 402 0 -8 0
355 464 100 405 0 8 0
355 472 97 408 8 0 0
363 472 94 411 0 8 0
363 480 91 414 8 -8 0
371 472 88 417 0 0 0
371 472 85 420 0 8 0
371 480 82 423 8 -8 0
379 472 79 426 0 -8 0
379 464 76 429 0 8 0
379 472 73 432 8 8 0
387 480 70 435 0 0 0
387 480 67 438 8 0 0
395 480 64 441 0 8 0
395 488 61 444 0 -8 0
395 480 58 447 8 -8 0
403 472 55 450 0 8 0
403 480 52 453 0 -8 0
403 472 49 456 8 -8 0
411 464 46 459 0 8 0
411 472 43 462 8 -8 0
419 464 40 465 0 0 0
419 464 37 468 0 8 0
419 472 34 471 8 -8 0
427 464 31 474 0 8 0
427 472 28 477 0 0 0
427 472 25 480 8 8 0
435 480 22 483 0 -8 0
435 472 19 486 0 0 1
435 472 19 486 0 0 1
435 472 19 486 0 0 1
435 472 19 486 0 0 1
435 472 19 486 0 0 1
