517 75 541 150 0 0 0
517 75 544 147 -8 -8 0
509 67 547 144 -8 0 0
501 67 550 141 -8 -8 0
493 60 553 138 -8 8 0
485 68 556 135 -8 8 0
477 76 559 132 -8 0 0
469 76 562 129 -8 8 0
461 84 565 126 -8 8 0
453 92 568 123 -8 8 0
445 100 571 120 -8 0 0
437 100 574 117 -8 8 0
429 108 577 114 -8 8 0
421 116 580 111 -8 8 0
413 124 583 108 -8 8 0
405 132 586 105 -8 -8 0
397 124 589 102 -8 8 0
389 132 592 99 -8 8 0
381 140 595 96 -8 8 0
373 148 598 93 -8 0 0
365 148 601 90 -8 -8 0
357 140 604 87 -8 -8 0
349 132 607 84 -8 -8 0
341 124 610 81 -8 -8 0
333 116 613 78 -8 -8 0
325 108 616 75 -8 8 0
317 116 619 72 -8 0 0
309 116 622 69 -8 8 0
301 124 625 66 -8 -8 0
293 116 628 63 -8 0 0
285 116 631 60 -8 8 0
277 124 634 57 -8 8 0
269 132 637 54 -8 -8 0
261 124 640 51 -8 0 0
253 124 643 48 -8 -8 0
245 116 646 45 -8 -8 0
237 108 649 42 -8 0 0
229 108 652 39 -8 -8 0
221 100 655 36 -8 0 0
213 100 658 33 -8 -8 0
205 92 661 30 -8 8 0
197 100 664 27 -8 0 0
189 100 667 24 -8 0 0
181 100 670 21 -8 -8 0
173 92 673 18 -8 0 0
165 92 676 15 -8 8 0
157 100 679 12 -8 0 0
149 100 682 9 -8 8 0
141 108 685 12 -8 8 0
133 116 688 15 -8 -8 0
125 108 691 18 -8 0 0
117 108 694 21 -8 0 0
109 108 697 24 -8 -8 0
101 100 700 27 -8 8 0
93 108 703 30 -8 -8 0
85 100 706 33 -8 8 0
77 108 709 36 0 8 0
77 116 712 39 0 0 0
77 116 715 42 0 8 0
77 124 718 45 0 8 0
77 132 721 48 0 8 0
77 140 724 51 0 -8 0
77 132 727 54 0 8 0
77 140 730 57 0 0 0
77 140 733 60 0 8 0
77 148 736 63 0 8 0
77 156 739 66 0 8 0
77 164 742 69 0 0 0
77 164 745 72 0 -8 0
77 156 748 75 0 8 0
77 164 751 78 0 0 0
77 164 754 81 0 -8 0
77 156 757 84 0 0 0
77 156 760 87 0 -8 0
77 148 763 90 0 8 0
77 156 766 93 0 8 0
77 164 769 96 0 8 0
77 172 772 99 0 8 0
77 180 775 102 0 -8 0
77 172 778 105 0 -8 0
77 164 781 108 0 0 1
77 164 781 108 0 0 1
77 164 781 108 0 0 1
77 164 781 108 0 0 1
77 164 781 108 0 0 1
