466 208 391 414 0 0 0
466 208 388 417 0 0 0
466 208 385 420 0 0 0
466 208 382 423 0 8 0
466 216 379 426 0 0 0
466 216 376 429 0 -8 0
466 208 373 432 0 -8 0
466 200 370 435 0 0 0
466 200 367 438 0 8 0
466 208 364 441 0 8 0
466 216 361 444 0 -8 0
466 208 358 447 0 -8 0
466 200 355 450 0 0 0
466 200 352 453 0 8 0
466 208 349 456 0 -8 0
466 200 346 459 0 -8 0
466 192 343 462 0 0 0
466 192 340 465 0 -8 0
466 184 337 468 0 8 0
466 192 334 471 0 0 0
466 192 331 474 0 8 0
466 200 328 477 0 -8 0
466 192 325 480 0 0 0
466 192 322 483 0 0 0
466 192 319 486 0 -8 0
466 184 316 489 0 8 0
466 192 313 492 0 -8 0
466 184 310 495 0 8 0
466 192 307 498 0 -8 0
466 184 304 501 0 0 0
466 184 301 504 0 -8 0
466 176 298 507 0 8 0
466 184 295 510 0 8 0
466 192 292 513 0 -8 0
466 184 289 516 0 -8 0
466 176 286 519 8 0 0
474 176 283 522 0 8 0
474 184 280 525 8 0 0
482 184 277 528 0 -8 0
482 176 274 531 0 8 0
482 184 271 534 8 -8 0
490 176 268 537 0 8 0
490 184 265 540 0 0 0
490 184 262 543 8 -8 0
498 176 259 546 0 8 0
498 184 256 549 8 0 0
506 184 253 552 0 0 0
506 184 250 555 0 -8 0
506 176 247 558 8 8 0
514 184 244 561 0 8 0
514 192 241 564 0 8 0
514 200 238 567 8 -8 0
522 192 235 570 0 0 0
522 192 232 573 8 0 0
530 192 229 576 0 -8 0
530 184 226 579 0 -8 0
530 176 223 582 8 0 0
538 176 220 585 0 8 0
538 184 217 588 0 8 0
538 192 214 591 8 0 0
540 192 211 588 0 0 0
540 192 208 585 0 0 0
540 192 205 582 0 0 0
540 192 202 579 0 8 0
540 200 199 576 0 0 0
540 200 196 573 0 8 0
540 208 193 570 0 0 0
540 208 190 567 0 8 0
540 216 187 564 0 0 0
540 216 184 561 0 -8 0
540 208 181 558 0 0 0
540 208 178 555 0 -8 0
540 200 175 552 0 -8 0
540 192 172 549 0 8 0
540 200 169 546 0 8 0
540 208 166 543 0 8 0
540 216 163 540 0 8 0
540 224 160 537 0 8 0
540 232 157 534 0 -8 0
540 224 154 531 0 8 0
540 232 151 528 0 -8 0
540 224 148 525 0 0 0
540 224 145 522 0 8 0
540 232 142 519 0 -8 0
540 224 139 516 0 0 0
540 224 136 513 0 -8 0
540 216 133 510 0 -8 0
540 208 130 507 0 8 0
540 216 127 504 0 0 0
540 216 124 501 0 8 0
540 224 121 498 0 8 0
540 232 118 495 0 0 0
540 232 115 492 0 0 0
540 232 112 489 -8 0 0
532 232 109 486 0 -8 0
532 224 106 483 0 -8 0
532 216 103 480 -8 0 0
524 216 100 477 0 8 0
524 224 97 474 0 -8 0
524 216 94 471 -8 8 0
516 224 91 468 0 0 0
516 224 88 465 -8 -8 0
508 216 85 462 0 0 0
508 216 82 459 0 8 0
508 224 79 456 -8 -8 0
500 216 76 453 0 8 0
500 224 73 450 0 8 0
500 232 70 447 -8 -8 0
492 224 67 444 0 -8 0
492 216 64 441 -8 8 0
484 224 61 438 0 0 0
484 224 58 435 0 8 0
484 232 55 432 -8 8 0
476 240 52 429 0 8 0
476 248 49 426 0 -8 0
476 240 46 423 -8 0 0
468 240 43 420 0 0 0
468 240 40 417 -8 8 0
460 248 37 414 0 0 0
460 248 34 411 0 0 0
460 248 31 408 -8 0 0
452 248 28 405 0 0 0
452 248 25 402 0 -8 0
452 240 22 399 -8 8 0
444 248 19 396 0 -8 0
444 240 22 393 -8 0 0
436 240 25 390 0 -8 0
436 232 28 387 0 8 0
436 240 31 384 -8 -8 0
428 232 34 381 0 -8 0
428 224 37 378 0 8 0
428 232 40 375 -8 8 0
420 240 43 372 0 -8 0
420 232 46 369 -8 -8 0
412 224 49 366 0 -8 0
412 216 52 363 0 8 0
412 224 55 360 -8 8 0
404 232 58 357 0 -8 0
404 224 61 354 0 0 0
404 224 64 351 -8 8 0
396 232 67 348 0 -8 0
396 224 70 345 -8 8 0
388 232 73 342 0 8 0
388 240 76 339 0 -8 0
388 232 79 336 -8 -8 0
380 224 82 333 0 8 0
380 232 85 330 0 0 0
380 232 88 327 -8 -8 0
372 224 91 324 0 8 0
372 232 94 321 -8 -8 0
364 224 97 318 0 -8 0
364 216 100 315 0 -8 0
364 208 103 312 -8 8 0
356 216 106 309 0 8 0
356 224 109 306 0 0 0
356 224 112 303 -8 -8 0
348 216 115 300 0 -8 0
348 208 118 297 -8 0 0
340 208 121 294 0 0 0
340 208 124 291 0 -8 0
340 200 127 288 -8 0 0
332 200 130 285 0 0 0
332 200 133 282 0 0 0
332 200 136 279 -8 8 0
324 208 139 276 0 -8 0
324 200 142 273 -8 0 0
316 200 145 270 0 0 0
316 200 148 267 0 0 0
316 200 151 264 -8 8 0
308 208 154 261 0 -8 0
308 200 157 258 0 8 0
308 208 160 255 -8 8 0
300 216 163 252 0 8 0
300 224 166 249 -8 8 0
292 232 169 246 0 -8 0
292 224 172 243 0 -8 0
292 216 175 240 -8 0 0
284 216 178 237 0 -8 0
284 208 181 234 0 -8 0
284 200 184 231 -8 8 0
276 208 187 228 0 0 0
276 208 190 225 -8 -8 0
268 200 193 222 0 8 0
268 208 196 219 0 8 0
268 216 199 216 -8 -8 0
260 208 202 213 0 0 0
260 208 205 210 0 -8 0
260 200 208 207 -8 -8 0
252 192 211 204 0 0 0
252 192 214 201 -8 8 0
244 200 217 198 0 0 0
244 200 220 195 0 8 0
244 208 223 192 -8 0 0
236 208 226 189 0 -8 0
236 200 229 186 0 0 0
236 200 232 183 -8 8 0
228 208 235 180 0 -8 0
228 200 238 177 -8 -8 0
220 192 241 174 0 -8 0
220 184 244 171 0 -8 0
220 176 247 168 -8 0 0
212 176 250 165 0 -8 0
212 168 253 162 0 8 0
212 176 256 159 -8 0 0
204 176 259 156 0 -8 0
204 168 262 153 -8 0 0
196 168 265 150 0 -8 0
196 160 268 147 0 0 0
196 160 271 144 -8 -8 0
188 152 274 141 0 -8 0
188 144 277 138 0 0 0
188 144 280 135 -8 -8 0
180 136 283 132 0 0 0
180 136 286 129 -8 -8 0
172 128 289 126 0 0 0
172 128 292 123 0 -8 0
172 120 295 120 -8 8 0
164 128 298 117 0 8 0
164 136 301 114 0 0 0
164 136 304 111 -8 0 0
156 136 307 108 0 8 0
156 144 310 105 -8 0 0
148 144 313 102 0 8 0
148 152 316 99 0 -8 0
148 144 319 96 -8 0 0
140 144 322 93 0 0 0
140 144 325 90 0 8 0
140 152 328 87 -8 -8 0
132 144 331 84 0 0 0
132 144 334 81 -8 0 0
124 144 337 78 0 0 0
124 144 340 75 0 -8 0
124 136 343 72 -8 0 0
116 136 346 69 0 0 0
116 136 349 66 0 8 0
116 144 352 63 -8 8 0
108 152 355 60 0 -8 0
108 144 358 57 -8 -8 0
100 136 361 54 0 8 0
100 144 364 51 0 0 0
100 144 367 48 -8 0 0
92 144 370 45 0 -8 0
92 136 373 42 0 8 0
92 144 376 39 -8 -8 0
84 136 379 36 0 8 0
84 144 382 33 -8 8 0
76 152 385 30 0 0 0
76 152 388 27 0 -8 0
76 144 391 24 -8 0 0
68 144 394 21 0 8 0
68 152 397 18 0 8 0
68 160 400 15 -8 0 0
60 160 403 12 0 8 0
60 168 406 9 -8 8 0
60 176 409 12 0 0 0
60 176 412 15 0 8 0
60 184 415 18 0 -8 0
60 176 418 21 0 -8 0
60 168 421 24 0 0 0
60 168 424 27 0 -8 0
60 160 427 30 0 8 0
60 168 430 33 0 8 0
60 176 433 36 0 0 0
60 176 436 39 0 0 0
60 176 439 42 0 -8 0
60 168 442 45 0 -8 0
60 160 445 48 0 0 0
60 160 448 51 0 8 0
60 168 451 54 0 -8 0
60 160 454 57 0 -8 0
60 152 457 60 0 8 0
60 160 460 63 0 0 0
60 160 463 66 0 -8 0
60 152 466 69 0 8 0
60 160 469 72 0 8 0
60 168 472 75 0 8 0
60 176 475 78 0 -8 0
60 168 478 81 0 -8 0
60 160 481 84 0 8 0
60 168 484 87 0 0 0
60 168 487 90 0 -8 0
60 160 490 93 0 8 0
60 168 493 96 0 8 0
60 176 496 99 0 8 0
60 184 499 102 0 -8 0
60 176 502 105 0 -8 0
60 168 505 108 0 -8 0
60 160 508 111 8 8 0
68 168 511 114 0 0 0
68 168 514 117 0 8 0
68 176 517 120 8 -8 0
76 168 520 123 0 -8 0
76 160 523 126 0 0 0
76 160 526 129 8 8 0
84 168 529 132 0 0 0
84 168 532 135 8 0 0
92 168 535 138 0 -8 0
92 160 538 141 0 0 0
92 160 541 144 8 8 0
100 168 544 147 0 0 0
100 168 547 150 0 8 0
100 176 550 153 8 -8 0
108 168 553 156 0 0 0
108 168 556 159 8 -8 0
116 160 559 162 0 -8 0
116 152 562 165 0 -8 0
116 144 565 168 8 -8 0
124 136 568 171 0 -8 0
124 128 571 174 0 -8 0
124 120 574 177 8 8 0
132 128 577 180 0 8 0
132 136 580 183 8 0 0
140 136 583 186 0 -8 0
140 128 586 189 0 8 0
140 136 589 192 8 0 0
148 136 592 195 0 8 0
148 144 595 198 0 -8 0
148 136 598 201 8 0 0
156 136 601 204 0 0 0
156 136 604 207 8 8 0
164 144 607 210 0 8 0
164 152 610 213 0 -8 0
164 144 613 216 8 0 0
172 144 616 219 0 0 0
172 144 619 222 0 8 0
172 152 622 225 8 -8 0
180 144 625 228 0 0 0
180 144 628 231 8 8 0
188 152 631 234 0 -8 0
188 144 634 237 0 -8 0
188 136 637 240 8 8 0
196 144 640 243 0 0 0
196 144 643 246 0 8 0
196 152 646 249 8 0 0
204 152 649 252 0 8 0
204 160 652 255 8 0 0
212 160 655 258 0 8 0
212 168 658 261 0 8 0
212 176 661 264 8 -8 0
220 168 664 267 0 0 0
220 168 667 270 0 8 0
220 176 670 273 8 8 0
228 184 673 276 0 -8 0
228 176 676 279 8 -8 0
236 168 679 282 0 8 0
236 176 682 285 0 0 0
236 176 685 288 8 -8 0
244 168 688 291 0 0 0
244 168 691 294 0 0 0
244 168 694 297 8 8 0
252 176 697 300 0 0 0
252 176 700 303 8 0 0
260 176 703 306 0 -8 0
260 168 706 309 0 0 0
260 168 709 312 8 0 0
268 168 712 315 0 8 0
268 176 715 318 0 -8 0
268 168 718 321 8 -8 0
276 160 721 324 0 8 0
276 168 724 327 8 8 0
284 176 727 330 0 -8 0
284 168 730 333 0 -8 0
284 160 733 336 8 -8 0
292 152 736 339 0 -8 0
292 144 739 342 0 8 0
292 152 742 345 8 0 0
300 152 745 348 0 8 0
300 160 748 351 8 -8 0
308 152 751 354 0 8 0
308 160 754 357 0 -8 0
308 152 757 360 8 8 0
316 160 760 363 0 0 0
316 160 763 366 0 8 0
316 168 766 369 8 -8 0
324 160 769 372 0 -8 0
324 152 772 375 8 8 0
332 160 775 378 0 0 0
332 160 778 381 0 0 0
332 160 781 384 0 0 1
332 160 781 384 0 0 1
332 160 781 384 0 0 1
332 160 781 384 0 0 1
332 160 781 384 0 0 1
