207 131 520 315 0 0 0
207 131 523 312 8 8 0
215 139 526 309 8 -8 0
223 131 529 306 8 8 0
231 139 532 303 8 8 0
239 147 535 300 8 8 0
247 155 538 297 0 0 0
247 155 541 294 0 -8 0
247 147 544 291 0 0 0
247 147 547 288 0 0 0
247 147 550 285 0 -8 0
247 139 553 282 0 8 0
247 147 556 279 0 8 0
247 155 559 276 0 0 0
247 155 562 273 0 0 0
247 155 565 270 0 0 0
247 155 568 267 0 8 0
247 163 571 264 0 8 0
247 171 574 261 0 0 0
247 171 577 258 0 -8 0
247 163 580 255 0 0 0
247 163 583 252 0 8 0
247 171 586 249 0 8 0
247 179 589 246 0 0 0
247 179 592 243 0 8 0
247 187 595 240 0 -8 0
247 179 598 237 0 0 0
247 179 601 234 0 8 0
247 187 604 231 0 8 0
247 195 607 228 0 8 0
247 203 610 225 0 0 0
247 203 613 222 0 0 0
247 203 616 219 0 -8 0
247 195 619 216 0 8 0
247 203 622 213 0 0 0
247 203 625 210 0 8 0
247 211 628 207 0 0 0
247 211 631 204 0 0 0
247 211 634 201 0 0 0
247 211 637 198 0 0 0
247 211 640 195 -8 8 0
239 219 643 192 0 0 0
239 219 646 189 0 -8 0
239 211 649 186 -8 8 0
231 219 652 183 0 8 0
231 227 655 180 -8 -8 0
223 219 658 177 0 -8 0
223 211 661 174 0 8 0
223 219 664 171 -8 8 0
215 227 667 168 0 -8 0
215 219 670 165 0 0 0
215 219 673 162 -8 -8 0
207 211 676 159 0 8 0
207 219 679 156 -8 0 0
199 219 682 153 0 0 0
199 219 685 150 0 -8 0
199 211 688 147 -8 8 0
191 219 691 144 0 -8 0
191 211 694 141 0 0 0
191 211 697 138 -8 8 0
183 219 700 135 0 8 0
183 227 703 132 -8 -8 0
175 219 706 129 0 8 0
175 227 709 126 0 0 0
175 227 712 123 -8 -8 0
167 219 715 120 0 8 0
167 227 718 117 0 0 0
167 227 721 114 -8 0 0
159 227 724 111 0 0 0
159 227 727 108 -8 8 0
151 235 730 105 0 8 0
151 243 733 102 0 0 0
151 243 736 99 -8 0 0
143 243 739 96 0 -8 0
143 235 742 93 0 0 0
143 235 745 90 -8 0 0
135 235 748 87 0 0 0
135 235 751 84 -8 -8 0
127 227 754 81 0 8 0
127 235 757 78 0 0 0
127 235 760 75 -8 0 0
119 235 763 72 0 0 0
119 235 766 69 0 -8 0
119 227 769 66 -8 8 0
111 235 772 63 0 8 0
111 243 775 60 -8 0 0
103 243 778 57 0 0 0
103 243 781 54 0 0 1
103 243 781 54 0 0 1
103 243 781 54 0 0 1
103 243 781 54 0 0 1
103 243 781 54 0 0 1
