86 539 298 342 0 0 0
86 539 301 345 8 0 0
94 539 304 348 8 8 0
102 540 307 351 8 0 0
110 540 310 354 8 8 0
118 540 313 357 8 0 0
126 540 316 360 8 0 0
134 540 319 363 8 -8 0
142 532 322 366 8 -8 0
150 524 325 369 8 8 0
158 532 328 372 8 8 0
166 540 331 375 8 -8 0
174 532 334 378 8 8 0
182 540 337 381 8 0 0
190 540 340 384 8 0 0
198 540 343 387 8 8 0
206 540 346 390 8 -8 0
214 532 349 393 8 0 0
222 532 352 396 8 -8 0
230 524 355 399 8 0 0
238 524 358 402 8 -8 0
246 516 361 405 8 0 0
254 516 364 408 8 0 0
262 516 367 411 8 -8 0
270 508 370 414 8 0 0
278 508 373 417 8 0 0
286 508 376 420 8 8 0
294 516 379 423 8 -8 0
302 508 382 426 8 -8 0
310 500 385 429 8 8 0
318 508 388 432 8 0 0
326 508 391 435 8 -8 0
334 500 394 438 8 0 0
342 500 397 441 8 8 0
350 508 400 444 8 0 0
358 508 403 447 8 -8 0
366 500 406 450 8 0 0
374 500 409 453 8 -8 0
382 492 412 456 8 -8 0
390 484 415 459 8 8 0
398 492 418 462 8 8 0
406 500 421 465 8 -8 0
414 492 424 468 8 0 0
422 492 427 471 0 8 0
422 500 430 474 8 8 0
430 508 433 477 0 8 0
430 516 436 480 0 0 0
430 516 439 483 8 -8 0
438 508 442 486 0 0 0
438 508 445 489 8 0 0
446 508 448 492 0 0 0
446 508 451 495 0 8 0
446 516 454 498 8 -8 0
454 508 457 501 0 0 0
454 508 460 504 0 -8 0
454 500 463 507 8 8 0
462 508 466 510 0 0 0
462 508 469 513 8 -8 0
470 500 472 516 0 0 0
470 500 475 519 0 -8 0
470 492 478 522 8 0 0
478 492 481 525 0 8 0
478 500 484 528 0 -8 0
478 492 487 531 8 0 0
486 492 490 534 0 -8 0
486 484 493 537 8 -8 0
494 476 496 540 0 -8 0
494 468 499 543 0 0 0
494 468 502 546 8 -8 0
502 460 505 549 0 -8 0
502 452 508 552 0 0 0
502 452 511 555 8 0 0
510 452 514 558 0 0 0
510 452 517 561 8 8 0
518 460 520 564 0 -8 0
518 452 523 567 0 8 0
518 460 526 570 8 8 0
526 468 529 573 0 0 0
526 468 532 576 0 0 0
526 468 535 579 8 0 0
534 468 538 582 0 -8 0
534 460 541 585 8 -8 0
540 452 544 588 0 0 0
540 452 547 591 8 8 0
540 460 550 588 0 0 0
540 460 553 585 0 -8 0
540 452 556 582 0 0 0
540 452 559 579 0 -8 0
540 444 562 576 0 0 0
540 444 565 573 0 8 0
540 452 568 570 0 -8 0
540 444 571 567 0 0 0
540 444 574 564 0 -8 0
540 436 577 561 0 0 0
540 436 580 558 0 -8 0
540 428 583 555 0 0 0
540 428 586 552 0 0 0
540 428 589 549 0 -8 0
540 420 592 546 0 0 0
540 420 595 543 0 0 0
540 420 598 540 0 0 0
540 420 601 537 0 -8 0
540 412 604 534 0 8 0
540 420 607 531 0 8 0
540 428 610 528 0 0 0
540 428 613 525 0 8 0
540 436 616 522 0 8 0
540 444 619 519 0 0 0
540 444 622 516 0 -8 0
540 436 625 513 0 -8 0
540 428 628 510 0 8 0
540 436 631 507 0 -8 0
540 428 634 504 0 -8 0
540 420 637 501 0 8 0
540 428 640 498 0 0 0
540 428 643 495 0 -8 0
540 420 646 492 0 -8 0
540 412 649 489 -8 8 0
532 420 652 486 0 -8 0
532 412 655 483 0 8 0
532 420 658 480 -8 -8 0
524 412 661 477 0 -8 0
524 404 664 474 0 0 0
524 404 667 471 -8 -8 0
516 396 670 468 0 0 0
516 396 673 465 -8 8 0
508 404 676 462 0 8 0
508 412 679 459 0 8 0
508 420 682 456 -8 0 0
500 420 685 453 0 8 0
500 428 688 450 0 0 0
500 428 691 447 -8 -8 0
492 420 694 444 0 0 0
492 420 697 441 -8 8 0
484 428 700 438 0 8 0
484 436 703 435 0 8 0
484 444 706 432 -8 -8 0
476 436 709 429 0 -8 0
476 428 712 426 0 0 0
476 428 715 423 -8 0 0
468 428 718 420 0 -8 0
468 420 721 417 -8 8 0
460 428 724 414 0 -8 0
460 420 727 411 0 8 0
460 428 730 408 -8 -8 0
452 420 733 405 0 0 0
452 420 736 402 0 8 0
452 428 739 399 -8 8 0
444 436 742 396 0 0 0
444 436 745 393 -8 8 0
436 444 748 390 0 8 0
436 452 751 387 0 -8 0
436 444 754 384 -8 -8 0
428 436 757 381 0 -8 0
428 428 760 378 0 0 0
428 428 763 375 -8 8 0
420 436 766 372 0 8 0
420 444 769 369 -8 8 0
412 452 772 366 0 0 0
412 452 775 363 0 8 0
412 460 778 360 -8 -8 0
404 452 781 357 0 0 1
404 452 781 357 0 0 1
404 452 781 357 0 0 1
404 452 781 357 0 0 1
404 452 781 357 0 0 1
