328 213 628 432 0 0 0
328 213 631 435 8 0 0
336 213 634 438 8 8 0
344 221 637 441 8 0 0
352 221 640 444 8 -8 0
360 213 643 447 8 -8 0
368 205 646 450 8 8 0
376 213 649 453 8 -8 0
384 205 652 456 8 8 0
392 213 655 459 8 8 0
400 221 658 462 8 8 0
408 229 661 465 8 -8 0
416 221 664 468 8 -8 0
424 213 667 471 0 8 0
424 221 670 474 0 8 0
424 229 673 477 8 0 0
432 229 676 480 0 8 0
432 237 679 483 8 8 0
440 245 682 486 0 -8 0
440 237 685 489 0 -8 0
440 229 688 492 8 -8 0
448 221 691 495 0 -8 0
448 213 694 498 0 0 0
448 213 697 501 8 0 0
456 213 700 504 0 -8 0
456 205 703 507 8 0 0
464 205 706 510 0 0 0
464 205 709 513 0 -8 0
464 197 712 516 8 8 0
472 205 715 519 0 -8 0
472 197 718 522 0 0 0
472 197 721 525 8 0 0
480 197 724 528 0 8 0
480 205 727 531 8 8 0
488 213 730 534 0 0 0
488 213 733 537 0 -8 0
488 205 736 540 8 0 0
496 205 739 543 0 0 0
496 205 742 546 0 8 0
496 213 745 549 8 8 0
504 221 748 552 0 8 0
504 229 751 555 8 0 0
512 229 754 558 0 8 0
512 237 757 561 0 0 0
512 237 760 564 8 0 0
520 237 763 567 0 -8 0
520 229 766 570 0 -8 0
520 221 769 573 8 -8 0
528 213 772 576 0 0 0
528 213 775 579 8 8 0
536 221 778 582 0 8 0
536 229 781 585 0 0 1
536 229 781 585 0 0 1
536 229 781 585 0 0 1
536 229 781 585 0 0 1
536 229 781 585 0 0 1
