171 143 415 429 0 0 0
171 143 412 426 8 0 0
179 143 409 423 8 -8 0
187 135 406 420 8 -8 0
195 127 403 417 8 -8 0
203 119 400 414 8 0 0
211 119 397 411 8 0 0
219 119 394 408 8 -8 0
227 111 391 405 8 0 0
235 111 388 402 8 -8 0
243 103 385 399 8 8 0
251 111 382 396 8 -8 0
259 103 379 393 8 0 0
267 103 376 390 8 -8 0
275 95 373 387 8 8 0
283 103 370 384 8 8 0
291 111 367 381 8 8 0
299 119 364 378 8 0 0
307 119 361 375 8 8 0
315 127 358 372 8 -8 0
323 119 355 369 0 8 0
323 127 352 366 0 -8 0
323 119 349 363 0 -8 0
323 111 346 360 0 8 0
323 119 343 357 0 -8 0
323 111 340 354 0 -8 0
323 103 337 351 0 8 0
323 111 334 348 0 8 0
323 119 331 345 0 8 0
323 127 328 342 0 8 0
323 135 325 339 0 0 0
323 135 322 336 0 -8 0
323 127 319 333 0 8 0
323 135 316 330 0 8 0
323 143 313 327 0 0 0
323 143 310 324 0 8 0
323 151 307 321 0 -8 0
323 143 304 318 0 0 0
323 143 301 315 0 8 0
323 151 298 312 0 8 0
323 159 295 309 0 0 0
323 159 292 306 0 -8 0
323 151 289 303 0 -8 0
323 143 286 300 0 0 0
323 143 283 297 0 0 0
323 143 280 294 0 0 0
323 143 277 291 0 0 0
323 143 274 288 0 0 0
323 143 271 285 0 8 0
323 151 268 282 0 8 0
323 159 265 279 0 -8 0
323 151 262 276 0 8 0
323 159 259 273 0 -8 0
323 151 256 270 -8 0 0
315 151 253 267 0 8 0
315 159 250 264 -8 0 0
307 159 247 261 0 -8 0
307 151 244 258 0 0 0
307 151 241 255 -8 0 0
299 151 238 252 0 0 0
299 151 235 249 0 8 0
299 159 232 246 -8 -8 0
291 151 229 243 0 0 0
291 151 226 240 -8 -8 0
283 143 223 237 0 8 0
283 151 220 234 0 0 0
283 151 217 231 -8 -8 0
275 143 214 228 0 8 0
275 151 211 225 0 8 0
275 159 208 222 -8 0 0
267 159 205 219 0 -8 0
267 151 202 216 -8 -8 0
259 143 199 213 0 8 0
259 151 196 210 0 8 0
259 159 193 207 -8 8 0
251 167 190 204 0 -8 0
251 159 187 201 0 -8 0
251 151 184 198 -8 8 0
243 159 181 195 0 0 0
243 159 178 192 -8 8 0
235 167 175 189 0 8 0
235 175 172 186 0 0 0
235 175 169 183 -8 -8 0
227 167 166 180 0 -8 0
227 159 163 177 0 -8 0
227 151 160 174 -8 -8 0
219 143 157 171 0 0 0
219 143 154 168 -8 -8 0
211 135 151 165 0 0 0
211 135 148 162 0 0 0
211 135 145 159 -8 -8 0
203 127 142 156 0 8 0
203 135 139 153 0 8 0
203 143 136 150 -8 0 0
195 143 133 147 0 0 0
195 143 130 144 -8 8 0
187 151 127 141 0 -8 0
187 143 124 138 0 8 0
187 151 121 135 -8 8 0
179 159 118 132 0 8 0
179 167 115 129 0 0 0
179 167 112 126 -8 8 0
171 175 109 123 0 8 0
171 183 106 120 -8 8 0
163 191 103 117 0 8 0
163 199 100 114 0 -8 0
163 191 97 111 -8 8 0
155 199 94 108 0 -8 0
155 191 91 105 0 -8 0
155 183 88 102 -8 0 0
147 183 85 99 0 -8 0
147 175 82 96 -8 0 0
139 175 79 93 0 0 0
139 175 76 90 0 -8 0
139 167 73 87 -8 -8 0
131 159 70 84 0 0 0
131 159 67 81 0 8 0
131 167 64 78 -8 8 0
123 175 61 75 0 8 0
123 183 58 72 -8 -8 0
115 175 55 69 0 0 0
115 175 52 66 0 8 0
115 183 49 63 -8 0 0
107 183 46 60 0 0 0
107 183 43 57 0 -8 0
107 175 40 54 -8 0 0
99 175 37 51 0 -8 0
99 167 34 48 -8 -8 0
91 159 31 45 0 -8 0
91 151 28 42 0 -8 0
91 143 25 39 -8 0 0
83 143 22 36 0 0 0
83 143 19 33 0 8 0
83 151 22 30 -8 8 0
75 159 25 27 0 0 0
75 159 28 24 -8 8 0
67 167 31 21 0 -8 0
67 159 34 18 0 0 0
67 159 37 15 -8 -8 0
60 151 40 12 0 0 0
60 151 43 9 -8 0 0
60 151 46 12 0 -8 0
60 143 49 15 0 0 0
60 143 52 18 0 -8 0
60 135 55 21 0 8 0
60 143 58 24 0 8 0
60 151 61 27 0 -8 0
60 143 64 30 0 8 0
60 151 67 33 0 -8 0
60 143 70 36 0 8 0
60 151 73 39 0 8 0
60 159 76 42 0 0 0
60 159 79 45 0 -8 0
60 151 82 48 0 -8 0
60 143 85 51 0 8 0
60 151 88 54 0 -8 0
60 143 91 57 0 0 0
60 143 94 60 0 8 0
60 151 97 63 0 0 0
60 151 100 66 0 8 0
60 159 103 69 0 8 0
60 167 106 72 0 8 0
60 175 109 75 0 -8 0
60 167 112 78 0 8 0
60 175 115 81 0 -8 0
60 167 118 84 0 -8 0
60 159 121 87 0 -8 0
60 151 124 90 0 -8 0
60 143 127 93 0 8 0
60 151 130 96 0 0 0
60 151 133 99 0 0 0
60 151 136 102 0 0 0
60 151 139 105 0 8 0
60 159 142 108 0 -8 0
60 151 145 111 8 0 0
68 151 148 114 0 -8 0
68 143 151 117 0 -8 0
68 135 154 120 8 8 0
76 143 157 123 0 0 0
76 143 160 126 0 8 0
76 151 163 129 8 -8 0
84 143 166 132 0 0 0
84 143 169 135 8 0 0
92 143 172 138 0 0 0
92 143 175 141 0 0 0
92 143 178 144 8 0 0
100 143 181 147 0 8 0
100 151 184 150 0 8 0
100 159 187 153 8 0 0
108 159 190 156 0 -8 0
108 151 193 159 8 8 0
116 159 196 162 0 -8 0
116 151 199 165 0 8 0
116 159 202 168 8 -8 0
124 151 205 171 0 8 0
124 159 208 174 0 8 0
124 167 211 177 8 0 0
132 167 214 180 0 -8 0
132 159 217 183 8 8 0
140 167 220 186 0 -8 0
140 159 223 189 0 -8 0
140 151 226 192 8 8 0
148 159 229 195 0 -8 0
148 151 232 198 0 0 0
148 151 235 201 8 8 0
156 159 238 204 0 0 0
156 159 241 207 8 8 0
164 167 244 210 0 0 0
164 167 247 213 0 -8 0
164 159 250 216 8 8 0
172 167 253 219 0 -8 0
172 159 256 222 0 0 0
172 159 259 225 8 -8 0
180 151 262 228 0 0 0
180 151 265 231 8 8 0
188 159 268 234 0 -8 0
188 151 271 237 0 -8 0
188 143 274 240 8 -8 0
196 135 277 243 0 0 0
196 135 280 246 0 8 0
196 143 283 249 8 8 0
204 151 286 252 0 8 0
204 159 289 255 8 0 0
212 159 292 258 0 8 0
212 167 295 261 0 0 0
212 167 298 264 8 8 0
220 175 301 267 0 -8 0
220 167 304 270 0 0 0
220 167 307 273 8 0 0
228 167 310 276 0 -8 0
228 159 313 279 8 0 0
236 159 316 282 0 8 0
236 167 319 285 0 0 0
236 167 322 288 8 0 0
244 167 325 291 0 8 0
244 175 328 294 0 8 0
244 183 331 297 8 0 0
252 183 334 300 0 -8 0
252 175 337 303 8 -8 0
260 167 340 306 0 8 0
260 175 343 309 0 -8 0
260 167 346 312 8 0 0
268 167 349 315 0 -8 0
268 159 352 318 0 8 0
268 167 355 321 8 8 0
276 175 358 324 0 0 0
276 175 361 327 8 8 0
284 183 364 330 0 8 0
284 191 367 333 0 -8 0
284 183 370 336 8 -8 0
292 175 373 339 0 -8 0
292 167 376 342 0 8 0
292 175 379 345 8 0 0
300 175 382 348 0 0 0
300 175 385 351 8 8 0
308 183 388 354 0 -8 0
308 175 391 357 0 -8 0
308 167 394 360 8 8 0
316 175 397 363 0 8 0
316 183 400 366 0 -8 0
316 175 403 369 8 -8 0
324 167 406 372 0 0 0
324 167 409 375 8 8 0
332 175 412 378 0 8 0
332 183 415 381 0 8 0
332 191 418 384 8 8 0
340 199 421 387 0 -8 0
340 191 424 390 0 -8 0
340 183 427 393 8 0 0
348 183 430 396 0 8 0
348 191 433 399 8 8 0
356 199 436 402 0 0 0
356 199 439 405 0 8 0
356 207 442 408 8 -8 0
364 199 445 411 0 -8 0
364 191 448 414 0 8 0
364 199 451 417 8 0 0
372 199 454 420 0 0 0
372 199 457 423 8 8 0
380 207 460 426 0 -8 0
380 199 463 429 0 -8 0
380 191 466 432 8 0 0
388 191 469 435 0 -8 0
388 183 472 438 0 0 0
388 183 475 441 8 8 0
396 191 478 444 0 8 0
396 199 481 447 8 8 0
404 207 484 450 0 0 0
404 207 487 453 0 0 0
404 207 490 456 8 -8 0
412 199 493 459 0 0 0
412 199 496 462 0 -8 0
412 191 499 465 8 8 0
420 199 502 468 0 0 0
420 199 505 471 8 -8 0
428 191 508 474 0 -8 0
428 183 511 477 0 -8 0
428 175 514 480 8 8 0
436 183 517 483 0 0 0
436 183 520 486 0 -8 0
436 175 523 489 8 8 0
444 183 526 492 0 0 0
444 183 529 495 8 -8 0
452 175 532 498 0 -8 0
452 167 535 501 0 -8 0
452 159 538 504 8 8 0
460 167 541 507 0 -8 0
460 159 544 510 0 8 0
460 167 547 513 8 -8 0
468 159 550 516 0 0 0
468 159 553 519 8 8 0
476 167 556 522 0 -8 0
476 159 559 525 0 0 0
476 159 562 528 8 8 0
484 167 565 531 0 8 0
484 175 568 534 0 8 0
484 183 571 537 8 8 0
492 191 574 540 0 -8 0
492 183 577 543 8 -8 0
500 175 580 546 0 0 0
500 175 583 549 0 -8 0
500 167 586 552 8 8 0
508 175 589 555 0 0 0
508 175 592 558 0 -8 0
508 167 595 561 8 0 0
516 167 598 564 0 8 0
516 175 601 567 8 0 0
524 175 604 570 0 8 0
524 183 607 573 0 8 0
524 191 610 576 8 0 0
532 191 613 579 0 -8 0
532 183 616 582 0 0 0
532 183 619 585 8 -8 0
540 175 622 588 0 0 0
540 175 625 591 8 0 0
540 175 628 588 0 -8 0
540 167 631 585 0 8 0
540 175 634 582 0 8 0
540 183 637 579 0 8 0
540 191 640 576 0 8 0
540 199 643 573 0 0 0
540 199 646 570 0 0 0
540 199 649 567 0 8 0
540 207 652 564 0 0 0
540 207 655 561 0 8 0
540 215 658 558 0 -8 0
540 207 661 555 0 0 0
540 207 664 552 0 0 0
540 207 667 549 0 8 0
540 215 670 546 0 8 0
540 223 673 543 0 -8 0
540 215 676 540 0 8 0
540 223 679 537 0 0 0
540 223 682 534 0 0 0
540 223 685 531 0 0 0
540 223 688 528 0 0 0
540 223 691 525 0 0 0
540 223 694 522 0 8 0
540 231 697 519 0 0 0
540 231 700 516 0 0 0
540 231 703 513 0 0 0
540 231 706 510 0 -8 0
540 223 709 507 0 0 0
540 223 712 504 0 -8 0
540 215 715 501 0 0 0
540 215 718 498 0 -8 0
540 207 721 495 0 0 0
540 207 724 492 0 8 0
540 215 727 489 -8 -8 0
532 207 730 486 0 0 0
532 207 733 483 0 0 0
532 207 736 480 -8 0 0
524 207 739 477 0 8 0
524 215 742 474 0 0 0
524 215 745 471 -8 0 0
516 215 748 468 0 8 0
516 223 751 465 -8 8 0
508 231 754 462 0 -8 0
508 223 757 459 0 8 0
508 231 760 456 -8 0 0
500 231 763 453 0 8 0
500 239 766 450 0 8 0
500 247 769 447 -8 -8 0
492 239 772 444 0 -8 0
492 231 775 441 -8 0 0
484 231 778 438 0 0 0
484 231 781 435 0 0 1
484 231 781 435 0 0 1
484 231 781 435 0 0 1
484 231 781 435 0 0 1
484 231 781 435 0 0 1
