203 422 199 117 0 0 0
203 422 196 120 -8 8 0
195 430 193 123 -8 -8 0
187 422 190 126 -8 0 0
179 422 187 129 0 8 0
179 430 184 132 0 0 0
179 430 181 135 0 -8 0
179 422 178 138 0 8 0
179 430 175 141 0 0 0
179 430 172 144 0 8 0
179 438 169 147 0 8 0
179 446 166 150 0 8 0
179 454 163 153 0 -8 0
179 446 160 156 0 -8 0
179 438 157 159 0 8 0
179 446 154 162 0 0 0
179 446 151 165 0 0 0
179 446 148 168 0 -8 0
179 438 145 171 0 0 0
179 438 142 174 0 -8 0
179 430 139 177 0 8 0
179 438 136 180 0 -8 0
179 430 133 183 0 0 0
179 430 130 186 0 8 0
179 438 127 189 0 8 0
179 446 124 192 0 0 0
179 446 121 195 0 8 0
179 454 118 198 0 0 0
179 454 115 201 0 -8 0
179 446 112 204 0 8 0
179 454 109 207 0 0 0
179 454 106 210 0 -8 0
179 446 103 213 0 8 0
179 454 100 216 0 -8 0
179 446 97 219 0 0 0
179 446 94 222 0 0 0
179 446 91 225 0 -8 0
179 438 88 228 0 -8 0
179 430 85 231 8 0 0
187 430 82 234 0 -8 0
187 422 79 237 0 8 0
187 430 76 240 8 8 0
195 438 73 243 0 8 0
195 446 70 246 8 -8 0
203 438 67 249 0 -8 0
203 430 64 252 0 8 0
203 438 61 255 8 -8 0
211 430 58 258 0 8 0
211 438 55 261 0 8 0
211 446 52 264 8 -8 0
219 438 49 267 0 -8 0
219 430 46 270 8 8 0
227 438 43 273 0 -8 0
227 430 40 276 0 0 0
227 430 37 279 8 -8 0
235 422 34 282 0 -8 0
235 414 31 285 0 8 0
235 422 28 288 8 8 0
243 430 25 291 0 0 0
243 430 22 294 8 0 0
251 430 19 297 0 0 0
251 430 22 300 0 -8 0
251 422 25 303 8 -8 0
259 414 28 306 0 -8 0
259 406 31 309 0 -8 0
259 398 34 312 8 0 0
267 398 37 315 0 8 0
267 406 40 318 8 0 0
275 406 43 321 0 -8 0
275 398 46 324 0 8 0
275 406 49 327 8 8 0
283 414 52 330 0 8 0
283 422 55 333 0 -8 0
283 414 58 336 8 8 0
291 422 61 339 0 -8 0
291 414 64 342 8 8 0
299 422 67 345 0 8 0
299 430 70 348 0 0 0
299 430 73 351 8 8 0
307 438 76 354 0 0 0
307 438 79 357 0 0 0
307 438 82 360 8 0 0
315 438 85 363 0 -8 0
315 430 88 366 8 -8 0
323 422 91 369 0 -8 0
323 414 94 372 0 0 0
323 414 97 375 8 -8 0
331 406 100 378 0 -8 0
331 398 103 381 0 0 0
331 398 106 384 8 -8 0
339 390 109 387 0 0 0
339 390 112 390 8 8 0
347 398 115 393 0 0 0
347 398 118 396 0 -8 0
347 390 121 399 8 -8 0
355 382 124 402 0 -8 0
355 374 127 405 0 -8 0
355 366 130 408 8 8 0
363 374 133 411 0 -8 0
363 366 136 414 8 -8 0
371 358 139 417 0 0 0
371 358 142 420 0 0 0
371 358 145 423 8 0 0
379 358 148 426 0 -8 0
379 350 151 429 0 8 0
379 358 154 432 8 -8 0
387 350 157 435 0 0 0
387 350 160 438 8 0 0
395 350 163 441 0 8 0
395 358 166 444 0 0 0
395 358 169 447 8 0 0
403 358 172 450 0 8 0
403 366 175 453 0 0 0
403 366 178 456 8 8 0
411 374 181 459 0 -8 0
411 366 184 462 8 8 0
419 374 187 465 0 0 0
419 374 190 468 0 -8 0
419 366 193 471 8 8 0
427 374 196 474 0 -8 0
427 366 199 477 0 -8 0
427 358 202 480 8 -8 0
435 350 205 483 0 -8 0
435 342 208 486 8 -8 0
443 334 211 489 0 0 0
443 334 214 492 0 -8 0
443 326 217 495 8 8 0
451 334 220 498 0 8 0
451 342 223 501 0 0 0
451 342 226 504 8 -8 0
459 334 229 507 0 8 0
459 342 232 510 8 8 0
467 350 235 513 0 8 0
467 358 238 516 0 8 0
467 366 241 519 8 0 0
475 366 244 522 0 -8 0
475 358 247 525 0 -8 0
475 350 250 528 8 -8 0
483 342 253 531 0 0 0
483 342 256 534 8 0 0
491 342 259 537 0 -8 0
491 334 262 540 0 0 0
491 334 265 543 8 -8 0
499 326 268 546 0 -8 0
499 318 271 549 0 -8 0
499 310 274 552 8 -8 0
507 302 277 555 0 0 0
507 302 280 558 8 -8 0
515 294 283 561 0 -8 0
515 286 286 564 0 -8 0
515 278 289 567 8 -8 0
523 270 292 570 0 8 0
523 278 295 573 0 -8 0
523 270 298 576 8 -8 0
531 262 301 579 0 8 0
531 270 304 582 8 0 0
539 270 307 585 0 -8 0
539 262 310 588 0 0 0
539 262 313 591 8 -8 0
540 254 316 588 0 0 0
540 254 319 585 0 8 0
540 262 322 582 0 0 0
540 262 325 579 0 8 0
540 270 328 576 0 -8 0
540 262 331 573 0 -8 0
540 254 334 570 0 0 0
540 254 337 567 0 -8 0
540 246 340 564 0 0 0
540 246 343 561 0 0 0
540 246 346 558 0 -8 0
540 238 349 555 0 0 0
540 238 352 552 0 -8 0
540 230 355 549 0 8 0
540 238 358 546 0 -8 0
540 230 361 543 0 0 0
540 230 364 540 0 8 0
540 238 367 537 0 -8 0
540 230 370 534 0 0 0
540 230 373 531 0 0 0
540 230 376 528 0 -8 0
540 222 379 525 0 0 0
540 222 382 522 0 0 0
540 222 385 519 0 8 0
540 230 388 516 0 8 0
540 238 391 513 0 0 0
540 238 394 510 0 8 0
540 246 397 507 0 -8 0
540 238 400 504 0 -8 0
540 230 403 501 0 -8 0
540 222 406 498 0 8 0
540 230 409 495 0 0 0
540 230 412 492 0 8 0
540 238 415 489 -8 -8 0
532 230 418 486 0 -8 0
532 222 421 483 0 -8 0
532 214 424 480 -8 0 0
524 214 427 477 0 0 0
524 214 430 474 0 0 0
524 214 433 471 -8 0 0
516 214 436 468 0 8 0
516 222 439 465 -8 0 0
508 222 442 462 0 0 0
508 222 445 459 0 0 0
508 222 448 456 -8 8 0
500 230 451 453 0 0 0
500 230 454 450 0 -8 0
500 222 457 447 -8 0 0
492 222 460 444 0 -8 0
492 214 463 441 -8 -8 0
484 206 466 438 0 8 0
484 214 469 435 0 -8 0
484 206 472 432 -8 0 0
476 206 475 429 0 0 0
476 206 478 426 0 8 0
476 214 481 423 -8 8 0
468 222 484 420 0 -8 0
468 214 487 417 -8 8 0
460 222 490 414 0 8 0
460 230 493 411 0 8 0
460 238 496 408 -8 8 0
452 246 499 405 0 -8 0
452 238 502 402 0 0 0
452 238 505 399 -8 0 0
444 238 508 396 0 0 0
444 238 511 393 -8 0 0
436 238 514 390 0 0 0
436 238 517 387 0 -8 0
436 230 520 384 -8 8 0
428 238 523 381 0 0 0
428 238 526 378 0 8 0
428 246 529 375 -8 8 0
420 254 532 372 0 0 0
420 254 535 369 -8 -8 0
412 246 538 366 0 -8 0
412 238 541 363 0 0 0
412 238 544 360 -8 -8 0
404 230 547 357 0 0 0
404 230 550 354 0 -8 0
404 222 553 351 -8 -8 0
396 214 556 348 0 0 0
396 214 559 345 -8 -8 0
388 206 562 342 0 8 0
388 214 565 339 0 -8 0
388 206 568 336 -8 8 0
380 214 571 333 0 0 0
380 214 574 330 0 8 0
380 222 577 327 -8 -8 0
372 214 580 324 0 0 0
372 214 583 321 -8 8 0
364 222 586 318 0 8 0
364 230 589 315 0 0 0
364 230 592 312 -8 8 0
356 238 595 309 0 0 0
356 238 598 306 0 8 0
356 246 601 303 -8 8 0
348 254 604 300 0 0 0
348 254 607 297 -8 0 0
340 254 610 294 0 -8 0
340 246 613 291 0 0 0
340 246 616 288 -8 0 0
332 246 619 285 0 8 0
332 254 622 282 0 -8 0
332 246 625 279 -8 0 0
324 246 628 276 0 0 0
324 246 631 273 -8 0 0
316 246 634 270 0 0 0
316 246 637 267 0 8 0
316 254 640 264 -8 0 0
308 254 643 261 0 -8 0
308 246 646 258 0 0 0
308 246 649 255 -8 8 0
300 254 652 252 0 8 0
300 262 655 249 -8 8 0
292 270 658 246 0 0 0
292 270 661 243 0 0 0
292 270 664 240 -8 -8 0
284 262 667 237 0 8 0
284 270 670 234 0 -8 0
284 262 673 231 -8 0 0
276 262 676 228 0 0 0
276 262 679 225 -8 0 0
268 262 682 222 0 0 0
268 262 685 219 0 8 0
268 270 688 216 -8 0 0
260 270 691 213 0 -8 0
260 262 694 210 0 0 0
260 262 697 207 -8 8 0
252 270 700 204 0 0 0
252 270 703 201 -8 -8 0
244 262 706 198 0 -8 0
244 254 709 195 0 -8 0
244 246 712 192 -8 8 0
236 254 715 189 0 8 0
236 262 718 186 0 8 0
236 270 721 183 -8 8 0
228 278 724 180 0 8 0
228 286 727 177 -8 8 0
220 294 730 174 0 -8 0
220 286 733 171 0 0 0
220 286 736 168 -8 8 0
212 294 739 165 0 -8 0
212 286 742 162 0 -8 0
212 278 745 159 -8 0 0
204 278 748 156 0 -8 0
204 270 751 153 -8 0 0
196 270 754 150 0 0 0
196 270 757 147 0 8 0
196 278 760 144 -8 0 0
188 278 763 141 0 0 0
188 278 766 138 0 -8 0
188 270 769 135 -8 0 0
180 270 772 132 0 -8 0
180 262 775 129 -8 8 0
172 270 778 126 0 0 0
172 270 781 123 0 0 1
172 270 781 123 0 0 1
172 270 781 123 0 0 1
172 270 781 123 0 0 1
172 270 781 123 0 0 1
