181 314 643 186 0 0 0
181 314 640 189 0 8 0
181 322 637 192 0 8 0
181 330 634 195 0 -8 0
181 322 631 198 0 -8 0
181 314 628 201 0 0 0
181 314 625 204 0 0 0
181 314 622 207 0 0 0
181 314 619 210 0 8 0
181 322 616 213 0 0 0
181 322 613 216 0 8 0
181 330 610 219 0 8 0
181 338 607 222 0 -8 0
181 330 604 225 0 -8 0
181 322 601 228 0 0 0
181 322 598 231 0 -8 0
181 314 595 234 8 0 0
189 314 592 237 0 0 0
189 314 589 240 8 0 0
197 314 586 243 0 0 0
197 314 583 246 0 8 0
197 322 580 249 8 8 0
205 330 577 252 0 8 0
205 338 574 255 0 8 0
205 346 571 258 8 0 0
213 346 568 261 0 0 0
213 346 565 264 8 0 0
221 346 562 267 0 -8 0
221 338 559 270 0 8 0
221 346 556 273 8 -8 0
229 338 553 276 0 8 0
229 346 550 279 0 -8 0
229 338 547 282 8 8 0
237 346 544 285 0 8 0
237 354 541 288 8 -8 0
245 346 538 291 0 8 0
245 354 535 294 0 -8 0
245 346 532 297 8 8 0
253 354 529 300 0 8 0
253 362 526 303 0 0 0
253 362 523 306 8 -8 0
261 354 520 309 0 0 0
261 354 517 312 8 -8 0
269 346 514 315 0 8 0
269 354 511 318 0 -8 0
269 346 508 321 8 0 0
277 346 505 324 0 -8 0
277 338 502 327 0 8 0
277 346 499 330 8 8 0
285 354 496 333 0 -8 0
285 346 493 336 8 0 0
293 346 490 339 0 8 0
293 354 487 342 0 0 0
293 354 484 345 8 8 0
301 362 481 348 0 -8 0
301 354 478 351 0 0 0
301 354 475 354 8 0 0
309 354 472 357 0 -8 0
309 346 469 360 8 -8 0
317 338 466 363 0 0 0
317 338 463 366 0 -8 0
317 330 460 369 8 8 0
325 338 457 372 0 0 0
325 338 454 375 0 8 0
325 346 451 378 8 0 0
333 346 448 381 0 0 0
333 346 445 384 8 -8 0
341 338 442 387 0 8 0
341 346 439 390 0 8 0
341 354 436 393 8 -8 0
349 346 433 396 0 -8 0
349 338 430 399 0 0 0
349 338 427 402 8 8 0
357 346 424 405 0 -8 0
357 338 421 408 8 0 0
365 338 418 411 0 8 0
365 346 415 414 0 -8 0
365 338 412 417 8 -8 0
373 330 409 420 0 -8 0
373 322 406 423 0 8 0
373 330 403 426 8 8 0
381 338 400 429 0 8 0
381 346 397 432 8 0 0
389 346 394 435 0 0 0
389 346 391 438 0 8 0
389 354 388 441 8 -8 0
397 346 385 444 0 -8 0
397 338 382 447 0 8 0
397 346 379 450 8 0 0
405 346 376 453 0 0 0
405 346 373 456 8 -8 0
413 338 370 459 0 8 0
413 346 367 462 0 -8 0
413 338 364 465 8 -8 0
421 330 361 468 0 8 0
421 338 358 471 0 8 0
421 346 355 474 8 8 0
429 354 352 477 0 8 0
429 362 349 480 8 0 0
437 362 346 483 0 8 0
437 370 343 486 0 0 0
437 370 340 489 8 -8 0
445 362 337 492 0 -8 0
445 354 334 495 0 -8 0
445 346 331 498 8 8 0
453 354 328 501 0 -8 0
453 346 325 504 8 0 0
461 346 322 507 0 8 0
461 354 319 510 0 0 0
461 354 316 513 8 0 0
469 354 313 516 0 8 0
469 362 310 519 0 -8 0
469 354 307 522 8 8 0
477 362 304 525 0 8 0
477 370 301 528 8 8 0
485 378 298 531 0 0 0
485 378 295 534 0 8 0
485 386 292 537 8 -8 0
493 378 289 540 0 0 0
493 378 286 543 0 8 0
493 386 283 546 8 -8 0
501 378 280 549 0 8 0
501 386 277 552 8 0 0
509 386 274 555 0 -8 0
509 378 271 558 0 -8 0
509 370 268 561 8 8 0
517 378 265 564 0 -8 0
517 370 262 567 0 8 0
517 378 259 570 8 8 0
525 386 256 573 0 0 0
525 386 253 576 8 8 0
533 394 250 579 0 8 0
533 402 247 582 0 0 0
533 402 244 585 8 -8 0
540 394 241 588 0 -8 0
540 386 238 591 8 0 0
540 386 235 588 0 8 0
540 394 232 585 0 8 0
540 402 229 582 0 -8 0
540 394 226 579 0 -8 0
540 386 223 576 0 0 0
540 386 220 573 0 8 0
540 394 217 570 0 0 0
540 394 214 567 0 8 0
540 402 211 564 0 8 0
540 410 208 561 0 -8 0
540 402 205 558 0 8 0
540 410 202 555 0 0 0
540 410 199 552 0 8 0
540 418 196 549 0 0 0
540 418 193 546 0 0 0
540 418 190 543 0 -8 0
540 410 187 540 0 -8 0
540 402 184 537 0 8 0
540 410 181 534 0 -8 0
540 402 178 531 0 8 0
540 410 175 528 0 0 0
540 410 172 525 0 8 0
540 418 169 522 0 -8 0
540 410 166 519 0 8 0
540 418 163 516 0 8 0
540 426 160 513 0 0 0
540 426 157 510 0 0 0
540 426 154 507 0 -8 0
540 418 151 504 0 0 0
540 418 148 501 0 8 0
540 426 145 498 0 -8 0
540 418 142 495 0 8 0
540 426 139 492 0 0 0
540 426 136 489 -8 -8 0
532 418 133 486 0 -8 0
532 410 130 483 0 0 0
532 410 127 480 -8 8 0
524 418 124 477 0 0 0
524 418 121 474 0 8 0
524 426 118 471 -8 -8 0
516 418 115 468 0 -8 0
516 410 112 465 -8 0 0
508 410 109 462 0 8 0
508 418 106 459 0 -8 0
508 410 103 456 -8 -8 0
500 402 100 453 0 0 0
500 402 97 450 0 -8 0
500 394 94 447 -8 -8 0
492 386 91 444 0 8 0
492 394 88 441 -8 8 0
484 402 85 438 0 8 0
484 410 82 435 0 -8 0
484 402 79 432 -8 0 0
476 402 76 429 0 -8 0
476 394 73 426 0 0 0
476 394 70 423 -8 -8 0
468 386 67 420 0 8 0
468 394 64 417 -8 -8 0
460 386 61 414 0 0 0
460 386 58 411 0 -8 0
460 378 55 408 -8 0 0
452 378 52 405 0 0 0
452 378 49 402 0 -8 0
452 370 46 399 -8 0 0
444 370 43 396 0 0 0
444 370 40 393 -8 0 0
436 370 37 390 0 0 0
436 370 34 387 0 -8 0
436 362 31 384 -8 8 0
428 370 28 381 0 -8 0
428 362 25 378 0 0 0
428 362 22 375 -8 8 0
420 370 19 372 0 0 0
420 370 22 369 -8 0 0
412 370 25 366 0 -8 0
412 362 28 363 0 0 0
412 362 31 360 -8 -8 0
404 354 34 357 0 -8 0
404 346 37 354 0 0 0
404 346 40 351 -8 8 0
396 354 43 348 0 -8 0
396 346 46 345 -8 8 0
388 354 49 342 0 0 0
388 354 52 339 0 0 0
388 354 55 336 -8 -8 0
380 346 58 333 0 -8 0
380 338 61 330 0 -8 0
380 330 64 327 -8 0 0
372 330 67 324 0 0 0
372 330 70 321 -8 0 0
364 330 73 318 0 8 0
364 338 76 315 0 0 0
364 338 79 312 -8 8 0
356 346 82 309 0 8 0
356 354 85 306 0 -8 0
356 346 88 303 -8 0 0
348 346 91 300 0 0 0
348 346 94 297 -8 8 0
340 354 97 294 0 -8 0
340 346 100 291 0 8 0
340 354 103 288 -8 8 0
332 362 106 285 0 -8 0
332 354 109 282 0 8 0
332 362 112 279 -8 0 0
324 362 115 276 0 -8 0
324 354 118 273 -8 -8 0
316 346 121 270 0 8 0
316 354 124 267 0 0 0
316 354 127 264 -8 0 0
308 354 130 261 0 8 0
308 362 133 258 0 0 0
308 362 136 255 -8 0 0
300 362 139 252 0 8 0
300 370 142 249 -8 8 0
292 378 145 246 0 0 0
292 378 148 243 0 0 0
292 378 151 240 -8 8 0
284 386 154 237 0 0 0
284 386 157 234 0 -8 0
284 378 160 231 -8 -8 0
276 370 163 228 0 0 0
276 370 166 225 -8 -8 0
268 362 169 222 0 -8 0
268 354 172 219 0 8 0
268 362 175 216 -8 -8 0
260 354 178 213 0 8 0
260 362 181 210 0 -8 0
260 354 184 207 -8 0 0
252 354 187 204 0 8 0
252 362 190 201 -8 -8 0
244 354 193 198 0 -8 0
244 346 196 195 0 -8 0
244 338 199 192 -8 8 0
236 346 202 189 0 8 0
236 354 205 186 0 0 0
236 354 208 183 -8 -8 0
228 346 211 180 0 -8 0
228 338 214 177 -8 8 0
220 346 217 174 0 0 0
220 346 220 171 0 0 0
220 346 223 168 -8 8 0
212 354 226 165 0 -8 0
212 346 229 162 0 -8 0
212 338 232 159 -8 -8 0
204 330 235 156 0 -8 0
204 322 238 153 -8 0 0
196 322 241 150 0 0 0
196 322 244 147 0 8 0
196 330 247 144 -8 8 0
188 338 250 141 0 -8 0
188 330 253 138 0 -8 0
188 322 256 135 -8 8 0
180 330 259 132 0 0 0
180 330 262 129 -8 -8 0
172 322 265 126 0 8 0
172 330 268 123 0 -8 0
172 322 271 120 -8 8 0
164 330 274 117 0 -8 0
164 322 277 114 0 8 0
164 330 280 111 -8 0 0
156 330 283 108 0 0 0
156 330 286 105 -8 -8 0
148 322 289 102 0 8 0
148 330 292 99 0 8 0
148 338 295 96 -8 0 0
140 338 298 93 0 0 0
140 338 301 90 0 -8 0
140 330 304 87 -8 -8 0
132 322 307 84 0 0 0
132 322 310 81 -8 0 0
124 322 313 78 0 -8 0
124 314 316 75 0 -8 0
124 306 319 72 -8 8 0
116 314 322 69 0 8 0
116 322 325 66 0 0 0
116 322 328 63 -8 -8 0
108 314 331 60 0 8 0
108 322 334 57 -8 8 0
100 330 337 54 0 8 0
100 338 340 51 0 0 0
100 338 343 48 -8 8 0
92 346 346 45 0 8 0
92 354 349 42 0 -8 0
92 346 352 39 -8 8 0
84 354 355 36 0 8 0
84 362 358 33 -8 0 0
76 362 361 30 0 8 0
76 370 364 27 0 8 0
76 378 367 24 -8 -8 0
68 370 370 21 0 -8 0
68 362 373 18 0 8 0
68 370 376 15 -8 0 0
60 370 379 12 0 0 0
60 370 382 9 -8 0 0
60 370 385 12 0 0 0
60 370 388 15 0 8 0
60 378 391 18 0 -8 0
60 370 394 21 0 0 0
60 370 397 24 0 8 0
60 378 400 27 0 8 0
60 386 403 30 0 0 0
60 386 406 33 0 0 0
60 386 409 36 0 -8 0
60 378 412 39 0 0 0
60 378 415 42 0 -8 0
60 370 418 45 0 -8 0
60 362 421 48 0 8 0
60 370 424 51 0 0 0
60 370 427 54 0 0 0
60 370 430 57 0 0 0
60 370 433 60 0 0 0
60 370 436 63 0 -8 0
60 362 439 66 0 0 0
60 362 442 69 0 8 0
60 370 445 72 0 0 0
60 370 448 75 0 -8 0
60 362 451 78 0 8 0
60 370 454 81 0 -8 0
60 362 457 84 0 0 0
60 362 460 87 0 8 0
60 370 463 90 0 8 0
60 378 466 93 0 0 0
60 378 469 96 0 -8 0
60 370 472 99 0 0 0
60 370 475 102 0 0 0
60 370 478 105 0 8 0
60 378 481 108 0 0 0
60 378 484 111 8 -8 0
68 370 487 114 0 8 0
68 378 490 117 0 0 0
68 378 493 120 8 -8 0
76 370 496 123 0 0 0
76 370 499 126 0 0 0
76 370 502 129 8 0 0
84 370 505 132 0 -8 0
84 362 508 135 8 -8 0
92 354 511 138 0 -8 0
92 346 514 141 0 8 0
92 354 517 144 8 -8 0
100 346 520 147 0 -8 0
100 338 523 150 0 0 0
100 338 526 153 8 8 0
108 346 529 156 0 0 0
108 346 532 159 8 -8 0
116 338 535 162 0 -8 0
116 330 538 165 0 8 0
116 338 541 168 8 0 0
124 338 544 171 0 8 0
124 346 547 174 0 8 0
124 354 550 177 8 -8 0
132 346 553 180 0 -8 0
132 338 556 183 8 0 0
140 338 559 186 0 0 0
140 338 562 189 0 8 0
140 346 565 192 8 0 0
148 346 568 195 0 -8 0
148 338 571 198 0 8 0
148 346 574 201 8 0 0
156 346 577 204 0 8 0
156 354 580 207 8 8 0
164 362 583 210 0 8 0
164 370 586 213 0 0 0
164 370 589 216 8 0 0
172 370 592 219 0 0 0
172 370 595 222 0 0 0
172 370 598 225 8 8 0
180 378 601 228 0 0 0
180 378 604 231 8 8 0
188 386 607 234 0 -8 0
188 378 610 237 0 -8 0
188 370 613 240 8 -8 0
196 362 616 243 0 8 0
196 370 619 246 0 8 0
196 378 622 249 8 8 0
204 386 625 252 0 8 0
204 394 628 255 8 0 0
212 394 631 258 0 0 0
212 394 634 261 0 8 0
212 402 637 264 8 -8 0
220 394 640 267 0 8 0
220 402 643 270 0 8 0
220 410 646 273 8 8 0
228 418 649 276 0 0 0
228 418 652 279 8 8 0
236 426 655 282 0 8 0
236 434 658 285 0 -8 0
236 426 661 288 8 -8 0
244 418 664 291 0 -8 0
244 410 667 294 0 0 0
244 410 670 297 8 8 0
252 418 673 300 0 -8 0
252 410 676 303 8 0 0
260 410 679 306 0 0 0
260 410 682 309 0 0 0
260 410 685 312 8 8 0
268 418 688 315 0 0 0
268 418 691 318 0 8 0
268 426 694 321 8 -8 0
276 418 697 324 0 8 0
276 426 700 327 8 -8 0
284 418 703 330 0 0 0
284 418 706 333 0 -8 0
284 410 709 336 8 8 0
292 418 712 339 0 -8 0
292 410 715 342 0 8 0
292 418 718 345 8 0 0
300 418 721 348 0 8 0
300 426 724 351 8 8 0
308 434 727 354 0 8 0
308 442 730 357 0 8 0
308 450 733 360 8 0 0
316 450 736 363 0 8 0
316 458 739 366 0 8 0
316 466 742 369 8 8 0
324 474 745 372 0 0 0
324 474 748 375 8 -8 0
332 466 751 378 0 0 0
332 466 754 381 0 0 0
332 466 757 384 8 0 0
340 466 760 387 0 0 0
340 466 763 390 0 -8 0
340 458 766 393 8 -8 0
348 450 769 396 0 8 0
348 458 772 399 8 0 0
356 458 775 402 0 0 0
356 458 778 405 0 8 0
356 466 781 408 0 0 1
356 466 781 408 0 0 1
356 466 781 408 0 0 1
356 466 781 408 0 0 1
356 466 781 408 0 0 1
