462 311 364 420 0 0 0
462 311 367 417 0 8 0
462 319 370 414 0 -8 0
462 311 373 411 -8 8 0
454 319 376 408 0 -8 0
454 311 379 405 0 0 0
454 311 382 402 -8 0 0
446 311 385 399 0 -8 0
446 303 388 396 0 -8 0
446 295 391 393 -8 0 0
438 295 394 390 0 8 0
438 303 397 387 -8 8 0
430 311 400 384 0 -8 0
430 303 403 381 0 0 0
430 303 406 378 -8 0 0
422 303 409 375 0 8 0
422 311 412 372 0 8 0
422 319 415 369 -8 0 0
414 319 418 366 0 8 0
414 327 421 363 -8 0 0
406 327 424 360 0 8 0
406 335 427 357 0 8 0
406 343 430 354 -8 0 0
398 343 433 351 0 -8 0
398 335 436 348 0 -8 0
398 327 439 345 -8 -8 0
390 319 442 342 0 -8 0
390 311 445 339 -8 8 0
382 319 448 336 0 0 0
382 319 451 333 0 8 0
382 327 454 330 -8 0 0
374 327 457 327 0 8 0
374 335 460 324 0 0 0
374 335 463 321 -8 0 0
366 335 466 318 0 -8 0
366 327 469 315 -8 8 0
358 335 472 312 0 8 0
358 343 475 309 0 0 0
358 343 478 306 -8 8 0
350 351 481 303 0 -8 0
350 343 484 300 0 -8 0
350 335 487 297 -8 8 0
342 343 490 294 0 8 0
342 351 493 291 -8 0 0
334 351 496 288 0 -8 0
334 343 499 285 0 -8 0
334 335 502 282 -8 -8 0
326 327 505 279 0 0 0
326 327 508 276 0 0 0
326 327 511 273 -8 0 0
318 327 514 270 0 -8 0
318 319 517 267 -8 -8 0
310 311 520 264 0 8 0
310 319 523 261 0 -8 0
310 311 526 258 -8 8 0
302 319 529 255 0 -8 0
302 311 532 252 0 0 0
302 311 535 249 -8 -8 0
294 303 538 246 0 8 0
294 311 541 243 -8 0 0
286 311 544 240 0 -8 0
286 303 547 237 0 0 0
286 303 550 234 -8 -8 0
278 295 553 231 0 -8 0
278 287 556 228 0 8 0
278 295 559 225 -8 8 0
270 303 562 222 0 -8 0
270 295 565 219 -8 8 0
262 303 568 216 0 -8 0
262 295 571 213 0 0 0
262 295 574 210 -8 -8 0
254 287 577 207 0 0 0
254 287 580 204 0 8 0
254 295 583 201 -8 -8 0
246 287 586 198 0 8 0
246 295 589 195 -8 8 0
238 303 592 192 0 -8 0
238 295 595 189 0 -8 0
238 287 598 186 -8 0 0
230 287 601 183 0 0 0
230 287 604 180 0 8 0
230 295 607 177 -8 8 0
222 303 610 174 0 0 0
222 303 613 171 -8 8 0
214 311 616 168 0 0 0
214 311 619 165 0 -8 0
214 303 622 162 -8 0 0
206 303 625 159 0 0 0
206 303 628 156 0 -8 0
206 295 631 153 -8 0 0
198 295 634 150 0 8 0
198 303 637 147 -8 0 0
190 303 640 144 0 8 0
190 311 643 141 0 0 0
190 311 646 138 -8 0 0
182 311 649 135 0 -8 0
182 303 652 132 0 -8 0
182 295 655 129 -8 8 0
174 303 658 126 0 8 0
174 311 661 123 -8 -8 0
166 303 664 120 0 -8 0
166 295 667 117 0 8 0
166 303 670 114 -8 0 0
158 303 673 111 0 0 0
158 303 676 108 0 0 0
158 303 679 105 -8 -8 0
150 295 682 102 0 -8 0
150 287 685 99 -8 0 0
142 287 688 96 0 0 0
142 287 691 93 0 -8 0
142 279 694 90 -8 0 0
134 279 697 87 0 -8 0
134 271 700 84 0 -8 0
134 263 703 81 -8 8 0
126 271 706 78 0 8 0
126 279 709 75 -8 8 0
118 287 712 72 0 -8 0
118 279 715 69 0 0 0
118 279 718 66 -8 0 0
110 279 721 63 0 0 0
110 279 724 60 0 8 0
110 287 727 57 -8 0 0
102 287 730 54 0 0 0
102 287 733 51 -8 -8 0
94 279 736 48 0 8 0
94 287 739 45 0 0 0
94 287 742 42 -8 8 0
86 295 745 39 0 -8 0
86 287 748 36 0 0 0
86 287 751 33 -8 0 0
78 287 754 30 0 -8 0
78 279 757 27 -8 0 0
70 279 760 24 0 -8 0
70 271 763 21 0 -8 0
70 263 766 18 -8 -8 0
62 255 769 15 0 8 0
62 263 772 12 0 8 0
62 271 775 9 -8 8 0
60 279 778 12 0 -8 0
60 271 781 15 0 0 1
60 271 781 15 0 0 1
60 271 781 15 0 0 1
60 271 781 15 0 0 1
60 271 781 15 0 0 1
