387 425 241 288 0 0 0
387 425 238 285 -8 -8 0
379 417 235 282 -8 8 0
371 425 232 279 -8 -8 0
363 417 229 276 -8 0 0
355 417 226 273 -8 0 0
347 417 223 270 -8 -8 0
339 409 220 267 -8 8 0
331 417 217 264 -8 0 0
323 417 214 261 -8 -8 0
315 409 211 258 -8 -8 0
307 401 208 255 -8 8 0
299 409 205 252 0 -8 0
299 401 202 249 0 -8 0
299 393 199 246 -8 -8 0
291 385 196 243 0 8 0
291 393 193 240 -8 0 0
283 393 190 237 0 0 0
283 393 187 234 0 -8 0
283 385 184 231 -8 8 0
275 393 181 228 0 8 0
275 401 178 225 0 -8 0
275 393 175 222 -8 0 0
267 393 172 219 0 8 0
267 401 169 216 -8 0 0
259 401 166 213 0 8 0
259 409 163 210 0 -8 0
259 401 160 207 -8 0 0
251 401 157 204 0 0 0
251 401 154 201 0 0 0
251 401 151 198 -8 -8 0
243 393 148 195 0 8 0
243 401 145 192 -8 8 0
235 409 142 189 0 -8 0
235 401 139 186 0 -8 0
235 393 136 183 -8 8 0
227 401 133 180 0 -8 0
227 393 130 177 0 -8 0
227 385 127 174 -8 8 0
219 393 124 171 0 -8 0
219 385 121 168 -8 0 0
211 385 118 165 0 -8 0
211 377 115 162 0 8 0
211 385 112 159 -8 8 0
203 393 109 156 0 0 0
203 393 106 153 0 8 0
203 401 103 150 -8 -8 0
195 393 100 147 0 -8 0
195 385 97 144 -8 0 0
187 385 94 141 0 0 0
187 385 91 138 0 8 0
187 393 88 135 -8 -8 0
179 385 85 132 0 -8 0
179 377 82 129 0 8 0
179 385 79 126 -8 -8 0
171 377 76 123 0 8 0
171 385 73 120 -8 8 0
163 393 70 117 0 0 0
163 393 67 114 0 0 0
163 393 64 111 -8 8 0
155 401 61 108 0 -8 0
155 393 58 105 0 0 0
155 393 55 102 -8 0 0
147 393 52 99 0 0 0
147 393 49 96 -8 0 0
139 393 46 93 0 -8 0
139 385 43 90 0 8 0
139 393 40 87 -8 0 0
131 393 37 84 0 8 0
131 401 34 81 0 -8 0
131 393 31 78 -8 8 0
123 401 28 75 0 0 0
123 401 25 72 -8 -8 0
115 393 22 69 0 -8 0
115 385 19 66 0 0 0
115 385 22 63 -8 8 0
107 393 25 60 0 8 0
107 401 28 57 0 0 0
107 401 31 54 -8 -8 0
99 393 34 51 0 8 0
99 401 37 48 -8 0 0
91 401 40 45 0 -8 0
91 393 43 42 0 8 0
91 401 46 39 -8 8 0
83 409 49 36 0 8 0
83 417 52 33 0 0 0
83 417 55 30 -8 0 0
75 417 58 27 0 -8 0
75 409 61 24 -8 8 0
67 417 64 21 0 -8 0
67 409 67 18 0 0 0
67 409 70 15 -8 -8 0
60 401 73 12 0 0 0
60 401 76 9 -8 8 0
60 409 79 12 0 0 0
60 409 82 15 0 8 0
60 417 85 18 0 8 0
60 425 88 21 0 0 0
60 425 91 24 0 8 0
60 433 94 27 0 8 0
60 441 97 30 0 0 0
60 441 100 33 0 8 0
60 449 103 36 0 8 0
60 457 106 39 0 8 0
60 465 109 42 0 -8 0
60 457 112 45 0 0 0
60 457 115 48 0 0 0
60 457 118 51 0 0 0
60 457 121 54 0 8 0
60 465 124 57 0 -8 0
60 457 127 60 0 0 0
60 457 130 63 0 -8 0
60 449 133 66 0 8 0
60 457 136 69 0 -8 0
60 449 139 72 0 8 0
60 457 142 75 0 8 0
60 465 145 78 0 -8 0
60 457 148 81 0 -8 0
60 449 151 84 0 -8 0
60 441 154 87 0 -8 0
60 433 157 90 0 0 0
60 433 160 93 0 8 0
60 441 163 96 0 8 0
60 449 166 99 0 -8 0
60 441 169 102 0 -8 0
60 433 172 105 0 0 0
60 433 175 108 0 8 0
60 441 178 111 8 0 0
68 441 181 114 0 8 0
68 449 184 117 0 8 0
68 457 187 120 8 0 0
76 457 190 123 0 -8 0
76 449 193 126 0 -8 0
76 441 196 129 8 0 0
84 441 199 132 0 8 0
84 449 202 135 8 -8 0
92 441 205 138 0 -8 0
92 433 208 141 0 0 0
92 433 211 144 8 -8 0
100 425 214 147 0 0 0
100 425 217 150 0 -8 0
100 417 220 153 8 -8 0
108 409 223 156 0 8 0
108 417 226 159 8 -8 0
116 409 229 162 0 0 0
116 409 232 165 0 -8 0
116 401 235 168 8 -8 0
124 393 238 171 0 8 0
124 401 241 174 0 -8 0
124 393 244 177 8 8 0
132 401 247 180 0 0 0
132 401 250 183 8 0 0
140 401 253 186 0 8 0
140 409 256 189 0 0 0
140 409 259 192 8 0 0
148 409 262 195 0 8 0
148 417 265 198 0 -8 0
148 409 268 201 8 8 0
156 417 271 204 0 8 0
156 425 274 207 8 -8 0
164 417 277 210 0 0 0
164 417 280 213 0 8 0
164 425 283 216 8 -8 0
172 417 286 219 0 -8 0
172 409 289 222 0 -8 0
172 401 292 225 8 8 0
180 409 295 228 0 -8 0
180 401 298 231 8 8 0
188 409 301 234 0 8 0
188 417 304 237 0 0 0
188 417 307 240 8 8 0
196 425 310 243 0 -8 0
196 417 313 246 0 8 0
196 425 316 249 8 -8 0
204 417 319 252 0 8 0
204 425 322 255 8 8 0
212 433 325 258 0 -8 0
212 425 328 261 0 0 0
212 425 331 264 8 8 0
220 433 334 267 0 0 0
220 433 337 270 0 0 0
220 433 340 273 8 -8 0
228 425 343 276 0 0 0
228 425 346 279 8 0 0
236 425 349 282 0 0 0
236 425 352 285 0 0 0
236 425 355 288 8 -8 0
244 417 358 291 0 0 0
244 417 361 294 0 0 0
244 417 364 297 8 8 0
252 425 367 300 0 -8 0
252 417 370 303 8 -8 0
260 409 373 306 0 8 0
260 417 376 309 0 0 0
260 417 379 312 8 8 0
268 425 382 315 0 8 0
268 433 385 318 0 0 0
268 433 388 321 8 8 0
276 441 391 324 0 8 0
276 449 394 327 8 -8 0
284 441 397 330 0 0 0
284 441 400 333 0 8 0
284 449 403 336 8 -8 0
292 441 406 339 0 -8 0
292 433 409 342 0 -8 0
292 425 412 345 8 0 0
300 425 415 348 0 -8 0
300 417 418 351 8 0 0
308 417 421 354 0 -8 0
308 409 424 357 0 0 0
308 409 427 360 8 8 0
316 417 430 363 0 -8 0
316 409 433 366 0 -8 0
316 401 436 369 8 8 0
324 409 439 372 0 -8 0
324 401 442 375 8 -8 0
332 393 445 378 0 -8 0
332 385 448 381 0 0 0
332 385 451 384 8 0 0
340 385 454 387 0 0 0
340 385 457 390 0 8 0
340 393 460 393 8 -8 0
348 385 463 396 0 -8 0
348 377 466 399 8 -8 0
356 369 469 402 0 0 0
356 369 472 405 0 8 0
356 377 475 408 8 0 0
364 377 478 411 0 -8 0
364 369 481 414 0 -8 0
364 361 484 417 8 8 0
372 369 487 420 0 -8 0
372 361 490 423 8 0 0
380 361 493 426 0 0 0
380 361 496 429 0 8 0
380 369 499 432 8 0 0
388 369 502 435 0 0 0
388 369 505 438 0 0 0
388 369 508 441 8 -8 0
396 361 511 444 0 -8 0
396 353 514 447 8 -8 0
404 345 517 450 0 8 0
404 353 520 453 0 0 0
404 353 523 456 8 -8 0
412 345 526 459 0 8 0
412 353 529 462 0 8 0
412 361 532 465 8 0 0
420 361 535 468 0 8 0
420 369 538 471 8 -8 0
428 361 541 474 0 0 0
428 361 544 477 0 -8 0
428 353 547 480 8 8 0
436 361 550 483 0 8 0
436 369 553 486 0 0 0
436 369 556 489 8 0 0
444 369 559 492 0 8 0
444 377 562 495 8 8 0
452 385 565 498 0 8 0
452 393 568 501 0 -8 0
452 385 571 504 8 -8 0
460 377 574 507 0 8 0
460 385 577 510 0 -8 0
460 377 580 513 8 0 0
468 377 583 516 0 0 0
468 377 586 519 8 8 0
476 385 589 522 0 8 0
476 393 592 525 0 0 0
476 393 595 528 8 8 0
484 401 598 531 0 -8 0
484 393 601 534 0 8 0
484 401 604 537 8 -8 0
492 393 607 540 0 0 0
492 393 610 543 8 8 0
500 401 613 546 0 0 0
500 401 616 549 0 -8 0
500 393 619 552 8 -8 0
508 385 622 555 0 8 0
508 393 625 558 0 8 0
508 401 628 561 8 -8 0
516 393 631 564 0 8 0
516 401 634 567 8 0 0
524 401 637 570 0 8 0
524 409 640 573 0 8 0
524 417 643 576 8 -8 0
532 409 646 579 0 8 0
532 417 649 582 0 -8 0
532 409 652 585 8 8 0
540 417 655 588 0 0 0
540 417 658 591 8 0 0
540 417 661 588 0 8 0
540 425 664 585 0 0 0
540 425 667 582 0 8 0
540 433 670 579 0 -8 0
540 425 673 576 0 -8 0
540 417 676 573 0 0 0
540 417 679 570 0 8 0
540 425 682 567 0 -8 0
540 417 685 564 0 -8 0
540 409 688 561 0 0 0
540 409 691 558 0 0 0
540 409 694 555 0 0 0
540 409 697 552 0 0 0
540 409 700 549 0 8 0
540 417 703 546 0 -8 0
540 409 706 543 0 -8 0
540 401 709 540 0 8 0
540 409 712 537 0 8 0
540 417 715 534 0 0 0
540 417 718 531 0 0 0
540 417 721 528 0 -8 0
540 409 724 525 0 8 0
540 417 727 522 0 0 0
540 417 730 519 0 0 0
540 417 733 516 0 -8 0
540 409 736 513 0 0 0
540 409 739 510 0 0 0
540 409 742 507 0 8 0
540 417 745 504 0 8 0
540 425 748 501 0 0 0
540 425 751 498 0 -8 0
540 417 754 495 0 0 0
540 417 757 492 0 -8 0
540 409 760 489 -8 -8 0
532 401 763 486 0 0 0
532 401 766 483 0 0 0
532 401 769 480 -8 0 0
524 401 772 477 0 0 0
524 401 775 474 0 8 0
524 409 778 471 -8 8 0
516 417 781 468 0 0 1
516 417 781 468 0 0 1
516 417 781 468 0 0 1
516 417 781 468 0 0 1
516 417 781 468 0 0 1
