212 198 589 438 0 0 0
212 198 592 435 8 0 0
220 198 595 432 8 -8 0
228 190 598 429 8 8 0
236 198 601 426 8 8 0
244 206 604 423 8 8 0
252 214 607 420 8 8 0
260 222 610 417 8 -8 0
268 214 613 414 8 -8 0
276 206 616 411 8 -8 0
284 198 619 408 8 0 0
292 198 622 405 8 8 0
300 206 625 402 8 8 0
308 214 628 399 8 -8 0
316 206 631 396 8 0 0
324 206 634 393 8 0 0
332 206 637 390 8 8 0
340 214 640 387 0 0 0
340 214 643 384 0 0 0
340 214 646 381 0 0 0
340 214 649 378 0 8 0
340 222 652 375 0 8 0
340 230 655 372 0 8 0
340 238 658 369 0 8 0
340 246 661 366 0 8 0
340 254 664 363 0 8 0
340 262 667 360 0 -8 0
340 254 670 357 0 0 0
340 254 673 354 0 8 0
340 262 676 351 0 8 0
340 270 679 348 0 8 0
340 278 682 345 0 8 0
340 286 685 342 0 8 0
340 294 688 339 0 8 0
340 302 691 336 0 -8 0
340 294 694 333 0 0 0
340 294 697 330 0 8 0
340 302 700 327 0 0 0
340 302 703 324 0 0 0
340 302 706 321 0 0 0
340 302 709 318 0 8 0
340 310 712 315 0 8 0
340 318 715 312 0 8 0
340 326 718 309 0 8 0
340 334 721 306 0 8 0
340 342 724 303 0 -8 0
340 334 727 300 0 8 0
340 342 730 297 0 -8 0
340 334 733 294 0 -8 0
340 326 736 291 0 8 0
340 334 739 288 -8 8 0
332 342 742 285 0 8 0
332 350 745 282 0 -8 0
332 342 748 279 -8 -8 0
324 334 751 276 0 -8 0
324 326 754 273 -8 8 0
316 334 757 270 0 -8 0
316 326 760 267 0 8 0
316 334 763 264 -8 0 0
308 334 766 261 0 8 0
308 342 769 258 0 8 0
308 350 772 255 -8 8 0
300 358 775 252 0 0 0
300 358 778 249 -8 -8 0
292 350 781 246 0 0 1
292 350 781 246 0 0 1
292 350 781 246 0 0 1
292 350 781 246 0 0 1
292 350 781 246 0 0 1
