170 84 361 345 0 0 0
170 84 358 348 8 -8 0
178 76 355 351 8 8 0
186 84 352 354 8 0 0
194 84 349 357 8 -8 0
202 76 346 360 8 0 0
210 76 343 363 8 8 0
218 84 340 366 8 -8 0
226 76 337 369 8 -8 0
234 68 334 372 8 0 0
242 68 331 375 8 0 0
250 68 328 378 8 0 0
258 68 325 381 8 8 0
266 76 322 384 8 -8 0
274 68 319 387 8 0 0
282 68 316 390 8 8 0
290 76 313 393 8 0 0
298 76 310 396 8 0 0
306 76 307 399 8 -8 0
314 68 304 402 8 8 0
322 76 301 405 8 8 0
330 84 298 408 8 -8 0
338 76 295 411 8 8 0
346 84 292 414 8 8 0
354 92 289 417 8 8 0
362 100 286 420 8 8 0
370 108 283 423 8 8 0
378 116 280 426 0 -8 0
378 108 277 429 8 -8 0
386 100 274 432 0 -8 0
386 92 271 435 0 8 0
386 100 268 438 8 -8 0
394 92 265 441 0 8 0
394 100 262 444 0 -8 0
394 92 259 447 8 -8 0
402 84 256 450 0 0 0
402 84 253 453 8 -8 0
410 76 250 456 0 0 0
410 76 247 459 0 8 0
410 84 244 462 8 0 0
418 84 241 465 0 -8 0
418 76 238 468 0 -8 0
418 68 235 471 8 8 0
426 76 232 474 0 0 0
426 76 229 477 8 8 0
434 84 226 480 0 8 0
434 92 223 483 0 0 0
434 92 220 486 8 -8 0
442 84 217 489 0 0 0
442 84 214 492 0 0 0
442 84 211 495 8 0 0
450 84 208 498 0 -8 0
450 76 205 501 8 8 0
458 84 202 504 0 -8 0
458 76 199 507 0 -8 0
458 68 196 510 8 0 0
466 68 193 513 0 8 0
466 76 190 516 0 -8 0
466 68 187 519 8 8 0
474 76 184 522 0 0 0
474 76 181 525 8 0 0
482 76 178 528 0 8 0
482 84 175 531 0 8 0
482 92 172 534 8 -8 0
490 84 169 537 0 8 0
490 92 166 540 0 0 0
490 92 163 543 8 -8 0
498 84 160 546 0 -8 0
498 76 157 549 8 -8 0
506 68 154 552 0 8 0
506 76 151 555 0 0 0
506 76 148 558 8 8 0
514 84 145 561 0 0 0
514 84 142 564 0 -8 0
514 76 139 567 8 -8 0
522 68 136 570 0 0 0
522 68 133 573 8 -8 0
530 60 130 576 0 0 0
530 60 127 579 0 -8 0
530 60 124 582 8 8 0
538 68 121 585 0 0 0
538 68 118 588 0 -8 0
538 60 115 591 8 8 0
540 68 112 588 0 8 0
540 76 109 585 0 8 0
540 84 106 582 0 8 0
540 92 103 579 0 0 0
540 92 100 576 0 -8 0
540 84 97 573 0 0 0
540 84 94 570 0 -8 0
540 76 91 567 0 0 0
540 76 88 564 0 0 0
540 76 85 561 0 -8 0
540 68 82 558 0 0 0
540 68 79 555 0 -8 0
540 60 76 552 0 8 0
540 68 73 549 0 -8 0
540 60 70 546 0 -8 0
540 60 67 543 0 8 0
540 68 64 540 0 8 0
540 76 61 537 0 -8 0
540 68 58 534 0 0 0
540 68 55 531 0 8 0
540 76 52 528 0 -8 0
540 68 49 525 0 8 0
540 76 46 522 0 0 0
540 76 43 519 0 -8 0
540 68 40 516 0 8 0
540 76 37 513 0 -8 0
540 68 34 510 0 8 0
540 76 31 507 0 8 0
540 84 28 504 0 8 0
540 92 25 501 0 -8 0
540 84 22 498 0 0 0
540 84 19 495 0 8 0
540 92 22 492 0 -8 0
540 84 25 489 -8 8 0
532 92 28 486 0 0 0
532 92 31 483 0 0 0
532 92 34 480 -8 8 0
524 100 37 477 0 -8 0
524 92 40 474 0 0 0
524 92 43 471 -8 0 0
516 92 46 468 0 8 0
516 100 49 465 -8 8 0
508 108 52 462 0 0 0
508 108 55 459 0 8 0
508 116 58 456 -8 0 0
500 116 61 453 0 -8 0
500 108 64 450 0 -8 0
500 100 67 447 -8 8 0
492 108 70 444 0 8 0
492 116 73 441 -8 -8 0
484 108 76 438 0 8 0
484 116 79 435 0 8 0
484 124 82 432 -8 8 0
476 132 85 429 0 -8 0
476 124 88 426 0 0 0
476 124 91 423 -8 -8 0
468 116 94 420 0 -8 0
468 108 97 417 -8 0 0
460 108 100 414 0 -8 0
460 100 103 411 0 0 0
460 100 106 408 -8 -8 0
452 92 109 405 0 0 0
452 92 112 402 0 0 0
452 92 115 399 -8 -8 0
444 84 118 396 0 -8 0
444 76 121 393 -8 0 0
436 76 124 390 0 8 0
436 84 127 387 0 0 0
436 84 130 384 -8 8 0
428 92 133 381 0 8 0
428 100 136 378 0 -8 0
428 92 139 375 -8 0 0
420 92 142 372 0 8 0
420 100 145 369 -8 -8 0
412 92 148 366 0 8 0
412 100 151 363 0 8 0
412 108 154 360 -8 -8 0
404 100 157 357 0 0 0
404 100 160 354 0 -8 0
404 92 163 351 -8 -8 0
396 84 166 348 0 8 0
396 92 169 345 -8 8 0
388 100 172 342 0 -8 0
388 92 175 339 0 -8 0
388 84 178 336 -8 0 0
380 84 181 333 0 8 0
380 92 184 330 0 -8 0
380 84 187 327 -8 0 0
372 84 190 324 0 0 0
372 84 193 321 -8 0 0
364 84 196 318 0 8 0
364 92 199 315 0 -8 0
364 84 202 312 -8 0 0
356 84 205 309 0 -8 0
356 76 208 306 0 -8 0
356 68 211 303 -8 8 0
348 76 214 300 0 0 0
348 76 217 297 -8 -8 0
340 68 220 294 0 8 0
340 76 223 291 0 0 0
340 76 226 288 -8 -8 0
332 68 229 285 0 -8 0
332 60 232 282 0 -8 0
332 60 235 279 -8 0 0
324 60 238 276 0 8 0
324 68 241 273 -8 0 0
316 68 244 270 0 -8 0
316 60 247 267 0 -8 0
316 60 250 264 -8 0 0
308 60 253 261 0 8 0
308 68 256 258 0 0 0
308 68 259 255 -8 0 0
300 68 262 252 0 -8 0
300 60 265 249 -8 -8 0
292 60 268 246 0 8 0
292 68 271 243 0 8 0
292 76 274 240 -8 -8 0
284 68 277 237 0 8 0
284 76 280 234 0 0 0
284 76 283 231 -8 8 0
276 84 286 228 0 8 0
276 92 289 225 -8 0 0
268 92 292 222 0 8 0
268 100 295 219 0 0 0
268 100 298 216 -8 0 0
260 100 301 213 0 0 0
260 100 304 210 0 -8 0
260 92 307 207 -8 0 0
252 92 310 204 0 8 0
252 100 313 201 -8 0 0
244 100 316 198 0 0 0
244 100 319 195 0 8 0
244 108 322 192 -8 -8 0
236 100 325 189 0 -8 0
236 92 328 186 0 -8 0
236 84 331 183 -8 8 0
228 92 334 180 0 8 0
228 100 337 177 -8 -8 0
220 92 340 174 0 0 0
220 92 343 171 0 -8 0
220 84 346 168 -8 8 0
212 92 349 165 0 8 0
212 100 352 162 0 -8 0
212 92 355 159 -8 8 0
204 100 358 156 0 0 0
204 100 361 153 -8 0 0
196 100 364 150 0 -8 0
196 92 367 147 0 8 0
196 100 370 144 -8 -8 0
188 92 373 141 0 8 0
188 100 376 138 0 0 0
188 100 379 135 -8 -8 0
180 92 382 132 0 -8 0
180 84 385 129 -8 0 0
172 84 388 126 0 0 0
172 84 391 123 0 8 0
172 92 394 120 -8 -8 0
164 84 397 117 0 0 0
164 84 400 114 0 0 0
164 84 403 111 -8 8 0
156 92 406 108 0 -8 0
156 84 409 105 -8 8 0
148 92 412 102 0 0 0
148 92 415 99 0 0 0
148 92 418 96 -8 0 0
140 92 421 93 0 8 0
140 100 424 90 0 -8 0
140 92 427 87 -8 -8 0
132 84 430 84 0 8 0
132 92 433 81 -8 -8 0
124 84 436 78 0 -8 0
124 76 439 75 0 -8 0
124 68 442 72 -8 8 0
116 76 445 69 0 8 0
116 84 448 66 0 0 0
116 84 451 63 -8 -8 0
108 76 454 60 0 0 0
108 76 457 57 -8 -8 0
100 68 460 54 0 8 0
100 76 463 51 0 -8 0
100 68 466 48 -8 -8 0
92 60 469 45 0 -8 0
92 60 472 42 0 0 0
92 60 475 39 -8 -8 0
84 60 478 36 0 8 0
84 68 481 33 -8 8 0
76 76 484 30 0 0 0
76 76 487 27 0 -8 0
76 68 490 24 -8 0 0
68 68 493 21 0 0 0
68 68 496 18 0 0 0
68 68 499 15 -8 -8 0
60 60 502 12 0 -8 0
60 60 505 9 -8 -8 0
60 60 508 12 0 -8 0
60 60 511 15 0 8 0
60 68 514 18 0 0 0
60 68 517 21 0 0 0
60 68 520 24 0 8 0
60 76 523 27 0 0 0
60 76 526 30 0 0 0
60 76 529 33 0 0 0
60 76 532 36 0 0 0
60 76 535 39 0 0 0
60 76 538 42 0 -8 0
60 68 541 45 0 0 0
60 68 544 48 0 -8 0
60 60 547 51 0 8 0
60 68 550 54 0 8 0
60 76 553 57 0 8 0
60 84 556 60 0 -8 0
60 76 559 63 0 8 0
60 84 562 66 0 8 0
60 92 565 69 0 8 0
60 100 568 72 0 -8 0
60 92 571 75 0 -8 0
60 84 574 78 0 0 0
60 84 577 81 0 0 0
60 84 580 84 0 0 0
60 84 583 87 0 0 0
60 84 586 90 0 -8 0
60 76 589 93 0 0 0
60 76 592 96 0 0 0
60 76 595 99 0 0 0
60 76 598 102 0 8 0
60 84 601 105 0 8 0
60 92 604 108 0 0 0
60 92 607 111 8 -8 0
68 84 610 114 0 8 0
68 92 613 117 0 8 0
68 100 616 120 8 0 0
76 100 619 123 0 -8 0
76 92 622 126 0 0 0
76 92 625 129 8 8 0
84 100 628 132 0 0 0
84 100 631 135 8 -8 0
92 92 634 138 0 -8 0
92 84 637 141 0 -8 0
92 76 640 144 8 -8 0
100 68 643 147 0 -8 0
100 60 646 150 0 8 0
100 68 649 153 8 8 0
108 76 652 156 0 -8 0
108 68 655 159 8 -8 0
116 60 658 162 0 8 0
116 68 661 165 0 -8 0
116 60 664 168 8 8 0
124 68 667 171 0 0 0
124 68 670 174 0 -8 0
124 60 673 177 8 0 0
132 60 676 180 0 8 0
132 68 679 183 8 0 0
140 68 682 186 0 -8 0
140 60 685 189 0 -8 0
140 60 688 192 8 -8 0
148 60 691 195 0 8 0
148 68 694 198 0 0 0
148 68 697 201 8 0 0
156 68 700 204 0 -8 0
156 60 703 207 8 -8 0
164 60 706 210 0 8 0
164 68 709 213 0 -8 0
164 60 712 216 8 0 0
172 60 715 219 0 0 0
172 60 718 222 0 -8 0
172 60 721 225 8 -8 0
180 60 724 228 0 8 0
180 68 727 231 8 0 0
188 68 730 234 0 -8 0
188 60 733 237 0 0 0
188 60 736 240 8 -8 0
196 60 739 243 0 8 0
196 68 742 246 0 -8 0
196 60 745 249 8 8 0
204 68 748 252 0 0 0
204 68 751 255 8 8 0
212 76 754 258 0 -8 0
212 68 757 261 0 -8 0
212 60 760 264 8 8 0
220 68 763 267 0 -8 0
220 60 766 270 0 0 0
220 60 769 273 8 8 0
228 68 772 276 0 0 0
228 68 775 279 8 0 0
236 68 778 282 0 -8 0
236 60 781 285 0 0 1
236 60 781 285 0 0 1
236 60 781 285 0 0 1
236 60 781 285 0 0 1
236 60 781 285 0 0 1
