368 298 325 336 0 0 0
368 298 322 339 0 0 0
368 298 319 342 0 0 0
368 298 316 345 0 8 0
368 306 313 348 0 8 0
368 314 310 351 0 0 0
368 314 307 354 0 0 0
368 314 304 357 0 -8 0
368 306 301 360 0 8 0
368 314 298 363 0 -8 0
368 306 295 366 0 8 0
368 314 292 369 0 -8 0
368 306 289 372 0 0 0
368 306 286 375 0 0 0
368 306 283 378 0 -8 0
368 298 280 381 0 0 0
368 298 277 384 0 0 0
368 298 274 387 0 0 0
368 298 271 390 0 0 0
368 298 268 393 0 8 0
368 306 265 396 0 8 0
368 314 262 399 0 0 0
368 314 259 402 0 8 0
368 322 256 405 0 8 0
368 330 253 408 0 8 0
368 338 250 411 0 -8 0
368 330 247 414 0 8 0
368 338 244 417 0 8 0
368 346 241 420 8 0 0
376 346 238 423 0 8 0
376 354 235 426 0 -8 0
376 346 232 429 8 0 0
384 346 229 432 0 -8 0
384 338 226 435 8 8 0
392 346 223 438 0 -8 0
392 338 220 441 0 0 0
392 338 217 444 8 -8 0
400 330 214 447 0 8 0
400 338 211 450 0 0 0
400 338 208 453 8 0 0
408 338 205 456 0 0 0
408 338 202 459 8 8 0
416 346 199 462 0 -8 0
416 338 196 465 0 -8 0
416 330 193 468 8 8 0
424 338 190 471 0 -8 0
424 330 187 474 0 8 0
424 338 184 477 8 0 0
432 338 181 480 0 -8 0
432 330 178 483 8 0 0
440 330 175 486 0 0 0
440 330 172 489 0 8 0
440 338 169 492 8 8 0
448 346 166 495 0 -8 0
448 338 163 498 0 -8 0
448 330 160 501 8 -8 0
456 322 157 504 0 -8 0
456 314 154 507 8 8 0
464 322 151 510 0 -8 0
464 314 148 513 0 -8 0
464 306 145 516 8 0 0
472 306 142 519 0 8 0
472 314 139 522 0 8 0
472 322 136 525 8 0 0
480 322 133 528 0 8 0
480 330 130 531 8 -8 0
488 322 127 534 0 -8 0
488 314 124 537 0 8 0
488 322 121 540 8 0 0
496 322 118 543 0 0 0
496 322 115 546 0 -8 0
496 314 112 549 8 -8 0
504 306 109 552 0 -8 0
504 298 106 555 8 0 0
512 298 103 558 0 0 0
512 298 100 561 0 8 0
512 306 97 564 8 0 0
520 306 94 567 0 0 0
520 306 91 570 0 8 0
520 314 88 573 8 0 0
528 314 85 576 0 -8 0
528 306 82 579 8 -8 0
536 298 79 582 0 0 0
536 298 76 585 0 0 0
536 298 73 588 8 8 0
540 306 70 591 8 -8 0
540 298 67 588 0 0 0
540 298 64 585 0 -8 0
540 290 61 582 0 -8 0
540 282 58 579 0 8 0
540 290 55 576 0 8 0
540 298 52 573 0 -8 0
540 290 49 570 0 0 0
540 290 46 567 0 0 0
540 290 43 564 0 -8 0
540 282 40 561 0 8 0
540 290 37 558 0 -8 0
540 282 34 555 0 0 0
540 282 31 552 0 -8 0
540 274 28 549 0 -8 0
540 266 25 546 0 8 0
540 274 22 543 0 8 0
540 282 19 540 0 8 0
540 290 22 537 0 8 0
540 298 25 534 0 -8 0
540 290 28 531 0 8 0
540 298 31 528 0 0 0
540 298 34 525 0 8 0
540 306 37 522 0 8 0
540 314 40 519 0 8 0
540 322 43 516 0 0 0
540 322 46 513 0 -8 0
540 314 49 510 0 -8 0
540 306 52 507 0 0 0
540 306 55 504 0 8 0
540 314 58 501 0 8 0
540 322 61 498 0 0 0
540 322 64 495 0 0 0
540 322 67 492 0 8 0
540 330 70 489 -8 0 0
532 330 73 486 0 -8 0
532 322 76 483 0 0 0
532 322 79 480 -8 0 0
524 322 82 477 0 8 0
524 330 85 474 0 0 0
524 330 88 471 -8 0 0
516 330 91 468 0 8 0
516 338 94 465 -8 8 0
508 346 97 462 0 8 0
508 354 100 459 0 -8 0
508 346 103 456 -8 -8 0
500 338 106 453 0 -8 0
500 330 109 450 0 -8 0
500 322 112 447 -8 0 0
492 322 115 444 0 0 0
492 322 118 441 -8 0 0
484 322 121 438 0 0 0
484 322 124 435 0 0 0
484 322 127 432 -8 0 0
476 322 130 429 0 -8 0
476 314 133 426 0 0 0
476 314 136 423 -8 0 0
468 314 139 420 0 8 0
468 322 142 417 -8 -8 0
460 314 145 414 0 0 0
460 314 148 411 0 0 0
460 314 151 408 -8 -8 0
452 306 154 405 0 -8 0
452 298 157 402 0 0 0
452 298 160 399 -8 8 0
444 306 163 396 0 8 0
444 314 166 393 -8 -8 0
436 306 169 390 0 0 0
436 306 172 387 0 -8 0
436 298 175 384 -8 -8 0
428 290 178 381 0 0 0
428 290 181 378 0 8 0
428 298 184 375 -8 -8 0
420 290 187 372 0 0 0
420 290 190 369 -8 8 0
412 298 193 366 0 -8 0
412 290 196 363 0 0 0
412 290 199 360 -8 -8 0
404 282 202 357 0 -8 0
404 274 205 354 0 8 0
404 282 208 351 -8 -8 0
396 274 211 348 0 8 0
396 282 214 345 -8 -8 0
388 274 217 342 0 -8 0
388 266 220 339 0 -8 0
388 258 223 336 -8 0 0
380 258 226 333 0 8 0
380 266 229 330 0 -8 0
380 258 232 327 -8 -8 0
372 250 235 324 0 -8 0
372 242 238 321 -8 -8 0
364 234 241 318 0 0 0
364 234 244 315 0 0 0
364 234 247 312 -8 -8 0
356 226 250 309 0 8 0
356 234 253 306 0 0 0
356 234 256 303 -8 8 0
348 242 259 300 0 0 0
348 242 262 297 -8 -8 0
340 234 265 294 0 8 0
340 242 268 291 0 0 0
340 242 271 288 -8 0 0
332 242 274 285 0 -8 0
332 234 277 282 0 -8 0
332 226 280 279 -8 -8 0
324 218 283 276 0 8 0
324 226 286 273 -8 0 0
316 226 289 270 0 8 0
316 234 292 267 0 -8 0
316 226 295 264 -8 8 0
308 234 298 261 0 0 0
308 234 301 258 0 -8 0
308 226 304 255 -8 8 0
300 234 307 252 0 -8 0
300 226 310 249 -8 8 0
292 234 313 246 0 0 0
292 234 316 243 0 -8 0
292 226 319 240 -8 8 0
284 234 322 237 0 8 0
284 242 325 234 0 -8 0
284 234 328 231 -8 0 0
276 234 331 228 0 8 0
276 242 334 225 -8 -8 0
268 234 337 222 0 -8 0
268 226 340 219 0 8 0
268 234 343 216 -8 -8 0
260 226 346 213 0 -8 0
260 218 349 210 0 8 0
260 226 352 207 -8 -8 0
252 218 355 204 0 -8 0
252 210 358 201 -8 8 0
244 218 361 198 0 -8 0
244 210 364 195 0 8 0
244 218 367 192 -8 0 0
236 218 370 189 0 -8 0
236 210 373 186 0 0 0
236 210 376 183 -8 8 0
228 218 379 180 0 8 0
228 226 382 177 -8 -8 0
220 218 385 174 0 0 0
220 218 388 171 0 0 0
220 218 391 168 -8 0 0
212 218 394 165 0 -8 0
212 210 397 162 0 0 0
212 210 400 159 -8 0 0
204 210 403 156 0 0 0
204 210 406 153 -8 -8 0
196 202 409 150 0 8 0
196 210 412 147 0 0 0
196 210 415 144 -8 -8 0
188 202 418 141 0 8 0
188 210 421 138 0 8 0
188 218 424 135 -8 -8 0
180 210 427 132 0 8 0
180 218 430 129 -8 -8 0
172 210 433 126 0 0 0
172 210 436 123 0 8 0
172 218 439 120 -8 8 0
164 226 442 117 0 0 0
164 226 445 114 0 0 0
164 226 448 111 -8 0 0
156 226 451 108 0 8 0
156 234 454 105 -8 0 0
148 234 457 102 0 0 0
148 234 460 99 0 -8 0
148 226 463 96 -8 8 0
140 234 466 93 0 8 0
140 242 469 90 0 0 0
140 242 472 87 -8 8 0
132 250 475 84 0 0 0
132 250 478 81 -8 -8 0
124 242 481 78 0 8 0
124 250 484 75 0 -8 0
124 242 487 72 -8 -8 0
116 234 490 69 0 8 0
116 242 493 66 0 8 0
116 250 496 63 -8 8 0
108 258 499 60 0 -8 0
108 250 502 57 -8 8 0
100 258 505 54 0 -8 0
100 250 508 51 0 0 0
100 250 511 48 -8 0 0
92 250 514 45 0 -8 0
92 242 517 42 0 0 0
92 242 520 39 -8 0 0
84 242 523 36 0 -8 0
84 234 526 33 -8 0 0
76 234 529 30 0 8 0
76 242 532 27 0 8 0
76 250 535 24 -8 8 0
68 258 538 21 0 0 0
68 258 541 18 0 0 0
68 258 544 15 -8 8 0
60 266 547 12 0 -8 0
60 258 550 9 -8 -8 0
60 250 553 12 0 0 0
60 250 556 15 0 0 0
60 250 559 18 0 -8 0
60 242 562 21 0 0 0
60 242 565 24 0 0 0
60 242 568 27 0 8 0
60 250 571 30 0 -8 0
60 242 574 33 0 0 0
60 242 577 36 0 0 0
60 242 580 39 0 8 0
60 250 583 42 0 8 0
60 258 586 45 0 0 0
60 258 589 48 0 0 0
60 258 592 51 0 0 0
60 258 595 54 0 0 0
60 258 598 57 0 8 0
60 266 601 60 0 0 0
60 266 604 63 0 8 0
60 274 607 66 0 0 0
60 274 610 69 0 8 0
60 282 613 72 0 -8 0
60 274 616 75 0 8 0
60 282 619 78 0 0 0
60 282 622 81 0 0 0
60 282 625 84 0 0 0
60 282 628 87 0 0 0
60 282 631 90 0 8 0
60 290 634 93 0 8 0
60 298 637 96 0 -8 0
60 290 640 99 0 8 0
60 298 643 102 0 -8 0
60 290 646 105 0 0 0
60 290 649 108 0 8 0
60 298 652 111 8 -8 0
68 290 655 114 0 -8 0
68 282 658 117 0 8 0
68 290 661 120 8 0 0
76 290 664 123 0 -8 0
76 282 667 126 0 -8 0
76 274 670 129 8 8 0
84 282 673 132 0 8 0
84 290 676 135 8 8 0
92 298 679 138 0 0 0
92 298 682 141 0 0 0
92 298 685 144 8 0 0
100 298 688 147 0 8 0
100 306 691 150 0 0 0
100 306 694 153 8 8 0
108 314 697 156 0 0 0
108 314 700 159 8 -8 0
116 306 703 162 0 0 0
116 306 706 165 0 -8 0
116 298 709 168 8 8 0
124 306 712 171 0 0 0
124 306 715 174 0 8 0
124 314 718 177 8 8 0
132 322 721 180 0 0 0
132 322 724 183 8 0 0
140 322 727 186 0 0 0
140 322 730 189 0 8 0
140 330 733 192 8 -8 0
148 322 736 195 0 -8 0
148 314 739 198 0 8 0
148 322 742 201 8 -8 0
156 314 745 204 0 8 0
156 322 748 207 8 8 0
164 330 751 210 0 -8 0
164 322 754 213 0 0 0
164 322 757 216 8 8 0
172 330 760 219 0 8 0
172 338 763 222 0 0 0
172 338 766 225 8 -8 0
180 330 769 228 0 -8 0
180 322 772 231 8 -8 0
188 314 775 234 0 8 0
188 322 778 237 0 0 0
188 322 781 240 0 0 1
188 322 781 240 0 0 1
188 322 781 240 0 0 1
188 322 781 240 0 0 1
188 322 781 240 0 0 1
