66 502 229 309 0 0 0
66 502 232 312 8 0 0
74 502 235 315 8 -8 0
82 494 238 318 8 0 0
90 494 241 321 8 8 0
98 502 244 324 8 8 0
106 510 247 327 8 8 0
114 518 250 330 8 8 0
122 526 253 333 8 0 0
130 526 256 336 8 8 0
138 534 259 339 8 8 0
146 540 262 342 8 8 0
154 540 265 345 8 8 0
162 540 268 348 8 8 0
170 540 271 351 8 0 0
178 540 274 354 8 0 0
186 540 277 357 8 8 0
194 540 280 360 8 -8 0
202 532 283 363 8 0 0
210 532 286 366 8 8 0
218 540 289 369 8 8 0
226 540 292 372 8 -8 0
234 532 295 375 8 -8 0
242 524 298 378 8 0 0
250 524 301 381 8 -8 0
258 516 304 384 8 -8 0
266 508 307 387 8 8 0
274 516 310 390 8 -8 0
282 508 313 393 8 0 0
290 508 316 396 8 8 0
298 516 319 399 8 -8 0
306 508 322 402 8 8 0
314 516 325 405 8 0 0
322 516 328 408 8 -8 0
330 508 331 411 8 0 0
338 508 334 414 8 0 0
346 508 337 417 8 0 0
354 508 340 420 8 0 0
362 508 343 423 8 -8 0
370 500 346 426 8 8 0
378 508 349 429 8 -8 0
386 500 352 432 0 8 0
386 508 355 435 0 0 0
386 508 358 438 8 8 0
394 516 361 441 0 -8 0
394 508 364 444 0 8 0
394 516 367 447 8 8 0
402 524 370 450 0 0 0
402 524 373 453 8 8 0
410 532 376 456 0 -8 0
410 524 379 459 0 0 0
410 524 382 462 8 -8 0
418 516 385 465 0 8 0
418 524 388 468 0 8 0
418 532 391 471 8 -8 0
426 524 394 474 0 0 0
426 524 397 477 8 -8 0
434 516 400 480 0 8 0
434 524 403 483 0 8 0
434 532 406 486 8 -8 0
442 524 409 489 0 8 0
442 532 412 492 0 0 0
442 532 415 495 8 0 0
450 532 418 498 0 -8 0
450 524 421 501 8 8 0
458 532 424 504 0 0 0
458 532 427 507 0 0 0
458 532 430 510 8 0 0
466 532 433 513 0 -8 0
466 524 436 516 0 8 0
466 532 439 519 8 8 0
474 540 442 522 0 0 0
474 540 445 525 8 -8 0
482 532 448 528 0 8 0
482 540 451 531 0 8 0
482 540 454 534 8 -8 0
490 532 457 537 0 8 0
490 540 460 540 0 8 0
490 540 463 543 8 -8 0
498 532 466 546 0 0 0
498 532 469 549 8 0 0
506 532 472 552 0 -8 0
506 524 475 555 0 0 0
506 524 478 558 8 -8 0
514 516 481 561 0 -8 0
514 508 484 564 0 8 0
514 516 487 567 8 8 0
522 524 490 570 0 0 0
522 524 493 573 8 0 0
530 524 496 576 0 -8 0
530 516 499 579 0 0 0
530 516 502 582 8 -8 0
538 508 505 585 0 -8 0
538 500 508 588 0 -8 0
538 492 511 591 8 8 0
540 500 514 588 0 8 0
540 508 517 585 0 8 0
540 516 520 582 0 0 0
540 516 523 579 0 0 0
540 516 526 576 0 -8 0
540 508 529 573 0 8 0
540 516 532 570 0 -8 0
540 508 535 567 0 0 0
540 508 538 564 0 8 0
540 516 541 561 0 -8 0
540 508 544 558 0 8 0
540 516 547 555 0 0 0
540 516 550 552 0 -8 0
540 508 553 549 0 8 0
540 516 556 546 0 0 0
540 516 559 543 0 0 0
540 516 562 540 0 -8 0
540 508 565 537 0 0 0
540 508 568 534 0 -8 0
540 500 571 531 0 0 0
540 500 574 528 0 0 0
540 500 577 525 0 8 0
540 508 580 522 0 8 0
540 516 583 519 0 8 0
540 524 586 516 0 0 0
540 524 589 513 0 0 0
540 524 592 510 0 -8 0
540 516 595 507 0 8 0
540 524 598 504 0 8 0
540 532 601 501 0 -8 0
540 524 604 498 0 8 0
540 532 607 495 0 -8 0
540 524 610 492 0 0 0
540 524 613 489 -8 0 0
532 524 616 486 0 8 0
532 532 619 483 0 8 0
532 540 622 480 -8 -8 0
524 532 625 477 0 0 0
524 532 628 474 0 0 0
524 532 631 471 -8 -8 0
516 524 634 468 0 0 0
516 524 637 465 -8 0 0
508 524 640 462 0 8 0
508 532 643 459 0 0 0
508 532 646 456 -8 -8 0
500 524 649 453 0 8 0
500 532 652 450 0 -8 0
500 524 655 447 -8 8 0
492 532 658 444 0 0 0
492 532 661 441 -8 8 0
484 540 664 438 0 0 0
484 540 667 435 0 0 0
484 540 670 432 -8 -8 0
476 532 673 429 0 8 0
476 540 676 426 0 -8 0
476 532 679 423 -8 8 0
468 540 682 420 0 -8 0
468 532 685 417 -8 8 0
460 540 688 414 0 8 0
460 540 691 411 0 -8 0
460 532 694 408 -8 -8 0
452 524 697 405 0 8 0
452 532 700 402 0 8 0
452 540 703 399 -8 8 0
444 540 706 396 0 0 0
444 540 709 393 -8 -8 0
436 532 712 390 0 -8 0
436 524 715 387 0 8 0
436 532 718 384 -8 -8 0
428 524 721 381 0 -8 0
428 516 724 378 0 0 0
428 516 727 375 -8 -8 0
420 508 730 372 0 0 0
420 508 733 369 -8 8 0
412 516 736 366 0 8 0
412 524 739 363 0 0 0
412 524 742 360 -8 0 0
404 524 745 357 0 8 0
404 532 748 354 0 8 0
404 540 751 351 -8 8 0
396 540 754 348 0 8 0
396 540 757 345 -8 8 0
388 540 760 342 0 0 0
388 540 763 339 0 8 0
388 540 766 336 -8 -8 0
380 532 769 333 0 -8 0
380 524 772 330 0 0 0
380 524 775 327 -8 8 0
372 532 778 324 0 8 0
372 540 781 321 0 0 1
372 540 781 321 0 0 1
372 540 781 321 0 0 1
372 540 781 321 0 0 1
372 540 781 321 0 0 1
