110 476 490 375 0 0 0
110 476 493 372 8 8 0
118 484 496 369 8 0 0
126 484 499 366 8 0 0
134 484 502 363 8 0 0
142 484 505 360 8 8 0
150 492 508 357 8 8 0
158 500 511 354 8 8 0
166 508 514 351 8 -8 0
174 500 517 348 8 8 0
182 508 520 345 8 8 0
190 516 523 342 8 8 0
198 524 526 339 8 0 0
206 524 529 336 8 0 0
214 524 532 333 8 -8 0
222 516 535 330 8 -8 0
230 508 538 327 8 0 0
238 508 541 324 8 8 0
246 516 544 321 8 8 0
254 524 547 318 8 -8 0
262 516 550 315 8 8 0
270 524 553 312 0 -8 0
270 516 556 309 0 8 0
270 524 559 306 0 -8 0
270 516 562 303 0 -8 0
270 508 565 300 0 8 0
270 516 568 297 0 0 0
270 516 571 294 0 0 0
270 516 574 291 0 8 0
270 524 577 288 0 8 0
270 532 580 285 0 -8 0
270 524 583 282 0 -8 0
270 516 586 279 0 0 0
270 516 589 276 0 8 0
270 524 592 273 0 -8 0
270 516 595 270 0 -8 0
270 508 598 267 0 0 0
270 508 601 264 0 8 0
270 516 604 261 0 -8 0
270 508 607 258 0 -8 0
270 500 610 255 0 8 0
270 508 613 252 0 0 0
270 508 616 249 0 8 0
270 516 619 246 0 8 0
270 524 622 243 0 0 0
270 524 625 240 0 8 0
270 532 628 237 0 0 0
270 532 631 234 0 8 0
270 540 634 231 0 0 0
270 540 637 228 0 8 0
270 540 640 225 0 8 0
270 540 643 222 0 8 0
270 540 646 219 -8 8 0
262 540 649 216 0 8 0
262 540 652 213 0 0 0
262 540 655 210 -8 -8 0
254 532 658 207 0 0 0
254 532 661 204 0 0 0
254 532 664 201 -8 0 0
246 532 667 198 0 8 0
246 540 670 195 -8 -8 0
238 532 673 192 0 -8 0
238 524 676 189 0 -8 0
238 516 679 186 -8 8 0
230 524 682 183 0 0 0
230 524 685 180 0 8 0
230 532 688 177 -8 0 0
222 532 691 174 0 0 0
222 532 694 171 -8 8 0
214 540 697 168 0 -8 0
214 532 700 165 0 0 0
214 532 703 162 -8 -8 0
206 524 706 159 0 8 0
206 532 709 156 0 -8 0
206 524 712 153 -8 -8 0
198 516 715 150 0 0 0
198 516 718 147 -8 8 0
190 524 721 144 0 -8 0
190 516 724 141 0 -8 0
190 508 727 138 -8 0 0
182 508 730 135 0 -8 0
182 500 733 132 0 0 0
182 500 736 129 -8 8 0
174 508 739 126 0 0 0
174 508 742 123 -8 0 0
166 508 745 120 0 0 0
166 508 748 117 0 -8 0
166 500 751 114 -8 8 0
158 508 754 111 0 -8 0
158 500 757 108 0 0 0
158 500 760 105 -8 8 0
150 508 763 102 0 0 0
150 508 766 99 -8 -8 0
142 500 769 96 0 0 0
142 500 772 93 0 0 0
142 500 775 90 -8 0 0
134 500 778 87 0 0 0
134 500 781 84 0 0 1
134 500 781 84 0 0 1
134 500 781 84 0 0 1
134 500 781 84 0 0 1
134 500 781 84 0 0 1
