515 418 370 333 0 0 0
515 418 367 336 -8 8 0
507 426 364 339 -8 8 0
499 434 361 342 -8 8 0
491 442 358 345 -8 -8 0
483 434 355 348 -8 8 0
475 442 352 351 -8 0 0
467 442 349 354 -8 -8 0
459 434 346 357 -8 -8 0
451 426 343 360 -8 8 0
443 434 340 363 -8 -8 0
435 426 337 366 -8 8 0
427 434 334 369 -8 -8 0
419 426 331 372 0 -8 0
419 418 328 375 0 8 0
419 426 325 378 0 -8 0
419 418 322 381 0 0 0
419 418 319 384 0 8 0
419 426 316 387 0 8 0
419 434 313 390 0 0 0
419 434 310 393 0 8 0
419 442 307 396 0 -8 0
419 434 304 399 0 0 0
419 434 301 402 0 -8 0
419 426 298 405 0 0 0
419 426 295 408 0 -8 0
419 418 292 411 0 8 0
419 426 289 414 0 8 0
419 434 286 417 0 8 0
419 442 283 420 0 8 0
419 450 280 423 0 0 0
419 450 277 426 0 0 0
419 450 274 429 0 -8 0
419 442 271 432 0 -8 0
419 434 268 435 0 0 0
419 434 265 438 0 8 0
419 442 262 441 0 -8 0
419 434 259 444 0 -8 0
419 426 256 447 0 -8 0
419 418 253 450 0 8 0
419 426 250 453 0 -8 0
419 418 247 456 0 0 0
419 418 244 459 0 0 0
419 418 241 462 0 0 0
419 418 238 465 0 8 0
419 426 235 468 0 0 0
419 426 232 471 8 -8 0
427 418 229 474 0 8 0
427 426 226 477 0 0 0
427 426 223 480 8 0 0
435 426 220 483 0 0 0
435 426 217 486 8 -8 0
443 418 214 489 0 -8 0
443 410 211 492 0 -8 0
443 402 208 495 8 -8 0
451 394 205 498 0 -8 0
451 386 202 501 0 -8 0
451 378 199 504 8 8 0
459 386 196 507 0 8 0
459 394 193 510 8 0 0
467 394 190 513 0 8 0
467 402 187 516 0 -8 0
467 394 184 519 8 -8 0
475 386 181 522 0 -8 0
475 378 178 525 0 8 0
475 386 175 528 8 -8 0
483 378 172 531 0 8 0
483 386 169 534 8 -8 0
491 378 166 537 0 -8 0
491 370 163 540 0 -8 0
491 362 160 543 8 0 0
499 362 157 546 0 8 0
499 370 154 549 0 0 0
499 370 151 552 8 8 0
507 378 148 555 0 -8 0
507 370 145 558 8 -8 0
515 362 142 561 0 -8 0
515 354 139 564 0 8 0
515 362 136 567 8 8 0
523 370 133 570 0 -8 0
523 362 130 573 0 0 0
523 362 127 576 8 -8 0
531 354 124 579 0 -8 0
531 346 121 582 8 0 0
539 346 118 585 0 8 0
539 354 115 588 0 8 0
539 362 112 591 8 8 0
540 370 109 588 0 -8 0
540 362 106 585 0 0 0
540 362 103 582 0 -8 0
540 354 100 579 0 -8 0
540 346 97 576 0 8 0
540 354 94 573 0 8 0
540 362 91 570 0 -8 0
540 354 88 567 0 -8 0
540 346 85 564 0 -8 0
540 338 82 561 0 0 0
540 338 79 558 0 8 0
540 346 76 555 0 0 0
540 346 73 552 0 0 0
540 346 70 549 0 8 0
540 354 67 546 0 8 0
540 362 64 543 0 8 0
540 370 61 540 0 -8 0
540 362 58 537 0 8 0
540 370 55 534 0 -8 0
540 362 52 531 0 8 0
540 370 49 528 0 -8 0
540 362 46 525 0 -8 0
540 354 43 522 0 0 0
540 354 40 519 0 0 0
540 354 37 516 0 -8 0
540 346 34 513 0 -8 0
540 338 31 510 0 -8 0
540 330 28 507 0 -8 0
540 322 25 504 0 -8 0
540 314 22 501 0 -8 0
540 306 19 498 0 0 0
540 306 22 495 0 -8 0
540 298 25 492 0 0 0
540 298 28 489 -8 0 0
532 298 31 486 0 0 0
532 298 34 483 0 0 0
532 298 37 480 -8 -8 0
524 290 40 477 0 -8 0
524 282 43 474 0 -8 0
524 274 46 471 -8 0 0
516 274 49 468 0 -8 0
516 266 52 465 -8 0 0
508 266 55 462 0 -8 0
508 258 58 459 0 0 0
508 258 61 456 -8 8 0
500 266 64 453 0 -8 0
500 258 67 450 0 8 0
500 266 70 447 -8 0 0
492 266 73 444 0 -8 0
492 258 76 441 -8 8 0
484 266 79 438 0 0 0
484 266 82 435 0 8 0
484 274 85 432 -8 0 0
476 274 88 429 0 -8 0
476 266 91 426 0 8 0
476 274 94 423 -8 8 0
468 282 97 420 0 0 0
468 282 100 417 -8 8 0
460 290 103 414 0 8 0
460 298 106 411 0 8 0
460 306 109 408 -8 8 0
452 314 112 405 0 0 0
452 314 115 402 0 0 0
452 314 118 399 -8 0 0
444 314 121 396 0 0 0
444 314 124 393 -8 0 0
436 314 127 390 0 0 0
436 314 130 387 0 -8 0
436 306 133 384 -8 0 0
428 306 136 381 0 -8 0
428 298 139 378 0 8 0
428 306 142 375 -8 8 0
420 314 145 372 0 -8 0
420 306 148 369 -8 0 0
412 306 151 366 0 0 0
412 306 154 363 0 8 0
412 314 157 360 -8 0 0
404 314 160 357 0 8 0
404 322 163 354 0 0 0
404 322 166 351 -8 0 0
396 322 169 348 0 0 0
396 322 172 345 -8 0 0
388 322 175 342 0 8 0
388 330 178 339 0 -8 0
388 322 181 336 -8 0 0
380 322 184 333 0 8 0
380 330 187 330 0 8 0
380 338 190 327 -8 8 0
372 346 193 324 0 0 0
372 346 196 321 -8 0 0
364 346 199 318 0 -8 0
364 338 202 315 0 -8 0
364 330 205 312 -8 -8 0
356 322 208 309 0 -8 0
356 314 211 306 0 0 0
356 314 214 303 -8 8 0
348 322 217 300 0 -8 0
348 314 220 297 -8 -8 0
340 306 223 294 0 8 0
340 314 226 291 0 0 0
340 314 229 288 -8 8 0
332 322 232 285 0 8 0
332 330 235 282 0 -8 0
332 322 238 279 -8 8 0
324 330 241 276 0 -8 0
324 322 244 273 -8 -8 0
316 314 247 270 0 0 0
316 314 250 267 0 -8 0
316 306 253 264 -8 -8 0
308 298 256 261 0 0 0
308 298 259 258 0 0 0
308 298 262 255 -8 8 0
300 306 265 252 0 0 0
300 306 268 249 -8 -8 0
292 298 271 246 0 -8 0
292 290 274 243 0 8 0
292 298 277 240 -8 0 0
284 298 280 237 0 8 0
284 306 283 234 0 8 0
284 314 286 231 -8 -8 0
276 306 289 228 0 -8 0
276 298 292 225 -8 -8 0
268 290 295 222 0 0 0
268 290 298 219 0 8 0
268 298 301 216 -8 -8 0
260 290 304 213 0 -8 0
260 282 307 210 0 8 0
260 290 310 207 -8 -8 0
252 282 313 204 0 0 0
252 282 316 201 -8 8 0
244 290 319 198 0 0 0
244 290 322 195 0 8 0
244 298 325 192 -8 8 0
236 306 328 189 0 0 0
236 306 331 186 0 8 0
236 314 334 183 -8 0 0
228 314 337 180 0 8 0
228 322 340 177 -8 0 0
220 322 343 174 0 0 0
220 322 346 171 0 0 0
220 322 349 168 -8 8 0
212 330 352 165 0 8 0
212 338 355 162 0 -8 0
212 330 358 159 -8 0 0
204 330 361 156 0 -8 0
204 322 364 153 -8 8 0
196 330 367 150 0 0 0
196 330 370 147 0 -8 0
196 322 373 144 -8 8 0
188 330 376 141 0 -8 0
188 322 379 138 0 0 0
188 322 382 135 -8 8 0
180 330 385 132 0 -8 0
180 322 388 129 -8 8 0
172 330 391 126 0 0 0
172 330 394 123 0 -8 0
172 322 397 120 -8 -8 0
164 314 400 117 0 8 0
164 322 403 114 0 8 0
164 330 406 111 -8 0 0
156 330 409 108 0 8 0
156 338 412 105 -8 -8 0
148 330 415 102 0 0 0
148 330 418 99 0 0 0
148 330 421 96 -8 -8 0
140 322 424 93 0 -8 0
140 314 427 90 0 -8 0
140 306 430 87 -8 8 0
132 314 433 84 0 0 0
132 314 436 81 -8 0 0
124 314 439 78 0 -8 0
124 306 442 75 0 8 0
124 314 445 72 -8 8 0
116 322 448 69 0 0 0
116 322 451 66 0 8 0
116 330 454 63 -8 0 0
108 330 457 60 0 8 0
108 338 460 57 -8 0 0
100 338 463 54 0 0 0
100 338 466 51 0 0 0
100 338 469 48 -8 0 0
92 338 472 45 0 8 0
92 346 475 42 0 8 0
92 354 478 39 -8 0 0
84 354 481 36 0 -8 0
84 346 484 33 -8 0 0
76 346 487 30 0 8 0
76 354 490 27 0 8 0
76 362 493 24 -8 -8 0
68 354 496 21 0 0 0
68 354 499 18 0 8 0
68 362 502 15 -8 0 0
60 362 505 12 0 -8 0
60 354 508 9 -8 -8 0
60 346 511 12 0 0 0
60 346 514 15 0 0 0
60 346 517 18 0 0 0
60 346 520 21 0 8 0
60 354 523 24 0 8 0
60 362 526 27 0 -8 0
60 354 529 30 0 -8 0
60 346 532 33 0 0 0
60 346 535 36 0 -8 0
60 338 538 39 0 0 0
60 338 541 42 0 -8 0
60 330 544 45 0 0 0
60 330 547 48 0 -8 0
60 322 550 51 0 0 0
60 322 553 54 0 -8 0
60 314 556 57 0 8 0
60 322 559 60 0 0 0
60 322 562 63 0 -8 0
60 314 565 66 0 -8 0
60 306 568 69 0 8 0
60 314 571 72 0 8 0
60 322 574 75 0 8 0
60 330 577 78 0 0 0
60 330 580 81 0 8 0
60 338 583 84 0 8 0
60 346 586 87 0 -8 0
60 338 589 90 0 0 0
60 338 592 93 0 8 0
60 346 595 96 0 0 0
60 346 598 99 0 8 0
60 354 601 102 0 -8 0
60 346 604 105 0 0 0
60 346 607 108 0 -8 0
60 338 610 111 8 -8 0
68 330 613 114 0 -8 0
68 322 616 117 0 0 0
68 322 619 120 8 -8 0
76 314 622 123 0 -8 0
76 306 625 126 0 8 0
76 314 628 129 8 8 0
84 322 631 132 0 8 0
84 330 634 135 8 0 0
92 330 637 138 0 -8 0
92 322 640 141 0 8 0
92 330 643 144 8 0 0
100 330 646 147 0 0 0
100 330 649 150 0 8 0
100 338 652 153 8 8 0
108 346 655 156 0 0 0
108 346 658 159 8 -8 0
116 338 661 162 0 0 0
116 338 664 165 0 8 0
116 346 667 168 8 -8 0
124 338 670 171 0 8 0
124 346 673 174 0 0 0
124 346 676 177 8 8 0
132 354 679 180 0 0 0
132 354 682 183 8 8 0
140 362 685 186 0 8 0
140 370 688 189 0 -8 0
140 362 691 192 8 8 0
148 370 694 195 0 0 0
148 370 697 198 0 0 0
148 370 700 201 8 -8 0
156 362 703 204 0 8 0
156 370 706 207 8 8 0
164 378 709 210 0 0 0
164 378 712 213 0 -8 0
164 370 715 216 8 8 0
172 378 718 219 0 -8 0
172 370 721 222 0 8 0
172 378 724 225 8 -8 0
180 370 727 228 0 8 0
180 378 730 231 8 8 0
188 386 733 234 0 -8 0
188 378 736 237 0 -8 0
188 370 739 240 8 0 0
196 370 742 243 0 8 0
196 378 745 246 0 8 0
196 386 748 249 8 0 0
204 386 751 252 0 -8 0
204 378 754 255 8 8 0
212 386 757 258 0 -8 0
212 378 760 261 0 8 0
212 386 763 264 8 0 0
220 386 766 267 0 8 0
220 394 769 270 0 -8 0
220 386 772 273 8 0 0
228 386 775 276 0 0 0
228 386 778 279 8 8 0
236 394 781 282 0 0 1
236 394 781 282 0 0 1
236 394 781 282 0 0 1
236 394 781 282 0 0 1
236 394 781 282 0 0 1
