170 135 565 318 0 0 0
170 135 568 315 8 0 0
178 135 571 312 8 8 0
186 143 574 309 8 8 0
194 151 577 306 8 0 0
202 151 580 303 8 8 0
210 159 583 300 8 0 0
218 159 586 297 8 8 0
226 167 589 294 8 0 0
234 167 592 291 8 -8 0
242 159 595 288 0 8 0
242 167 598 285 0 8 0
242 175 601 282 0 -8 0
242 167 604 279 0 -8 0
242 159 607 276 0 0 0
242 159 610 273 0 0 0
242 159 613 270 0 -8 0
242 151 616 267 0 -8 0
242 143 619 264 0 0 0
242 143 622 261 0 -8 0
242 135 625 258 0 0 0
242 135 628 255 0 0 0
242 135 631 252 0 8 0
242 143 634 249 0 0 0
242 143 637 246 0 8 0
242 151 640 243 0 0 0
242 151 643 240 0 0 0
242 151 646 237 0 8 0
242 159 649 234 0 8 0
242 167 652 231 0 -8 0
242 159 655 228 0 8 0
242 167 658 225 0 -8 0
242 159 661 222 0 0 0
242 159 664 219 0 0 0
242 159 667 216 0 -8 0
242 151 670 213 0 -8 0
242 143 673 210 0 8 0
242 151 676 207 0 0 0
242 151 679 204 0 0 0
242 151 682 201 0 8 0
242 159 685 198 0 -8 0
242 151 688 195 0 8 0
242 159 691 192 0 0 0
242 159 694 189 -8 0 0
234 159 697 186 0 0 0
234 159 700 183 -8 0 0
226 159 703 180 0 8 0
226 167 706 177 0 -8 0
226 159 709 174 -8 0 0
218 159 712 171 0 8 0
218 167 715 168 0 8 0
218 175 718 165 -8 8 0
210 183 721 162 0 -8 0
210 175 724 159 -8 -8 0
202 167 727 156 0 -8 0
202 159 730 153 0 0 0
202 159 733 150 -8 0 0
194 159 736 147 0 -8 0
194 151 739 144 0 8 0
194 159 742 141 -8 0 0
186 159 745 138 0 0 0
186 159 748 135 -8 8 0
178 167 751 132 0 0 0
178 167 754 129 0 8 0
178 175 757 126 -8 8 0
170 183 760 123 0 0 0
170 183 763 120 0 0 0
170 183 766 117 -8 -8 0
162 175 769 114 0 8 0
162 183 772 111 -8 8 0
154 191 775 108 0 0 0
154 191 778 105 0 0 0
154 191 781 102 0 0 1
154 191 781 102 0 0 1
154 191 781 102 0 0 1
154 191 781 102 0 0 1
154 191 781 102 0 0 1
