61 221 535 114 0 0 0
61 221 538 111 0 -8 0
61 213 541 108 0 8 0
61 221 544 105 0 8 0
61 229 547 102 0 0 0
61 229 550 99 0 -8 0
61 221 553 96 0 8 0
61 229 556 93 0 -8 0
61 221 559 90 0 8 0
61 229 562 87 0 -8 0
61 221 565 84 0 -8 0
61 213 568 81 0 -8 0
61 205 571 78 0 8 0
61 213 574 75 0 0 0
61 213 577 72 0 8 0
61 221 580 69 0 8 0
61 229 583 66 0 0 0
61 229 586 63 0 -8 0
61 221 589 60 0 -8 0
61 213 592 57 0 8 0
61 221 595 54 0 8 0
61 229 598 51 0 8 0
61 237 601 48 0 0 0
61 237 604 45 0 -8 0
61 229 607 42 0 8 0
61 237 610 39 0 8 0
61 245 613 36 0 -8 0
61 237 616 33 0 0 0
61 237 619 30 0 8 0
61 245 622 27 0 -8 0
61 237 625 24 0 8 0
61 245 628 21 0 8 0
61 253 631 18 0 -8 0
61 245 634 15 0 8 0
61 253 637 12 0 8 0
61 261 640 9 -8 -8 0
60 253 643 12 0 -8 0
60 245 646 15 0 -8 0
60 237 649 18 0 0 0
60 237 652 21 0 -8 0
60 229 655 24 0 -8 0
60 221 658 27 0 8 0
60 229 661 30 0 8 0
60 237 664 33 0 0 0
60 237 667 36 0 -8 0
60 229 670 39 0 8 0
60 237 673 42 0 -8 0
60 229 676 45 0 8 0
60 237 679 48 0 8 0
60 245 682 51 0 -8 0
60 237 685 54 0 0 0
60 237 688 57 0 -8 0
60 229 691 60 0 0 0
60 229 694 63 0 -8 0
60 221 697 66 0 -8 0
60 213 700 69 0 0 0
60 213 703 72 0 8 0
60 221 706 75 0 0 0
60 221 709 78 0 8 0
60 229 712 81 0 0 0
60 229 715 84 0 0 0
60 229 718 87 0 8 0
60 237 721 90 0 8 0
60 245 724 93 0 -8 0
60 237 727 96 0 -8 0
60 229 730 99 0 8 0
60 237 733 102 0 -8 0
60 229 736 105 0 8 0
60 237 739 108 0 -8 0
60 229 742 111 8 8 0
68 237 745 114 0 8 0
68 245 748 117 0 0 0
68 245 751 120 8 -8 0
76 237 754 123 0 0 0
76 237 757 126 0 -8 0
76 229 760 129 8 8 0
84 237 763 132 0 8 0
84 245 766 135 8 -8 0
92 237 769 138 0 0 0
92 237 772 141 0 -8 0
92 229 775 144 8 -8 0
100 221 778 147 0 8 0
100 229 781 150 0 0 1
100 229 781 150 0 0 1
100 229 781 150 0 0 1
100 229 781 150 0 0 1
100 229 781 150 0 0 1
