121 434 484 378 0 0 0
121 434 487 375 8 8 0
129 442 490 372 8 0 0
137 442 493 369 8 -8 0
145 434 496 366 8 8 0
153 442 499 363 8 -8 0
161 434 502 360 8 8 0
169 442 505 357 8 8 0
177 450 508 354 8 -8 0
185 442 511 351 8 0 0
193 442 514 348 8 0 0
201 442 517 345 8 8 0
209 450 520 342 8 8 0
217 458 523 339 8 -8 0
225 450 526 336 8 0 0
233 450 529 333 8 -8 0
241 442 532 330 8 0 0
249 442 535 327 8 8 0
257 450 538 324 8 8 0
265 458 541 321 8 0 0
273 458 544 318 0 0 0
273 458 547 315 0 8 0
273 466 550 312 0 0 0
273 466 553 309 0 8 0
273 474 556 306 0 -8 0
273 466 559 303 0 8 0
273 474 562 300 0 0 0
273 474 565 297 0 0 0
273 474 568 294 0 0 0
273 474 571 291 0 8 0
273 482 574 288 0 -8 0
273 474 577 285 0 -8 0
273 466 580 282 0 8 0
273 474 583 279 0 8 0
273 482 586 276 0 8 0
273 490 589 273 0 8 0
273 498 592 270 0 -8 0
273 490 595 267 0 -8 0
273 482 598 264 0 8 0
273 490 601 261 0 0 0
273 490 604 258 0 8 0
273 498 607 255 0 -8 0
273 490 610 252 0 8 0
273 498 613 249 0 -8 0
273 490 616 246 0 8 0
273 498 619 243 0 0 0
273 498 622 240 0 0 0
273 498 625 237 0 0 0
273 498 628 234 0 0 0
273 498 631 231 0 0 0
273 498 634 228 0 8 0
273 506 637 225 0 -8 0
273 498 640 222 -8 -8 0
265 490 643 219 0 8 0
265 498 646 216 0 0 0
265 498 649 213 -8 8 0
257 506 652 210 0 -8 0
257 498 655 207 0 8 0
257 506 658 204 -8 8 0
249 514 661 201 0 -8 0
249 506 664 198 -8 8 0
241 514 667 195 0 -8 0
241 506 670 192 0 -8 0
241 498 673 189 -8 8 0
233 506 676 186 0 8 0
233 514 679 183 0 -8 0
233 506 682 180 -8 0 0
225 506 685 177 0 -8 0
225 498 688 174 -8 8 0
217 506 691 171 0 8 0
217 514 694 168 0 8 0
217 522 697 165 -8 -8 0
209 514 700 162 0 0 0
209 514 703 159 0 -8 0
209 506 706 156 -8 -8 0
201 498 709 153 0 -8 0
201 490 712 150 -8 8 0
193 498 715 147 0 8 0
193 506 718 144 0 8 0
193 514 721 141 -8 8 0
185 522 724 138 0 -8 0
185 514 727 135 0 8 0
185 522 730 132 -8 0 0
177 522 733 129 0 0 0
177 522 736 126 -8 -8 0
169 514 739 123 0 0 0
169 514 742 120 0 -8 0
169 506 745 117 -8 8 0
161 514 748 114 0 -8 0
161 506 751 111 0 8 0
161 514 754 108 -8 8 0
153 522 757 105 0 -8 0
153 514 760 102 -8 8 0
145 522 763 99 0 8 0
145 530 766 96 0 -8 0
145 522 769 93 -8 8 0
137 530 772 90 0 0 0
137 530 775 87 0 0 0
137 530 778 84 -8 8 0
129 538 781 81 0 0 1
129 538 781 81 0 0 1
129 538 781 81 0 0 1
129 538 781 81 0 0 1
129 538 781 81 0 0 1
