251 74 163 474 0 0 0
251 74 166 471 8 -8 0
259 66 169 468 8 -8 0
267 60 172 465 8 8 0
275 68 175 462 8 0 0
283 68 178 459 8 -8 0
291 60 181 456 8 0 0
299 60 184 453 8 8 0
307 68 187 450 8 -8 0
315 60 190 447 8 -8 0
323 60 193 444 8 0 0
331 60 196 441 8 -8 0
339 60 199 438 8 -8 0
347 60 202 435 8 0 0
355 60 205 432 8 -8 0
363 60 208 429 8 8 0
371 68 211 426 8 -8 0
379 60 214 423 0 0 0
379 60 217 420 0 -8 0
379 60 220 417 0 0 0
379 60 223 414 0 -8 0
379 60 226 411 0 0 0
379 60 229 408 0 8 0
379 68 232 405 0 8 0
379 76 235 402 0 -8 0
379 68 238 399 0 8 0
379 76 241 396 0 0 0
379 76 244 393 0 -8 0
379 68 247 390 0 0 0
379 68 250 387 0 0 0
379 68 253 384 0 -8 0
379 60 256 381 0 -8 0
379 60 259 378 0 8 0
379 68 262 375 0 0 0
379 68 265 372 0 -8 0
379 60 268 369 0 0 0
379 60 271 366 0 -8 0
379 60 274 363 0 0 0
379 60 277 360 0 -8 0
379 60 280 357 0 8 0
379 68 283 354 0 0 0
379 68 286 351 0 8 0
379 76 289 348 0 8 0
379 84 292 345 0 -8 0
379 76 295 342 0 0 0
379 76 298 339 0 -8 0
379 68 301 336 0 0 0
379 68 304 333 0 0 0
379 68 307 330 0 -8 0
379 60 310 327 -8 8 0
371 68 313 324 0 -8 0
371 60 316 321 0 0 0
371 60 319 318 -8 0 0
363 60 322 315 0 -8 0
363 60 325 312 -8 -8 0
355 60 328 309 0 -8 0
355 60 331 306 0 8 0
355 68 334 303 -8 -8 0
347 60 337 300 0 0 0
347 60 340 297 0 8 0
347 68 343 294 -8 8 0
339 76 346 291 0 -8 0
339 68 349 288 -8 0 0
331 68 352 285 0 0 0
331 68 355 282 0 -8 0
331 60 358 279 -8 0 0
323 60 361 276 0 -8 0
323 60 364 273 0 8 0
323 68 367 270 -8 0 0
315 68 370 267 0 -8 0
315 60 373 264 -8 0 0
307 60 376 261 0 0 0
307 60 379 258 0 8 0
307 68 382 255 -8 -8 0
299 60 385 252 0 -8 0
299 60 388 249 0 8 0
299 68 391 246 -8 -8 0
291 60 394 243 0 0 0
291 60 397 240 -8 -8 0
283 60 400 237 0 8 0
283 68 403 234 0 -8 0
283 60 406 231 -8 8 0
275 68 409 228 0 8 0
275 76 412 225 0 -8 0
275 68 415 222 -8 0 0
267 68 418 219 0 8 0
267 76 421 216 -8 -8 0
259 68 424 213 0 -8 0
259 60 427 210 0 8 0
259 68 430 207 -8 -8 0
251 60 433 204 0 8 0
251 68 436 201 0 0 0
251 68 439 198 -8 8 0
243 76 442 195 0 0 0
243 76 445 192 -8 -8 0
235 68 448 189 0 0 0
235 68 451 186 0 8 0
235 76 454 183 -8 8 0
227 84 457 180 0 8 0
227 92 460 177 0 8 0
227 100 463 174 -8 0 0
219 100 466 171 0 0 0
219 100 469 168 -8 0 0
211 100 472 165 0 0 0
211 100 475 162 0 0 0
211 100 478 159 -8 -8 0
203 92 481 156 0 0 0
203 92 484 153 0 8 0
203 100 487 150 -8 0 0
195 100 490 147 0 8 0
195 108 493 144 -8 0 0
187 108 496 141 0 8 0
187 116 499 138 0 0 0
187 116 502 135 -8 -8 0
179 108 505 132 0 0 0
179 108 508 129 0 8 0
179 116 511 126 -8 0 0
171 116 514 123 0 8 0
171 124 517 120 -8 8 0
163 132 520 117 0 -8 0
163 124 523 114 0 0 0
163 124 526 111 -8 8 0
155 132 529 108 0 -8 0
155 124 532 105 0 8 0
155 132 535 102 -8 8 0
147 140 538 99 0 0 0
147 140 541 96 -8 0 0
139 140 544 93 0 -8 0
139 132 547 90 0 0 0
139 132 550 87 -8 0 0
131 132 553 84 0 -8 0
131 124 556 81 0 8 0
131 132 559 78 -8 -8 0
123 124 562 75 0 8 0
123 132 565 72 -8 0 0
115 132 568 69 0 -8 0
115 124 571 66 0 -8 0
115 116 574 63 -8 8 0
107 124 577 60 0 8 0
107 132 580 57 0 0 0
107 132 583 54 -8 0 0
99 132 586 51 0 8 0
99 140 589 48 -8 -8 0
91 132 592 45 0 0 0
91 132 595 42 0 0 0
91 132 598 39 -8 0 0
83 132 601 36 0 0 0
83 132 604 33 0 -8 0
83 124 607 30 -8 0 0
75 124 610 27 0 -8 0
75 116 613 24 -8 8 0
67 124 616 21 0 0 0
67 124 619 18 0 8 0
67 132 622 15 -8 8 0
60 140 625 12 0 8 0
60 148 628 9 -8 8 0
60 156 631 12 0 0 0
60 156 634 15 0 -8 0
60 148 637 18 0 -8 0
60 140 640 21 0 8 0
60 148 643 24 0 0 0
60 148 646 27 0 8 0
60 156 649 30 0 8 0
60 164 652 33 0 0 0
60 164 655 36 0 8 0
60 172 658 39 0 8 0
60 180 661 42 0 8 0
60 188 664 45 0 8 0
60 196 667 48 0 -8 0
60 188 670 51 0 8 0
60 196 673 54 0 -8 0
60 188 676 57 0 8 0
60 196 679 60 0 0 0
60 196 682 63 0 -8 0
60 188 685 66 0 0 0
60 188 688 69 0 0 0
60 188 691 72 0 -8 0
60 180 694 75 0 8 0
60 188 697 78 0 0 0
60 188 700 81 0 8 0
60 196 703 84 0 0 0
60 196 706 87 0 8 0
60 204 709 90 0 -8 0
60 196 712 93 0 0 0
60 196 715 96 0 8 0
60 204 718 99 0 0 0
60 204 721 102 0 8 0
60 212 724 105 0 0 0
60 212 727 108 0 8 0
60 220 730 111 8 -8 0
68 212 733 114 0 -8 0
68 204 736 117 0 8 0
68 212 739 120 8 -8 0
76 204 742 123 0 8 0
76 212 745 126 0 0 0
76 212 748 129 8 -8 0
84 204 751 132 0 -8 0
84 196 754 135 8 -8 0
92 188 757 138 0 8 0
92 196 760 141 0 -8 0
92 188 763 144 8 -8 0
100 180 766 147 0 0 0
100 180 769 150 0 0 0
100 180 772 153 8 8 0
108 188 775 156 0 8 0
108 196 778 159 8 8 0
116 204 781 162 0 0 0
116 204 778 165 0 8 0
116 212 775 168 8 0 0
124 212 772 171 0 8 0
124 220 769 174 0 0 0
124 220 766 177 8 8 0
132 228 763 180 0 8 0
132 236 760 183 8 0 0
140 236 757 186 0 0 0
140 236 754 189 0 8 0
140 244 751 192 8 -8 0
148 236 748 195 0 0 0
148 236 745 198 0 0 0
148 236 742 201 8 -8 0
156 228 739 204 0 8 0
156 236 736 207 8 8 0
164 244 733 210 0 0 0
164 244 730 213 0 0 0
164 244 727 216 8 8 0
172 252 724 219 0 0 0
172 252 721 222 0 0 0
172 252 718 225 8 0 0
180 252 715 228 0 -8 0
180 244 712 231 8 8 0
188 252 709 234 0 8 0
188 260 706 237 0 0 0
188 260 703 240 8 -8 0
196 252 700 243 0 8 0
196 260 697 246 0 0 0
196 260 694 249 8 0 0
204 260 691 252 0 0 0
204 260 688 255 8 0 0
212 260 685 258 0 0 0
212 260 682 261 0 0 0
212 260 679 264 8 -8 0
220 252 676 267 0 -8 0
220 244 673 270 0 8 0
220 252 670 273 8 0 0
228 252 667 276 0 -8 0
228 244 664 279 8 -8 0
236 236 661 282 0 -8 0
236 228 658 285 0 8 0
236 236 655 288 8 8 0
244 244 652 291 0 -8 0
244 236 649 294 0 8 0
244 244 646 297 8 0 0
252 244 643 300 0 -8 0
252 236 640 303 8 -8 0
260 228 637 306 0 0 0
260 228 634 309 0 -8 0
260 220 631 312 8 8 0
268 228 628 315 0 0 0
268 228 625 318 0 -8 0
268 220 622 321 8 -8 0
276 212 619 324 0 -8 0
276 204 616 327 8 8 0
284 212 613 330 0 0 0
284 212 610 333 0 -8 0
284 204 607 336 8 8 0
292 212 604 339 0 -8 0
292 204 601 342 0 0 0
292 204 598 345 8 0 0
300 204 595 348 0 8 0
300 212 592 351 8 0 0
308 212 589 354 0 -8 0
308 204 586 357 0 0 0
308 204 583 360 8 0 0
316 204 580 363 0 -8 0
316 196 577 366 0 8 0
316 204 574 369 8 8 0
324 212 571 372 0 0 0
324 212 568 375 8 -8 0
332 204 565 378 0 -8 0
332 196 562 381 0 -8 0
332 188 559 384 8 -8 0
340 180 556 387 0 -8 0
340 172 553 390 0 -8 0
340 164 550 393 8 0 0
348 164 547 396 0 8 0
348 172 544 399 8 -8 0
356 164 541 402 0 8 0
356 172 538 405 0 8 0
356 180 535 408 8 8 0
364 188 532 411 0 0 0
364 188 529 414 0 0 0
364 188 526 417 8 8 0
372 196 523 420 0 8 0
372 204 520 423 8 0 0
380 204 517 426 0 8 0
380 212 514 429 0 8 0
380 220 511 432 8 8 0
388 228 508 435 0 0 0
388 228 505 438 0 -8 0
388 220 502 441 8 -8 0
396 212 499 444 0 8 0
396 220 496 447 8 0 0
404 220 493 450 0 8 0
404 228 490 453 0 0 0
404 228 487 456 8 0 0
412 228 484 459 0 8 0
412 236 481 462 0 -8 0
412 228 478 465 8 0 0
420 228 475 468 0 8 0
420 236 472 471 8 -8 0
428 228 469 474 0 8 0
428 236 466 477 0 0 0
428 236 463 480 8 0 0
436 236 460 483 0 8 0
436 244 457 486 0 -8 0
436 236 454 489 8 8 0
444 244 451 492 0 -8 0
444 236 448 495 8 8 0
452 244 445 498 0 0 0
452 244 442 501 0 0 0
452 244 439 504 8 0 0
460 244 436 507 0 -8 0
460 236 433 510 0 0 0
460 236 430 513 8 8 0
468 244 427 516 0 0 0
468 244 424 519 8 8 0
476 252 421 522 0 -8 0
476 244 418 525 0 -8 0
476 236 415 528 8 8 0
484 244 412 531 0 0 0
484 244 409 534 0 0 0
484 244 406 537 8 8 0
492 252 403 540 0 -8 0
492 244 400 543 8 0 0
500 244 397 546 0 -8 0
500 236 394 549 0 8 0
500 244 391 552 8 8 0
508 252 388 555 0 0 0
508 252 385 558 0 0 0
508 252 382 561 8 0 0
516 252 379 564 0 8 0
516 260 376 567 8 8 0
524 268 373 570 0 -8 0
524 260 370 573 0 0 0
524 260 367 576 8 8 0
532 268 364 579 0 -8 0
532 260 361 582 0 0 0
532 260 358 585 8 8 0
540 268 355 588 0 0 0
540 268 352 591 8 0 0
540 268 349 588 0 -8 0
540 260 346 585 0 -8 0
540 252 343 582 0 -8 0
540 244 340 579 0 -8 0
540 236 337 576 0 0 0
540 236 334 573 0 0 0
540 236 331 570 0 0 0
540 236 328 567 0 8 0
540 244 325 564 0 8 0
540 252 322 561 0 0 0
540 252 319 558 0 -8 0
540 244 316 555 0 0 0
540 244 313 552 0 -8 0
540 236 310 549 0 0 0
540 236 307 546 0 8 0
540 244 304 543 0 0 0
540 244 301 540 0 -8 0
540 236 298 537 0 -8 0
540 228 295 534 0 8 0
540 236 292 531 0 8 0
540 244 289 528 0 0 0
540 244 286 525 0 0 0
540 244 283 522 0 0 0
540 244 280 519 0 0 0
540 244 277 516 0 8 0
540 252 274 513 0 -8 0
540 244 271 510 0 -8 0
540 236 268 507 0 0 0
540 236 265 504 0 8 0
540 244 262 501 0 -8 0
540 236 259 498 0 8 0
540 244 256 495 0 0 0
540 244 253 492 0 0 0
540 244 250 489 -8 8 0
532 252 247 486 0 0 0
532 252 244 483 0 0 0
532 252 241 480 -8 -8 0
524 244 238 477 0 0 0
524 244 235 474 0 -8 0
524 236 232 471 -8 -8 0
516 228 229 468 0 0 0
516 228 226 465 -8 8 0
508 236 223 462 0 -8 0
508 228 220 459 0 -8 0
508 220 217 456 -8 -8 0
500 212 214 453 0 8 0
500 220 211 450 0 -8 0
500 212 208 447 -8 0 0
492 212 205 444 0 -8 0
492 204 202 441 -8 -8 0
484 196 199 438 0 -8 0
484 188 196 435 0 0 0
484 188 193 432 -8 -8 0
476 180 190 429 0 -8 0
476 172 187 426 0 8 0
476 180 184 423 -8 8 0
468 188 181 420 0 8 0
468 196 178 417 -8 8 0
460 204 175 414 0 -8 0
460 196 172 411 0 0 0
460 196 169 408 -8 0 0
452 196 166 405 0 -8 0
452 188 163 402 0 8 0
452 196 160 399 -8 -8 0
444 188 157 396 0 8 0
444 196 154 393 -8 8 0
436 204 151 390 0 0 0
436 204 148 387 0 8 0
436 212 145 384 -8 0 0
428 212 142 381 0 8 0
428 220 139 378 0 -8 0
428 212 136 375 -8 8 0
420 220 133 372 0 8 0
420 228 130 369 -8 0 0
412 228 127 366 0 0 0
412 228 124 363 0 8 0
412 236 121 360 -8 0 0
404 236 118 357 0 0 0
404 236 115 354 0 8 0
404 244 112 351 -8 0 0
396 244 109 348 0 8 0
396 252 106 345 -8 8 0
388 260 103 342 0 -8 0
388 252 100 339 0 0 0
388 252 97 336 -8 0 0
380 252 94 333 0 0 0
380 252 91 330 0 0 0
380 252 88 327 -8 0 0
372 252 85 324 0 -8 0
372 244 82 321 -8 0 0
364 244 79 318 0 8 0
364 252 76 315 0 8 0
364 260 73 312 -8 0 0
356 260 70 309 0 8 0
356 268 67 306 0 -8 0
356 260 64 303 -8 0 0
348 260 61 300 0 0 0
348 260 58 297 -8 -8 0
340 252 55 294 0 8 0
340 260 52 291 0 -8 0
340 252 49 288 -8 0 0
332 252 46 285 0 -8 0
332 244 43 282 0 -8 0
332 236 40 279 -8 0 0
324 236 37 276 0 0 0
324 236 34 273 -8 8 0
316 244 31 270 0 0 0
316 244 28 267 0 -8 0
316 236 25 264 -8 8 0
308 244 22 261 0 -8 0
308 236 19 258 0 8 0
308 244 22 255 -8 -8 0
300 236 25 252 0 0 0
300 236 28 249 -8 0 0
292 236 31 246 0 8 0
292 244 34 243 0 -8 0
292 236 37 240 -8 -8 0
284 228 40 237 0 -8 0
284 220 43 234 0 -8 0
284 212 46 231 -8 -8 0
276 204 49 228 0 -8 0
276 196 52 225 -8 8 0
268 204 55 222 0 8 0
268 212 58 219 0 -8 0
268 204 61 216 -8 -8 0
260 196 64 213 0 -8 0
260 188 67 210 0 8 0
260 196 70 207 -8 8 0
252 204 73 204 0 -8 0
252 196 76 201 -8 8 0
244 204 79 198 0 -8 0
244 196 82 195 0 8 0
244 204 85 192 -8 8 0
236 212 88 189 0 -8 0
236 204 91 186 0 8 0
236 212 94 183 -8 0 0
228 212 97 180 0 -8 0
228 204 100 177 -8 8 0
220 212 103 174 0 0 0
220 212 106 171 0 0 0
220 212 109 168 -8 -8 0
212 204 112 165 0 0 0
212 204 115 162 0 -8 0
212 196 118 159 -8 0 0
204 196 121 156 0 0 0
204 196 124 153 -8 0 0
196 196 127 150 0 0 0
196 196 130 147 0 0 0
196 196 133 144 -8 8 0
188 204 136 141 0 0 0
188 204 139 138 0 8 0
188 212 142 135 -8 0 0
180 212 145 132 0 -8 0
180 204 148 129 -8 8 0
172 212 151 126 0 0 0
172 212 154 123 0 0 0
172 212 157 120 -8 8 0
164 220 160 117 0 8 0
164 228 163 114 0 0 0
164 228 166 111 -8 8 0
156 236 169 108 0 -8 0
156 228 172 105 -8 0 0
148 228 175 102 0 0 0
148 228 178 99 0 0 0
148 228 181 96 -8 0 0
140 228 184 93 0 8 0
140 236 187 90 0 0 0
140 236 190 87 -8 8 0
132 244 193 84 0 8 0
132 252 196 81 -8 0 0
124 252 199 78 0 8 0
124 260 202 75 0 8 0
124 268 205 72 -8 -8 0
116 260 208 69 0 8 0
116 268 211 66 0 8 0
116 276 214 63 -8 -8 0
108 268 217 60 0 -8 0
108 260 220 57 -8 8 0
100 268 223 54 0 0 0
100 268 226 51 0 0 0
100 268 229 48 -8 0 0
92 268 232 45 0 0 0
92 268 235 42 0 -8 0
92 260 238 39 -8 8 0
84 268 241 36 0 0 0
84 268 244 33 -8 -8 0
76 260 247 30 0 -8 0
76 252 250 27 0 -8 0
76 244 253 24 -8 -8 0
68 236 256 21 0 -8 0
68 228 259 18 0 0 0
68 228 262 15 -8 8 0
60 236 265 12 0 8 0
60 244 268 9 -8 -8 0
60 236 271 12 0 0 0
60 236 274 15 0 -8 0
60 228 277 18 0 -8 0
60 220 280 21 0 -8 0
60 212 283 24 0 -8 0
60 204 286 27 0 -8 0
60 196 289 30 0 8 0
60 204 292 33 0 -8 0
60 196 295 36 0 8 0
60 204 298 39 0 0 0
60 204 301 42 0 -8 0
60 196 304 45 0 -8 0
60 188 307 48 0 0 0
60 188 310 51 0 8 0
60 196 313 54 0 0 0
60 196 316 57 0 -8 0
60 188 319 60 0 -8 0
60 180 322 63 0 8 0
60 188 325 66 0 8 0
60 196 328 69 0 -8 0
60 188 331 72 0 0 0
60 188 334 75 0 0 0
60 188 337 78 0 -8 0
60 180 340 81 0 -8 0
60 172 343 84 0 8 0
60 180 346 87 0 0 0
60 180 349 90 0 -8 0
60 172 352 93 0 8 0
60 180 355 96 0 0 0
60 180 358 99 0 8 0
60 188 361 102 0 0 0
60 188 364 105 0 0 0
60 188 367 108 0 -8 0
60 180 370 111 8 0 0
68 180 373 114 0 0 0
68 180 376 117 0 -8 0
68 172 379 120 8 0 0
76 172 382 123 0 0 0
76 172 385 126 0 0 0
76 172 388 129 8 0 0
84 172 391 132 0 0 0
84 172 394 135 8 -8 0
92 164 397 138 0 8 0
92 172 400 141 0 0 0
92 172 403 144 8 8 0
100 180 406 147 0 8 0
100 188 409 150 0 8 0
100 196 412 153 8 8 0
108 204 415 156 0 8 0
108 212 418 159 8 0 0
116 212 421 162 0 -8 0
116 204 424 165 0 0 0
116 204 427 168 8 0 0
124 204 430 171 0 0 0
124 204 433 174 0 -8 0
124 196 436 177 8 0 0
132 196 439 180 0 -8 0
132 188 442 183 8 8 0
140 196 445 186 0 0 0
140 196 448 189 0 -8 0
140 188 451 192 8 8 0
148 196 454 195 0 0 0
148 196 457 198 0 -8 0
148 188 460 201 8 0 0
156 188 463 204 0 0 0
156 188 466 207 8 -8 0
164 180 469 210 0 8 0
164 188 472 213 0 8 0
164 196 475 216 8 8 0
172 204 478 219 0 8 0
172 212 481 222 0 -8 0
172 204 484 225 8 0 0
180 204 487 228 0 8 0
180 212 490 231 8 0 0
188 212 493 234 0 -8 0
188 204 496 237 0 -8 0
188 196 499 240 8 -8 0
196 188 502 243 0 -8 0
196 180 505 246 0 0 0
196 180 508 249 8 0 0
204 180 511 252 0 -8 0
204 172 514 255 8 0 0
212 172 517 258 0 -8 0
212 164 520 261 0 -8 0
212 156 523 264 8 -8 0
220 148 526 267 0 8 0
220 156 529 270 0 -8 0
220 148 532 273 8 -8 0
228 140 535 276 0 0 0
228 140 538 279 8 8 0
236 148 541 282 0 0 0
236 148 544 285 0 -8 0
236 140 547 288 8 -8 0
244 132 550 291 0 8 0
244 140 553 294 0 -8 0
244 132 556 297 8 0 0
252 132 559 300 0 -8 0
252 124 562 303 8 0 0
260 124 565 306 0 8 0
260 132 568 309 0 -8 0
260 124 571 312 8 -8 0
268 116 574 315 0 8 0
268 124 577 318 0 8 0
268 132 580 321 8 -8 0
276 124 583 324 0 0 0
276 124 586 327 8 0 0
284 124 589 330 0 0 0
284 124 592 333 0 0 0
284 124 595 336 8 0 0
292 124 598 339 0 -8 0
292 116 601 342 0 0 0
292 116 604 345 8 -8 0
300 108 607 348 0 -8 0
300 100 610 351 8 0 0
308 100 613 354 0 0 0
308 100 616 357 0 -8 0
308 92 619 360 8 0 0
316 92 622 363 0 8 0
316 100 625 366 0 -8 0
316 92 628 369 8 0 0
324 92 631 372 0 -8 0
324 84 634 375 8 8 0
332 92 637 378 0 0 0
332 92 640 381 0 -8 0
332 84 643 384 8 0 0
340 84 646 387 0 -8 0
340 76 649 390 0 -8 0
340 68 652 393 8 -8 0
348 60 655 396 0 0 0
348 60 658 399 8 0 0
356 60 661 402 0 -8 0
356 60 664 405 0 8 0
356 68 667 408 8 -8 0
364 60 670 411 0 8 0
364 68 673 414 0 8 0
364 76 676 417 8 0 0
372 76 679 420 0 0 0
372 76 682 423 8 0 0
380 76 685 426 0 8 0
380 84 688 429 0 8 0
380 92 691 432 8 -8 0
388 84 694 435 0 -8 0
388 76 697 438 0 8 0
388 84 700 441 8 -8 0
396 76 703 444 0 8 0
396 84 706 447 8 8 0
404 92 709 450 0 8 0
404 100 712 453 0 -8 0
404 92 715 456 8 -8 0
412 84 718 459 0 0 0
412 84 721 462 0 8 0
412 92 724 465 8 -8 0
420 84 727 468 0 -8 0
420 76 730 471 8 0 0
428 76 733 474 0 0 0
428 76 736 477 0 -8 0
428 68 739 480 8 0 0
436 68 742 483 0 -8 0
436 60 745 486 0 0 0
436 60 748 489 8 0 0
444 60 751 492 0 8 0
444 68 754 495 8 -8 0
452 60 757 498 0 -8 0
452 60 760 501 0 -8 0
452 60 763 504 8 8 0
460 68 766 507 0 -8 0
460 60 769 510 0 0 0
460 60 772 513 8 0 0
468 60 775 516 0 0 0
468 60 778 519 8 8 0
476 68 781 522 0 0 1
476 68 781 522 0 0 1
476 68 781 522 0 0 1
476 68 781 522 0 0 1
476 68 781 522 0 0 1
